
>>>>BeginStats

>>>>BeginTable
PlayerId, StartTime, EndTime, ProgenyPayout, XPFromFeeding, FeedingGames, MeanFeedingScore, BloodBond, Progeny, GrandProgeny, Sire, Level, Invites
101493, , , 37.7, 0, 0, 0, 0, 2, 1, 52887, , 
1031623, 1241516018790, 1241518913890, 0, 727, 5, 116.6, 0, 0, 0, 0, 2, 
1032648, , , 33.900000000000006, 0, 0, 0, 0, 4, 2, 234337, , 
1032874, 1241519919116, 1241520531875, 0, 0, 0, 0, 1090611, 2, 0, 1127083, 4, 
106069, 1241514107560, 1241515047867, 0, 754, 3, 222, 236834, 14, 11, 236834, 7, 1
1090442, , , 3.3000000000000003, 0, 0, 0, 0, 3, 0, 797824, , 
1090611, 1241520004892, , 22.6, 226, 1, 306, 1032874, 2, 0, 1032648, 4, 0
1110484, 1241522644193, 1241522725111, 0, 0, 0, 0, 153097, 0, 0, 153097, 3, 
1113643, 1241522303426, 1241522873236, 0, 161, 2, 114.5, 0, 0, 0, 0, 2, 
1122449, , , 28.1, 0, 0, 0, 0, 10, 2, 555728, , 
1127083, 1241515594868, 1241518317310, 232.6, 1270, 7, 241.14285714285714, 998652, 18, 3, 998652, 5, 1
112883, 1241520196412, 1241520210093, 0, 0, 0, 0, 0, 0, 0, 0, 1, 
1129419, 1241511631636, 1241511821147, 0, 0, 0, 0, 0, 0, 0, 0, 1, 
1131319, 1241520329746, , 0, 107, 1, 97, 0, 0, 0, 432820, 1, 0
1133060, 1241513645701, 1241513954334, 0, 91, 1, 91, 0, 0, 0, 0, 1, 
1135140, 1241522472154, 1241522631740, 0, 0, 0, 0, 0, 0, 0, 998652, 1, 
1155030, 1241513807655, 1241513884883, 0, 0, 0, 0, 0, 0, 0, 0, 1, 
1176163, 1241517082688, 1241517659523, 0, 382, 1, 91, 0, 0, 0, 8938, 1, 
1182151, 1241511894464, 1241514833891, 0, 563, 5, 108.4, 0, 0, 0, 2606, 2, 
118454, 1241513944251, 1241514787593, 0, 250, 2, 125, 0, 0, 0, 510740, 1, 0
1185449, 1241511586021, 1241514707679, 0, 147, 1, 125, 0, 0, 0, 22308, 2, 
1187382, 1241520837115, 1241521138406, 0, 0, 0, 0, 0, 0, 0, 0, 1, 
1192337, , , 140.9, 0, 0, 0, 0, 15, 14, 1012813, , 
12, , , 27.450000000000003, 0, 0, 0, 0, 20, 37, 383387, , 
1203484, 1241516696986, 1241516717165, 0, 229, 2, 114.5, 0, 0, 0, 30152, 2, 
1204321, 1241522153332, , 0, 325, 3, 108.33333333333333, 0, 0, 0, 0, 1, 0
1230390, 1241512061271, 1241513597514, 0, 336, 3, 99.33333333333333, 0, 0, 0, 0, 1, 
1238948, 1241522388517, 1241522697828, 0, 94, 1, 92, 0, 0, 0, 0, 1, 
1241345, 1241522630784, 1241522666929, 0, 0, 0, 0, 0, 0, 0, 0, 1, 
1241515, 1241513058461, 1241513259020, 0, 0, 0, 0, 0, 0, 0, 153097, 1, 
1243016, 1241520403738, 1241520492202, 0, 0, 0, 0, 0, 0, 0, 0, 1, 
1255618, 1241522003542, , 0, 562, 5, 114.2, 0, 0, 0, 206148, 2, 0
1259111, 1241515511878, 1241517562139, 0, 1670, 14, 109.71428571428571, 0, 0, 0, 546821, 2, 
1259194, 1241512615390, 1241512660174, 0, 0, 0, 0, 0, 0, 0, 0, 1, 
1259307, 1241513104635, 1241513153878, 0, 0, 0, 0, 0, 0, 0, 0, 1, 
1260053, 1241514327371, 1241514413932, 0, 0, 0, 0, 0, 0, 0, 1127083, 1, 
1260498, 1241516594372, 1241516619863, 0, 0, 0, 0, 0, 0, 0, 0, 1, 
1261187, 1241520220030, 1241521077956, 0, 211, 2, 105.5, 0, 0, 0, 0, 1, 
1261213, 1241521420248, 1241521493861, 0, 0, 0, 0, 0, 0, 0, 0, 1, 
126451, , , 53.35000000000001, 0, 0, 0, 0, 3, 1, 77874, , 
133336, 1241520610667, 1241520634460, 0, 0, 0, 0, 0, 0, 0, 317383, 1, 0
14467, 1241513746540, 1241516875846, 0, 3100, 15, 163.26666666666668, 0, 0, 0, 58859, 3, 
149684, 1241520895387, 1241521145379, 0, 0, 0, 0, 0, 3, 5, 184167, 5, 5
166371, , , 115.9, 0, 0, 0, 0, 4, 4, 267622, , 
174092, 1241513355546, 1241517287751, 0, 204, 2, 126, 0, 0, 0, 562060, 3, 
181253, 1241520923308, 1241521029811, 0, 0, 0, 0, 0, 2, 0, 103634, 6, 3
181738, 1241515278082, 1241517084626, 0, 0, 0, 0, 0, 5, 4, 12791, 7, 5
190687, , , 747.4000000000001, 0, 0, 0, 0, 7, 1, 383937, , 
192104, 1241512775131, 1241513874610, 0, 570, 4, 111.25, 0, 0, 0, 1127083, 1, 
1975, 1241511759176, 1241513854100, 0, 209, 2, 141.5, 0, 0, 0, 0, 1, 
20260, , , 14.8, 0, 0, 0, 0, 2, 5, 12, , 
206148, , , 56.2, 0, 0, 0, 0, 1, 0, 1122449, , 
22308, , , 14.700000000000001, 0, 0, 0, 0, 5, 0, 775158, , 
228890, 1241513919872, 1241514028051, 0, 563, 5, 137.8, 0, 0, 0, 0, 1, 
230164, 1241511592645, , 0, 14948, 21, 700.4285714285714, 510740, 11, 9, 250837, 19, 2
234337, , , 11.3, 0, 0, 0, 0, 5, 4, 97523, , 
236834, , , 75.4, 0, 0, 0, 0, 1, 14, 101493, , 
240287, 1241513982196, 1241514299351, 0, 0, 0, 0, 0, 0, 0, 0, 1, 
250837, , , 1494.8000000000002, 0, 0, 0, 0, 1, 11, 190687, , 
251792, 1241517353367, 1241517649140, 0, 117, 1, 117, 0, 0, 0, 0, 1, 
2606, , , 56.300000000000004, 0, 0, 0, 0, 8, 0, 307471, , 
267622, , , 57.95, 0, 0, 0, 0, 2, 4, 1632, , 
269484, 1241519718558, , 0, 1159, 6, 193.16666666666666, 1124156, 4, 0, 166371, 5, 1
30152, , , 22.900000000000002, 0, 0, 0, 0, 4, 0, 40683, , 
3024, 1241516813308, 1241518841456, 0, 465, 2, 175, 0, 0, 0, 1090611, 1, 
307471, , , 28.150000000000002, 0, 0, 0, 0, 2, 17, 12, , 
32314, 1241512958019, 1241514102774, 0, 0, 0, 0, 635003, 10, 14, 40508, 13, 2
323961, 1241513980782, 1241514292223, 0, 0, 0, 0, 0, 0, 0, 336524, 1, 
359234, 1241513558649, 1241515428238, 0, 1063, 7, 137.42857142857142, 0, 0, 0, 54776, 2, 
363172, 1241514588483, 1241515110408, 0, 0, 0, 0, 0, 0, 0, 600946, 2, 0
392358, 1241521161821, 1241521244349, 0, 0, 0, 0, 0, 0, 0, 308755, 1, 0
396113, , , 532.55, 0, 0, 0, 0, 2, 9, 44987, , 
40683, , , 11.450000000000001, 0, 0, 0, 0, 1, 4, 388185, , 
4139, , , 76.30000000000001, 0, 0, 0, 0, 21, 0, 713, , 
415271, 1241522780601, , 0, 0, 0, 0, 0, 10, 2, 66689, 4, 0
43402, 1241521322298, 1241521330637, 0, 0, 0, 0, 29810, 11, 13, 123961, 11, 3
445660, , , 747.4000000000001, 0, 0, 0, 0, 4, 7, 54812, , 
44987, 1241522662588, , 193.95, 0, 0, 0, 4139, 17, 18, 12770, 14, 2
510740, 1241511613247, , 55.7, 14948, 21, 722.6190476190476, 230164, 69, 46, 534632, 20, 19
5153, 1241512181048, 1241513823866, 0, 549, 3, 226, 0, 1, 0, 995, 8, 1
52350, 1241518295315, 1241518642430, 0, 2818, 10, 212, 0, 2, 0, 674637, 4, 
534632, , , 1522.65, 0, 0, 0, 0, 7, 69, 445660, , 
541655, , , 125.80000000000001, 0, 0, 0, 0, 1, 20, 126451, , 
546821, 1241511597228, , 166.99999999999997, 222, 2, 116.5, 0, 1, 0, 1127083, 2, 0
54776, 1241522536993, 1241522818757, 263.20000000000005, 296, 2, 198.5, 0, 74, 32, 89757, 15, 3
548980, 1241516448850, 1241517441874, 0, 763, 6, 112.5, 0, 0, 0, 4139, 2, 
560243, 1241516709757, 1241517420340, 0, 307, 2, 190, 616590, 0, 0, 510740, 4, 0
562060, , , 20.400000000000002, 0, 0, 0, 0, 5, 0, 592692, , 
56670, 1241521649011, 1241521913850, 0, 0, 0, 0, 0, 0, 0, 0, 1, 
58859, 1241516378283, 1241517330545, 289.3, 3879, 16, 331.125, 43017, 9, 4, 396113, 14, 2
592692, , , 10.200000000000001, 0, 0, 0, 0, 8, 5, 283305, , 
634607, 1241513678098, 1241517063555, 0, 1569, 6, 276, 0, 2, 2, 54776, 4, 
674637, , , 281.8, 0, 0, 0, 0, 11, 2, 1192337, , 
713, , , 38.150000000000006, 0, 0, 0, 0, 2, 26, 12, , 
77, 1241519377565, 1241519408769, 0, 0, 0, 0, 171151, 11, 2, 12770, 14, 2
775158, , , 7.3500000000000005, 0, 0, 0, 0, 1, 5, 929303, , 
797824, , , 1.6500000000000001, 0, 0, 0, 0, 15, 3, 82321, , 
875917, 1241515625735, 1241515906197, 0, 102, 1, 50, 0, 0, 0, 0, 1, 
8938, 1241516761449, 1241517806905, 38.2, 1067, 3, 580.6666666666666, 0, 20, 7, 541655, 6, 1
895543, 1241522489137, 1241522899193, 0, 77, 1, 77, 0, 0, 0, 0, 1, 
89757, , , 161.20000000000002, 0, 0, 0, 0, 3, 74, 20260, , 
900505, 1241513102849, 1241517887087, 0, 33, 1, 33, 0, 0, 0, 1090442, 2, 
917768, 1241520722434, 1241522318056, 0, 1632, 8, 204, 0, 0, 0, 0, 2, 
947832, 1241516097891, 1241517046907, 0, 296, 2, 91, 0, 0, 0, 1127083, 1, 
98232, 1241516482361, 1241517046436, 0, 403, 2, 110.5, 0, 0, 0, 1127083, 1, 
990799, , , 63.50000000000001, 0, 0, 0, 0, 5, 3, 836417, , 
995, , , 54.900000000000006, 0, 0, 0, 0, 12, 1, 12, , 
998652, , , 201.55, 0, 0, 0, 0, 3, 18, 990799, , 
<<<<EndTable

PlayersOnlineNow=10
PlayersOnlineEachMinute=0, 2, 6, 6, 7, 8, 8, 9, 9, 10, 10, 11, 11, 11, 11, 11, 11, 11, 11, 11, 11, 12, 13, 12, 13, 14, 15, 17, 16, 16, 16, 17, 17, 16, 18, 18, 19, 20, 21, 19, 16, 19, 17, 18, 17, 18, 18, 16, 16, 14, 14, 15, 15, 14, 14, 13, 12, 11, 12, 11, 10, 11, 11, 12, 12, 11, 11, 12, 14, 15, 14, 14, 14, 13, 13, 13, 13, 14, 14, 14, 14, 14, 15, 16, 16, 16, 16, 17, 18, 19, 18, 18, 16, 15, 15, 15, 15, 14, 15, 13, 13, 11, 10, 9, 9, 8, 7, 7, 7, 7, 7, 7, 6, 7, 6, 6, 6, 6, 6, 5, 5, 5, 4, 4, 3, 3, 3, 3, 3, 3, 3, 4, 3, 3, 3, 3, 3, 4, 4, 4, 5, 5, 6, 6, 6, 7, 7, 9, 9, 9, 7, 8, 7, 7, 8, 8, 9, 11, 11, 10, 10, 8, 7, 7, 7, 8, 8, 7, 7, 8, 8, 8, 8, 8, 7, 8, 8, 8, 9, 9, 9, 10, 10, 14, 14, 13, 14, 12, 13, 12
PlayersInEachFeedingGame=2, 2, 2, 2, 2, 1, 1, 2, 2, 2, 2, 2, 1, 2, 3, 3, 1, 2, 2, 2, 1, 2, 1, 1, 1, 1, 2, 1, 1, 2, 1, 2, 1, 1, 1, 1, 1, 2, 1, 1, 1, 1, 2, 2, 2, 2, 2, 1, 3, 2, 1, 2, 2, 2, 2, 2, 2, 2, 2, 2, 2, 2, 1, 2, 2, 1, 1, 1, 1, 1, 1, 1, 1, 1, 1, 1, 1, 1, 2, 1, 1, 1, 1, 2, 1, 1, 1, 1, 1, 1
PlayersStarted=112
PlayersQuit=102
StatsStartTime=1241511530959
StatsDumpTime=1241522931348
<<<<EndStats
2009-05-05 04:28:58,213 ERROR: vampire.server.feeding.FeedingRecord sendPlayerStartGameMsg [playerId=1255618, prey=false, _predatorIndex=]
2009-05-05 04:30:03,046 ERROR: vampire.server.feeding.FeedingRecord sendPlayerStartGameMsg [playerId=900329, prey=false, _predatorIndex=]
2009-05-05 04:31:20,418 ERROR: vampire.server.feeding.FeedingRecord sendPlayerStartGameMsg [playerId=44987, prey=true, _predatorIndex=]
2009-05-05 04:31:20,418 ERROR: vampire.server.feeding.FeedingRecord sendPlayerStartGameMsg [playerId=1204321, prey=false, _predatorIndex=]
2009-05-05 04:32:20,739 ERROR: vampire.server.feeding.FeedingRecord sendPlayerStartGameMsg [playerId=1247243, prey=false, _predatorIndex=]
2009-05-05 04:32:33,927 ERROR: vampire.server.feeding.FeedingRecord sendPlayerStartGameMsg [playerId=1113643, prey=false, _predatorIndex=]
2009-05-05 04:36:34,274 ERROR: vampire.server.feeding.FeedingRecord sendPlayerStartGameMsg [playerId=1255618, prey=false, _predatorIndex=]
2009-05-05 04:37:49,704 ERROR: vampire.server.feeding.FeedingRecord sendPlayerStartGameMsg [playerId=438751, prey=false, _predatorIndex=]

>>>>BeginStats

>>>>BeginTable
PlayerId, StartTime, EndTime, ProgenyPayout, XPFromFeeding, FeedingGames, MeanFeedingScore, BloodBond, Progeny, GrandProgeny, Sire, Level, Invites
101493, , , 37.7, 0, 0, 0, 0, 2, 1, 52887, , 
1031623, 1241516018790, 1241518913890, 0, 727, 5, 116.6, 0, 0, 0, 0, 2, 
1032648, , , 33.900000000000006, 0, 0, 0, 0, 4, 2, 234337, , 
1032874, 1241519919116, 1241520531875, 0, 0, 0, 0, 1090611, 2, 0, 1127083, 4, 
106069, 1241514107560, 1241515047867, 0, 754, 3, 222, 236834, 14, 11, 236834, 7, 1
1090442, , , 3.3000000000000003, 0, 0, 0, 0, 3, 0, 797824, , 
1090611, 1241520004892, , 22.6, 226, 1, 306, 1032874, 2, 0, 1032648, 4, 0
1110484, 1241522644193, 1241522725111, 0, 0, 0, 0, 153097, 0, 0, 153097, 3, 
1113643, 1241523067531, , 0, 421, 4, 122.25, 0, 0, 0, 0, 2, 0
1122449, , , 37.3, 0, 0, 0, 0, 10, 2, 555728, , 
1127083, 1241515594868, 1241518317310, 232.6, 1270, 7, 241.14285714285714, 998652, 18, 3, 998652, 5, 1
112883, 1241520196412, 1241520210093, 0, 0, 0, 0, 0, 0, 0, 0, 1, 
1129419, 1241511631636, 1241511821147, 0, 0, 0, 0, 0, 0, 0, 0, 1, 
1131319, 1241520329746, 1241523083040, 0, 107, 1, 97, 0, 0, 0, 432820, 1, 
1133060, 1241513645701, 1241513954334, 0, 91, 1, 91, 0, 0, 0, 0, 1, 
1135140, 1241522472154, 1241522631740, 0, 0, 0, 0, 0, 0, 0, 998652, 1, 
1155030, 1241513807655, 1241513884883, 0, 0, 0, 0, 0, 0, 0, 0, 1, 
1176163, 1241517082688, 1241517659523, 0, 382, 1, 91, 0, 0, 0, 8938, 1, 
1182151, 1241511894464, 1241514833891, 0, 563, 5, 108.4, 0, 0, 0, 2606, 2, 
118454, 1241513944251, 1241514787593, 0, 250, 2, 125, 0, 0, 0, 510740, 1, 0
1185449, 1241511586021, 1241514707679, 0, 147, 1, 125, 0, 0, 0, 22308, 2, 
1187382, 1241520837115, 1241521138406, 0, 0, 0, 0, 0, 0, 0, 0, 1, 
1192337, , , 140.9, 0, 0, 0, 0, 15, 14, 1012813, , 
12, , , 27.450000000000003, 0, 0, 0, 0, 20, 37, 383387, , 
1203484, 1241516696986, 1241516717165, 0, 229, 2, 114.5, 0, 0, 0, 30152, 2, 
1204321, 1241522153332, 1241523233921, 0, 373, 4, 93.25, 0, 0, 0, 0, 1, 
1223973, 1241523471616, , 0, 0, 0, 0, 0, 0, 0, 0, 1, 0
1230390, 1241512061271, 1241513597514, 0, 336, 3, 99.33333333333333, 0, 0, 0, 0, 1, 
1238948, 1241522388517, 1241522697828, 0, 94, 1, 92, 0, 0, 0, 0, 1, 
1241345, 1241522630784, 1241522666929, 0, 0, 0, 0, 0, 0, 0, 0, 1, 
1241515, 1241513058461, 1241513259020, 0, 0, 0, 0, 0, 0, 0, 153097, 1, 
1243016, 1241520403738, 1241520492202, 0, 0, 0, 0, 0, 0, 0, 0, 1, 
1247243, 1241523018884, 1241523420705, 0, 126, 1, 126, 0, 0, 0, 0, 1, 
1255618, 1241522003542, , 0, 746, 7, 107.85714285714286, 0, 0, 0, 206148, 2, 0
1259111, 1241515511878, 1241517562139, 0, 1670, 14, 109.71428571428571, 0, 0, 0, 546821, 2, 
1259194, 1241512615390, 1241512660174, 0, 0, 0, 0, 0, 0, 0, 0, 1, 
1259307, 1241513104635, 1241513153878, 0, 0, 0, 0, 0, 0, 0, 0, 1, 
1260053, 1241514327371, 1241514413932, 0, 0, 0, 0, 0, 0, 0, 1127083, 1, 
1260498, 1241516594372, 1241516619863, 0, 0, 0, 0, 0, 0, 0, 0, 1, 
1261187, 1241520220030, 1241521077956, 0, 211, 2, 105.5, 0, 0, 0, 0, 1, 
1261213, 1241521420248, 1241521493861, 0, 0, 0, 0, 0, 0, 0, 0, 1, 
126451, , , 53.35000000000001, 0, 0, 0, 0, 3, 1, 77874, , 
12770, , , 10.5, 0, 0, 0, 0, 23, 35, 383387, , 
133336, 1241520610667, 1241520634460, 0, 0, 0, 0, 0, 0, 0, 317383, 1, 0
14467, 1241513746540, 1241516875846, 0, 3100, 15, 163.26666666666668, 0, 0, 0, 58859, 3, 
149684, 1241520895387, 1241521145379, 0, 0, 0, 0, 0, 3, 5, 184167, 5, 5
166371, , , 115.9, 0, 0, 0, 0, 4, 4, 267622, , 
174092, 1241513355546, 1241517287751, 0, 204, 2, 126, 0, 0, 0, 562060, 3, 
181253, 1241520923308, 1241521029811, 0, 0, 0, 0, 0, 2, 0, 103634, 6, 3
181738, 1241515278082, 1241517084626, 0, 0, 0, 0, 0, 5, 4, 12791, 7, 5
190687, , , 747.4000000000001, 0, 0, 0, 0, 7, 1, 383937, , 
192104, 1241512775131, 1241513874610, 0, 570, 4, 111.25, 0, 0, 0, 1127083, 1, 
1975, 1241511759176, 1241513854100, 0, 209, 2, 141.5, 0, 0, 0, 0, 1, 
20260, , , 14.8, 0, 0, 0, 0, 2, 5, 12, , 
206148, , , 74.6, 0, 0, 0, 0, 1, 0, 1122449, , 
22308, , , 14.700000000000001, 0, 0, 0, 0, 5, 0, 775158, , 
228890, 1241513919872, 1241514028051, 0, 563, 5, 137.8, 0, 0, 0, 0, 1, 
230164, 1241511592645, , 0, 14948, 21, 700.4285714285714, 510740, 11, 9, 250837, 19, 2
234337, , , 11.3, 0, 0, 0, 0, 5, 4, 97523, , 
236834, , , 75.4, 0, 0, 0, 0, 1, 14, 101493, , 
240287, 1241513982196, 1241514299351, 0, 0, 0, 0, 0, 0, 0, 0, 1, 
250837, , , 1494.8000000000002, 0, 0, 0, 0, 1, 11, 190687, , 
251792, 1241517353367, 1241517649140, 0, 117, 1, 117, 0, 0, 0, 0, 1, 
2606, , , 56.300000000000004, 0, 0, 0, 0, 8, 0, 307471, , 
267622, , , 57.95, 0, 0, 0, 0, 2, 4, 1632, , 
269484, 1241519718558, , 0, 1159, 6, 193.16666666666666, 1124156, 4, 0, 166371, 5, 1
30152, , , 22.900000000000002, 0, 0, 0, 0, 4, 0, 40683, , 
3024, 1241516813308, 1241518841456, 0, 465, 2, 175, 0, 0, 0, 1090611, 1, 
307471, , , 28.150000000000002, 0, 0, 0, 0, 2, 17, 12, , 
32314, 1241512958019, 1241514102774, 0, 0, 0, 0, 635003, 10, 14, 40508, 13, 2
323961, 1241513980782, 1241514292223, 0, 0, 0, 0, 0, 0, 0, 336524, 1, 
359234, 1241513558649, 1241515428238, 0, 1063, 7, 137.42857142857142, 0, 0, 0, 54776, 2, 
363172, 1241514588483, 1241515110408, 0, 0, 0, 0, 0, 0, 0, 600946, 2, 0
383387, , , 5.25, 0, 0, 0, 0, 7, 56, 0, , 
392358, 1241521161821, 1241521244349, 0, 0, 0, 0, 0, 0, 0, 308755, 1, 0
396113, , , 532.55, 0, 0, 0, 0, 2, 9, 44987, , 
40683, , , 11.450000000000001, 0, 0, 0, 0, 1, 4, 388185, , 
4139, , , 76.30000000000001, 0, 0, 0, 0, 21, 0, 713, , 
415271, 1241522780601, 1241523091092, 0, 0, 0, 0, 0, 10, 2, 66689, 4, 0
43402, 1241521322298, 1241521330637, 0, 0, 0, 0, 29810, 11, 13, 123961, 11, 3
438751, 1241523241906, , 0, 0, 0, 0, 35568, 4, 1, 210163, 6, 1
445660, , , 747.4000000000001, 0, 0, 0, 0, 4, 7, 54812, , 
44987, 1241522662588, , 193.95, 105, 1, 210, 4139, 17, 18, 12770, 14, 2
502119, , , 99.05000000000001, 0, 0, 0, 0, 9, 5, 22707, , 
510740, 1241511613247, , 55.7, 14948, 21, 722.6190476190476, 230164, 69, 46, 534632, 20, 19
5153, 1241512181048, 1241513823866, 0, 549, 3, 226, 0, 1, 0, 995, 8, 1
52350, 1241518295315, 1241518642430, 0, 2818, 10, 212, 0, 2, 0, 674637, 4, 
534632, , , 1522.65, 0, 0, 0, 0, 7, 69, 445660, , 
541655, , , 125.80000000000001, 0, 0, 0, 0, 1, 20, 126451, , 
546821, 1241511597228, , 166.99999999999997, 222, 2, 116.5, 0, 1, 0, 1127083, 2, 0
54776, 1241522536993, 1241522818757, 263.20000000000005, 296, 2, 198.5, 0, 74, 32, 89757, 15, 3
548980, 1241516448850, 1241517441874, 0, 763, 6, 112.5, 0, 0, 0, 4139, 2, 
560243, 1241516709757, 1241517420340, 0, 307, 2, 190, 616590, 0, 0, 510740, 4, 0
562060, , , 20.400000000000002, 0, 0, 0, 0, 5, 0, 592692, , 
56670, 1241521649011, 1241521913850, 0, 0, 0, 0, 0, 0, 0, 0, 1, 
58859, 1241523499898, , 289.3, 3879, 16, 331.125, 43017, 9, 4, 396113, 14, 2
592692, , , 10.200000000000001, 0, 0, 0, 0, 8, 5, 283305, , 
634607, 1241513678098, 1241517063555, 0, 1569, 6, 276, 0, 2, 2, 54776, 4, 
674637, , , 281.8, 0, 0, 0, 0, 11, 2, 1192337, , 
70557, , , 198.10000000000002, 0, 0, 0, 0, 5, 24, 502119, , 
713, , , 38.150000000000006, 0, 0, 0, 0, 2, 26, 12, , 
77, 1241519377565, 1241519408769, 0, 0, 0, 0, 171151, 11, 2, 12770, 14, 2
775158, , , 7.3500000000000005, 0, 0, 0, 0, 1, 5, 929303, , 
797824, , , 1.6500000000000001, 0, 0, 0, 0, 15, 3, 82321, , 
875917, 1241515625735, 1241515906197, 0, 102, 1, 50, 0, 0, 0, 0, 1, 
8938, 1241516761449, 1241517806905, 38.2, 1067, 3, 580.6666666666666, 0, 20, 7, 541655, 6, 1
895543, 1241522489137, 1241522899193, 0, 77, 1, 77, 0, 0, 0, 0, 1, 
89757, , , 161.20000000000002, 0, 0, 0, 0, 3, 74, 20260, , 
900329, 1241522980687, , 0, 1981, 4, 495.25, 1084285, 24, 5, 70557, 8, 2
900505, 1241513102849, 1241517887087, 0, 33, 1, 33, 0, 0, 0, 1090442, 2, 
917768, 1241520722434, 1241522318056, 0, 1632, 8, 204, 0, 0, 0, 0, 2, 
947832, 1241516097891, 1241517046907, 0, 296, 2, 91, 0, 0, 0, 1127083, 1, 
98232, 1241516482361, 1241517046436, 0, 403, 2, 110.5, 0, 0, 0, 1127083, 1, 
990799, , , 63.50000000000001, 0, 0, 0, 0, 5, 3, 836417, , 
995, , , 54.900000000000006, 0, 0, 0, 0, 12, 1, 12, , 
998652, , , 201.55, 0, 0, 0, 0, 3, 18, 990799, , 
<<<<EndTable

PlayersOnlineNow=12
PlayersOnlineEachMinute=0, 2, 6, 6, 7, 8, 8, 9, 9, 10, 10, 11, 11, 11, 11, 11, 11, 11, 11, 11, 11, 12, 13, 12, 13, 14, 15, 17, 16, 16, 16, 17, 17, 16, 18, 18, 19, 20, 21, 19, 16, 19, 17, 18, 17, 18, 18, 16, 16, 14, 14, 15, 15, 14, 14, 13, 12, 11, 12, 11, 10, 11, 11, 12, 12, 11, 11, 12, 14, 15, 14, 14, 14, 13, 13, 13, 13, 14, 14, 14, 14, 14, 15, 16, 16, 16, 16, 17, 18, 19, 18, 18, 16, 15, 15, 15, 15, 14, 15, 13, 13, 11, 10, 9, 9, 8, 7, 7, 7, 7, 7, 7, 6, 7, 6, 6, 6, 6, 6, 5, 5, 5, 4, 4, 3, 3, 3, 3, 3, 3, 3, 4, 3, 3, 3, 3, 3, 4, 4, 4, 5, 5, 6, 6, 6, 7, 7, 9, 9, 9, 7, 8, 7, 7, 8, 8, 9, 11, 11, 10, 10, 8, 7, 7, 7, 8, 8, 7, 7, 8, 8, 8, 8, 8, 7, 8, 8, 8, 9, 9, 9, 10, 10, 14, 14, 13, 14, 12, 13, 12, 10, 11, 12, 11, 11, 11, 11, 11, 11, 11
PlayersInEachFeedingGame=2, 2, 2, 2, 2, 1, 1, 2, 2, 2, 2, 2, 1, 2, 3, 3, 1, 2, 2, 2, 1, 2, 1, 1, 1, 1, 2, 1, 1, 2, 1, 2, 1, 1, 1, 1, 1, 2, 1, 1, 1, 1, 2, 2, 2, 2, 2, 1, 3, 2, 1, 2, 2, 2, 2, 2, 2, 2, 2, 2, 2, 2, 1, 2, 2, 1, 1, 1, 1, 1, 1, 1, 1, 1, 1, 1, 1, 1, 2, 1, 1, 1, 1, 2, 1, 1, 1, 1, 1, 1, 1, 1, 2, 1, 1, 1, 1
PlayersStarted=119
PlayersQuit=107
StatsStartTime=1241511530959
StatsDumpTime=1241523531391
<<<<EndStats
2009-05-05 04:38:51,854 ERROR: vampire.server.feeding.FeedingRecord sendPlayerStartGameMsg [playerId=1255618, prey=false, _predatorIndex=438751]
2009-05-05 04:39:10,738 ERROR: vampire.server.feeding.FeedingRecord sendPlayerStartGameMsg [playerId=1255618, prey=false, _predatorIndex=]
2009-05-05 04:39:51,556 ERROR: vampire.server.feeding.FeedingRecord sendPlayerStartGameMsg [playerId=269484, prey=true, _predatorIndex=]
2009-05-05 04:39:51,557 ERROR: vampire.server.feeding.FeedingRecord sendPlayerStartGameMsg [playerId=58859, prey=false, _predatorIndex=]
2009-05-05 04:41:28,541 ERROR: vampire.server.feeding.FeedingRecord sendPlayerStartGameMsg [playerId=1255618, prey=false, _predatorIndex=]
2009-05-05 04:41:37,880 ERROR: vampire.server.feeding.FeedingRecord sendPlayerStartGameMsg [playerId=1255618, prey=false, _predatorIndex=]
2009-05-05 04:42:16,577 ERROR: vampire.server.feeding.FeedingRecord sendPlayerStartGameMsg [playerId=438751, prey=false, _predatorIndex=]
2009-05-05 04:43:16,359 ERROR: vampire.server.feeding.FeedingRecord sendPlayerStartGameMsg [playerId=1113643, prey=false, _predatorIndex=]
2009-05-05 04:43:43,097 ERROR: vampire.server.feeding.FeedingRecord sendPlayerStartGameMsg [playerId=900329, prey=true, _predatorIndex=]
2009-05-05 04:43:43,098 ERROR: vampire.server.feeding.FeedingRecord sendPlayerStartGameMsg [playerId=1078621, prey=false, _predatorIndex=]
2009-05-05 04:45:33,773 ERROR: vampire.server.feeding.FeedingRecord sendPlayerStartGameMsg [playerId=1223973, prey=false, _predatorIndex=]
2009-05-05 04:46:06,231 ERROR: vampire.server.feeding.FeedingRecord sendPlayerStartGameMsg [playerId=1078621, prey=false, _predatorIndex=]
2009-05-05 04:46:57,732 ERROR: vampire.server.feeding.FeedingRecord sendPlayerStartGameMsg [playerId=4139, prey=false, _predatorIndex=]
2009-05-05 04:48:12,925 ERROR: vampire.server.feeding.FeedingRecord sendPlayerStartGameMsg [playerId=269484, prey=true, _predatorIndex=]
2009-05-05 04:48:12,925 ERROR: vampire.server.feeding.FeedingRecord sendPlayerStartGameMsg [playerId=288468, prey=false, _predatorIndex=]
2009-05-05 04:48:34,473 ERROR: vampire.server.feeding.FeedingRecord sendPlayerStartGameMsg [playerId=73961, prey=true, _predatorIndex=]
2009-05-05 04:48:34,474 ERROR: vampire.server.feeding.FeedingRecord sendPlayerStartGameMsg [playerId=1078621, prey=false, _predatorIndex=]

>>>>BeginStats

>>>>BeginTable
PlayerId, StartTime, EndTime, ProgenyPayout, XPFromFeeding, FeedingGames, MeanFeedingScore, BloodBond, Progeny, GrandProgeny, Sire, Level, Invites
101493, , , 37.7, 0, 0, 0, 0, 2, 1, 52887, , 
1015780, 1241523912773, 1241524068658, 0, 0, 0, 0, 0, 0, 0, 0, 1, 
1031623, 1241516018790, 1241518913890, 0, 727, 5, 116.6, 0, 0, 0, 0, 2, 
1032648, , , 33.900000000000006, 0, 0, 0, 0, 4, 2, 234337, , 
1032874, 1241519919116, 1241520531875, 0, 0, 0, 0, 1090611, 2, 0, 1127083, 4, 
106069, 1241514107560, 1241515047867, 0, 754, 3, 222, 236834, 14, 11, 236834, 7, 1
1078621, 1241523805838, , 0, 689, 2, 218, 0, 0, 0, 285205, 3, 0
1090442, , , 3.3000000000000003, 0, 0, 0, 0, 3, 0, 797824, , 
1090611, 1241520004892, , 22.6, 226, 1, 306, 1032874, 2, 0, 1032648, 4, 0
1110484, 1241522644193, 1241522725111, 0, 0, 0, 0, 153097, 0, 0, 153097, 3, 
1113643, 1241523067531, 1241523953827, 0, 1011, 8, 134.875, 0, 0, 0, 0, 2, 
1122449, , , 48.449999999999996, 0, 0, 0, 0, 10, 2, 555728, , 
1127083, 1241515594868, 1241518317310, 232.6, 1270, 7, 241.14285714285714, 998652, 18, 3, 998652, 5, 1
112883, 1241520196412, 1241520210093, 0, 0, 0, 0, 0, 0, 0, 0, 1, 
1129419, 1241511631636, 1241511821147, 0, 0, 0, 0, 0, 0, 0, 0, 1, 
1131319, 1241520329746, 1241523083040, 0, 107, 1, 97, 0, 0, 0, 432820, 1, 
1133060, 1241513645701, 1241513954334, 0, 91, 1, 91, 0, 0, 0, 0, 1, 
1135140, 1241522472154, 1241522631740, 0, 0, 0, 0, 0, 0, 0, 998652, 1, 
1155030, 1241513807655, 1241513884883, 0, 0, 0, 0, 0, 0, 0, 0, 1, 
1176163, 1241517082688, 1241517659523, 0, 382, 1, 91, 0, 0, 0, 8938, 1, 
1182151, 1241511894464, 1241514833891, 0, 563, 5, 108.4, 0, 0, 0, 2606, 2, 
118454, 1241513944251, 1241514787593, 0, 250, 2, 125, 0, 0, 0, 510740, 1, 0
1185449, 1241511586021, 1241514707679, 0, 147, 1, 125, 0, 0, 0, 22308, 2, 
1187382, 1241520837115, 1241521138406, 0, 0, 0, 0, 0, 0, 0, 0, 1, 
1192337, , , 140.9, 0, 0, 0, 0, 15, 14, 1012813, , 
12, , , 27.450000000000003, 0, 0, 0, 0, 20, 60, 383387, , 
1203484, 1241516696986, 1241516717165, 0, 229, 2, 114.5, 0, 0, 0, 30152, 2, 
1204321, 1241522153332, 1241523233921, 0, 373, 4, 93.25, 0, 0, 0, 0, 1, 
1223973, 1241523471616, , 0, 129, 1, 129, 0, 0, 0, 0, 1, 0
1230390, 1241512061271, 1241513597514, 0, 336, 3, 99.33333333333333, 0, 0, 0, 0, 1, 
1238948, 1241522388517, 1241522697828, 0, 94, 1, 92, 0, 0, 0, 0, 1, 
1241345, 1241522630784, 1241522666929, 0, 0, 0, 0, 0, 0, 0, 0, 1, 
1241515, 1241513058461, 1241513259020, 0, 0, 0, 0, 0, 0, 0, 153097, 1, 
1243016, 1241520403738, 1241520492202, 0, 0, 0, 0, 0, 0, 0, 0, 1, 
1247243, 1241523018884, 1241523420705, 0, 126, 1, 126, 0, 0, 0, 0, 1, 
1255618, 1241522003542, 1241523872025, 0, 969, 9, 108.66666666666667, 0, 0, 0, 206148, 2, 
1259111, 1241515511878, 1241517562139, 0, 1670, 14, 109.71428571428571, 0, 0, 0, 546821, 2, 
1259194, 1241512615390, 1241512660174, 0, 0, 0, 0, 0, 0, 0, 0, 1, 
1259307, 1241513104635, 1241513153878, 0, 0, 0, 0, 0, 0, 0, 0, 1, 
1260053, 1241514327371, 1241514413932, 0, 0, 0, 0, 0, 0, 0, 1127083, 1, 
1260498, 1241516594372, 1241516619863, 0, 0, 0, 0, 0, 0, 0, 0, 1, 
1261187, 1241520220030, 1241521077956, 0, 211, 2, 105.5, 0, 0, 0, 0, 1, 
1261213, 1241521420248, 1241521493861, 0, 0, 0, 0, 0, 0, 0, 0, 1, 
126451, , , 53.35000000000001, 0, 0, 0, 0, 3, 1, 77874, , 
1265, 1241523605700, 1241524063375, 0, 0, 0, 0, 713, 15, 34, 12, 16, 3
12770, , , 10.5, 0, 0, 0, 0, 23, 35, 383387, , 
133336, 1241520610667, 1241520634460, 0, 0, 0, 0, 0, 0, 0, 317383, 1, 0
14467, 1241513746540, 1241516875846, 0, 3100, 15, 163.26666666666668, 0, 0, 0, 58859, 3, 
149684, 1241520895387, 1241521145379, 0, 0, 0, 0, 0, 3, 5, 184167, 5, 5
154004, , , 34.45, 0, 0, 0, 0, 8, 6, 90041, , 
166371, , , 141.3, 0, 0, 0, 0, 4, 4, 267622, , 
174092, 1241513355546, 1241517287751, 0, 204, 2, 126, 0, 0, 0, 562060, 3, 
181253, 1241520923308, 1241521029811, 0, 0, 0, 0, 0, 2, 0, 103634, 6, 3
181738, 1241515278082, 1241517084626, 0, 0, 0, 0, 0, 5, 4, 12791, 7, 5
190687, , , 747.4000000000001, 0, 0, 0, 0, 7, 1, 383937, , 
192104, 1241512775131, 1241513874610, 0, 570, 4, 111.25, 0, 0, 0, 1127083, 1, 
1975, 1241511759176, 1241513854100, 0, 209, 2, 141.5, 0, 0, 0, 0, 1, 
20260, , , 14.8, 0, 0, 0, 0, 2, 5, 12, , 
206148, , , 96.89999999999999, 0, 0, 0, 0, 1, 0, 1122449, , 
210163, , , 37.3, 0, 0, 0, 0, 12, 4, 255725, , 
22308, , , 14.700000000000001, 0, 0, 0, 0, 5, 0, 775158, , 
228890, 1241513919872, 1241514028051, 0, 563, 5, 137.8, 0, 0, 0, 0, 1, 
230164, 1241511592645, 1241523649961, 0, 14948, 21, 700.4285714285714, 510740, 11, 9, 250837, 19, 2
234337, , , 11.3, 0, 0, 0, 0, 5, 4, 97523, , 
236834, , , 75.4, 0, 0, 0, 0, 1, 14, 101493, , 
240287, 1241513982196, 1241514299351, 0, 0, 0, 0, 0, 0, 0, 0, 1, 
250837, , , 1494.8000000000002, 0, 0, 0, 0, 1, 11, 190687, , 
251792, 1241517353367, 1241517649140, 0, 117, 1, 117, 0, 0, 0, 0, 1, 
255725, , , 18.65, 0, 0, 0, 0, 1, 12, 309124, , 
2606, , , 56.300000000000004, 0, 0, 0, 0, 8, 0, 307471, , 
267622, , , 70.65, 0, 0, 0, 0, 2, 4, 1632, , 
269484, 1241519718558, , 0, 1413, 7, 202.14285714285714, 1124156, 4, 0, 166371, 5, 1
285205, , , 68.9, 0, 0, 0, 0, 6, 0, 154004, , 
288468, 1241524070314, , 0, 0, 0, 0, 0, 1, 0, 79942, 4, 1
30152, , , 22.900000000000002, 0, 0, 0, 0, 4, 0, 40683, , 
3024, 1241516813308, 1241518841456, 0, 465, 2, 175, 0, 0, 0, 1090611, 1, 
307471, , , 28.150000000000002, 0, 0, 0, 0, 2, 17, 12, , 
32314, 1241512958019, 1241514102774, 0, 0, 0, 0, 635003, 10, 14, 40508, 13, 2
323961, 1241513980782, 1241514292223, 0, 0, 0, 0, 0, 0, 0, 336524, 1, 
359234, 1241513558649, 1241515428238, 0, 1063, 7, 137.42857142857142, 0, 0, 0, 54776, 2, 
363172, 1241514588483, 1241515110408, 0, 0, 0, 0, 0, 0, 0, 600946, 2, 0
383387, , , 5.25, 0, 0, 0, 0, 7, 56, 0, , 
392358, 1241521161821, 1241521244349, 0, 0, 0, 0, 0, 0, 0, 308755, 1, 0
396113, , , 557.9499999999999, 0, 0, 0, 0, 2, 9, 44987, , 
40683, , , 11.450000000000001, 0, 0, 0, 0, 1, 4, 388185, , 
4139, 1241523992111, , 76.30000000000001, 0, 0, 0, 44987, 21, 23, 713, 17, 3
415271, 1241522780601, 1241523091092, 0, 0, 0, 0, 0, 10, 2, 66689, 4, 0
43402, 1241521322298, 1241521330637, 0, 0, 0, 0, 29810, 11, 13, 123961, 11, 3
438751, 1241523241906, , 0, 373, 3, 124.33333333333333, 35568, 4, 1, 210163, 6, 1
445660, , , 747.4000000000001, 0, 0, 0, 0, 4, 7, 54812, , 
44987, 1241522662588, , 206.64999999999998, 105, 1, 210, 4139, 17, 18, 12770, 14, 2
457756, 1241523704504, 1241523814186, 0, 0, 0, 0, 0, 1, 0, 415271, 4, 0
502119, , , 151.10000000000002, 0, 0, 0, 0, 9, 5, 22707, , 
510740, 1241511613247, 1241523982850, 55.7, 14948, 21, 722.6190476190476, 230164, 69, 46, 534632, 20, 19
5153, 1241512181048, 1241513823866, 0, 549, 3, 226, 0, 1, 0, 995, 8, 1
52350, 1241518295315, 1241518642430, 0, 2818, 10, 212, 0, 2, 0, 674637, 4, 
534632, , , 1522.65, 0, 0, 0, 0, 7, 69, 445660, , 
541655, , , 125.80000000000001, 0, 0, 0, 0, 1, 20, 126451, , 
546821, 1241511597228, , 166.99999999999997, 222, 2, 116.5, 0, 1, 0, 1127083, 2, 0
54776, 1241522536993, 1241522818757, 263.20000000000005, 296, 2, 198.5, 0, 74, 32, 89757, 15, 3
548980, 1241516448850, 1241517441874, 0, 763, 6, 112.5, 0, 0, 0, 4139, 2, 
560243, 1241516709757, 1241517420340, 0, 307, 2, 190, 616590, 0, 0, 510740, 4, 0
562060, , , 20.400000000000002, 0, 0, 0, 0, 5, 0, 592692, , 
56670, 1241521649011, 1241521913850, 0, 0, 0, 0, 0, 0, 0, 0, 1, 
58859, 1241523499898, 1241523754374, 289.3, 4133, 17, 326.4117647058824, 43017, 9, 4, 396113, 14, 2
592692, , , 10.200000000000001, 0, 0, 0, 0, 8, 5, 283305, , 
634607, 1241513678098, 1241517063555, 0, 1569, 6, 276, 0, 2, 2, 54776, 4, 
674637, , , 281.8, 0, 0, 0, 0, 11, 2, 1192337, , 
70557, , , 302.20000000000005, 0, 0, 0, 0, 5, 24, 502119, , 
713, , , 38.150000000000006, 0, 0, 0, 0, 11, 26, 12, , 
73961, 1241524081519, , 0, 0, 0, 0, 0, 0, 0, 0, 1, 0
77, 1241519377565, 1241519408769, 0, 0, 0, 0, 171151, 11, 2, 12770, 14, 2
775158, , , 7.3500000000000005, 0, 0, 0, 0, 1, 5, 929303, , 
797824, , , 1.6500000000000001, 0, 0, 0, 0, 15, 3, 82321, , 
875917, 1241515625735, 1241515906197, 0, 102, 1, 50, 0, 0, 0, 0, 1, 
8938, 1241516761449, 1241517806905, 38.2, 1067, 3, 580.6666666666666, 0, 20, 7, 541655, 6, 1
895543, 1241522489137, 1241522899193, 0, 77, 1, 77, 0, 0, 0, 0, 1, 
89757, , , 161.20000000000002, 0, 0, 0, 0, 3, 74, 20260, , 
900329, 1241522980687, 1241524022637, 0, 3022, 7, 467.7142857142857, 1084285, 24, 5, 70557, 9, 2
900505, 1241513102849, 1241517887087, 0, 33, 1, 33, 0, 0, 0, 1090442, 2, 
917768, 1241520722434, 1241522318056, 0, 1632, 8, 204, 0, 0, 0, 0, 2, 
947832, 1241516097891, 1241517046907, 0, 296, 2, 91, 0, 0, 0, 1127083, 1, 
98232, 1241516482361, 1241517046436, 0, 403, 2, 110.5, 0, 0, 0, 1127083, 1, 
990799, , , 63.50000000000001, 0, 0, 0, 0, 5, 3, 836417, , 
995, , , 54.900000000000006, 0, 0, 0, 0, 12, 1, 12, , 
998652, , , 201.55, 0, 0, 0, 0, 3, 18, 990799, , 
<<<<EndTable

PlayersOnlineNow=10
PlayersOnlineEachMinute=0, 2, 6, 6, 7, 8, 8, 9, 9, 10, 10, 11, 11, 11, 11, 11, 11, 11, 11, 11, 11, 12, 13, 12, 13, 14, 15, 17, 16, 16, 16, 17, 17, 16, 18, 18, 19, 20, 21, 19, 16, 19, 17, 18, 17, 18, 18, 16, 16, 14, 14, 15, 15, 14, 14, 13, 12, 11, 12, 11, 10, 11, 11, 12, 12, 11, 11, 12, 14, 15, 14, 14, 14, 13, 13, 13, 13, 14, 14, 14, 14, 14, 15, 16, 16, 16, 16, 17, 18, 19, 18, 18, 16, 15, 15, 15, 15, 14, 15, 13, 13, 11, 10, 9, 9, 8, 7, 7, 7, 7, 7, 7, 6, 7, 6, 6, 6, 6, 6, 5, 5, 5, 4, 4, 3, 3, 3, 3, 3, 3, 3, 4, 3, 3, 3, 3, 3, 4, 4, 4, 5, 5, 6, 6, 6, 7, 7, 9, 9, 9, 7, 8, 7, 7, 8, 8, 9, 11, 11, 10, 10, 8, 7, 7, 7, 8, 8, 7, 7, 8, 8, 8, 8, 8, 7, 8, 8, 8, 9, 9, 9, 10, 10, 14, 14, 13, 14, 12, 13, 12, 10, 11, 12, 11, 11, 11, 11, 11, 11, 11, 12, 12, 12, 13, 12, 12, 11, 12, 11, 9
PlayersInEachFeedingGame=2, 2, 2, 2, 2, 1, 1, 2, 2, 2, 2, 2, 1, 2, 3, 3, 1, 2, 2, 2, 1, 2, 1, 1, 1, 1, 2, 1, 1, 2, 1, 2, 1, 1, 1, 1, 1, 2, 1, 1, 1, 1, 2, 2, 2, 2, 2, 1, 3, 2, 1, 2, 2, 2, 2, 2, 2, 2, 2, 2, 2, 2, 1, 2, 2, 1, 1, 1, 1, 1, 1, 1, 1, 1, 1, 1, 1, 1, 2, 1, 1, 1, 1, 2, 1, 1, 1, 1, 1, 1, 1, 1, 2, 1, 1, 1, 1, 1, 2, 1, 1, 1, 2, 1, 1, 1, 2, 2
PlayersStarted=127
PlayersQuit=117
StatsStartTime=1241511530959
StatsDumpTime=1241524131423
<<<<EndStats
2009-05-05 04:51:27,858 ERROR: vampire.server.feeding.FeedingRecord sendPlayerStartGameMsg [playerId=288468, prey=true, _predatorIndex=]
2009-05-05 04:51:27,859 ERROR: vampire.server.feeding.FeedingRecord sendPlayerStartGameMsg [playerId=269484, prey=false, _predatorIndex=]
2009-05-05 04:51:34,053 ERROR: vampire.server.feeding.FeedingRecord sendPlayerStartGameMsg [playerId=438751, prey=true, _predatorIndex=]
2009-05-05 04:51:34,054 ERROR: vampire.server.feeding.FeedingRecord sendPlayerStartGameMsg [playerId=73961, prey=false, _predatorIndex=]
2009-05-05 04:52:19,211 ERROR: vampire.server.feeding.FeedingRecord sendPlayerStartGameMsg [playerId=1078621, prey=true, _predatorIndex=]
2009-05-05 04:52:19,211 ERROR: vampire.server.feeding.FeedingRecord sendPlayerStartGameMsg [playerId=206148, prey=false, _predatorIndex=]
2009-05-05 04:54:32,566 ERROR: vampire.server.feeding.FeedingRecord sendPlayerStartGameMsg [playerId=44987, prey=true, _predatorIndex=]
2009-05-05 04:54:32,567 ERROR: vampire.server.feeding.FeedingRecord sendPlayerStartGameMsg [playerId=4139, prey=false, _predatorIndex=]
2009-05-05 04:55:33,257 ERROR: vampire.server.feeding.FeedingRecord sendPlayerStartGameMsg [playerId=438751, prey=false, _predatorIndex=206148]
2009-05-05 04:55:47,094 ERROR: vampire.server.feeding.FeedingRecord sendPlayerStartGameMsg [playerId=269484, prey=true, _predatorIndex=]
2009-05-05 04:55:47,094 ERROR: vampire.server.feeding.FeedingRecord sendPlayerStartGameMsg [playerId=438751, prey=false, _predatorIndex=]
2009-05-05 04:57:47,166 ERROR: vampire.server.feeding.FeedingRecord sendPlayerStartGameMsg [playerId=1078621, prey=false, _predatorIndex=]
2009-05-05 04:58:23,389 ERROR: vampire.server.feeding.FeedingRecord sendPlayerStartGameMsg [playerId=206148, prey=false, _predatorIndex=438751]

>>>>BeginStats

>>>>BeginTable
PlayerId, StartTime, EndTime, ProgenyPayout, XPFromFeeding, FeedingGames, MeanFeedingScore, BloodBond, Progeny, GrandProgeny, Sire, Level, Invites
101493, , , 37.7, 0, 0, 0, 0, 2, 1, 52887, , 
1015780, 1241523912773, 1241524068658, 0, 0, 0, 0, 0, 0, 0, 0, 1, 
1031623, 1241516018790, 1241518913890, 0, 727, 5, 116.6, 0, 0, 0, 0, 2, 
1032648, , , 33.900000000000006, 0, 0, 0, 0, 4, 2, 234337, , 
1032874, 1241524717548, , 0, 0, 0, 0, 1090611, 2, 0, 1127083, 4, 0
106069, 1241514107560, 1241515047867, 0, 754, 3, 222, 236834, 14, 11, 236834, 7, 1
1078621, 1241523805838, , 0, 988, 5, 161.8, 0, 0, 0, 285205, 3, 0
1084544, 1241524582768, 1241524673859, 0, 0, 0, 0, 0, 0, 0, 543921, 1, 
1090442, , , 3.3000000000000003, 0, 0, 0, 0, 3, 0, 797824, , 
1090611, 1241520004892, , 22.6, 226, 1, 306, 1032874, 2, 0, 1032648, 4, 0
1110484, 1241522644193, 1241522725111, 0, 0, 0, 0, 153097, 0, 0, 153097, 3, 
1113643, 1241523067531, 1241523953827, 0, 1011, 8, 134.875, 0, 0, 0, 0, 2, 
1122449, , , 72.55, 0, 0, 0, 0, 10, 2, 555728, , 
1127083, 1241515594868, 1241518317310, 232.6, 1270, 7, 241.14285714285714, 998652, 18, 3, 998652, 5, 1
112883, 1241520196412, 1241520210093, 0, 0, 0, 0, 0, 0, 0, 0, 1, 
1129419, 1241511631636, 1241511821147, 0, 0, 0, 0, 0, 0, 0, 0, 1, 
1131319, 1241520329746, 1241523083040, 0, 107, 1, 97, 0, 0, 0, 432820, 1, 
1133060, 1241513645701, 1241513954334, 0, 91, 1, 91, 0, 0, 0, 0, 1, 
1135140, 1241522472154, 1241522631740, 0, 0, 0, 0, 0, 0, 0, 998652, 1, 
1155030, 1241513807655, 1241513884883, 0, 0, 0, 0, 0, 0, 0, 0, 1, 
1176163, 1241517082688, 1241517659523, 0, 382, 1, 91, 0, 0, 0, 8938, 1, 
1182151, 1241511894464, 1241514833891, 0, 563, 5, 108.4, 0, 0, 0, 2606, 2, 
118454, 1241513944251, 1241514787593, 0, 250, 2, 125, 0, 0, 0, 510740, 1, 0
1185449, 1241511586021, 1241514707679, 0, 147, 1, 125, 0, 0, 0, 22308, 2, 
1187382, 1241520837115, 1241521138406, 0, 0, 0, 0, 0, 0, 0, 0, 1, 
1192337, , , 140.9, 0, 0, 0, 0, 15, 14, 1012813, , 
12, , , 127.9, 0, 0, 0, 0, 20, 60, 383387, , 
1203484, 1241516696986, 1241516717165, 0, 229, 2, 114.5, 0, 0, 0, 30152, 2, 
1204321, 1241522153332, 1241523233921, 0, 373, 4, 93.25, 0, 0, 0, 0, 1, 
1223973, 1241523471616, 1241524240541, 0, 350, 2, 175, 0, 0, 0, 0, 1, 
1230390, 1241512061271, 1241513597514, 0, 336, 3, 99.33333333333333, 0, 0, 0, 0, 1, 
1238948, 1241522388517, 1241522697828, 0, 94, 1, 92, 0, 0, 0, 0, 1, 
1241345, 1241522630784, 1241522666929, 0, 0, 0, 0, 0, 0, 0, 0, 1, 
1241515, 1241513058461, 1241513259020, 0, 0, 0, 0, 0, 0, 0, 153097, 1, 
1243016, 1241520403738, 1241520492202, 0, 0, 0, 0, 0, 0, 0, 0, 1, 
1247243, 1241523018884, 1241523420705, 0, 126, 1, 126, 0, 0, 0, 0, 1, 
1255618, 1241522003542, 1241523872025, 0, 969, 9, 108.66666666666667, 0, 0, 0, 206148, 2, 
1259111, 1241515511878, 1241517562139, 0, 1670, 14, 109.71428571428571, 0, 0, 0, 546821, 2, 
1259194, 1241512615390, 1241512660174, 0, 0, 0, 0, 0, 0, 0, 0, 1, 
1259307, 1241513104635, 1241513153878, 0, 0, 0, 0, 0, 0, 0, 0, 1, 
1260053, 1241514327371, 1241514413932, 0, 0, 0, 0, 0, 0, 0, 1127083, 1, 
1260498, 1241516594372, 1241516619863, 0, 0, 0, 0, 0, 0, 0, 0, 1, 
1261187, 1241520220030, 1241521077956, 0, 211, 2, 105.5, 0, 0, 0, 0, 1, 
1261213, 1241521420248, 1241521493861, 0, 0, 0, 0, 0, 0, 0, 0, 1, 
126451, , , 53.35000000000001, 0, 0, 0, 0, 3, 1, 77874, , 
1265, 1241523605700, 1241524063375, 0, 0, 0, 0, 713, 15, 34, 12, 16, 3
12770, , , 116.5, 0, 0, 0, 0, 23, 35, 383387, , 
12791, 1241524678753, , 0, 0, 0, 0, 0, 13, 22, 12, 12, 2
133336, 1241520610667, 1241520634460, 0, 0, 0, 0, 0, 0, 0, 317383, 1, 0
14467, 1241513746540, 1241516875846, 0, 3100, 15, 163.26666666666668, 0, 0, 0, 58859, 3, 
149684, 1241520895387, 1241521145379, 0, 0, 0, 0, 0, 3, 5, 184167, 5, 5
154004, , , 49.400000000000006, 0, 0, 0, 0, 8, 6, 90041, , 
166371, , , 230.40000000000003, 0, 0, 0, 0, 4, 4, 267622, , 
174092, 1241513355546, 1241517287751, 0, 204, 2, 126, 0, 0, 0, 562060, 3, 
181253, 1241520923308, 1241521029811, 0, 0, 0, 0, 0, 2, 0, 103634, 6, 3
181738, 1241515278082, 1241517084626, 0, 0, 0, 0, 0, 5, 4, 12791, 7, 5
190687, , , 747.4000000000001, 0, 0, 0, 0, 7, 1, 383937, , 
192104, 1241512775131, 1241513874610, 0, 570, 4, 111.25, 0, 0, 0, 1127083, 1, 
1975, 1241511759176, 1241513854100, 0, 209, 2, 141.5, 0, 0, 0, 0, 1, 
198149, , , 29.950000000000003, 0, 0, 0, 0, 1, 7, 380604, , 
20260, , , 14.8, 0, 0, 0, 0, 2, 5, 12, , 
206148, 1241524169214, , 96.89999999999999, 241, 2, 112, 0, 1, 0, 1122449, 3, 0
210163, , , 107.60000000000001, 0, 0, 0, 0, 12, 5, 255725, , 
22308, , , 14.700000000000001, 0, 0, 0, 0, 5, 0, 775158, , 
228890, 1241513919872, 1241514028051, 0, 563, 5, 137.8, 0, 0, 0, 0, 1, 
230164, 1241511592645, 1241523649961, 0, 14948, 21, 700.4285714285714, 510740, 11, 9, 250837, 19, 2
234337, , , 11.3, 0, 0, 0, 0, 5, 4, 97523, , 
236834, , , 75.4, 0, 0, 0, 0, 1, 14, 101493, , 
240287, 1241513982196, 1241514299351, 0, 0, 0, 0, 0, 0, 0, 0, 1, 
250837, , , 1494.8000000000002, 0, 0, 0, 0, 1, 11, 190687, , 
251792, 1241517353367, 1241517649140, 0, 117, 1, 117, 0, 0, 0, 0, 1, 
255725, , , 46.95, 0, 0, 0, 0, 1, 12, 309124, , 
2606, , , 56.300000000000004, 0, 0, 0, 0, 8, 0, 307471, , 
267622, , , 115.20000000000002, 0, 0, 0, 0, 2, 4, 1632, , 
269484, 1241519718558, , 0, 2304, 10, 256.9, 1124156, 4, 0, 166371, 6, 1
285205, , , 98.80000000000001, 0, 0, 0, 0, 6, 0, 154004, , 
288468, 1241524070314, , 0, 599, 2, 110.5, 0, 1, 0, 79942, 4, 1
30152, , , 22.900000000000002, 0, 0, 0, 0, 4, 0, 40683, , 
3024, 1241516813308, 1241518841456, 0, 465, 2, 175, 0, 0, 0, 1090611, 1, 
307471, , , 28.150000000000002, 0, 0, 0, 0, 2, 17, 12, , 
32314, 1241512958019, 1241514102774, 0, 0, 0, 0, 635003, 10, 14, 40508, 13, 2
323961, 1241513980782, 1241514292223, 0, 0, 0, 0, 0, 0, 0, 336524, 1, 
359234, 1241513558649, 1241515428238, 0, 1063, 7, 137.42857142857142, 0, 0, 0, 54776, 2, 
363172, 1241514588483, 1241515110408, 0, 0, 0, 0, 0, 0, 0, 600946, 2, 0
383387, , , 58.25, 0, 0, 0, 0, 7, 56, 0, , 
392358, 1241521161821, 1241521244349, 0, 0, 0, 0, 0, 0, 0, 308755, 1, 0
396113, , , 557.9499999999999, 0, 0, 0, 0, 2, 9, 44987, , 
40683, , , 11.450000000000001, 0, 0, 0, 0, 1, 4, 388185, , 
4139, 1241523992111, , 76.30000000000001, 2009, 4, 369.25, 44987, 21, 23, 713, 17, 3
415271, 1241522780601, 1241523091092, 0, 0, 0, 0, 0, 10, 2, 66689, 4, 0
43402, 1241521322298, 1241521330637, 0, 0, 0, 0, 29810, 11, 13, 123961, 11, 3
438751, 1241523241906, , 27.400000000000002, 939, 5, 241.6, 35568, 5, 1, 210163, 6, 1
445660, , , 747.4000000000001, 0, 0, 0, 0, 4, 7, 54812, , 
44987, 1241522662588, , 206.64999999999998, 1165, 2, 901, 4139, 17, 18, 12770, 14, 2
457756, 1241523704504, 1241523814186, 0, 0, 0, 0, 0, 1, 0, 415271, 4, 0
502119, , , 151.10000000000002, 0, 0, 0, 0, 9, 5, 22707, , 
510740, 1241511613247, 1241523982850, 55.7, 14948, 21, 722.6190476190476, 230164, 69, 46, 534632, 20, 19
5153, 1241512181048, 1241513823866, 0, 549, 3, 226, 0, 1, 0, 995, 8, 1
52350, 1241518295315, 1241518642430, 0, 2818, 10, 212, 0, 2, 0, 674637, 4, 
534632, , , 1522.65, 0, 0, 0, 0, 7, 69, 445660, , 
541655, , , 125.80000000000001, 0, 0, 0, 0, 1, 20, 126451, , 
546821, 1241511597228, , 166.99999999999997, 222, 2, 116.5, 0, 1, 0, 1127083, 2, 0
54776, 1241522536993, 1241522818757, 263.20000000000005, 296, 2, 198.5, 0, 74, 32, 89757, 15, 3
548980, 1241516448850, 1241517441874, 0, 763, 6, 112.5, 0, 0, 0, 4139, 2, 
555728, , , 12.05, 0, 0, 0, 0, 16, 10, 1101, , 
560243, 1241516709757, 1241517420340, 0, 307, 2, 190, 616590, 0, 0, 510740, 4, 0
562060, , , 20.400000000000002, 0, 0, 0, 0, 5, 0, 592692, , 
56670, 1241521649011, 1241521913850, 0, 0, 0, 0, 0, 0, 0, 0, 1, 
58859, 1241523499898, 1241523754374, 289.3, 4133, 17, 326.4117647058824, 43017, 9, 4, 396113, 14, 2
592692, , , 10.200000000000001, 0, 0, 0, 0, 8, 5, 283305, , 
634607, 1241513678098, 1241517063555, 0, 1569, 6, 276, 0, 2, 2, 54776, 4, 
674637, , , 281.8, 0, 0, 0, 0, 11, 2, 1192337, , 
70557, , , 302.20000000000005, 0, 0, 0, 0, 5, 24, 502119, , 
713, , , 239.05, 0, 0, 0, 0, 11, 26, 12, , 
73961, 1241524081519, , 0, 274, 1, 117, 0, 0, 0, 438751, 1, 0
77, 1241519377565, 1241519408769, 0, 0, 0, 0, 171151, 11, 2, 12770, 14, 2
775158, , , 7.3500000000000005, 0, 0, 0, 0, 1, 5, 929303, , 
797824, , , 1.6500000000000001, 0, 0, 0, 0, 15, 3, 82321, , 
79942, , , 59.900000000000006, 0, 0, 0, 0, 7, 3, 198149, , 
875917, 1241515625735, 1241515906197, 0, 102, 1, 50, 0, 0, 0, 0, 1, 
8938, 1241516761449, 1241517806905, 38.2, 1067, 3, 580.6666666666666, 0, 20, 7, 541655, 6, 1
895543, 1241522489137, 1241522899193, 0, 77, 1, 77, 0, 0, 0, 0, 1, 
89757, , , 161.20000000000002, 0, 0, 0, 0, 3, 74, 20260, , 
900329, 1241522980687, 1241524022637, 0, 3022, 7, 467.7142857142857, 1084285, 24, 5, 70557, 9, 2
900505, 1241513102849, 1241517887087, 0, 33, 1, 33, 0, 0, 0, 1090442, 2, 
917768, 1241520722434, 1241522318056, 0, 1632, 8, 204, 0, 0, 0, 0, 2, 
947832, 1241516097891, 1241517046907, 0, 296, 2, 91, 0, 0, 0, 1127083, 1, 
98232, 1241516482361, 1241517046436, 0, 403, 2, 110.5, 0, 0, 0, 1127083, 1, 
990799, , , 63.50000000000001, 0, 0, 0, 0, 5, 3, 836417, , 
995, , , 54.900000000000006, 0, 0, 0, 0, 12, 1, 12, , 
998652, , , 201.55, 0, 0, 0, 0, 3, 18, 990799, , 
<<<<EndTable

PlayersOnlineNow=12
PlayersOnlineEachMinute=0, 2, 6, 6, 7, 8, 8, 9, 9, 10, 10, 11, 11, 11, 11, 11, 11, 11, 11, 11, 11, 12, 13, 12, 13, 14, 15, 17, 16, 16, 16, 17, 17, 16, 18, 18, 19, 20, 21, 19, 16, 19, 17, 18, 17, 18, 18, 16, 16, 14, 14, 15, 15, 14, 14, 13, 12, 11, 12, 11, 10, 11, 11, 12, 12, 11, 11, 12, 14, 15, 14, 14, 14, 13, 13, 13, 13, 14, 14, 14, 14, 14, 15, 16, 16, 16, 16, 17, 18, 19, 18, 18, 16, 15, 15, 15, 15, 14, 15, 13, 13, 11, 10, 9, 9, 8, 7, 7, 7, 7, 7, 7, 6, 7, 6, 6, 6, 6, 6, 5, 5, 5, 4, 4, 3, 3, 3, 3, 3, 3, 3, 4, 3, 3, 3, 3, 3, 4, 4, 4, 5, 5, 6, 6, 6, 7, 7, 9, 9, 9, 7, 8, 7, 7, 8, 8, 9, 11, 11, 10, 10, 8, 7, 7, 7, 8, 8, 7, 7, 8, 8, 8, 8, 8, 7, 8, 8, 8, 9, 9, 9, 10, 10, 14, 14, 13, 14, 12, 13, 12, 10, 11, 12, 11, 11, 11, 11, 11, 11, 11, 12, 12, 12, 13, 12, 12, 11, 12, 11, 9, 10, 11, 10, 10, 10, 10, 10, 10, 11, 11
PlayersInEachFeedingGame=2, 2, 2, 2, 2, 1, 1, 2, 2, 2, 2, 2, 1, 2, 3, 3, 1, 2, 2, 2, 1, 2, 1, 1, 1, 1, 2, 1, 1, 2, 1, 2, 1, 1, 1, 1, 1, 2, 1, 1, 1, 1, 2, 2, 2, 2, 2, 1, 3, 2, 1, 2, 2, 2, 2, 2, 2, 2, 2, 2, 2, 2, 1, 2, 2, 1, 1, 1, 1, 1, 1, 1, 1, 1, 1, 1, 1, 1, 2, 1, 1, 1, 1, 2, 1, 1, 1, 1, 1, 1, 1, 1, 2, 1, 1, 1, 1, 1, 2, 1, 1, 1, 2, 1, 1, 1, 2, 2, 2, 2, 2, 2, 2, 1
PlayersStarted=131
PlayersQuit=119
StatsStartTime=1241511530959
StatsDumpTime=1241524731466
<<<<EndStats
2009-05-05 04:59:59,888 ERROR: vampire.server.feeding.FeedingRecord sendPlayerStartGameMsg [playerId=12791, prey=false, _predatorIndex=4139]
2009-05-05 05:00:12,373 ERROR: vampire.server.feeding.FeedingRecord sendPlayerStartGameMsg [playerId=206148, prey=false, _predatorIndex=]
2009-05-05 05:00:23,433 ERROR: vampire.server.feeding.FeedingRecord sendPlayerStartGameMsg [playerId=181253, prey=false, _predatorIndex=206148]
2009-05-05 05:00:30,988 ERROR: vampire.server.feeding.FeedingRecord sendPlayerStartGameMsg [playerId=181253, prey=false, _predatorIndex=]
2009-05-05 05:00:55,768 ERROR: vampire.server.feeding.FeedingRecord sendPlayerStartGameMsg [playerId=269484, prey=true, _predatorIndex=]
2009-05-05 05:00:55,769 ERROR: vampire.server.feeding.FeedingRecord sendPlayerStartGameMsg [playerId=438751, prey=false, _predatorIndex=]
2009-05-05 05:01:01,827 ERROR: vampire.server.feeding.FeedingRecord sendPlayerStartGameMsg [playerId=14467, prey=false, _predatorIndex=]
2009-05-05 05:03:39,854 ERROR: vampire.server.feeding.FeedingRecord sendPlayerStartGameMsg [playerId=1078621, prey=true, _predatorIndex=]
2009-05-05 05:03:39,854 ERROR: vampire.server.feeding.FeedingRecord sendPlayerStartGameMsg [playerId=269484, prey=false, _predatorIndex=]
2009-05-05 05:03:47,966 ERROR: vampire.server.feeding.FeedingRecord sendPlayerStartGameMsg [playerId=438751, prey=false, _predatorIndex=269484]
2009-05-05 05:04:33,129 ERROR: vampire.server.feeding.FeedingRecord sendPlayerStartGameMsg [playerId=438751, prey=true, _predatorIndex=]
2009-05-05 05:04:33,130 ERROR: vampire.server.feeding.FeedingRecord sendPlayerStartGameMsg [playerId=181253, prey=false, _predatorIndex=]
2009-05-05 05:05:43,172 ERROR: vampire.server.feeding.FeedingRecord sendPlayerStartGameMsg [playerId=14467, prey=false, _predatorIndex=]
2009-05-05 05:06:52,589 ERROR: vampire.server.feeding.FeedingRecord sendPlayerStartGameMsg [playerId=438751, prey=false, _predatorIndex=]
2009-05-05 05:07:31,678 ERROR: vampire.server.feeding.FeedingRecord sendPlayerStartGameMsg [playerId=438751, prey=true, _predatorIndex=]
2009-05-05 05:07:31,679 ERROR: vampire.server.feeding.FeedingRecord sendPlayerStartGameMsg [playerId=269484, prey=false, _predatorIndex=]
2009-05-05 05:07:57,274 ERROR: vampire.server.feeding.FeedingRecord sendPlayerStartGameMsg [playerId=14467, prey=false, _predatorIndex=]
2009-05-05 05:08:05,559 ERROR: vampire.server.feeding.FeedingRecord sendPlayerStartGameMsg [playerId=1080004, prey=false, _predatorIndex=269484]
2009-05-05 05:08:26,984 ERROR: vampire.server.feeding.FeedingRecord sendPlayerStartGameMsg [playerId=1080004, prey=false, _predatorIndex=14467]
2009-05-05 05:08:31,813 ERROR: vampire.server.feeding.FeedingRecord sendPlayerStartGameMsg [playerId=1080004, prey=false, _predatorIndex=]

>>>>BeginStats

>>>>BeginTable
PlayerId, StartTime, EndTime, ProgenyPayout, XPFromFeeding, FeedingGames, MeanFeedingScore, BloodBond, Progeny, GrandProgeny, Sire, Level, Invites
101493, , , 37.7, 0, 0, 0, 0, 2, 1, 52887, , 
1015780, 1241523912773, 1241524068658, 0, 0, 0, 0, 0, 0, 0, 0, 1, 
1031623, 1241516018790, 1241518913890, 0, 727, 5, 116.6, 0, 0, 0, 0, 2, 
1032648, , , 33.900000000000006, 0, 0, 0, 0, 4, 2, 234337, , 
1032874, 1241524717548, , 0, 0, 0, 0, 1090611, 2, 0, 1127083, 4, 0
103634, , , 49.8, 0, 0, 0, 0, 1, 2, 369681, , 
106069, 1241514107560, 1241515047867, 0, 754, 3, 222, 236834, 14, 11, 236834, 7, 1
1078621, 1241523805838, , 0, 1445, 7, 169.71428571428572, 0, 0, 0, 285205, 3, 0
1080004, 1241525160097, , 0, 0, 0, 0, 0, 0, 0, 674637, 1, 0
1084544, 1241524582768, 1241524673859, 0, 0, 0, 0, 0, 0, 0, 543921, 1, 
1090442, , , 3.3000000000000003, 0, 0, 0, 0, 3, 0, 797824, , 
1090611, 1241520004892, , 22.6, 226, 1, 306, 1032874, 2, 0, 1032648, 4, 0
1110484, 1241522644193, 1241522725111, 0, 0, 0, 0, 153097, 0, 0, 153097, 3, 
1113643, 1241523067531, 1241523953827, 0, 1011, 8, 134.875, 0, 0, 0, 0, 2, 
1122449, , , 72.55, 0, 0, 0, 0, 10, 2, 555728, , 
1127083, 1241515594868, 1241518317310, 232.6, 1270, 7, 241.14285714285714, 998652, 18, 3, 998652, 5, 1
112883, 1241520196412, 1241520210093, 0, 0, 0, 0, 0, 0, 0, 0, 1, 
1129419, 1241511631636, 1241511821147, 0, 0, 0, 0, 0, 0, 0, 0, 1, 
1131319, 1241520329746, 1241523083040, 0, 107, 1, 97, 0, 0, 0, 432820, 1, 
1133060, 1241513645701, 1241513954334, 0, 91, 1, 91, 0, 0, 0, 0, 1, 
1135140, 1241522472154, 1241522631740, 0, 0, 0, 0, 0, 0, 0, 998652, 1, 
1155030, 1241513807655, 1241513884883, 0, 0, 0, 0, 0, 0, 0, 0, 1, 
1176163, 1241517082688, 1241517659523, 0, 382, 1, 91, 0, 0, 0, 8938, 1, 
1182151, 1241511894464, 1241514833891, 0, 563, 5, 108.4, 0, 0, 0, 2606, 2, 
118454, 1241513944251, 1241514787593, 0, 250, 2, 125, 0, 0, 0, 510740, 1, 0
1185449, 1241511586021, 1241514707679, 0, 147, 1, 125, 0, 0, 0, 22308, 2, 
1187382, 1241520837115, 1241521138406, 0, 0, 0, 0, 0, 0, 0, 0, 1, 
1192337, , , 140.9, 0, 0, 0, 0, 15, 14, 1012813, , 
12, , , 392.15000000000003, 0, 0, 0, 0, 20, 60, 383387, , 
1203484, 1241516696986, 1241516717165, 0, 229, 2, 114.5, 0, 0, 0, 30152, 2, 
1204321, 1241522153332, 1241523233921, 0, 373, 4, 93.25, 0, 0, 0, 0, 1, 
1223973, 1241523471616, 1241524240541, 0, 350, 2, 175, 0, 0, 0, 0, 1, 
1230390, 1241512061271, 1241513597514, 0, 336, 3, 99.33333333333333, 0, 0, 0, 0, 1, 
1238948, 1241522388517, 1241522697828, 0, 94, 1, 92, 0, 0, 0, 0, 1, 
1241345, 1241522630784, 1241522666929, 0, 0, 0, 0, 0, 0, 0, 0, 1, 
1241515, 1241513058461, 1241513259020, 0, 0, 0, 0, 0, 0, 0, 153097, 1, 
1243016, 1241520403738, 1241520492202, 0, 0, 0, 0, 0, 0, 0, 0, 1, 
1247243, 1241523018884, 1241523420705, 0, 126, 1, 126, 0, 0, 0, 0, 1, 
1249006, 1241525325092, , 0, 0, 0, 0, 0, 0, 0, 0, 1, 0
1255618, 1241522003542, 1241523872025, 0, 969, 9, 108.66666666666667, 0, 0, 0, 206148, 2, 
1259111, 1241515511878, 1241517562139, 0, 1670, 14, 109.71428571428571, 0, 0, 0, 546821, 2, 
1259194, 1241512615390, 1241512660174, 0, 0, 0, 0, 0, 0, 0, 0, 1, 
1259307, 1241513104635, 1241513153878, 0, 0, 0, 0, 0, 0, 0, 0, 1, 
1260053, 1241514327371, 1241514413932, 0, 0, 0, 0, 0, 0, 0, 1127083, 1, 
1260498, 1241516594372, 1241516619863, 0, 0, 0, 0, 0, 0, 0, 0, 1, 
1261187, 1241520220030, 1241521077956, 0, 211, 2, 105.5, 0, 0, 0, 0, 1, 
1261213, 1241521420248, 1241521493861, 0, 0, 0, 0, 0, 0, 0, 0, 1, 
126451, , , 53.35000000000001, 0, 0, 0, 0, 3, 1, 77874, , 
1265, 1241523605700, 1241524063375, 0, 0, 0, 0, 713, 15, 34, 12, 16, 3
12770, , , 347.20000000000005, 0, 0, 0, 0, 23, 35, 383387, , 
12791, 1241524678753, 1241525315232, 0, 1489, 3, 275.3333333333333, 0, 13, 22, 12, 12, 2
133336, 1241520610667, 1241520634460, 0, 0, 0, 0, 0, 0, 0, 317383, 1, 0
14467, 1241524842691, , 0, 3703, 18, 169.55555555555554, 0, 0, 0, 58859, 3, 0
149684, 1241520895387, 1241521145379, 0, 0, 0, 0, 0, 3, 5, 184167, 5, 5
154004, , , 72.25000000000001, 0, 0, 0, 0, 8, 6, 90041, , 
166371, , , 291.40000000000003, 0, 0, 0, 0, 4, 4, 267622, , 
174092, 1241513355546, 1241517287751, 0, 204, 2, 126, 0, 0, 0, 562060, 3, 
181253, 1241524791349, 1241525320102, 0, 498, 2, 190.5, 0, 2, 0, 103634, 6, 3
181738, 1241515278082, 1241517084626, 0, 0, 0, 0, 0, 5, 4, 12791, 7, 5
182454, 1241524835109, 1241524869670, 0, 0, 0, 0, 0, 0, 0, 99877, 3, 0
190687, , , 747.4000000000001, 0, 0, 0, 0, 7, 1, 383937, , 
192104, 1241512775131, 1241513874610, 0, 570, 4, 111.25, 0, 0, 0, 1127083, 1, 
1975, 1241511759176, 1241513854100, 0, 209, 2, 141.5, 0, 0, 0, 0, 1, 
198149, , , 29.950000000000003, 0, 0, 0, 0, 1, 7, 380604, , 
20260, , , 14.8, 0, 0, 0, 0, 2, 5, 12, , 
206148, 1241524169214, 1241524858564, 96.89999999999999, 241, 2, 112, 0, 1, 0, 1122449, 3, 
210163, , , 177.1, 0, 0, 0, 0, 12, 5, 255725, , 
22308, , , 14.700000000000001, 0, 0, 0, 0, 5, 0, 775158, , 
228890, 1241513919872, 1241514028051, 0, 563, 5, 137.8, 0, 0, 0, 0, 1, 
230164, 1241511592645, 1241523649961, 0, 14948, 21, 700.4285714285714, 510740, 11, 9, 250837, 19, 2
234337, , , 11.3, 0, 0, 0, 0, 5, 4, 97523, , 
236834, , , 75.4, 0, 0, 0, 0, 1, 14, 101493, , 
240287, 1241513982196, 1241514299351, 0, 0, 0, 0, 0, 0, 0, 0, 1, 
250837, , , 1494.8000000000002, 0, 0, 0, 0, 1, 11, 190687, , 
251792, 1241517353367, 1241517649140, 0, 117, 1, 117, 0, 0, 0, 0, 1, 
255725, , , 81.7, 0, 0, 0, 0, 1, 12, 309124, , 
2606, , , 56.300000000000004, 0, 0, 0, 0, 8, 0, 307471, , 
267622, , , 145.70000000000002, 0, 0, 0, 0, 2, 4, 1632, , 
269484, 1241519718558, , 0, 2914, 12, 263.0833333333333, 1124156, 4, 0, 166371, 6, 1
285205, , , 144.50000000000003, 0, 0, 0, 0, 6, 0, 154004, , 
288468, 1241524070314, 1241524878400, 0, 599, 2, 110.5, 0, 1, 0, 79942, 4, 1
30152, , , 22.900000000000002, 0, 0, 0, 0, 4, 0, 40683, , 
3024, 1241516813308, 1241518841456, 0, 465, 2, 175, 0, 0, 0, 1090611, 1, 
307471, , , 28.150000000000002, 0, 0, 0, 0, 2, 17, 12, , 
32314, 1241512958019, 1241514102774, 0, 0, 0, 0, 635003, 10, 14, 40508, 13, 2
323961, 1241513980782, 1241514292223, 0, 0, 0, 0, 0, 0, 0, 336524, 1, 
359234, 1241513558649, 1241515428238, 0, 1063, 7, 137.42857142857142, 0, 0, 0, 54776, 2, 
363172, 1241514588483, 1241515110408, 0, 0, 0, 0, 0, 0, 0, 600946, 2, 0
369681, , , 24.9, 0, 0, 0, 0, 2, 1, 1704, , 
383387, , , 248.05000000000004, 0, 0, 0, 0, 7, 56, 0, , 
392358, 1241521161821, 1241521244349, 0, 0, 0, 0, 0, 0, 0, 308755, 1, 0
396113, , , 588.0999999999999, 0, 0, 0, 0, 2, 9, 44987, , 
40683, , , 11.450000000000001, 0, 0, 0, 0, 1, 4, 388185, , 
4139, 1241523992111, 1241525278847, 76.30000000000001, 4316, 8, 507.375, 44987, 21, 23, 713, 17, 3
415271, 1241522780601, 1241523091092, 0, 0, 0, 0, 0, 10, 2, 66689, 4, 0
43402, 1241521322298, 1241521330637, 0, 0, 0, 0, 29810, 11, 13, 123961, 11, 3
438751, 1241523241906, , 27.400000000000002, 1634, 8, 275.5, 35568, 5, 1, 210163, 6, 1
445660, , , 747.4000000000001, 0, 0, 0, 0, 4, 7, 54812, , 
44987, 1241522662588, , 206.64999999999998, 3472, 6, 749, 4139, 17, 18, 12770, 14, 2
457756, 1241523704504, 1241523814186, 0, 0, 0, 0, 0, 1, 0, 415271, 4, 0
502119, , , 151.10000000000002, 0, 0, 0, 0, 9, 5, 22707, , 
510740, 1241511613247, 1241523982850, 55.7, 14948, 21, 722.6190476190476, 230164, 69, 46, 534632, 20, 19
5153, 1241512181048, 1241513823866, 0, 549, 3, 226, 0, 1, 0, 995, 8, 1
52350, 1241518295315, 1241518642430, 0, 2818, 10, 212, 0, 2, 0, 674637, 4, 
534632, , , 1522.65, 0, 0, 0, 0, 7, 69, 445660, , 
541655, , , 125.80000000000001, 0, 0, 0, 0, 1, 20, 126451, , 
546821, 1241511597228, , 166.99999999999997, 222, 2, 116.5, 0, 1, 0, 1127083, 2, 0
54776, 1241522536993, 1241522818757, 263.20000000000005, 296, 2, 198.5, 0, 74, 32, 89757, 15, 3
548980, 1241516448850, 1241517441874, 0, 763, 6, 112.5, 0, 0, 0, 4139, 2, 
555728, , , 12.05, 0, 0, 0, 0, 16, 10, 1101, , 
560243, 1241516709757, 1241517420340, 0, 307, 2, 190, 616590, 0, 0, 510740, 4, 0
562060, , , 20.400000000000002, 0, 0, 0, 0, 5, 0, 592692, , 
56670, 1241521649011, 1241521913850, 0, 0, 0, 0, 0, 0, 0, 0, 1, 
58859, 1241523499898, 1241523754374, 349.6, 4133, 17, 326.4117647058824, 43017, 9, 4, 396113, 14, 2
592692, , , 10.200000000000001, 0, 0, 0, 0, 8, 5, 283305, , 
634607, 1241513678098, 1241517063555, 0, 1569, 6, 276, 0, 2, 2, 54776, 4, 
674637, , , 281.8, 0, 0, 0, 0, 11, 2, 1192337, , 
70557, , , 302.20000000000005, 0, 0, 0, 0, 5, 24, 502119, , 
713, , , 469.75000000000006, 0, 0, 0, 0, 11, 26, 12, , 
73961, 1241525096745, 1241525100745, 0, 274, 1, 117, 0, 0, 0, 438751, 1, 
77, 1241519377565, 1241519408769, 0, 0, 0, 0, 171151, 11, 2, 12770, 14, 2
775158, , , 7.3500000000000005, 0, 0, 0, 0, 1, 5, 929303, , 
797824, , , 1.6500000000000001, 0, 0, 0, 0, 15, 3, 82321, , 
79942, , , 59.900000000000006, 0, 0, 0, 0, 7, 3, 198149, , 
875917, 1241515625735, 1241515906197, 0, 102, 1, 50, 0, 0, 0, 0, 1, 
87714, 1241524780258, 1241524878909, 0, 0, 0, 0, 0, 9, 3, 351430, 9, 6
8938, 1241516761449, 1241517806905, 38.2, 1067, 3, 580.6666666666666, 0, 20, 7, 541655, 6, 1
895543, 1241522489137, 1241522899193, 0, 77, 1, 77, 0, 0, 0, 0, 1, 
89757, , , 161.20000000000002, 0, 0, 0, 0, 3, 74, 20260, , 
900329, 1241522980687, 1241524022637, 0, 3022, 7, 467.7142857142857, 1084285, 24, 5, 70557, 9, 2
900505, 1241513102849, 1241517887087, 0, 33, 1, 33, 0, 0, 0, 1090442, 2, 
917768, 1241520722434, 1241522318056, 0, 1632, 8, 204, 0, 0, 0, 0, 2, 
947832, 1241516097891, 1241517046907, 0, 296, 2, 91, 0, 0, 0, 1127083, 1, 
98232, 1241516482361, 1241517046436, 0, 403, 2, 110.5, 0, 0, 0, 1127083, 1, 
990799, , , 63.50000000000001, 0, 0, 0, 0, 5, 3, 836417, , 
995, , , 54.900000000000006, 0, 0, 0, 0, 12, 1, 12, , 
998652, , , 201.55, 0, 0, 0, 0, 3, 18, 990799, , 
<<<<EndTable

PlayersOnlineNow=10
PlayersOnlineEachMinute=0, 2, 6, 6, 7, 8, 8, 9, 9, 10, 10, 11, 11, 11, 11, 11, 11, 11, 11, 11, 11, 12, 13, 12, 13, 14, 15, 17, 16, 16, 16, 17, 17, 16, 18, 18, 19, 20, 21, 19, 16, 19, 17, 18, 17, 18, 18, 16, 16, 14, 14, 15, 15, 14, 14, 13, 12, 11, 12, 11, 10, 11, 11, 12, 12, 11, 11, 12, 14, 15, 14, 14, 14, 13, 13, 13, 13, 14, 14, 14, 14, 14, 15, 16, 16, 16, 16, 17, 18, 19, 18, 18, 16, 15, 15, 15, 15, 14, 15, 13, 13, 11, 10, 9, 9, 8, 7, 7, 7, 7, 7, 7, 6, 7, 6, 6, 6, 6, 6, 5, 5, 5, 4, 4, 3, 3, 3, 3, 3, 3, 3, 4, 3, 3, 3, 3, 3, 4, 4, 4, 5, 5, 6, 6, 6, 7, 7, 9, 9, 9, 7, 8, 7, 7, 8, 8, 9, 11, 11, 10, 10, 8, 7, 7, 7, 8, 8, 7, 7, 8, 8, 8, 8, 8, 7, 8, 8, 8, 9, 9, 9, 10, 10, 14, 14, 13, 14, 12, 13, 12, 10, 11, 12, 11, 11, 11, 11, 11, 11, 11, 12, 12, 12, 13, 12, 12, 11, 12, 11, 9, 10, 11, 10, 10, 10, 10, 10, 10, 11, 11, 12, 14, 15, 11, 11, 12, 11, 11, 12, 12
PlayersInEachFeedingGame=2, 2, 2, 2, 2, 1, 1, 2, 2, 2, 2, 2, 1, 2, 3, 3, 1, 2, 2, 2, 1, 2, 1, 1, 1, 1, 2, 1, 1, 2, 1, 2, 1, 1, 1, 1, 1, 2, 1, 1, 1, 1, 2, 2, 2, 2, 2, 1, 3, 2, 1, 2, 2, 2, 2, 2, 2, 2, 2, 2, 2, 2, 1, 2, 2, 1, 1, 1, 1, 1, 1, 1, 1, 1, 1, 1, 1, 1, 2, 1, 1, 1, 1, 2, 1, 1, 1, 1, 1, 1, 1, 1, 2, 1, 1, 1, 1, 1, 2, 1, 1, 1, 2, 1, 1, 1, 2, 2, 2, 2, 2, 2, 2, 1, 1, 1, 2, 1, 2, 2, 1, 2, 1, 1
PlayersStarted=144
PlayersQuit=134
StatsStartTime=1241511530959
StatsDumpTime=1241525331487
<<<<EndStats
2009-05-05 05:09:20,067 ERROR: vampire.server.feeding.FeedingRecord sendPlayerStartGameMsg [playerId=1032874, prey=false, _predatorIndex=]
2009-05-05 05:11:17,952 ERROR: vampire.server.feeding.FeedingRecord sendPlayerStartGameMsg [playerId=915816, prey=false, _predatorIndex=14467,1080004]
2009-05-05 05:13:34,459 ERROR: vampire.server.feeding.FeedingRecord sendPlayerStartGameMsg [playerId=1204321, prey=false, _predatorIndex=269484,1080004]
2009-05-05 05:13:56,162 ERROR: vampire.server.feeding.FeedingRecord sendPlayerStartGameMsg [playerId=1204321, prey=false, _predatorIndex=269484,1080004,1204321]
2009-05-05 05:14:57,041 ERROR: vampire.server.feeding.FeedingRecord sendPlayerStartGameMsg [playerId=14467, prey=false, _predatorIndex=]
2009-05-05 05:15:47,187 ERROR: vampire.server.feeding.FeedingRecord sendPlayerStartGameMsg [playerId=1254072, prey=false, _predatorIndex=]
2009-05-05 05:17:16,382 ERROR: vampire.server.feeding.FeedingRecord sendPlayerStartGameMsg [playerId=14467, prey=false, _predatorIndex=1254072]
2009-05-05 05:17:49,029 ERROR: vampire.server.feeding.FeedingRecord sendPlayerStartGameMsg [playerId=14467, prey=false, _predatorIndex=269484,1080004,1204321]
2009-05-05 05:18:20,029 ERROR: vampire.server.feeding.FeedingRecord sendPlayerStartGameMsg [playerId=313682, prey=false, _predatorIndex=269484,1080004,1204321,14467]

