
>>>>BeginStats

>>>>BeginTable
PlayerId, StartTime, EndTime, ProgenyPayout, XPFromFeeding, FeedingGames, MeanFeedingScore, BloodBond, Progeny, GrandProgeny, Sire, Level, Invites
101493, , , 37.7, 0, 0, 0, 0, 2, 1, 52887, , 
1015780, 1241523912773, 1241524068658, 0, 0, 0, 0, 0, 0, 0, 0, 1, 
1025753, 1241528201556, 1241528211091, 0, 0, 0, 0, 0, 0, 0, 0, 1, 
1031623, 1241516018790, 1241518913890, 0, 727, 5, 116.6, 0, 0, 0, 0, 2, 
1032648, , , 92.75, 0, 0, 0, 0, 4, 2, 234337, , 
1032874, 1241524717548, 1241525633737, 0, 99, 1, 99, 1090611, 2, 0, 1127083, 4, 
103634, , , 49.8, 0, 0, 0, 0, 1, 2, 369681, , 
104304, , , 33.2, 0, 0, 0, 0, 1, 1, 36377, , 
106069, 1241514107560, 1241515047867, 0, 754, 3, 222, 236834, 14, 11, 236834, 7, 1
1062853, , , 59.25000000000001, 0, 0, 0, 0, 9, 16, 1124214, , 
1078621, 1241523805838, 1241527393142, 45.6, 2278, 13, 160.15384615384616, 0, 1, 0, 285205, 3, 
1080004, 1241525160097, 1241525470667, 0, 93, 1, 93, 0, 0, 0, 674637, 1, 
1084544, 1241524582768, 1241524673859, 0, 0, 0, 0, 0, 0, 0, 543921, 1, 
108722, 1241530042869, , 0, 0, 0, 0, 182501, 1, 0, 54776, 3, 0
1090442, , , 3.3000000000000003, 0, 0, 0, 0, 3, 0, 797824, , 
1090611, 1241520004892, 1241526874892, 140.3, 226, 1, 306, 1032874, 2, 0, 1032648, 4, 
1108399, 1241526522424, 1241527553857, 0, 397, 2, 120, 0, 0, 0, 153097, 1, 
1110484, 1241526162090, 1241526767633, 0, 788, 3, 217.66666666666666, 153097, 0, 0, 153097, 4, 
1113643, 1241523067531, 1241523953827, 0, 1011, 8, 134.875, 0, 0, 0, 0, 2, 
111646, 1241529401711, 1241529570787, 0, 0, 0, 0, 0, 0, 0, 0, 1, 
1122449, , , 72.55, 0, 0, 0, 0, 10, 2, 555728, , 
1127083, 1241515594868, 1241518317310, 242.5, 1270, 7, 241.14285714285714, 998652, 18, 3, 998652, 5, 1
112883, 1241520196412, 1241520210093, 0, 0, 0, 0, 0, 0, 0, 0, 1, 
1129419, 1241511631636, 1241511821147, 0, 0, 0, 0, 0, 0, 0, 0, 1, 
1131319, 1241520329746, 1241523083040, 0, 107, 1, 97, 0, 0, 0, 432820, 1, 
1133060, 1241513645701, 1241513954334, 0, 91, 1, 91, 0, 0, 0, 0, 1, 
1135140, 1241522472154, 1241522631740, 0, 0, 0, 0, 0, 0, 0, 998652, 1, 
1139795, 1241528711288, 1241530055534, 0, 484, 3, 152, 0, 0, 0, 71724, 1, 
1140626, 1241529638584, , 0, 590, 3, 161, 0, 0, 0, 438751, 1, 0
1152820, 1241529335964, 1241529468174, 0, 0, 0, 0, 0, 0, 0, 0, 1, 
1155030, 1241513807655, 1241513884883, 0, 0, 0, 0, 0, 0, 0, 0, 1, 
11600, 1241529913144, , 0, 0, 0, 0, 497122, 6, 0, 171581, 7, 7
1176163, 1241517082688, 1241517659523, 0, 382, 1, 91, 0, 0, 0, 8938, 1, 
1182151, 1241511894464, 1241514833891, 0, 563, 5, 108.4, 0, 0, 0, 2606, 2, 
118454, 1241513944251, 1241514787593, 0, 250, 2, 125, 0, 0, 0, 510740, 1, 0
1185449, 1241511586021, 1241514707679, 0, 147, 1, 125, 0, 0, 0, 22308, 2, 
1187382, 1241526652827, 1241528271428, 0, 668, 3, 146.33333333333334, 0, 0, 0, 438751, 1, 
1190111, 1241529299322, 1241529299816, 0, 0, 0, 0, 0, 0, 0, 0, 1, 
1192337, , , 145.55, 0, 0, 0, 0, 15, 14, 1012813, , 
1193805, 1241526007086, , 0, 0, 0, 0, 0, 0, 0, 0, 1, 0
12, , , 392.15000000000003, 0, 0, 0, 0, 20, 62, 383387, , 
120076, , , 209.70000000000002, 0, 0, 0, 0, 11, 0, 34987, , 
1203484, 1241516696986, 1241516717165, 0, 229, 2, 114.5, 0, 0, 0, 30152, 2, 
1204321, 1241526010485, 1241527899614, 0, 2515, 14, 124.78571428571429, 0, 0, 0, 438751, 2, 
1204540, 1241525996110, 1241527300629, 0, 456, 4, 107.5, 0, 0, 0, 1078621, 1, 
1206590, 1241529716011, 1241530094209, 0, 55, 2, 9, 0, 0, 0, 0, 1, 
1223973, 1241523471616, 1241524240541, 0, 350, 2, 175, 0, 0, 0, 0, 1, 
1230390, 1241512061271, 1241513597514, 0, 336, 3, 99.33333333333333, 0, 0, 0, 0, 1, 
1237789, 1241528725567, 1241529216085, 0, 2532, 8, 384.625, 0, 1, 2, 510740, 4, 
1238948, 1241522388517, 1241522697828, 0, 94, 1, 92, 0, 0, 0, 0, 1, 
1241345, 1241522630784, 1241522666929, 0, 0, 0, 0, 0, 0, 0, 0, 1, 
1241515, 1241513058461, 1241513259020, 0, 0, 0, 0, 0, 0, 0, 153097, 1, 
1243016, 1241520403738, 1241520492202, 0, 0, 0, 0, 0, 0, 0, 0, 1, 
1244409, 1241525573867, 1241525674817, 0, 0, 0, 0, 0, 0, 0, 0, 1, 
124585, 1241527054750, 1241528366823, 0, 457, 3, 170, 0, 5, 7, 143278, 7, 1
1247243, 1241523018884, 1241523420705, 0, 126, 1, 126, 0, 0, 0, 0, 1, 
1249006, 1241525325092, 1241525344687, 0, 0, 0, 0, 0, 0, 0, 0, 1, 
1249425, 1241529863277, , 0, 126, 1, 132, 0, 0, 0, 0, 1, 0
1252375, 1241527061790, 1241527138249, 0, 0, 0, 0, 0, 0, 0, 217283, 1, 
1254072, 1241525736949, 1241525858243, 0, 0, 0, 0, 0, 0, 0, 0, 2, 
1255618, 1241522003542, 1241523872025, 0, 969, 9, 108.66666666666667, 0, 0, 0, 206148, 2, 
1259111, 1241515511878, 1241517562139, 0, 1670, 14, 109.71428571428571, 0, 0, 0, 546821, 2, 
1259194, 1241512615390, 1241512660174, 0, 0, 0, 0, 0, 0, 0, 0, 1, 
1259307, 1241513104635, 1241513153878, 0, 0, 0, 0, 0, 0, 0, 0, 1, 
1260053, 1241514327371, 1241514413932, 0, 0, 0, 0, 0, 0, 0, 1127083, 1, 
1260498, 1241516594372, 1241516619863, 0, 0, 0, 0, 0, 0, 0, 0, 1, 
1261187, 1241520220030, 1241521077956, 0, 211, 2, 105.5, 0, 0, 0, 0, 1, 
1261213, 1241521420248, 1241521493861, 0, 0, 0, 0, 0, 0, 0, 0, 1, 
1262369, 1241526370434, 1241526370777, 0, 0, 0, 0, 0, 0, 0, 0, 1, 
1262824, 1241526354390, 1241526473915, 0, 0, 0, 0, 0, 0, 0, 0, 1, 
1263573, 1241528372263, 1241528573866, 0, 0, 0, 0, 0, 0, 0, 0, 1, 
126451, , , 53.35000000000001, 0, 0, 0, 0, 3, 1, 77874, , 
1265, 1241523605700, 1241524063375, 0, 0, 0, 0, 713, 15, 34, 12, 16, 3
12770, , , 347.20000000000005, 0, 0, 0, 0, 23, 35, 383387, , 
12791, 1241524678753, 1241525315232, 0, 1489, 3, 275.3333333333333, 0, 13, 22, 12, 12, 2
133336, 1241520610667, 1241520634460, 0, 0, 0, 0, 0, 0, 0, 317383, 1, 0
137000, , , 22.85, 0, 0, 0, 0, 1, 8, 164466, , 
143278, , , 45.7, 0, 0, 0, 0, 8, 5, 137000, , 
14467, 1241525594274, 1241527599114, 77.9, 5799, 30, 185.23333333333332, 0, 1, 0, 58859, 3, 
149666, 1241526918046, 1241527431077, 0, 411, 3, 124.33333333333333, 0, 0, 0, 297654, 2, 0
149684, 1241520895387, 1241521145379, 0, 0, 0, 0, 0, 3, 5, 184167, 5, 5
153097, , , 118.50000000000001, 0, 0, 0, 0, 16, 0, 1062853, , 
154004, , , 113.90000000000002, 0, 0, 0, 0, 8, 6, 90041, , 
158892, 1241526119792, 1241526177842, 0, 0, 0, 0, 0, 0, 0, 224560, 1, 
166371, , , 610.2, 0, 0, 0, 0, 4, 4, 267622, , 
174092, 1241513355546, 1241517287751, 0, 204, 2, 126, 0, 0, 0, 562060, 3, 
181253, 1241524791349, 1241525320102, 0, 498, 2, 190.5, 0, 2, 0, 103634, 6, 3
181738, 1241515278082, 1241517084626, 20.55, 0, 0, 0, 0, 5, 4, 12791, 7, 5
182454, 1241524835109, 1241524869670, 0, 0, 0, 0, 0, 0, 0, 99877, 3, 0
185295, , , 15.5, 0, 0, 0, 0, 1, 1, 113546, , 
190687, , , 747.4000000000001, 0, 0, 0, 0, 7, 1, 383937, , 
192104, 1241512775131, 1241513874610, 0, 570, 4, 111.25, 0, 0, 0, 1127083, 1, 
1975, 1241511759176, 1241513854100, 0, 209, 2, 141.5, 0, 0, 0, 0, 1, 
198149, , , 29.950000000000003, 0, 0, 0, 0, 1, 7, 380604, , 
199246, 1241527577059, 1241527996994, 0, 257, 2, 107, 0, 0, 0, 8938, 1, 
20260, , , 14.8, 0, 0, 0, 0, 2, 5, 12, , 
203784, , , 31, 0, 0, 0, 0, 1, 0, 185295, , 
206148, 1241524169214, 1241524858564, 96.89999999999999, 241, 2, 112, 0, 1, 0, 1122449, 3, 
210163, , , 943.4999999999997, 0, 0, 0, 0, 12, 9, 255725, , 
22308, , , 14.700000000000001, 0, 0, 0, 0, 5, 0, 775158, , 
223494, , , 58.7, 0, 0, 0, 0, 1, 1, 179687, , 
228890, 1241513919872, 1241514028051, 0, 563, 5, 137.8, 0, 0, 0, 0, 1, 
230164, 1241511592645, 1241523649961, 0, 14948, 21, 700.4285714285714, 510740, 11, 9, 250837, 19, 2
234337, , , 11.3, 0, 0, 0, 0, 5, 4, 97523, , 
236834, , , 75.4, 0, 0, 0, 0, 1, 14, 101493, , 
240287, 1241513982196, 1241514299351, 0, 0, 0, 0, 0, 0, 0, 0, 1, 
247929, 1241529550235, , 0, 332, 3, 112.66666666666667, 0, 1, 0, 104304, 2, 0
250837, , , 1494.8000000000002, 0, 0, 0, 0, 1, 11, 190687, , 
251792, 1241517353367, 1241517649140, 0, 117, 1, 117, 0, 0, 0, 0, 1, 
255725, , , 379.64999999999986, 0, 0, 0, 0, 1, 12, 309124, , 
2606, , , 56.300000000000004, 0, 0, 0, 0, 8, 0, 307471, , 
267006, 1241527448117, 1241529047302, 0, 283, 1, 111, 0, 0, 0, 438751, 1, 
267622, , , 305.1, 0, 0, 0, 0, 2, 4, 1632, , 
269484, 1241519718558, 1241526833955, 0, 6102, 22, 323.6363636363636, 1124156, 4, 0, 166371, 6, 1
285205, , , 250.60000000000002, 0, 0, 0, 0, 6, 1, 154004, , 
288468, 1241524070314, 1241524878400, 0, 599, 2, 110.5, 0, 1, 0, 79942, 4, 1
297654, , , 41.1, 0, 0, 0, 0, 4, 1, 181738, , 
300349, 1241526095238, 1241527745522, 0, 779, 4, 100.25, 0, 0, 0, 217283, 1, 
30152, , , 22.900000000000002, 0, 0, 0, 0, 4, 0, 40683, , 
3024, 1241525912763, 1241527390558, 0, 1642, 9, 126.44444444444444, 0, 0, 0, 1090611, 2, 
30534, 1241529776318, , 0, 310, 2, 134.5, 0, 0, 0, 203784, 2, 0
307471, , , 28.150000000000002, 0, 0, 0, 0, 2, 17, 12, , 
313682, 1241525893361, 1241526051552, 0, 187, 1, 142, 0, 1, 0, 510740, 1, 0
32314, 1241512958019, 1241514102774, 0, 0, 0, 0, 635003, 10, 14, 40508, 13, 2
323961, 1241513980782, 1241514292223, 0, 0, 0, 0, 0, 0, 0, 336524, 1, 
336228, , , 18.85, 0, 0, 0, 0, 9, 14, 307471, , 
338409, 1241526049587, 1241526448460, 0, 485, 2, 242.5, 0, 5, 4, 65584, 6, 3
340529, 1241527941555, 1241528288419, 0, 0, 0, 0, 0, 0, 0, 0, 1, 0
34987, , , 115.75000000000001, 0, 0, 0, 0, 2, 12, 8842, , 
351430, , , 37.7, 0, 0, 0, 0, 11, 28, 336228, , 
351626, , , 24.25, 0, 0, 0, 0, 7, 8, 183403, , 
35568, 1241527883144, 1241527973833, 0, 0, 0, 0, 438751, 2, 27, 258951, 4, 
359234, 1241513558649, 1241515428238, 0, 1063, 7, 137.42857142857142, 0, 0, 0, 54776, 2, 
363172, 1241514588483, 1241515110408, 0, 0, 0, 0, 0, 0, 0, 600946, 2, 0
36377, , , 16.6, 0, 0, 0, 0, 4, 1, 453809, , 
369681, , , 24.9, 0, 0, 0, 0, 2, 1, 1704, , 
383387, , , 248.05000000000004, 0, 0, 0, 0, 7, 56, 0, , 
392358, 1241521161821, 1241521244349, 0, 0, 0, 0, 0, 0, 0, 308755, 1, 0
396113, , , 692.8999999999999, 0, 0, 0, 0, 2, 9, 44987, , 
401464, 1241529556639, 1241529713899, 0, 0, 0, 0, 0, 0, 0, 0, 1, 0
40683, , , 11.450000000000001, 0, 0, 0, 0, 1, 4, 388185, , 
4139, 1241523992111, 1241525278847, 76.30000000000001, 4316, 8, 507.375, 44987, 21, 23, 713, 17, 3
415271, 1241522780601, 1241523091092, 0, 0, 0, 0, 0, 10, 2, 66689, 4, 0
43402, 1241521322298, 1241521330637, 0, 0, 0, 0, 29810, 11, 13, 123961, 11, 3
438751, 1241523241906, , 368.40000000000003, 7593, 28, 353.75, 35568, 9, 1, 210163, 7, 1
445660, , , 747.4000000000001, 0, 0, 0, 0, 4, 7, 54812, , 
447249, 1241529362963, 1241529559019, 0, 0, 0, 0, 10642, 3, 3, 199427, 14, 2
44987, 1241522662588, 1241525393772, 206.64999999999998, 3472, 6, 749, 4139, 17, 18, 12770, 14, 2
457756, 1241523704504, 1241523814186, 0, 0, 0, 0, 0, 1, 0, 415271, 4, 0
468188, 1241530100409, , 0, 377, 3, 142, 0, 19, 5, 351430, 6, 17
49013, 1241528618400, , 0, 508, 4, 122.25, 0, 0, 0, 0, 1, 0
502119, , , 151.10000000000002, 0, 0, 0, 0, 9, 5, 22707, , 
510740, 1241511613247, 1241523982850, 327.6, 14948, 21, 722.6190476190476, 230164, 69, 46, 534632, 20, 19
5153, 1241512181048, 1241513823866, 0, 549, 3, 226, 0, 1, 0, 995, 8, 1
52350, 1241518295315, 1241518642430, 0, 2818, 10, 212, 0, 2, 0, 674637, 4, 
534632, , , 1658.6000000000001, 0, 0, 0, 0, 7, 69, 445660, , 
541655, , , 138.65000000000003, 0, 0, 0, 0, 1, 20, 126451, , 
546821, 1241511597228, , 166.99999999999997, 222, 2, 116.5, 0, 1, 0, 1127083, 2, 0
54776, 1241522536993, 1241522818757, 263.20000000000005, 296, 2, 198.5, 0, 74, 32, 89757, 15, 3
548980, 1241516448850, 1241517441874, 0, 763, 6, 112.5, 0, 0, 0, 4139, 2, 
551704, 1241529958223, 1241529990082, 0, 0, 0, 0, 0, 0, 0, 0, 1, 
555728, , , 12.05, 0, 0, 0, 0, 16, 10, 1101, , 
560243, 1241516709757, 1241517420340, 0, 307, 2, 190, 616590, 0, 0, 510740, 4, 0
562060, , , 20.400000000000002, 0, 0, 0, 0, 5, 0, 592692, , 
56670, 1241521649011, 1241521913850, 0, 0, 0, 0, 0, 0, 0, 0, 1, 
58859, 1241523499898, 1241523754374, 598.15, 4133, 17, 326.4117647058824, 43017, 9, 5, 396113, 14, 2
592692, , , 10.200000000000001, 0, 0, 0, 0, 8, 5, 283305, , 
609830, 1241527398290, 1241528811608, 0, 2097, 8, 210.625, 0, 0, 0, 120076, 4, 
626474, 1241528366341, 1241528591444, 0, 109, 1, 124, 0, 1, 0, 34987, 2, 
63415, , , 40.2, 0, 0, 0, 0, 7, 1, 8938, , 
634607, 1241513678098, 1241517063555, 0, 1569, 6, 276, 0, 2, 2, 54776, 4, 
65584, , , 48.5, 0, 0, 0, 0, 4, 5, 351626, , 
674637, , , 291.1, 0, 0, 0, 0, 11, 2, 1192337, , 
70557, , , 302.20000000000005, 0, 0, 0, 0, 5, 24, 502119, , 
713, , , 469.75000000000006, 0, 0, 0, 0, 11, 26, 12, , 
71724, 1241526767358, , 16.3, 1174, 6, 222.33333333333334, 3200, 16, 4, 94103, 12, 4
73961, 1241525720771, 1241525911472, 0, 274, 1, 117, 0, 0, 0, 438751, 1, 
764869, 1241528101889, 1241528214370, 0, 0, 0, 0, 0, 0, 0, 0, 1, 
77, 1241519377565, 1241519408769, 0, 0, 0, 0, 171151, 11, 2, 12770, 14, 2
775158, , , 7.3500000000000005, 0, 0, 0, 0, 1, 5, 929303, , 
785685, 1241525825042, 1241525840709, 0, 0, 0, 0, 0, 0, 0, 153097, 1, 
787938, 1241528124583, 1241528196811, 0, 0, 0, 0, 0, 0, 0, 203820, 1, 
797824, , , 1.6500000000000001, 0, 0, 0, 0, 15, 3, 82321, , 
79942, , , 59.900000000000006, 0, 0, 0, 0, 7, 3, 198149, , 
875917, 1241515625735, 1241515906197, 0, 102, 1, 50, 0, 0, 0, 0, 1, 
87714, 1241524780258, 1241524878909, 0, 0, 0, 0, 0, 9, 3, 351430, 9, 6
8842, , , 5.45, 0, 0, 0, 0, 12, 5, 1531, , 
892403, 1241528152252, 1241528614418, 0, 402, 2, 123, 0, 0, 0, 63415, 1, 
8938, 1241516761449, 1241517806905, 84.00000000000001, 1067, 3, 580.6666666666666, 0, 20, 8, 541655, 6, 1
895543, 1241522489137, 1241522899193, 0, 77, 1, 77, 0, 0, 0, 0, 1, 
89757, , , 161.20000000000002, 0, 0, 0, 0, 3, 74, 20260, , 
900329, 1241522980687, 1241524022637, 0, 3022, 7, 467.7142857142857, 1084285, 24, 5, 70557, 9, 2
900505, 1241513102849, 1241517887087, 0, 33, 1, 33, 0, 0, 0, 1090442, 2, 
915816, 1241525428828, 1241526086230, 0, 0, 0, 0, 0, 0, 0, 0, 1, 
917768, 1241520722434, 1241522318056, 0, 1632, 8, 204, 0, 0, 0, 0, 2, 
926905, 1241528262160, 1241528272157, 0, 0, 0, 0, 0, 0, 0, 0, 1, 
929722, 1241528861389, 1241529219899, 0, 0, 0, 0, 0, 0, 0, 0, 1, 
94103, , , 125.55, 0, 0, 0, 0, 1, 16, 223494, , 
947832, 1241516097891, 1241517046907, 0, 296, 2, 91, 0, 0, 0, 1127083, 1, 
95443, 1241528014051, 1241528358844, 0, 0, 0, 0, 0, 0, 0, 106231, 1, 
98232, 1241516482361, 1241517046436, 0, 403, 2, 110.5, 0, 0, 0, 1127083, 1, 
990799, , , 63.50000000000001, 0, 0, 0, 0, 5, 3, 836417, , 
995, , , 54.900000000000006, 0, 0, 0, 0, 12, 1, 12, , 
998652, , , 206.5, 0, 0, 0, 0, 3, 18, 990799, , 
<<<<EndTable

PlayersOnlineNow=12
PlayersOnlineEachMinute=0, 2, 6, 6, 7, 8, 8, 9, 9, 10, 10, 11, 11, 11, 11, 11, 11, 11, 11, 11, 11, 12, 13, 12, 13, 14, 15, 17, 16, 16, 16, 17, 17, 16, 18, 18, 19, 20, 21, 19, 16, 19, 17, 18, 17, 18, 18, 16, 16, 14, 14, 15, 15, 14, 14, 13, 12, 11, 12, 11, 10, 11, 11, 12, 12, 11, 11, 12, 14, 15, 14, 14, 14, 13, 13, 13, 13, 14, 14, 14, 14, 14, 15, 16, 16, 16, 16, 17, 18, 19, 18, 18, 16, 15, 15, 15, 15, 14, 15, 13, 13, 11, 10, 9, 9, 8, 7, 7, 7, 7, 7, 7, 6, 7, 6, 6, 6, 6, 6, 5, 5, 5, 4, 4, 3, 3, 3, 3, 3, 3, 3, 4, 3, 3, 3, 3, 3, 4, 4, 4, 5, 5, 6, 6, 6, 7, 7, 9, 9, 9, 7, 8, 7, 7, 8, 8, 9, 11, 11, 10, 10, 8, 7, 7, 7, 8, 8, 7, 7, 8, 8, 8, 8, 8, 7, 8, 8, 8, 9, 9, 9, 10, 10, 14, 14, 13, 14, 12, 13, 12, 10, 11, 12, 11, 11, 11, 11, 11, 11, 11, 12, 12, 12, 13, 12, 12, 11, 12, 11, 9, 10, 11, 10, 10, 10, 10, 10, 10, 11, 11, 12, 14, 15, 11, 11, 12, 11, 11, 12, 12, 10, 9, 9, 8, 7, 10, 9, 10, 10, 9, 11, 10, 12, 12, 14, 13, 13, 13, 14, 13, 13, 13, 14, 14, 14, 14, 12, 13, 13, 15, 15, 14, 14, 13, 13, 11, 12, 11, 12, 12, 12, 11, 12, 12, 13, 13, 13, 15, 14, 12, 11, 11, 12, 11, 10, 10, 9, 10, 10, 11, 11, 11, 10, 10, 10, 8, 9, 9, 12, 11, 11, 10, 11, 10, 11, 12, 12, 13, 13, 12
PlayersInEachFeedingGame=2, 2, 2, 2, 2, 1, 1, 2, 2, 2, 2, 2, 1, 2, 3, 3, 1, 2, 2, 2, 1, 2, 1, 1, 1, 1, 2, 1, 1, 2, 1, 2, 1, 1, 1, 1, 1, 2, 1, 1, 1, 1, 2, 2, 2, 2, 2, 1, 3, 2, 1, 2, 2, 2, 2, 2, 2, 2, 2, 2, 2, 2, 1, 2, 2, 1, 1, 1, 1, 1, 1, 1, 1, 1, 1, 1, 1, 1, 2, 1, 1, 1, 1, 2, 1, 1, 1, 1, 1, 1, 1, 1, 2, 1, 1, 1, 1, 1, 2, 1, 1, 1, 2, 1, 1, 1, 2, 2, 2, 2, 2, 2, 2, 1, 1, 1, 2, 1, 2, 2, 1, 2, 1, 1, 1, 1, 1, 1, 2, 2, 1, 2, 2, 1, 1, 1, 2, 2, 1, 2, 3, 3, 2, 2, 1, 1, 2, 2, 2, 1, 1, 1, 1, 2, 1, 2, 2, 2, 2, 2, 2, 2, 1, 2, 2, 1, 1, 2, 2, 2, 2, 2, 1, 2, 2, 1, 2, 2, 2, 2, 2, 1, 1
PlayersStarted=219
PlayersQuit=207
StatsStartTime=1241511530959
StatsDumpTime=1241530131812
<<<<EndStats
2009-05-05 06:29:07,496 ERROR: vampire.server.feeding.FeedingRecord sendPlayerStartGameMsg [playerId=247929, prey=true, _predatorIndex=]
2009-05-05 06:29:07,496 ERROR: vampire.server.feeding.FeedingRecord sendPlayerStartGameMsg [playerId=438751, prey=false, _predatorIndex=]
2009-05-05 06:29:16,790 ERROR: vampire.server.feeding.FeedingRecord sendPlayerStartGameMsg [playerId=1140626, prey=true, _predatorIndex=]
2009-05-05 06:29:16,791 ERROR: vampire.server.feeding.FeedingRecord sendPlayerStartGameMsg [playerId=468188, prey=false, _predatorIndex=]
2009-05-05 06:30:10,486 ERROR: vampire.server.feeding.FeedingRecord sendPlayerStartGameMsg [playerId=108722, prey=false, _predatorIndex=438751]
Error! Your code is broken! Unable to call a host method, perhaps you've been shut down? [msg=Room not in game [roomId=342517], trace=Error: Room not in game [roomId=342517]
	at com.threerings.msoy.avrg.client::ThaneAVRGameController/getRoomProps()[/export/bamboo/bamboo-home/xml-data/build-dir/WHIRLED-PROD/src/as/com/threerings/msoy/avrg/client/ThaneAVRGameController.as:182]
	at com.threerings.msoy.avrg.client::ThaneAVRGameBackend/room_sendMessage_v1()[/export/bamboo/bamboo-home/xml-data/build-dir/WHIRLED-PROD/src/as/com/threerings/msoy/avrg/client/ThaneAVRGameBackend.as:540]
	at Function/http://adobe.com/AS3/2006/builtin::apply()
	at com.whirled::AbstractControl/callHostCode()
	at Function/http://adobe.com/AS3/2006/builtin::apply()
	at com.whirled::AbstractSubControl/callHostCode()
	at Function/http://adobe.com/AS3/2006/builtin::apply()
	at com.whirled::TargetedSubControl/callHostCode()
	at com.whirled.avrg::RoomSubControlServer/sendMessage()
	at vampire.feeding.server::ServerCtx/sendMessage()
	at vampire.feeding.server::ServerGameMode/onTimeOver()
	at flash.events::EventDispatcher/dispatchEvent()
	at flash.utils::Timer/expire()
	at flash.utils::Timer$/heartbeat()
	at Thane$/heartbeat()
	at Thane$/heartbeat()].
2009-05-05 06:31:51,087 ERROR: vampire.server.feeding.FeedingRecord sendPlayerStartGameMsg [playerId=1140626, prey=true, _predatorIndex=]
2009-05-05 06:31:51,089 ERROR: vampire.server.feeding.FeedingRecord sendPlayerStartGameMsg [playerId=1110484, prey=false, _predatorIndex=]
2009-05-05 06:33:56,256 ERROR: vampire.server.feeding.FeedingRecord sendPlayerStartGameMsg [playerId=468188, prey=true, _predatorIndex=]
2009-05-05 06:33:56,256 ERROR: vampire.server.feeding.FeedingRecord sendPlayerStartGameMsg [playerId=298235, prey=false, _predatorIndex=]
2009-05-05 06:36:20,837 ERROR: vampire.server.feeding.FeedingRecord sendPlayerStartGameMsg [playerId=298235, prey=true, _predatorIndex=]
2009-05-05 06:36:20,838 ERROR: vampire.server.feeding.FeedingRecord sendPlayerStartGameMsg [playerId=298229, prey=false, _predatorIndex=]
2009-05-05 06:37:08,738 ERROR: vampire.server.feeding.FeedingRecord sendPlayerStartGameMsg [playerId=1140626, prey=true, _predatorIndex=]
2009-05-05 06:37:08,739 ERROR: vampire.server.feeding.FeedingRecord sendPlayerStartGameMsg [playerId=49013, prey=false, _predatorIndex=]
2009-05-05 06:38:15,521 ERROR: vampire.server.feeding.FeedingRecord sendPlayerStartGameMsg [playerId=45101, prey=false, _predatorIndex=]

>>>>BeginStats

>>>>BeginTable
PlayerId, StartTime, EndTime, ProgenyPayout, XPFromFeeding, FeedingGames, MeanFeedingScore, BloodBond, Progeny, GrandProgeny, Sire, Level, Invites
101493, , , 37.7, 0, 0, 0, 0, 2, 1, 52887, , 
1015780, 1241523912773, 1241524068658, 0, 0, 0, 0, 0, 0, 0, 0, 1, 
1025753, 1241528201556, 1241528211091, 0, 0, 0, 0, 0, 0, 0, 0, 1, 
1031623, 1241516018790, 1241518913890, 0, 727, 5, 116.6, 0, 0, 0, 0, 2, 
1032648, , , 92.75, 0, 0, 0, 0, 4, 2, 234337, , 
1032874, 1241524717548, 1241525633737, 0, 99, 1, 99, 1090611, 2, 0, 1127083, 4, 
103634, , , 49.8, 0, 0, 0, 0, 1, 2, 369681, , 
104304, , , 132.7, 0, 0, 0, 0, 1, 1, 36377, , 
106069, 1241514107560, 1241515047867, 0, 754, 3, 222, 236834, 14, 11, 236834, 7, 1
1062853, , , 70, 0, 0, 0, 0, 9, 16, 1124214, , 
1078621, 1241523805838, 1241527393142, 45.6, 2278, 13, 160.15384615384616, 0, 1, 0, 285205, 3, 
1080004, 1241525160097, 1241525470667, 0, 93, 1, 93, 0, 0, 0, 674637, 1, 
1084544, 1241524582768, 1241524673859, 0, 0, 0, 0, 0, 0, 0, 543921, 1, 
108722, 1241530042869, 1241530227726, 0, 0, 0, 0, 182501, 1, 0, 54776, 3, 0
1090442, , , 3.3000000000000003, 0, 0, 0, 0, 3, 0, 797824, , 
1090611, 1241520004892, 1241526874892, 140.3, 226, 1, 306, 1032874, 2, 0, 1032648, 4, 
1108399, 1241526522424, 1241527553857, 0, 397, 2, 120, 0, 0, 0, 153097, 1, 
1110484, 1241530478203, 1241530558070, 0, 1003, 4, 220.25, 153097, 0, 0, 153097, 4, 
1113643, 1241523067531, 1241523953827, 0, 1011, 8, 134.875, 0, 0, 0, 0, 2, 
111646, 1241529401711, 1241529570787, 0, 0, 0, 0, 0, 0, 0, 0, 1, 
1122449, , , 72.55, 0, 0, 0, 0, 10, 2, 555728, , 
1127083, 1241515594868, 1241518317310, 242.5, 1270, 7, 241.14285714285714, 998652, 18, 3, 998652, 5, 1
112883, 1241520196412, 1241520210093, 0, 0, 0, 0, 0, 0, 0, 0, 1, 
1129419, 1241511631636, 1241511821147, 0, 0, 0, 0, 0, 0, 0, 0, 1, 
1131319, 1241520329746, 1241523083040, 0, 107, 1, 97, 0, 0, 0, 432820, 1, 
1133060, 1241513645701, 1241513954334, 0, 91, 1, 91, 0, 0, 0, 0, 1, 
1135140, 1241522472154, 1241522631740, 0, 0, 0, 0, 0, 0, 0, 998652, 1, 
1139795, 1241528711288, 1241530055534, 0, 484, 3, 152, 0, 0, 0, 71724, 1, 
1140626, 1241529638584, , 0, 1060, 5, 189, 0, 0, 0, 438751, 2, 0
1152820, 1241529335964, 1241529468174, 0, 0, 0, 0, 0, 0, 0, 0, 1, 
1155030, 1241513807655, 1241513884883, 0, 0, 0, 0, 0, 0, 0, 0, 1, 
11600, 1241529913144, , 0, 0, 0, 0, 497122, 6, 0, 171581, 7, 7
1176163, 1241517082688, 1241517659523, 0, 382, 1, 91, 0, 0, 0, 8938, 1, 
1182151, 1241511894464, 1241514833891, 0, 563, 5, 108.4, 0, 0, 0, 2606, 2, 
118454, 1241513944251, 1241514787593, 0, 250, 2, 125, 0, 0, 0, 510740, 1, 0
1185449, 1241511586021, 1241514707679, 0, 147, 1, 125, 0, 0, 0, 22308, 2, 
1187382, 1241526652827, 1241528271428, 0, 668, 3, 146.33333333333334, 0, 0, 0, 438751, 1, 
1190111, 1241529299322, 1241529299816, 0, 0, 0, 0, 0, 0, 0, 0, 1, 
1191860, 1241530638930, 1241530651706, 0, 0, 0, 0, 0, 0, 0, 0, 1, 
1192337, , , 145.55, 0, 0, 0, 0, 15, 14, 1012813, , 
1193805, 1241526007086, , 0, 0, 0, 0, 0, 0, 0, 0, 1, 0
12, , , 392.15000000000003, 0, 0, 0, 0, 20, 63, 383387, , 
120076, , , 209.70000000000002, 0, 0, 0, 0, 11, 0, 34987, , 
1203484, 1241516696986, 1241516717165, 0, 229, 2, 114.5, 0, 0, 0, 30152, 2, 
1204321, 1241526010485, 1241527899614, 0, 2515, 14, 124.78571428571429, 0, 0, 0, 438751, 2, 
1204540, 1241525996110, 1241527300629, 0, 456, 4, 107.5, 0, 0, 0, 1078621, 1, 
1206590, 1241529716011, 1241530094209, 0, 55, 2, 9, 0, 0, 0, 0, 1, 
1223973, 1241523471616, 1241524240541, 0, 350, 2, 175, 0, 0, 0, 0, 1, 
1230390, 1241512061271, 1241513597514, 0, 336, 3, 99.33333333333333, 0, 0, 0, 0, 1, 
1237789, 1241528725567, 1241529216085, 0, 2532, 8, 384.625, 0, 1, 2, 510740, 4, 
1238948, 1241522388517, 1241522697828, 0, 94, 1, 92, 0, 0, 0, 0, 1, 
1241345, 1241522630784, 1241522666929, 0, 0, 0, 0, 0, 0, 0, 0, 1, 
1241515, 1241513058461, 1241513259020, 0, 0, 0, 0, 0, 0, 0, 153097, 1, 
1243016, 1241520403738, 1241520492202, 0, 0, 0, 0, 0, 0, 0, 0, 1, 
1244409, 1241525573867, 1241525674817, 0, 0, 0, 0, 0, 0, 0, 0, 1, 
124585, 1241527054750, 1241528366823, 0, 457, 3, 170, 0, 5, 7, 143278, 7, 1
1247243, 1241523018884, 1241523420705, 0, 126, 1, 126, 0, 0, 0, 0, 1, 
1249006, 1241525325092, 1241525344687, 0, 0, 0, 0, 0, 0, 0, 0, 1, 
1249425, 1241529863277, , 0, 602, 5, 128.6, 0, 0, 0, 0, 1, 0
1252375, 1241527061790, 1241527138249, 0, 0, 0, 0, 0, 0, 0, 217283, 1, 
1254072, 1241525736949, 1241525858243, 0, 0, 0, 0, 0, 0, 0, 0, 2, 
1255618, 1241522003542, 1241523872025, 0, 969, 9, 108.66666666666667, 0, 0, 0, 206148, 2, 
1259111, 1241515511878, 1241517562139, 0, 1670, 14, 109.71428571428571, 0, 0, 0, 546821, 2, 
1259194, 1241512615390, 1241512660174, 0, 0, 0, 0, 0, 0, 0, 0, 1, 
1259307, 1241513104635, 1241513153878, 0, 0, 0, 0, 0, 0, 0, 0, 1, 
1260053, 1241514327371, 1241514413932, 0, 0, 0, 0, 0, 0, 0, 1127083, 1, 
1260498, 1241516594372, 1241516619863, 0, 0, 0, 0, 0, 0, 0, 0, 1, 
1261187, 1241520220030, 1241521077956, 0, 211, 2, 105.5, 0, 0, 0, 0, 1, 
1261213, 1241521420248, 1241521493861, 0, 0, 0, 0, 0, 0, 0, 0, 1, 
1262369, 1241526370434, 1241526370777, 0, 0, 0, 0, 0, 0, 0, 0, 1, 
1262824, 1241526354390, 1241526473915, 0, 0, 0, 0, 0, 0, 0, 0, 1, 
1263573, 1241528372263, 1241528573866, 0, 0, 0, 0, 0, 0, 0, 0, 1, 
1264261, 1241530307161, 1241530644935, 0, 0, 0, 0, 0, 0, 0, 0, 1, 
126451, , , 53.35000000000001, 0, 0, 0, 0, 3, 1, 77874, , 
1265, 1241523605700, 1241524063375, 0, 0, 0, 0, 713, 15, 34, 12, 16, 3
12770, , , 347.20000000000005, 0, 0, 0, 0, 23, 36, 383387, , 
12791, 1241524678753, 1241525315232, 0, 1489, 3, 275.3333333333333, 0, 13, 22, 12, 12, 2
133336, 1241520610667, 1241520634460, 0, 0, 0, 0, 0, 0, 0, 317383, 1, 0
137000, , , 22.85, 0, 0, 0, 0, 1, 8, 164466, , 
143278, , , 45.7, 0, 0, 0, 0, 8, 5, 137000, , 
143538, , , 14.55, 0, 0, 0, 0, 2, 21, 1531, , 
14467, 1241525594274, 1241527599114, 77.9, 5799, 30, 185.23333333333332, 0, 1, 0, 58859, 3, 
149666, 1241526918046, 1241527431077, 0, 411, 3, 124.33333333333333, 0, 0, 0, 297654, 2, 0
149684, 1241520895387, 1241521145379, 0, 0, 0, 0, 0, 3, 5, 184167, 5, 5
153097, , , 140, 0, 0, 0, 0, 16, 0, 1062853, , 
154004, , , 113.90000000000002, 0, 0, 0, 0, 8, 6, 90041, , 
158892, 1241526119792, 1241526177842, 0, 0, 0, 0, 0, 0, 0, 224560, 1, 
166, , , 19.700000000000003, 0, 0, 0, 0, 5, 1, 578, , 
166371, , , 610.2, 0, 0, 0, 0, 4, 4, 267622, , 
174092, 1241513355546, 1241517287751, 0, 204, 2, 126, 0, 0, 0, 562060, 3, 
181253, 1241524791349, 1241525320102, 0, 498, 2, 190.5, 0, 2, 0, 103634, 6, 3
181738, 1241515278082, 1241517084626, 20.55, 0, 0, 0, 0, 5, 4, 12791, 7, 5
182454, 1241524835109, 1241524869670, 0, 0, 0, 0, 0, 0, 0, 99877, 3, 0
185295, , , 15.5, 0, 0, 0, 0, 1, 1, 113546, , 
190687, , , 747.4000000000001, 0, 0, 0, 0, 7, 1, 383937, , 
192104, 1241512775131, 1241513874610, 0, 570, 4, 111.25, 0, 0, 0, 1127083, 1, 
1975, 1241511759176, 1241513854100, 0, 209, 2, 141.5, 0, 0, 0, 0, 1, 
198149, , , 29.950000000000003, 0, 0, 0, 0, 1, 7, 380604, , 
199246, 1241527577059, 1241527996994, 0, 257, 2, 107, 0, 0, 0, 8938, 1, 
20260, , , 14.8, 0, 0, 0, 0, 2, 5, 12, , 
203784, , , 31, 0, 0, 0, 0, 1, 0, 185295, , 
206148, 1241524169214, 1241524858564, 96.89999999999999, 241, 2, 112, 0, 1, 0, 1122449, 3, 
210163, , , 1066.4999999999995, 0, 0, 0, 0, 12, 9, 255725, , 
22308, , , 14.700000000000001, 0, 0, 0, 0, 5, 0, 775158, , 
223494, , , 58.7, 0, 0, 0, 0, 1, 1, 179687, , 
228890, 1241513919872, 1241514028051, 0, 563, 5, 137.8, 0, 0, 0, 0, 1, 
230164, 1241511592645, 1241523649961, 0, 14948, 21, 700.4285714285714, 510740, 11, 9, 250837, 19, 2
234337, , , 11.3, 0, 0, 0, 0, 5, 4, 97523, , 
236834, , , 75.4, 0, 0, 0, 0, 1, 14, 101493, , 
240287, 1241513982196, 1241514299351, 0, 0, 0, 0, 0, 0, 0, 0, 1, 
247929, 1241529550235, , 0, 1327, 7, 137.28571428571428, 0, 1, 0, 104304, 2, 0
250837, , , 1494.8000000000002, 0, 0, 0, 0, 1, 11, 190687, , 
251792, 1241517353367, 1241517649140, 0, 117, 1, 117, 0, 0, 0, 0, 1, 
255725, , , 429.39999999999986, 0, 0, 0, 0, 1, 12, 309124, , 
259344, , , 29.1, 0, 0, 0, 0, 21, 0, 143538, , 
2606, , , 56.300000000000004, 0, 0, 0, 0, 8, 0, 307471, , 
267006, 1241527448117, 1241529047302, 0, 283, 1, 111, 0, 0, 0, 438751, 1, 
267622, , , 305.1, 0, 0, 0, 0, 2, 4, 1632, , 
269484, 1241519718558, 1241526833955, 0, 6102, 22, 323.6363636363636, 1124156, 4, 0, 166371, 6, 1
285205, , , 250.60000000000002, 0, 0, 0, 0, 6, 1, 154004, , 
288468, 1241524070314, 1241524878400, 0, 599, 2, 110.5, 0, 1, 0, 79942, 4, 1
297654, , , 41.1, 0, 0, 0, 0, 4, 1, 181738, , 
298229, 1241530510982, , 0, 197, 1, 177, 0, 1, 1, 166, 3, 0
298235, 1241530267809, , 0, 291, 2, 202, 0, 0, 0, 259344, 3, 0
300349, 1241526095238, 1241527745522, 0, 779, 4, 100.25, 0, 0, 0, 217283, 1, 
30152, , , 22.900000000000002, 0, 0, 0, 0, 4, 0, 40683, , 
3024, 1241525912763, 1241527390558, 0, 1642, 9, 126.44444444444444, 0, 0, 0, 1090611, 2, 
30534, 1241529776318, 1241530150037, 0, 310, 2, 134.5, 0, 0, 0, 203784, 2, 0
307471, , , 28.150000000000002, 0, 0, 0, 0, 2, 17, 12, , 
313682, 1241525893361, 1241526051552, 0, 187, 1, 142, 0, 1, 0, 510740, 1, 0
32314, 1241512958019, 1241514102774, 0, 0, 0, 0, 635003, 10, 14, 40508, 13, 2
323961, 1241513980782, 1241514292223, 0, 0, 0, 0, 0, 0, 0, 336524, 1, 
336228, , , 31.6, 0, 0, 0, 0, 9, 14, 307471, , 
338409, 1241526049587, 1241526448460, 0, 485, 2, 242.5, 0, 5, 4, 65584, 6, 3
340529, 1241527941555, 1241528288419, 0, 0, 0, 0, 0, 0, 0, 0, 1, 0
34987, , , 115.75000000000001, 0, 0, 0, 0, 2, 12, 8842, , 
351430, , , 63.2, 0, 0, 0, 0, 11, 28, 336228, , 
351626, , , 24.25, 0, 0, 0, 0, 7, 8, 183403, , 
35568, 1241527883144, 1241527973833, 0, 0, 0, 0, 438751, 2, 27, 258951, 4, 
359234, 1241513558649, 1241515428238, 0, 1063, 7, 137.42857142857142, 0, 0, 0, 54776, 2, 
363172, 1241514588483, 1241515110408, 0, 0, 0, 0, 0, 0, 0, 600946, 2, 0
36377, , , 66.35, 0, 0, 0, 0, 4, 1, 453809, , 
369681, , , 24.9, 0, 0, 0, 0, 2, 1, 1704, , 
383387, , , 248.05000000000004, 0, 0, 0, 0, 7, 56, 0, , 
392358, 1241521161821, 1241521244349, 0, 0, 0, 0, 0, 0, 0, 308755, 1, 0
396113, , , 692.8999999999999, 0, 0, 0, 0, 2, 9, 44987, , 
401464, 1241529556639, 1241529713899, 0, 0, 0, 0, 0, 0, 0, 0, 1, 0
40683, , , 11.450000000000001, 0, 0, 0, 0, 1, 4, 388185, , 
4139, 1241523992111, 1241525278847, 76.30000000000001, 4316, 8, 507.375, 44987, 21, 23, 713, 17, 3
415271, 1241522780601, 1241523091092, 0, 0, 0, 0, 0, 10, 2, 66689, 4, 0
43402, 1241521322298, 1241521330637, 0, 0, 0, 0, 29810, 11, 13, 123961, 11, 3
438751, 1241523241906, , 415.40000000000003, 8588, 32, 352.15625, 35568, 9, 1, 210163, 7, 1
445660, , , 747.4000000000001, 0, 0, 0, 0, 4, 7, 54812, , 
447249, 1241529362963, 1241529559019, 0, 0, 0, 0, 10642, 3, 3, 199427, 14, 2
44987, 1241522662588, 1241525393772, 206.64999999999998, 3472, 6, 749, 4139, 17, 18, 12770, 14, 2
45101, 1241530535035, , 0, 0, 0, 0, 0, 0, 0, 0, 1, 0
457756, 1241523704504, 1241523814186, 0, 0, 0, 0, 0, 1, 0, 415271, 4, 0
468188, 1241530100409, , 0, 632, 4, 168.5, 0, 19, 5, 351430, 6, 17
49013, 1241528618400, , 0, 984, 8, 116, 0, 0, 0, 0, 1, 0
502119, , , 151.10000000000002, 0, 0, 0, 0, 9, 5, 22707, , 
510740, 1241511613247, 1241523982850, 327.6, 14948, 21, 722.6190476190476, 230164, 69, 46, 534632, 20, 19
5153, 1241512181048, 1241513823866, 0, 549, 3, 226, 0, 1, 0, 995, 8, 1
52350, 1241518295315, 1241518642430, 0, 2818, 10, 212, 0, 2, 0, 674637, 4, 
534632, , , 1658.6000000000001, 0, 0, 0, 0, 7, 69, 445660, , 
541655, , , 138.65000000000003, 0, 0, 0, 0, 1, 20, 126451, , 
546821, 1241511597228, , 166.99999999999997, 222, 2, 116.5, 0, 1, 0, 1127083, 2, 0
54776, 1241522536993, 1241522818757, 263.20000000000005, 296, 2, 198.5, 0, 74, 32, 89757, 15, 3
548980, 1241516448850, 1241517441874, 0, 763, 6, 112.5, 0, 0, 0, 4139, 2, 
551704, 1241529958223, 1241529990082, 0, 0, 0, 0, 0, 0, 0, 0, 1, 
555728, , , 12.05, 0, 0, 0, 0, 16, 10, 1101, , 
560243, 1241516709757, 1241517420340, 0, 307, 2, 190, 616590, 0, 0, 510740, 4, 0
562060, , , 20.400000000000002, 0, 0, 0, 0, 5, 0, 592692, , 
56670, 1241521649011, 1241521913850, 0, 0, 0, 0, 0, 0, 0, 0, 1, 
578, , , 9.850000000000001, 0, 0, 0, 0, 1, 5, 12770, , 
58859, 1241523499898, 1241523754374, 598.15, 4133, 17, 326.4117647058824, 43017, 9, 5, 396113, 14, 2
592692, , , 10.200000000000001, 0, 0, 0, 0, 8, 5, 283305, , 
609830, 1241527398290, 1241528811608, 0, 2097, 8, 210.625, 0, 0, 0, 120076, 4, 
626474, 1241528366341, 1241528591444, 0, 109, 1, 124, 0, 1, 0, 34987, 2, 
63415, , , 40.2, 0, 0, 0, 0, 7, 1, 8938, , 
634607, 1241513678098, 1241517063555, 0, 1569, 6, 276, 0, 2, 2, 54776, 4, 
65584, , , 48.5, 0, 0, 0, 0, 4, 5, 351626, , 
674637, , , 291.1, 0, 0, 0, 0, 11, 2, 1192337, , 
70557, , , 302.20000000000005, 0, 0, 0, 0, 5, 24, 502119, , 
713, , , 469.75000000000006, 0, 0, 0, 0, 11, 26, 12, , 
71724, 1241526767358, 1241530350431, 16.3, 1174, 6, 222.33333333333334, 3200, 16, 4, 94103, 12, 4
73961, 1241525720771, 1241525911472, 0, 274, 1, 117, 0, 0, 0, 438751, 1, 
764869, 1241528101889, 1241528214370, 0, 0, 0, 0, 0, 0, 0, 0, 1, 
77, 1241519377565, 1241519408769, 0, 0, 0, 0, 171151, 11, 2, 12770, 14, 2
775158, , , 7.3500000000000005, 0, 0, 0, 0, 1, 5, 929303, , 
785685, 1241525825042, 1241525840709, 0, 0, 0, 0, 0, 0, 0, 153097, 1, 
787938, 1241528124583, 1241528196811, 0, 0, 0, 0, 0, 0, 0, 203820, 1, 
797824, , , 1.6500000000000001, 0, 0, 0, 0, 15, 3, 82321, , 
79942, , , 59.900000000000006, 0, 0, 0, 0, 7, 3, 198149, , 
875917, 1241515625735, 1241515906197, 0, 102, 1, 50, 0, 0, 0, 0, 1, 
87714, 1241524780258, 1241524878909, 0, 0, 0, 0, 0, 9, 3, 351430, 9, 6
8842, , , 5.45, 0, 0, 0, 0, 12, 5, 1531, , 
892403, 1241528152252, 1241528614418, 0, 402, 2, 123, 0, 0, 0, 63415, 1, 
8938, 1241516761449, 1241517806905, 84.00000000000001, 1067, 3, 580.6666666666666, 0, 20, 8, 541655, 6, 1
895543, 1241522489137, 1241522899193, 0, 77, 1, 77, 0, 0, 0, 0, 1, 
89757, , , 161.20000000000002, 0, 0, 0, 0, 3, 74, 20260, , 
900329, 1241522980687, 1241524022637, 0, 3022, 7, 467.7142857142857, 1084285, 24, 5, 70557, 9, 2
900505, 1241513102849, 1241517887087, 0, 33, 1, 33, 0, 0, 0, 1090442, 2, 
915816, 1241525428828, 1241526086230, 0, 0, 0, 0, 0, 0, 0, 0, 1, 
917768, 1241520722434, 1241522318056, 0, 1632, 8, 204, 0, 0, 0, 0, 2, 
926905, 1241528262160, 1241528272157, 0, 0, 0, 0, 0, 0, 0, 0, 1, 
929722, 1241528861389, 1241529219899, 0, 0, 0, 0, 0, 0, 0, 0, 1, 
94103, , , 125.55, 0, 0, 0, 0, 1, 16, 223494, , 
947832, 1241516097891, 1241517046907, 0, 296, 2, 91, 0, 0, 0, 1127083, 1, 
95443, 1241528014051, 1241528358844, 0, 0, 0, 0, 0, 0, 0, 106231, 1, 
98232, 1241516482361, 1241517046436, 0, 403, 2, 110.5, 0, 0, 0, 1127083, 1, 
990799, , , 63.50000000000001, 0, 0, 0, 0, 5, 3, 836417, , 
995, , , 54.900000000000006, 0, 0, 0, 0, 12, 1, 12, , 
998652, , , 206.5, 0, 0, 0, 0, 3, 18, 990799, , 
<<<<EndTable

PlayersOnlineNow=12
PlayersOnlineEachMinute=0, 2, 6, 6, 7, 8, 8, 9, 9, 10, 10, 11, 11, 11, 11, 11, 11, 11, 11, 11, 11, 12, 13, 12, 13, 14, 15, 17, 16, 16, 16, 17, 17, 16, 18, 18, 19, 20, 21, 19, 16, 19, 17, 18, 17, 18, 18, 16, 16, 14, 14, 15, 15, 14, 14, 13, 12, 11, 12, 11, 10, 11, 11, 12, 12, 11, 11, 12, 14, 15, 14, 14, 14, 13, 13, 13, 13, 14, 14, 14, 14, 14, 15, 16, 16, 16, 16, 17, 18, 19, 18, 18, 16, 15, 15, 15, 15, 14, 15, 13, 13, 11, 10, 9, 9, 8, 7, 7, 7, 7, 7, 7, 6, 7, 6, 6, 6, 6, 6, 5, 5, 5, 4, 4, 3, 3, 3, 3, 3, 3, 3, 4, 3, 3, 3, 3, 3, 4, 4, 4, 5, 5, 6, 6, 6, 7, 7, 9, 9, 9, 7, 8, 7, 7, 8, 8, 9, 11, 11, 10, 10, 8, 7, 7, 7, 8, 8, 7, 7, 8, 8, 8, 8, 8, 7, 8, 8, 8, 9, 9, 9, 10, 10, 14, 14, 13, 14, 12, 13, 12, 10, 11, 12, 11, 11, 11, 11, 11, 11, 11, 12, 12, 12, 13, 12, 12, 11, 12, 11, 9, 10, 11, 10, 10, 10, 10, 10, 10, 11, 11, 12, 14, 15, 11, 11, 12, 11, 11, 12, 12, 10, 9, 9, 8, 7, 10, 9, 10, 10, 9, 11, 10, 12, 12, 14, 13, 13, 13, 14, 13, 13, 13, 14, 14, 14, 14, 12, 13, 13, 15, 15, 14, 14, 13, 13, 11, 12, 11, 12, 12, 12, 11, 12, 12, 13, 13, 13, 15, 14, 12, 11, 11, 12, 11, 10, 10, 9, 10, 10, 11, 11, 11, 10, 10, 10, 8, 9, 9, 12, 11, 11, 10, 11, 10, 11, 12, 12, 13, 13, 12, 12, 11, 10, 13, 12, 12, 12, 14, 13, 12
PlayersInEachFeedingGame=2, 2, 2, 2, 2, 1, 1, 2, 2, 2, 2, 2, 1, 2, 3, 3, 1, 2, 2, 2, 1, 2, 1, 1, 1, 1, 2, 1, 1, 2, 1, 2, 1, 1, 1, 1, 1, 2, 1, 1, 1, 1, 2, 2, 2, 2, 2, 1, 3, 2, 1, 2, 2, 2, 2, 2, 2, 2, 2, 2, 2, 2, 1, 2, 2, 1, 1, 1, 1, 1, 1, 1, 1, 1, 1, 1, 1, 1, 2, 1, 1, 1, 1, 2, 1, 1, 1, 1, 1, 1, 1, 1, 2, 1, 1, 1, 1, 1, 2, 1, 1, 1, 2, 1, 1, 1, 2, 2, 2, 2, 2, 2, 2, 1, 1, 1, 2, 1, 2, 2, 1, 2, 1, 1, 1, 1, 1, 1, 2, 2, 1, 2, 2, 1, 1, 1, 2, 2, 1, 2, 3, 3, 2, 2, 1, 1, 2, 2, 2, 1, 1, 1, 1, 2, 1, 2, 2, 2, 2, 2, 2, 2, 1, 2, 2, 1, 1, 2, 2, 2, 2, 2, 1, 2, 2, 1, 2, 2, 2, 2, 2, 1, 1, 2, 2, 2, 2, 2, 2, 1
PlayersStarted=226
PlayersQuit=214
StatsStartTime=1241511530959
StatsDumpTime=1241530731883
<<<<EndStats
2009-05-05 06:40:17,909 ERROR: vampire.server.feeding.FeedingRecord sendPlayerStartGameMsg [playerId=1249425, prey=true, _predatorIndex=]
2009-05-05 06:40:17,910 ERROR: vampire.server.feeding.FeedingRecord sendPlayerStartGameMsg [playerId=1140626, prey=false, _predatorIndex=]
2009-05-05 06:40:54,362 ERROR: vampire.server.feeding.FeedingRecord sendPlayerStartGameMsg [playerId=468188, prey=false, _predatorIndex=]
2009-05-05 06:43:02,129 ERROR: vampire.server.feeding.FeedingRecord sendPlayerStartGameMsg [playerId=298235, prey=false, _predatorIndex=468188]
2009-05-05 06:43:31,920 ERROR: vampire.server.feeding.FeedingRecord sendPlayerStartGameMsg [playerId=298229, prey=false, _predatorIndex=468188,298235]
2009-05-05 06:45:00,030 ERROR: vampire.server.feeding.FeedingRecord sendPlayerStartGameMsg [playerId=1249425, prey=false, _predatorIndex=]
2009-05-05 06:46:34,770 ERROR: vampire.server.feeding.FeedingRecord sendPlayerStartGameMsg [playerId=468188, prey=false, _predatorIndex=1249425]
2009-05-05 06:46:37,731 ERROR: vampire.server.feeding.FeedingRecord sendPlayerStartGameMsg [playerId=171513, prey=false, _predatorIndex=1249425,468188]
2009-05-05 06:46:46,404 ERROR: vampire.server.feeding.FeedingRecord sendPlayerStartGameMsg [playerId=298235, prey=true, _predatorIndex=]
2009-05-05 06:46:46,405 ERROR: vampire.server.feeding.FeedingRecord sendPlayerStartGameMsg [playerId=171513, prey=false, _predatorIndex=]
2009-05-05 06:47:40,007 ERROR: vampire.server.feeding.FeedingRecord sendPlayerStartGameMsg [playerId=468188, prey=false, _predatorIndex=]

>>>>BeginStats

>>>>BeginTable
PlayerId, StartTime, EndTime, ProgenyPayout, XPFromFeeding, FeedingGames, MeanFeedingScore, BloodBond, Progeny, GrandProgeny, Sire, Level, Invites
101493, , , 37.7, 0, 0, 0, 0, 2, 1, 52887, , 
1015780, 1241523912773, 1241524068658, 0, 0, 0, 0, 0, 0, 0, 0, 1, 
1025753, 1241528201556, 1241528211091, 0, 0, 0, 0, 0, 0, 0, 0, 1, 
1031623, 1241516018790, 1241518913890, 0, 727, 5, 116.6, 0, 0, 0, 0, 2, 
1032648, , , 92.75, 0, 0, 0, 0, 4, 2, 234337, , 
1032874, 1241524717548, 1241525633737, 0, 99, 1, 99, 1090611, 2, 0, 1127083, 4, 
103634, , , 49.8, 0, 0, 0, 0, 1, 2, 369681, , 
104304, , , 157.6, 0, 0, 0, 0, 1, 1, 36377, , 
106069, 1241514107560, 1241515047867, 0, 754, 3, 222, 236834, 14, 11, 236834, 7, 1
1062853, , , 70, 0, 0, 0, 0, 9, 16, 1124214, , 
1078621, 1241523805838, 1241527393142, 45.6, 2278, 13, 160.15384615384616, 0, 1, 0, 285205, 3, 
1080004, 1241525160097, 1241525470667, 0, 93, 1, 93, 0, 0, 0, 674637, 1, 
1084544, 1241524582768, 1241524673859, 0, 0, 0, 0, 0, 0, 0, 543921, 1, 
108722, 1241530042869, 1241530227726, 0, 0, 0, 0, 182501, 1, 0, 54776, 3, 0
1090442, , , 3.3000000000000003, 0, 0, 0, 0, 3, 0, 797824, , 
1090611, 1241520004892, 1241526874892, 140.3, 226, 1, 306, 1032874, 2, 0, 1032648, 4, 
1108399, 1241526522424, 1241527553857, 0, 397, 2, 120, 0, 0, 0, 153097, 1, 
1110484, 1241530478203, 1241530558070, 0, 1003, 4, 220.25, 153097, 0, 0, 153097, 4, 
1113643, 1241523067531, 1241523953827, 0, 1011, 8, 134.875, 0, 0, 0, 0, 2, 
111646, 1241529401711, 1241529570787, 0, 0, 0, 0, 0, 0, 0, 0, 1, 
1122449, , , 72.55, 0, 0, 0, 0, 10, 2, 555728, , 
1127083, 1241515594868, 1241518317310, 242.5, 1270, 7, 241.14285714285714, 998652, 18, 3, 998652, 5, 1
112883, 1241520196412, 1241520210093, 0, 0, 0, 0, 0, 0, 0, 0, 1, 
1129419, 1241511631636, 1241511821147, 0, 0, 0, 0, 0, 0, 0, 0, 1, 
1131319, 1241520329746, 1241523083040, 0, 107, 1, 97, 0, 0, 0, 432820, 1, 
1133060, 1241513645701, 1241513954334, 0, 91, 1, 91, 0, 0, 0, 0, 1, 
1135140, 1241522472154, 1241522631740, 0, 0, 0, 0, 0, 0, 0, 998652, 1, 
1139795, 1241528711288, 1241530055534, 0, 484, 3, 152, 0, 0, 0, 71724, 1, 
1140626, 1241529638584, 1241531000143, 12.100000000000001, 1346, 7, 178.85714285714286, 0, 1, 0, 438751, 2, 
1152820, 1241529335964, 1241529468174, 0, 0, 0, 0, 0, 0, 0, 0, 1, 
1152919, 1241531215592, 1241531293450, 0, 0, 0, 0, 0, 0, 0, 0, 1, 
1155030, 1241513807655, 1241513884883, 0, 0, 0, 0, 0, 0, 0, 0, 1, 
11600, 1241531288786, , 0, 0, 0, 0, 497122, 6, 0, 171581, 7, 7
1176163, 1241517082688, 1241517659523, 0, 382, 1, 91, 0, 0, 0, 8938, 1, 
1182151, 1241511894464, 1241514833891, 0, 563, 5, 108.4, 0, 0, 0, 2606, 2, 
118454, 1241513944251, 1241514787593, 0, 250, 2, 125, 0, 0, 0, 510740, 1, 0
1185449, 1241511586021, 1241514707679, 0, 147, 1, 125, 0, 0, 0, 22308, 2, 
1187382, 1241526652827, 1241528271428, 0, 668, 3, 146.33333333333334, 0, 0, 0, 438751, 1, 
1190111, 1241529299322, 1241529299816, 0, 0, 0, 0, 0, 0, 0, 0, 1, 
1191860, 1241530638930, 1241530651706, 0, 0, 0, 0, 0, 0, 0, 0, 1, 
1192337, , , 145.55, 0, 0, 0, 0, 15, 14, 1012813, , 
1193805, 1241526007086, , 0, 0, 0, 0, 0, 0, 0, 0, 1, 0
12, , , 392.15000000000003, 0, 0, 0, 0, 20, 63, 383387, , 
120076, , , 209.70000000000002, 0, 0, 0, 0, 11, 0, 34987, , 
1203484, 1241516696986, 1241516717165, 0, 229, 2, 114.5, 0, 0, 0, 30152, 2, 
1204321, 1241526010485, 1241527899614, 0, 2515, 14, 124.78571428571429, 0, 0, 0, 438751, 2, 
1204540, 1241525996110, 1241527300629, 0, 456, 4, 107.5, 0, 0, 0, 1078621, 1, 
1206590, 1241529716011, 1241530094209, 0, 55, 2, 9, 0, 0, 0, 0, 1, 
1223973, 1241523471616, 1241524240541, 0, 350, 2, 175, 0, 0, 0, 0, 1, 
1230390, 1241512061271, 1241513597514, 0, 336, 3, 99.33333333333333, 0, 0, 0, 0, 1, 
1237789, 1241528725567, 1241529216085, 0, 2532, 8, 384.625, 0, 1, 2, 510740, 4, 
1238948, 1241522388517, 1241522697828, 0, 94, 1, 92, 0, 0, 0, 0, 1, 
1241345, 1241522630784, 1241522666929, 0, 0, 0, 0, 0, 0, 0, 0, 1, 
1241515, 1241513058461, 1241513259020, 0, 0, 0, 0, 0, 0, 0, 153097, 1, 
1243016, 1241520403738, 1241520492202, 0, 0, 0, 0, 0, 0, 0, 0, 1, 
1244409, 1241525573867, 1241525674817, 0, 0, 0, 0, 0, 0, 0, 0, 1, 
124585, 1241527054750, 1241528366823, 0, 457, 3, 170, 0, 5, 7, 143278, 7, 1
1247243, 1241523018884, 1241523420705, 0, 126, 1, 126, 0, 0, 0, 0, 1, 
1249006, 1241525325092, 1241525344687, 0, 0, 0, 0, 0, 0, 0, 0, 1, 
1249425, 1241529863277, , 0, 878, 7, 128, 0, 0, 0, 0, 1, 0
1252375, 1241527061790, 1241527138249, 0, 0, 0, 0, 0, 0, 0, 217283, 1, 
1254072, 1241525736949, 1241525858243, 0, 0, 0, 0, 0, 0, 0, 0, 2, 
1255618, 1241522003542, 1241523872025, 0, 969, 9, 108.66666666666667, 0, 0, 0, 206148, 2, 
1259111, 1241515511878, 1241517562139, 0, 1670, 14, 109.71428571428571, 0, 0, 0, 546821, 2, 
1259194, 1241512615390, 1241512660174, 0, 0, 0, 0, 0, 0, 0, 0, 1, 
1259307, 1241513104635, 1241513153878, 0, 0, 0, 0, 0, 0, 0, 0, 1, 
1260053, 1241514327371, 1241514413932, 0, 0, 0, 0, 0, 0, 0, 1127083, 1, 
1260498, 1241516594372, 1241516619863, 0, 0, 0, 0, 0, 0, 0, 0, 1, 
1261187, 1241520220030, 1241521077956, 0, 211, 2, 105.5, 0, 0, 0, 0, 1, 
1261213, 1241521420248, 1241521493861, 0, 0, 0, 0, 0, 0, 0, 0, 1, 
1262369, 1241526370434, 1241526370777, 0, 0, 0, 0, 0, 0, 0, 0, 1, 
1262824, 1241526354390, 1241526473915, 0, 0, 0, 0, 0, 0, 0, 0, 1, 
1263573, 1241528372263, 1241528573866, 0, 0, 0, 0, 0, 0, 0, 0, 1, 
1264261, 1241530307161, 1241530644935, 0, 0, 0, 0, 0, 0, 0, 0, 1, 
126451, , , 53.35000000000001, 0, 0, 0, 0, 3, 1, 77874, , 
1265, 1241523605700, 1241524063375, 0, 0, 0, 0, 713, 15, 34, 12, 16, 3
12770, , , 347.20000000000005, 0, 0, 0, 0, 23, 36, 383387, , 
12791, 1241524678753, 1241525315232, 0, 1489, 3, 275.3333333333333, 0, 13, 22, 12, 12, 2
133336, 1241520610667, 1241520634460, 0, 0, 0, 0, 0, 0, 0, 317383, 1, 0
137000, , , 22.85, 0, 0, 0, 0, 1, 8, 164466, , 
143278, , , 45.7, 0, 0, 0, 0, 8, 5, 137000, , 
143538, , , 35.25, 0, 0, 0, 0, 2, 21, 1531, , 
14467, 1241525594274, 1241527599114, 77.9, 5799, 30, 185.23333333333332, 0, 1, 0, 58859, 3, 
149666, 1241526918046, 1241527431077, 0, 411, 3, 124.33333333333333, 0, 0, 0, 297654, 2, 0
149684, 1241520895387, 1241521145379, 0, 0, 0, 0, 0, 3, 5, 184167, 5, 5
153097, , , 140, 0, 0, 0, 0, 16, 0, 1062853, , 
154004, , , 113.90000000000002, 0, 0, 0, 0, 8, 6, 90041, , 
158892, 1241526119792, 1241526177842, 0, 0, 0, 0, 0, 0, 0, 224560, 1, 
166, , , 36.900000000000006, 0, 0, 0, 0, 5, 1, 578, , 
166371, , , 610.2, 0, 0, 0, 0, 4, 4, 267622, , 
171513, 1241531137826, , 0, 0, 0, 0, 0, 7, 7, 170191, 11, 2
174092, 1241513355546, 1241517287751, 0, 204, 2, 126, 0, 0, 0, 562060, 3, 
181253, 1241524791349, 1241525320102, 0, 498, 2, 190.5, 0, 2, 0, 103634, 6, 3
181738, 1241515278082, 1241517084626, 20.55, 0, 0, 0, 0, 5, 4, 12791, 7, 5
182454, 1241524835109, 1241524869670, 0, 0, 0, 0, 0, 0, 0, 99877, 3, 0
185295, , , 15.5, 0, 0, 0, 0, 1, 1, 113546, , 
190687, , , 747.4000000000001, 0, 0, 0, 0, 7, 2, 383937, , 
192104, 1241512775131, 1241513874610, 0, 570, 4, 111.25, 0, 0, 0, 1127083, 1, 
1975, 1241511759176, 1241513854100, 0, 209, 2, 141.5, 0, 0, 0, 0, 1, 
198149, , , 29.950000000000003, 0, 0, 0, 0, 1, 7, 380604, , 
199246, 1241527577059, 1241527996994, 0, 257, 2, 107, 0, 0, 0, 8938, 1, 
20260, , , 14.8, 0, 0, 0, 0, 2, 5, 12, , 
203784, , , 31, 0, 0, 0, 0, 1, 0, 185295, , 
206148, 1241524169214, 1241524858564, 96.89999999999999, 241, 2, 112, 0, 1, 0, 1122449, 3, 
210163, , , 1115.5999999999997, 0, 0, 0, 0, 12, 9, 255725, , 
22308, , , 14.700000000000001, 0, 0, 0, 0, 5, 0, 775158, , 
223494, , , 58.7, 0, 0, 0, 0, 1, 1, 179687, , 
228890, 1241513919872, 1241514028051, 0, 563, 5, 137.8, 0, 0, 0, 0, 1, 
230164, 1241511592645, 1241523649961, 0, 14948, 21, 700.4285714285714, 510740, 11, 9, 250837, 19, 2
234337, , , 11.3, 0, 0, 0, 0, 5, 4, 97523, , 
236834, , , 75.4, 0, 0, 0, 0, 1, 14, 101493, , 
240287, 1241513982196, 1241514299351, 0, 0, 0, 0, 0, 0, 0, 0, 1, 
247929, 1241529550235, 1241530846879, 0, 1576, 8, 135.75, 0, 1, 0, 104304, 2, 0
250837, , , 1494.8000000000002, 0, 0, 0, 0, 1, 11, 190687, , 
251792, 1241517353367, 1241517649140, 0, 117, 1, 117, 0, 0, 0, 0, 1, 
255725, , , 446.79999999999984, 0, 0, 0, 0, 1, 12, 309124, , 
259344, , , 70.5, 0, 0, 0, 0, 21, 0, 143538, , 
2606, , , 56.300000000000004, 0, 0, 0, 0, 8, 0, 307471, , 
267006, 1241527448117, 1241529047302, 0, 283, 1, 111, 0, 0, 0, 438751, 1, 
267622, , , 305.1, 0, 0, 0, 0, 2, 4, 1632, , 
269484, 1241519718558, 1241526833955, 0, 6102, 22, 323.6363636363636, 1124156, 4, 0, 166371, 6, 1
285205, , , 250.60000000000002, 0, 0, 0, 0, 6, 1, 154004, , 
288468, 1241524070314, 1241524878400, 0, 599, 2, 110.5, 0, 1, 0, 79942, 4, 1
297654, , , 41.1, 0, 0, 0, 0, 4, 1, 181738, , 
298229, 1241530510982, , 0, 369, 2, 167.5, 0, 1, 1, 166, 3, 0
298235, 1241530267809, , 0, 705, 4, 211, 0, 0, 0, 259344, 4, 0
300349, 1241526095238, 1241527745522, 0, 779, 4, 100.25, 0, 0, 0, 217283, 1, 
30152, , , 22.900000000000002, 0, 0, 0, 0, 4, 0, 40683, , 
3024, 1241525912763, 1241527390558, 0, 1642, 9, 126.44444444444444, 0, 0, 0, 1090611, 2, 
30534, 1241529776318, 1241530150037, 0, 310, 2, 134.5, 0, 0, 0, 203784, 2, 0
307471, , , 28.150000000000002, 0, 0, 0, 0, 2, 17, 12, , 
313682, 1241525893361, 1241526051552, 0, 187, 1, 142, 0, 1, 0, 510740, 1, 0
32314, 1241512958019, 1241514102774, 0, 0, 0, 0, 635003, 10, 14, 40508, 13, 2
323961, 1241513980782, 1241514292223, 0, 0, 0, 0, 0, 0, 0, 336524, 1, 
336228, , , 52.00000000000001, 0, 0, 0, 0, 9, 14, 307471, , 
338409, 1241526049587, 1241526448460, 0, 485, 2, 242.5, 0, 5, 4, 65584, 6, 3
340529, 1241527941555, 1241528288419, 0, 0, 0, 0, 0, 0, 0, 0, 1, 0
34987, , , 115.75000000000001, 0, 0, 0, 0, 2, 12, 8842, , 
351430, , , 104.00000000000001, 0, 0, 0, 0, 11, 28, 336228, , 
351626, , , 24.25, 0, 0, 0, 0, 7, 8, 183403, , 
35568, 1241527883144, 1241527973833, 0, 0, 0, 0, 438751, 2, 27, 258951, 4, 
359234, 1241513558649, 1241515428238, 0, 1063, 7, 137.42857142857142, 0, 0, 0, 54776, 2, 
363172, 1241514588483, 1241515110408, 0, 0, 0, 0, 0, 0, 0, 600946, 2, 0
36377, , , 78.8, 0, 0, 0, 0, 4, 1, 453809, , 
369681, , , 24.9, 0, 0, 0, 0, 2, 1, 1704, , 
383387, , , 248.05000000000004, 0, 0, 0, 0, 7, 56, 0, , 
392358, 1241521161821, 1241521244349, 0, 0, 0, 0, 0, 0, 0, 308755, 1, 0
396113, , , 692.8999999999999, 0, 0, 0, 0, 2, 9, 44987, , 
401464, 1241529556639, 1241529713899, 0, 0, 0, 0, 0, 0, 0, 0, 1, 0
40683, , , 11.450000000000001, 0, 0, 0, 0, 1, 4, 388185, , 
4139, 1241523992111, 1241525278847, 76.30000000000001, 4316, 8, 507.375, 44987, 21, 23, 713, 17, 3
415271, 1241522780601, 1241523091092, 0, 0, 0, 0, 0, 10, 2, 66689, 4, 0
43402, 1241521322298, 1241521330637, 0, 0, 0, 0, 29810, 11, 13, 123961, 11, 3
438751, 1241523241906, 1241530971388, 450.05000000000007, 8936, 34, 348.20588235294116, 35568, 9, 2, 210163, 7, 1
445660, , , 747.4000000000001, 0, 0, 0, 0, 4, 7, 54812, , 
447249, 1241531143020, 1241531229790, 0, 0, 0, 0, 10642, 3, 3, 199427, 14, 2
44987, 1241522662588, 1241525393772, 206.64999999999998, 3472, 6, 749, 4139, 17, 18, 12770, 14, 2
45101, 1241530535035, 1241530862466, 0, 184, 1, 184, 0, 0, 0, 0, 1, 
457756, 1241523704504, 1241523814186, 0, 0, 0, 0, 0, 1, 0, 415271, 4, 0
468188, 1241530823587, , 0, 1040, 6, 178.33333333333334, 0, 19, 5, 351430, 6, 17
49013, 1241528618400, 1241530853518, 0, 1105, 9, 116.55555555555556, 0, 0, 0, 1140626, 2, 
502119, , , 151.10000000000002, 0, 0, 0, 0, 9, 5, 22707, , 
510740, 1241511613247, 1241523982850, 327.6, 14948, 21, 722.6190476190476, 230164, 69, 46, 534632, 20, 19
5153, 1241512181048, 1241513823866, 0, 549, 3, 226, 0, 1, 0, 995, 8, 1
52350, 1241518295315, 1241518642430, 0, 2818, 10, 212, 0, 2, 0, 674637, 4, 
534632, , , 1658.6000000000001, 0, 0, 0, 0, 7, 69, 445660, , 
541655, , , 138.65000000000003, 0, 0, 0, 0, 1, 20, 126451, , 
546821, 1241511597228, , 166.99999999999997, 222, 2, 116.5, 0, 1, 0, 1127083, 2, 0
54776, 1241522536993, 1241522818757, 263.20000000000005, 296, 2, 198.5, 0, 74, 32, 89757, 15, 3
548980, 1241516448850, 1241517441874, 0, 763, 6, 112.5, 0, 0, 0, 4139, 2, 
551704, 1241529958223, 1241529990082, 0, 0, 0, 0, 0, 0, 0, 0, 1, 
555728, , , 12.05, 0, 0, 0, 0, 16, 10, 1101, , 
560243, 1241516709757, 1241517420340, 0, 307, 2, 190, 616590, 0, 0, 510740, 4, 0
562060, , , 20.400000000000002, 0, 0, 0, 0, 5, 0, 592692, , 
56670, 1241521649011, 1241521913850, 0, 0, 0, 0, 0, 0, 0, 0, 1, 
578, , , 18.450000000000003, 0, 0, 0, 0, 1, 5, 12770, , 
58859, 1241523499898, 1241523754374, 598.15, 4133, 17, 326.4117647058824, 43017, 9, 5, 396113, 14, 2
592692, , , 10.200000000000001, 0, 0, 0, 0, 8, 5, 283305, , 
609830, 1241527398290, 1241528811608, 0, 2097, 8, 210.625, 0, 0, 0, 120076, 4, 
616423, 1241531310646, , 0, 0, 0, 0, 0, 1, 0, 58429, 3, 0
626474, 1241528366341, 1241528591444, 0, 109, 1, 124, 0, 1, 0, 34987, 2, 
63415, , , 40.2, 0, 0, 0, 0, 7, 1, 8938, , 
634607, 1241513678098, 1241517063555, 0, 1569, 6, 276, 0, 2, 2, 54776, 4, 
65584, , , 48.5, 0, 0, 0, 0, 4, 5, 351626, , 
674637, , , 291.1, 0, 0, 0, 0, 11, 2, 1192337, , 
70557, , , 302.20000000000005, 0, 0, 0, 0, 5, 24, 502119, , 
713, , , 469.75000000000006, 0, 0, 0, 0, 11, 26, 12, , 
71724, 1241526767358, 1241530350431, 16.3, 1174, 6, 222.33333333333334, 3200, 16, 4, 94103, 12, 4
73961, 1241525720771, 1241525911472, 0, 274, 1, 117, 0, 0, 0, 438751, 1, 
764869, 1241528101889, 1241528214370, 0, 0, 0, 0, 0, 0, 0, 0, 1, 
77, 1241519377565, 1241519408769, 0, 0, 0, 0, 171151, 11, 2, 12770, 14, 2
775158, , , 7.3500000000000005, 0, 0, 0, 0, 1, 5, 929303, , 
785685, 1241525825042, 1241525840709, 0, 0, 0, 0, 0, 0, 0, 153097, 1, 
787878, 1241530894534, 1241530904890, 0, 0, 0, 0, 0, 0, 0, 0, 1, 
787938, 1241528124583, 1241528196811, 0, 0, 0, 0, 0, 0, 0, 203820, 1, 
797824, , , 1.6500000000000001, 0, 0, 0, 0, 15, 3, 82321, , 
79942, , , 59.900000000000006, 0, 0, 0, 0, 7, 3, 198149, , 
875917, 1241515625735, 1241515906197, 0, 102, 1, 50, 0, 0, 0, 0, 1, 
87714, 1241524780258, 1241524878909, 0, 0, 0, 0, 0, 9, 3, 351430, 9, 6
8842, , , 5.45, 0, 0, 0, 0, 12, 5, 1531, , 
892403, 1241528152252, 1241528614418, 0, 402, 2, 123, 0, 0, 0, 63415, 1, 
8938, 1241516761449, 1241517806905, 84.00000000000001, 1067, 3, 580.6666666666666, 0, 20, 8, 541655, 6, 1
895543, 1241522489137, 1241522899193, 0, 77, 1, 77, 0, 0, 0, 0, 1, 
89757, , , 161.20000000000002, 0, 0, 0, 0, 3, 74, 20260, , 
900329, 1241522980687, 1241524022637, 0, 3022, 7, 467.7142857142857, 1084285, 24, 5, 70557, 9, 2
900505, 1241513102849, 1241517887087, 0, 33, 1, 33, 0, 0, 0, 1090442, 2, 
915816, 1241525428828, 1241526086230, 0, 0, 0, 0, 0, 0, 0, 0, 1, 
917768, 1241520722434, 1241522318056, 0, 1632, 8, 204, 0, 0, 0, 0, 2, 
926905, 1241528262160, 1241528272157, 0, 0, 0, 0, 0, 0, 0, 0, 1, 
929722, 1241528861389, 1241529219899, 0, 0, 0, 0, 0, 0, 0, 0, 1, 
94103, , , 125.55, 0, 0, 0, 0, 1, 16, 223494, , 
947832, 1241516097891, 1241517046907, 0, 296, 2, 91, 0, 0, 0, 1127083, 1, 
95443, 1241528014051, 1241528358844, 0, 0, 0, 0, 0, 0, 0, 106231, 1, 
98232, 1241516482361, 1241517046436, 0, 403, 2, 110.5, 0, 0, 0, 1127083, 1, 
990799, , , 63.50000000000001, 0, 0, 0, 0, 5, 3, 836417, , 
995, , , 54.900000000000006, 0, 0, 0, 0, 12, 1, 12, , 
998652, , , 206.5, 0, 0, 0, 0, 3, 18, 990799, , 
<<<<EndTable

PlayersOnlineNow=9
PlayersOnlineEachMinute=0, 2, 6, 6, 7, 8, 8, 9, 9, 10, 10, 11, 11, 11, 11, 11, 11, 11, 11, 11, 11, 12, 13, 12, 13, 14, 15, 17, 16, 16, 16, 17, 17, 16, 18, 18, 19, 20, 21, 19, 16, 19, 17, 18, 17, 18, 18, 16, 16, 14, 14, 15, 15, 14, 14, 13, 12, 11, 12, 11, 10, 11, 11, 12, 12, 11, 11, 12, 14, 15, 14, 14, 14, 13, 13, 13, 13, 14, 14, 14, 14, 14, 15, 16, 16, 16, 16, 17, 18, 19, 18, 18, 16, 15, 15, 15, 15, 14, 15, 13, 13, 11, 10, 9, 9, 8, 7, 7, 7, 7, 7, 7, 6, 7, 6, 6, 6, 6, 6, 5, 5, 5, 4, 4, 3, 3, 3, 3, 3, 3, 3, 4, 3, 3, 3, 3, 3, 4, 4, 4, 5, 5, 6, 6, 6, 7, 7, 9, 9, 9, 7, 8, 7, 7, 8, 8, 9, 11, 11, 10, 10, 8, 7, 7, 7, 8, 8, 7, 7, 8, 8, 8, 8, 8, 7, 8, 8, 8, 9, 9, 9, 10, 10, 14, 14, 13, 14, 12, 13, 12, 10, 11, 12, 11, 11, 11, 11, 11, 11, 11, 12, 12, 12, 13, 12, 12, 11, 12, 11, 9, 10, 11, 10, 10, 10, 10, 10, 10, 11, 11, 12, 14, 15, 11, 11, 12, 11, 11, 12, 12, 10, 9, 9, 8, 7, 10, 9, 10, 10, 9, 11, 10, 12, 12, 14, 13, 13, 13, 14, 13, 13, 13, 14, 14, 14, 14, 12, 13, 13, 15, 15, 14, 14, 13, 13, 11, 12, 11, 12, 12, 12, 11, 12, 12, 13, 13, 13, 15, 14, 12, 11, 11, 12, 11, 10, 10, 9, 10, 10, 11, 11, 11, 10, 10, 10, 8, 9, 9, 12, 11, 11, 10, 11, 10, 11, 12, 12, 13, 13, 12, 12, 11, 10, 13, 12, 12, 12, 14, 13, 12, 11, 11, 10, 9, 8, 7, 6, 8, 8, 8
PlayersInEachFeedingGame=2, 2, 2, 2, 2, 1, 1, 2, 2, 2, 2, 2, 1, 2, 3, 3, 1, 2, 2, 2, 1, 2, 1, 1, 1, 1, 2, 1, 1, 2, 1, 2, 1, 1, 1, 1, 1, 2, 1, 1, 1, 1, 2, 2, 2, 2, 2, 1, 3, 2, 1, 2, 2, 2, 2, 2, 2, 2, 2, 2, 2, 2, 1, 2, 2, 1, 1, 1, 1, 1, 1, 1, 1, 1, 1, 1, 1, 1, 2, 1, 1, 1, 1, 2, 1, 1, 1, 1, 1, 1, 1, 1, 2, 1, 1, 1, 1, 1, 2, 1, 1, 1, 2, 1, 1, 1, 2, 2, 2, 2, 2, 2, 2, 1, 1, 1, 2, 1, 2, 2, 1, 2, 1, 1, 1, 1, 1, 1, 2, 2, 1, 2, 2, 1, 1, 1, 2, 2, 1, 2, 3, 3, 2, 2, 1, 1, 2, 2, 2, 1, 1, 1, 1, 2, 1, 2, 2, 2, 2, 2, 2, 2, 1, 2, 2, 1, 1, 2, 2, 2, 2, 2, 1, 2, 2, 1, 2, 2, 2, 2, 2, 1, 1, 2, 2, 2, 2, 2, 2, 1, 2, 1, 1, 2, 1
PlayersStarted=234
PlayersQuit=225
StatsStartTime=1241511530959
StatsDumpTime=1241531331911
<<<<EndStats
2009-05-05 06:49:00,713 ERROR: vampire.server.feeding.FeedingRecord sendPlayerStartGameMsg [playerId=171513, prey=false, _predatorIndex=171513]
2009-05-05 06:49:18,151 ERROR: vampire.server.feeding.FeedingRecord sendPlayerStartGameMsg [playerId=616423, prey=false, _predatorIndex=]
2009-05-05 06:49:54,643 ERROR: vampire.server.feeding.FeedingRecord sendPlayerStartGameMsg [playerId=468188, prey=false, _predatorIndex=]
2009-05-05 06:52:35,852 ERROR: vampire.server.feeding.FeedingRecord sendPlayerStartGameMsg [playerId=298235, prey=true, _predatorIndex=]
2009-05-05 06:52:35,854 ERROR: vampire.server.feeding.FeedingRecord sendPlayerStartGameMsg [playerId=171513, prey=false, _predatorIndex=]
2009-05-05 06:54:40,172 ERROR: vampire.server.feeding.FeedingRecord sendPlayerStartGameMsg [playerId=1264653, prey=false, _predatorIndex=]
2009-05-05 06:54:54,465 ERROR: vampire.server.feeding.FeedingRecord sendPlayerStartGameMsg [playerId=171513, prey=false, _predatorIndex=1264653]
2009-05-05 06:55:26,603 ERROR: vampire.server.feeding.FeedingRecord sendPlayerStartGameMsg [playerId=430104, prey=true, _predatorIndex=]
2009-05-05 06:55:26,604 ERROR: vampire.server.feeding.FeedingRecord sendPlayerStartGameMsg [playerId=171513, prey=false, _predatorIndex=]
2009-05-05 06:57:36,324 ERROR: vampire.server.feeding.FeedingRecord sendPlayerStartGameMsg [playerId=438751, prey=true, _predatorIndex=]
2009-05-05 06:57:36,325 ERROR: vampire.server.feeding.FeedingRecord sendPlayerStartGameMsg [playerId=53030, prey=false, _predatorIndex=]
2009-05-05 06:58:00,237 ERROR: vampire.server.feeding.FeedingRecord sendPlayerStartGameMsg [playerId=1264653, prey=false, _predatorIndex=]
2009-05-05 06:58:23,657 ERROR: vampire.server.feeding.FeedingRecord sendPlayerStartGameMsg [playerId=298229, prey=true, _predatorIndex=]
2009-05-05 06:58:23,658 ERROR: vampire.server.feeding.FeedingRecord sendPlayerStartGameMsg [playerId=447249, prey=false, _predatorIndex=]

