
>>>>BeginStats

>>>>BeginTable
PlayerId, StartTime, EndTime, ProgenyPayout, XPFromFeeding, FeedingGames, MeanFeedingScore, BloodBond, Progeny, GrandProgeny, Sire, Level, Invites
100300, 1241643273485, 1241647335616, 0, 1889, 6, 268.6666666666667, 0, 1, 0, 447249, 4, 0
1005670, , , 93.7, 0, 0, 0, 0, 4, 0, 327756, , 
1010692, , , 53.099999999999994, 0, 0, 0, 0, 16, 14, 70997, , 
1012813, , , 47.900000000000006, 0, 0, 0, 0, 6, 22, 54776, , 
10260, 1241647656835, , 23, 1976, 6, 331.3333333333333, 8527, 9, 9, 713, 15, 2
1027896, 1241643754314, 1241643808009, 0, 0, 0, 0, 0, 0, 0, 0, 1, 
102929, , , 163.1, 0, 0, 0, 0, 2, 2, 71724, , 
103033, 1241644071004, , 37.2, 156, 1, 179, 767143, 12, 13, 81899, 6, 1
103144, , , 54.5, 0, 0, 0, 0, 5, 16, 116005, , 
1031852, 1241639437061, 1241639980037, 0, 421, 3, 132.66666666666666, 0, 0, 0, 0, 1, 
1032421, 1241643748967, 1241644048593, 0, 0, 0, 0, 0, 7, 1, 990799, 7, 1
1047840, 1241645820313, 1241647658077, 0, 124, 1, 124, 1106386, 3, 0, 408501, 5, 1
10642, , , 29.6, 0, 0, 0, 0, 31, 10, 351598, , 
1077614, 1241647084725, 1241647300336, 0, 0, 0, 0, 0, 1, 2, 836050, 3, 
1085912, 1241647789282, , 0, 172, 1, 166, 0, 0, 0, 16807, 2, 0
1092321, 1241645929000, 1241647629216, 196.15000000000003, 2974, 11, 353.27272727272725, 53030, 29, 34, 35568, 10, 3
1093697, 1241643259777, 1241643290640, 0, 0, 0, 0, 0, 0, 0, 1124214, 1, 
110807, 1241645655281, 1241646484891, 0, 469, 4, 120, 0, 0, 0, 942791, 1, 
1109070, 1241646017592, 1241646032573, 0, 0, 0, 0, 0, 0, 0, 1092321, 2, 
1119047, 1241645229376, 1241646365501, 0, 371, 2, 140.5, 0, 0, 0, 130730, 1, 
1120227, 1241643273230, 1241644196998, 0, 445, 3, 148.33333333333334, 0, 0, 0, 154004, 1, 
1122449, , , 69, 0, 0, 0, 0, 10, 7, 555728, , 
1124156, , , 86.7, 0, 0, 0, 0, 6, 0, 184671, , 
1126061, , , 742.2999999999998, 0, 0, 0, 0, 2, 1, 52350, , 
112953, , , 4.8500000000000005, 0, 0, 0, 0, 3, 7, 241176, , 
113203, , , 19.1, 0, 0, 0, 0, 1, 0, 553865, , 
113237, , , 67.75000000000001, 0, 0, 0, 0, 9, 18, 10642, , 
1138221, 1241639715260, 1241644504821, 0, 94, 1, 109, 1283799, 0, 0, 269484, 3, 
1145581, 1241644808537, , 0, 1855, 13, 141.07692307692307, 0, 0, 0, 1126061, 2, 0
11460, , , 391.09999999999997, 0, 0, 0, 0, 1, 11, 41022, , 
1152360, 1241642446950, 1241643102431, 0, 0, 0, 0, 0, 0, 0, 70997, 4, 
1155409, 1241644384345, 1241644848269, 0, 127, 1, 176, 0, 2, 3, 674637, 4, 
116005, , , 27.25, 0, 0, 0, 0, 6, 5, 130627, , 
116395, 1241639707183, 1241640297977, 0, 191, 2, 96.5, 0, 0, 0, 113203, 3, 
1168036, 1241641821681, 1241642501119, 0, 233, 1, 261, 0, 0, 0, 622761, 1, 
1173139, 1241646981910, 1241647467088, 0, 270, 2, 135, 0, 0, 0, 0, 1, 
117857, , , 28, 0, 0, 0, 0, 3, 0, 146211, , 
1192337, , , 136.85000000000002, 0, 0, 0, 0, 17, 16, 1012813, , 
1194247, 1241646999331, 1241647323728, 0, 191, 1, 140, 0, 0, 0, 308635, 2, 
1199648, 1241642359792, 1241643375744, 0, 254, 2, 136, 0, 1, 0, 394001, 3, 1
12, , , 1468, 0, 0, 0, 0, 20, 74, 383387, , 
1201160, 1241647620894, , 0, 195, 1, 136, 0, 0, 0, 562060, 3, 0
1204193, 1241642961776, 1241646023714, 61.2, 5262, 17, 221.11764705882354, 0, 1, 0, 1126061, 3, 1
1213686, 1241644877411, 1241645457011, 0, 210, 2, 124, 0, 0, 0, 0, 1, 
1213881, 1241646471701, 1241646491975, 0, 0, 0, 0, 0, 0, 0, 0, 1, 
1216272, 1241645460253, 1241645817418, 0, 0, 0, 0, 0, 0, 0, 0, 1, 
1217036, 1241642882103, 1241643821276, 0, 409, 4, 102.25, 0, 0, 0, 0, 1, 
122194, , , 9.55, 0, 0, 0, 0, 1, 12, 170316, , 
1222623, 1241646783291, 1241647676955, 0, 372, 2, 174, 0, 0, 0, 103033, 2, 
1225520, 1241645955077, 1241645978582, 0, 0, 0, 0, 0, 0, 0, 0, 1, 
122907, , , 100.19999999999999, 0, 0, 0, 0, 1, 10, 251062, , 
1237789, 1241647158841, 1241647611856, 145.4, 468, 1, 422, 0, 1, 5, 510740, 4, 
123961, , , 80.95, 0, 0, 0, 0, 5, 13, 713, , 
1241857, 1241639719467, 1241643563389, 128.20000000000002, 5227, 20, 341.45, 0, 2, 0, 259344, 3, 1
124493, , , 12.05, 0, 0, 0, 0, 1, 2, 39180, , 
1249888, 1241640085432, 1241640311535, 0, 113, 1, 113, 0, 0, 0, 0, 1, 
1251045, 1241645552400, , 0, 390, 2, 41.5, 0, 0, 0, 54776, 1, 0
1252426, 1241642982474, 1241643607107, 0, 0, 0, 0, 0, 0, 0, 35568, 2, 
125347, 1241646961859, 1241647245266, 0, 285, 2, 142.5, 0, 0, 0, 561527, 1, 0
1259932, 1241642225209, 1241643593717, 0, 254, 2, 117.5, 0, 0, 0, 0, 1, 
1265, , , 12.5, 0, 0, 0, 0, 2, 29, 12, , 
127073, 1241645209447, 1241646148746, 0, 346, 2, 100, 0, 1, 0, 155161, 5, 1
1270861, 1241639560704, 1241639581723, 0, 0, 0, 0, 0, 0, 0, 0, 1, 
1275500, 1241643111881, 1241643128023, 0, 0, 0, 0, 0, 0, 0, 0, 1, 
1275557, 1241642432086, 1241643168688, 0, 144, 1, 121, 0, 0, 0, 0, 1, 
1275640, 1241647709245, 1241647720624, 0, 0, 0, 0, 0, 0, 0, 0, 1, 
1276020, 1241646471805, 1241646604202, 0, 0, 0, 0, 0, 0, 0, 0, 1, 
1276975, 1241640594051, 1241640614675, 0, 0, 0, 0, 0, 0, 0, 0, 1, 
1278376, 1241646244925, , 0, 256, 2, 128, 0, 0, 0, 0, 1, 0
1278812, 1241642975321, 1241643014741, 0, 0, 0, 0, 0, 0, 0, 0, 1, 
12791, 1241642547124, 1241642650049, 130.95000000000002, 0, 0, 0, 0, 14, 23, 12, 12, 2
127942, , , 4.05, 0, 0, 0, 0, 6, 2, 133611, , 
1283799, 1241641330551, 1241643842213, 0, 104, 1, 105, 1138221, 0, 0, 971101, 2, 
1285232, 1241646838874, 1241646876779, 0, 0, 0, 0, 0, 0, 0, 0, 1, 
1296070, 1241646601681, 1241646666064, 0, 0, 0, 0, 0, 0, 0, 0, 1, 
1297731, 1241641077068, 1241641316963, 0, 96, 1, 82, 0, 0, 0, 438751, 1, 
1297854, 1241643824947, 1241643839759, 0, 0, 0, 0, 0, 0, 0, 0, 1, 
1297898, 1241645796468, 1241646116994, 0, 97, 1, 83, 0, 0, 0, 0, 1, 
1297977, 1241641815672, 1241642816973, 0, 0, 0, 0, 0, 0, 0, 311783, 1, 
1298190, 1241642490871, 1241642576996, 0, 0, 0, 0, 0, 0, 0, 0, 1, 
1298618, 1241643767803, 1241643876414, 0, 0, 0, 0, 0, 0, 0, 311783, 1, 
1298759, 1241644184873, 1241644450161, 0, 0, 0, 0, 0, 0, 0, 0, 1, 
1299139, 1241645386817, 1241645389746, 0, 0, 0, 0, 0, 0, 0, 0, 1, 
1299210, 1241647132465, 1241647596891, 0, 179, 1, 188, 0, 0, 0, 1092321, 1, 
1299240, 1241646510105, 1241646722760, 0, 0, 0, 0, 0, 0, 0, 0, 1, 
1299245, 1241647281992, 1241647297253, 0, 0, 0, 0, 0, 0, 0, 0, 1, 
130244, , , 94.70000000000002, 0, 0, 0, 0, 3, 10, 237967, , 
130457, 1241644700811, 1241645103736, 0, 0, 0, 0, 0, 1, 0, 341164, 3, 0
130595, 1241645135323, 1241646173627, 0, 486, 3, 162, 0, 0, 0, 0, 1, 
130730, 1241642244057, 1241644603015, 74.50000000000001, 2380, 13, 173.6153846153846, 0, 4, 0, 402642, 3, 2
135526, , , 5.2, 0, 0, 0, 0, 11, 1, 162782, , 
136291, 1241647793711, 1241647805518, 0, 0, 0, 0, 0, 0, 0, 0, 1, 
137784, 1241640114937, 1241640291751, 0, 97, 1, 97, 0, 0, 0, 153510, 3, 0
139168, 1241641323062, 1241645348225, 0, 1631, 6, 268, 0, 2, 0, 102929, 4, 
140487, 1241643289457, 1241643652904, 0, 137, 1, 167, 0, 1, 0, 317217, 4, 1
140983, 1241641831411, 1241643631017, 0, 280, 2, 122, 0, 0, 0, 117857, 3, 0
143501, 1241641892094, 1241642290750, 0, 95, 1, 95, 0, 3, 8, 326885, 8, 2
143538, , , 629.7500000000001, 0, 0, 0, 0, 2, 23, 1531, , 
144118, 1241647012395, 1241647025913, 0, 0, 0, 0, 0, 0, 0, 0, 1, 
144313, 1241644036655, 1241644055308, 0, 0, 0, 0, 0, 0, 0, 0, 1, 0
145622, 1241643554915, 1241643716959, 0, 0, 0, 0, 0, 0, 0, 0, 1, 
146211, , , 14, 0, 0, 0, 0, 1, 3, 258951, , 
147608, , , 14.25, 0, 0, 0, 0, 7, 2, 502119, , 
148695, , , 18.8, 0, 0, 0, 0, 1, 6, 10642, , 
1531, 1241639897623, 1241645495389, 61.8, 12186, 26, 472.65384615384613, 503, 6, 14, 12, 15, 3
153510, , , 9.700000000000001, 0, 0, 0, 0, 7, 2, 112953, , 
154004, 1241643874517, 1241643969029, 44.5, 0, 0, 0, 561706, 9, 6, 90041, 4, 0
155161, , , 34.6, 0, 0, 0, 0, 5, 1, 253373, , 
156486, , , 12.5, 0, 0, 0, 0, 1, 0, 372783, , 
161001, 1241641269536, 1241643013737, 0, 0, 0, 0, 0, 1, 2, 377820, 4, 5
161075, 1241643590619, 1241643599379, 0, 0, 0, 0, 0, 0, 0, 200244, 2, 0
162352, 1241639547807, 1241640596988, 0, 694, 5, 121, 0, 0, 0, 57748, 3, 
165133, 1241647094547, 1241647121920, 0, 0, 0, 0, 0, 0, 0, 206908, 2, 0
166371, , , 4.7, 0, 0, 0, 0, 4, 8, 267622, , 
166385, , , 27.95, 0, 0, 0, 0, 1, 2, 172329, , 
16807, 1241647779769, , 17.2, 0, 0, 0, 0, 2, 0, 592692, 4, 0
168216, 1241643617260, 1241643637306, 0, 0, 0, 0, 0, 0, 0, 0, 1, 0
169491, 1241646803483, , 0, 1383, 5, 185.6, 0, 0, 0, 36377, 3, 0
169869, , , 37.6, 0, 0, 0, 0, 6, 0, 148695, , 
170048, , , 55.9, 0, 0, 0, 0, 2, 0, 166385, , 
171151, 1241644032085, 1241644196973, 848.8000000000002, 0, 0, 0, 77, 39, 17, 21067, 14, 3
174422, , , 94.45000000000002, 0, 0, 0, 0, 1, 3, 54776, , 
178632, 1241643790049, 1241646232647, 0, 1072, 8, 133.125, 0, 0, 0, 942791, 2, 
1802, 1241642776091, 1241643439364, 0, 545, 1, 228, 995, 7, 2, 103144, 12, 2
18196, 1241646007106, 1241646098477, 0, 0, 0, 0, 0, 0, 0, 0, 1, 
184671, , , 43.35, 0, 0, 0, 0, 1, 6, 171513, , 
185517, 1241639683303, 1241639740931, 0, 0, 0, 0, 0, 0, 0, 194112, 2, 0
1892, 1241641385112, 1241642485079, 0, 982, 2, 522, 33511, 20, 6, 995, 12, 2
193256, 1241643320178, 1241643366580, 0, 0, 0, 0, 0, 0, 0, 0, 1, 
194910, 1241643283131, 1241644157459, 0, 123, 1, 123, 0, 0, 0, 865399, 1, 
194912, 1241643106373, 1241643126822, 0, 0, 0, 0, 0, 0, 0, 0, 1, 
195670, 1241645177584, 1241645506034, 0, 0, 0, 0, 0, 0, 0, 328568, 2, 
197740, , , 49.900000000000006, 0, 0, 0, 0, 2, 0, 208241, , 
198620, 1241644791938, 1241645516981, 0, 1889, 10, 152.1, 2108, 1, 0, 33995, 5, 1
199278, 1241647201622, 1241647436995, 0, 241, 1, 146, 0, 3, 1, 322248, 4, 4
199427, , , 94.45, 0, 0, 0, 0, 1, 4, 208602, , 
200145, , , 314.20000000000005, 0, 0, 0, 0, 1, 4, 209656, , 
201281, 1241641691692, 1241642118529, 0, 0, 0, 0, 0, 1, 0, 447249, 3, 0
20260, , , 126.30000000000001, 0, 0, 0, 0, 18, 19, 12, , 
205446, 1241643188473, , 0, 2158, 9, 132.88888888888889, 96675, 0, 0, 96675, 4, 0
205694, 1241641210218, 1241642216990, 0, 1282, 3, 180, 0, 0, 0, 1241857, 2, 
206148, 1241644129375, 1241645576980, 0, 690, 5, 96.8, 0, 1, 0, 1122449, 3, 
206384, 1241641260756, 1241641758067, 0, 46, 1, 91, 0, 0, 0, 0, 1, 
206921, 1241644053469, 1241644224600, 0, 0, 0, 0, 0, 0, 0, 0, 1, 
208217, 1241644824577, , 0, 1581, 6, 242.66666666666666, 0, 2, 0, 1092321, 4, 0
208241, , , 24.950000000000003, 0, 0, 0, 0, 2, 2, 235686, , 
209656, , , 103.15, 0, 0, 0, 0, 6, 2, 167153, , 
210163, , , 325.65000000000003, 0, 0, 0, 0, 12, 19, 255725, , 
21067, , , 424.4000000000001, 0, 0, 0, 0, 2, 39, 302907, , 
211527, 1241646928897, , 0, 499, 5, 90, 0, 0, 0, 197740, 1, 0
213501, 1241642421337, 1241642545556, 0, 0, 0, 0, 0, 0, 0, 503952, 1, 0
217283, , , 52.10000000000001, 0, 0, 0, 0, 57, 5, 57393, , 
227007, 1241645232965, 1241646435791, 0, 1619, 6, 308.5, 0, 3, 5, 43402, 7, 1
22707, , , 378.3, 0, 0, 0, 0, 7, 10, 8842, , 
230751, , , 8.1, 0, 0, 0, 0, 2, 0, 127942, , 
237967, , , 47.35000000000001, 0, 0, 0, 0, 1, 3, 336228, , 
240287, 1241641019228, 1241642375728, 0, 1169, 6, 139.66666666666666, 0, 0, 0, 351430, 2, 
246356, , , 65.10000000000001, 0, 0, 0, 0, 5, 3, 54776, , 
247992, , , 119, 0, 0, 0, 0, 3, 4, 214539, , 
253373, , , 17.3, 0, 0, 0, 0, 2, 5, 212370, , 
255725, , , 133.05, 0, 0, 0, 0, 1, 12, 309124, , 
258951, , , 173.7, 0, 0, 0, 0, 23, 18, 1265, , 
259344, 1241639492248, 1241644196992, 1088.05, 1236, 4, 436, 223864, 23, 19, 143538, 11, 2
268182, 1241642002556, 1241642014857, 0, 0, 0, 0, 0, 0, 0, 0, 1, 0
268302, 1241647736162, , 0, 0, 0, 0, 0, 0, 0, 0, 1, 0
269484, , , 9.4, 0, 0, 0, 0, 8, 0, 166371, , 
273499, 1241644793380, 1241645036967, 0, 0, 0, 0, 0, 0, 0, 45129, 4, 0
283305, 1241646836480, , 0, 574, 3, 202.66666666666666, 544450, 2, 8, 497122, 8, 3
2843, 1241643595714, 1241644369662, 0, 2619, 5, 523.8, 5212, 8, 33, 3383, 13, 11
297380, 1241641333993, 1241643647459, 0, 0, 0, 0, 0, 11, 3, 90015, 4, 3
298666, 1241646650113, 1241647151272, 0, 2521, 15, 168.93333333333334, 868186, 7, 0, 259344, 7, 2
307471, , , 628.2500000000001, 0, 0, 0, 0, 1, 10, 12, , 
308635, , , 19.1, 0, 0, 0, 0, 12, 0, 122194, , 
311783, 1241641230165, 1241646393384, 0, 3911, 12, 351.8333333333333, 0, 11, 2, 11460, 9, 7
313991, 1241640060720, 1241640707724, 0, 733, 3, 123, 0, 0, 0, 70997, 1, 
316089, 1241644516244, 1241644862984, 0, 0, 0, 0, 288860, 8, 1, 288860, 8, 5
317217, , , 13.700000000000001, 0, 0, 0, 0, 1, 1, 387114, , 
321365, , , 12.7, 0, 0, 0, 0, 3, 1, 317371, , 
322248, , , 24.1, 0, 0, 0, 0, 2, 3, 124493, , 
32314, 1241639861921, 1241640017072, 0, 0, 0, 0, 635003, 10, 14, 40508, 13, 2
326885, , , 9.5, 0, 0, 0, 0, 2, 3, 68619, , 
327756, , , 46.85, 0, 0, 0, 0, 1, 4, 336524, , 
33511, 1241645446375, 1241646140295, 0, 651, 6, 99, 1892, 1, 0, 246356, 9, 4
336228, , , 1314.95, 0, 0, 0, 0, 10, 14, 307471, , 
337958, 1241639437094, 1241639877068, 0, 125, 1, 134, 0, 0, 0, 156486, 2, 0
3383, , , 261.90000000000003, 0, 0, 0, 0, 6, 10, 12791, , 
33995, , , 188.90000000000003, 0, 0, 0, 0, 3, 2, 174422, , 
351430, 1241647008667, , 116.9, 12565, 37, 391.27027027027026, 336228, 13, 46, 336228, 13, 2
35568, 1241641862736, 1241643145211, 385.40000000000003, 250, 1, 232, 0, 2, 29, 258951, 4, 
36377, , , 138.3, 0, 0, 0, 0, 4, 7, 453809, , 
366412, 1241639504209, 1241639543112, 0, 0, 0, 0, 0, 0, 0, 58643, 1, 
367371, 1241647198730, 1241647452705, 0, 0, 0, 0, 0, 3, 1, 168214, 1, 4
37261, 1241642075658, 1241643517877, 0, 1454, 4, 439.75, 0, 5, 0, 1237789, 5, 1
372783, , , 6.25, 0, 0, 0, 0, 1, 1, 50669, , 
3811, 1241639453130, 1241639799288, 0, 0, 0, 0, 345939, 2, 1, 452296, 4, 
383249, 1241646800800, 1241647076965, 0, 0, 0, 0, 0, 4, 1, 193978, 5, 1
383387, , , 660.05, 0, 0, 0, 0, 7, 57, 0, , 
387114, , , 6.8500000000000005, 0, 0, 0, 0, 2, 1, 104034, , 
394001, , , 25.4, 0, 0, 0, 0, 1, 1, 321365, , 
396113, , , 436.70000000000005, 0, 0, 0, 0, 2, 9, 44987, , 
397835, , , 149.00000000000003, 0, 0, 0, 0, 5, 33, 47379, , 
402642, 1241646747482, 1241646979462, 275.25, 0, 0, 0, 0, 4, 7, 247992, 4, 0
408501, , , 12.4, 0, 0, 0, 0, 7, 3, 637936, , 
41022, , , 195.54999999999998, 0, 0, 0, 0, 2, 1, 412796, , 
430104, 1241639522204, 1241640653122, 0, 1053, 4, 263.25, 680154, 3, 0, 508617, 5, 2
43386, 1241642972613, 1241643488655, 0, 947, 2, 421, 106210, 4, 4, 130244, 8, 4
43402, , , 161.9, 0, 0, 0, 0, 12, 8, 123961, , 
437233, , , 3.8000000000000003, 0, 0, 0, 0, 1, 3, 169408, , 
438751, 1241644409692, 1241644877150, 119.10000000000001, 2661, 8, 442.125, 988642, 19, 9, 210163, 10, 2
447249, 1241641668631, 1241643135593, 188.9, 0, 0, 0, 10642, 4, 4, 199427, 15, 2
44987, , , 218.35000000000002, 0, 0, 0, 0, 1, 2, 12770, , 
452557, 1241643434611, 1241643836933, 0, 0, 0, 0, 0, 0, 0, 156282, 1, 
453809, , , 69.15, 0, 0, 0, 0, 1, 4, 372887, , 
47379, 1241646120040, , 28.900000000000002, 1948, 10, 243, 0, 4, 5, 54776, 6, 1
497122, , , 57.4, 0, 0, 0, 0, 14, 4, 82321, , 
502119, 1241639825368, 1241642041028, 0, 3783, 12, 289.5, 520359, 10, 13, 22707, 9, 1
503, 1241645586471, , 0, 0, 0, 0, 1531, 5, 4, 12, 10, 2
508617, , , 105.30000000000001, 0, 0, 0, 0, 3, 3, 510740, , 
510740, , , 172.15, 0, 0, 0, 0, 70, 6, 534632, , 
520205, 1241642140920, 1241642179395, 0, 0, 0, 0, 533476, 1, 0, 510740, 2, 0
52350, , , 355.84999999999997, 0, 0, 0, 0, 5, 2, 674637, , 
53030, , , 200.39999999999998, 0, 0, 0, 0, 10, 1, 122907, , 
533, 1241641299520, , 0, 0, 0, 0, 535, 10, 11, 20260, 14, 2
534632, , , 23.400000000000002, 0, 0, 0, 0, 7, 70, 445660, , 
534988, 1241643351423, 1241643525440, 0, 81, 1, 81, 0, 0, 0, 230751, 1, 0
543921, , , 40.3, 0, 0, 0, 0, 8, 0, 1092321, , 
546954, 1241645707826, 1241645935454, 0, 48, 1, 53, 0, 0, 0, 836050, 1, 
547115, 1241642416441, 1241643348850, 0, 493, 2, 114.5, 0, 0, 0, 0, 1, 
54776, 1241647814650, , 385.04999999999995, 2526, 10, 360.5, 0, 77, 33, 89757, 15, 3
553865, , , 9.55, 0, 0, 0, 0, 1, 1, 174528, , 
555728, , , 34.5, 0, 0, 0, 0, 16, 10, 1101, , 
561527, , , 28.5, 0, 0, 0, 0, 1, 0, 147608, , 
562060, , , 19.5, 0, 0, 0, 0, 5, 0, 592692, , 
562953, , , 7.6000000000000005, 0, 0, 0, 0, 3, 0, 437233, , 
57393, , , 13.100000000000001, 0, 0, 0, 0, 6, 63, 159420, , 
57748, 1241647592197, , 69.4, 958, 3, 322, 0, 5, 0, 1192337, 3, 0
58859, 1241645526798, 1241646278935, 0, 4367, 12, 441.9166666666667, 43017, 9, 8, 396113, 14, 2
592692, , , 18.35, 0, 0, 0, 0, 8, 7, 283305, , 
606219, 1241645265246, 1241645894100, 0, 612, 3, 151.66666666666666, 0, 0, 0, 1204193, 1, 
622761, 1241640130888, 1241643897422, 23.3, 2375, 14, 147.28571428571428, 0, 1, 0, 259344, 2, 
624485, 1241642267861, 1241643204641, 0, 76, 1, 76, 0, 0, 0, 562953, 2, 
637936, , , 6.2, 0, 0, 0, 0, 1, 7, 217283, , 
64855, 1241646926217, 1241647817629, 0, 374, 3, 114.66666666666667, 0, 0, 0, 130730, 1, 
674637, , , 12.700000000000001, 0, 0, 0, 0, 11, 7, 1192337, , 
675483, 1241641924143, 1241646425106, 0, 8488, 24, 373.4583333333333, 0, 0, 0, 171151, 4, 
68610, 1241644243027, 1241645576993, 0, 376, 2, 126, 0, 0, 0, 169869, 3, 0
68619, , , 4.75, 0, 0, 0, 0, 2, 9, 12770, , 
703094, 1241646667370, 1241647574813, 0, 2004, 12, 148.83333333333334, 0, 0, 0, 53030, 3, 
70557, 1241643165645, 1241643253259, 0, 0, 0, 0, 0, 5, 24, 502119, 5, 2
70997, 1241646268179, 1241646872012, 182.40000000000003, 578, 2, 509, 1010692, 33, 32, 397835, 12, 3
713, 1241644709992, , 209.1, 1015, 3, 338.3333333333333, 1265, 11, 75, 12, 18, 6
71724, , , 81.55, 0, 0, 0, 0, 19, 2, 94103, , 
72215, 1241645088099, 1241645751515, 0, 275, 2, 119.5, 0, 0, 0, 0, 1, 
76196, 1241646443078, 1241647181363, 0, 1062, 5, 261, 0, 2, 0, 994994, 4, 2
763333, 1241641898868, 1241641929699, 0, 0, 0, 0, 0, 0, 0, 0, 1, 
77, 1241642180388, 1241642201849, 0, 0, 0, 0, 171151, 11, 2, 12770, 14, 2
771625, 1241644858165, 1241644916461, 0, 0, 0, 0, 0, 1, 0, 5212, 2, 
78233, 1241645328750, 1241646714795, 0, 1187, 9, 106.77777777777777, 0, 0, 0, 54776, 2, 
8013, 1241645662610, 1241646242771, 0, 867, 4, 186.75, 0, 0, 0, 1124156, 3, 
802319, , , 7.800000000000001, 0, 0, 0, 0, 2, 6, 773108, , 
81899, , , 34.2, 0, 0, 0, 0, 6, 12, 802319, , 
822943, 1241640703713, 1241641193280, 0, 504, 2, 127.5, 0, 0, 0, 0, 1, 
82321, , , 28.7, 0, 0, 0, 0, 6, 14, 57717, , 
836050, 1241639984137, 1241640236996, 4.800000000000001, 592, 1, 742, 592692, 13, 5, 113237, 8, 2
852878, 1241643274716, 1241643283925, 0, 0, 0, 0, 0, 0, 0, 0, 1, 
853019, 1241643369037, 1241643675308, 0, 52, 1, 52, 0, 0, 0, 0, 1, 
862584, 1241643939354, 1241643950268, 0, 0, 0, 0, 0, 0, 0, 0, 1, 
865399, , , 12.3, 0, 0, 0, 0, 5, 0, 113237, , 
8842, , , 189.15, 0, 0, 0, 0, 12, 8, 1531, , 
885698, 1241642506038, 1241642511565, 0, 0, 0, 0, 891151, 4, 0, 836050, 4, 
89757, , , 428.8500000000001, 0, 0, 0, 0, 3, 77, 20260, , 
90041, , , 22.25, 0, 0, 0, 0, 9, 9, 258951, , 
919796, 1241646931083, 1241647475048, 0, 403, 2, 134.5, 0, 0, 0, 543921, 1, 
925735, 1241645956735, 1241645962479, 0, 0, 0, 0, 0, 0, 0, 0, 1, 
926905, 1241639442303, 1241645597653, 0, 1095, 9, 59.111111111111114, 0, 0, 0, 438751, 2, 
927894, 1241640326520, 1241642142958, 0, 937, 6, 134, 0, 0, 0, 1005670, 2, 
942791, 1241645145942, 1241646777004, 51.8, 262, 2, 128, 0, 3, 0, 217283, 4, 
96009, 1241645305343, 1241645622599, 0, 230, 1, 173, 0, 0, 0, 10260, 1, 0
960704, 1241641034396, 1241641051274, 0, 0, 0, 0, 0, 0, 0, 438751, 1, 
96675, 1241642830362, , 215.8, 2063, 7, 438.7142857142857, 205446, 4, 3, 200145, 4, 0
971101, , , 10.4, 0, 0, 0, 0, 1, 0, 135526, , 
972498, 1241639456405, 1241641315144, 0, 1091, 7, 147.14285714285714, 0, 0, 0, 70997, 2, 
982699, 1241647615277, 1241647623042, 0, 0, 0, 0, 0, 0, 0, 0, 1, 
991572, 1241646167110, 1241646350775, 0, 0, 0, 0, 0, 0, 0, 0, 1, 
994994, , , 106.19999999999999, 0, 0, 0, 0, 1, 2, 1010692, , 
995, , , 98.20000000000002, 0, 0, 0, 0, 12, 20, 12, , 
99575, 1241640102428, 1241643596973, 0, 559, 6, 96.66666666666667, 0, 0, 0, 170048, 1, 0
<<<<EndTable

PlayersOnlineNow=22
PlayersOnlineEachMinute=0, 13, 15, 14, 14, 17, 15, 13, 15, 17, 17, 19, 22, 23, 21, 19, 19, 19, 19, 18, 18, 17, 18, 17, 17, 17, 17, 18, 20, 19, 22, 24, 26, 27, 26, 25, 26, 26, 29, 29, 32, 35, 35, 35, 34, 34, 35, 33, 34, 36, 39, 40, 39, 36, 34, 34, 34, 33, 35, 37, 36, 36, 32, 33, 35, 36, 36, 36, 34, 32, 31, 29, 30, 32, 30, 28, 27, 27, 28, 28, 25, 27, 27, 25, 24, 25, 24, 23, 24, 24, 29, 27, 26, 27, 27, 28, 29, 32, 34, 35, 36, 36, 35, 31, 31, 32, 34, 33, 32, 33, 33, 32, 30, 30, 29, 28, 25, 24, 26, 24, 24, 24, 23, 26, 26, 28, 29, 32, 32, 32, 33, 32, 29, 29, 25, 25, 22, 22, 21, 21
PlayersInEachFeedingGame=1, 1, 2, 1, 1, 2, 1, 2, 2, 1, 2, 1, 2, 1, 2, 1, 1, 1, 2, 2, 1, 2, 2, 2, 2, 2, 1, 1, 2, 2, 1, 1, 2, 2, 1, 2, 2, 1, 2, 1, 2, 2, 2, 2, 2, 2, 2, 2, 2, 1, 1, 2, 1, 1, 2, 2, 1, 1, 2, 2, 1, 1, 2, 1, 1, 2, 2, 2, 1, 2, 1, 1, 1, 1, 1, 2, 2, 2, 2, 1, 1, 1, 2, 1, 2, 2, 2, 2, 1, 1, 2, 1, 1, 1, 1, 2, 1, 1, 2, 1, 1, 1, 1, 1, 1, 2, 2, 1, 1, 1, 1, 1, 2, 1, 1, 1, 1, 1, 1, 2, 2, 1, 1, 3, 2, 2, 2, 1, 2, 1, 1, 2, 2, 2, 2, 1, 1, 1, 2, 2, 1, 1, 2, 1, 2, 1, 3, 2, 2, 2, 2, 1, 3, 2, 2, 1, 2, 2, 1, 1, 1, 1, 2, 2, 1, 2, 2, 2, 2, 1, 3, 1, 1, 1, 1, 1, 2, 1, 2, 2, 2, 1, 1, 1, 1, 1, 1, 1, 2, 2, 1, 1, 1, 1, 1, 1, 2, 2, 1, 1, 1, 1, 2, 1, 2, 1, 1, 2, 2, 2, 1, 2, 2, 2, 1, 1, 2, 1, 1, 2, 2, 2, 1, 2, 2, 1, 1, 2, 1, 2, 1, 1, 1, 1, 2, 2, 2, 2, 1
PlayersStarted=282
PlayersQuit=260
StatsStartTime=1241639434790
StatsDumpTime=1241647838396
<<<<EndStats
2009-05-06 15:10:38,449 ERROR: vampire.server.feeding.FeedingRecord sendPlayerStartGameMsg [playerId=268302, prey=false, _predatorIndex=10260]
2009-05-06 15:10:40,964 ERROR: vampire.server.feeding.FeedingRecord sendPlayerStartGameMsg [playerId=16807, prey=true, _predatorIndex=]
2009-05-06 15:10:40,966 ERROR: vampire.server.feeding.FeedingRecord sendPlayerStartGameMsg [playerId=1085912, prey=false, _predatorIndex=]
2009-05-06 15:12:09,375 ERROR: vampire.server.feeding.FeedingRecord sendPlayerStartGameMsg [playerId=1296825, prey=false, _predatorIndex=10260,268302]
2009-05-06 15:12:43,885 ERROR: vampire.server.feeding.FeedingRecord sendPlayerStartGameMsg [playerId=351430, prey=true, _predatorIndex=]
2009-05-06 15:12:43,887 ERROR: vampire.server.feeding.FeedingRecord sendPlayerStartGameMsg [playerId=4297, prey=false, _predatorIndex=]
2009-05-06 15:14:40,305 ERROR: vampire.server.feeding.FeedingRecord sendPlayerStartGameMsg [playerId=57748, prey=true, _predatorIndex=]
2009-05-06 15:14:40,307 ERROR: vampire.server.feeding.FeedingRecord sendPlayerStartGameMsg [playerId=1299564, prey=false, _predatorIndex=]

