
>>>>BeginStats

>>>>BeginTable
PlayerId, StartTime, EndTime, ProgenyPayout, XPFromFeeding, FeedingGames, MeanFeedingScore, BloodBond, Progeny, GrandProgeny, Sire, Level, Invites
103053,undefined,0,33.6,0,0,0,0,3,0,96213,undefined,undefined
103764,1240656969982,1240657123035,0,0,0,0,0,0,0,0,1,null
103987,1240663502601,1240663517976,0,0,0,0,0,0,0,0,1,null
104766,1240662124628,1240662986739,0,510,3,114.66666666666667,0,0,0,133118,1,null
105905,1240666488129,1240666499232,0,0,0,0,0,0,0,160801,1,null
111249,undefined,0,145,0,0,0,0,2,7,188370,undefined,undefined
112194,undefined,0,31.15,0,0,0,0,3,2,128693,undefined,undefined
113203,1240662907487,1240663626782,64.30000000000001,643,3,310.6666666666667,0,1,0,553865,4,1
116395,1240662550913,1240663541476,0,643,3,117.33333333333333,0,0,0,113203,2,null
117507,1240663269720,1240663552379,0,195,1,209,0,0,0,510740,2,null
12,undefined,0,256.65000000000003,0,0,0,0,19,34,383387,undefined,undefined
120076,1240657709867,1240663961762,39.5,3604,15,265.8666666666667,0,9,1,34987,5,1
120379,1240664235311,1240664413417,0,105,1,209,0,0,0,0,3,0
121984,undefined,0,57.5,0,0,0,0,4,3,166,undefined,undefined
122494,1240652537628,1240654376420,0,1819,10,106.4,0,0,0,582081,2,0
124503,undefined,0,6,0,0,0,0,3,3,170934,undefined,undefined
124656,1240665891934,1240666315879,126.9,273,2,163,295942,1,4,96537,4,0
12628,undefined,0,10.2,0,0,0,0,1,1,296361,undefined,undefined
126451,1240663765961,1240663918280,0,0,0,0,0,2,0,77874,7,1
1265,undefined,0,44.900000000000006,0,0,0,0,5,7,12,undefined,undefined
12791,undefined,0,58.10000000000001,0,0,0,0,1,4,12,undefined,undefined
130244,undefined,0,50.7,0,0,0,0,3,4,237967,undefined,undefined
130627,undefined,0,60.30000000000001,0,0,0,0,8,5,85079,undefined,undefined
130736,1240654898334,1240655141759,0,0,0,0,0,0,0,797824,1,null
131355,1240663826638,1240664041935,0,0,0,0,0,1,2,461901,4,0
132921,1240663104835,1240664052625,0,0,0,0,0,6,2,211601,6,1
132984,undefined,0,20.4,0,0,0,0,1,0,12628,undefined,undefined
133118,1240664357800,1240664441555,51,320,2,166,0,3,0,121984,3,null
141288,1240652501056,1240659440542,236.40000000000003,3059,17,186.47058823529412,841332,3,0,510740,4,null
142539,1240661769799,1240662547725,0,279,3,93,0,0,0,502119,2,null
143489,1240663637030,1240665702743,0,1310,5,209.4,0,0,0,47445,4,0
143538,undefined,0,5.7,0,0,0,0,2,15,1531,undefined,undefined
144887,1240657344220,1240657378938,0,0,0,0,0,0,0,0,1,null
145896,1240663096037,0,26.8,1688,7,303.7142857142857,479642,5,5,225840,9,2
147608,1240661176077,1240661226814,0,0,0,0,541246,6,1,502119,5,1
151288,1240660156957,1240662226211,0,752,7,107.28571428571429,0,0,0,261567,1,null
151701,1240660035453,1240660682086,0,301,2,154,0,0,0,0,1,null
1531,undefined,0,6.4,0,0,0,0,2,13,12,undefined,undefined
153221,undefined,0,15.850000000000001,0,0,0,0,3,5,166991,undefined,undefined
153428,1240661030647,1240661157845,0,0,0,0,0,0,0,0,1,null
156489,undefined,0,80.80000000000001,0,0,0,0,12,13,713,undefined,undefined
160138,undefined,0,51.85,0,0,0,0,5,5,150469,undefined,undefined
16040,1240659539598,1240660910101,853.4000000000001,3892,13,340.3076923076923,4139,7,3,3,12,3
160624,1240655234663,1240657934704,0,1450,11,104.45454545454545,0,0,0,843104,2,null
160801,1240649979668,1240650120987,0,0,0,0,0,4,2,166371,3,1
162603,1240658426548,1240658598726,0,0,0,0,0,0,0,81597,1,null
163484,undefined,0,18.8,0,0,0,0,11,3,206649,undefined,undefined
166,undefined,0,16,0,0,0,0,5,4,578,undefined,undefined
16825,1240665944820,0,43,519,4,122.5,0,4,1,4139,4,0
170191,undefined,0,72.1,0,0,0,0,2,6,202873,undefined,undefined
171151,1240666837735,0,31,119,1,130,77,24,14,21067,13,3
171513,1240664794754,1240665340450,20.25,721,3,251.33333333333334,0,6,6,170191,9,2
171750,1240650515828,1240652113991,0,1766,8,145.625,0,0,0,176013,2,0
173370,1240667293493,0,0,0,0,0,465926,0,0,255543,4,3
173395,undefined,0,101.4,0,0,0,0,4,2,130244,undefined,undefined
174528,undefined,0,32.150000000000006,0,0,0,0,1,1,58859,undefined,undefined
176013,undefined,0,176.6,0,0,0,0,3,0,95378,undefined,undefined
176266,1240660438620,1240660650079,0,0,0,0,0,0,0,0,1,null
176511,1240665296222,1240665399124,0,0,0,0,0,1,1,154346,8,1
179390,1240657355478,1240657582092,0,0,0,0,0,0,0,52484,4,0
181163,1240663959386,1240664507891,0,337,2,144,0,0,0,7314,2,null
18250,1240650156699,1240651300431,0,623,2,169,0,0,0,73621,2,0
182501,1240650809309,1240652593423,0,2459,8,349.125,108722,5,0,430717,7,3
184167,undefined,0,9.600000000000001,0,0,0,0,4,1,113794,undefined,undefined
187203,1240660426432,1240661772501,0,473,3,146.33333333333334,0,0,0,0,1,null
188080,1240653544011,1240653897884,0,0,0,0,0,0,0,0,1,null
188370,undefined,0,15.05,0,0,0,0,1,2,163484,undefined,undefined
1892,undefined,0,11.8,0,0,0,0,14,1,995,undefined,undefined
189849,undefined,0,13.65,0,0,0,0,2,3,196568,undefined,undefined
190687,undefined,0,748.35,0,0,0,0,7,2,383937,undefined,undefined
191134,1240655415055,1240655646010,0,0,0,0,0,0,0,32314,1,2
195670,1240663425088,1240663853158,0,0,0,0,0,0,0,328568,2,null
197080,undefined,0,14.900000000000002,0,0,0,0,3,1,110178,undefined,undefined
199955,1240666846790,0,0,99,1,95,0,0,0,81899,3,0
20106,undefined,0,273.1,0,0,0,0,3,3,5842,undefined,undefined
201818,1240664920492,1240664950317,0,0,0,0,0,0,0,94819,1,0
202328,1240664621445,0,0,1014,8,107.625,0,2,0,173395,4,0
20260,undefined,0,311.65,0,0,0,0,2,5,12,undefined,undefined
202873,undefined,0,36.05,0,0,0,0,1,2,341164,undefined,undefined
204450,1240650774438,1240650787279,0,0,0,0,0,0,0,510740,1,null
206649,undefined,0,9.4,0,0,0,0,2,12,12,undefined,undefined
206672,1240664176416,1240664398955,0,0,0,0,0,0,0,3200,1,null
20718,1240661653239,1240661913535,0,188,1,188,0,0,0,163484,2,0
20731,1240665099115,1240665249549,0,7852,27,186.5185185185185,32314,0,0,16040,4,null
209985,1240666844039,0,0,119,1,107,0,0,0,304536,3,0
210163,1240662594565,1240663739601,0,728,7,102.14285714285714,0,0,0,255725,1,null
21067,undefined,0,27.4,0,0,0,0,2,24,302907,undefined,undefined
223494,undefined,0,86.55,0,0,0,0,1,1,179687,undefined,undefined
223864,undefined,0,103.7,0,0,0,0,5,10,160138,undefined,undefined
225840,undefined,0,182.20000000000002,0,0,0,0,1,5,7078,undefined,undefined
22707,undefined,0,13.950000000000001,0,0,0,0,1,6,8842,undefined,undefined
22731,1240663348175,1240665628737,0,3318,11,442.1818181818182,726649,9,1,351430,10,2
228764,undefined,0,40.150000000000006,0,0,0,0,1,2,197080,undefined,undefined
229059,undefined,0,5,0,0,0,0,1,9,80072,undefined,undefined
22976,1240665135615,1240665164571,0,0,0,0,0,0,0,21751,2,0
230164,1240652491577,1240661234240,0,14967,22,779.2272727272727,510740,7,1,250837,12,2
23340,undefined,0,526.45,0,0,0,0,6,4,383387,undefined,undefined
233517,undefined,0,73.7,0,0,0,0,2,3,212370,undefined,undefined
237231,undefined,0,568.6999999999999,0,0,0,0,2,17,20260,undefined,undefined
23989,undefined,0,89.00000000000001,0,0,0,0,3,0,55009,undefined,undefined
242321,1240658314232,1240658360996,0,0,0,0,0,0,0,173571,2,0
247822,1240663053938,1240663101627,0,0,0,0,0,0,0,122310,1,0
250837,undefined,0,1496.7,0,0,0,0,1,7,190687,undefined,undefined
251062,undefined,0,37.25,0,0,0,0,6,9,296361,undefined,undefined
253315,1240661079371,1240662212032,0,0,0,0,0,1,0,171151,1,1
255725,1240661997465,1240663998255,52.10000000000001,255,3,91,0,1,0,309124,1,null
256746,undefined,0,122.95,0,0,0,0,4,20,61984,undefined,undefined
258951,1240649917995,1240650943723,0,449,3,247.66666666666666,555644,6,12,1265,10,7
259344,undefined,0,11.4,0,0,0,0,15,0,143538,undefined,undefined
2606,1240656838100,1240663821644,0,3942,14,204.28571428571428,0,0,0,307471,4,0
261567,1240659564224,0,118.6,5094,24,245.58333333333334,0,17,5,237231,12,8
264673,1240665229154,1240665341044,0,0,0,0,0,0,0,28294,3,0
271218,1240665475290,1240666002900,0,317,2,164,0,0,0,295854,3,0
2843,1240663337164,1240663668045,65.5,1162,4,389.5,5212,6,27,3383,12,10
29072,1240657869957,1240658671598,0,1474,5,348.8,0,1,0,63924,4,null
295854,undefined,0,31.700000000000003,0,0,0,0,5,0,153221,undefined,undefined
3,undefined,0,1078.2500000000002,0,0,0,0,2,11,383387,undefined,undefined
302907,undefined,0,5.95,0,0,0,0,2,2,283855,undefined,undefined
304536,undefined,0,11.9,0,0,0,0,3,0,39171,undefined,undefined
30735,1240660994507,1240662029996,21.200000000000003,1163,5,258.2,0,4,2,124656,7,1
307471,undefined,0,394.20000000000005,0,0,0,0,3,2,12,undefined,undefined
309124,1240659902628,1240665092303,47.65,2623,14,147.07142857142858,0,1,1,20106,4,0
309821,1240659277014,1240662019584,0,802,6,132.5,0,0,0,0,1,0
313795,undefined,0,30.8,0,0,0,0,1,2,447249,undefined,undefined
3200,1240655669660,1240655984610,0,1037,5,309.8,71724,10,0,223864,11,2
32314,1240666799225,0,136.80000000000004,10529,30,434.2,20731,5,2,40508,12,2
335391,1240665327710,1240665365536,0,0,0,0,0,0,0,0,1,null
336228,undefined,0,165.90000000000003,0,0,0,0,2,12,307471,undefined,undefined
3383,undefined,0,116.20000000000002,0,0,0,0,4,6,12791,undefined,undefined
338409,1240652140150,1240652552750,0,497,2,304.5,0,0,0,65584,4,0
344937,undefined,0,186.05,0,0,0,0,9,11,251062,undefined,undefined
34987,1240660755361,1240661552432,380.15000000000003,128,1,128,0,2,10,8842,3,0
351430,undefined,0,331.80000000000007,0,0,0,0,9,9,336228,undefined,undefined
351626,undefined,0,24.85,0,0,0,0,6,5,183403,undefined,undefined
357642,1240654054879,1240654234314,0,120,1,120,0,0,0,0,1,null
36282,undefined,0,10,0,0,0,0,9,0,229059,undefined,undefined
36432,undefined,0,480.7499999999999,0,0,0,0,3,2,44987,undefined,undefined
370341,1240659956799,1240660753153,0,0,0,0,0,1,2,326885,3,0
372617,1240666832443,0,11.700000000000001,4749,18,311.77777777777777,612159,2,0,36432,6,1
374071,1240655762305,1240655847849,0,0,0,0,0,0,0,0,1,null
37450,1240662821403,1240662941345,0,0,0,0,0,0,0,159884,3,0
380780,1240664148352,1240664151490,0,0,0,0,0,0,0,199782,2,0
380848,1240666491546,0,0,158,2,100.5,118789,1,1,130627,4,0
381824,1240653635079,1240654005804,0,336,1,336,0,0,0,103053,4,0
383387,undefined,0,331.90000000000003,0,0,0,0,4,46,0,undefined,undefined
384125,1240666238904,0,20.700000000000003,298,3,88.66666666666667,0,2,0,228764,2,0
385486,1240662299613,0,0,294,3,85,0,0,0,120076,1,0
387496,1240654746799,1240655264977,399.8999999999999,192,2,145.5,0,1,0,82377,3,1
39171,undefined,0,5.95,0,0,0,0,8,3,102770,undefined,undefined
39180,1240659261279,1240659467384,0,0,0,0,0,5,9,68619,7,1
396113,undefined,0,273.9,0,0,0,0,2,4,44987,undefined,undefined
399290,1240660966714,1240661252544,0,0,0,0,0,0,0,0,1,0
403501,undefined,0,14.4,0,0,0,0,3,1,124503,undefined,undefined
40508,undefined,0,1085.0500000000002,0,0,0,0,4,5,23340,undefined,undefined
408501,undefined,0,124.80000000000001,0,0,0,0,2,0,637936,undefined,undefined
4139,undefined,0,73.4,0,0,0,0,11,4,713,undefined,undefined
41762,1240664657137,1240664676657,0,0,0,0,0,0,0,0,1,null
430717,1240651085866,1240652253038,245.9,0,0,0,0,20,9,256746,11,3
430891,1240658867844,1240659454134,229.79999999999995,301,1,265,0,7,4,111249,11,2
43232,1240660605686,1240662961384,0,2298,17,116.52941176470588,0,1,0,430891,4,0
433340,1240657651547,1240657696157,0,0,0,0,0,0,0,60973,1,0
437689,1240659164650,1240659461125,4.800000000000001,120,1,125,0,1,1,403501,4,0
442019,1240659926049,1240661126245,0,204,2,85.5,0,0,0,132984,2,0
445660,undefined,0,722.7,0,0,0,0,4,5,54812,undefined,undefined
447249,undefined,0,15.4,0,0,0,0,3,1,199427,undefined,undefined
44987,undefined,0,374.40000000000003,0,0,0,0,10,6,12770,undefined,undefined
464384,1240663272528,1240663401219,0,0,0,0,0,0,0,0,1,null
47445,undefined,0,131,0,0,0,0,6,4,2843,undefined,undefined
47477,undefined,0,124.50000000000001,0,0,0,0,1,0,58859,undefined,undefined
502119,undefined,0,27.900000000000002,0,0,0,0,6,6,22707,undefined,undefined
510740,1240653140857,1240664282180,443.59999999999997,14454,21,605.3333333333334,230164,47,30,534632,16,14
511609,1240649928869,1240650070364,0,117,1,117,0,0,0,372617,1,null
5153,1240649895532,1240650718894,0,742,3,199.33333333333334,0,1,0,995,8,1
5212,1240652976188,1240653196213,0,671,1,579,2843,13,10,156489,14,2
534632,undefined,0,1608.1000000000004,0,0,0,0,5,47,445660,undefined,undefined
5354,1240663849427,1240664523920,0,310,2,155,0,0,0,171151,1,null
546231,undefined,0,40.5,0,0,0,0,4,0,171513,undefined,undefined
54776,1240661158976,1240662015499,0,1139,4,408.25,1062,29,16,89757,13,2
55009,undefined,0,44.50000000000001,0,0,0,0,1,3,309096,undefined,undefined
550448,1240662055407,1240662369892,0,0,0,0,0,0,0,0,1,null
553865,undefined,0,96.45,0,0,0,0,1,1,174528,undefined,undefined
555644,1240665720426,1240666989778,0,405,4,120.75,258951,0,0,546231,3,null
557606,1240652533445,1240653331100,0,437,3,112.66666666666667,0,0,0,16040,1,null
560907,1240657212468,1240657457310,0,137,1,137,0,0,0,156489,2,0
573690,1240666221997,1240666256351,0,0,0,0,0,0,0,0,1,null
575732,1240659340770,1240659424598,0,0,0,0,0,0,0,0,1,0
582081,undefined,0,181.9,0,0,0,0,1,0,79942,undefined,undefined
5842,1240659666203,1240659848849,433.15000000000003,745,2,254.5,40275,11,25,344937,12,4
585199,1240650189755,1240652430811,0,0,0,0,0,0,0,0,1,null
586681,undefined,0,10.15,0,0,0,0,5,3,10642,undefined,undefined
58859,1240653859033,1240654851402,62.25000000000001,2739,6,628.5,43017,4,2,396113,11,2
605460,1240651773347,1240652093698,0,0,0,0,0,0,0,0,1,0
60973,undefined,0,89.00000000000001,0,0,0,0,4,0,130627,undefined,undefined
620394,1240654805170,1240655400394,0,0,0,0,0,1,0,2843,4,null
621,1240661950266,1240663009816,0,2746,10,347.5,677,4,0,3,10,2
631862,1240666711282,1240667198537,0,203,1,60,0,0,0,95479,2,null
634801,1240663218837,1240663450193,0,122,1,116,0,0,0,0,1,null
637936,undefined,0,62.400000000000006,0,0,0,0,2,2,217283,undefined,undefined
63924,undefined,0,147.4,0,0,0,0,3,1,233517,undefined,undefined
640986,1240650315597,1240650330558,0,0,0,0,0,0,0,0,1,null
654816,1240657954605,1240657961666,0,0,0,0,0,0,0,0,1,null
65584,undefined,0,49.7,0,0,0,0,4,0,351626,undefined,undefined
658993,1240663999633,1240664077102,0,0,0,0,0,0,0,0,1,null
66168,1240666261897,1240667033890,0,207,2,120,0,0,0,384125,1,null
666755,1240664767090,1240666627628,0,1241,9,147.33333333333334,0,0,0,7314,2,null
683540,1240663720689,1240664811961,0,890,7,103.57142857142857,72249,0,0,23989,3,null
68400,1240657893589,1240658122160,0,0,0,0,0,0,0,995,3,1
691188,1240666329738,0,0,115,1,103,0,0,0,16825,1,0
694523,1240663988832,1240666112136,0,890,8,111.25,0,0,0,60973,2,null
7078,undefined,0,84.4,0,0,0,0,8,5,177916,undefined,undefined
713,undefined,0,66.35000000000001,0,0,0,0,3,28,12,undefined,undefined
71724,1240665178531,1240665590709,0,1731,7,279.42857142857144,3200,8,1,94103,10,4
719358,1240665042485,1240665061034,0,0,0,0,0,0,0,0,1,null
7314,1240657501680,1240659993480,157.8,1921,6,425.8333333333333,0,8,4,5842,10,2
734404,1240652215248,1240652404461,0,255,2,127.5,0,0,0,0,1,null
73621,undefined,0,62.3,0,0,0,0,2,0,112194,undefined,undefined
745441,1240660371101,1240660533681,0,0,0,0,0,0,0,430717,1,null
751520,1240662640935,1240662760438,0,0,0,0,0,0,0,0,1,null
765610,1240665852033,1240665863053,0,0,0,0,0,0,0,0,1,null
77,1240657143880,1240657174480,0,0,0,0,171151,10,2,12770,13,2
770202,1240667028476,1240667033753,0,0,0,0,0,0,0,556276,1,null
771997,1240656985644,1240656996597,0,0,0,0,0,0,0,0,1,null
772383,1240658828143,1240659027728,0,0,0,0,168473,0,0,235393,3,null
778434,1240655603879,1240655921129,0,490,1,490,0,0,0,9093,3,null
780028,1240665356544,1240665815601,0,1165,7,157.85714285714286,0,0,0,141288,2,null
780672,1240660734357,1240662081862,0,1248,6,195.16666666666666,0,0,0,408501,3,null
781781,1240663535436,1240664118549,0,207,1,116,0,0,0,120076,2,null
78815,1240665772699,1240666192054,0,100,1,93,0,0,0,36282,1,null
791358,1240663561556,0,0,4084,38,98.39473684210526,0,0,0,387496,3,0
791487,1240665264519,1240665287610,0,0,0,0,0,0,0,0,1,null
794977,1240660270919,1240660277611,0,0,0,0,0,0,0,0,1,null
79942,undefined,0,90.95,0,0,0,0,3,2,198149,undefined,undefined
802319,undefined,0,4.95,0,0,0,0,1,3,773108,undefined,undefined
807467,1240660740496,1240661145159,0,134,1,107,0,0,0,0,1,null
809500,1240651227953,1240651232604,0,0,0,0,0,0,0,0,1,null
811852,1240661775833,1240662173575,0,308,2,109.5,0,2,0,313795,2,null
812855,1240657447565,1240657454584,0,0,0,0,0,0,0,0,1,null
814516,1240661906573,1240662103790,0,1245,6,188.5,0,0,0,47477,2,null
814943,1240663984288,1240664377626,0,140,1,122,0,0,0,0,1,null
81899,undefined,0,9.9,0,0,0,0,3,0,802319,undefined,undefined
820331,1240659758405,1240660072641,0,114,1,123,0,0,0,259344,1,null
82377,undefined,0,219.14999999999998,0,0,0,0,1,1,184167,undefined,undefined
830881,1240661557099,1240661578053,0,0,0,0,0,0,0,0,1,null
833228,1240664734260,1240665085298,0,36,1,36,0,0,0,0,1,null
835888,1240662098036,1240662104269,0,0,0,0,0,0,0,0,1,null
835983,1240664700803,0,0,1299,8,106.625,0,0,0,261567,2,0
839983,1240657759454,1240657838260,0,0,0,0,0,0,0,0,1,null
841273,1240650124863,1240650508427,0,313,2,71.5,0,0,0,0,1,null
841332,1240654124110,1240656341221,0,1288,9,119.33333333333333,141288,0,0,141288,2,null
841865,1240662368772,1240662432333,0,0,0,0,0,0,0,0,1,null
842797,1240650418149,1240651025597,0,171,1,122,0,0,0,0,1,null
843104,1240654056401,1240654908957,145,643,4,127.25,0,1,0,32314,1,null
843589,1240656884765,1240656903519,0,0,0,0,0,0,0,0,1,null
844714,1240657348825,1240657916052,0,38,1,38,0,0,0,0,1,null
844768,1240659577076,1240659596101,0,0,0,0,0,0,0,0,1,null
844871,1240652367046,1240652622793,0,107,1,107,0,0,0,0,1,null
845140,1240655246148,1240655273933,0,0,0,0,0,0,0,0,1,null
845252,1240652439762,1240652475954,0,0,0,0,0,0,0,0,1,null
845841,1240655373249,1240655941021,0,0,0,0,0,0,0,0,1,null
846070,1240667166140,1240667195434,0,0,0,0,0,0,0,0,1,null
846160,1240658539878,1240658548219,0,0,0,0,0,0,0,0,1,null
846368,1240658890310,1240659815368,0,556,4,120,0,0,0,30735,1,null
846933,1240656750538,1240656893506,0,0,0,0,0,0,0,9093,1,null
847010,1240665258953,0,0,1021,9,103.44444444444444,0,0,0,16825,2,0
847175,1240659060570,1240659120573,0,0,0,0,0,0,0,0,1,null
847378,1240656944413,1240656956806,0,0,0,0,0,0,0,621,1,null
847564,1240660721042,1240661604488,0,110,1,110,0,0,0,0,1,null
847708,1240663308102,1240663538605,0,268,1,136,0,0,0,145896,1,null
847714,1240657957765,1240657990465,0,0,0,0,0,0,0,0,1,null
848067,1240658194921,1240658245176,0,0,0,0,0,0,0,0,1,null
848117,1240660987540,1240661030534,0,0,0,0,0,0,0,0,1,null
848503,1240659701758,1240659779849,0,0,0,0,0,0,0,0,1,null
848677,1240659412969,1240659425925,0,0,0,0,0,0,0,0,1,null
848961,1240662369284,1240662396493,0,0,0,0,0,0,0,0,1,null
849016,1240662907636,1240662948574,0,0,0,0,0,0,0,0,1,null
849058,1240659990098,1240660001711,0,0,0,0,0,0,0,0,1,null
849156,1240663352352,1240663371802,0,0,0,0,0,0,0,0,1,null
849626,1240660982308,1240660988738,0,0,0,0,0,0,0,0,1,null
849829,1240665326877,1240665332909,0,0,0,0,0,0,0,0,1,null
850076,1240662324768,1240662338192,0,0,0,0,0,0,0,0,1,null
85079,undefined,0,7.9,0,0,0,0,3,8,43402,undefined,undefined
851271,1240665756075,1240666427614,0,0,0,0,0,0,0,0,1,null
852142,1240667288575,0,0,0,0,0,0,0,0,0,1,0
853416,1240666802338,1240666911531,0,0,0,0,0,0,0,0,1,null
86614,1240666595538,1240666810671,0,118,1,132,0,0,0,1892,3,null
8842,undefined,0,192.99999999999997,0,0,0,0,11,4,1531,undefined,undefined
89496,1240649926769,1240650771655,0,48,1,96,0,1,0,437689,4,0
89757,undefined,0,113.9,0,0,0,0,3,29,20260,undefined,undefined
9093,1240655602630,1240658435247,49,0,0,0,0,3,0,16040,5,2
94103,undefined,0,173.1,0,0,0,0,1,8,223494,undefined,undefined
94819,1240663861702,1240664528917,0,310,1,300,15346,1,0,5842,4,0
95378,undefined,0,88.3,0,0,0,0,2,3,3653,undefined,undefined
95479,undefined,0,20.3,0,0,0,0,3,0,586681,undefined,undefined
96213,undefined,0,16.8,0,0,0,0,2,3,41862,undefined,undefined
96537,undefined,0,85.45,0,0,0,0,3,1,189849,undefined,undefined
995,undefined,0,80.10000000000001,0,0,0,0,11,15,12,undefined,undefined
<<<<EndTable

PlayersOnlineNow=18
PlayersOnlineEachMinute=0, 6, 7, 6, 6, 10, 10, 11, 11, 12, 12, 11, 11, 11, 10, 9, 9, 9, 9, 8, 8, 8, 8, 8, 7, 7, 7, 7, 8, 8, 8, 8, 8, 9, 10, 10, 9, 8, 9, 10, 10, 9, 8, 9, 11, 10, 10, 9, 10, 10, 9, 9, 10, 9, 8, 10, 9, 9, 8, 8, 9, 9, 9, 10, 11, 11, 11, 10, 10, 9, 11, 12, 12, 12, 11, 11, 11, 11, 12, 12, 12, 13, 14, 13, 14, 15, 15, 14, 10, 12, 11, 11, 13, 14, 15, 13, 12, 13, 14, 15, 14, 12, 11, 11, 11, 11, 11, 11, 11, 10, 10, 10, 10, 10, 10, 12, 12, 11, 11, 12, 12, 14, 14, 14, 13, 15, 14, 14, 15, 13, 12, 13, 15, 15, 15, 14, 14, 14, 13, 13, 12, 13, 12, 12, 13, 12, 11, 10, 10, 11, 13, 13, 13, 13, 12, 13, 13, 15, 18, 17, 13, 14, 13, 14, 15, 15, 13, 13, 15, 16, 15, 15, 16, 16, 16, 17, 19, 19, 17, 19, 17, 19, 20, 20, 19, 20, 20, 21, 20, 18, 18, 18, 18, 19, 19, 17, 18, 18, 19, 19, 20, 20, 20, 20, 18, 18, 16, 17, 18, 16, 18, 17, 18, 18, 18, 17, 18, 20, 17, 16, 17, 18, 17, 20, 22, 23, 20, 21, 18, 18, 17, 18, 19, 21, 19, 20, 18, 16, 17, 17, 16, 18, 15, 13, 10, 10, 13, 12, 14, 14, 14, 14, 15, 15, 15, 14, 14, 17, 14, 13, 14, 14, 14, 13, 13, 15, 14, 14, 15, 14, 15, 14, 13, 14, 14, 15, 15, 15, 15, 14, 14, 15, 16, 20, 19, 18, 17, 17, 18, 16
PlayersInEachFeedingGame=1, 1, 1, 2, 2, 2, 2, 2, 2, 2, 1, 2, 1, 2, 1, 2, 1, 2, 1, 2, 2, 1, 2, 1, 2, 2, 2, 1, 2, 2, 2, 2, 2, 1, 2, 2, 2, 1, 2, 2, 2, 1, 2, 1, 2, 2, 1, 2, 2, 2, 1, 2, 1, 2, 2, 2, 2, 2, 1, 2, 2, 2, 1, 1, 1, 1, 2, 2, 2, 2, 2, 2, 2, 1, 2, 2, 1, 2, 2, 2, 2, 2, 2, 2, 1, 2, 2, 1, 1, 1, 2, 2, 2, 2, 3, 2, 2, 1, 2, 2, 1, 2, 2, 1, 1, 2, 2, 2, 1, 2, 2, 2, 2, 2, 1, 2, 2, 1, 2, 1, 2, 2, 2, 1, 2, 1, 1, 2, 1, 1, 1, 1, 1, 1, 2, 2, 2, 1, 2, 2, 1, 2, 2, 1, 2, 2, 1, 2, 2, 1, 2, 2, 2, 2, 2, 1, 2, 2, 2, 2, 1, 2, 2, 1, 2, 2, 2, 2, 2, 2, 2, 2, 1, 1, 2, 2, 2, 1, 2, 1, 2, 2, 2, 2, 2, 2, 1, 2, 2, 2, 1, 3, 2, 2, 2, 2, 2, 1, 2, 2, 2, 1, 2, 1, 2, 2, 2, 1, 2, 2, 2, 2, 1, 2, 1, 3, 2, 2, 2, 2, 2, 2, 2, 2, 2, 2, 2, 2, 2, 2, 1, 1, 2, 2, 2, 2, 2, 2, 2, 1, 2, 2, 2, 2, 2, 2, 2, 2, 2, 2, 2, 2
PlayersStarted=317
PlayersQuit=299
StatsStartTime=1240649895339
StatsDumpTime=1240667296238
<<<<EndStats

