
>>>>BeginStats

>>>>BeginTable
PlayerId, StartTime, EndTime, ProgenyPayout, XPFromFeeding, FeedingGames, MeanFeedingScore, BloodBond, Progeny, GrandProgeny, Sire, Level, Invites
101128,1240786007533,0,0,1315,9,140.44444444444446,103072,0,0,271936,2,0
103033,1240787496342,1240787510314,0,791,2,210.5,767143,5,3,81899,4,null
103072,1240786468739,0,0,833,6,121.66666666666667,101128,0,0,0,1,0
103144,undefined,0,52.400000000000006,0,0,0,0,5,5,116005,undefined,undefined
1043,1240783170648,1240783899776,0,491,1,693,16444,2,0,12,12,3
106069,undefined,0,51.900000000000006,0,0,0,0,13,1,236834,undefined,undefined
10642,1240784867169,0,235.9,2803,8,452.375,447249,24,30,351598,13,2
106870,1240786173134,0,0,1988,8,184,0,0,0,87198,3,0
109372,1240781065233,1240781490122,0,220,1,146,0,0,0,71724,1,null
110056,1240783704064,1240783714262,0,0,0,0,0,0,0,1062,1,null
1101,undefined,0,55.05,0,0,0,0,2,11,239981,undefined,undefined
111249,1240785699535,1240786569765,0,993,4,301.75,0,2,9,188370,8,3
113237,1240779530606,1240779551284,358,569,2,284.5,0,6,0,10642,4,null
113420,1240782955245,1240782994827,0,0,0,0,0,0,0,128886,1,null
114336,1240780166063,1240780623549,0,0,0,0,0,0,0,0,1,null
11460,undefined,0,19.3,0,0,0,0,1,6,41022,undefined,undefined
115195,1240777649882,1240778261630,0,800,7,72.28571428571429,0,0,0,218716,1,0
116005,undefined,0,26.200000000000003,0,0,0,0,6,7,130627,undefined,undefined
118794,1240778496923,1240778749354,0,0,0,0,0,0,0,172329,2,0
119991,1240782805996,1240783364200,0,64,1,64,0,0,0,0,1,null
12,undefined,0,4730.199999999999,0,0,0,0,19,88,383387,undefined,undefined
120076,1240777546727,1240777968529,0,1990,6,273.1666666666667,0,9,2,34987,5,1
122907,undefined,0,756.9000000000001,0,0,0,0,6,9,251062,undefined,undefined
123961,1240776759176,1240779057524,0,5447,13,532.3076923076923,878,5,18,713,13,2
124516,1240777791526,1240778119026,0,0,0,0,0,0,0,159201,4,0
1265,1240787062956,1240787116818,37.4,14110,26,685.6538461538462,713,9,17,12,15,3
126987,1240777658026,1240777669888,0,0,0,0,0,0,0,41022,2,0
127666,undefined,0,46.55,0,0,0,0,3,1,294313,undefined,undefined
12791,undefined,0,1181.5,0,0,0,0,9,6,12,undefined,undefined
128013,1240782919584,1240783244794,23.400000000000002,0,0,0,0,3,2,254152,4,1
128639,undefined,0,45.400000000000006,0,0,0,0,1,1,20731,undefined,undefined
129222,1240778058817,1240778074416,0,0,0,0,0,0,0,261567,1,0
131355,1240775641638,1240776016828,0,0,0,0,0,1,2,461901,4,0
132646,1240787258943,1240787309053,27.3,0,0,0,0,8,1,202501,8,1
132921,undefined,0,41.7,0,0,0,0,6,2,211601,undefined,undefined
133482,undefined,0,185,0,0,0,0,5,3,180951,undefined,undefined
135238,1240780032899,1240780049232,0,0,0,0,0,0,0,0,1,0
135504,1240775888113,1240775952915,51.800000000000004,0,0,0,139439,2,1,75123,4,0
139625,1240775654137,1240779321181,0,4921,26,190.3846153846154,0,0,0,415376,4,0
140573,1240777605896,1240778402450,0,0,0,0,0,0,0,178528,3,0
140986,1240777450388,1240778775349,10.700000000000001,346,3,114,0,4,0,187381,3,null
141461,1240784234550,0,49.6,9708,29,456.82758620689657,0,3,0,468188,6,1
142070,1240784614716,1240785177984,0,212,1,91,0,0,0,510740,1,null
142178,undefined,0,327.30000000000007,0,0,0,0,2,14,73621,undefined,undefined
143023,1240776913432,1240777154252,0,199,1,75,0,0,0,510740,1,null
143309,1240783527623,1240783776505,0,374,1,218,0,0,0,1265,3,0
143501,1240779793521,1240780154774,0,0,0,0,0,3,8,326885,8,2
143538,undefined,0,24.85,0,0,0,0,1,15,1531,undefined,undefined
144124,1240775633370,1240775964084,0,368,2,122,0,0,0,304536,2,0
145609,1240779820238,1240783307148,0,311,1,311,369307,5,4,92300,4,0
147608,1240784437536,1240784891029,0,359,1,422,541246,6,1,502119,5,1
148695,1240786684216,0,0,991,4,244.25,306511,8,6,161896,9,4
151709,1240776331132,1240778470799,0,0,0,0,475837,2,1,510740,3,null
1531,undefined,0,96.60000000000001,0,0,0,0,3,12,12,undefined,undefined
154004,1240778966052,1240778987226,0,0,0,0,561706,6,0,90041,4,0
15580,undefined,0,14.2,0,0,0,0,4,1,20260,undefined,undefined
156162,1240781779031,1240781806933,0,0,0,0,0,0,0,0,1,null
156489,undefined,0,93.4,0,0,0,0,12,20,713,undefined,undefined
157844,1240786163490,1240786455826,0,0,0,0,0,0,0,336524,1,null
158630,1240784807905,1240785418741,0,0,0,0,0,2,1,304445,5,1
159194,1240777615558,1240778592700,0,0,0,0,0,0,0,178269,4,3
159888,1240775657231,1240775699134,0,0,0,0,0,0,0,300612,1,null
159989,1240784993661,1240785004401,0,0,0,0,0,0,0,176491,4,0
160075,1240785270443,1240785275977,0,0,0,0,0,0,0,227806,2,0
16040,undefined,0,455.4000000000001,0,0,0,0,7,10,3,undefined,undefined
161001,1240786915876,1240786939016,0,0,0,0,0,1,1,377820,3,5
161236,1240785748768,0,0,1038,4,150.25,691188,0,0,548248,4,0
161355,1240785607589,1240785871969,0,316,1,438,0,0,0,54776,5,2
162015,1240786440211,1240786599922,0,0,0,0,0,0,0,0,1,null
162215,1240782765883,1240782960699,0,0,0,0,174242,2,0,62593,4,1
163435,1240775864731,1240775927766,0,0,0,0,0,0,0,0,1,null
163484,undefined,0,49.650000000000006,0,0,0,0,11,6,206649,undefined,undefined
164290,undefined,0,103.60000000000001,0,0,0,0,1,0,135504,undefined,undefined
16514,1240782854750,1240782888149,0,0,0,0,44929,3,8,1062,4,0
166074,1240775615233,1240778167051,0,686,3,245,301294,4,0,308219,5,2
167609,1240776059194,1240777272024,0,454,3,122,0,1,0,128639,2,null
168234,undefined,0,21.700000000000003,0,0,0,0,6,2,100080,undefined,undefined
16825,1240785913419,1240785966563,211.60000000000002,3449,11,402.6363636363636,0,14,6,4139,6,1
168473,1240784718944,1240785233316,0,250,1,374,772383,9,0,180508,6,8
170191,1240780982388,1240781683619,89.20000000000002,0,0,0,403403,2,6,202873,9,1
170539,1240786152102,1240787041501,41.5,994,4,241.5,0,1,0,87198,2,null
171151,1240776152232,1240777032558,27.95,0,0,0,77,30,17,21067,13,3
171513,1240776588199,1240776612628,6.300000000000001,892,3,306,0,6,6,170191,10,2
172214,1240776499935,1240776589282,0,0,0,0,0,1,0,133482,1,1
172743,1240777260415,1240777387008,0,0,0,0,0,0,0,148695,4,0
173395,undefined,0,19.650000000000002,0,0,0,0,5,5,130244,undefined,undefined
176491,1240778634473,1240778701591,0,0,0,0,0,2,0,54776,5,2
176511,undefined,0,246.04999999999998,0,0,0,0,2,1,154346,undefined,undefined
17790,1240776468793,1240777848085,0,4773,8,579.5,20260,11,10,20260,13,3
179326,undefined,0,40.800000000000004,0,0,0,0,2,2,185581,undefined,undefined
1802,1240786396950,0,0,524,1,640,995,5,2,103144,11,2
18026,undefined,0,48.6,0,0,0,0,2,3,67662,undefined,undefined
180508,undefined,0,25,0,0,0,0,1,9,12791,undefined,undefined
180951,undefined,0,92.5,0,0,0,0,1,5,153510,undefined,undefined
181264,undefined,0,483.20000000000005,0,0,0,0,2,0,3812,undefined,undefined
183759,1240778824981,1240779533005,0,160,1,126,0,0,0,0,1,0
183867,1240787333515,1240787344206,0,0,0,0,0,0,0,0,1,null
185581,undefined,0,20.400000000000002,0,0,0,0,1,2,209656,undefined,undefined
185650,undefined,0,15.55,0,0,0,0,2,1,185697,undefined,undefined
187381,undefined,0,39.95,0,0,0,0,6,4,2843,undefined,undefined
188114,undefined,0,34.3,0,0,0,0,2,1,261567,undefined,undefined
188229,undefined,0,83.4,0,0,0,0,1,5,168234,undefined,undefined
188370,undefined,0,99.30000000000001,0,0,0,0,2,2,163484,undefined,undefined
1892,1240784798768,0,11,3905,19,261.42105263157896,33511,15,6,995,10,2
191354,1240775886237,1240776284803,0,434,2,142.5,0,0,0,261567,2,0
191984,1240781023694,1240784734527,4.4,3251,11,345.54545454545456,191950,14,4,142178,8,6
192472,1240775540239,1240775718473,0,0,0,0,0,0,0,163514,3,1
192883,1240777508429,1240777637163,0,0,0,0,0,8,2,210210,7,5
194910,1240786963735,1240787003296,0,0,0,0,0,0,0,0,1,null
195736,undefined,0,132.9,0,0,0,0,6,16,334835,undefined,undefined
196543,1240785604823,1240786655893,292.5,3061,20,173.65,0,6,0,32314,4,1
196663,1240775749345,1240778463237,0,2193,14,146.64285714285714,0,0,0,60542,2,0
202328,undefined,0,58.95,0,0,0,0,5,4,173395,undefined,undefined
202501,undefined,0,13.65,0,0,0,0,5,12,1265,undefined,undefined
20260,1240776473412,1240777781419,798.85,5001,9,595.4444444444445,17790,15,36,12,16,13
202873,undefined,0,44.60000000000001,0,0,0,0,1,2,341164,undefined,undefined
203778,undefined,0,11.15,0,0,0,0,1,2,157588,undefined,undefined
204530,1240785555309,1240785563128,0,0,0,0,0,0,0,0,1,null
205535,1240785396612,0,0,1282,8,227.75,70997,1,0,95479,6,2
20731,undefined,0,22.700000000000003,0,0,0,0,6,1,16040,undefined,undefined
207913,1240786460863,1240786515071,0,0,0,0,0,0,0,0,1,null
208469,1240781751324,1240782416914,115.10000000000001,284,2,151.5,0,1,1,277945,2,0
208837,1240784632141,1240784660176,0,1613,10,133.7,0,0,0,802319,3,null
20899,1240775878086,1240777956716,0,0,0,0,0,1,0,55922,2,0
209187,1240777233218,1240778189271,0,44,1,87,0,0,0,191984,1,null
209273,1240787045821,0,0,414,2,154,0,0,0,0,2,0
210163,undefined,0,65.80000000000001,0,0,0,0,8,1,255725,undefined,undefined
211601,undefined,0,20.85,0,0,0,0,1,6,7078,undefined,undefined
217283,undefined,0,91.5,0,0,0,0,19,2,57393,undefined,undefined
218716,1240787295891,0,80,434,2,425,0,5,1,188229,8,5
220964,1240781163744,1240781476092,0,0,0,0,0,5,13,143501,4,1
223494,undefined,0,16.7,0,0,0,0,1,1,179687,undefined,undefined
22707,undefined,0,17.95,0,0,0,0,6,11,8842,undefined,undefined
228878,1240775874432,1240775906102,0,0,0,0,0,0,0,0,1,null
233517,1240781146469,1240781732405,0,0,0,0,0,2,4,212370,3,0
234117,1240784998268,1240785005657,0,0,0,0,0,0,0,195654,3,0
234191,1240776133144,1240776155954,0,0,0,0,0,0,0,121984,2,0
237231,undefined,0,394.79999999999995,0,0,0,0,2,25,20260,undefined,undefined
239981,undefined,0,22.25,0,0,0,0,1,2,209944,undefined,undefined
240065,1240775908784,1240776084951,0,0,0,0,0,0,0,167153,3,0
246356,undefined,0,187.00000000000003,0,0,0,0,4,1,54776,undefined,undefined
250602,1240783775271,1240783805539,0,0,0,0,0,0,0,0,1,null
251062,undefined,0,378.45000000000005,0,0,0,0,6,8,296361,undefined,undefined
254152,undefined,0,11.700000000000001,0,0,0,0,2,3,172329,undefined,undefined
255725,undefined,0,32.900000000000006,0,0,0,0,1,8,309124,undefined,undefined
256746,undefined,0,175.8,0,0,0,0,5,28,61984,undefined,undefined
258951,1240776825425,1240777243168,0,0,0,0,555644,10,14,1265,11,8
259344,undefined,0,49.7,0,0,0,0,15,0,143538,undefined,undefined
2606,1240779020383,1240779095788,0,0,0,0,0,4,2,307471,5,1
261567,1240777942128,1240780460305,53.400000000000006,3681,10,347.8,0,25,5,237231,12,12
271936,1240785640998,1240786149193,120.8,499,4,107.25,0,1,0,887964,1,null
276861,1240782449159,1240782511613,0,0,0,0,0,0,0,0,1,null
277945,undefined,0,60.3,0,0,0,0,1,1,15580,undefined,undefined
280082,1240783773419,1240783897240,0,0,0,0,0,0,0,122907,3,0
280634,1240783567942,1240783909715,0,0,0,0,0,5,3,280346,6,1
283305,undefined,0,362,0,0,0,0,1,0,497122,undefined,undefined
283723,1240780012414,1240780570739,0,0,0,0,0,0,0,188376,1,0
2843,1240781763916,1240782807112,17.3,2810,6,550,5212,7,28,3383,12,11
285711,1240785178188,1240785920331,0,247,1,105,0,0,0,457756,2,0
294313,undefined,0,9.450000000000001,0,0,0,0,3,3,39403,undefined,undefined
298666,1240782698495,1240783574039,0,497,4,109.25,0,0,0,259344,2,0
299874,1240776112500,1240776120634,0,0,0,0,0,0,0,69257,2,0
3,undefined,0,227.70000000000005,0,0,0,0,2,7,383387,undefined,undefined
300612,1240775542285,1240775629035,16.3,0,0,0,0,3,0,610359,3,0
30152,1240786377810,1240786961559,0,524,1,407,0,2,0,40683,6,3
30428,1240783288820,1240783296678,0,0,0,0,0,0,0,155376,2,0
304455,1240777622016,1240777629639,0,0,0,0,0,0,0,317371,4,0
304536,undefined,0,36.800000000000004,0,0,0,0,4,0,39171,undefined,undefined
306241,1240777653401,1240777658560,0,0,0,0,0,0,0,586681,1,null
308219,undefined,0,68.6,0,0,0,0,1,4,188114,undefined,undefined
308635,undefined,0,10.05,0,0,0,0,10,1,122194,undefined,undefined
311783,1240781145077,1240781614867,0,193,1,193,0,6,2,11460,8,3
314811,1240781808467,1240782284289,0,0,0,0,0,0,0,0,1,null
317383,undefined,0,4.2,0,0,0,0,1,2,344937,undefined,undefined
322248,1240777056340,1240777167084,0,0,0,0,0,2,3,124493,4,0
32314,undefined,0,452.35,0,0,0,0,10,6,40508,undefined,undefined
329201,1240775998426,1240776434819,0,163,2,81.5,0,0,0,300612,1,null
329560,1240780589204,1240780819923,0,100,1,100,0,0,0,261567,2,null
334835,undefined,0,66.45,0,0,0,0,2,7,143501,undefined,undefined
33511,1240785154508,0,0,1870,15,104.4,1892,1,0,246356,8,4
336524,1240783995306,1240786726805,0,1329,7,270.42857142857144,512737,9,4,195736,9,1
3383,1240780038522,1240780439102,281,10285,19,415.57894736842104,968,4,9,12791,14,2
338667,1240782247922,1240782845382,0,0,0,0,0,0,0,173628,1,0
339834,1240786354354,1240786400558,0,0,0,0,0,0,0,0,1,null
34041,1240786592754,1240786622380,0,0,0,0,0,0,0,156543,2,0
341832,1240779747890,1240780320036,0,553,2,265.5,0,0,0,356090,2,0
349835,undefined,0,8.450000000000001,0,0,0,0,4,1,140094,undefined,undefined
34987,undefined,0,199.00000000000003,0,0,0,0,2,10,8842,undefined,undefined
351430,undefined,0,485.40000000000003,0,0,0,0,11,17,336228,undefined,undefined
351598,undefined,0,308.75000000000006,0,0,0,0,1,24,359624,undefined,undefined
35169,1240777093132,1240777317250,0,0,0,0,0,0,0,0,1,null
356090,1240779902400,1240780368347,55.3,189,1,211,0,1,0,127666,2,2
359624,undefined,0,140.15,0,0,0,0,3,1,201132,undefined,undefined
367641,1240775702296,1240776054914,0,0,0,0,0,0,0,300612,1,null
371343,1240776320285,1240781502433,0,0,0,0,0,3,2,220964,5,2
375444,undefined,0,33.300000000000004,0,0,0,0,4,10,12770,undefined,undefined
378323,1240786588509,1240787107006,0,666,2,148.5,0,0,0,380650,2,0
380650,undefined,0,66.60000000000001,0,0,0,0,2,0,375444,undefined,undefined
3812,undefined,0,241.60000000000002,0,0,0,0,1,2,65584,undefined,undefined
383387,undefined,0,1341.9499999999998,0,0,0,0,4,47,0,undefined,undefined
385851,1240782458510,1240782949703,0,110,1,115,0,0,0,199955,1,null
387496,undefined,0,5.6000000000000005,0,0,0,0,1,0,82377,undefined,undefined
388185,undefined,0,26.200000000000003,0,0,0,0,1,1,12770,undefined,undefined
39171,undefined,0,18.400000000000002,0,0,0,0,8,4,102770,undefined,undefined
396113,undefined,0,469.4500000000001,0,0,0,0,2,4,44987,undefined,undefined
397835,undefined,0,353,0,0,0,0,5,8,47379,undefined,undefined
398860,undefined,0,16.900000000000002,0,0,0,0,1,0,349835,undefined,undefined
40508,undefined,0,153.05,0,0,0,0,4,10,23340,undefined,undefined
40683,undefined,0,52.400000000000006,0,0,0,0,1,2,388185,undefined,undefined
41022,undefined,0,9.65,0,0,0,0,2,1,412796,undefined,undefined
4139,1240787223248,0,450.7,11206,24,539.9166666666665,16040,11,21,713,14,3
415271,undefined,0,12.350000000000001,0,0,0,0,5,1,66689,undefined,undefined
415376,undefined,0,492.09999999999997,0,0,0,0,1,0,176511,undefined,undefined
430717,undefined,0,474.59999999999997,0,0,0,0,28,4,256746,undefined,undefined
432820,1240782606470,1240784398455,0,4832,20,165.7,0,0,0,181264,4,0
445660,undefined,0,132,0,0,0,0,4,5,54812,undefined,undefined
44987,undefined,0,73.30000000000001,0,0,0,0,3,11,12770,undefined,undefined
456649,1240780486084,1240780749474,0,0,0,0,0,0,0,0,1,null
457756,undefined,0,24.700000000000003,0,0,0,0,1,0,415271,undefined,undefined
468188,undefined,0,995.6,0,0,0,0,15,3,351430,undefined,undefined
47379,undefined,0,176.5,0,0,0,0,3,5,54776,undefined,undefined
475837,undefined,0,246.00000000000003,0,0,0,0,1,0,430717,undefined,undefined
478523,1240784572393,1240784584586,0,0,0,0,0,0,0,0,1,null
478872,1240777746915,1240777870192,0,0,0,0,0,0,0,157229,1,0
480591,1240785422722,1240786160139,0,234,1,197,0,0,0,128013,2,0
483143,1240775566933,1240775923947,0,126,1,126,0,0,0,797824,1,null
484953,1240781809538,1240781888049,0,0,0,0,408501,0,0,408501,2,null
485536,1240781602854,1240781825479,0,0,0,0,0,0,0,129679,1,null
486760,1240777525596,1240777576542,0,84,1,84,0,0,0,57395,4,0
497122,undefined,0,181,0,0,0,0,1,1,82321,undefined,undefined
501908,1240781524554,1240783301963,31.3,6457,17,423.88235294117646,53030,1,0,58859,4,0
502119,undefined,0,35.9,0,0,0,0,6,6,22707,undefined,undefined
503,undefined,0,397,0,0,0,0,4,1,12,undefined,undefined
503163,undefined,0,22.3,0,0,0,0,2,1,203778,undefined,undefined
510740,1240776078473,0,41.10000000000001,2640,8,465,230164,52,37,534632,16,16
518342,1240777817079,1240778257870,0,658,2,129.5,0,1,0,210163,2,null
520592,undefined,0,97.2,0,0,0,0,3,0,18026,undefined,undefined
5212,1240785933640,1240786225867,0,934,3,382.6666666666667,2843,15,10,156489,14,2
52818,1240780784605,1240780853395,0,0,0,0,0,3,0,367452,4,0
529215,1240784325788,1240784353691,0,0,0,0,0,0,0,113418,1,0
53030,1240780993598,1240783328467,0,7569,17,516.9999999999999,501908,8,5,122907,12,3
534632,undefined,0,284.55,0,0,0,0,5,52,445660,undefined,undefined
54084,1240779377261,1240779928327,0,422,2,144.5,0,0,0,196543,1,null
544136,1240782232811,1240782259563,0,0,0,0,0,2,0,204487,4,0
545157,1240775578079,1240775896404,0,169,1,226,0,0,0,398860,2,0
546231,undefined,0,12.600000000000001,0,0,0,0,4,0,171513,undefined,undefined
5477,1240778139901,1240778279835,0,0,0,0,0,0,0,0,1,null
54776,1240786539076,0,443.79999999999995,2750,9,377.6666666666667,1062,34,19,89757,13,2
548201,1240776388409,1240777091313,0,0,0,0,0,1,0,217283,2,null
548248,undefined,0,103.80000000000001,0,0,0,0,1,0,106069,undefined,undefined
554187,1240781258861,1240781604916,0,0,0,0,0,0,0,0,1,null
555728,1240785070925,0,21.1,445,2,284,828191,11,0,1101,4,0
559150,1240780716647,1240781111503,0,0,0,0,0,0,0,5212,2,1
57393,undefined,0,45.75,0,0,0,0,5,22,159420,undefined,undefined
57395,undefined,0,8.4,0,0,0,0,2,0,317383,undefined,undefined
57717,undefined,0,145.60000000000002,0,0,0,0,4,6,110178,undefined,undefined
57810,1240786029217,1240786461960,0,451,2,178.5,261716,0,0,196543,2,0
578918,1240787249014,0,0,408,3,126.33333333333333,0,2,0,179326,3,0
58022,1240780626110,1240780684079,0,0,0,0,0,3,5,175065,4,0
586681,1240777851862,1240778100233,64.10000000000001,0,0,0,0,6,7,10642,4,6
58859,1240784184314,1240784290979,661.35,1466,5,416.6,43017,4,3,396113,12,2
592692,1240779226701,1240784112450,0,3620,14,317.7857142857142,836050,0,0,283305,3,0
594803,1240785617864,1240785928220,0,223,2,70,0,1,0,503163,1,1
59830,1240782106400,1240783343060,0,1318,7,134.57142857142858,0,0,0,0,2,null
600642,1240783129956,1240783207623,0,0,0,0,0,0,0,196269,1,null
60542,1240782716941,1240784260055,219.3,6288,22,344.6818181818182,167153,2,0,63964,8,1
610359,undefined,0,8.15,0,0,0,0,1,3,21457,undefined,undefined
617633,1240786253485,1240786255807,0,0,0,0,0,0,0,0,1,0
618828,1240775933035,1240775966733,0,0,0,0,0,0,0,518207,2,null
625266,1240782634299,1240782833599,0,0,0,0,0,0,0,0,1,null
63047,1240781844201,1240784565713,0,3033,18,159.94444444444446,0,0,0,887964,3,null
630671,1240776533416,1240777044048,0,417,3,157.66666666666666,0,2,0,132921,4,null
632862,1240784991518,1240785004658,0,0,0,0,0,0,0,0,1,null
633962,1240785144859,1240785743146,0,813,3,135,0,0,0,141461,2,null
635556,1240783349702,1240784034279,0,110,2,55,0,0,0,0,1,null
639206,1240776547648,1240776555200,0,0,0,0,0,0,0,510740,1,null
63964,undefined,0,738.4499999999998,0,0,0,0,4,2,79181,undefined,undefined
641729,1240776265430,1240776678592,0,126,1,99,0,0,0,546231,1,null
642046,1240780624327,1240780792400,0,0,0,0,0,0,0,0,1,null
643827,1240777609390,1240777623187,0,0,0,0,0,0,0,0,1,null
66513,1240779022932,1240780464462,0,972,6,185.66666666666666,0,0,0,520592,3,0
66540,1240777759222,1240779947891,0,1962,9,125,0,0,0,196543,2,null
678064,1240780722166,1240780930246,0,0,0,0,0,0,0,0,1,null
67941,1240785866044,1240785973054,0,0,0,0,0,0,0,5212,2,0
68793,1240786940465,1240787301276,0,0,0,0,0,0,0,201458,4,0
691188,1240775540236,1240775755163,0,85,1,85,161236,1,2,16825,3,null
691604,1240778305240,1240778313805,0,0,0,0,0,0,0,81597,1,null
695030,1240777981670,1240778105373,0,0,0,0,0,0,0,0,1,null
695975,1240780788587,1240781433422,0,499,5,99.8,0,0,0,0,1,null
69841,1240781225593,1240782504799,0,2031,6,175.16666666666666,0,0,0,16825,2,null
70997,1240785189212,1240786590014,0,3530,11,308.8181818181818,205535,8,10,397835,7,1
713,1240781177495,1240783520793,1884.4499999999998,7237,15,400.2,1265,9,49,12,15,6
71724,1240781933312,1240782408571,22,334,2,261,3200,9,1,94103,11,4
718536,1240776457096,1240776981189,39.300000000000004,393,1,489,720155,4,1,202328,5,1
720155,1240776509808,1240776977069,0,393,1,297,718536,0,0,718536,4,null
730587,1240780312599,1240782103151,0,0,0,0,0,1,0,735743,4,null
73621,undefined,0,162.55,0,0,0,0,2,2,112194,undefined,undefined
738746,1240780345610,1240780440489,0,0,0,0,0,0,0,0,1,null
74274,1240779948581,1240780119758,0,0,0,0,0,0,0,132958,1,0
755771,1240787518326,0,0,0,0,0,0,0,0,612159,2,0
755785,1240777412460,1240777776405,0,110,1,220,0,1,0,1892,3,null
755876,1240781304031,1240781384236,0,0,0,0,0,0,0,54776,2,null
756874,1240781413158,1240781429626,0,0,0,0,0,0,0,0,1,null
760717,1240786316665,1240786329713,0,0,0,0,0,0,0,0,1,null
764326,1240777690595,1240777901692,0,411,2,135,0,0,0,140986,1,null
767143,undefined,0,149.1,0,0,0,0,7,3,355917,undefined,undefined
769463,1240785885765,0,0,3516,24,122.70833333333333,0,0,0,430717,4,0
769849,1240784378008,0,0,2457,11,116.45454545454545,0,0,0,54776,2,0
77,1240778584740,1240778843224,0,0,0,0,171151,10,2,12770,13,2
773108,undefined,0,80.65,0,0,0,0,9,2,510740,undefined,undefined
77969,undefined,0,20.1,0,0,0,0,1,0,308635,undefined,undefined
78815,1240780414820,1240780583435,0,0,0,0,0,0,0,36282,1,null
791358,1240780302751,1240780571453,0,56,1,112,0,0,0,387496,4,null
79181,undefined,0,314.3999999999999,0,0,0,0,2,4,116005,undefined,undefined
79279,1240777272606,1240778122609,0,330,3,110,0,0,0,133482,1,null
79532,1240781327300,1240782742095,0,1142,5,206.4,0,0,0,930370,2,null
797824,1240782998618,1240783247067,12.600000000000001,2912,11,246.8181818181818,574401,6,1,82321,5,2
80071,1240785621992,1240786272496,0,610,3,192.33333333333334,0,0,0,196543,2,null
802319,undefined,0,161.3,0,0,0,0,2,4,773108,undefined,undefined
809490,1240775833218,1240776169324,0,0,0,0,0,0,0,821335,1,null
818036,1240782159220,1240782682177,0,494,3,181,0,0,0,103033,4,null
82254,1240778279109,1240780479186,0,1580,4,252,102796,1,0,133482,4,0
82321,undefined,0,297.5,0,0,0,0,4,7,57717,undefined,undefined
82377,undefined,0,2.8000000000000003,0,0,0,0,1,1,184167,undefined,undefined
826551,1240786468976,1240787359571,0,415,3,119.33333333333333,0,0,0,170539,1,null
828032,1240780858164,1240781035090,0,313,1,106,0,0,0,501908,1,null
829825,1240781725508,1240781921542,0,71,1,71,0,0,0,0,1,null
834972,1240782679176,1240783892718,0,0,0,0,0,0,0,0,1,null
836050,1240780385175,1240784249381,0,3580,13,214.07692307692307,592692,0,0,113237,3,null
838030,1240783692121,1240783723836,0,0,0,0,0,0,0,0,1,null
849362,1240782149882,1240782173711,0,0,0,0,0,0,0,0,1,null
8527,1240776797898,1240778829689,0,3970,7,335.42857142857144,2090,1,0,503,6,1
852908,1240783141823,1240783154261,0,0,0,0,0,0,0,0,1,null
870091,1240776495914,1240776615587,0,0,0,0,0,0,0,0,1,null
87198,undefined,0,318.95,0,0,0,0,3,1,767143,undefined,undefined
873313,1240787493262,0,0,0,0,0,0,0,0,0,1,0
873537,1240775821422,1240775976459,0,0,0,0,0,0,0,0,1,null
873814,1240786515379,0,0,883,5,136.2,0,0,0,54776,1,0
875906,1240779886069,1240780101906,0,219,1,219,0,0,0,0,1,null
87714,1240787294697,1240787324717,0,0,0,0,0,2,1,351430,4,0
878678,1240777156711,1240777191541,0,0,0,0,0,0,0,0,1,null
879079,1240779713026,1240780269883,0,133,1,139,0,0,0,196543,1,null
880558,1240781344058,1240782623460,0,1036,5,121,0,0,0,164290,2,null
881391,1240784682717,1240784864567,0,201,3,65.33333333333333,0,0,0,77969,2,null
881995,1240784215328,1240784433806,0,0,0,0,0,0,0,0,1,null
883007,1240784994477,1240786474443,0,0,0,0,0,0,0,0,1,null
8842,1240778161751,0,99.50000000000001,966,2,552.5,22707,11,18,1531,13,6
885368,1240786769278,1240786791114,0,0,0,0,0,0,0,0,1,null
887964,1240775555090,1240776827148,413.6000000000001,559,5,104,0,2,1,919861,2,null
890052,1240786771775,0,0,2460,20,122.8,0,0,0,475837,3,0
896436,1240778941898,1240778949936,0,915,2,156,0,0,0,217283,2,null
89757,undefined,0,450.15000000000003,0,0,0,0,3,35,20260,undefined,undefined
90239,1240782872364,1240782879995,0,0,0,0,0,1,0,104274,4,0
902911,1240775722338,1240775732291,0,0,0,0,0,0,0,0,1,null
90312,1240780220266,1240780261099,0,0,0,0,0,0,0,505644,1,null
905316,1240776012990,1240776068271,0,0,0,0,0,0,0,0,1,null
9093,1240780172404,1240784087207,0,4554,10,357.1,0,4,0,16040,6,3
911565,1240779575753,1240779594942,0,0,0,0,0,0,0,0,1,null
911925,1240785532361,1240785559179,0,0,0,0,0,0,0,0,1,null
912064,1240782048361,1240782119921,0,0,0,0,0,0,0,0,1,null
915649,1240781205698,1240781231430,0,0,0,0,0,0,0,0,1,null
918685,1240781347461,1240781534434,0,0,0,0,0,0,0,0,1,null
919487,1240781786884,1240781808327,0,0,0,0,0,0,0,0,1,null
919861,undefined,0,232.50000000000003,0,0,0,0,1,2,171151,undefined,undefined
921625,1240780568043,1240781064664,0,0,0,0,0,0,0,0,1,null
921826,1240776019563,1240776094039,0,0,0,0,0,0,0,0,1,null
92300,undefined,0,31.1,0,0,0,0,1,5,185650,undefined,undefined
923270,1240778933060,1240779363181,0,273,1,123,0,0,0,132646,1,null
925922,1240777477875,1240777905641,0,0,0,0,0,0,0,0,1,null
926511,1240785012975,0,0,726,6,107,0,0,0,555728,1,0
926876,1240777246385,1240777250679,0,0,0,0,0,0,0,0,1,null
927720,1240779602864,1240779618561,0,0,0,0,0,0,0,0,1,null
928850,1240780884599,1240781064666,0,0,0,0,0,0,0,0,1,null
930175,1240780819137,1240780873296,0,0,0,0,0,0,0,0,1,null
930370,1240781098071,1240783710579,102.60000000000001,844,7,102.14285714285714,0,1,0,208469,1,null
930696,1240781205339,1240781212253,0,0,0,0,0,0,0,0,1,null
931245,1240781347241,1240781600772,0,116,1,115,0,0,0,0,1,null
931582,1240781698161,1240781709378,0,0,0,0,0,0,0,0,1,null
94103,undefined,0,44.4,0,0,0,0,1,9,223494,undefined,undefined
95479,undefined,0,128.20000000000002,0,0,0,0,7,1,586681,undefined,undefined
95872,1240777591566,1240778264464,0,204,2,102,0,0,0,0,1,null
995,undefined,0,396.00000000000006,0,0,0,0,11,15,12,undefined,undefined
<<<<EndTable

PlayersOnlineNow=26
PlayersOnlineEachMinute=0, 9, 15, 17, 18, 21, 30, 29, 27, 28, 28, 29, 29, 27, 32, 30, 33, 38, 39, 36, 34, 35, 36, 37, 36, 36, 36, 37, 36, 38, 35, 33, 34, 36, 38, 40, 38, 37, 37, 39, 36, 34, 34, 31, 30, 29, 25, 26, 25, 26, 27, 28, 30, 28, 27, 27, 25, 28, 27, 29, 28, 27, 25, 26, 26, 27, 27, 26, 26, 26, 27, 28, 31, 32, 32, 32, 34, 33, 35, 34, 32, 32, 33, 33, 35, 31, 31, 31, 33, 33, 30, 28, 28, 27, 30, 33, 33, 37, 36, 34, 31, 29, 27, 25, 27, 28, 28, 27, 27, 29, 27, 27, 29, 29, 29, 27, 29, 29, 29, 30, 31, 30, 28, 29, 29, 29, 29, 31, 29, 28, 26, 26, 26, 25, 25, 24, 24, 24, 23, 22, 17, 18, 17, 15, 15, 16, 15, 16, 14, 14, 11, 10, 13, 13, 13, 15, 14, 13, 14, 16, 16, 19, 18, 18, 18, 18, 18, 19, 20, 23, 25, 25, 26, 26, 23, 25, 25, 24, 26, 25, 23, 25, 27, 26, 25, 24, 24, 23, 24, 24, 25, 25, 24, 24, 23, 24, 26, 25, 24, 24
PlayersInEachFeedingGame=1, 1, 2, 2, 1, 2, 1, 1, 2, 2, 3, 2, 1, 1, 2, 1, 1, 1, 2, 1, 1, 1, 1, 1, 1, 2, 2, 2, 2, 2, 1, 2, 2, 3, 1, 2, 2, 1, 2, 2, 2, 1, 2, 2, 2, 1, 2, 1, 2, 1, 2, 2, 2, 2, 1, 1, 1, 2, 1, 2, 1, 2, 1, 1, 2, 1, 1, 1, 2, 1, 2, 1, 1, 1, 1, 2, 1, 2, 1, 2, 1, 2, 2, 1, 2, 1, 1, 2, 1, 1, 2, 2, 2, 1, 2, 2, 2, 2, 1, 2, 2, 1, 2, 2, 3, 2, 1, 2, 2, 2, 2, 2, 1, 2, 2, 2, 3, 2, 2, 3, 1, 2, 2, 1, 2, 2, 2, 2, 2, 2, 1, 2, 2, 1, 1, 2, 1, 2, 2, 2, 2, 2, 1, 1, 2, 2, 1, 2, 1, 1, 2, 1, 1, 2, 2, 1, 1, 1, 2, 2, 1, 1, 1, 2, 2, 2, 1, 1, 2, 2, 2, 2, 2, 2, 2, 2, 1, 2, 2, 2, 2, 2, 1, 2, 2, 2, 2, 1, 2, 2, 2, 2, 2, 2, 2, 2, 2, 1, 2, 1, 2, 2, 2, 2, 2, 2, 2, 1, 2, 2, 2, 1, 2, 2, 2, 2, 2, 1, 2, 1, 1, 2, 2, 2, 2, 1, 1, 2, 1, 1, 2, 2, 1, 1, 2, 2, 2, 2, 1, 2, 2, 2, 1, 2, 2, 1, 2, 1, 2, 2, 2, 1, 2, 2, 2, 2, 2, 1, 2, 2, 2, 2, 2, 2, 2, 1, 2, 2, 2, 2, 2, 3, 1, 2, 2, 2, 1, 2, 1, 2, 2, 2, 2, 2, 2, 2, 2, 1, 1, 2, 2, 2, 1, 1, 2, 1, 2, 1, 2, 1, 2, 2, 2, 1, 2, 2, 2
PlayersStarted=439
PlayersQuit=413
StatsStartTime=1240775529676
StatsDumpTime=1240787530556
<<<<EndStats
2009-04-26 16:12:37,056 ERROR: vampire.server.feeding.FeedingRecord sendPlayerStartGameMsg [playerId=54776, prey=true, _predatorIndex=]
2009-04-26 16:12:37,057 ERROR: vampire.server.feeding.FeedingRecord sendPlayerStartGameMsg [playerId=755771, prey=false, _predatorIndex=]
2009-04-26 16:13:53,494 ERROR: vampire.server.feeding.FeedingRecord sendPlayerStartGameMsg [playerId=218716, prey=true, _predatorIndex=]
2009-04-26 16:13:53,495 ERROR: vampire.server.feeding.FeedingRecord sendPlayerStartGameMsg [playerId=384427, prey=false, _predatorIndex=]
2009-04-26 16:14:14,124 ERROR: vampire.server.feeding.FeedingRecord sendPlayerStartGameMsg [playerId=209273, prey=true, _predatorIndex=]
2009-04-26 16:14:14,124 ERROR: vampire.server.feeding.FeedingRecord sendPlayerStartGameMsg [playerId=873814, prey=false, _predatorIndex=]
2009-04-26 16:14:20,473 ERROR: vampire.server.feeding.FeedingRecord sendPlayerStartGameMsg [playerId=769849, prey=true, _predatorIndex=]
2009-04-26 16:14:20,474 ERROR: vampire.server.feeding.FeedingRecord sendPlayerStartGameMsg [playerId=769463, prey=false, _predatorIndex=]
2009-04-26 16:14:44,204 ERROR: vampire.server.feeding.FeedingRecord sendPlayerStartGameMsg [playerId=930582, prey=false, _predatorIndex=769463]
2009-04-26 16:15:04,482 ERROR: vampire.server.feeding.FeedingRecord sendPlayerStartGameMsg [playerId=890052, prey=false, _predatorIndex=]
2009-04-26 16:15:05,370 ERROR: vampire.server.feeding.FeedingRecord sendPlayerStartGameMsg [playerId=930582, prey=false, _predatorIndex=10642]
2009-04-26 16:15:23,776 ERROR: vampire.server.feeding.FeedingRecord sendPlayerStartGameMsg [playerId=54776, prey=true, _predatorIndex=]
2009-04-26 16:15:23,777 ERROR: vampire.server.feeding.FeedingRecord sendPlayerStartGameMsg [playerId=890052, prey=false, _predatorIndex=]
2009-04-26 16:15:31,290 ERROR: vampire.server.feeding.FeedingRecord sendPlayerStartGameMsg [playerId=755771, prey=false, _predatorIndex=890052]
2009-04-26 16:15:35,717 ERROR: vampire.server.feeding.FeedingRecord sendPlayerStartGameMsg [playerId=930582, prey=false, _predatorIndex=]
2009-04-26 16:18:15,512 ERROR: vampire.server.feeding.FeedingRecord sendPlayerStartGameMsg [playerId=295854, prey=true, _predatorIndex=]
2009-04-26 16:18:15,513 ERROR: vampire.server.feeding.FeedingRecord sendPlayerStartGameMsg [playerId=873814, prey=false, _predatorIndex=]
2009-04-26 16:18:30,515 ERROR: vampire.server.feeding.FeedingRecord sendPlayerStartGameMsg [playerId=54776, prey=true, _predatorIndex=]
2009-04-26 16:18:30,516 ERROR: vampire.server.feeding.FeedingRecord sendPlayerStartGameMsg [playerId=755771, prey=false, _predatorIndex=]
2009-04-26 16:18:39,504 ERROR: vampire.server.feeding.FeedingRecord sendPlayerStartGameMsg [playerId=295854, prey=true, _predatorIndex=]
2009-04-26 16:18:39,504 ERROR: vampire.server.feeding.FeedingRecord sendPlayerStartGameMsg [playerId=10642, prey=false, _predatorIndex=]
2009-04-26 16:18:44,439 ERROR: vampire.server.feeding.FeedingRecord sendPlayerStartGameMsg [playerId=145609, prey=true, _predatorIndex=]
2009-04-26 16:18:44,439 ERROR: vampire.server.feeding.FeedingRecord sendPlayerStartGameMsg [playerId=518979, prey=false, _predatorIndex=]
2009-04-26 16:18:55,914 ERROR: vampire.server.feeding.FeedingRecord sendPlayerStartGameMsg [playerId=695975, prey=false, _predatorIndex=]
2009-04-26 16:18:57,315 ERROR: vampire.server.feeding.FeedingRecord sendPlayerStartGameMsg [playerId=890052, prey=false, _predatorIndex=]
2009-04-26 16:19:31,209 ERROR: vampire.server.feeding.FeedingRecord sendPlayerStartGameMsg [playerId=209273, prey=true, _predatorIndex=]
2009-04-26 16:19:31,210 ERROR: vampire.server.feeding.FeedingRecord sendPlayerStartGameMsg [playerId=209224, prey=false, _predatorIndex=]
2009-04-26 16:20:22,594 ERROR: vampire.server.feeding.FeedingRecord sendPlayerStartGameMsg [playerId=218716, prey=true, _predatorIndex=]
2009-04-26 16:20:22,594 ERROR: vampire.server.feeding.FeedingRecord sendPlayerStartGameMsg [playerId=141461, prey=false, _predatorIndex=]
2009-04-26 16:21:04,230 ERROR: vampire.server.feeding.FeedingRecord sendPlayerStartGameMsg [playerId=143489, prey=false, _predatorIndex=755771]
2009-04-26 16:21:28,080 ERROR: vampire.server.feeding.FeedingRecord sendPlayerStartGameMsg [playerId=890052, prey=false, _predatorIndex=755771,143489]
2009-04-26 16:21:30,121 ERROR: vampire.server.feeding.FeedingRecord sendPlayerStartGameMsg [playerId=313829, prey=true, _predatorIndex=]
2009-04-26 16:21:30,121 ERROR: vampire.server.feeding.FeedingRecord sendPlayerStartGameMsg [playerId=384427, prey=false, _predatorIndex=]
2009-04-26 16:21:54,637 ERROR: vampire.server.feeding.FeedingRecord sendPlayerStartGameMsg [playerId=209273, prey=true, _predatorIndex=]
2009-04-26 16:21:54,637 ERROR: vampire.server.feeding.FeedingRecord sendPlayerStartGameMsg [playerId=143489, prey=false, _predatorIndex=]
2009-04-26 16:21:56,655 ERROR: vampire.server.feeding.FeedingRecord sendPlayerStartGameMsg [playerId=209224, prey=false, _predatorIndex=]
2009-04-26 16:22:08,555 ERROR: vampire.server.feeding.FeedingRecord sendPlayerStartGameMsg [playerId=217283, prey=true, _predatorIndex=]
2009-04-26 16:22:08,556 ERROR: vampire.server.feeding.FeedingRecord sendPlayerStartGameMsg [playerId=827982, prey=false, _predatorIndex=]

>>>>BeginStats

>>>>BeginTable
PlayerId, StartTime, EndTime, ProgenyPayout, XPFromFeeding, FeedingGames, MeanFeedingScore, BloodBond, Progeny, GrandProgeny, Sire, Level, Invites
101128,1240786007533,0,0,1315,9,140.44444444444446,103072,0,0,271936,2,0
103033,1240787496342,1240787510314,0,791,2,210.5,767143,5,3,81899,4,null
103072,1240786468739,0,0,833,6,121.66666666666667,101128,0,0,0,1,0
103144,undefined,0,52.400000000000006,0,0,0,0,5,5,116005,undefined,undefined
1043,1240783170648,1240783899776,0,491,1,693,16444,2,0,12,12,3
106069,undefined,0,57.00000000000001,0,0,0,0,13,1,236834,undefined,undefined
10642,1240784867169,0,235.9,4107,11,445.72727272727275,447249,24,30,351598,13,2
106870,1240786173134,0,0,1988,8,184,0,0,0,87198,3,0
107,undefined,0,13.350000000000001,0,0,0,0,1,6,12770,undefined,undefined
109372,1240781065233,1240781490122,0,220,1,146,0,0,0,71724,1,null
110056,1240783704064,1240783714262,0,0,0,0,0,0,0,1062,1,null
1101,undefined,0,55.05,0,0,0,0,2,11,239981,undefined,undefined
111249,1240785699535,1240786569765,0,993,4,301.75,0,2,9,188370,8,3
113237,1240779530606,1240779551284,358,569,2,284.5,0,6,0,10642,4,null
113420,1240782955245,1240782994827,0,0,0,0,0,0,0,128886,1,null
114336,1240780166063,1240780623549,0,0,0,0,0,0,0,0,1,null
11460,undefined,0,19.3,0,0,0,0,1,6,41022,undefined,undefined
115195,1240777649882,1240778261630,0,800,7,72.28571428571429,0,0,0,218716,1,0
116005,undefined,0,26.200000000000003,0,0,0,0,6,7,130627,undefined,undefined
118794,1240778496923,1240778749354,0,0,0,0,0,0,0,172329,2,0
119991,1240782805996,1240783364200,0,64,1,64,0,0,0,0,1,null
12,undefined,0,4765.5999999999985,0,0,0,0,19,88,383387,undefined,undefined
120076,1240777546727,1240777968529,0,1990,6,273.1666666666667,0,10,2,34987,5,1
122907,undefined,0,762.2,0,0,0,0,6,9,251062,undefined,undefined
123961,1240776759176,1240779057524,0,5447,13,532.3076923076923,878,5,18,713,13,2
124516,1240777791526,1240778119026,0,0,0,0,0,0,0,159201,4,0
1265,1240787062956,1240787116818,37.4,14110,26,685.6538461538462,713,9,17,12,15,3
126987,1240777658026,1240777669888,0,0,0,0,0,0,0,41022,2,0
127666,undefined,0,46.55,0,0,0,0,3,1,294313,undefined,undefined
12791,undefined,0,1181.5,0,0,0,0,9,6,12,undefined,undefined
128013,1240782919584,1240783244794,23.400000000000002,0,0,0,0,3,2,254152,4,1
128639,undefined,0,45.400000000000006,0,0,0,0,1,1,20731,undefined,undefined
129222,1240778058817,1240778074416,0,0,0,0,0,0,0,261567,1,0
131355,1240775641638,1240776016828,0,0,0,0,0,1,2,461901,4,0
132646,1240787258943,1240787309053,27.3,0,0,0,0,8,1,202501,8,1
132921,undefined,0,41.7,0,0,0,0,6,2,211601,undefined,undefined
133482,undefined,0,185,0,0,0,0,5,3,180951,undefined,undefined
135238,1240780032899,1240780049232,0,0,0,0,0,0,0,0,1,0
135504,1240775888113,1240775952915,51.800000000000004,0,0,0,139439,2,1,75123,4,0
139625,1240775654137,1240779321181,0,4921,26,190.3846153846154,0,0,0,415376,4,0
140573,1240777605896,1240778402450,0,0,0,0,0,0,0,178528,3,0
140986,1240777450388,1240778775349,10.700000000000001,346,3,114,0,4,0,187381,3,null
141461,1240784234550,0,49.6,9852,30,448.1333333333333,0,3,0,468188,6,1
142070,1240784614716,1240785177984,0,212,1,91,0,0,0,510740,1,null
142178,undefined,0,327.30000000000007,0,0,0,0,2,14,73621,undefined,undefined
143023,1240776913432,1240777154252,0,199,1,75,0,0,0,510740,1,null
143309,1240783527623,1240783776505,0,374,1,218,0,0,0,1265,3,0
143489,1240787985509,0,0,0,0,0,0,0,0,47445,4,0
143501,1240779793521,1240780154774,0,0,0,0,0,3,8,326885,8,2
143538,undefined,0,24.85,0,0,0,0,1,15,1531,undefined,undefined
144124,1240775633370,1240775964084,0,368,2,122,0,0,0,304536,2,0
145609,1240787540415,0,0,417,2,193,369307,5,4,92300,4,0
147608,1240784437536,1240784891029,0,359,1,422,541246,6,1,502119,5,1
148695,1240786684216,0,0,991,4,244.25,306511,8,6,161896,9,4
151709,1240776331132,1240778470799,0,0,0,0,475837,2,1,510740,3,null
1531,undefined,0,96.60000000000001,0,0,0,0,3,12,12,undefined,undefined
153221,undefined,0,42.400000000000006,0,0,0,0,3,5,166991,undefined,undefined
154004,1240778966052,1240778987226,0,0,0,0,561706,6,0,90041,4,0
15580,undefined,0,14.2,0,0,0,0,4,1,20260,undefined,undefined
156162,1240781779031,1240781806933,0,0,0,0,0,0,0,0,1,null
156489,undefined,0,93.4,0,0,0,0,12,20,713,undefined,undefined
157844,1240786163490,1240786455826,0,0,0,0,0,0,0,336524,1,null
158630,1240784807905,1240785418741,0,0,0,0,0,2,1,304445,5,1
159194,1240777615558,1240778592700,0,0,0,0,0,0,0,178269,4,3
159888,1240775657231,1240775699134,0,0,0,0,0,0,0,300612,1,null
159989,1240784993661,1240785004401,0,0,0,0,0,0,0,176491,4,0
160075,1240785270443,1240785275977,0,0,0,0,0,0,0,227806,2,0
16040,undefined,0,455.4000000000001,0,0,0,0,7,10,3,undefined,undefined
161001,1240786915876,1240786939016,0,0,0,0,0,1,1,377820,3,5
161236,1240785748768,0,0,1140,5,142.8,691188,0,0,548248,4,0
161355,1240785607589,1240785871969,0,316,1,438,0,0,0,54776,5,2
162015,1240786440211,1240786599922,0,0,0,0,0,0,0,0,1,null
162215,1240782765883,1240782960699,0,0,0,0,174242,2,0,62593,4,1
163435,1240775864731,1240775927766,0,0,0,0,0,0,0,0,1,null
163484,undefined,0,49.650000000000006,0,0,0,0,11,6,206649,undefined,undefined
164290,undefined,0,103.60000000000001,0,0,0,0,1,0,135504,undefined,undefined
16514,1240782854750,1240782888149,0,0,0,0,44929,3,8,1062,4,0
166074,1240775615233,1240778167051,0,686,3,245,301294,4,0,308219,5,2
166991,undefined,0,21.200000000000003,0,0,0,0,1,3,69257,undefined,undefined
167609,1240776059194,1240777272024,0,454,3,122,0,1,0,128639,2,null
168234,undefined,0,35.050000000000004,0,0,0,0,6,2,100080,undefined,undefined
16825,1240785913419,1240785966563,211.60000000000002,3449,11,402.6363636363636,0,14,6,4139,6,1
168473,1240784718944,1240785233316,0,250,1,374,772383,9,0,180508,6,8
170191,1240780982388,1240781683619,89.20000000000002,0,0,0,403403,2,6,202873,9,1
170539,1240786152102,1240787041501,41.5,994,4,241.5,0,1,0,87198,2,null
171151,1240776152232,1240777032558,27.95,0,0,0,77,30,17,21067,13,3
171513,1240776588199,1240776612628,6.300000000000001,892,3,306,0,6,6,170191,10,2
172214,1240776499935,1240776589282,0,0,0,0,0,1,0,133482,1,1
172743,1240777260415,1240777387008,0,0,0,0,0,0,0,148695,4,0
173395,undefined,0,19.650000000000002,0,0,0,0,5,5,130244,undefined,undefined
176491,1240778634473,1240778701591,0,0,0,0,0,2,0,54776,5,2
176511,undefined,0,246.04999999999998,0,0,0,0,2,1,154346,undefined,undefined
17790,1240776468793,1240777848085,0,4773,8,579.5,20260,11,10,20260,13,3
179326,undefined,0,40.800000000000004,0,0,0,0,2,2,185581,undefined,undefined
1802,1240787678424,1240787772360,0,524,1,640,995,5,2,103144,11,2
18026,undefined,0,48.6,0,0,0,0,2,3,67662,undefined,undefined
180508,undefined,0,25,0,0,0,0,1,9,12791,undefined,undefined
180951,undefined,0,92.5,0,0,0,0,1,5,153510,undefined,undefined
181264,undefined,0,483.20000000000005,0,0,0,0,2,0,3812,undefined,undefined
183759,1240778824981,1240779533005,0,160,1,126,0,0,0,0,1,0
183867,1240787333515,1240787344206,0,0,0,0,0,0,0,0,1,null
185581,undefined,0,20.400000000000002,0,0,0,0,1,2,209656,undefined,undefined
185650,undefined,0,20.85,0,0,0,0,2,1,185697,undefined,undefined
187381,undefined,0,39.95,0,0,0,0,6,4,2843,undefined,undefined
188114,undefined,0,34.3,0,0,0,0,2,1,261567,undefined,undefined
188229,undefined,0,110.10000000000001,0,0,0,0,1,5,168234,undefined,undefined
188370,undefined,0,99.30000000000001,0,0,0,0,2,2,163484,undefined,undefined
1892,1240784798768,0,11,4613,23,258.7391304347826,33511,15,6,995,10,2
191354,1240775886237,1240776284803,0,434,2,142.5,0,0,0,261567,2,0
191984,1240781023694,1240784734527,4.4,3251,11,345.54545454545456,191950,14,4,142178,8,6
192472,1240775540239,1240775718473,0,0,0,0,0,0,0,163514,3,1
192883,1240777508429,1240777637163,0,0,0,0,0,8,2,210210,7,5
194910,1240786963735,1240787003296,0,0,0,0,0,0,0,0,1,null
195736,undefined,0,132.9,0,0,0,0,6,16,334835,undefined,undefined
196543,1240785604823,1240786655893,292.5,3061,20,173.65,0,6,0,32314,4,1
196663,1240775749345,1240778463237,0,2193,14,146.64285714285714,0,0,0,60542,2,0
202328,undefined,0,58.95,0,0,0,0,5,4,173395,undefined,undefined
202501,undefined,0,13.65,0,0,0,0,5,12,1265,undefined,undefined
20260,1240776473412,1240777781419,836.1,5001,9,595.4444444444445,17790,15,36,12,16,13
202873,undefined,0,44.60000000000001,0,0,0,0,1,2,341164,undefined,undefined
203778,undefined,0,11.15,0,0,0,0,1,2,157588,undefined,undefined
204530,1240785555309,1240785563128,0,0,0,0,0,0,0,0,1,null
205535,1240785396612,0,0,2162,10,286.9,70997,1,0,95479,7,2
20731,undefined,0,22.700000000000003,0,0,0,0,6,1,16040,undefined,undefined
207913,1240786460863,1240786515071,0,0,0,0,0,0,0,0,1,null
208469,1240781751324,1240782416914,115.10000000000001,284,2,151.5,0,1,1,277945,2,0
208837,1240784632141,1240784660176,0,1613,10,133.7,0,0,0,802319,3,null
20899,1240775878086,1240777956716,0,0,0,0,0,1,0,55922,2,0
209187,1240777233218,1240778189271,0,44,1,87,0,0,0,191984,1,null
209224,1240787914549,0,0,0,0,0,0,0,0,95479,2,0
209273,1240787947347,0,0,632,4,129.25,0,0,0,0,2,0
210163,undefined,0,65.80000000000001,0,0,0,0,8,1,255725,undefined,undefined
211601,undefined,0,20.85,0,0,0,0,1,6,7078,undefined,undefined
217283,1240787575544,0,91.5,0,0,0,101306,19,13,57393,10,3
218716,1240787295891,0,80,701,3,417,0,5,1,188229,8,5
220964,1240781163744,1240781476092,0,0,0,0,0,5,13,143501,4,1
223494,undefined,0,16.7,0,0,0,0,1,1,179687,undefined,undefined
22707,undefined,0,17.95,0,0,0,0,6,11,8842,undefined,undefined
228878,1240775874432,1240775906102,0,0,0,0,0,0,0,0,1,null
233517,1240781146469,1240781732405,0,0,0,0,0,2,4,212370,3,0
234117,1240784998268,1240785005657,0,0,0,0,0,0,0,195654,3,0
234191,1240776133144,1240776155954,0,0,0,0,0,0,0,121984,2,0
237231,undefined,0,394.79999999999995,0,0,0,0,2,25,20260,undefined,undefined
239981,undefined,0,22.25,0,0,0,0,1,2,209944,undefined,undefined
240065,1240775908784,1240776084951,0,0,0,0,0,0,0,167153,3,0
246356,undefined,0,257.8,0,0,0,0,4,1,54776,undefined,undefined
250602,1240783775271,1240783805539,0,0,0,0,0,0,0,0,1,null
251062,undefined,0,378.45000000000005,0,0,0,0,6,8,296361,undefined,undefined
254152,undefined,0,11.700000000000001,0,0,0,0,2,3,172329,undefined,undefined
255725,undefined,0,32.900000000000006,0,0,0,0,1,8,309124,undefined,undefined
256746,undefined,0,185.95000000000002,0,0,0,0,5,28,61984,undefined,undefined
258951,1240776825425,1240777243168,0,0,0,0,555644,10,14,1265,11,8
259344,undefined,0,49.7,0,0,0,0,15,0,143538,undefined,undefined
2606,1240779020383,1240779095788,0,0,0,0,0,4,2,307471,5,1
261567,1240777942128,1240780460305,53.400000000000006,3681,10,347.8,0,25,5,237231,12,12
262548,undefined,0,10.600000000000001,0,0,0,0,1,2,122907,undefined,undefined
271936,1240785640998,1240786149193,120.8,499,4,107.25,0,1,0,887964,1,null
276861,1240782449159,1240782511613,0,0,0,0,0,0,0,0,1,null
277945,undefined,0,60.3,0,0,0,0,1,1,15580,undefined,undefined
280082,1240783773419,1240783897240,0,0,0,0,0,0,0,122907,3,0
280634,1240783567942,1240783909715,0,0,0,0,0,5,3,280346,6,1
283305,undefined,0,362,0,0,0,0,1,0,497122,undefined,undefined
283723,1240780012414,1240780570739,0,0,0,0,0,0,0,188376,1,0
2843,1240781763916,1240782807112,17.3,2810,6,550,5212,7,28,3383,12,11
285711,1240785178188,1240785920331,0,247,1,105,0,0,0,457756,2,0
294313,undefined,0,9.450000000000001,0,0,0,0,3,3,39403,undefined,undefined
295854,1240787885634,0,0,424,1,275,556387,5,1,153221,9,9
298666,1240782698495,1240783574039,0,497,4,109.25,0,0,0,259344,2,0
299874,1240776112500,1240776120634,0,0,0,0,0,0,0,69257,2,0
3,undefined,0,227.70000000000005,0,0,0,0,2,7,383387,undefined,undefined
300612,1240775542285,1240775629035,16.3,0,0,0,0,3,0,610359,3,0
30152,1240786377810,1240786961559,0,524,1,407,0,2,0,40683,6,3
30428,1240783288820,1240783296678,0,0,0,0,0,0,0,155376,2,0
304455,1240777622016,1240777629639,0,0,0,0,0,0,0,317371,4,0
304536,undefined,0,36.800000000000004,0,0,0,0,4,0,39171,undefined,undefined
306241,1240777653401,1240777658560,0,0,0,0,0,0,0,586681,1,null
308219,undefined,0,68.6,0,0,0,0,1,4,188114,undefined,undefined
308635,undefined,0,10.05,0,0,0,0,10,1,122194,undefined,undefined
311783,1240781145077,1240781614867,0,193,1,193,0,6,2,11460,8,3
313829,1240787864330,0,0,0,0,0,0,0,0,120076,1,0
314811,1240781808467,1240782284289,0,0,0,0,0,0,0,0,1,null
317383,undefined,0,4.2,0,0,0,0,1,2,344937,undefined,undefined
322248,1240777056340,1240777167084,0,0,0,0,0,2,3,124493,4,0
32314,undefined,0,452.35,0,0,0,0,10,6,40508,undefined,undefined
329201,1240775998426,1240776434819,0,163,2,81.5,0,0,0,300612,1,null
329560,1240780589204,1240780819923,0,100,1,100,0,0,0,261567,2,null
334835,undefined,0,66.45,0,0,0,0,2,7,143501,undefined,undefined
33511,1240785154508,1240787965436,0,2578,19,105.05263157894737,1892,1,0,246356,8,4
336524,1240787701562,1240787794146,0,1329,7,270.42857142857144,512737,9,4,195736,9,1
3383,1240780038522,1240780439102,281,10285,19,415.57894736842104,968,4,9,12791,14,2
338667,1240782247922,1240782845382,0,0,0,0,0,0,0,173628,1,0
339834,1240786354354,1240786400558,0,0,0,0,0,0,0,0,1,null
34041,1240786592754,1240786622380,0,0,0,0,0,0,0,156543,2,0
341832,1240779747890,1240780320036,0,553,2,265.5,0,0,0,356090,2,0
349835,undefined,0,8.450000000000001,0,0,0,0,4,1,140094,undefined,undefined
34987,undefined,0,199.00000000000003,0,0,0,0,2,11,8842,undefined,undefined
351430,undefined,0,492.6,0,0,0,0,11,17,336228,undefined,undefined
351598,undefined,0,439.1500000000001,0,0,0,0,1,24,359624,undefined,undefined
35169,1240777093132,1240777317250,0,0,0,0,0,0,0,0,1,null
355917,undefined,0,26.700000000000003,0,0,0,0,6,7,107,undefined,undefined
356090,1240779902400,1240780368347,55.3,189,1,211,0,1,0,127666,2,2
359624,undefined,0,205.35000000000002,0,0,0,0,3,1,201132,undefined,undefined
367641,1240775702296,1240776054914,0,0,0,0,0,0,0,300612,1,null
371343,1240776320285,1240781502433,0,0,0,0,0,3,2,220964,5,2
372617,undefined,0,25.25,0,0,0,0,2,2,36432,undefined,undefined
375444,undefined,0,33.300000000000004,0,0,0,0,4,10,12770,undefined,undefined
378323,1240786588509,1240787107006,0,666,2,148.5,0,0,0,380650,2,0
380650,undefined,0,66.60000000000001,0,0,0,0,2,0,375444,undefined,undefined
3812,undefined,0,241.60000000000002,0,0,0,0,1,2,65584,undefined,undefined
383387,undefined,0,1341.9499999999998,0,0,0,0,4,47,0,undefined,undefined
384427,1240788016966,0,0,267,1,132,0,0,0,355917,1,0
385851,1240782458510,1240782949703,0,110,1,115,0,0,0,199955,1,null
387496,undefined,0,5.6000000000000005,0,0,0,0,1,0,82377,undefined,undefined
388185,undefined,0,26.200000000000003,0,0,0,0,1,1,12770,undefined,undefined
39171,undefined,0,18.400000000000002,0,0,0,0,8,4,102770,undefined,undefined
396113,undefined,0,469.4500000000001,0,0,0,0,2,4,44987,undefined,undefined
397835,undefined,0,353,0,0,0,0,5,8,47379,undefined,undefined
398860,undefined,0,16.900000000000002,0,0,0,0,1,0,349835,undefined,undefined
404675,1240787641204,1240787664967,0,0,0,0,574288,0,0,39171,3,0
40508,undefined,0,153.05,0,0,0,0,4,10,23340,undefined,undefined
40683,undefined,0,52.400000000000006,0,0,0,0,1,2,388185,undefined,undefined
41022,undefined,0,9.65,0,0,0,0,2,1,412796,undefined,undefined
4139,1240787223248,1240788034297,450.7,11206,24,539.9166666666665,16040,11,21,713,14,3
415271,undefined,0,12.350000000000001,0,0,0,0,5,1,66689,undefined,undefined
415376,undefined,0,492.09999999999997,0,0,0,0,1,0,176511,undefined,undefined
430717,undefined,0,513.9499999999999,0,0,0,0,28,4,256746,undefined,undefined
431598,1240788070033,0,0,0,0,0,0,0,0,0,1,0
432820,1240782606470,1240784398455,0,4832,20,165.7,0,0,0,181264,4,0
445660,undefined,0,132,0,0,0,0,4,5,54812,undefined,undefined
44987,undefined,0,73.30000000000001,0,0,0,0,3,11,12770,undefined,undefined
456649,1240780486084,1240780749474,0,0,0,0,0,0,0,0,1,null
457756,undefined,0,24.700000000000003,0,0,0,0,1,0,415271,undefined,undefined
468188,undefined,0,1010,0,0,0,0,15,3,351430,undefined,undefined
47379,undefined,0,176.5,0,0,0,0,3,5,54776,undefined,undefined
475837,undefined,0,284.1,0,0,0,0,1,0,430717,undefined,undefined
478523,1240784572393,1240784584586,0,0,0,0,0,0,0,0,1,null
478872,1240777746915,1240777870192,0,0,0,0,0,0,0,157229,1,0
480591,1240785422722,1240786160139,0,234,1,197,0,0,0,128013,2,0
483143,1240775566933,1240775923947,0,126,1,126,0,0,0,797824,1,null
484953,1240781809538,1240781888049,0,0,0,0,408501,0,0,408501,2,null
485536,1240781602854,1240781825479,0,0,0,0,0,0,0,129679,1,null
486760,1240777525596,1240777576542,0,84,1,84,0,0,0,57395,4,0
497122,undefined,0,181,0,0,0,0,1,1,82321,undefined,undefined
501908,1240781524554,1240783301963,31.3,6457,17,423.88235294117646,53030,1,0,58859,4,0
502119,undefined,0,35.9,0,0,0,0,6,6,22707,undefined,undefined
503,undefined,0,397,0,0,0,0,4,1,12,undefined,undefined
503163,undefined,0,22.3,0,0,0,0,2,1,203778,undefined,undefined
510740,1240776078473,0,41.10000000000001,2640,8,465,230164,52,37,534632,16,16
518342,1240777817079,1240778257870,0,658,2,129.5,0,1,0,210163,2,null
518979,1240787894067,0,0,106,1,136,0,2,1,262548,3,0
520592,undefined,0,97.2,0,0,0,0,3,0,18026,undefined,undefined
5212,1240785933640,1240786225867,0,934,3,382.6666666666667,2843,15,10,156489,14,2
52818,1240780784605,1240780853395,0,0,0,0,0,3,0,367452,4,0
529215,1240784325788,1240784353691,0,0,0,0,0,0,0,113418,1,0
53030,1240780993598,1240783328467,0,7569,17,516.9999999999999,501908,8,5,122907,12,3
534632,undefined,0,284.55,0,0,0,0,5,52,445660,undefined,undefined
54084,1240779377261,1240779928327,0,422,2,144.5,0,0,0,196543,1,null
544136,1240782232811,1240782259563,0,0,0,0,0,2,0,204487,4,0
545157,1240775578079,1240775896404,0,169,1,226,0,0,0,398860,2,0
546231,undefined,0,12.600000000000001,0,0,0,0,4,0,171513,undefined,undefined
5477,1240778139901,1240778279835,0,0,0,0,0,0,0,0,1,null
54776,1240787879796,0,519.6999999999999,3495,12,381.25,1062,34,19,89757,13,2
548201,1240776388409,1240777091313,0,0,0,0,0,1,0,217283,2,null
548248,undefined,0,114.00000000000001,0,0,0,0,1,0,106069,undefined,undefined
554187,1240781258861,1240781604916,0,0,0,0,0,0,0,0,1,null
555728,1240785070925,0,21.1,445,2,284,828191,11,0,1101,4,0
559150,1240780716647,1240781111503,0,0,0,0,0,0,0,5212,2,1
57393,undefined,0,45.75,0,0,0,0,5,22,159420,undefined,undefined
57395,undefined,0,8.4,0,0,0,0,2,0,317383,undefined,undefined
57717,undefined,0,145.60000000000002,0,0,0,0,4,6,110178,undefined,undefined
57810,1240786029217,1240786461960,0,451,2,178.5,261716,0,0,196543,2,0
578918,1240787249014,0,0,408,3,126.33333333333333,0,2,0,179326,3,0
58022,1240780626110,1240780684079,0,0,0,0,0,3,5,175065,4,0
581683,1240788009985,0,0,0,0,0,380194,1,0,564391,4,0
586681,1240777851862,1240778100233,108.10000000000001,0,0,0,0,6,7,10642,4,6
58859,1240784184314,1240784290979,661.35,1466,5,416.6,43017,4,3,396113,12,2
592692,1240779226701,1240784112450,0,3620,14,317.7857142857142,836050,0,0,283305,3,0
594803,1240785617864,1240785928220,0,223,2,70,0,1,0,503163,1,1
59830,1240782106400,1240783343060,0,1318,7,134.57142857142858,0,0,0,0,2,null
600642,1240783129956,1240783207623,0,0,0,0,0,0,0,196269,1,null
60542,1240782716941,1240784260055,219.3,6288,22,344.6818181818182,167153,2,0,63964,8,1
610359,undefined,0,8.15,0,0,0,0,1,3,21457,undefined,undefined
612159,undefined,0,50.5,0,0,0,0,2,0,372617,undefined,undefined
617633,1240786253485,1240786255807,0,0,0,0,0,0,0,0,1,0
618828,1240775933035,1240775966733,0,0,0,0,0,0,0,518207,2,null
625266,1240782634299,1240782833599,0,0,0,0,0,0,0,0,1,null
63047,1240781844201,1240784565713,0,3033,18,159.94444444444446,0,0,0,887964,3,null
630671,1240776533416,1240777044048,0,417,3,157.66666666666666,0,2,0,132921,4,null
632862,1240784991518,1240785004658,0,0,0,0,0,0,0,0,1,null
633962,1240785144859,1240785743146,0,813,3,135,0,0,0,141461,2,null
635556,1240783349702,1240784034279,0,110,2,55,0,0,0,0,1,null
639206,1240776547648,1240776555200,0,0,0,0,0,0,0,510740,1,null
63964,undefined,0,738.4499999999998,0,0,0,0,4,2,79181,undefined,undefined
641729,1240776265430,1240776678592,0,126,1,99,0,0,0,546231,1,null
642046,1240780624327,1240780792400,0,0,0,0,0,0,0,0,1,null
643827,1240777609390,1240777623187,0,0,0,0,0,0,0,0,1,null
66513,1240779022932,1240780464462,0,972,6,185.66666666666666,0,0,0,520592,3,0
66540,1240777759222,1240779947891,0,1962,9,125,0,0,0,196543,2,null
678064,1240780722166,1240780930246,0,0,0,0,0,0,0,0,1,null
67941,1240785866044,1240785973054,0,0,0,0,0,0,0,5212,2,0
68793,1240787952587,0,0,0,0,0,0,0,0,201458,4,0
691188,1240775540236,1240775755163,0,85,1,85,161236,1,2,16825,3,null
691604,1240778305240,1240778313805,0,0,0,0,0,0,0,81597,1,null
695030,1240777981670,1240778105373,0,0,0,0,0,0,0,0,1,null
695975,1240787855652,0,0,600,6,100,0,0,0,0,1,0
69841,1240781225593,1240782504799,0,2031,6,175.16666666666666,0,0,0,16825,2,null
70997,1240785189212,1240786590014,0,3530,11,308.8181818181818,205535,8,10,397835,7,1
713,1240781177495,1240783520793,1884.4499999999998,7237,15,400.2,1265,9,49,12,15,6
71724,1240781933312,1240782408571,22,334,2,261,3200,9,1,94103,11,4
718536,1240776457096,1240776981189,39.300000000000004,393,1,489,720155,4,1,202328,5,1
720155,1240776509808,1240776977069,0,393,1,297,718536,0,0,718536,4,null
730587,1240780312599,1240782103151,0,0,0,0,0,1,0,735743,4,null
73621,undefined,0,162.55,0,0,0,0,2,2,112194,undefined,undefined
738746,1240780345610,1240780440489,0,0,0,0,0,0,0,0,1,null
74274,1240779948581,1240780119758,0,0,0,0,0,0,0,132958,1,0
755771,1240787518326,0,0,505,2,105.5,0,0,0,612159,2,0
755785,1240777412460,1240777776405,0,110,1,220,0,1,0,1892,3,null
755876,1240781304031,1240781384236,0,0,0,0,0,0,0,54776,2,null
756874,1240781413158,1240781429626,0,0,0,0,0,0,0,0,1,null
760498,1240787593868,1240787978205,0,0,0,0,0,0,0,0,1,null
760717,1240786316665,1240786329713,0,0,0,0,0,0,0,0,1,null
764326,1240777690595,1240777901692,0,411,2,135,0,0,0,140986,1,null
767143,undefined,0,149.1,0,0,0,0,7,3,355917,undefined,undefined
76791,1240787957489,1240787970335,0,0,0,0,0,0,0,0,1,null
769463,1240785885765,0,0,3719,26,120.57692307692308,0,0,0,430717,4,0
769849,1240784378008,0,0,2702,13,113.46153846153847,0,0,0,54776,2,0
77,1240778584740,1240778843224,0,0,0,0,171151,10,2,12770,13,2
773108,undefined,0,80.65,0,0,0,0,9,2,510740,undefined,undefined
77969,undefined,0,20.1,0,0,0,0,1,0,308635,undefined,undefined
78815,1240780414820,1240780583435,0,0,0,0,0,0,0,36282,1,null
791358,1240780302751,1240780571453,0,56,1,112,0,0,0,387496,4,null
79181,undefined,0,314.3999999999999,0,0,0,0,2,4,116005,undefined,undefined
79279,1240777272606,1240778122609,0,330,3,110,0,0,0,133482,1,null
79532,1240781327300,1240782742095,0,1142,5,206.4,0,0,0,930370,2,null
797824,1240782998618,1240783247067,12.600000000000001,2912,11,246.8181818181818,574401,6,1,82321,5,2
80071,1240788116014,0,0,610,3,192.33333333333334,0,0,0,196543,2,0
802319,undefined,0,161.3,0,0,0,0,2,4,773108,undefined,undefined
809490,1240775833218,1240776169324,0,0,0,0,0,0,0,821335,1,null
818036,1240782159220,1240782682177,0,494,3,181,0,0,0,103033,4,null
82254,1240778279109,1240780479186,0,1580,4,252,102796,1,0,133482,4,0
82321,undefined,0,297.5,0,0,0,0,4,7,57717,undefined,undefined
82377,undefined,0,2.8000000000000003,0,0,0,0,1,1,184167,undefined,undefined
826551,1240786468976,1240787359571,0,415,3,119.33333333333333,0,0,0,170539,1,null
827982,1240788098443,0,0,0,0,0,0,0,0,0,1,0
828032,1240780858164,1240781035090,0,313,1,106,0,0,0,501908,1,null
829825,1240781725508,1240781921542,0,71,1,71,0,0,0,0,1,null
834972,1240782679176,1240783892718,0,0,0,0,0,0,0,0,1,null
836050,1240780385175,1240784249381,0,3580,13,214.07692307692307,592692,0,0,113237,3,null
838030,1240783692121,1240783723836,0,0,0,0,0,0,0,0,1,null
849362,1240782149882,1240782173711,0,0,0,0,0,0,0,0,1,null
8527,1240776797898,1240778829689,0,3970,7,335.42857142857144,2090,1,0,503,6,1
852908,1240783141823,1240783154261,0,0,0,0,0,0,0,0,1,null
870091,1240776495914,1240776615587,0,0,0,0,0,0,0,0,1,null
87198,undefined,0,318.95,0,0,0,0,3,1,767143,undefined,undefined
873313,1240787493262,1240787592693,0,0,0,0,0,0,0,0,1,null
873537,1240775821422,1240775976459,0,0,0,0,0,0,0,0,1,null
873814,1240786515379,1240787966591,0,1043,6,151.16666666666666,0,0,0,54776,2,null
875906,1240779886069,1240780101906,0,219,1,219,0,0,0,0,1,null
87714,1240787294697,1240787324717,0,0,0,0,0,2,1,351430,4,0
878678,1240777156711,1240777191541,0,0,0,0,0,0,0,0,1,null
879079,1240779713026,1240780269883,0,133,1,139,0,0,0,196543,1,null
880558,1240781344058,1240782623460,0,1036,5,121,0,0,0,164290,2,null
881391,1240784682717,1240784864567,0,201,3,65.33333333333333,0,0,0,77969,2,null
881995,1240784215328,1240784433806,0,0,0,0,0,0,0,0,1,null
883007,1240784994477,1240786474443,0,0,0,0,0,0,0,0,1,null
8842,1240778161751,0,99.50000000000001,966,2,552.5,22707,11,18,1531,13,6
885368,1240786769278,1240786791114,0,0,0,0,0,0,0,0,1,null
887964,1240775555090,1240776827148,413.6000000000001,559,5,104,0,2,1,919861,2,null
890052,1240786771775,0,0,2841,22,122.72727272727273,0,0,0,475837,3,0
896436,1240778941898,1240778949936,0,915,2,156,0,0,0,217283,2,null
89757,undefined,0,544.9000000000001,0,0,0,0,3,35,20260,undefined,undefined
90239,1240782872364,1240782879995,0,0,0,0,0,1,0,104274,4,0
902911,1240775722338,1240775732291,0,0,0,0,0,0,0,0,1,null
90312,1240780220266,1240780261099,0,0,0,0,0,0,0,505644,1,null
905316,1240776012990,1240776068271,0,0,0,0,0,0,0,0,1,null
9093,1240780172404,1240784087207,0,4554,10,357.1,0,4,0,16040,6,3
911565,1240779575753,1240779594942,0,0,0,0,0,0,0,0,1,null
911925,1240785532361,1240785559179,0,0,0,0,0,0,0,0,1,null
912064,1240782048361,1240782119921,0,0,0,0,0,0,0,0,1,null
915649,1240781205698,1240781231430,0,0,0,0,0,0,0,0,1,null
918685,1240781347461,1240781534434,0,0,0,0,0,0,0,0,1,null
919487,1240781786884,1240781808327,0,0,0,0,0,0,0,0,1,null
919861,undefined,0,232.50000000000003,0,0,0,0,1,2,171151,undefined,undefined
921625,1240780568043,1240781064664,0,0,0,0,0,0,0,0,1,null
921826,1240776019563,1240776094039,0,0,0,0,0,0,0,0,1,null
92300,undefined,0,41.7,0,0,0,0,1,5,185650,undefined,undefined
923270,1240778933060,1240779363181,0,273,1,123,0,0,0,132646,1,null
924294,1240787706828,1240787736630,0,0,0,0,0,0,0,0,1,null
925922,1240777477875,1240777905641,0,0,0,0,0,0,0,0,1,null
926511,1240785012975,0,0,726,6,107,0,0,0,555728,1,0
926876,1240777246385,1240777250679,0,0,0,0,0,0,0,0,1,null
927720,1240779602864,1240779618561,0,0,0,0,0,0,0,0,1,null
928850,1240780884599,1240781064666,0,0,0,0,0,0,0,0,1,null
930175,1240780819137,1240780873296,0,0,0,0,0,0,0,0,1,null
930370,1240781098071,1240783710579,102.60000000000001,844,7,102.14285714285714,0,1,0,208469,1,null
930582,1240787631903,1240787836799,0,0,0,0,0,0,0,0,1,null
930696,1240781205339,1240781212253,0,0,0,0,0,0,0,0,1,null
931245,1240781347241,1240781600772,0,116,1,115,0,0,0,0,1,null
931582,1240781698161,1240781709378,0,0,0,0,0,0,0,0,1,null
94103,undefined,0,44.4,0,0,0,0,1,9,223494,undefined,undefined
95479,undefined,0,216.20000000000002,0,0,0,0,7,1,586681,undefined,undefined
95872,1240777591566,1240778264464,0,204,2,102,0,0,0,0,1,null
995,undefined,0,466.8,0,0,0,0,11,15,12,undefined,undefined
<<<<EndTable

PlayersOnlineNow=35
PlayersOnlineEachMinute=0, 9, 15, 17, 18, 21, 30, 29, 27, 28, 28, 29, 29, 27, 32, 30, 33, 38, 39, 36, 34, 35, 36, 37, 36, 36, 36, 37, 36, 38, 35, 33, 34, 36, 38, 40, 38, 37, 37, 39, 36, 34, 34, 31, 30, 29, 25, 26, 25, 26, 27, 28, 30, 28, 27, 27, 25, 28, 27, 29, 28, 27, 25, 26, 26, 27, 27, 26, 26, 26, 27, 28, 31, 32, 32, 32, 34, 33, 35, 34, 32, 32, 33, 33, 35, 31, 31, 31, 33, 33, 30, 28, 28, 27, 30, 33, 33, 37, 36, 34, 31, 29, 27, 25, 27, 28, 28, 27, 27, 29, 27, 27, 29, 29, 29, 27, 29, 29, 29, 30, 31, 30, 28, 29, 29, 29, 29, 31, 29, 28, 26, 26, 26, 25, 25, 24, 24, 24, 23, 22, 17, 18, 17, 15, 15, 16, 15, 16, 14, 14, 11, 10, 13, 13, 13, 15, 14, 13, 14, 16, 16, 19, 18, 18, 18, 18, 18, 19, 20, 23, 25, 25, 26, 26, 23, 25, 25, 24, 26, 25, 23, 25, 27, 26, 25, 24, 24, 23, 24, 24, 25, 25, 24, 24, 23, 24, 26, 25, 24, 24, 26, 28, 30, 33, 33, 30, 31, 33, 32, 33
PlayersInEachFeedingGame=1, 1, 2, 2, 1, 2, 1, 1, 2, 2, 3, 2, 1, 1, 2, 1, 1, 1, 2, 1, 1, 1, 1, 1, 1, 2, 2, 2, 2, 2, 1, 2, 2, 3, 1, 2, 2, 1, 2, 2, 2, 1, 2, 2, 2, 1, 2, 1, 2, 1, 2, 2, 2, 2, 1, 1, 1, 2, 1, 2, 1, 2, 1, 1, 2, 1, 1, 1, 2, 1, 2, 1, 1, 1, 1, 2, 1, 2, 1, 2, 1, 2, 2, 1, 2, 1, 1, 2, 1, 1, 2, 2, 2, 1, 2, 2, 2, 2, 1, 2, 2, 1, 2, 2, 3, 2, 1, 2, 2, 2, 2, 2, 1, 2, 2, 2, 3, 2, 2, 3, 1, 2, 2, 1, 2, 2, 2, 2, 2, 2, 1, 2, 2, 1, 1, 2, 1, 2, 2, 2, 2, 2, 1, 1, 2, 2, 1, 2, 1, 1, 2, 1, 1, 2, 2, 1, 1, 1, 2, 2, 1, 1, 1, 2, 2, 2, 1, 1, 2, 2, 2, 2, 2, 2, 2, 2, 1, 2, 2, 2, 2, 2, 1, 2, 2, 2, 2, 1, 2, 2, 2, 2, 2, 2, 2, 2, 2, 1, 2, 1, 2, 2, 2, 2, 2, 2, 2, 1, 2, 2, 2, 1, 2, 2, 2, 2, 2, 1, 2, 1, 1, 2, 2, 2, 2, 1, 1, 2, 1, 1, 2, 2, 1, 1, 2, 2, 2, 2, 1, 2, 2, 2, 1, 2, 2, 1, 2, 1, 2, 2, 2, 1, 2, 2, 2, 2, 2, 1, 2, 2, 2, 2, 2, 2, 2, 1, 2, 2, 2, 2, 2, 3, 1, 2, 2, 2, 1, 2, 1, 2, 2, 2, 2, 2, 2, 2, 2, 1, 1, 2, 2, 2, 1, 1, 2, 1, 2, 1, 2, 1, 2, 2, 2, 1, 2, 2, 2, 2, 2, 2, 2, 2, 1, 2, 2, 2, 1, 1, 2, 2, 2, 1
PlayersStarted=467
PlayersQuit=432
StatsStartTime=1240775529676
StatsDumpTime=1240788130642
<<<<EndStats
2009-04-26 16:23:03,110 ERROR: vampire.server.feeding.FeedingRecord sendPlayerStartGameMsg [playerId=890052, prey=false, _predatorIndex=]
2009-04-26 16:23:10,334 ERROR: vampire.server.feeding.FeedingRecord sendPlayerStartGameMsg [playerId=755771, prey=false, _predatorIndex=518979]
2009-04-26 16:23:15,121 ERROR: vampire.server.feeding.FeedingRecord sendPlayerStartGameMsg [playerId=755771, prey=false, _predatorIndex=518979,755771]
2009-04-26 16:23:42,841 ERROR: vampire.server.feeding.FeedingRecord sendPlayerStartGameMsg [playerId=80071, prey=true, _predatorIndex=]
2009-04-26 16:23:42,842 ERROR: vampire.server.feeding.FeedingRecord sendPlayerStartGameMsg [playerId=54776, prey=false, _predatorIndex=]
2009-04-26 16:24:01,194 ERROR: vampire.server.feeding.FeedingRecord sendPlayerStartGameMsg [playerId=518979, prey=false, _predatorIndex=518979,755771]
2009-04-26 16:24:05,769 ERROR: vampire.server.feeding.FeedingRecord sendPlayerStartGameMsg [playerId=384427, prey=true, _predatorIndex=]
2009-04-26 16:24:05,770 ERROR: vampire.server.feeding.FeedingRecord sendPlayerStartGameMsg [playerId=10642, prey=false, _predatorIndex=]
2009-04-26 16:24:27,987 ERROR: vampire.server.feeding.FeedingRecord sendPlayerStartGameMsg [playerId=518979, prey=false, _predatorIndex=]
2009-04-26 16:24:36,940 ERROR: vampire.server.feeding.FeedingRecord sendPlayerStartGameMsg [playerId=555728, prey=true, _predatorIndex=]
2009-04-26 16:24:36,941 ERROR: vampire.server.feeding.FeedingRecord sendPlayerStartGameMsg [playerId=926511, prey=false, _predatorIndex=]
2009-04-26 16:25:50,543 ERROR: vampire.server.feeding.FeedingRecord sendPlayerStartGameMsg [playerId=755771, prey=false, _predatorIndex=827982]
2009-04-26 16:25:52,398 ERROR: vampire.server.feeding.FeedingRecord sendPlayerStartGameMsg [playerId=890052, prey=false, _predatorIndex=518979]
2009-04-26 16:26:01,204 ERROR: vampire.server.feeding.FeedingRecord sendPlayerStartGameMsg [playerId=827982, prey=true, _predatorIndex=]
2009-04-26 16:26:01,205 ERROR: vampire.server.feeding.FeedingRecord sendPlayerStartGameMsg [playerId=313829, prey=false, _predatorIndex=]
2009-04-26 16:26:10,915 ERROR: vampire.server.feeding.FeedingRecord sendPlayerStartGameMsg [playerId=890052, prey=false, _predatorIndex=518979,890052]
2009-04-26 16:26:11,620 ERROR: vampire.server.feeding.FeedingRecord sendPlayerStartGameMsg [playerId=209224, prey=false, _predatorIndex=]
2009-04-26 16:26:25,067 ERROR: vampire.server.feeding.FeedingRecord sendPlayerStartGameMsg [playerId=10642, prey=true, _predatorIndex=]
2009-04-26 16:26:25,068 ERROR: vampire.server.feeding.FeedingRecord sendPlayerStartGameMsg [playerId=313829, prey=false, _predatorIndex=]
2009-04-26 16:26:32,348 ERROR: vampire.server.feeding.FeedingRecord sendPlayerStartGameMsg [playerId=578918, prey=true, _predatorIndex=]
2009-04-26 16:26:32,348 ERROR: vampire.server.feeding.FeedingRecord sendPlayerStartGameMsg [playerId=827982, prey=false, _predatorIndex=]
2009-04-26 16:27:42,261 ERROR: vampire.server.feeding.FeedingRecord sendPlayerStartGameMsg [playerId=68793, prey=false, _predatorIndex=313829]
2009-04-26 16:28:00,247 ERROR: vampire.server.feeding.FeedingRecord sendPlayerStartGameMsg [playerId=68793, prey=false, _predatorIndex=313829,68793]
2009-04-26 16:28:25,823 ERROR: vampire.server.feeding.FeedingRecord sendPlayerStartGameMsg [playerId=518979, prey=true, _predatorIndex=]
2009-04-26 16:28:25,824 ERROR: vampire.server.feeding.FeedingRecord sendPlayerStartGameMsg [playerId=617877, prey=false, _predatorIndex=]
2009-04-26 16:29:09,959 ERROR: vampire.server.feeding.FeedingRecord sendPlayerStartGameMsg [playerId=890052, prey=false, _predatorIndex=]
2009-04-26 16:30:46,438 ERROR: vampire.server.feeding.FeedingRecord sendPlayerStartGameMsg [playerId=10642, prey=true, _predatorIndex=]
--- buffer full ---

