2009-05-07 16:00:03,142 ERROR: vampire.server.feeding.FeedingRecord sendPlayerStartGameMsg [playerId=176911, prey=false, _predatorIndex=]
2009-05-07 16:00:09,285 ERROR: vampire.server.feeding.FeedingRecord sendPlayerStartGameMsg [playerId=1892, prey=true, _predatorIndex=]
2009-05-07 16:00:09,286 ERROR: vampire.server.feeding.FeedingRecord sendPlayerStartGameMsg [playerId=33511, prey=false, _predatorIndex=]
2009-05-07 16:00:18,533 ERROR: vampire.server.feeding.FeedingRecord sendPlayerStartGameMsg [playerId=63415, prey=false, _predatorIndex=33511]
2009-05-07 16:00:30,529 ERROR: vampire.server.feeding.FeedingRecord sendPlayerStartGameMsg [playerId=1103506, prey=false, _predatorIndex=1103506,63415,176911,1156985]
2009-05-07 16:00:35,810 ERROR: vampire.server.feeding.FeedingRecord sendPlayerStartGameMsg [playerId=421572, prey=false, _predatorIndex=]
2009-05-07 16:00:48,940 ERROR: vampire.server.feeding.FeedingRecord sendPlayerStartGameMsg [playerId=1118266, prey=true, _predatorIndex=]
2009-05-07 16:00:48,941 ERROR: vampire.server.feeding.FeedingRecord sendPlayerStartGameMsg [playerId=1103506, prey=false, _predatorIndex=]
2009-05-07 16:00:55,992 ERROR: vampire.server.feeding.FeedingRecord sendPlayerStartGameMsg [playerId=421572, prey=false, _predatorIndex=]
2009-05-07 16:01:10,906 ERROR: vampire.server.feeding.FeedingRecord sendPlayerStartGameMsg [playerId=421572, prey=false, _predatorIndex=1103506,63415,176911,1156985]
2009-05-07 16:01:57,861 ERROR: vampire.server.feeding.FeedingRecord sendPlayerStartGameMsg [playerId=971101, prey=true, _predatorIndex=]
2009-05-07 16:01:57,862 ERROR: vampire.server.feeding.FeedingRecord sendPlayerStartGameMsg [playerId=82485, prey=false, _predatorIndex=]
2009-05-07 16:03:27,065 ERROR: vampire.server.feeding.FeedingRecord sendPlayerStartGameMsg [playerId=53030, prey=true, _predatorIndex=]
2009-05-07 16:03:27,066 ERROR: vampire.server.feeding.FeedingRecord sendPlayerStartGameMsg [playerId=421572, prey=false, _predatorIndex=]
2009-05-07 16:03:37,009 ERROR: vampire.server.feeding.FeedingRecord sendPlayerStartGameMsg [playerId=1156985, prey=false, _predatorIndex=421572]
2009-05-07 16:04:25,292 ERROR: vampire.server.feeding.FeedingRecord sendPlayerStartGameMsg [playerId=1005664, prey=false, _predatorIndex=]
2009-05-07 16:06:42,515 ERROR: vampire.server.feeding.FeedingRecord sendPlayerStartGameMsg [playerId=1156985, prey=false, _predatorIndex=]

>>>>BeginStats

>>>>BeginTable
PlayerId, StartTime, EndTime, ProgenyPayout, XPFromFeeding, FeedingGames, MeanFeedingScore, BloodBond, Progeny, GrandProgeny, Sire, Level, Invites
1005664, 1241735346646, , 0, 2710, 16, 177.25, 0, 0, 0, 336694, 2, 0
100849, 1241729179138, 1241729197995, 0, 0, 0, 0, 0, 0, 0, 0, 1, 0
101052, 1241726208782, 1241726417041, 0, 318, 1, 318, 336524, 7, 1, 552702, 7, 2
1016090, 1241733084060, 1241736248438, 0, 0, 0, 0, 0, 0, 0, 0, 1, 
10184, , , 23.55, 0, 0, 0, 0, 4, 10, 86605, , 
1023833, 1241726575164, 1241726671724, 0, 0, 0, 0, 0, 0, 0, 0, 1, 
10260, 1241727433949, 1241728129259, 0, 820, 2, 348, 8527, 10, 9, 713, 15, 2
102613, , , 32.900000000000006, 0, 0, 0, 0, 1, 0, 39171, , 
103033, 1241734808780, 1241735593731, 0, 166, 1, 188, 767143, 12, 14, 81899, 6, 1
103144, , , 348.30000000000007, 0, 0, 0, 0, 5, 8, 116005, , 
1031623, 1241730783205, 1241730859986, 0, 52, 1, 104, 1011089, 0, 0, 1261178, 4, 
1032421, 1241730767727, 1241731955241, 0, 0, 0, 0, 0, 8, 1, 990799, 7, 1
1043, , , 16.450000000000003, 0, 0, 0, 0, 1, 1, 12, , 
1053441, 1241729359605, 1241729725220, 0, 0, 0, 0, 0, 0, 0, 124457, 1, 
1062, 1241735573789, , 0, 14281, 25, 531.68, 54776, 11, 7, 713, 16, 2
1062853, , , 252.45000000000002, 0, 0, 0, 0, 9, 19, 1124214, , 
10642, 1241729053383, 1241732761623, 42.1, 3613, 6, 568.3333333333334, 447249, 32, 46, 351598, 15, 2
1092321, , , 240.7, 0, 0, 0, 0, 29, 25, 35568, , 
109238, 1241734510797, 1241734734552, 0, 307, 1, 114, 0, 0, 0, 592692, 2, 
1101, , , 86.80000000000001, 0, 0, 0, 0, 2, 16, 239981, , 
1103506, 1241735413830, 1241737383548, 0, 1824, 10, 167.1, 0, 0, 0, 1062853, 3, 
110735, 1241735742669, , 0, 358, 4, 86.5, 0, 0, 0, 408501, 2, 0
1109257, 1241731543094, 1241731548599, 0, 0, 0, 0, 0, 0, 0, 0, 1, 
1110327, 1241734994222, 1241735772530, 0, 2154, 13, 165.30769230769232, 0, 0, 0, 336524, 3, 
1110484, 1241727317513, 1241727932459, 0, 1401, 4, 382.25, 153097, 0, 0, 153097, 4, 
1111437, 1241736582316, 1241737315002, 30, 738, 5, 108, 0, 2, 0, 70997, 2, 
1114950, 1241734387246, 1241734467315, 0, 0, 0, 0, 0, 0, 0, 217283, 1, 
1118266, 1241737182671, , 0, 176, 1, 189, 0, 0, 0, 52818, 2, 0
1121763, 1241736227621, 1241736247772, 0, 0, 0, 0, 0, 0, 0, 0, 1, 
1122449, , , 26.650000000000002, 0, 0, 0, 0, 10, 7, 555728, , 
1124126, 1241727372598, 1241727380351, 0, 0, 0, 0, 0, 0, 0, 771625, 1, 
1124214, , , 91.2, 0, 0, 0, 0, 6, 9, 1122449, , 
112953, , , 50.3, 0, 0, 0, 0, 3, 7, 241176, , 
1138221, 1241730748629, 1241732754587, 0, 2037, 6, 186.66666666666666, 1283799, 0, 0, 269484, 4, 
1148755, , , 22.1, 0, 0, 0, 0, 21, 1, 1092321, , 
1152211, , , 17.8, 0, 0, 0, 0, 1, 3, 452296, , 
1152360, 1241734857903, 1241735082627, 0, 336, 1, 206, 0, 0, 0, 70997, 4, 
1154088, 1241736585538, 1241736609813, 0, 0, 0, 0, 0, 0, 0, 0, 1, 
1155409, , , 2.6, 0, 0, 0, 0, 1, 6, 674637, , 
1156985, 1241736980577, , 0, 131, 1, 76, 0, 0, 0, 217283, 1, 0
115917, 1241728619158, 1241730829796, 0, 648, 3, 122, 0, 0, 0, 3504, 3, 0
116005, , , 174.15000000000003, 0, 0, 0, 0, 6, 5, 130627, , 
1162172, 1241735036825, 1241736120823, 0, 601, 2, 177.5, 1181188, 0, 0, 835426, 4, 
1168169, 1241733209982, 1241733919685, 0, 0, 0, 0, 0, 0, 0, 0, 1, 
1178289, 1241732483912, 1241733005094, 0, 390, 3, 134.66666666666666, 0, 0, 0, 0, 1, 
1181457, 1241735877142, 1241735964297, 0, 0, 0, 0, 0, 0, 0, 0, 1, 
118975, 1241733468056, 1241733664514, 0, 0, 0, 0, 0, 1, 1, 160138, 12, 2
12, , , 863.4000000000002, 0, 0, 0, 0, 20, 70, 383387, , 
1214279, 1241733428523, 1241734250536, 0, 178, 2, 104, 0, 3, 0, 1152211, 3, 
1217415, 1241731457617, 1241732201410, 0, 0, 0, 0, 0, 0, 0, 0, 1, 
1227346, 1241732798136, 1241732903235, 0, 0, 0, 0, 0, 0, 0, 0, 1, 
122823, 1241735149012, 1241735180288, 0, 166, 1, 144, 0, 0, 0, 61609, 2, 0
122907, , , 180.3, 0, 0, 0, 0, 6, 10, 251062, , 
1231039, 1241730866120, 1241731304214, 0, 125, 1, 125, 0, 0, 0, 0, 1, 
123244, , , 55, 0, 0, 0, 0, 1, 1, 123662, , 
123662, , , 22.5, 0, 0, 0, 0, 8, 1, 167153, , 
1251906, 1241728991657, 1241729011995, 0, 0, 0, 0, 0, 0, 0, 162239, 2, 
125207, 1241733260561, 1241733320724, 0, 0, 0, 0, 273503, 1, 0, 544643, 4, 0
125347, 1241736712700, 1241736856276, 0, 109, 1, 109, 0, 1, 0, 561527, 1, 0
1254611, 1241736151210, 1241737246290, 0, 221, 2, 113, 0, 0, 0, 1148755, 2, 
1254726, 1241728951725, 1241730580791, 0, 418, 2, 125.5, 1111604, 0, 0, 502119, 3, 
1255618, 1241727553683, 1241728163230, 0, 533, 3, 116.66666666666667, 0, 2, 0, 206148, 3, 
1261178, , , 5.2, 0, 0, 0, 0, 6, 0, 1155409, , 
1265, , , 152.90000000000003, 0, 0, 0, 0, 15, 30, 12, , 
127073, 1241734205371, 1241735454056, 0, 1055, 4, 146.25, 0, 1, 0, 155161, 5, 1
1273588, 1241735017359, 1241735342518, 0, 297, 2, 103, 0, 0, 0, 0, 1, 
1273954, 1241736692766, 1241737277279, 0, 359, 3, 119, 0, 0, 0, 4139, 2, 
1274543, 1241736736316, 1241736855573, 0, 0, 0, 0, 0, 0, 0, 125347, 1, 
1275242, 1241728452067, 1241728470298, 0, 0, 0, 0, 0, 0, 0, 0, 1, 
1275561, 1241732261574, 1241732363203, 0, 161, 1, 161, 0, 0, 0, 772113, 1, 
1276975, 1241726994240, 1241727002137, 0, 0, 0, 0, 0, 0, 0, 0, 1, 
12770, , , 8.75, 0, 0, 0, 0, 23, 29, 383387, , 
1278011, 1241736142274, 1241736786415, 0, 0, 0, 0, 0, 0, 0, 0, 1, 
1278376, 1241733313241, 1241733563203, 0, 0, 0, 0, 0, 0, 0, 0, 1, 
1279627, 1241728939426, 1241729387800, 0, 285, 2, 142.5, 0, 0, 0, 524637, 2, 
128025, 1241729383319, 1241729392365, 0, 0, 0, 0, 0, 0, 0, 233794, 2, 
1296070, 1241732767391, 1241733081952, 0, 0, 0, 0, 0, 0, 0, 0, 1, 
130244, , , 299.3, 0, 0, 0, 0, 3, 6, 237967, , 
130730, 1241729733171, 1241730438090, 0, 328, 2, 164, 0, 5, 0, 402642, 3, 5
1307350, 1241736882564, 1241736961195, 0, 0, 0, 0, 0, 0, 0, 0, 1, 
131858, , , 24.1, 0, 0, 0, 0, 1, 1, 130627, , 
1324295, 1241735975337, 1241736680907, 0, 102, 1, 102, 0, 0, 0, 0, 1, 
1324541, 1241737375741, 1241737400793, 0, 0, 0, 0, 0, 0, 0, 0, 1, 
1324545, 1241733849842, 1241733859985, 0, 0, 0, 0, 0, 0, 0, 0, 1, 
1324959, 1241735169044, 1241735930345, 0, 66, 1, 66, 0, 0, 0, 0, 1, 
134428, 1241734977435, 1241735363204, 0, 200, 2, 100.5, 0, 0, 0, 174055, 1, 
135526, , , 14.3, 0, 0, 0, 0, 11, 1, 162782, , 
136366, 1241734407943, 1241734411245, 0, 0, 0, 0, 0, 0, 0, 0, 1, 
136892, 1241735951392, , 0, 482, 3, 114, 0, 1, 0, 367411, 2, 0
143538, , , 14.100000000000001, 0, 0, 0, 0, 2, 23, 1531, , 
143937, 1241735389508, 1241735840576, 0, 0, 0, 0, 0, 0, 0, 7078, 4, 0
147427, 1241736601711, 1241737082699, 0, 134, 1, 134, 0, 0, 0, 0, 1, 
147608, , , 5.45, 0, 0, 0, 0, 8, 2, 502119, , 
148695, 1241730579703, 1241730823871, 0, 0, 0, 0, 306511, 8, 7, 10642, 10, 4
152142, 1241732531037, 1241735833771, 0, 2327, 13, 153.30769230769232, 0, 0, 0, 90041, 2, 
153097, , , 140.1, 0, 0, 0, 0, 19, 0, 1062853, , 
154004, 1241733722645, 1241734163225, 0, 73, 1, 145, 561706, 10, 6, 90041, 4, 0
154238, 1241733970014, 1241734337072, 0, 234, 1, 234, 156489, 5, 4, 45129, 8, 2
155161, , , 105.50000000000001, 0, 0, 0, 0, 5, 1, 253373, , 
157713, 1241730232583, , 16, 1303, 12, 90, 0, 1, 0, 58859, 2, 0
158630, , , 18.55, 0, 0, 0, 0, 5, 1, 304445, , 
159420, , , 67, 0, 0, 0, 0, 1, 6, 206649, , 
15975, 1241732319818, 1241732723226, 0, 167, 1, 81, 0, 0, 0, 0, 1, 
162782, , , 7.15, 0, 0, 0, 0, 7, 11, 36377, , 
163914, , , 22, 0, 0, 0, 0, 2, 2, 227953, , 
165133, 1241732240169, 1241732483357, 0, 75, 1, 78, 0, 0, 0, 206908, 2, 0
166371, , , 101.85000000000001, 0, 0, 0, 0, 4, 12, 267622, , 
16719, 1241728685979, 1241728809290, 0, 0, 0, 0, 0, 2, 1, 17790, 5, 3
171513, 1241726329124, 1241726366848, 0, 0, 0, 0, 0, 10, 7, 170191, 12, 2
172743, 1241735911947, 1241735915410, 0, 0, 0, 0, 0, 0, 0, 261567, 4, 0
173329, , , 390.3, 0, 0, 0, 0, 4, 6, 344937, , 
174055, 1241734532174, 1241735209759, 20, 450, 3, 134.33333333333334, 0, 1, 0, 123244, 2, 1
175120, 1241736210306, 1241736237989, 0, 0, 0, 0, 0, 0, 0, 1126061, 1, 
176911, 1241736976163, 1241737348495, 0, 117, 1, 117, 0, 0, 0, 0, 1, 
179687, , , 29.6, 0, 0, 0, 0, 3, 2, 24525, , 
179801, 1241729879342, 1241729884700, 0, 0, 0, 0, 0, 0, 0, 336024, 3, 0
1802, 1241730325319, 1241733008531, 0, 3483, 10, 403.7, 995, 7, 2, 103144, 12, 2
180378, 1241728938576, 1241729305447, 0, 0, 0, 0, 0, 0, 0, 0, 1, 
181264, , , 113.95000000000002, 0, 0, 0, 0, 2, 3, 3812, , 
187326, , , 60.10000000000001, 0, 0, 0, 0, 2, 0, 194202, , 
1892, 1241736819713, , 0, 637, 4, 210.5, 33511, 20, 6, 995, 12, 2
193978, , , 115.2, 0, 0, 0, 0, 4, 4, 196206, , 
194202, , , 30.050000000000004, 0, 0, 0, 0, 2, 2, 102770, , 
195736, , , 107.70000000000003, 0, 0, 0, 0, 6, 27, 334835, , 
196206, , , 57.6, 0, 0, 0, 0, 4, 4, 157720, , 
196999, 1241732427669, 1241733035459, 0, 474, 4, 124, 0, 1, 0, 415271, 2, 
197371, 1241732752084, 1241735526349, 0, 2288, 13, 162.76923076923077, 0, 0, 0, 392522, 2, 
199427, , , 403.8, 0, 0, 0, 0, 1, 5, 208602, , 
199624, 1241736004016, 1241736832282, 0, 601, 3, 200.33333333333334, 0, 0, 0, 187326, 2, 
201981, 1241731847125, 1241733145660, 0, 0, 0, 0, 0, 0, 0, 0, 1, 
202350, 1241734249507, 1241734360965, 0, 0, 0, 0, 0, 0, 0, 0, 1, 
20260, , , 613.3000000000001, 0, 0, 0, 0, 18, 26, 12, , 
202762, 1241735912212, 1241736050327, 0, 0, 0, 0, 0, 2, 2, 39403, 6, 3
203309, 1241734818377, 1241734829982, 0, 0, 0, 0, 0, 0, 0, 68172, 2, 0
206148, , , 53.300000000000004, 0, 0, 0, 0, 1, 2, 1122449, , 
206908, , , 7.5, 0, 0, 0, 0, 1, 0, 337162, , 
20769, 1241737069382, 1241737142008, 0, 0, 0, 0, 0, 0, 0, 15920, 4, 0
208085, 1241729444263, 1241731523237, 0, 220, 1, 233, 0, 2, 0, 163914, 4, 0
208217, 1241734596330, 1241734943189, 0, 1996, 6, 366.8333333333333, 0, 2, 0, 1092321, 4, 
208602, , , 201.9, 0, 0, 0, 0, 7, 8, 351626, , 
21067, 1241726320765, 1241726529105, 0, 0, 0, 0, 0, 2, 45, 302907, 8, 4
217283, 1241728561187, 1241732473326, 409.30000000000007, 1340, 5, 309.6, 532467, 62, 26, 57393, 12, 24
22279, 1241736426237, 1241737131983, 0, 4067, 18, 256.55555555555554, 0, 0, 0, 0, 3, 
22707, , , 170.4, 0, 0, 0, 0, 7, 15, 8842, , 
227953, , , 11, 0, 0, 0, 0, 3, 2, 320570, , 
237967, , , 149.65, 0, 0, 0, 0, 1, 3, 336228, , 
239111, 1241726970718, 1241727034184, 0, 0, 0, 0, 0, 1, 1, 439277, 3, 0
239981, , , 43.400000000000006, 0, 0, 0, 0, 1, 2, 209944, , 
241176, , , 25.15, 0, 0, 0, 0, 1, 3, 12770, , 
24525, , , 14.8, 0, 0, 0, 0, 6, 3, 316097, , 
246356, , , 45, 0, 0, 0, 0, 5, 3, 54776, , 
247992, , , 16.400000000000002, 0, 0, 0, 0, 3, 4, 214539, , 
251062, , , 90.15, 0, 0, 0, 0, 6, 17, 296361, , 
253373, , , 52.75000000000001, 0, 0, 0, 0, 2, 5, 212370, , 
256680, 1241737429630, , 0, 0, 0, 0, 0, 0, 0, 0, 1, 0
258210, 1241729133250, 1241729689928, 0, 0, 0, 0, 0, 0, 0, 66262, 4, 0
258951, 1241736602400, 1241736730788, 425.8, 0, 0, 0, 318242, 24, 33, 1265, 12, 17
259344, , , 57.39999999999999, 0, 0, 0, 0, 23, 12, 143538, , 
269484, , , 203.70000000000002, 0, 0, 0, 0, 11, 0, 166371, , 
2796, 1241730226854, 1241730443254, 0, 282, 1, 310, 132449, 5, 1, 259344, 5, 3
280406, 1241735640969, 1241735653727, 0, 0, 0, 0, 0, 0, 0, 556276, 1, 
282780, 1241734704311, 1241735814863, 0, 395, 2, 182, 0, 0, 0, 0, 1, 
283305, , , 15.350000000000001, 0, 0, 0, 0, 3, 10, 497122, , 
294285, 1241736567648, 1241736640293, 0, 0, 0, 0, 32654, 0, 0, 163484, 4, 0
295246, 1241729890566, 1241730094576, 0, 0, 0, 0, 83549, 1, 0, 159134, 4, 0
298666, , , 58.400000000000006, 0, 0, 0, 0, 7, 0, 259344, , 
314390, 1241733092724, 1241733443249, 0, 108, 1, 108, 0, 0, 0, 0, 1, 0
33511, 1241737106346, , 0, 450, 3, 104.33333333333333, 1892, 1, 0, 246356, 9, 4
336228, , , 4.3, 0, 0, 0, 0, 10, 15, 307471, , 
336524, , , 215.40000000000006, 0, 0, 0, 0, 26, 0, 195736, , 
336620, 1241734398982, 1241737214409, 0, 695, 7, 100, 0, 0, 0, 157713, 1, 
336694, , , 271, 0, 0, 0, 0, 2, 0, 338481, , 
337162, , , 3.75, 0, 0, 0, 0, 2, 1, 174526, , 
338481, , , 135.5, 0, 0, 0, 0, 5, 2, 370695, , 
344937, , , 195.15, 0, 0, 0, 0, 11, 6, 251062, , 
3504, , , 64.80000000000001, 0, 0, 0, 0, 4, 0, 5842, , 
351430, , , 8.6, 0, 0, 0, 0, 14, 0, 336228, , 
351598, , , 382.35, 0, 0, 0, 0, 1, 32, 359624, , 
35568, , , 99.8, 0, 0, 0, 0, 3, 29, 258951, , 
355945, 1241733092315, 1241733096388, 0, 0, 0, 0, 0, 0, 0, 403501, 3, 0
359624, , , 180.65000000000003, 0, 0, 0, 0, 4, 1, 201132, , 
361878, 1241736208777, 1241736212900, 0, 0, 0, 0, 0, 0, 0, 50669, 1, 0
365721, 1241728734725, 1241729543204, 0, 329, 3, 113, 0, 0, 0, 423714, 3, 1
367411, , , 48.2, 0, 0, 0, 0, 1, 1, 131858, , 
367452, , , 8.8, 0, 0, 0, 0, 6, 4, 127763, , 
372420, 1241735884049, 1241736052333, 0, 0, 0, 0, 0, 0, 0, 171151, 3, 0
377896, 1241737155099, 1241737165961, 0, 0, 0, 0, 0, 1, 0, 184754, 3, 0
3812, , , 50.45, 0, 0, 0, 0, 1, 2, 65584, , 
383249, 1241735975780, 1241737163243, 0, 1152, 7, 132.28571428571428, 0, 4, 1, 193978, 5, 1
39171, , , 16.450000000000003, 0, 0, 0, 0, 8, 1, 102770, , 
39180, 1241735516670, 1241736082196, 0, 175, 1, 193, 0, 7, 15, 68619, 7, 1
392522, 1241734588343, 1241737544896, 228.80000000000004, 1472, 10, 104.5, 0, 1, 0, 217283, 2, 
396113, , , 326.85000000000014, 0, 0, 0, 0, 2, 10, 44987, , 
397835, , , 53.7, 0, 0, 0, 0, 5, 35, 47379, , 
39986, 1241727330013, 1241727340598, 0, 0, 0, 0, 0, 0, 0, 0, 1, 
402642, , , 32.800000000000004, 0, 0, 0, 0, 4, 5, 247992, , 
40275, 1241727619322, 1241728430940, 0, 3903, 5, 866.8, 5842, 6, 0, 173329, 12, 6
408501, , , 35.800000000000004, 0, 0, 0, 0, 8, 22, 637936, , 
4139, , , 35.900000000000006, 0, 0, 0, 0, 24, 23, 713, , 
415271, , , 47.400000000000006, 0, 0, 0, 0, 11, 1, 66689, , 
419920, 1241735567091, 1241735645122, 0, 0, 0, 0, 0, 0, 0, 154384, 3, 
420097, , , 37.1, 0, 0, 0, 0, 1, 0, 158630, , 
421572, 1241733760248, , 0, 584, 6, 76.16666666666667, 0, 0, 0, 298666, 2, 0
423714, , , 32.900000000000006, 0, 0, 0, 0, 1, 0, 1043, , 
432820, 1241737527763, , 26.1, 1009, 5, 159.2, 0, 3, 1, 181264, 6, 2
43386, 1241731085627, 1241732815545, 0, 2993, 8, 556.625, 106210, 6, 4, 130244, 8, 6
447249, 1241732795411, 1241733560698, 0, 4038, 7, 670, 10642, 5, 4, 199427, 15, 2
44987, , , 130.85000000000002, 0, 0, 0, 0, 2, 5, 12770, , 
45129, , , 23.400000000000002, 0, 0, 0, 0, 7, 5, 66842, , 
452296, , , 8.9, 0, 0, 0, 0, 1, 1, 103144, , 
502119, 1241733504759, 1241735308443, 41.800000000000004, 1412, 6, 286.5, 520359, 11, 14, 22707, 10, 2
503425, 1241731824944, 1241731847764, 0, 0, 0, 0, 430717, 0, 0, 39171, 4, 0
510740, , , 8.05, 0, 0, 0, 0, 70, 12, 534632, , 
524637, , , 28.5, 0, 0, 0, 0, 1, 0, 83320, , 
52818, , , 17.6, 0, 0, 0, 0, 4, 0, 367452, , 
53030, 1241735173698, , 0, 1803, 9, 310.1111111111111, 1092321, 10, 6, 122907, 14, 3
533, 1241727207642, 1241727642850, 0, 1530, 3, 510, 535, 10, 11, 20260, 14, 2
537110, 1241728953865, 1241729098998, 0, 0, 0, 0, 0, 0, 0, 171151, 1, 0
541655, , , 142.95000000000002, 0, 0, 0, 0, 1, 21, 126451, , 
54776, 1241736307077, , 22.5, 9206, 17, 585.1176470588235, 1062, 77, 33, 89757, 15, 3
54786, 1241730078541, 1241732192887, 0, 261, 2, 116.5, 0, 0, 0, 432820, 1, 
55009, 1241730974282, 1241731246624, 0, 0, 0, 0, 0, 1, 3, 309096, 4, 0
552702, , , 31.8, 0, 0, 0, 0, 5, 7, 92894, , 
555728, 1241730081556, 1241731711599, 0, 868, 2, 282, 828191, 16, 10, 1101, 4, 0
561527, , , 10.9, 0, 0, 0, 0, 1, 1, 147608, , 
57393, , , 281.45, 0, 0, 0, 0, 6, 66, 159420, , 
57893, 1241736892418, 1241736906637, 0, 0, 0, 0, 0, 0, 0, 24525, 1, 0
58022, 1241734600519, 1241734799160, 0, 0, 0, 0, 0, 4, 5, 175065, 4, 0
5842, , , 32.400000000000006, 0, 0, 0, 0, 2, 8, 344937, , 
58429, 1241731798946, 1241732719160, 0, 421, 4, 105.25, 0, 7, 5, 10642, 4, 
58859, 1241727340736, 1241731523240, 138.29999999999998, 2617, 9, 365.77777777777777, 43017, 10, 9, 396113, 14, 2
592692, , , 30.700000000000003, 0, 0, 0, 0, 10, 0, 283305, , 
59909, 1241734153709, 1241736983218, 0, 231, 2, 162.5, 0, 0, 0, 0, 1, 0
609318, 1241736306973, 1241737271228, 0, 471, 5, 81.8, 0, 0, 0, 99802, 2, 
609643, 1241733693448, 1241734344500, 0, 497, 4, 105.75, 0, 1, 0, 217283, 3, 
61045, , , 39.800000000000004, 0, 0, 0, 0, 7, 7, 74372, , 
612389, 1241736626497, 1241736716443, 0, 0, 0, 0, 0, 0, 0, 0, 1, 
616045, 1241732139698, 1241732351088, 0, 0, 0, 0, 0, 0, 0, 162782, 1, 
61609, , , 16.6, 0, 0, 0, 0, 4, 0, 22707, , 
624632, 1241727617066, 1241727863426, 0, 0, 0, 0, 0, 0, 0, 505544, 2, 
62783, 1241729004648, 1241729363197, 0, 796, 4, 163.75, 0, 0, 0, 86926, 4, 0
631791, 1241735771420, 1241735816841, 0, 0, 0, 0, 0, 0, 0, 0, 1, 
63415, 1241735405530, , 0, 2859, 10, 331.9, 0, 10, 1, 8938, 5, 2
637936, , , 17.900000000000002, 0, 0, 0, 0, 3, 8, 217283, , 
638292, 1241733600353, 1241733791137, 0, 98, 1, 98, 0, 0, 0, 0, 1, 
66689, , , 23.700000000000003, 0, 0, 0, 0, 4, 11, 124585, , 
66842, , , 11.700000000000001, 0, 0, 0, 0, 1, 7, 153510, , 
67841, 1241734176672, 1241734456540, 0, 0, 0, 0, 0, 0, 0, 0, 1, 
68523, 1241730528439, 1241731997534, 0, 86, 1, 86, 0, 0, 0, 351430, 2, 
68619, , , 17.5, 0, 0, 0, 0, 8, 9, 12770, , 
703094, 1241728180905, 1241729197528, 0, 0, 0, 0, 0, 0, 0, 53030, 3, 
70997, , , 122.4, 0, 0, 0, 0, 35, 3, 397835, , 
713, 1241735850299, , 1528.0500000000004, 0, 0, 0, 1265, 11, 78, 12, 19, 6
71724, 1241728710261, 1241728784500, 0, 0, 0, 0, 3200, 22, 6, 94103, 12, 4
74412, 1241728529516, 1241729603199, 0, 329, 3, 132.33333333333334, 171193, 0, 0, 102613, 4, 0
746079, 1241730274535, 1241730283681, 0, 0, 0, 0, 0, 0, 0, 0, 1, 
764326, 1241733774361, 1241734039878, 0, 0, 0, 0, 0, 0, 0, 140986, 1, 
76572, 1241733566132, 1241735047913, 0, 296, 2, 148, 0, 1, 0, 179687, 3, 0
77, 1241730864849, 1241731166268, 0, 0, 0, 0, 171151, 11, 2, 12770, 14, 2
772113, , , 16.1, 0, 0, 0, 0, 1, 0, 510740, , 
802319, , , 8.3, 0, 0, 0, 0, 2, 6, 773108, , 
80646, 1241735772771, 1241736324888, 0, 0, 0, 0, 204792, 1, 0, 1148755, 4, 
80770, 1241736089218, 1241736728036, 0, 191, 2, 95.5, 0, 0, 0, 0, 1, 
81454, 1241733502465, 1241733623198, 0, 0, 0, 0, 0, 0, 0, 0, 1, 
81899, , , 16.6, 0, 0, 0, 0, 6, 12, 802319, , 
82485, 1241736751639, , 0, 416, 3, 152.33333333333334, 0, 0, 0, 1111437, 1, 0
83320, , , 14.25, 0, 0, 0, 0, 4, 1, 96838, , 
835426, , , 60.1, 0, 0, 0, 0, 2, 0, 1092321, , 
83621, 1241732209581, 1241732613917, 0, 503, 2, 359.5, 0, 0, 0, 112953, 4, 0
839421, 1241736430888, 1241736639394, 0, 0, 0, 0, 0, 0, 0, 0, 1, 
84076, 1241730295051, 1241731661511, 0, 772, 5, 113.2, 0, 0, 0, 217283, 1, 
84294, 1241734987624, 1241735783206, 0, 0, 0, 0, 0, 0, 0, 0, 1, 
867669, 1241736904150, 1241737020080, 0, 0, 0, 0, 0, 0, 0, 227147, 2, 
86926, , , 79.60000000000001, 0, 0, 0, 0, 7, 0, 61045, , 
8842, , , 70.6, 0, 0, 0, 0, 12, 9, 1531, , 
8938, , , 285.90000000000003, 0, 0, 0, 0, 21, 10, 541655, , 
89757, , , 920.6000000000001, 0, 0, 0, 0, 3, 77, 20260, , 
90041, 1241731492673, 1241734583215, 240, 3058, 8, 434.875, 175933, 10, 10, 258951, 12, 14
913044, 1241729487285, 1241730023242, 0, 173, 1, 100, 0, 0, 0, 217283, 1, 
926905, 1241734177053, , 0, 0, 0, 0, 0, 0, 0, 438751, 3, 0
92894, , , 15.9, 0, 0, 0, 0, 1, 5, 106082, , 
93412, 1241732069685, 1241732749152, 0, 371, 3, 122.33333333333333, 0, 0, 0, 420097, 3, 0
941889, 1241735350199, 1241735507628, 0, 0, 0, 0, 0, 0, 0, 0, 1, 
967846, 1241729113421, 1241729123858, 0, 0, 0, 0, 0, 0, 0, 0, 1, 
971101, 1241737288686, , 0, 143, 1, 172, 0, 1, 0, 135526, 2, 0
98240, 1241728050714, 1241728105758, 0, 0, 0, 0, 0, 0, 0, 0, 1, 0
982699, 1241729521544, 1241729537430, 0, 0, 0, 0, 0, 0, 0, 0, 1, 
985962, 1241727345135, 1241728078910, 0, 0, 0, 0, 0, 0, 0, 0, 1, 
995, , , 63.7, 0, 0, 0, 0, 13, 20, 12, , 
99802, , , 47.1, 0, 0, 0, 0, 10, 0, 10184, , 
<<<<EndTable

PlayersOnlineNow=19
PlayersOnlineEachMinute=0, 1, 2, 3, 2, 2, 3, 3, 3, 4, 3, 3, 3, 4, 3, 3, 4, 5, 4, 7, 7, 8, 8, 9, 9, 9, 9, 9, 8, 7, 8, 9, 7, 7, 6, 6, 6, 6, 7, 7, 8, 9, 11, 11, 10, 10, 14, 15, 17, 15, 14, 15, 15, 15, 15, 16, 15, 14, 14, 14, 14, 14, 15, 15, 14, 14, 15, 15, 18, 21, 21, 19, 19, 19, 19, 20, 19, 20, 20, 20, 22, 20, 22, 21, 20, 19, 20, 19, 21, 22, 21, 20, 19, 17, 20, 18, 17, 16, 18, 19, 17, 20, 22, 23, 23, 21, 21, 20, 20, 20, 17, 16, 15, 15, 16, 16, 14, 15, 17, 16, 17, 18, 20, 19, 18, 17, 19, 20, 19, 18, 21, 20, 19, 20, 21, 21, 16, 19, 16, 18, 20, 22, 23, 21, 21, 22, 21, 24, 22, 22, 24, 22, 23, 21, 26, 24, 25, 24, 23, 23, 22, 19, 22, 24, 26, 21, 23, 24, 21, 24, 24, 25, 25, 28, 27, 27, 28, 27, 25, 26, 26, 25, 27, 24, 22, 21, 19, 18, 19, 19
PlayersInEachFeedingGame=1, 1, 1, 1, 1, 1, 1, 2, 1, 2, 2, 2, 2, 1, 1, 2, 2, 2, 1, 2, 2, 2, 1, 2, 1, 2, 2, 1, 2, 2, 2, 2, 2, 1, 1, 1, 1, 1, 2, 2, 1, 2, 2, 2, 2, 1, 1, 2, 2, 2, 1, 1, 2, 2, 2, 2, 2, 2, 2, 2, 2, 2, 1, 2, 1, 2, 1, 1, 4, 1, 1, 2, 1, 1, 3, 1, 2, 1, 2, 1, 2, 2, 1, 2, 1, 1, 1, 2, 2, 1, 2, 1, 1, 1, 1, 2, 2, 1, 2, 1, 2, 1, 1, 2, 1, 1, 1, 1, 1, 1, 1, 1, 2, 2, 1, 2, 1, 1, 2, 1, 1, 2, 1, 1, 1, 2, 2, 1, 2, 2, 2, 1, 1, 2, 1, 2, 1, 2, 1, 1, 1, 2, 2, 2, 1, 1, 2, 2, 1, 2, 2, 1, 2, 2, 2, 2, 1, 2, 2, 2, 1, 2, 2, 2, 2, 1, 2, 1, 2, 2, 1, 2, 1, 2, 1, 2, 2, 1, 2, 1, 2, 2, 1, 1, 1, 2, 1, 2, 1, 1, 2, 2, 2, 3, 1, 1
PlayersStarted=290
PlayersQuit=271
StatsStartTime=1241726206709
StatsDumpTime=1241737607486
<<<<EndStats
2009-05-07 16:07:00,933 ERROR: vampire.server.feeding.FeedingRecord sendPlayerStartGameMsg [playerId=136892, prey=true, _predatorIndex=]
2009-05-07 16:07:00,934 ERROR: vampire.server.feeding.FeedingRecord sendPlayerStartGameMsg [playerId=971101, prey=false, _predatorIndex=]
2009-05-07 16:08:34,541 ERROR: vampire.server.feeding.FeedingRecord sendPlayerStartGameMsg [playerId=256680, prey=false, _predatorIndex=]
2009-05-07 16:08:39,146 ERROR: vampire.server.feeding.FeedingRecord sendPlayerStartGameMsg [playerId=82485, prey=false, _predatorIndex=]
2009-05-07 16:08:46,241 ERROR: vampire.server.feeding.FeedingRecord sendPlayerStartGameMsg [playerId=311622, prey=true, _predatorIndex=]
2009-05-07 16:08:46,242 ERROR: vampire.server.feeding.FeedingRecord sendPlayerStartGameMsg [playerId=1118266, prey=false, _predatorIndex=]
2009-05-07 16:11:12,448 ERROR: vampire.server.feeding.FeedingRecord sendPlayerStartGameMsg [playerId=1005664, prey=false, _predatorIndex=256680]
2009-05-07 16:11:12,476 ERROR: vampire.server.feeding.FeedingRecord sendPlayerStartGameMsg [playerId=82485, prey=false, _predatorIndex=]
2009-05-07 16:11:31,678 ERROR: vampire.server.feeding.FeedingRecord sendPlayerStartGameMsg [playerId=63415, prey=false, _predatorIndex=33511,63415]
2009-05-07 16:12:32,924 ERROR: vampire.server.feeding.FeedingRecord sendPlayerStartGameMsg [playerId=1028958, prey=false, _predatorIndex=256680,1005664]
2009-05-07 16:12:35,336 ERROR: vampire.server.feeding.FeedingRecord sendPlayerStartGameMsg [playerId=971101, prey=true, _predatorIndex=]
2009-05-07 16:12:35,337 ERROR: vampire.server.feeding.FeedingRecord sendPlayerStartGameMsg [playerId=1005664, prey=false, _predatorIndex=]
2009-05-07 16:13:22,512 ERROR: vampire.server.feeding.FeedingRecord sendPlayerStartGameMsg [playerId=1028958, prey=true, _predatorIndex=]
2009-05-07 16:13:22,514 ERROR: vampire.server.feeding.FeedingRecord sendPlayerStartGameMsg [playerId=1118266, prey=false, _predatorIndex=]
2009-05-07 16:14:06,376 ERROR: vampire.server.feeding.FeedingRecord sendPlayerStartGameMsg [playerId=1089041, prey=true, _predatorIndex=]
2009-05-07 16:14:06,377 ERROR: vampire.server.feeding.FeedingRecord sendPlayerStartGameMsg [playerId=53030, prey=false, _predatorIndex=]
2009-05-07 16:15:34,433 ERROR: vampire.server.feeding.FeedingRecord sendPlayerStartGameMsg [playerId=33511, prey=true, _predatorIndex=]
2009-05-07 16:15:34,433 ERROR: vampire.server.feeding.FeedingRecord sendPlayerStartGameMsg [playerId=1892, prey=false, _predatorIndex=]
2009-05-07 16:15:43,773 ERROR: vampire.server.feeding.FeedingRecord sendPlayerStartGameMsg [playerId=145609, prey=true, _predatorIndex=]
2009-05-07 16:15:43,774 ERROR: vampire.server.feeding.FeedingRecord sendPlayerStartGameMsg [playerId=63415, prey=false, _predatorIndex=]
2009-05-07 16:15:53,888 ERROR: vampire.server.feeding.FeedingRecord sendPlayerStartGameMsg [playerId=1028958, prey=false, _predatorIndex=63415]
2009-05-07 16:16:14,090 ERROR: vampire.server.feeding.FeedingRecord sendPlayerStartGameMsg [playerId=1118266, prey=true, _predatorIndex=]
2009-05-07 16:16:14,090 ERROR: vampire.server.feeding.FeedingRecord sendPlayerStartGameMsg [playerId=1028958, prey=false, _predatorIndex=]
2009-05-07 16:16:25,243 ERROR: vampire.server.feeding.FeedingRecord sendPlayerStartGameMsg [playerId=291380, prey=false, _predatorIndex=1005664]

>>>>BeginStats

>>>>BeginTable
PlayerId, StartTime, EndTime, ProgenyPayout, XPFromFeeding, FeedingGames, MeanFeedingScore, BloodBond, Progeny, GrandProgeny, Sire, Level, Invites
100300, 1241738143055, , 0, 0, 0, 0, 0, 1, 0, 447249, 4, 0
1005664, 1241735346646, , 0, 3191, 19, 179.57894736842104, 0, 0, 0, 336694, 3, 0
100849, 1241729179138, 1241729197995, 0, 0, 0, 0, 0, 0, 0, 0, 1, 0
101052, 1241726208782, 1241726417041, 0, 318, 1, 318, 336524, 7, 1, 552702, 7, 2
1016090, 1241733084060, 1241736248438, 0, 0, 0, 0, 0, 0, 0, 0, 1, 
10184, , , 23.55, 0, 0, 0, 0, 4, 10, 86605, , 
1023833, 1241726575164, 1241726671724, 0, 0, 0, 0, 0, 0, 0, 0, 1, 
10260, 1241727433949, 1241728129259, 15.100000000000001, 820, 2, 348, 8527, 10, 9, 713, 15, 2
102613, , , 32.900000000000006, 0, 0, 0, 0, 1, 0, 39171, , 
1028958, 1241738067245, , 0, 0, 0, 0, 0, 0, 0, 0, 1, 0
103033, 1241734808780, 1241735593731, 0, 166, 1, 188, 767143, 12, 14, 81899, 6, 1
103144, , , 348.30000000000007, 0, 0, 0, 0, 5, 8, 116005, , 
1031623, 1241730783205, 1241730859986, 0, 52, 1, 104, 1011089, 0, 0, 1261178, 4, 
1032421, 1241730767727, 1241731955241, 0, 0, 0, 0, 0, 8, 1, 990799, 7, 1
1043, , , 16.450000000000003, 0, 0, 0, 0, 1, 1, 12, , 
1053441, 1241729359605, 1241729725220, 0, 0, 0, 0, 0, 0, 0, 124457, 1, 
1062, 1241735573789, , 0, 15805, 29, 513.2413793103447, 54776, 11, 7, 713, 16, 2
1062853, , , 252.45000000000002, 0, 0, 0, 0, 9, 19, 1124214, , 
10642, 1241729053383, 1241732761623, 42.1, 3613, 6, 568.3333333333334, 447249, 32, 46, 351598, 15, 2
1089041, 1241738036361, , 0, 151, 1, 87, 0, 0, 0, 10260, 3, 0
1092321, , , 240.7, 0, 0, 0, 0, 29, 25, 35568, , 
109238, 1241734510797, 1241734734552, 0, 307, 1, 114, 0, 0, 0, 592692, 2, 
1101, , , 86.80000000000001, 0, 0, 0, 0, 2, 16, 239981, , 
1103506, 1241735413830, 1241737383548, 0, 1824, 10, 167.1, 0, 0, 0, 1062853, 3, 
110735, 1241735742669, 1241737823223, 0, 358, 4, 86.5, 0, 0, 0, 408501, 2, 
1109257, 1241731543094, 1241731548599, 0, 0, 0, 0, 0, 0, 0, 0, 1, 
1110327, 1241734994222, 1241735772530, 0, 2154, 13, 165.30769230769232, 0, 0, 0, 336524, 3, 
1110484, 1241727317513, 1241727932459, 0, 1401, 4, 382.25, 153097, 0, 0, 153097, 4, 
1111437, 1241736582316, 1241737315002, 53.8, 738, 5, 108, 0, 2, 0, 70997, 2, 
1114950, 1241734387246, 1241734467315, 0, 0, 0, 0, 0, 0, 0, 217283, 1, 
1118266, 1241737182671, , 0, 528, 4, 204.5, 0, 0, 0, 52818, 2, 0
1121763, 1241736227621, 1241736247772, 0, 0, 0, 0, 0, 0, 0, 0, 1, 
1122449, , , 26.650000000000002, 0, 0, 0, 0, 10, 7, 555728, , 
1124126, 1241727372598, 1241727380351, 0, 0, 0, 0, 0, 0, 0, 771625, 1, 
1124214, , , 91.2, 0, 0, 0, 0, 6, 9, 1122449, , 
1126492, 1241738104960, , 0, 0, 0, 0, 0, 0, 0, 5522, 1, 0
112953, , , 50.3, 0, 0, 0, 0, 3, 7, 241176, , 
1138221, 1241730748629, 1241732754587, 0, 2037, 6, 186.66666666666666, 1283799, 0, 0, 269484, 4, 
1148755, , , 22.1, 0, 0, 0, 0, 21, 1, 1092321, , 
1152211, , , 17.8, 0, 0, 0, 0, 1, 3, 452296, , 
1152360, 1241734857903, 1241735082627, 0, 336, 1, 206, 0, 0, 0, 70997, 4, 
1154088, 1241736585538, 1241736609813, 0, 0, 0, 0, 0, 0, 0, 0, 1, 
1155409, , , 2.6, 0, 0, 0, 0, 1, 6, 674637, , 
1156985, 1241736980577, 1241737943281, 0, 131, 1, 76, 0, 0, 0, 217283, 1, 
115917, 1241728619158, 1241730829796, 0, 648, 3, 122, 0, 0, 0, 3504, 3, 0
116005, , , 174.15000000000003, 0, 0, 0, 0, 6, 5, 130627, , 
1162172, 1241735036825, 1241736120823, 0, 601, 2, 177.5, 1181188, 0, 0, 835426, 4, 
1168169, 1241733209982, 1241733919685, 0, 0, 0, 0, 0, 0, 0, 0, 1, 
1178289, 1241732483912, 1241733005094, 0, 390, 3, 134.66666666666666, 0, 0, 0, 0, 1, 
1181457, 1241735877142, 1241735964297, 0, 0, 0, 0, 0, 0, 0, 0, 1, 
118975, 1241733468056, 1241733664514, 0, 0, 0, 0, 0, 1, 1, 160138, 12, 2
12, , , 963.9500000000003, 0, 0, 0, 0, 20, 84, 383387, , 
1214279, 1241733428523, 1241734250536, 0, 178, 2, 104, 0, 3, 0, 1152211, 3, 
1217415, 1241731457617, 1241732201410, 0, 0, 0, 0, 0, 0, 0, 0, 1, 
1227346, 1241732798136, 1241732903235, 0, 0, 0, 0, 0, 0, 0, 0, 1, 
122823, 1241735149012, 1241735180288, 0, 166, 1, 144, 0, 0, 0, 61609, 2, 0
122907, , , 195.4, 0, 0, 0, 0, 6, 10, 251062, , 
1231039, 1241730866120, 1241731304214, 0, 125, 1, 125, 0, 0, 0, 0, 1, 
123244, , , 55, 0, 0, 0, 0, 1, 1, 123662, , 
123662, , , 22.5, 0, 0, 0, 0, 8, 1, 167153, , 
1251906, 1241728991657, 1241729011995, 0, 0, 0, 0, 0, 0, 0, 162239, 2, 
125207, 1241733260561, 1241733320724, 0, 0, 0, 0, 273503, 1, 0, 544643, 4, 0
125347, 1241736712700, 1241736856276, 0, 109, 1, 109, 0, 1, 0, 561527, 1, 0
1254611, 1241736151210, 1241737246290, 0, 221, 2, 113, 0, 0, 0, 1148755, 2, 
1254726, 1241728951725, 1241730580791, 0, 418, 2, 125.5, 1111604, 0, 0, 502119, 3, 
1255618, 1241727553683, 1241728163230, 0, 533, 3, 116.66666666666667, 0, 2, 0, 206148, 3, 
1261178, , , 5.2, 0, 0, 0, 0, 6, 0, 1155409, , 
1265, , , 152.90000000000003, 0, 0, 0, 0, 15, 30, 12, , 
127073, 1241734205371, 1241735454056, 0, 1055, 4, 146.25, 0, 1, 0, 155161, 5, 1
1273588, 1241735017359, 1241735342518, 0, 297, 2, 103, 0, 0, 0, 0, 1, 
1273954, 1241736692766, 1241737277279, 0, 359, 3, 119, 0, 0, 0, 4139, 2, 
1274543, 1241736736316, 1241736855573, 0, 0, 0, 0, 0, 0, 0, 125347, 1, 
1275242, 1241728452067, 1241728470298, 0, 0, 0, 0, 0, 0, 0, 0, 1, 
1275561, 1241732261574, 1241732363203, 0, 161, 1, 161, 0, 0, 0, 772113, 1, 
1276975, 1241726994240, 1241727002137, 0, 0, 0, 0, 0, 0, 0, 0, 1, 
12770, , , 8.75, 0, 0, 0, 0, 23, 31, 383387, , 
1278011, 1241736142274, 1241736786415, 0, 0, 0, 0, 0, 0, 0, 0, 1, 
1278376, 1241733313241, 1241733563203, 0, 0, 0, 0, 0, 0, 0, 0, 1, 
1279627, 1241728939426, 1241729387800, 0, 285, 2, 142.5, 0, 0, 0, 524637, 2, 
128025, 1241729383319, 1241729392365, 0, 0, 0, 0, 0, 0, 0, 233794, 2, 
1296070, 1241732767391, 1241733081952, 0, 0, 0, 0, 0, 0, 0, 0, 1, 
130244, , , 299.3, 0, 0, 0, 0, 3, 6, 237967, , 
130730, 1241729733171, 1241730438090, 0, 328, 2, 164, 0, 5, 0, 402642, 3, 5
1307350, 1241736882564, 1241736961195, 0, 0, 0, 0, 0, 0, 0, 0, 1, 
131858, , , 29, 0, 0, 0, 0, 1, 1, 130627, , 
1324295, 1241735975337, 1241736680907, 0, 102, 1, 102, 0, 0, 0, 0, 1, 
1324541, 1241737375741, 1241737400793, 0, 0, 0, 0, 0, 0, 0, 0, 1, 
1324545, 1241733849842, 1241733859985, 0, 0, 0, 0, 0, 0, 0, 0, 1, 
1324959, 1241735169044, 1241735930345, 0, 66, 1, 66, 0, 0, 0, 0, 1, 
134428, 1241734977435, 1241735363204, 0, 200, 2, 100.5, 0, 0, 0, 174055, 1, 
135526, , , 49.800000000000004, 0, 0, 0, 0, 11, 1, 162782, , 
136366, 1241734407943, 1241734411245, 0, 0, 0, 0, 0, 0, 0, 0, 1, 
136892, 1241735951392, 1241737823226, 0, 580, 4, 107.25, 0, 1, 0, 367411, 2, 0
143538, , , 14.100000000000001, 0, 0, 0, 0, 2, 23, 1531, , 
143937, 1241735389508, 1241735840576, 0, 0, 0, 0, 0, 0, 0, 7078, 4, 0
145609, 1241738101711, , 0, 0, 0, 0, 369307, 5, 4, 92300, 4, 0
147427, 1241736601711, 1241737082699, 0, 134, 1, 134, 0, 0, 0, 0, 1, 
147608, , , 5.45, 0, 0, 0, 0, 8, 2, 502119, , 
148695, 1241730579703, 1241730823871, 0, 0, 0, 0, 306511, 8, 7, 10642, 10, 4
152142, 1241732531037, 1241735833771, 0, 2327, 13, 153.30769230769232, 0, 0, 0, 90041, 2, 
153097, , , 140.1, 0, 0, 0, 0, 19, 0, 1062853, , 
154004, 1241733722645, 1241734163225, 0, 73, 1, 145, 561706, 10, 6, 90041, 4, 0
154238, 1241733970014, 1241734337072, 0, 234, 1, 234, 156489, 5, 4, 45129, 8, 2
155161, , , 105.50000000000001, 0, 0, 0, 0, 5, 1, 253373, , 
157713, 1241730232583, 1241737906089, 16, 1303, 12, 90, 0, 1, 0, 58859, 2, 
158630, , , 18.55, 0, 0, 0, 0, 5, 1, 304445, , 
159420, , , 67, 0, 0, 0, 0, 1, 6, 206649, , 
15975, 1241732319818, 1241732723226, 0, 167, 1, 81, 0, 0, 0, 0, 1, 
162782, , , 24.900000000000002, 0, 0, 0, 0, 7, 11, 36377, , 
163914, , , 22, 0, 0, 0, 0, 2, 2, 227953, , 
165133, 1241732240169, 1241732483357, 0, 75, 1, 78, 0, 0, 0, 206908, 2, 0
166371, , , 101.85000000000001, 0, 0, 0, 0, 4, 12, 267622, , 
16719, 1241728685979, 1241728809290, 0, 0, 0, 0, 0, 2, 1, 17790, 5, 3
171513, 1241726329124, 1241726366848, 0, 0, 0, 0, 0, 10, 7, 170191, 12, 2
172743, 1241735911947, 1241735915410, 0, 0, 0, 0, 0, 0, 0, 261567, 4, 0
173329, , , 390.3, 0, 0, 0, 0, 4, 6, 344937, , 
174055, 1241734532174, 1241735209759, 20, 450, 3, 134.33333333333334, 0, 1, 0, 123244, 2, 1
175120, 1241736210306, 1241736237989, 0, 0, 0, 0, 0, 0, 0, 1126061, 1, 
176911, 1241736976163, 1241737348495, 0, 117, 1, 117, 0, 0, 0, 0, 1, 
179687, , , 29.6, 0, 0, 0, 0, 3, 2, 24525, , 
179801, 1241729879342, 1241729884700, 0, 0, 0, 0, 0, 0, 0, 336024, 3, 0
1802, 1241730325319, 1241733008531, 0, 3483, 10, 403.7, 995, 7, 2, 103144, 12, 2
180378, 1241728938576, 1241729305447, 0, 0, 0, 0, 0, 0, 0, 0, 1, 
181264, , , 113.95000000000002, 0, 0, 0, 0, 2, 3, 3812, , 
181738, 1241737943041, 1241737963923, 0, 0, 0, 0, 0, 5, 4, 12791, 7, 5
187326, , , 60.10000000000001, 0, 0, 0, 0, 2, 0, 194202, , 
1892, 1241736819713, , 0, 1124, 7, 217.28571428571428, 33511, 20, 6, 995, 12, 2
193978, , , 115.2, 0, 0, 0, 0, 4, 4, 196206, , 
194202, , , 30.050000000000004, 0, 0, 0, 0, 2, 2, 102770, , 
195736, , , 107.70000000000003, 0, 0, 0, 0, 6, 27, 334835, , 
196206, , , 57.6, 0, 0, 0, 0, 4, 4, 157720, , 
196999, 1241732427669, 1241733035459, 0, 474, 4, 124, 0, 1, 0, 415271, 2, 
197371, 1241732752084, 1241735526349, 0, 2288, 13, 162.76923076923077, 0, 0, 0, 392522, 2, 
199427, , , 403.8, 0, 0, 0, 0, 1, 5, 208602, , 
199624, 1241736004016, 1241736832282, 0, 601, 3, 200.33333333333334, 0, 0, 0, 187326, 2, 
201981, 1241731847125, 1241733145660, 0, 0, 0, 0, 0, 0, 0, 0, 1, 
202350, 1241734249507, 1241734360965, 0, 0, 0, 0, 0, 0, 0, 0, 1, 
20260, , , 689.5000000000001, 0, 0, 0, 0, 18, 26, 12, , 
202762, 1241737856446, 1241737860217, 0, 0, 0, 0, 0, 2, 2, 39403, 6, 3
203309, 1241734818377, 1241734829982, 0, 0, 0, 0, 0, 0, 0, 68172, 2, 0
206148, , , 53.300000000000004, 0, 0, 0, 0, 1, 2, 1122449, , 
206908, , , 7.5, 0, 0, 0, 0, 1, 0, 337162, , 
20769, 1241737069382, 1241737142008, 0, 0, 0, 0, 0, 0, 0, 15920, 4, 0
208085, 1241729444263, 1241731523237, 0, 220, 1, 233, 0, 2, 0, 163914, 4, 0
208217, 1241734596330, 1241734943189, 0, 1996, 6, 366.8333333333333, 0, 2, 0, 1092321, 4, 
208602, , , 201.9, 0, 0, 0, 0, 7, 8, 351626, , 
21067, 1241726320765, 1241726529105, 0, 0, 0, 0, 0, 2, 45, 302907, 8, 4
217283, 1241728561187, 1241732473326, 409.30000000000007, 1340, 5, 309.6, 532467, 62, 26, 57393, 12, 24
22279, 1241736426237, 1241737131983, 0, 4067, 18, 256.55555555555554, 0, 0, 0, 0, 3, 
22707, , , 170.4, 0, 0, 0, 0, 7, 15, 8842, , 
227953, , , 11, 0, 0, 0, 0, 3, 2, 320570, , 
237967, , , 149.65, 0, 0, 0, 0, 1, 3, 336228, , 
239111, 1241726970718, 1241727034184, 0, 0, 0, 0, 0, 1, 1, 439277, 3, 0
239981, , , 43.400000000000006, 0, 0, 0, 0, 1, 2, 209944, , 
241176, , , 25.15, 0, 0, 0, 0, 1, 3, 12770, , 
24525, , , 14.8, 0, 0, 0, 0, 6, 3, 316097, , 
246356, , , 107.29999999999998, 0, 0, 0, 0, 5, 3, 54776, , 
247992, , , 16.400000000000002, 0, 0, 0, 0, 3, 4, 214539, , 
251062, , , 97.7, 0, 0, 0, 0, 6, 17, 296361, , 
253373, , , 52.75000000000001, 0, 0, 0, 0, 2, 5, 212370, , 
256680, 1241737429630, 1241738015755, 0, 238, 2, 119, 0, 0, 0, 0, 1, 
258210, 1241729133250, 1241729689928, 0, 0, 0, 0, 0, 0, 0, 66262, 4, 0
258951, 1241736602400, 1241736730788, 425.8, 0, 0, 0, 318242, 24, 33, 1265, 12, 17
259344, , , 57.39999999999999, 0, 0, 0, 0, 23, 12, 143538, , 
269484, , , 203.70000000000002, 0, 0, 0, 0, 11, 0, 166371, , 
2796, 1241730226854, 1241730443254, 0, 282, 1, 310, 132449, 5, 1, 259344, 5, 3
280406, 1241735640969, 1241735653727, 0, 0, 0, 0, 0, 0, 0, 556276, 1, 
282780, 1241734704311, 1241735814863, 0, 395, 2, 182, 0, 0, 0, 0, 1, 
283305, , , 15.350000000000001, 0, 0, 0, 0, 3, 10, 497122, , 
291380, 1241737888414, , 0, 0, 0, 0, 0, 0, 0, 178528, 1, 0
294285, 1241736567648, 1241736640293, 0, 0, 0, 0, 32654, 0, 0, 163484, 4, 0
295246, 1241729890566, 1241730094576, 0, 0, 0, 0, 83549, 1, 0, 159134, 4, 0
298666, , , 58.400000000000006, 0, 0, 0, 0, 7, 0, 259344, , 
311622, 1241737673062, , 0, 103, 1, 74, 0, 0, 0, 0, 1, 0
314390, 1241733092724, 1241733443249, 0, 108, 1, 108, 0, 0, 0, 0, 1, 0
33511, 1241737106346, , 0, 1073, 7, 106.71428571428571, 1892, 1, 0, 246356, 9, 4
336228, , , 4.3, 0, 0, 0, 0, 10, 15, 307471, , 
336524, , , 215.40000000000006, 0, 0, 0, 0, 26, 0, 195736, , 
336620, 1241734398982, 1241737214409, 0, 695, 7, 100, 0, 0, 0, 157713, 1, 
336694, , , 319.09999999999997, 0, 0, 0, 0, 2, 0, 338481, , 
337162, , , 3.75, 0, 0, 0, 0, 2, 1, 174526, , 
338481, , , 159.54999999999998, 0, 0, 0, 0, 5, 2, 370695, , 
344937, , , 195.15, 0, 0, 0, 0, 11, 6, 251062, , 
3504, , , 64.80000000000001, 0, 0, 0, 0, 4, 0, 5842, , 
351430, , , 8.6, 0, 0, 0, 0, 14, 0, 336228, , 
351598, , , 382.35, 0, 0, 0, 0, 1, 32, 359624, , 
35568, , , 99.8, 0, 0, 0, 0, 3, 29, 258951, , 
355945, 1241733092315, 1241733096388, 0, 0, 0, 0, 0, 0, 0, 403501, 3, 0
359624, , , 180.65000000000003, 0, 0, 0, 0, 4, 1, 201132, , 
361878, 1241736208777, 1241736212900, 0, 0, 0, 0, 0, 0, 0, 50669, 1, 0
365721, 1241728734725, 1241729543204, 0, 329, 3, 113, 0, 0, 0, 423714, 3, 1
367411, , , 58, 0, 0, 0, 0, 1, 1, 131858, , 
367452, , , 26.400000000000002, 0, 0, 0, 0, 6, 4, 127763, , 
372420, 1241735884049, 1241736052333, 0, 0, 0, 0, 0, 0, 0, 171151, 3, 0
377896, 1241737155099, 1241737165961, 0, 0, 0, 0, 0, 1, 0, 184754, 3, 0
3812, , , 50.45, 0, 0, 0, 0, 1, 2, 65584, , 
383249, 1241735975780, 1241737163243, 0, 1152, 7, 132.28571428571428, 0, 4, 1, 193978, 5, 1
388185, 1241738026789, , 0, 0, 0, 0, 0, 2, 2, 12770, 4, 0
39171, , , 16.450000000000003, 0, 0, 0, 0, 8, 1, 102770, , 
39180, 1241735516670, 1241736082196, 0, 175, 1, 193, 0, 7, 15, 68619, 7, 1
392522, 1241734588343, 1241737544896, 228.80000000000004, 1472, 10, 104.5, 0, 1, 0, 217283, 2, 
396113, , , 326.85000000000014, 0, 0, 0, 0, 2, 10, 44987, , 
397835, , , 53.7, 0, 0, 0, 0, 5, 35, 47379, , 
39986, 1241727330013, 1241727340598, 0, 0, 0, 0, 0, 0, 0, 0, 1, 
402642, , , 32.800000000000004, 0, 0, 0, 0, 4, 5, 247992, , 
40275, 1241727619322, 1241728430940, 0, 3903, 5, 866.8, 5842, 6, 0, 173329, 12, 6
408501, , , 35.800000000000004, 0, 0, 0, 0, 8, 22, 637936, , 
4139, , , 35.900000000000006, 0, 0, 0, 0, 24, 23, 713, , 
415271, , , 47.400000000000006, 0, 0, 0, 0, 11, 1, 66689, , 
419920, 1241735567091, 1241735645122, 0, 0, 0, 0, 0, 0, 0, 154384, 3, 
420097, , , 37.1, 0, 0, 0, 0, 1, 0, 158630, , 
421572, 1241733760248, , 0, 584, 6, 76.16666666666667, 0, 0, 0, 298666, 2, 0
423714, , , 32.900000000000006, 0, 0, 0, 0, 1, 0, 1043, , 
431598, 1241738076710, , 0, 0, 0, 0, 639914, 0, 0, 921283, 3, 0
432820, 1241737527763, 1241738063231, 26.1, 1009, 5, 159.2, 0, 3, 1, 181264, 6, 2
43386, 1241731085627, 1241732815545, 0, 2993, 8, 556.625, 106210, 6, 4, 130244, 8, 6
447249, 1241732795411, 1241733560698, 0, 4038, 7, 670, 10642, 5, 4, 199427, 15, 2
44987, , , 130.85000000000002, 0, 0, 0, 0, 2, 5, 12770, , 
45129, , , 23.400000000000002, 0, 0, 0, 0, 7, 5, 66842, , 
452296, , , 8.9, 0, 0, 0, 0, 1, 1, 103144, , 
502119, 1241733504759, 1241735308443, 41.800000000000004, 1412, 6, 286.5, 520359, 11, 14, 22707, 10, 2
503425, 1241731824944, 1241731847764, 0, 0, 0, 0, 430717, 0, 0, 39171, 4, 0
510740, , , 8.05, 0, 0, 0, 0, 70, 12, 534632, , 
524637, , , 28.5, 0, 0, 0, 0, 1, 0, 83320, , 
52818, , , 52.800000000000004, 0, 0, 0, 0, 4, 0, 367452, , 
53030, 1241735173698, , 0, 1954, 10, 300.6, 1092321, 10, 6, 122907, 14, 3
533, 1241727207642, 1241727642850, 0, 1530, 3, 510, 535, 10, 11, 20260, 14, 2
537110, 1241728953865, 1241729098998, 0, 0, 0, 0, 0, 0, 0, 171151, 1, 0
541655, , , 149.75000000000003, 0, 0, 0, 0, 1, 21, 126451, , 
54776, 1241736307077, , 53.64999999999999, 10730, 21, 542.9047619047619, 1062, 77, 33, 89757, 15, 3
54786, 1241730078541, 1241732192887, 0, 261, 2, 116.5, 0, 0, 0, 432820, 1, 
55009, 1241730974282, 1241731246624, 0, 0, 0, 0, 0, 1, 3, 309096, 4, 0
552702, , , 31.8, 0, 0, 0, 0, 5, 7, 92894, , 
555728, 1241730081556, 1241731711599, 0, 868, 2, 282, 828191, 16, 10, 1101, 4, 0
561527, , , 10.9, 0, 0, 0, 0, 1, 1, 147608, , 
57393, , , 281.45, 0, 0, 0, 0, 6, 66, 159420, , 
57893, 1241736892418, 1241736906637, 0, 0, 0, 0, 0, 0, 0, 24525, 1, 0
58022, 1241734600519, 1241734799160, 0, 0, 0, 0, 0, 4, 5, 175065, 4, 0
5842, , , 32.400000000000006, 0, 0, 0, 0, 2, 8, 344937, , 
58429, 1241731798946, 1241732719160, 0, 421, 4, 105.25, 0, 7, 5, 10642, 4, 
58859, 1241727340736, 1241731523240, 138.29999999999998, 2617, 9, 365.77777777777777, 43017, 10, 9, 396113, 14, 2
592692, , , 30.700000000000003, 0, 0, 0, 0, 10, 0, 283305, , 
59909, 1241734153709, 1241736983218, 0, 231, 2, 162.5, 0, 0, 0, 0, 1, 0
609318, 1241736306973, 1241737271228, 0, 471, 5, 81.8, 0, 0, 0, 99802, 2, 
609643, 1241733693448, 1241734344500, 0, 497, 4, 105.75, 0, 1, 0, 217283, 3, 
61045, , , 39.800000000000004, 0, 0, 0, 0, 7, 7, 74372, , 
612389, 1241736626497, 1241736716443, 0, 0, 0, 0, 0, 0, 0, 0, 1, 
616045, 1241732139698, 1241732351088, 0, 0, 0, 0, 0, 0, 0, 162782, 1, 
61609, , , 16.6, 0, 0, 0, 0, 4, 0, 22707, , 
624632, 1241727617066, 1241727863426, 0, 0, 0, 0, 0, 0, 0, 505544, 2, 
62783, 1241729004648, 1241729363197, 0, 796, 4, 163.75, 0, 0, 0, 86926, 4, 0
631791, 1241735771420, 1241735816841, 0, 0, 0, 0, 0, 0, 0, 0, 1, 
63415, 1241735405530, , 0, 2995, 11, 326, 0, 10, 1, 8938, 5, 2
637936, , , 17.900000000000002, 0, 0, 0, 0, 3, 8, 217283, , 
638292, 1241733600353, 1241733791137, 0, 98, 1, 98, 0, 0, 0, 0, 1, 
66689, , , 23.700000000000003, 0, 0, 0, 0, 4, 11, 124585, , 
66842, , , 11.700000000000001, 0, 0, 0, 0, 1, 7, 153510, , 
67841, 1241734176672, 1241734456540, 0, 0, 0, 0, 0, 0, 0, 0, 1, 
68523, 1241730528439, 1241731997534, 0, 86, 1, 86, 0, 0, 0, 351430, 2, 
68619, , , 17.5, 0, 0, 0, 0, 8, 9, 12770, , 
70040, 1241737712673, 1241737767702, 0, 0, 0, 0, 0, 0, 0, 0, 1, 
703094, 1241728180905, 1241729197528, 0, 0, 0, 0, 0, 0, 0, 53030, 3, 
70997, , , 134.29999999999998, 0, 0, 0, 0, 35, 3, 397835, , 
713, 1241735850299, , 1688.0000000000005, 0, 0, 0, 1265, 11, 78, 12, 19, 6
71724, 1241728710261, 1241728784500, 0, 0, 0, 0, 3200, 22, 6, 94103, 12, 4
74412, 1241728529516, 1241729603199, 0, 329, 3, 132.33333333333334, 171193, 0, 0, 102613, 4, 0
746079, 1241730274535, 1241730283681, 0, 0, 0, 0, 0, 0, 0, 0, 1, 
764326, 1241733774361, 1241734039878, 0, 0, 0, 0, 0, 0, 0, 140986, 1, 
76572, 1241733566132, 1241735047913, 0, 296, 2, 148, 0, 1, 0, 179687, 3, 0
77, 1241730864849, 1241731166268, 0, 0, 0, 0, 171151, 11, 2, 12770, 14, 2
772113, , , 16.1, 0, 0, 0, 0, 1, 0, 510740, , 
802319, , , 8.3, 0, 0, 0, 0, 2, 6, 773108, , 
80646, 1241735772771, 1241736324888, 0, 0, 0, 0, 204792, 1, 0, 1148755, 4, 
80770, 1241736089218, 1241736728036, 0, 191, 2, 95.5, 0, 0, 0, 0, 1, 
81454, 1241733502465, 1241733623198, 0, 0, 0, 0, 0, 0, 0, 0, 1, 
81899, , , 16.6, 0, 0, 0, 0, 6, 12, 802319, , 
82485, 1241736751639, 1241738019151, 0, 654, 5, 139, 0, 0, 0, 1111437, 1, 
83320, , , 14.25, 0, 0, 0, 0, 4, 1, 96838, , 
835426, , , 60.1, 0, 0, 0, 0, 2, 0, 1092321, , 
83621, 1241732209581, 1241732613917, 0, 503, 2, 359.5, 0, 0, 0, 112953, 4, 0
839421, 1241736430888, 1241736639394, 0, 0, 0, 0, 0, 0, 0, 0, 1, 
84076, 1241730295051, 1241731661511, 0, 772, 5, 113.2, 0, 0, 0, 217283, 1, 
84294, 1241734987624, 1241735783206, 0, 0, 0, 0, 0, 0, 0, 0, 1, 
867669, 1241736904150, 1241737020080, 0, 0, 0, 0, 0, 0, 0, 227147, 2, 
86926, , , 79.60000000000001, 0, 0, 0, 0, 7, 0, 61045, , 
8842, , , 70.6, 0, 0, 0, 0, 12, 9, 1531, , 
8938, , , 299.50000000000006, 0, 0, 0, 0, 21, 11, 541655, , 
89757, , , 1073.0000000000002, 0, 0, 0, 0, 3, 77, 20260, , 
90041, 1241731492673, 1241734583215, 240, 3058, 8, 434.875, 175933, 10, 10, 258951, 12, 14
913044, 1241729487285, 1241730023242, 0, 173, 1, 100, 0, 0, 0, 217283, 1, 
926905, 1241734177053, , 0, 0, 0, 0, 0, 0, 0, 438751, 3, 0
92894, , , 15.9, 0, 0, 0, 0, 1, 5, 106082, , 
93412, 1241732069685, 1241732749152, 0, 371, 3, 122.33333333333333, 0, 0, 0, 420097, 3, 0
941889, 1241735350199, 1241735507628, 0, 0, 0, 0, 0, 0, 0, 0, 1, 
967846, 1241729113421, 1241729123858, 0, 0, 0, 0, 0, 0, 0, 0, 1, 
971101, 1241737288686, , 0, 498, 3, 147.33333333333334, 0, 1, 0, 135526, 3, 0
98240, 1241728050714, 1241728105758, 0, 0, 0, 0, 0, 0, 0, 0, 1, 0
982699, 1241729521544, 1241729537430, 0, 0, 0, 0, 0, 0, 0, 0, 1, 
985962, 1241727345135, 1241728078910, 0, 0, 0, 0, 0, 0, 0, 0, 1, 
995, , , 112.4, 0, 0, 0, 0, 13, 20, 12, , 
99802, , , 47.1, 0, 0, 0, 0, 10, 0, 10184, , 
<<<<EndTable

PlayersOnlineNow=21
PlayersOnlineEachMinute=0, 1, 2, 3, 2, 2, 3, 3, 3, 4, 3, 3, 3, 4, 3, 3, 4, 5, 4, 7, 7, 8, 8, 9, 9, 9, 9, 9, 8, 7, 8, 9, 7, 7, 6, 6, 6, 6, 7, 7, 8, 9, 11, 11, 10, 10, 14, 15, 17, 15, 14, 15, 15, 15, 15, 16, 15, 14, 14, 14, 14, 14, 15, 15, 14, 14, 15, 15, 18, 21, 21, 19, 19, 19, 19, 20, 19, 20, 20, 20, 22, 20, 22, 21, 20, 19, 20, 19, 21, 22, 21, 20, 19, 17, 20, 18, 17, 16, 18, 19, 17, 20, 22, 23, 23, 21, 21, 20, 20, 20, 17, 16, 15, 15, 16, 16, 14, 15, 17, 16, 17, 18, 20, 19, 18, 17, 19, 20, 19, 18, 21, 20, 19, 20, 21, 21, 16, 19, 16, 18, 20, 22, 23, 21, 21, 22, 21, 24, 22, 22, 24, 22, 23, 21, 26, 24, 25, 24, 23, 23, 22, 19, 22, 24, 26, 21, 23, 24, 21, 24, 24, 25, 25, 28, 27, 27, 28, 27, 25, 26, 26, 25, 27, 24, 22, 21, 19, 18, 19, 19, 19, 19, 21, 20, 18, 19, 18, 17, 18, 21
PlayersInEachFeedingGame=1, 1, 1, 1, 1, 1, 1, 2, 1, 2, 2, 2, 2, 1, 1, 2, 2, 2, 1, 2, 2, 2, 1, 2, 1, 2, 2, 1, 2, 2, 2, 2, 2, 1, 1, 1, 1, 1, 2, 2, 1, 2, 2, 2, 2, 1, 1, 2, 2, 2, 1, 1, 2, 2, 2, 2, 2, 2, 2, 2, 2, 2, 1, 2, 1, 2, 1, 1, 4, 1, 1, 2, 1, 1, 3, 1, 2, 1, 2, 1, 2, 2, 1, 2, 1, 1, 1, 2, 2, 1, 2, 1, 1, 1, 1, 2, 2, 1, 2, 1, 2, 1, 1, 2, 1, 1, 1, 1, 1, 1, 1, 1, 2, 2, 1, 2, 1, 1, 2, 1, 1, 2, 1, 1, 1, 2, 2, 1, 2, 2, 2, 1, 1, 2, 1, 2, 1, 2, 1, 1, 1, 2, 2, 2, 1, 1, 2, 2, 1, 2, 2, 1, 2, 2, 2, 2, 1, 2, 2, 2, 1, 2, 2, 2, 2, 1, 2, 1, 2, 2, 1, 2, 1, 2, 1, 2, 2, 1, 2, 1, 2, 2, 1, 1, 1, 2, 1, 2, 1, 1, 2, 2, 2, 3, 1, 1, 2, 1, 1, 2, 1, 2, 2, 2, 2, 2, 2
PlayersStarted=305
PlayersQuit=284
StatsStartTime=1241726206709
StatsDumpTime=1241738207536
<<<<EndStats
2009-05-07 16:17:50,463 ERROR: vampire.server.feeding.FeedingRecord sendPlayerStartGameMsg [playerId=118179, prey=false, _predatorIndex=]
2009-05-07 16:19:01,917 ERROR: vampire.server.feeding.FeedingRecord sendPlayerStartGameMsg [playerId=100300, prey=true, _predatorIndex=]
2009-05-07 16:19:01,918 ERROR: vampire.server.feeding.FeedingRecord sendPlayerStartGameMsg [playerId=1028958, prey=false, _predatorIndex=]
2009-05-07 16:19:08,492 ERROR: vampire.server.feeding.FeedingRecord sendPlayerStartGameMsg [playerId=421572, prey=true, _predatorIndex=]
2009-05-07 16:19:08,493 ERROR: vampire.server.feeding.FeedingRecord sendPlayerStartGameMsg [playerId=1089041, prey=false, _predatorIndex=]
2009-05-07 16:19:15,405 ERROR: vampire.server.feeding.FeedingRecord sendPlayerStartGameMsg [playerId=118179, prey=false, _predatorIndex=1028958]
2009-05-07 16:19:22,949 ERROR: vampire.server.feeding.FeedingRecord sendPlayerStartGameMsg [playerId=421572, prey=true, _predatorIndex=]
2009-05-07 16:19:22,950 ERROR: vampire.server.feeding.FeedingRecord sendPlayerStartGameMsg [playerId=1089041, prey=false, _predatorIndex=]
2009-05-07 16:19:28,038 ERROR: vampire.server.feeding.FeedingRecord sendPlayerStartGameMsg [playerId=118179, prey=false, _predatorIndex=]
2009-05-07 16:20:31,825 ERROR: vampire.server.feeding.FeedingRecord sendPlayerStartGameMsg [playerId=125261, prey=false, _predatorIndex=1028958,118179]
2009-05-07 16:21:27,022 ERROR: vampire.server.feeding.FeedingRecord sendPlayerStartGameMsg [playerId=1028958, prey=false, _predatorIndex=]
2009-05-07 16:21:37,696 ERROR: vampire.server.feeding.FeedingRecord sendPlayerStartGameMsg [playerId=388185, prey=true, _predatorIndex=]
2009-05-07 16:21:37,697 ERROR: vampire.server.feeding.FeedingRecord sendPlayerStartGameMsg [playerId=1118266, prey=false, _predatorIndex=]
2009-05-07 16:22:04,370 ERROR: vampire.server.feeding.FeedingRecord sendPlayerStartGameMsg [playerId=1089041, prey=false, _predatorIndex=]
2009-05-07 16:23:03,689 ERROR: vampire.server.feeding.FeedingRecord sendPlayerStartGameMsg [playerId=145609, prey=true, _predatorIndex=]
2009-05-07 16:23:03,689 ERROR: vampire.server.feeding.FeedingRecord sendPlayerStartGameMsg [playerId=1118266, prey=false, _predatorIndex=]
2009-05-07 16:24:26,831 ERROR: vampire.server.feeding.FeedingRecord sendPlayerStartGameMsg [playerId=971101, prey=true, _predatorIndex=]
2009-05-07 16:24:26,832 ERROR: vampire.server.feeding.FeedingRecord sendPlayerStartGameMsg [playerId=1089041, prey=false, _predatorIndex=]
2009-05-07 16:24:38,103 ERROR: vampire.server.feeding.FeedingRecord sendPlayerStartGameMsg [playerId=1028958, prey=false, _predatorIndex=]
2009-05-07 16:25:11,993 ERROR: vampire.server.feeding.FeedingRecord sendPlayerStartGameMsg [playerId=336620, prey=true, _predatorIndex=]
2009-05-07 16:25:11,993 ERROR: vampire.server.feeding.FeedingRecord sendPlayerStartGameMsg [playerId=157713, prey=false, _predatorIndex=]
2009-05-07 16:25:42,264 ERROR: vampire.server.feeding.FeedingRecord sendPlayerStartGameMsg [playerId=114959, prey=false, _predatorIndex=1089041]
2009-05-07 16:26:17,382 ERROR: vampire.server.feeding.FeedingRecord sendPlayerStartGameMsg [playerId=114959, prey=false, _predatorIndex=1089041,114959]

