
>>>>BeginStats

>>>>BeginTable
PlayerId, StartTime, EndTime, ProgenyPayout, XPFromFeeding, FeedingGames, MeanFeedingScore, BloodBond, Progeny, GrandProgeny, Sire, Level, Invites
100849, 1241729179138, 1241729197995, 0, 0, 0, 0, 0, 0, 0, 0, 1, 0
101052, 1241726208782, 1241726417041, 0, 318, 1, 318, 336524, 7, 1, 552702, 7, 2
1023833, 1241726575164, 1241726671724, 0, 0, 0, 0, 0, 0, 0, 0, 1, 
10260, 1241727433949, 1241728129259, 0, 820, 2, 348, 8527, 10, 9, 713, 15, 2
102613, , , 32.900000000000006, 0, 0, 0, 0, 1, 0, 39171, , 
103144, , , 140.60000000000002, 0, 0, 0, 0, 5, 7, 116005, , 
1031623, 1241730783205, 1241730859986, 0, 52, 1, 104, 1011089, 0, 0, 1261178, 4, 
1032421, 1241730767727, , 0, 0, 0, 0, 0, 8, 1, 990799, 7, 1
1043, , , 16.450000000000003, 0, 0, 0, 0, 1, 1, 12, , 
1053441, 1241729359605, 1241729725220, 0, 0, 0, 0, 0, 0, 0, 124457, 1, 
1062, 1241727135335, 1241729483203, 0, 8759, 13, 572.3846153846154, 54776, 11, 7, 713, 16, 2
1062853, , , 70.05, 0, 0, 0, 0, 9, 19, 1124214, , 
10642, 1241729053383, , 0, 3365, 5, 601.2, 447249, 32, 46, 351598, 15, 2
1101, , , 86.80000000000001, 0, 0, 0, 0, 2, 16, 239981, , 
1109257, 1241731543094, 1241731548599, 0, 0, 0, 0, 0, 0, 0, 0, 1, 
1110327, 1241729212707, 1241731021463, 0, 1555, 9, 162.22222222222223, 0, 0, 0, 336524, 2, 
1110484, 1241727317513, 1241727932459, 0, 1401, 4, 382.25, 153097, 0, 0, 153097, 4, 
1122449, , , 26.650000000000002, 0, 0, 0, 0, 10, 7, 555728, , 
1124126, 1241727372598, 1241727380351, 0, 0, 0, 0, 0, 0, 0, 771625, 1, 
1138221, 1241730748629, , 0, 789, 3, 188, 1283799, 0, 0, 269484, 4, 0
1155409, , , 2.6, 0, 0, 0, 0, 1, 6, 674637, , 
115917, 1241728619158, 1241730829796, 0, 648, 3, 122, 0, 0, 0, 3504, 3, 0
116005, , , 70.30000000000001, 0, 0, 0, 0, 6, 5, 130627, , 
12, , , 555.45, 0, 0, 0, 0, 20, 56, 383387, , 
1217415, 1241731457617, , 0, 0, 0, 0, 0, 0, 0, 0, 1, 0
1231039, 1241730866120, 1241731304214, 0, 125, 1, 125, 0, 0, 0, 0, 1, 
1251906, 1241728991657, 1241729011995, 0, 0, 0, 0, 0, 0, 0, 162239, 2, 
1254726, 1241728951725, 1241730580791, 0, 418, 2, 125.5, 1111604, 0, 0, 502119, 3, 
1255618, 1241727553683, 1241728163230, 0, 533, 3, 116.66666666666667, 0, 2, 0, 206148, 3, 
1261178, , , 5.2, 0, 0, 0, 0, 6, 0, 1155409, , 
1265, , , 17.1, 0, 0, 0, 0, 2, 30, 12, , 
127073, 1241731332675, , 0, 359, 1, 118, 0, 1, 0, 155161, 5, 1
1275242, 1241728452067, 1241728470298, 0, 0, 0, 0, 0, 0, 0, 0, 1, 
1275561, 1241731477059, , 0, 161, 1, 161, 0, 0, 0, 772113, 1, 0
1276975, 1241726994240, 1241727002137, 0, 0, 0, 0, 0, 0, 0, 0, 1, 
1279627, 1241728939426, 1241729387800, 0, 285, 2, 142.5, 0, 0, 0, 524637, 2, 
128025, 1241729383319, 1241729392365, 0, 0, 0, 0, 0, 0, 0, 233794, 2, 
130244, , , 75.7, 0, 0, 0, 0, 3, 6, 237967, , 
130730, 1241729733171, 1241730438090, 0, 328, 2, 164, 0, 5, 0, 402642, 3, 5
143538, , , 14.100000000000001, 0, 0, 0, 0, 2, 23, 1531, , 
148695, 1241730579703, 1241730823871, 0, 0, 0, 0, 306511, 8, 7, 10642, 10, 4
153097, , , 140.1, 0, 0, 0, 0, 19, 0, 1062853, , 
155161, , , 35.9, 0, 0, 0, 0, 5, 1, 253373, , 
157713, 1241730232583, , 0, 581, 4, 112.25, 0, 0, 0, 58859, 1, 0
159420, , , 67, 0, 0, 0, 0, 1, 6, 206649, , 
163914, , , 22, 0, 0, 0, 0, 2, 2, 227953, , 
166371, , , 39.45, 0, 0, 0, 0, 4, 12, 267622, , 
16719, 1241728685979, 1241728809290, 0, 0, 0, 0, 0, 2, 1, 17790, 5, 3
171513, 1241726329124, 1241726366848, 0, 0, 0, 0, 0, 10, 7, 170191, 12, 2
173329, , , 390.3, 0, 0, 0, 0, 4, 6, 344937, , 
179801, 1241729879342, 1241729884700, 0, 0, 0, 0, 0, 0, 0, 336024, 3, 0
1802, 1241730325319, , 0, 1406, 5, 425.8, 995, 7, 2, 103144, 12, 2
180378, 1241728938576, 1241729305447, 0, 0, 0, 0, 0, 0, 0, 0, 1, 
181264, , , 113.95000000000002, 0, 0, 0, 0, 2, 3, 3812, , 
1892, 1241730307042, 1241730392832, 0, 0, 0, 0, 33511, 20, 6, 995, 12, 2
195736, , , 77.75000000000001, 0, 0, 0, 0, 6, 27, 334835, , 
196999, 1241730481272, 1241730753116, 0, 132, 1, 132, 0, 1, 0, 415271, 2, 
197371, 1241731308212, , 0, 0, 0, 0, 0, 0, 0, 0, 1, 0
199427, , , 293.8, 0, 0, 0, 0, 1, 5, 208602, , 
20260, , , 411.4, 0, 0, 0, 0, 18, 26, 12, , 
206148, , , 53.300000000000004, 0, 0, 0, 0, 1, 2, 1122449, , 
208085, 1241729444263, 1241731523237, 0, 220, 1, 233, 0, 2, 0, 163914, 4, 0
208602, , , 146.9, 0, 0, 0, 0, 7, 8, 351626, , 
21067, 1241726320765, 1241726529105, 0, 0, 0, 0, 0, 2, 44, 302907, 8, 4
217283, 1241728561187, , 101.60000000000002, 1340, 5, 309.6, 532467, 60, 25, 57393, 12, 24
22707, , , 20.900000000000002, 0, 0, 0, 0, 1, 11, 8842, , 
227953, , , 11, 0, 0, 0, 0, 3, 2, 320570, , 
237967, , , 37.85, 0, 0, 0, 0, 1, 3, 336228, , 
239111, 1241726970718, 1241727034184, 0, 0, 0, 0, 0, 1, 1, 439277, 3, 0
239981, , , 43.400000000000006, 0, 0, 0, 0, 1, 2, 209944, , 
247992, , , 16.400000000000002, 0, 0, 0, 0, 3, 4, 214539, , 
253373, , , 17.95, 0, 0, 0, 0, 2, 5, 212370, , 
258210, 1241729133250, 1241729689928, 0, 0, 0, 0, 0, 0, 0, 66262, 4, 0
258951, , , 34.2, 0, 0, 0, 0, 24, 9, 1265, , 
259344, , , 28.200000000000003, 0, 0, 0, 0, 23, 5, 143538, , 
269484, , , 78.9, 0, 0, 0, 0, 11, 0, 166371, , 
2796, 1241730226854, 1241730443254, 0, 282, 1, 310, 132449, 5, 1, 259344, 5, 3
295246, 1241729890566, 1241730094576, 0, 0, 0, 0, 83549, 1, 0, 159134, 4, 0
336228, , , 4.3, 0, 0, 0, 0, 10, 15, 307471, , 
336524, , , 155.50000000000003, 0, 0, 0, 0, 26, 0, 195736, , 
344937, , , 195.15, 0, 0, 0, 0, 11, 5, 251062, , 
3504, , , 64.80000000000001, 0, 0, 0, 0, 4, 0, 5842, , 
351430, , , 8.6, 0, 0, 0, 0, 14, 0, 336228, , 
351598, , , 336.50000000000006, 0, 0, 0, 0, 1, 32, 359624, , 
359624, , , 168.25000000000003, 0, 0, 0, 0, 4, 1, 201132, , 
365721, 1241728734725, 1241729543204, 0, 329, 3, 113, 0, 0, 0, 423714, 3, 1
3812, , , 50.45, 0, 0, 0, 0, 1, 2, 65584, , 
383249, 1241728970396, 1241729123246, 0, 0, 0, 0, 0, 4, 1, 193978, 5, 1
39171, , , 16.450000000000003, 0, 0, 0, 0, 8, 1, 102770, , 
39180, 1241730653176, 1241730751859, 0, 0, 0, 0, 0, 7, 15, 68619, 7, 1
392522, 1241730394265, , 0, 359, 2, 87, 0, 0, 0, 217283, 1, 0
396113, , , 290.7500000000001, 0, 0, 0, 0, 2, 10, 44987, , 
39986, 1241727330013, 1241727340598, 0, 0, 0, 0, 0, 0, 0, 0, 1, 
402642, , , 32.800000000000004, 0, 0, 0, 0, 4, 5, 247992, , 
40275, 1241727619322, 1241728430940, 0, 3903, 5, 866.8, 5842, 6, 0, 173329, 12, 6
415271, , , 13.200000000000001, 0, 0, 0, 0, 11, 1, 66689, , 
423714, , , 32.900000000000006, 0, 0, 0, 0, 1, 0, 1043, , 
432820, 1241729500346, 1241731394817, 26.1, 1009, 5, 159.2, 0, 3, 1, 181264, 6, 2
43386, 1241731085627, , 0, 757, 2, 590.5, 106210, 6, 4, 130244, 8, 6
447249, 1241730278431, , 0, 2938, 4, 888.75, 10642, 5, 4, 199427, 15, 2
44987, , , 130.85000000000002, 0, 0, 0, 0, 2, 5, 12770, , 
502119, , , 41.800000000000004, 0, 0, 0, 0, 11, 0, 22707, , 
510740, , , 8.05, 0, 0, 0, 0, 70, 11, 534632, , 
524637, , , 28.5, 0, 0, 0, 0, 1, 0, 83320, , 
533, 1241727207642, 1241727642850, 0, 1530, 3, 510, 535, 10, 11, 20260, 14, 2
537110, 1241728953865, 1241729098998, 0, 0, 0, 0, 0, 0, 0, 171151, 1, 0
541655, , , 46.800000000000004, 0, 0, 0, 0, 1, 21, 126451, , 
54776, 1241730261370, , 0, 5168, 10, 611, 1062, 77, 33, 89757, 15, 3
54786, 1241730078541, , 0, 261, 2, 116.5, 0, 0, 0, 432820, 1, 0
55009, 1241730974282, 1241731246624, 0, 0, 0, 0, 0, 1, 3, 309096, 4, 0
552702, , , 31.8, 0, 0, 0, 0, 5, 7, 92894, , 
555728, 1241730081556, , 0, 868, 2, 282, 828191, 16, 10, 1101, 4, 0
57393, , , 184.8, 0, 0, 0, 0, 6, 63, 159420, , 
5842, , , 32.400000000000006, 0, 0, 0, 0, 1, 4, 344937, , 
58429, 1241731547576, , 0, 0, 0, 0, 0, 7, 5, 10642, 4, 0
58859, 1241727340736, 1241731523240, 58.10000000000001, 2617, 9, 365.77777777777777, 43017, 10, 8, 396113, 14, 2
61045, , , 39.800000000000004, 0, 0, 0, 0, 7, 7, 74372, , 
624632, 1241727617066, 1241727863426, 0, 0, 0, 0, 0, 0, 0, 505544, 2, 
62783, 1241729004648, 1241729363197, 0, 796, 4, 163.75, 0, 0, 0, 86926, 4, 0
63415, 1241730130044, , 0, 936, 3, 347.6666666666667, 0, 10, 1, 8938, 5, 2
66689, , , 6.6000000000000005, 0, 0, 0, 0, 4, 11, 124585, , 
68523, 1241730528439, , 0, 86, 1, 86, 0, 0, 0, 351430, 2, 0
703094, 1241728180905, 1241729197528, 0, 0, 0, 0, 0, 0, 0, 53030, 3, 
713, , , 957.9000000000001, 0, 0, 0, 0, 11, 23, 12, , 
71724, 1241728710261, 1241728784500, 0, 0, 0, 0, 3200, 22, 6, 94103, 12, 4
74412, 1241728529516, 1241729603199, 0, 329, 3, 132.33333333333334, 171193, 0, 0, 102613, 4, 0
746079, 1241730274535, 1241730283681, 0, 0, 0, 0, 0, 0, 0, 0, 1, 
77, 1241730864849, 1241731166268, 0, 0, 0, 0, 171151, 11, 2, 12770, 14, 2
772113, , , 16.1, 0, 0, 0, 0, 1, 0, 510740, , 
83320, , , 14.25, 0, 0, 0, 0, 4, 1, 96838, , 
84076, 1241730295051, , 0, 580, 4, 117, 0, 0, 0, 217283, 1, 0
86926, , , 79.60000000000001, 0, 0, 0, 0, 7, 0, 61045, , 
8938, , , 93.60000000000001, 0, 0, 0, 0, 21, 10, 541655, , 
89757, , , 516.8000000000001, 0, 0, 0, 0, 3, 77, 20260, , 
90041, 1241731492673, , 0, 342, 1, 525, 175933, 9, 10, 258951, 12, 14
913044, 1241729487285, 1241730023242, 0, 173, 1, 100, 0, 0, 0, 217283, 1, 
92894, , , 15.9, 0, 0, 0, 0, 1, 5, 106082, , 
967846, 1241729113421, 1241729123858, 0, 0, 0, 0, 0, 0, 0, 0, 1, 
98240, 1241728050714, 1241728105758, 0, 0, 0, 0, 0, 0, 0, 0, 1, 0
982699, 1241729521544, 1241729537430, 0, 0, 0, 0, 0, 0, 0, 0, 1, 
985962, 1241727345135, 1241728078910, 0, 0, 0, 0, 0, 0, 0, 0, 1, 
<<<<EndTable

PlayersOnlineNow=21
PlayersOnlineEachMinute=0, 1, 2, 3, 2, 2, 3, 3, 3, 4, 3, 3, 3, 4, 3, 3, 4, 5, 4, 7, 7, 8, 8, 9, 9, 9, 9, 9, 8, 7, 8, 9, 7, 7, 6, 6, 6, 6, 7, 7, 8, 9, 11, 11, 10, 10, 14, 15, 17, 15, 14, 15, 15, 15, 15, 16, 15, 14, 14, 14, 14, 14, 15, 15, 14, 14, 15, 15, 18, 21, 21, 19, 19, 19, 19, 20, 19, 20, 20, 20, 22, 20, 22, 21, 20, 19, 20, 19, 21, 22
PlayersInEachFeedingGame=1, 1, 1, 1, 1, 1, 1, 2, 1, 2, 2, 2, 2, 1, 1, 2, 2, 2, 1, 2, 2, 2, 1, 2, 1, 2, 2, 1, 2, 2, 2, 2, 2, 1, 1, 1, 1, 1, 2, 2, 1, 2, 2, 2, 2, 1, 1, 2, 2, 2, 1, 1, 2, 2, 2, 2, 2, 2, 2, 2, 2
PlayersStarted=110
PlayersQuit=89
StatsStartTime=1241726206709
StatsDumpTime=1241731606973
<<<<EndStats
2009-05-07 14:26:51,186 ERROR: vampire.server.feeding.FeedingRecord sendPlayerStartGameMsg [playerId=1802, prey=true, _predatorIndex=]
2009-05-07 14:26:51,186 ERROR: vampire.server.feeding.FeedingRecord sendPlayerStartGameMsg [playerId=90041, prey=false, _predatorIndex=]
2009-05-07 14:27:42,623 ERROR: vampire.server.feeding.FeedingRecord sendPlayerStartGameMsg [playerId=43386, prey=false, _predatorIndex=90041]
2009-05-07 14:27:50,913 ERROR: vampire.server.feeding.FeedingRecord sendPlayerStartGameMsg [playerId=63415, prey=false, _predatorIndex=]
2009-05-07 14:30:35,080 ERROR: vampire.server.feeding.FeedingRecord sendPlayerStartGameMsg [playerId=1032421, prey=false, _predatorIndex=157713]
2009-05-07 14:30:36,575 ERROR: vampire.server.feeding.FeedingRecord sendPlayerStartGameMsg [playerId=1138221, prey=true, _predatorIndex=]
2009-05-07 14:30:36,576 ERROR: vampire.server.feeding.FeedingRecord sendPlayerStartGameMsg [playerId=90041, prey=false, _predatorIndex=]
2009-05-07 14:31:00,029 ERROR: vampire.server.feeding.FeedingRecord sendPlayerStartGameMsg [playerId=58429, prey=false, _predatorIndex=]
2009-05-07 14:31:30,905 ERROR: vampire.server.feeding.FeedingRecord sendPlayerStartGameMsg [playerId=43386, prey=true, _predatorIndex=]
2009-05-07 14:31:30,906 ERROR: vampire.server.feeding.FeedingRecord sendPlayerStartGameMsg [playerId=1802, prey=false, _predatorIndex=]
2009-05-07 14:31:54,634 ERROR: vampire.server.feeding.FeedingRecord sendPlayerStartGameMsg [playerId=201981, prey=false, _predatorIndex=]
2009-05-07 14:33:23,129 ERROR: vampire.server.feeding.FeedingRecord sendPlayerStartGameMsg [playerId=58429, prey=false, _predatorIndex=]
2009-05-07 14:34:16,909 ERROR: vampire.server.feeding.FeedingRecord sendPlayerStartGameMsg [playerId=43386, prey=true, _predatorIndex=]
2009-05-07 14:34:16,909 ERROR: vampire.server.feeding.FeedingRecord sendPlayerStartGameMsg [playerId=90041, prey=false, _predatorIndex=]
2009-05-07 14:34:21,224 ERROR: vampire.server.feeding.FeedingRecord sendPlayerStartGameMsg [playerId=1802, prey=false, _predatorIndex=90041]
2009-05-07 14:34:23,996 ERROR: vampire.server.feeding.FeedingRecord sendPlayerStartGameMsg [playerId=1138221, prey=false, _predatorIndex=90041,1802]
2009-05-07 14:34:36,489 ERROR: vampire.server.feeding.FeedingRecord sendPlayerStartGameMsg [playerId=93412, prey=false, _predatorIndex=]
2009-05-07 14:36:04,180 ERROR: vampire.server.feeding.FeedingRecord sendPlayerStartGameMsg [playerId=58429, prey=false, _predatorIndex=]

>>>>BeginStats

>>>>BeginTable
PlayerId, StartTime, EndTime, ProgenyPayout, XPFromFeeding, FeedingGames, MeanFeedingScore, BloodBond, Progeny, GrandProgeny, Sire, Level, Invites
100849, 1241729179138, 1241729197995, 0, 0, 0, 0, 0, 0, 0, 0, 1, 0
101052, 1241726208782, 1241726417041, 0, 318, 1, 318, 336524, 7, 1, 552702, 7, 2
1023833, 1241726575164, 1241726671724, 0, 0, 0, 0, 0, 0, 0, 0, 1, 
10260, 1241727433949, 1241728129259, 0, 820, 2, 348, 8527, 10, 9, 713, 15, 2
102613, , , 32.900000000000006, 0, 0, 0, 0, 1, 0, 39171, , 
103033, 1241731934534, 1241731957546, 0, 0, 0, 0, 767143, 12, 14, 81899, 6, 1
103144, , , 309.70000000000005, 0, 0, 0, 0, 5, 7, 116005, , 
1031623, 1241730783205, 1241730859986, 0, 52, 1, 104, 1011089, 0, 0, 1261178, 4, 
1032421, 1241730767727, 1241731955241, 0, 0, 0, 0, 0, 8, 1, 990799, 7, 1
1043, , , 16.450000000000003, 0, 0, 0, 0, 1, 1, 12, , 
1053441, 1241729359605, 1241729725220, 0, 0, 0, 0, 0, 0, 0, 124457, 1, 
1062, 1241727135335, 1241729483203, 0, 8759, 13, 572.3846153846154, 54776, 11, 7, 713, 16, 2
1062853, , , 70.05, 0, 0, 0, 0, 9, 19, 1124214, , 
10642, 1241729053383, , 25.200000000000003, 3365, 5, 601.2, 447249, 32, 46, 351598, 15, 2
1101, , , 86.80000000000001, 0, 0, 0, 0, 2, 16, 239981, , 
1109257, 1241731543094, 1241731548599, 0, 0, 0, 0, 0, 0, 0, 0, 1, 
1110327, 1241729212707, 1241731021463, 0, 1555, 9, 162.22222222222223, 0, 0, 0, 336524, 2, 
1110484, 1241727317513, 1241727932459, 0, 1401, 4, 382.25, 153097, 0, 0, 153097, 4, 
1122449, , , 26.650000000000002, 0, 0, 0, 0, 10, 7, 555728, , 
1124126, 1241727372598, 1241727380351, 0, 0, 0, 0, 0, 0, 0, 771625, 1, 
1138221, 1241730748629, , 0, 1651, 5, 171.8, 1283799, 0, 0, 269484, 4, 0
1152360, 1241732032783, , 0, 0, 0, 0, 0, 0, 0, 70997, 4, 0
1155409, , , 2.6, 0, 0, 0, 0, 1, 6, 674637, , 
115917, 1241728619158, 1241730829796, 0, 648, 3, 122, 0, 0, 0, 3504, 3, 0
116005, , , 154.85000000000002, 0, 0, 0, 0, 6, 5, 130627, , 
12, , , 555.45, 0, 0, 0, 0, 20, 56, 383387, , 
1217415, 1241731457617, 1241732201410, 0, 0, 0, 0, 0, 0, 0, 0, 1, 
1231039, 1241730866120, 1241731304214, 0, 125, 1, 125, 0, 0, 0, 0, 1, 
1251906, 1241728991657, 1241729011995, 0, 0, 0, 0, 0, 0, 0, 162239, 2, 
1254726, 1241728951725, 1241730580791, 0, 418, 2, 125.5, 1111604, 0, 0, 502119, 3, 
1255618, 1241727553683, 1241728163230, 0, 533, 3, 116.66666666666667, 0, 2, 0, 206148, 3, 
1261178, , , 5.2, 0, 0, 0, 0, 6, 0, 1155409, , 
1265, , , 80.25000000000001, 0, 0, 0, 0, 2, 30, 12, , 
127073, 1241731332675, 1241731940211, 0, 359, 1, 118, 0, 1, 0, 155161, 5, 1
1275242, 1241728452067, 1241728470298, 0, 0, 0, 0, 0, 0, 0, 0, 1, 
1275561, 1241731477059, 1241731763251, 0, 161, 1, 161, 0, 0, 0, 772113, 1, 
1276975, 1241726994240, 1241727002137, 0, 0, 0, 0, 0, 0, 0, 0, 1, 
1279627, 1241728939426, 1241729387800, 0, 285, 2, 142.5, 0, 0, 0, 524637, 2, 
128025, 1241729383319, 1241729392365, 0, 0, 0, 0, 0, 0, 0, 233794, 2, 
130244, , , 223.9, 0, 0, 0, 0, 3, 6, 237967, , 
130730, 1241729733171, 1241730438090, 0, 328, 2, 164, 0, 5, 0, 402642, 3, 5
136892, 1241731952247, , 0, 0, 0, 0, 0, 1, 0, 367411, 2, 0
143538, , , 14.100000000000001, 0, 0, 0, 0, 2, 23, 1531, , 
148695, 1241730579703, 1241730823871, 0, 0, 0, 0, 306511, 8, 7, 10642, 10, 4
153097, , , 140.1, 0, 0, 0, 0, 19, 0, 1062853, , 
155161, , , 35.9, 0, 0, 0, 0, 5, 1, 253373, , 
157713, 1241730232583, , 0, 616, 5, 91.4, 0, 0, 0, 58859, 1, 0
158630, , , 7.9, 0, 0, 0, 0, 5, 1, 304445, , 
159420, , , 67, 0, 0, 0, 0, 1, 6, 206649, , 
163914, , , 22, 0, 0, 0, 0, 2, 2, 227953, , 
166371, , , 82.55000000000001, 0, 0, 0, 0, 4, 12, 267622, , 
16719, 1241728685979, 1241728809290, 0, 0, 0, 0, 0, 2, 1, 17790, 5, 3
171513, 1241726329124, 1241726366848, 0, 0, 0, 0, 0, 10, 7, 170191, 12, 2
173329, , , 390.3, 0, 0, 0, 0, 4, 6, 344937, , 
179801, 1241729879342, 1241729884700, 0, 0, 0, 0, 0, 0, 0, 336024, 3, 0
1802, 1241730325319, , 0, 3097, 9, 417.8888888888889, 995, 7, 2, 103144, 12, 2
180378, 1241728938576, 1241729305447, 0, 0, 0, 0, 0, 0, 0, 0, 1, 
181264, , , 113.95000000000002, 0, 0, 0, 0, 2, 3, 3812, , 
1892, 1241730307042, 1241730392832, 0, 0, 0, 0, 33511, 20, 6, 995, 12, 2
195736, , , 77.75000000000001, 0, 0, 0, 0, 6, 27, 334835, , 
196999, 1241730481272, 1241730753116, 0, 132, 1, 132, 0, 1, 0, 415271, 2, 
197371, 1241731308212, 1241731703235, 0, 0, 0, 0, 0, 0, 0, 0, 1, 
199427, , , 293.8, 0, 0, 0, 0, 1, 5, 208602, , 
201981, 1241731847125, , 0, 0, 0, 0, 0, 0, 0, 0, 1, 0
20260, , , 411.4, 0, 0, 0, 0, 18, 26, 12, , 
206148, , , 53.300000000000004, 0, 0, 0, 0, 1, 2, 1122449, , 
208085, 1241729444263, 1241731523237, 0, 220, 1, 233, 0, 2, 0, 163914, 4, 0
208602, , , 146.9, 0, 0, 0, 0, 7, 8, 351626, , 
21067, 1241726320765, 1241726529105, 0, 0, 0, 0, 0, 2, 44, 302907, 8, 4
217283, 1241728561187, , 120.80000000000003, 1340, 5, 309.6, 532467, 60, 25, 57393, 12, 24
22707, , , 20.900000000000002, 0, 0, 0, 0, 1, 11, 8842, , 
227953, , , 11, 0, 0, 0, 0, 3, 2, 320570, , 
237967, , , 111.95, 0, 0, 0, 0, 1, 3, 336228, , 
239111, 1241726970718, 1241727034184, 0, 0, 0, 0, 0, 1, 1, 439277, 3, 0
239981, , , 43.400000000000006, 0, 0, 0, 0, 1, 2, 209944, , 
247992, , , 16.400000000000002, 0, 0, 0, 0, 3, 4, 214539, , 
253373, , , 17.95, 0, 0, 0, 0, 2, 5, 212370, , 
258210, 1241729133250, 1241729689928, 0, 0, 0, 0, 0, 0, 0, 66262, 4, 0
258951, , , 160.50000000000003, 0, 0, 0, 0, 24, 9, 1265, , 
259344, , , 28.200000000000003, 0, 0, 0, 0, 23, 5, 143538, , 
269484, , , 165.10000000000002, 0, 0, 0, 0, 11, 0, 166371, , 
2796, 1241730226854, 1241730443254, 0, 282, 1, 310, 132449, 5, 1, 259344, 5, 3
295246, 1241729890566, 1241730094576, 0, 0, 0, 0, 83549, 1, 0, 159134, 4, 0
336228, , , 4.3, 0, 0, 0, 0, 10, 15, 307471, , 
336524, , , 155.50000000000003, 0, 0, 0, 0, 26, 0, 195736, , 
344937, , , 195.15, 0, 0, 0, 0, 11, 5, 251062, , 
3504, , , 64.80000000000001, 0, 0, 0, 0, 4, 0, 5842, , 
351430, , , 8.6, 0, 0, 0, 0, 14, 0, 336228, , 
351598, , , 349.1, 0, 0, 0, 0, 1, 32, 359624, , 
359624, , , 168.25000000000003, 0, 0, 0, 0, 4, 1, 201132, , 
365721, 1241728734725, 1241729543204, 0, 329, 3, 113, 0, 0, 0, 423714, 3, 1
3812, , , 50.45, 0, 0, 0, 0, 1, 2, 65584, , 
383249, 1241728970396, 1241729123246, 0, 0, 0, 0, 0, 4, 1, 193978, 5, 1
39171, , , 16.450000000000003, 0, 0, 0, 0, 8, 1, 102770, , 
39180, 1241730653176, 1241730751859, 0, 0, 0, 0, 0, 7, 15, 68619, 7, 1
392522, 1241730394265, , 0, 359, 2, 87, 0, 0, 0, 217283, 1, 0
396113, , , 292.5000000000001, 0, 0, 0, 0, 2, 10, 44987, , 
39986, 1241727330013, 1241727340598, 0, 0, 0, 0, 0, 0, 0, 0, 1, 
402642, , , 32.800000000000004, 0, 0, 0, 0, 4, 5, 247992, , 
40275, 1241727619322, 1241728430940, 0, 3903, 5, 866.8, 5842, 6, 0, 173329, 12, 6
415271, , , 13.200000000000001, 0, 0, 0, 0, 11, 1, 66689, , 
420097, , , 15.8, 0, 0, 0, 0, 1, 0, 158630, , 
423714, , , 32.900000000000006, 0, 0, 0, 0, 1, 0, 1043, , 
432820, 1241729500346, 1241731394817, 26.1, 1009, 5, 159.2, 0, 3, 1, 181264, 6, 2
43386, 1241731085627, , 0, 2239, 6, 529, 106210, 6, 4, 130244, 8, 6
447249, 1241730278431, , 0, 2938, 4, 888.75, 10642, 5, 4, 199427, 15, 2
44987, , , 130.85000000000002, 0, 0, 0, 0, 2, 5, 12770, , 
502119, , , 41.800000000000004, 0, 0, 0, 0, 11, 0, 22707, , 
503425, 1241731824944, 1241731847764, 0, 0, 0, 0, 430717, 0, 0, 39171, 4, 0
510740, , , 8.05, 0, 0, 0, 0, 70, 12, 534632, , 
524637, , , 28.5, 0, 0, 0, 0, 1, 0, 83320, , 
533, 1241727207642, 1241727642850, 0, 1530, 3, 510, 535, 10, 11, 20260, 14, 2
537110, 1241728953865, 1241729098998, 0, 0, 0, 0, 0, 0, 0, 171151, 1, 0
541655, , , 57.7, 0, 0, 0, 0, 1, 21, 126451, , 
54776, 1241730261370, , 0, 5168, 10, 611, 1062, 77, 33, 89757, 15, 3
54786, 1241730078541, 1241732192887, 0, 261, 2, 116.5, 0, 0, 0, 432820, 1, 
55009, 1241730974282, 1241731246624, 0, 0, 0, 0, 0, 1, 3, 309096, 4, 0
552702, , , 31.8, 0, 0, 0, 0, 5, 7, 92894, , 
555728, 1241730081556, 1241731711599, 0, 868, 2, 282, 828191, 16, 10, 1101, 4, 0
57393, , , 194.4, 0, 0, 0, 0, 6, 63, 159420, , 
5842, , , 32.400000000000006, 0, 0, 0, 0, 1, 4, 344937, , 
58429, 1241731798946, , 0, 252, 2, 126, 0, 7, 5, 10642, 4, 0
58859, 1241727340736, 1241731523240, 61.60000000000001, 2617, 9, 365.77777777777777, 43017, 10, 8, 396113, 14, 2
61045, , , 39.800000000000004, 0, 0, 0, 0, 7, 7, 74372, , 
616045, 1241732139698, , 0, 0, 0, 0, 0, 0, 0, 162782, 1, 0
624632, 1241727617066, 1241727863426, 0, 0, 0, 0, 0, 0, 0, 505544, 2, 
62783, 1241729004648, 1241729363197, 0, 796, 4, 163.75, 0, 0, 0, 86926, 4, 0
63415, 1241730130044, , 0, 1154, 4, 315.25, 0, 10, 1, 8938, 5, 2
66689, , , 6.6000000000000005, 0, 0, 0, 0, 4, 11, 124585, , 
68523, 1241730528439, 1241731997534, 0, 86, 1, 86, 0, 0, 0, 351430, 2, 
703094, 1241728180905, 1241729197528, 0, 0, 0, 0, 0, 0, 0, 53030, 3, 
713, , , 957.9000000000001, 0, 0, 0, 0, 11, 23, 12, , 
71724, 1241728710261, 1241728784500, 0, 0, 0, 0, 3200, 22, 6, 94103, 12, 4
74412, 1241728529516, 1241729603199, 0, 329, 3, 132.33333333333334, 171193, 0, 0, 102613, 4, 0
746079, 1241730274535, 1241730283681, 0, 0, 0, 0, 0, 0, 0, 0, 1, 
77, 1241730864849, 1241731166268, 0, 0, 0, 0, 171151, 11, 2, 12770, 14, 2
772113, , , 16.1, 0, 0, 0, 0, 1, 0, 510740, , 
83320, , , 14.25, 0, 0, 0, 0, 4, 1, 96838, , 
84076, 1241730295051, 1241731661511, 0, 772, 5, 113.2, 0, 0, 0, 217283, 1, 
86926, , , 79.60000000000001, 0, 0, 0, 0, 7, 0, 61045, , 
8938, , , 115.4, 0, 0, 0, 0, 21, 10, 541655, , 
89757, , , 516.8000000000001, 0, 0, 0, 0, 3, 77, 20260, , 
90041, 1241731492673, , 0, 1605, 4, 497.5, 175933, 9, 10, 258951, 12, 14
913044, 1241729487285, 1241730023242, 0, 173, 1, 100, 0, 0, 0, 217283, 1, 
92894, , , 15.9, 0, 0, 0, 0, 1, 5, 106082, , 
93412, 1241732069685, , 0, 158, 1, 158, 0, 0, 0, 420097, 3, 0
967846, 1241729113421, 1241729123858, 0, 0, 0, 0, 0, 0, 0, 0, 1, 
98240, 1241728050714, 1241728105758, 0, 0, 0, 0, 0, 0, 0, 0, 1, 0
982699, 1241729521544, 1241729537430, 0, 0, 0, 0, 0, 0, 0, 0, 1, 
985962, 1241727345135, 1241728078910, 0, 0, 0, 0, 0, 0, 0, 0, 1, 
<<<<EndTable

PlayersOnlineNow=17
PlayersOnlineEachMinute=0, 1, 2, 3, 2, 2, 3, 3, 3, 4, 3, 3, 3, 4, 3, 3, 4, 5, 4, 7, 7, 8, 8, 9, 9, 9, 9, 9, 8, 7, 8, 9, 7, 7, 6, 6, 6, 6, 7, 7, 8, 9, 11, 11, 10, 10, 14, 15, 17, 15, 14, 15, 15, 15, 15, 16, 15, 14, 14, 14, 14, 14, 15, 15, 14, 14, 15, 15, 18, 21, 21, 19, 19, 19, 19, 20, 19, 20, 20, 20, 22, 20, 22, 21, 20, 19, 20, 19, 21, 22, 21, 20, 19, 17, 20, 18, 17, 16, 18, 19
PlayersInEachFeedingGame=1, 1, 1, 1, 1, 1, 1, 2, 1, 2, 2, 2, 2, 1, 1, 2, 2, 2, 1, 2, 2, 2, 1, 2, 1, 2, 2, 1, 2, 2, 2, 2, 2, 1, 1, 1, 1, 1, 2, 2, 1, 2, 2, 2, 2, 1, 1, 2, 2, 2, 1, 1, 2, 2, 2, 2, 2, 2, 2, 2, 2, 2, 1, 2, 1, 2, 1, 1, 4, 1, 1
PlayersStarted=120
PlayersQuit=103
StatsStartTime=1241726206709
StatsDumpTime=1241732207007
<<<<EndStats
2009-05-07 14:37:07,868 ERROR: vampire.server.feeding.FeedingRecord sendPlayerStartGameMsg [playerId=1152360, prey=true, _predatorIndex=]
2009-05-07 14:37:07,869 ERROR: vampire.server.feeding.FeedingRecord sendPlayerStartGameMsg [playerId=83621, prey=false, _predatorIndex=]
2009-05-07 14:37:14,168 ERROR: vampire.server.feeding.FeedingRecord sendPlayerStartGameMsg [playerId=392522, prey=false, _predatorIndex=]
2009-05-07 14:37:25,010 ERROR: vampire.server.feeding.FeedingRecord sendPlayerStartGameMsg [playerId=165133, prey=false, _predatorIndex=93412]
2009-05-07 14:37:51,579 ERROR: vampire.server.feeding.FeedingRecord sendPlayerStartGameMsg [playerId=165133, prey=false, _predatorIndex=93412,165133]
2009-05-07 14:37:58,015 ERROR: vampire.server.feeding.FeedingRecord sendPlayerStartGameMsg [playerId=165133, prey=false, _predatorIndex=93412,165133]
2009-05-07 14:39:28,389 ERROR: vampire.server.feeding.FeedingRecord sendPlayerStartGameMsg [playerId=152142, prey=true, _predatorIndex=]
2009-05-07 14:39:28,390 ERROR: vampire.server.feeding.FeedingRecord sendPlayerStartGameMsg [playerId=90041, prey=false, _predatorIndex=]
2009-05-07 14:40:15,326 ERROR: vampire.server.feeding.FeedingRecord sendPlayerStartGameMsg [playerId=22279, prey=false, _predatorIndex=]
2009-05-07 14:40:21,171 ERROR: vampire.server.feeding.FeedingRecord sendPlayerStartGameMsg [playerId=43386, prey=true, _predatorIndex=]
2009-05-07 14:40:21,172 ERROR: vampire.server.feeding.FeedingRecord sendPlayerStartGameMsg [playerId=127073, prey=false, _predatorIndex=]
2009-05-07 14:40:23,646 ERROR: vampire.server.feeding.FeedingRecord sendPlayerStartGameMsg [playerId=83621, prey=false, _predatorIndex=22279]
2009-05-07 14:40:26,112 ERROR: vampire.server.feeding.FeedingRecord sendPlayerStartGameMsg [playerId=90041, prey=false, _predatorIndex=127073]
2009-05-07 14:40:26,982 ERROR: vampire.server.feeding.FeedingRecord sendPlayerStartGameMsg [playerId=58429, prey=false, _predatorIndex=]
2009-05-07 14:40:35,441 ERROR: vampire.server.feeding.FeedingRecord sendPlayerStartGameMsg [playerId=152142, prey=false, _predatorIndex=127073,90041]
2009-05-07 14:40:37,310 ERROR: vampire.server.feeding.FeedingRecord sendPlayerStartGameMsg [playerId=15975, prey=true, _predatorIndex=]
2009-05-07 14:40:37,310 ERROR: vampire.server.feeding.FeedingRecord sendPlayerStartGameMsg [playerId=83621, prey=false, _predatorIndex=]
2009-05-07 14:41:08,411 ERROR: vampire.server.feeding.FeedingRecord sendPlayerStartGameMsg [playerId=152142, prey=false, _predatorIndex=127073,90041,152142]
2009-05-07 14:41:31,019 ERROR: vampire.server.feeding.FeedingRecord sendPlayerStartGameMsg [playerId=196999, prey=false, _predatorIndex=]
2009-05-07 14:41:42,430 ERROR: vampire.server.feeding.FeedingRecord sendPlayerStartGameMsg [playerId=1178289, prey=true, _predatorIndex=]
2009-05-07 14:41:42,431 ERROR: vampire.server.feeding.FeedingRecord sendPlayerStartGameMsg [playerId=609643, prey=false, _predatorIndex=]
2009-05-07 14:42:19,312 ERROR: vampire.server.feeding.FeedingRecord sendPlayerStartGameMsg [playerId=392522, prey=false, _predatorIndex=]
2009-05-07 14:42:48,551 ERROR: vampire.server.feeding.FeedingRecord sendPlayerStartGameMsg [playerId=90041, prey=true, _predatorIndex=]
2009-05-07 14:42:48,552 ERROR: vampire.server.feeding.FeedingRecord sendPlayerStartGameMsg [playerId=152142, prey=false, _predatorIndex=]
2009-05-07 14:43:02,715 ERROR: vampire.server.feeding.FeedingRecord sendPlayerStartGameMsg [playerId=10642, prey=true, _predatorIndex=]
2009-05-07 14:43:02,716 ERROR: vampire.server.feeding.FeedingRecord sendPlayerStartGameMsg [playerId=447249, prey=false, _predatorIndex=]
2009-05-07 14:43:09,591 ERROR: vampire.server.feeding.FeedingRecord sendPlayerStartGameMsg [playerId=15975, prey=false, _predatorIndex=609643]
2009-05-07 14:43:33,136 ERROR: vampire.server.feeding.FeedingRecord sendPlayerStartGameMsg [playerId=15975, prey=false, _predatorIndex=196999]
2009-05-07 14:44:24,696 ERROR: vampire.server.feeding.FeedingRecord sendPlayerStartGameMsg [playerId=1178289, prey=false, _predatorIndex=]
2009-05-07 14:44:31,497 ERROR: vampire.server.feeding.FeedingRecord sendPlayerStartGameMsg [playerId=609643, prey=true, _predatorIndex=]
2009-05-07 14:44:31,498 ERROR: vampire.server.feeding.FeedingRecord sendPlayerStartGameMsg [playerId=196999, prey=false, _predatorIndex=]
2009-05-07 14:44:51,951 ERROR: vampire.server.feeding.FeedingRecord sendPlayerStartGameMsg [playerId=22279, prey=false, _predatorIndex=]
2009-05-07 14:46:31,580 ERROR: vampire.server.feeding.FeedingRecord sendPlayerStartGameMsg [playerId=152142, prey=false, _predatorIndex=]

>>>>BeginStats

>>>>BeginTable
PlayerId, StartTime, EndTime, ProgenyPayout, XPFromFeeding, FeedingGames, MeanFeedingScore, BloodBond, Progeny, GrandProgeny, Sire, Level, Invites
100849, 1241729179138, 1241729197995, 0, 0, 0, 0, 0, 0, 0, 0, 1, 0
101052, 1241726208782, 1241726417041, 0, 318, 1, 318, 336524, 7, 1, 552702, 7, 2
1023833, 1241726575164, 1241726671724, 0, 0, 0, 0, 0, 0, 0, 0, 1, 
10260, 1241727433949, 1241728129259, 0, 820, 2, 348, 8527, 10, 9, 713, 15, 2
102613, , , 32.900000000000006, 0, 0, 0, 0, 1, 0, 39171, , 
103033, 1241731934534, 1241731957546, 0, 0, 0, 0, 767143, 12, 14, 81899, 6, 1
103144, , , 348.30000000000007, 0, 0, 0, 0, 5, 7, 116005, , 
1031623, 1241730783205, 1241730859986, 0, 52, 1, 104, 1011089, 0, 0, 1261178, 4, 
1032421, 1241730767727, 1241731955241, 0, 0, 0, 0, 0, 8, 1, 990799, 7, 1
1043, , , 16.450000000000003, 0, 0, 0, 0, 1, 1, 12, , 
1053441, 1241729359605, 1241729725220, 0, 0, 0, 0, 0, 0, 0, 124457, 1, 
1062, 1241727135335, 1241729483203, 0, 8759, 13, 572.3846153846154, 54776, 11, 7, 713, 16, 2
1062853, , , 70.05, 0, 0, 0, 0, 9, 19, 1124214, , 
10642, 1241729053383, 1241732761623, 42.1, 3613, 6, 568.3333333333334, 447249, 32, 46, 351598, 15, 2
1101, , , 86.80000000000001, 0, 0, 0, 0, 2, 16, 239981, , 
1109257, 1241731543094, 1241731548599, 0, 0, 0, 0, 0, 0, 0, 0, 1, 
1110327, 1241729212707, 1241731021463, 0, 1555, 9, 162.22222222222223, 0, 0, 0, 336524, 2, 
1110484, 1241727317513, 1241727932459, 0, 1401, 4, 382.25, 153097, 0, 0, 153097, 4, 
1122449, , , 26.650000000000002, 0, 0, 0, 0, 10, 7, 555728, , 
1124126, 1241727372598, 1241727380351, 0, 0, 0, 0, 0, 0, 0, 771625, 1, 
112953, , , 50.3, 0, 0, 0, 0, 3, 7, 241176, , 
1138221, 1241730748629, 1241732754587, 0, 2037, 6, 186.66666666666666, 1283799, 0, 0, 269484, 4, 
1152360, 1241732032783, 1241732423223, 0, 336, 1, 206, 0, 0, 0, 70997, 4, 
1155409, , , 2.6, 0, 0, 0, 0, 1, 6, 674637, , 
115917, 1241728619158, 1241730829796, 0, 648, 3, 122, 0, 0, 0, 3504, 3, 0
116005, , , 174.15000000000003, 0, 0, 0, 0, 6, 5, 130627, , 
1178289, 1241732483912, , 0, 259, 2, 136.5, 0, 0, 0, 0, 1, 0
12, , , 555.45, 0, 0, 0, 0, 20, 56, 383387, , 
1217415, 1241731457617, 1241732201410, 0, 0, 0, 0, 0, 0, 0, 0, 1, 
1227346, 1241732798136, , 0, 0, 0, 0, 0, 0, 0, 0, 1, 0
1231039, 1241730866120, 1241731304214, 0, 125, 1, 125, 0, 0, 0, 0, 1, 
1251906, 1241728991657, 1241729011995, 0, 0, 0, 0, 0, 0, 0, 162239, 2, 
1254726, 1241728951725, 1241730580791, 0, 418, 2, 125.5, 1111604, 0, 0, 502119, 3, 
1255618, 1241727553683, 1241728163230, 0, 533, 3, 116.66666666666667, 0, 2, 0, 206148, 3, 
1261178, , , 5.2, 0, 0, 0, 0, 6, 0, 1155409, , 
1265, , , 105.10000000000002, 0, 0, 0, 0, 2, 30, 12, , 
127073, 1241732377287, 1241732780970, 0, 727, 2, 128.5, 0, 1, 0, 155161, 5, 1
1275242, 1241728452067, 1241728470298, 0, 0, 0, 0, 0, 0, 0, 0, 1, 
1275561, 1241732261574, 1241732363203, 0, 161, 1, 161, 0, 0, 0, 772113, 1, 
1276975, 1241726994240, 1241727002137, 0, 0, 0, 0, 0, 0, 0, 0, 1, 
1279627, 1241728939426, 1241729387800, 0, 285, 2, 142.5, 0, 0, 0, 524637, 2, 
128025, 1241729383319, 1241729392365, 0, 0, 0, 0, 0, 0, 0, 233794, 2, 
1296070, 1241732767391, , 0, 0, 0, 0, 0, 0, 0, 0, 1, 0
130244, , , 299.3, 0, 0, 0, 0, 3, 6, 237967, , 
130730, 1241729733171, 1241730438090, 0, 328, 2, 164, 0, 5, 0, 402642, 3, 5
136892, 1241731952247, , 0, 0, 0, 0, 0, 1, 0, 367411, 2, 0
143538, , , 14.100000000000001, 0, 0, 0, 0, 2, 23, 1531, , 
148695, 1241730579703, 1241730823871, 0, 0, 0, 0, 306511, 8, 7, 10642, 10, 4
152142, 1241732531037, , 0, 129, 1, 113, 0, 0, 0, 90041, 1, 0
153097, , , 140.1, 0, 0, 0, 0, 19, 0, 1062853, , 
155161, , , 72.7, 0, 0, 0, 0, 5, 1, 253373, , 
157713, 1241730232583, , 0, 616, 5, 91.4, 0, 0, 0, 58859, 1, 0
158630, , , 18.55, 0, 0, 0, 0, 5, 1, 304445, , 
159420, , , 67, 0, 0, 0, 0, 1, 6, 206649, , 
15975, 1241732319818, 1241732723226, 0, 167, 1, 81, 0, 0, 0, 0, 1, 
163914, , , 22, 0, 0, 0, 0, 2, 2, 227953, , 
165133, 1241732240169, 1241732483357, 0, 75, 1, 78, 0, 0, 0, 206908, 2, 0
166371, , , 101.85000000000001, 0, 0, 0, 0, 4, 12, 267622, , 
16719, 1241728685979, 1241728809290, 0, 0, 0, 0, 0, 2, 1, 17790, 5, 3
171513, 1241726329124, 1241726366848, 0, 0, 0, 0, 0, 10, 7, 170191, 12, 2
173329, , , 390.3, 0, 0, 0, 0, 4, 6, 344937, , 
179801, 1241729879342, 1241729884700, 0, 0, 0, 0, 0, 0, 0, 336024, 3, 0
1802, 1241730325319, , 0, 3483, 10, 403.7, 995, 7, 2, 103144, 12, 2
180378, 1241728938576, 1241729305447, 0, 0, 0, 0, 0, 0, 0, 0, 1, 
181264, , , 113.95000000000002, 0, 0, 0, 0, 2, 3, 3812, , 
1892, 1241730307042, 1241730392832, 0, 0, 0, 0, 33511, 20, 6, 995, 12, 2
195736, , , 77.75000000000001, 0, 0, 0, 0, 6, 27, 334835, , 
196999, 1241732427669, , 0, 375, 3, 127.66666666666667, 0, 1, 0, 415271, 2, 0
197371, 1241732752084, , 0, 0, 0, 0, 0, 0, 0, 0, 1, 0
199427, , , 318.6, 0, 0, 0, 0, 1, 5, 208602, , 
201981, 1241731847125, , 0, 0, 0, 0, 0, 0, 0, 0, 1, 0
20260, , , 411.4, 0, 0, 0, 0, 18, 26, 12, , 
206148, , , 53.300000000000004, 0, 0, 0, 0, 1, 2, 1122449, , 
206908, , , 7.5, 0, 0, 0, 0, 1, 0, 337162, , 
208085, 1241729444263, 1241731523237, 0, 220, 1, 233, 0, 2, 0, 163914, 4, 0
208602, , , 159.3, 0, 0, 0, 0, 7, 8, 351626, , 
21067, 1241726320765, 1241726529105, 0, 0, 0, 0, 0, 2, 44, 302907, 8, 4
217283, 1241728561187, 1241732473326, 163.60000000000002, 1340, 5, 309.6, 532467, 60, 25, 57393, 12, 24
22279, 1241732369633, , 0, 242, 1, 242, 0, 0, 0, 0, 2, 0
22707, , , 20.900000000000002, 0, 0, 0, 0, 1, 11, 8842, , 
227953, , , 11, 0, 0, 0, 0, 3, 2, 320570, , 
237967, , , 149.65, 0, 0, 0, 0, 1, 3, 336228, , 
239111, 1241726970718, 1241727034184, 0, 0, 0, 0, 0, 1, 1, 439277, 3, 0
239981, , , 43.400000000000006, 0, 0, 0, 0, 1, 2, 209944, , 
241176, , , 25.15, 0, 0, 0, 0, 1, 3, 12770, , 
247992, , , 16.400000000000002, 0, 0, 0, 0, 3, 4, 214539, , 
253373, , , 36.35, 0, 0, 0, 0, 2, 5, 212370, , 
258210, 1241729133250, 1241729689928, 0, 0, 0, 0, 0, 0, 0, 66262, 4, 0
258951, , , 216.65000000000003, 0, 0, 0, 0, 24, 10, 1265, , 
259344, , , 28.200000000000003, 0, 0, 0, 0, 23, 5, 143538, , 
269484, , , 203.70000000000002, 0, 0, 0, 0, 11, 0, 166371, , 
2796, 1241730226854, 1241730443254, 0, 282, 1, 310, 132449, 5, 1, 259344, 5, 3
295246, 1241729890566, 1241730094576, 0, 0, 0, 0, 83549, 1, 0, 159134, 4, 0
336228, , , 4.3, 0, 0, 0, 0, 10, 15, 307471, , 
336524, , , 155.50000000000003, 0, 0, 0, 0, 26, 0, 195736, , 
337162, , , 3.75, 0, 0, 0, 0, 2, 1, 174526, , 
344937, , , 195.15, 0, 0, 0, 0, 11, 5, 251062, , 
3504, , , 64.80000000000001, 0, 0, 0, 0, 4, 0, 5842, , 
351430, , , 8.6, 0, 0, 0, 0, 14, 0, 336228, , 
351598, , , 382.35, 0, 0, 0, 0, 1, 32, 359624, , 
359624, , , 180.65000000000003, 0, 0, 0, 0, 4, 1, 201132, , 
365721, 1241728734725, 1241729543204, 0, 329, 3, 113, 0, 0, 0, 423714, 3, 1
3812, , , 50.45, 0, 0, 0, 0, 1, 2, 65584, , 
383249, 1241728970396, 1241729123246, 0, 0, 0, 0, 0, 4, 1, 193978, 5, 1
39171, , , 16.450000000000003, 0, 0, 0, 0, 8, 1, 102770, , 
39180, 1241730653176, 1241730751859, 0, 0, 0, 0, 0, 7, 15, 68619, 7, 1
392522, 1241730394265, , 0, 561, 4, 94, 0, 0, 0, 217283, 1, 0
396113, , , 292.5000000000001, 0, 0, 0, 0, 2, 10, 44987, , 
397835, , , 16.8, 0, 0, 0, 0, 5, 35, 47379, , 
39986, 1241727330013, 1241727340598, 0, 0, 0, 0, 0, 0, 0, 0, 1, 
402642, , , 32.800000000000004, 0, 0, 0, 0, 4, 5, 247992, , 
40275, 1241727619322, 1241728430940, 0, 3903, 5, 866.8, 5842, 6, 0, 173329, 12, 6
415271, , , 37.50000000000001, 0, 0, 0, 0, 11, 1, 66689, , 
420097, , , 37.1, 0, 0, 0, 0, 1, 0, 158630, , 
423714, , , 32.900000000000006, 0, 0, 0, 0, 1, 0, 1043, , 
432820, 1241729500346, 1241731394817, 26.1, 1009, 5, 159.2, 0, 3, 1, 181264, 6, 2
43386, 1241731085627, , 0, 2993, 8, 556.625, 106210, 6, 4, 130244, 8, 6
447249, 1241732795411, , 0, 3186, 5, 729.2, 10642, 5, 4, 199427, 15, 2
44987, , , 130.85000000000002, 0, 0, 0, 0, 2, 5, 12770, , 
502119, , , 41.800000000000004, 0, 0, 0, 0, 11, 0, 22707, , 
503425, 1241731824944, 1241731847764, 0, 0, 0, 0, 430717, 0, 0, 39171, 4, 0
510740, , , 8.05, 0, 0, 0, 0, 70, 12, 534632, , 
524637, , , 28.5, 0, 0, 0, 0, 1, 0, 83320, , 
533, 1241727207642, 1241727642850, 0, 1530, 3, 510, 535, 10, 11, 20260, 14, 2
537110, 1241728953865, 1241729098998, 0, 0, 0, 0, 0, 0, 0, 171151, 1, 0
541655, , , 57.7, 0, 0, 0, 0, 1, 21, 126451, , 
54776, 1241730261370, 1241732521468, 0, 5168, 10, 611, 1062, 77, 33, 89757, 15, 3
54786, 1241730078541, 1241732192887, 0, 261, 2, 116.5, 0, 0, 0, 432820, 1, 
55009, 1241730974282, 1241731246624, 0, 0, 0, 0, 0, 1, 3, 309096, 4, 0
552702, , , 31.8, 0, 0, 0, 0, 5, 7, 92894, , 
555728, 1241730081556, 1241731711599, 0, 868, 2, 282, 828191, 16, 10, 1101, 4, 0
57393, , , 215.79999999999998, 0, 0, 0, 0, 6, 63, 159420, , 
5842, , , 32.400000000000006, 0, 0, 0, 0, 1, 4, 344937, , 
58429, 1241731798946, 1241732719160, 0, 421, 4, 105.25, 0, 7, 5, 10642, 4, 
58859, 1241727340736, 1241731523240, 61.60000000000001, 2617, 9, 365.77777777777777, 43017, 10, 8, 396113, 14, 2
609643, 1241732346819, , 0, 226, 2, 101, 0, 1, 0, 217283, 3, 0
61045, , , 39.800000000000004, 0, 0, 0, 0, 7, 7, 74372, , 
616045, 1241732139698, 1241732351088, 0, 0, 0, 0, 0, 0, 0, 162782, 1, 
624632, 1241727617066, 1241727863426, 0, 0, 0, 0, 0, 0, 0, 505544, 2, 
62783, 1241729004648, 1241729363197, 0, 796, 4, 163.75, 0, 0, 0, 86926, 4, 0
63415, 1241730130044, , 0, 1154, 4, 315.25, 0, 10, 1, 8938, 5, 2
66689, , , 18.750000000000004, 0, 0, 0, 0, 4, 11, 124585, , 
68523, 1241730528439, 1241731997534, 0, 86, 1, 86, 0, 0, 0, 351430, 2, 
703094, 1241728180905, 1241729197528, 0, 0, 0, 0, 0, 0, 0, 53030, 3, 
70997, , , 33.6, 0, 0, 0, 0, 35, 1, 397835, , 
713, , , 957.9000000000001, 0, 0, 0, 0, 11, 23, 12, , 
71724, 1241728710261, 1241728784500, 0, 0, 0, 0, 3200, 22, 6, 94103, 12, 4
74412, 1241728529516, 1241729603199, 0, 329, 3, 132.33333333333334, 171193, 0, 0, 102613, 4, 0
746079, 1241730274535, 1241730283681, 0, 0, 0, 0, 0, 0, 0, 0, 1, 
77, 1241730864849, 1241731166268, 0, 0, 0, 0, 171151, 11, 2, 12770, 14, 2
772113, , , 16.1, 0, 0, 0, 0, 1, 0, 510740, , 
83320, , , 14.25, 0, 0, 0, 0, 4, 1, 96838, , 
83621, 1241732209581, 1241732613917, 0, 503, 2, 359.5, 0, 0, 0, 112953, 4, 0
84076, 1241730295051, 1241731661511, 0, 772, 5, 113.2, 0, 0, 0, 217283, 1, 
86926, , , 79.60000000000001, 0, 0, 0, 0, 7, 0, 61045, , 
8938, , , 115.4, 0, 0, 0, 0, 21, 10, 541655, , 
89757, , , 516.8000000000001, 0, 0, 0, 0, 3, 77, 20260, , 
90041, 1241731492673, , 12.9, 2102, 6, 406.6666666666667, 175933, 10, 10, 258951, 12, 14
913044, 1241729487285, 1241730023242, 0, 173, 1, 100, 0, 0, 0, 217283, 1, 
92894, , , 15.9, 0, 0, 0, 0, 1, 5, 106082, , 
93412, 1241732069685, 1241732749152, 0, 371, 3, 122.33333333333333, 0, 0, 0, 420097, 3, 0
967846, 1241729113421, 1241729123858, 0, 0, 0, 0, 0, 0, 0, 0, 1, 
98240, 1241728050714, 1241728105758, 0, 0, 0, 0, 0, 0, 0, 0, 1, 0
982699, 1241729521544, 1241729537430, 0, 0, 0, 0, 0, 0, 0, 0, 1, 
985962, 1241727345135, 1241728078910, 0, 0, 0, 0, 0, 0, 0, 0, 1, 
<<<<EndTable

PlayersOnlineNow=17
PlayersOnlineEachMinute=0, 1, 2, 3, 2, 2, 3, 3, 3, 4, 3, 3, 3, 4, 3, 3, 4, 5, 4, 7, 7, 8, 8, 9, 9, 9, 9, 9, 8, 7, 8, 9, 7, 7, 6, 6, 6, 6, 7, 7, 8, 9, 11, 11, 10, 10, 14, 15, 17, 15, 14, 15, 15, 15, 15, 16, 15, 14, 14, 14, 14, 14, 15, 15, 14, 14, 15, 15, 18, 21, 21, 19, 19, 19, 19, 20, 19, 20, 20, 20, 22, 20, 22, 21, 20, 19, 20, 19, 21, 22, 21, 20, 19, 17, 20, 18, 17, 16, 18, 19, 17, 20, 22, 23, 23, 21, 21, 20, 20, 20
PlayersInEachFeedingGame=1, 1, 1, 1, 1, 1, 1, 2, 1, 2, 2, 2, 2, 1, 1, 2, 2, 2, 1, 2, 2, 2, 1, 2, 1, 2, 2, 1, 2, 2, 2, 2, 2, 1, 1, 1, 1, 1, 2, 2, 1, 2, 2, 2, 2, 1, 1, 2, 2, 2, 1, 1, 2, 2, 2, 2, 2, 2, 2, 2, 2, 2, 1, 2, 1, 2, 1, 1, 4, 1, 1, 2, 1, 1, 3, 1, 2, 1, 2, 1, 2, 2, 1, 2, 1, 1
PlayersStarted=139
PlayersQuit=122
StatsStartTime=1241726206709
StatsDumpTime=1241732807036
<<<<EndStats
2009-05-07 14:46:54,162 ERROR: vampire.server.feeding.FeedingRecord sendPlayerStartGameMsg [playerId=1178289, prey=false, _predatorIndex=]
2009-05-07 14:47:08,709 ERROR: vampire.server.feeding.FeedingRecord sendPlayerStartGameMsg [playerId=392522, prey=true, _predatorIndex=]
2009-05-07 14:47:08,710 ERROR: vampire.server.feeding.FeedingRecord sendPlayerStartGameMsg [playerId=196999, prey=false, _predatorIndex=]
2009-05-07 14:47:32,978 ERROR: vampire.server.feeding.FeedingRecord sendPlayerStartGameMsg [playerId=447249, prey=true, _predatorIndex=]
2009-05-07 14:47:32,978 ERROR: vampire.server.feeding.FeedingRecord sendPlayerStartGameMsg [playerId=90041, prey=false, _predatorIndex=]
2009-05-07 14:48:02,851 ERROR: vampire.server.feeding.FeedingRecord sendPlayerStartGameMsg [playerId=22279, prey=false, _predatorIndex=152142]
2009-05-07 14:49:26,009 ERROR: vampire.server.feeding.FeedingRecord sendPlayerStartGameMsg [playerId=22279, prey=false, _predatorIndex=]
2009-05-07 14:49:36,524 ERROR: vampire.server.feeding.FeedingRecord sendPlayerStartGameMsg [playerId=22279, prey=false, _predatorIndex=]
2009-05-07 14:50:30,762 ERROR: vampire.server.feeding.FeedingRecord sendPlayerStartGameMsg [playerId=392522, prey=true, _predatorIndex=]
2009-05-07 14:50:30,763 ERROR: vampire.server.feeding.FeedingRecord sendPlayerStartGameMsg [playerId=197371, prey=false, _predatorIndex=]
2009-05-07 14:51:38,967 ERROR: vampire.server.feeding.FeedingRecord sendPlayerStartGameMsg [playerId=609643, prey=false, _predatorIndex=]
2009-05-07 14:52:13,998 ERROR: vampire.server.feeding.FeedingRecord sendPlayerStartGameMsg [playerId=314390, prey=false, _predatorIndex=]
2009-05-07 14:52:45,169 ERROR: vampire.server.feeding.FeedingRecord sendPlayerStartGameMsg [playerId=208217, prey=false, _predatorIndex=609643]
2009-05-07 14:52:50,648 ERROR: vampire.server.feeding.FeedingRecord sendPlayerStartGameMsg [playerId=22279, prey=false, _predatorIndex=]
2009-05-07 14:53:16,487 ERROR: vampire.server.feeding.FeedingRecord sendPlayerStartGameMsg [playerId=208217, prey=false, _predatorIndex=]
2009-05-07 14:53:37,489 ERROR: vampire.server.feeding.FeedingRecord sendPlayerStartGameMsg [playerId=447249, prey=true, _predatorIndex=]
2009-05-07 14:53:37,490 ERROR: vampire.server.feeding.FeedingRecord sendPlayerStartGameMsg [playerId=152142, prey=false, _predatorIndex=]
2009-05-07 14:55:13,815 ERROR: vampire.server.feeding.FeedingRecord sendPlayerStartGameMsg [playerId=314390, prey=true, _predatorIndex=]
2009-05-07 14:55:13,815 ERROR: vampire.server.feeding.FeedingRecord sendPlayerStartGameMsg [playerId=1162172, prey=false, _predatorIndex=]
2009-05-07 14:55:30,966 ERROR: vampire.server.feeding.FeedingRecord sendPlayerStartGameMsg [playerId=392522, prey=true, _predatorIndex=]
2009-05-07 14:55:30,967 ERROR: vampire.server.feeding.FeedingRecord sendPlayerStartGameMsg [playerId=197371, prey=false, _predatorIndex=]
2009-05-07 14:55:46,937 ERROR: vampire.server.feeding.FeedingRecord sendPlayerStartGameMsg [playerId=1168169, prey=false, _predatorIndex=]
2009-05-07 14:55:48,418 ERROR: vampire.server.feeding.FeedingRecord sendPlayerStartGameMsg [playerId=208217, prey=false, _predatorIndex=1168169]
2009-05-07 14:55:49,610 ERROR: vampire.server.feeding.FeedingRecord sendPlayerStartGameMsg [playerId=22279, prey=false, _predatorIndex=]
2009-05-07 14:55:58,904 ERROR: vampire.server.feeding.FeedingRecord sendPlayerStartGameMsg [playerId=314390, prey=true, _predatorIndex=]
2009-05-07 14:55:58,905 ERROR: vampire.server.feeding.FeedingRecord sendPlayerStartGameMsg [playerId=1278376, prey=false, _predatorIndex=]

>>>>BeginStats

>>>>BeginTable
PlayerId, StartTime, EndTime, ProgenyPayout, XPFromFeeding, FeedingGames, MeanFeedingScore, BloodBond, Progeny, GrandProgeny, Sire, Level, Invites
100849, 1241729179138, 1241729197995, 0, 0, 0, 0, 0, 0, 0, 0, 1, 0
101052, 1241726208782, 1241726417041, 0, 318, 1, 318, 336524, 7, 1, 552702, 7, 2
1016090, 1241733084060, , 0, 0, 0, 0, 0, 0, 0, 0, 1, 0
1023833, 1241726575164, 1241726671724, 0, 0, 0, 0, 0, 0, 0, 0, 1, 
10260, 1241727433949, 1241728129259, 0, 820, 2, 348, 8527, 10, 9, 713, 15, 2
102613, , , 32.900000000000006, 0, 0, 0, 0, 1, 0, 39171, , 
103033, 1241731934534, 1241731957546, 0, 0, 0, 0, 767143, 12, 14, 81899, 6, 1
103144, , , 348.30000000000007, 0, 0, 0, 0, 5, 7, 116005, , 
1031623, 1241730783205, 1241730859986, 0, 52, 1, 104, 1011089, 0, 0, 1261178, 4, 
1032421, 1241730767727, 1241731955241, 0, 0, 0, 0, 0, 8, 1, 990799, 7, 1
1043, , , 16.450000000000003, 0, 0, 0, 0, 1, 1, 12, , 
1053441, 1241729359605, 1241729725220, 0, 0, 0, 0, 0, 0, 0, 124457, 1, 
1062, 1241727135335, 1241729483203, 0, 8759, 13, 572.3846153846154, 54776, 11, 7, 713, 16, 2
1062853, , , 70.05, 0, 0, 0, 0, 9, 19, 1124214, , 
10642, 1241729053383, 1241732761623, 42.1, 3613, 6, 568.3333333333334, 447249, 32, 46, 351598, 15, 2
1092321, , , 35.7, 0, 0, 0, 0, 29, 4, 35568, , 
1101, , , 86.80000000000001, 0, 0, 0, 0, 2, 16, 239981, , 
1109257, 1241731543094, 1241731548599, 0, 0, 0, 0, 0, 0, 0, 0, 1, 
1110327, 1241729212707, 1241731021463, 0, 1555, 9, 162.22222222222223, 0, 0, 0, 336524, 2, 
1110484, 1241727317513, 1241727932459, 0, 1401, 4, 382.25, 153097, 0, 0, 153097, 4, 
1122449, , , 26.650000000000002, 0, 0, 0, 0, 10, 7, 555728, , 
1124126, 1241727372598, 1241727380351, 0, 0, 0, 0, 0, 0, 0, 771625, 1, 
112953, , , 50.3, 0, 0, 0, 0, 3, 7, 241176, , 
1138221, 1241730748629, 1241732754587, 0, 2037, 6, 186.66666666666666, 1283799, 0, 0, 269484, 4, 
1152360, 1241732032783, 1241732423223, 0, 336, 1, 206, 0, 0, 0, 70997, 4, 
1155409, , , 2.6, 0, 0, 0, 0, 1, 6, 674637, , 
115917, 1241728619158, 1241730829796, 0, 648, 3, 122, 0, 0, 0, 3504, 3, 0
116005, , , 174.15000000000003, 0, 0, 0, 0, 6, 5, 130627, , 
1162172, 1241733000794, , 0, 0, 0, 0, 1181188, 0, 0, 835426, 3, 0
1168169, 1241733209982, , 0, 0, 0, 0, 0, 0, 0, 0, 1, 0
1178289, 1241732483912, 1241733005094, 0, 390, 3, 134.66666666666666, 0, 0, 0, 0, 1, 
12, , , 555.45, 0, 0, 0, 0, 20, 56, 383387, , 
1217415, 1241731457617, 1241732201410, 0, 0, 0, 0, 0, 0, 0, 0, 1, 
1227346, 1241732798136, 1241732903235, 0, 0, 0, 0, 0, 0, 0, 0, 1, 
122823, 1241733230594, , 0, 0, 0, 0, 0, 0, 0, 61609, 2, 0
1231039, 1241730866120, 1241731304214, 0, 125, 1, 125, 0, 0, 0, 0, 1, 
1251906, 1241728991657, 1241729011995, 0, 0, 0, 0, 0, 0, 0, 162239, 2, 
125207, 1241733260561, 1241733320724, 0, 0, 0, 0, 273503, 1, 0, 544643, 4, 0
1254726, 1241728951725, 1241730580791, 0, 418, 2, 125.5, 1111604, 0, 0, 502119, 3, 
1255618, 1241727553683, 1241728163230, 0, 533, 3, 116.66666666666667, 0, 2, 0, 206148, 3, 
1261178, , , 5.2, 0, 0, 0, 0, 6, 0, 1155409, , 
1265, , , 133.85000000000002, 0, 0, 0, 0, 2, 30, 12, , 
127073, 1241732377287, 1241732780970, 0, 727, 2, 128.5, 0, 1, 0, 155161, 5, 1
1275242, 1241728452067, 1241728470298, 0, 0, 0, 0, 0, 0, 0, 0, 1, 
1275561, 1241732261574, 1241732363203, 0, 161, 1, 161, 0, 0, 0, 772113, 1, 
1276975, 1241726994240, 1241727002137, 0, 0, 0, 0, 0, 0, 0, 0, 1, 
1278376, 1241733313241, , 0, 0, 0, 0, 0, 0, 0, 0, 1, 0
1279627, 1241728939426, 1241729387800, 0, 285, 2, 142.5, 0, 0, 0, 524637, 2, 
128025, 1241729383319, 1241729392365, 0, 0, 0, 0, 0, 0, 0, 233794, 2, 
1296070, 1241732767391, 1241733081952, 0, 0, 0, 0, 0, 0, 0, 0, 1, 
130244, , , 299.3, 0, 0, 0, 0, 3, 6, 237967, , 
130730, 1241729733171, 1241730438090, 0, 328, 2, 164, 0, 5, 0, 402642, 3, 5
136892, 1241731952247, , 0, 0, 0, 0, 0, 1, 0, 367411, 2, 0
143538, , , 14.100000000000001, 0, 0, 0, 0, 2, 23, 1531, , 
148695, 1241730579703, 1241730823871, 0, 0, 0, 0, 306511, 8, 7, 10642, 10, 4
152142, 1241732531037, , 0, 669, 4, 146.25, 0, 0, 0, 90041, 1, 0
153097, , , 140.1, 0, 0, 0, 0, 19, 0, 1062853, , 
155161, , , 72.7, 0, 0, 0, 0, 5, 1, 253373, , 
157713, 1241730232583, , 0, 616, 5, 91.4, 0, 0, 0, 58859, 1, 0
158630, , , 18.55, 0, 0, 0, 0, 5, 1, 304445, , 
159420, , , 67, 0, 0, 0, 0, 1, 6, 206649, , 
15975, 1241732319818, 1241732723226, 0, 167, 1, 81, 0, 0, 0, 0, 1, 
163914, , , 22, 0, 0, 0, 0, 2, 2, 227953, , 
165133, 1241732240169, 1241732483357, 0, 75, 1, 78, 0, 0, 0, 206908, 2, 0
166371, , , 101.85000000000001, 0, 0, 0, 0, 4, 12, 267622, , 
16719, 1241728685979, 1241728809290, 0, 0, 0, 0, 0, 2, 1, 17790, 5, 3
171513, 1241726329124, 1241726366848, 0, 0, 0, 0, 0, 10, 7, 170191, 12, 2
173329, , , 390.3, 0, 0, 0, 0, 4, 6, 344937, , 
179801, 1241729879342, 1241729884700, 0, 0, 0, 0, 0, 0, 0, 336024, 3, 0
1802, 1241730325319, 1241733008531, 0, 3483, 10, 403.7, 995, 7, 2, 103144, 12, 2
180378, 1241728938576, 1241729305447, 0, 0, 0, 0, 0, 0, 0, 0, 1, 
181264, , , 113.95000000000002, 0, 0, 0, 0, 2, 3, 3812, , 
1892, 1241730307042, 1241730392832, 0, 0, 0, 0, 33511, 20, 6, 995, 12, 2
195736, , , 77.75000000000001, 0, 0, 0, 0, 6, 27, 334835, , 
196999, 1241732427669, 1241733035459, 0, 474, 4, 124, 0, 1, 0, 415271, 2, 
197371, 1241732752084, , 0, 131, 1, 134, 0, 0, 0, 392522, 1, 0
199427, , , 403.8, 0, 0, 0, 0, 1, 5, 208602, , 
201981, 1241731847125, 1241733145660, 0, 0, 0, 0, 0, 0, 0, 0, 1, 
20260, , , 411.4, 0, 0, 0, 0, 18, 26, 12, , 
206148, , , 53.300000000000004, 0, 0, 0, 0, 1, 2, 1122449, , 
206908, , , 7.5, 0, 0, 0, 0, 1, 0, 337162, , 
208085, 1241729444263, 1241731523237, 0, 220, 1, 233, 0, 2, 0, 163914, 4, 0
208217, 1241733015436, , 0, 357, 1, 357, 0, 2, 0, 1092321, 4, 0
208602, , , 201.9, 0, 0, 0, 0, 7, 8, 351626, , 
21067, 1241726320765, 1241726529105, 0, 0, 0, 0, 0, 2, 44, 302907, 8, 4
217283, 1241728561187, 1241732473326, 193.15000000000003, 1340, 5, 309.6, 532467, 60, 26, 57393, 12, 24
22279, 1241732369633, , 0, 891, 4, 222.75, 0, 0, 0, 0, 3, 0
22707, , , 20.900000000000002, 0, 0, 0, 0, 7, 15, 8842, , 
227953, , , 11, 0, 0, 0, 0, 3, 2, 320570, , 
237967, , , 149.65, 0, 0, 0, 0, 1, 3, 336228, , 
239111, 1241726970718, 1241727034184, 0, 0, 0, 0, 0, 1, 1, 439277, 3, 0
239981, , , 43.400000000000006, 0, 0, 0, 0, 1, 2, 209944, , 
241176, , , 25.15, 0, 0, 0, 0, 1, 3, 12770, , 
247992, , , 16.400000000000002, 0, 0, 0, 0, 3, 4, 214539, , 
253373, , , 36.35, 0, 0, 0, 0, 2, 5, 212370, , 
258210, 1241729133250, 1241729689928, 0, 0, 0, 0, 0, 0, 0, 66262, 4, 0
258951, , , 301.15000000000003, 0, 0, 0, 0, 24, 11, 1265, , 
259344, , , 28.200000000000003, 0, 0, 0, 0, 23, 5, 143538, , 
269484, , , 203.70000000000002, 0, 0, 0, 0, 11, 0, 166371, , 
2796, 1241730226854, 1241730443254, 0, 282, 1, 310, 132449, 5, 1, 259344, 5, 3
295246, 1241729890566, 1241730094576, 0, 0, 0, 0, 83549, 1, 0, 159134, 4, 0
314390, 1241733092724, , 0, 108, 1, 108, 0, 0, 0, 0, 1, 0
336228, , , 4.3, 0, 0, 0, 0, 10, 15, 307471, , 
336524, , , 155.50000000000003, 0, 0, 0, 0, 26, 0, 195736, , 
337162, , , 3.75, 0, 0, 0, 0, 2, 1, 174526, , 
344937, , , 195.15, 0, 0, 0, 0, 11, 5, 251062, , 
3504, , , 64.80000000000001, 0, 0, 0, 0, 4, 0, 5842, , 
351430, , , 8.6, 0, 0, 0, 0, 14, 0, 336228, , 
351598, , , 382.35, 0, 0, 0, 0, 1, 32, 359624, , 
35568, , , 17.85, 0, 0, 0, 0, 1, 29, 258951, , 
355945, 1241733092315, 1241733096388, 0, 0, 0, 0, 0, 0, 0, 403501, 3, 0
359624, , , 180.65000000000003, 0, 0, 0, 0, 4, 1, 201132, , 
365721, 1241728734725, 1241729543204, 0, 329, 3, 113, 0, 0, 0, 423714, 3, 1
3812, , , 50.45, 0, 0, 0, 0, 1, 2, 65584, , 
383249, 1241728970396, 1241729123246, 0, 0, 0, 0, 0, 4, 1, 193978, 5, 1
39171, , , 16.450000000000003, 0, 0, 0, 0, 8, 1, 102770, , 
39180, 1241730653176, 1241730751859, 0, 0, 0, 0, 0, 7, 15, 68619, 7, 1
392522, 1241730394265, , 13.100000000000001, 791, 6, 98, 0, 1, 0, 217283, 1, 0
396113, , , 292.5000000000001, 0, 0, 0, 0, 2, 10, 44987, , 
397835, , , 16.8, 0, 0, 0, 0, 5, 35, 47379, , 
39986, 1241727330013, 1241727340598, 0, 0, 0, 0, 0, 0, 0, 0, 1, 
402642, , , 32.800000000000004, 0, 0, 0, 0, 4, 5, 247992, , 
40275, 1241727619322, 1241728430940, 0, 3903, 5, 866.8, 5842, 6, 0, 173329, 12, 6
415271, , , 47.400000000000006, 0, 0, 0, 0, 11, 1, 66689, , 
420097, , , 37.1, 0, 0, 0, 0, 1, 0, 158630, , 
423714, , , 32.900000000000006, 0, 0, 0, 0, 1, 0, 1043, , 
432820, 1241729500346, 1241731394817, 26.1, 1009, 5, 159.2, 0, 3, 1, 181264, 6, 2
43386, 1241731085627, 1241732815545, 0, 2993, 8, 556.625, 106210, 6, 4, 130244, 8, 6
447249, 1241732795411, , 0, 4038, 7, 670, 10642, 5, 4, 199427, 15, 2
44987, , , 130.85000000000002, 0, 0, 0, 0, 2, 5, 12770, , 
502119, 1241733356387, , 41.800000000000004, 0, 0, 0, 520359, 11, 14, 22707, 10, 2
503425, 1241731824944, 1241731847764, 0, 0, 0, 0, 430717, 0, 0, 39171, 4, 0
510740, , , 8.05, 0, 0, 0, 0, 70, 12, 534632, , 
524637, , , 28.5, 0, 0, 0, 0, 1, 0, 83320, , 
533, 1241727207642, 1241727642850, 0, 1530, 3, 510, 535, 10, 11, 20260, 14, 2
537110, 1241728953865, 1241729098998, 0, 0, 0, 0, 0, 0, 0, 171151, 1, 0
541655, , , 57.7, 0, 0, 0, 0, 1, 21, 126451, , 
54776, 1241730261370, 1241732521468, 0, 5168, 10, 611, 1062, 77, 33, 89757, 15, 3
54786, 1241730078541, 1241732192887, 0, 261, 2, 116.5, 0, 0, 0, 432820, 1, 
55009, 1241730974282, 1241731246624, 0, 0, 0, 0, 0, 1, 3, 309096, 4, 0
552702, , , 31.8, 0, 0, 0, 0, 5, 7, 92894, , 
555728, 1241730081556, 1241731711599, 0, 868, 2, 282, 828191, 16, 10, 1101, 4, 0
57393, , , 227.29999999999998, 0, 0, 0, 0, 6, 63, 159420, , 
5842, , , 32.400000000000006, 0, 0, 0, 0, 1, 4, 344937, , 
58429, 1241731798946, 1241732719160, 0, 421, 4, 105.25, 0, 7, 5, 10642, 4, 
58859, 1241727340736, 1241731523240, 61.60000000000001, 2617, 9, 365.77777777777777, 43017, 10, 8, 396113, 14, 2
609643, 1241732346819, 1241733323237, 0, 226, 2, 101, 0, 1, 0, 217283, 3, 
61045, , , 39.800000000000004, 0, 0, 0, 0, 7, 7, 74372, , 
616045, 1241732139698, 1241732351088, 0, 0, 0, 0, 0, 0, 0, 162782, 1, 
624632, 1241727617066, 1241727863426, 0, 0, 0, 0, 0, 0, 0, 505544, 2, 
62783, 1241729004648, 1241729363197, 0, 796, 4, 163.75, 0, 0, 0, 86926, 4, 0
63415, 1241730130044, , 0, 1154, 4, 315.25, 0, 10, 1, 8938, 5, 2
66689, , , 23.700000000000003, 0, 0, 0, 0, 4, 11, 124585, , 
68523, 1241730528439, 1241731997534, 0, 86, 1, 86, 0, 0, 0, 351430, 2, 
703094, 1241728180905, 1241729197528, 0, 0, 0, 0, 0, 0, 0, 53030, 3, 
70997, , , 33.6, 0, 0, 0, 0, 35, 1, 397835, , 
713, , , 957.9000000000001, 0, 0, 0, 0, 11, 23, 12, , 
71724, 1241728710261, 1241728784500, 0, 0, 0, 0, 3200, 22, 6, 94103, 12, 4
74412, 1241728529516, 1241729603199, 0, 329, 3, 132.33333333333334, 171193, 0, 0, 102613, 4, 0
746079, 1241730274535, 1241730283681, 0, 0, 0, 0, 0, 0, 0, 0, 1, 
77, 1241730864849, 1241731166268, 0, 0, 0, 0, 171151, 11, 2, 12770, 14, 2
772113, , , 16.1, 0, 0, 0, 0, 1, 0, 510740, , 
83320, , , 14.25, 0, 0, 0, 0, 4, 1, 96838, , 
83621, 1241732209581, 1241732613917, 0, 503, 2, 359.5, 0, 0, 0, 112953, 4, 0
84076, 1241730295051, 1241731661511, 0, 772, 5, 113.2, 0, 0, 0, 217283, 1, 
86926, , , 79.60000000000001, 0, 0, 0, 0, 7, 0, 61045, , 
8938, , , 115.4, 0, 0, 0, 0, 21, 10, 541655, , 
89757, , , 516.8000000000001, 0, 0, 0, 0, 3, 77, 20260, , 
90041, 1241731492673, , 66.9, 2677, 7, 412.85714285714283, 175933, 10, 10, 258951, 12, 14
913044, 1241729487285, 1241730023242, 0, 173, 1, 100, 0, 0, 0, 217283, 1, 
92894, , , 15.9, 0, 0, 0, 0, 1, 5, 106082, , 
93412, 1241732069685, 1241732749152, 0, 371, 3, 122.33333333333333, 0, 0, 0, 420097, 3, 0
967846, 1241729113421, 1241729123858, 0, 0, 0, 0, 0, 0, 0, 0, 1, 
98240, 1241728050714, 1241728105758, 0, 0, 0, 0, 0, 0, 0, 0, 1, 0
982699, 1241729521544, 1241729537430, 0, 0, 0, 0, 0, 0, 0, 0, 1, 
985962, 1241727345135, 1241728078910, 0, 0, 0, 0, 0, 0, 0, 0, 1, 
<<<<EndTable

PlayersOnlineNow=17
PlayersOnlineEachMinute=0, 1, 2, 3, 2, 2, 3, 3, 3, 4, 3, 3, 3, 4, 3, 3, 4, 5, 4, 7, 7, 8, 8, 9, 9, 9, 9, 9, 8, 7, 8, 9, 7, 7, 6, 6, 6, 6, 7, 7, 8, 9, 11, 11, 10, 10, 14, 15, 17, 15, 14, 15, 15, 15, 15, 16, 15, 14, 14, 14, 14, 14, 15, 15, 14, 14, 15, 15, 18, 21, 21, 19, 19, 19, 19, 20, 19, 20, 20, 20, 22, 20, 22, 21, 20, 19, 20, 19, 21, 22, 21, 20, 19, 17, 20, 18, 17, 16, 18, 19, 17, 20, 22, 23, 23, 21, 21, 20, 20, 20, 17, 16, 15, 15, 16, 16, 14, 15, 17, 16
PlayersInEachFeedingGame=1, 1, 1, 1, 1, 1, 1, 2, 1, 2, 2, 2, 2, 1, 1, 2, 2, 2, 1, 2, 2, 2, 1, 2, 1, 2, 2, 1, 2, 2, 2, 2, 2, 1, 1, 1, 1, 1, 2, 2, 1, 2, 2, 2, 2, 1, 1, 2, 2, 2, 1, 1, 2, 2, 2, 2, 2, 2, 2, 2, 2, 2, 1, 2, 1, 2, 1, 1, 4, 1, 1, 2, 1, 1, 3, 1, 2, 1, 2, 1, 2, 2, 1, 2, 1, 1, 1, 2, 2, 1, 2, 1, 1, 1, 1, 2, 2, 1, 2
PlayersStarted=154
PlayersQuit=137
StatsStartTime=1241726206709
StatsDumpTime=1241733407071
<<<<EndStats
2009-05-07 14:58:40,921 ERROR: vampire.server.feeding.FeedingRecord sendPlayerStartGameMsg [playerId=197371, prey=false, _predatorIndex=]
2009-05-07 14:58:46,840 ERROR: vampire.server.feeding.FeedingRecord sendPlayerStartGameMsg [playerId=81454, prey=true, _predatorIndex=]
2009-05-07 14:58:46,841 ERROR: vampire.server.feeding.FeedingRecord sendPlayerStartGameMsg [playerId=1214279, prey=false, _predatorIndex=]
2009-05-07 14:58:50,326 ERROR: vampire.server.feeding.FeedingRecord sendPlayerStartGameMsg [playerId=152142, prey=false, _predatorIndex=]
2009-05-07 14:59:29,822 ERROR: vampire.server.feeding.FeedingRecord sendPlayerStartGameMsg [playerId=502119, prey=false, _predatorIndex=]
2009-05-07 14:59:52,506 ERROR: vampire.server.feeding.FeedingRecord sendPlayerStartGameMsg [playerId=122823, prey=true, _predatorIndex=]
2009-05-07 14:59:52,507 ERROR: vampire.server.feeding.FeedingRecord sendPlayerStartGameMsg [playerId=103033, prey=false, _predatorIndex=]
2009-05-07 15:00:07,432 ERROR: vampire.server.feeding.FeedingRecord sendPlayerStartGameMsg [playerId=90041, prey=false, _predatorIndex=]
2009-05-07 15:00:28,960 ERROR: vampire.server.feeding.FeedingRecord sendPlayerStartGameMsg [playerId=638292, prey=false, _predatorIndex=]
2009-05-07 15:00:30,104 ERROR: vampire.server.feeding.FeedingRecord sendPlayerStartGameMsg [playerId=208217, prey=false, _predatorIndex=502119]
2009-05-07 15:00:33,904 ERROR: vampire.server.feeding.FeedingRecord sendPlayerStartGameMsg [playerId=76572, prey=false, _predatorIndex=]
2009-05-07 15:00:35,133 ERROR: vampire.server.feeding.FeedingRecord sendPlayerStartGameMsg [playerId=208217, prey=false, _predatorIndex=]
2009-05-07 15:01:25,661 ERROR: vampire.server.feeding.FeedingRecord sendPlayerStartGameMsg [playerId=152142, prey=false, _predatorIndex=]
2009-05-07 15:03:05,005 ERROR: vampire.server.feeding.FeedingRecord sendPlayerStartGameMsg [playerId=609643, prey=false, _predatorIndex=]
2009-05-07 15:03:13,157 ERROR: vampire.server.feeding.FeedingRecord sendPlayerStartGameMsg [playerId=502119, prey=true, _predatorIndex=]
2009-05-07 15:03:13,158 ERROR: vampire.server.feeding.FeedingRecord sendPlayerStartGameMsg [playerId=421572, prey=false, _predatorIndex=]
2009-05-07 15:03:13,908 ERROR: vampire.server.feeding.FeedingRecord sendPlayerStartGameMsg [playerId=22279, prey=false, _predatorIndex=]
2009-05-07 15:03:14,891 ERROR: vampire.server.feeding.FeedingRecord sendPlayerStartGameMsg [playerId=76572, prey=false, _predatorIndex=]
2009-05-07 15:03:16,597 ERROR: vampire.server.feeding.FeedingRecord sendPlayerStartGameMsg [playerId=208217, prey=false, _predatorIndex=]
2009-05-07 15:03:58,885 ERROR: vampire.server.feeding.FeedingRecord sendPlayerStartGameMsg [playerId=154004, prey=true, _predatorIndex=]
2009-05-07 15:03:58,885 ERROR: vampire.server.feeding.FeedingRecord sendPlayerStartGameMsg [playerId=152142, prey=false, _predatorIndex=]
2009-05-07 15:04:34,708 ERROR: vampire.server.feeding.FeedingRecord sendPlayerStartGameMsg [playerId=63415, prey=false, _predatorIndex=208217]
2009-05-07 15:05:01,609 ERROR: vampire.server.feeding.FeedingRecord sendPlayerStartGameMsg [playerId=197371, prey=false, _predatorIndex=76572]
2009-05-07 15:05:08,737 ERROR: vampire.server.feeding.FeedingRecord sendPlayerStartGameMsg [playerId=90041, prey=false, _predatorIndex=76572,197371]
2009-05-07 15:05:27,336 ERROR: vampire.server.feeding.FeedingRecord sendPlayerStartGameMsg [playerId=197371, prey=false, _predatorIndex=76572,197371,90041]
2009-05-07 15:05:40,922 ERROR: vampire.server.feeding.FeedingRecord sendPlayerStartGameMsg [playerId=22279, prey=false, _predatorIndex=]
2009-05-07 15:05:45,298 ERROR: vampire.server.feeding.FeedingRecord sendPlayerStartGameMsg [playerId=609643, prey=false, _predatorIndex=421572]
2009-05-07 15:05:47,460 ERROR: vampire.server.feeding.FeedingRecord sendPlayerStartGameMsg [playerId=1214279, prey=true, _predatorIndex=]
2009-05-07 15:05:47,461 ERROR: vampire.server.feeding.FeedingRecord sendPlayerStartGameMsg [playerId=152142, prey=false, _predatorIndex=]
2009-05-07 15:06:04,564 ERROR: vampire.server.feeding.FeedingRecord sendPlayerStartGameMsg [playerId=63415, prey=false, _predatorIndex=421572,609643]
2009-05-07 15:06:15,799 ERROR: vampire.server.feeding.FeedingRecord sendPlayerStartGameMsg [playerId=208217, prey=false, _predatorIndex=]
2009-05-07 15:06:28,702 ERROR: vampire.server.feeding.FeedingRecord sendPlayerStartGameMsg [playerId=154238, prey=false, _predatorIndex=]

