
>>>>BeginStats

>>>>BeginTable
PlayerId, StartTime, EndTime, ProgenyPayout, XPFromFeeding, FeedingGames, MeanFeedingScore, BloodBond, Progeny, GrandProgeny, Sire, Level, Invites
100300, 1241661622912, 1241661722157, 0, 0, 0, 0, 0, 1, 0, 447249, 4, 0
101589, 1241671267062, 1241673011648, 0, 2234, 8, 289.25, 0, 0, 0, 97971, 4, 0
10260, 1241669953587, 1241678428820, 201.20000000000002, 23821, 55, 269.9636363636365, 8527, 10, 9, 713, 15, 2
103033, 1241660835823, 1241663136309, 90.3, 421, 3, 222, 767143, 12, 14, 81899, 6, 1
103053, , , 111.7, 0, 0, 0, 0, 3, 4, 96213, , 
1032421, 1241665694317, 1241671586592, 43.7, 3136, 11, 369.6363636363636, 0, 8, 1, 990799, 7, 1
1032874, 1241662043850, 1241662132682, 0, 0, 0, 0, 1090611, 4, 0, 1127083, 4, 
1043, 1241672007038, 1241673010074, 0, 5132, 9, 711.1111111111111, 453, 5, 2, 12, 13, 3
1047840, 1241670933312, 1241671088581, 55.599999999999994, 1144, 5, 205.2, 1106386, 5, 0, 408501, 5, 1
1062, 1241672167081, , 0, 28093, 50, 484.72, 17790, 11, 7, 713, 16, 2
1062231, 1241661124756, 1241662524378, 0, 215, 2, 98.5, 0, 0, 0, 218716, 2, 
1062853, , , 115.85000000000002, 0, 0, 0, 0, 9, 18, 1124214, , 
10642, 1241661852167, 1241662243197, 0, 0, 0, 0, 447249, 32, 46, 351598, 15, 2
107345, 1241662321683, 1241662327442, 0, 0, 0, 0, 0, 0, 0, 0, 1, 
1088592, 1241668124576, 1241668376974, 0, 0, 0, 0, 0, 0, 0, 836050, 1, 
1089041, 1241660858343, 1241663768138, 0, 675, 8, 84.25, 0, 0, 0, 10260, 3, 
1090131, 1241663797762, 1241664053061, 0, 339, 1, 147, 0, 0, 0, 555728, 3, 
1090611, 1241671302483, 1241673435498, 0, 0, 0, 0, 1032874, 2, 0, 1032648, 4, 
1092321, 1241676771239, 1241677199196, 160.10000000000002, 186, 1, 211, 53030, 29, 34, 35568, 10, 3
1100116, 1241661702474, 1241662316971, 0, 190, 3, 78.66666666666667, 0, 0, 0, 103033, 2, 
1101, , , 16.95, 0, 0, 0, 0, 2, 16, 239981, , 
110735, 1241665779826, 1241669036985, 0, 970, 5, 99.8, 0, 0, 0, 408501, 1, 
1108399, 1241669256684, 1241669876937, 0, 0, 0, 0, 0, 0, 0, 153097, 2, 
1109070, 1241675045981, 1241675049465, 0, 0, 0, 0, 0, 0, 0, 1092321, 2, 
1117799, 1241666767915, 1241666821161, 0, 0, 0, 0, 0, 1, 0, 592692, 4, 
1122449, , , 68.9, 0, 0, 0, 0, 10, 7, 555728, , 
1124156, 1241671085336, 1241671558938, 0, 7386, 19, 487.7368421052632, 269484, 6, 2, 184671, 7, 1
1124214, , , 54.75, 0, 0, 0, 0, 6, 9, 1122449, , 
1126061, , , 44.5, 0, 0, 0, 0, 2, 0, 52350, , 
1127083, 1241666673185, 1241666994868, 18.6, 186, 1, 249, 998652, 20, 5, 998652, 5, 1
112953, , , 12.25, 0, 0, 0, 0, 3, 7, 241176, , 
1141325, 1241676838178, 1241677200294, 0, 316, 1, 107, 0, 0, 0, 207386, 1, 
1145581, 1241661292774, 1241661843931, 0, 445, 3, 148.33333333333334, 0, 0, 0, 1126061, 3, 
11460, , , 363.54999999999995, 0, 0, 0, 0, 1, 11, 41022, , 
1148755, 1241662905296, 1241663517020, 139.6, 115, 1, 230, 0, 21, 1, 1092321, 7, 5
1155409, , , 67.14999999999999, 0, 0, 0, 0, 2, 6, 674637, , 
1162172, 1241677682581, 1241678818158, 0, 1576, 9, 145.66666666666666, 1181188, 0, 0, 835426, 3, 
116548, 1241660846574, 1241662096976, 0, 268, 3, 89.33333333333333, 0, 0, 0, 0, 1, 0
1179965, 1241672380394, 1241672409821, 0, 0, 0, 0, 0, 0, 0, 0, 1, 
118010, , , 9.15, 0, 0, 0, 0, 2, 2, 115181, , 
1181915, 1241675413756, 1241677174758, 16.400000000000002, 787, 3, 177.33333333333334, 0, 1, 0, 311783, 2, 
1189990, 1241668186249, 1241671376982, 0, 556, 3, 134.33333333333334, 0, 0, 0, 1047840, 1, 
12, , , 12033.55000000001, 0, 0, 0, 0, 20, 108, 383387, , 
120374, 1241668761215, 1241668770479, 0, 0, 0, 0, 0, 0, 0, 211710, 3, 0
1214279, 1241660838115, 1241661156356, 0, 0, 0, 0, 0, 3, 0, 1152211, 3, 
1217223, 1241677695117, 1241678006635, 0, 129, 1, 106, 0, 0, 0, 1261178, 1, 
1217334, 1241667227275, 1241667643334, 0, 0, 0, 0, 0, 0, 0, 1032421, 2, 
1227772, 1241665862011, 1241666444286, 0, 390, 2, 151, 0, 0, 0, 87714, 1, 
1228272, 1241672283298, 1241672484120, 0, 211, 2, 126, 0, 0, 0, 70997, 3, 
1229, 1241677777871, , 0, 5420, 12, 693.0833333333334, 0, 5, 9, 713, 12, 3
122907, , , 576.5999999999999, 0, 0, 0, 0, 6, 10, 251062, , 
1229552, 1241661426902, 1241661773414, 0, 120, 1, 131, 0, 0, 0, 900329, 2, 
123534, 1241663892240, 1241664056969, 0, 0, 0, 0, 0, 0, 0, 931, 1, 0
1237789, , , 10.100000000000001, 0, 0, 0, 0, 1, 5, 510740, , 
123961, 1241660925734, 1241661932964, 331.85, 1784, 4, 592, 878, 5, 22, 713, 15, 2
1241484, 1241671286506, 1241671314671, 0, 0, 0, 0, 0, 0, 0, 0, 1, 
1254611, 1241671078897, 1241673118914, 0, 499, 4, 94, 0, 0, 0, 1148755, 2, 
1254726, 1241676357161, 1241677174132, 0, 721, 5, 150.2, 1111604, 0, 0, 502119, 3, 
1254782, 1241670763274, 1241672530568, 0, 821, 7, 85.14285714285714, 0, 0, 0, 171151, 1, 
1255618, 1241664056167, 1241665355868, 0, 1378, 8, 120.75, 0, 2, 0, 206148, 3, 
1255708, 1241662540115, 1241662560854, 0, 0, 0, 0, 0, 0, 0, 0, 1, 
1257513, 1241668627713, 1241669517224, 0, 437, 4, 103.75, 0, 0, 0, 1032421, 1, 
1257548, 1241664264995, 1241664932938, 0, 956, 3, 115, 0, 0, 0, 70997, 1, 
125837, 1241662793788, 1241663684804, 0, 1258, 3, 616.6666666666666, 0, 2, 0, 336524, 6, 1
1259251, 1241676227406, 1241676680004, 0, 124, 1, 113, 0, 0, 0, 297380, 1, 
1261178, 1241675965378, 1241678412650, 21.5, 564, 5, 141.8, 0, 6, 0, 1155409, 5, 1
1265, , , 11.850000000000001, 0, 0, 0, 0, 15, 29, 12, , 
1266077, 1241665157560, 1241665555685, 0, 0, 0, 0, 0, 0, 0, 1093416, 1, 
1275599, 1241667731710, 1241667743287, 0, 0, 0, 0, 0, 0, 0, 0, 1, 
12770, , , 260.5, 0, 0, 0, 0, 23, 27, 383387, , 
12791, 1241665373062, 1241665529104, 0, 0, 0, 0, 0, 15, 23, 12, 12, 2
127942, , , 36.300000000000004, 0, 0, 0, 0, 7, 3, 133611, , 
1279761, 1241662848678, 1241664001280, 0, 441, 3, 103.33333333333333, 0, 0, 0, 171513, 2, 
1281427, 1241668040281, 1241668061479, 0, 186, 1, 123, 0, 0, 0, 1127083, 1, 
1285629, 1241670031692, 1241670069482, 0, 0, 0, 0, 0, 0, 0, 0, 1, 
1299868, 1241665954408, 1241666020639, 0, 0, 0, 0, 0, 0, 0, 0, 1, 
1302055, 1241669019461, 1241670162060, 0, 133, 1, 113, 0, 0, 0, 35568, 1, 
1303160, 1241668653054, 1241668689698, 0, 0, 0, 0, 0, 0, 0, 0, 1, 
1304775, 1241671029672, 1241671033054, 0, 0, 0, 0, 0, 0, 0, 0, 1, 
1304828, 1241662956363, 1241663319853, 0, 0, 0, 0, 0, 0, 0, 0, 1, 
1305200, 1241663441479, 1241663535881, 0, 0, 0, 0, 0, 0, 0, 0, 1, 
1305314, 1241664132793, 1241664313662, 0, 0, 0, 0, 0, 0, 0, 127942, 1, 
1305400, 1241664274190, 1241664514361, 0, 151, 1, 104, 0, 0, 0, 10260, 1, 
1305550, 1241668759468, 1241668775990, 0, 0, 0, 0, 0, 0, 0, 0, 1, 
1305579, 1241665863069, 1241665881882, 0, 0, 0, 0, 0, 0, 0, 0, 1, 
1306148, 1241669730367, 1241670020503, 0, 0, 0, 0, 0, 0, 0, 0, 1, 
1306347, 1241674819524, 1241674951466, 0, 0, 0, 0, 0, 0, 0, 0, 1, 
1306637, 1241671721864, 1241672418481, 0, 475, 3, 125.66666666666667, 0, 0, 0, 336524, 1, 
1306703, 1241678111083, , 0, 596, 3, 114.33333333333333, 0, 0, 0, 336524, 1, 0
1306745, 1241675631171, 1241676102671, 0, 164, 1, 181, 0, 0, 0, 1181915, 1, 
1306779, 1241675474990, 1241675791880, 0, 0, 0, 0, 0, 0, 0, 0, 1, 
1306959, 1241677774442, 1241678100933, 0, 127, 1, 108, 0, 0, 0, 0, 1, 
1307042, 1241676172092, 1241676291937, 0, 0, 0, 0, 0, 0, 0, 0, 1, 
1307240, 1241677989813, 1241678097012, 0, 0, 0, 0, 0, 0, 0, 0, 1, 
1307365, 1241676334029, 1241676396008, 0, 0, 0, 0, 0, 0, 0, 8401, 1, 
132921, 1241666439628, 1241670767243, 0, 149, 1, 160, 0, 8, 0, 211601, 6, 2
133611, , , 18.150000000000002, 0, 0, 0, 0, 5, 7, 168422, , 
137784, 1241668016532, 1241669036997, 0, 245, 2, 95, 0, 0, 0, 153510, 3, 0
139153, 1241666607530, 1241666611096, 0, 0, 0, 0, 0, 0, 0, 0, 1, 0
139864, 1241672485790, 1241672540406, 0, 0, 0, 0, 0, 0, 0, 205658, 4, 0
141364, , , 52.300000000000004, 0, 0, 0, 0, 6, 7, 16514, , 
142849, , , 50, 0, 0, 0, 0, 1, 0, 152651, , 
143538, , , 4.55, 0, 0, 0, 0, 2, 23, 1531, , 
14467, 1241665762695, 1241666988835, 0, 1716, 4, 445.5, 0, 4, 0, 58859, 4, 3
145896, , , 51.25, 0, 0, 0, 0, 6, 3, 225840, , 
147436, 1241664819469, 1241665124439, 0, 510, 2, 125.5, 0, 0, 0, 0, 1, 
147608, , , 141.4, 0, 0, 0, 0, 8, 2, 502119, , 
147628, , , 30.400000000000002, 0, 0, 0, 0, 6, 3, 63846, , 
152651, , , 25, 0, 0, 0, 0, 1, 1, 167153, , 
152662, 1241661331551, 1241661367128, 0, 0, 0, 0, 0, 0, 0, 0, 1, 
153097, 1241673336192, 1241676185474, 12.700000000000001, 1095, 5, 190.4, 1110484, 18, 0, 1062853, 4, 15
1531, 1241670953976, 1241673685530, 65.7, 2588, 5, 643.8, 503, 6, 14, 12, 15, 3
153221, , , 89.4, 0, 0, 0, 0, 3, 0, 166991, , 
153510, , , 24.5, 0, 0, 0, 0, 7, 1, 112953, , 
156489, 1241670174830, 1241670952690, 35.2, 2681, 5, 528.6, 154238, 16, 23, 713, 9, 1
16514, , , 26.150000000000002, 0, 0, 0, 0, 5, 8, 1062, , 
166371, , , 370.8, 0, 0, 0, 0, 4, 11, 267622, , 
166991, , , 44.7, 0, 0, 0, 0, 2, 3, 69257, , 
167153, , , 119.65000000000002, 0, 0, 0, 0, 3, 14, 12, , 
168214, 1241661348213, 1241661552597, 0, 0, 0, 0, 0, 4, 5, 190430, 6, 4
168962, 1241666183309, 1241666838780, 0, 425, 2, 158, 0, 0, 0, 0, 1, 
169321, , , 126.9, 0, 0, 0, 0, 1, 1, 224647, , 
170191, , , 100.25, 0, 0, 0, 0, 3, 10, 202873, , 
171151, 1241670780750, 1241672996935, 72.3, 3069, 8, 511, 77, 40, 18, 21067, 14, 3
171513, 1241664267089, 1241664275897, 413.4000000000001, 782, 3, 271.6666666666667, 0, 10, 7, 170191, 12, 2
173571, , , 32.4, 0, 0, 0, 0, 3, 0, 233753, , 
176940, 1241660835774, 1241661673218, 0, 120, 1, 137, 0, 0, 0, 0, 1, 
17790, 1241672296580, , 0, 27243, 46, 789.3913043478261, 1062, 12, 13, 20260, 16, 3
178956, 1241675191615, 1241675232915, 0, 0, 0, 0, 0, 0, 0, 0, 1, 0
181264, , , 458.30000000000007, 0, 0, 0, 0, 2, 2, 3812, , 
182851, 1241664906641, 1241665502880, 0, 1269, 1, 438, 0, 1, 0, 169321, 4, 0
184671, , , 738.6000000000001, 0, 0, 0, 0, 1, 6, 171513, , 
185505, , , 102.5, 0, 0, 0, 0, 3, 0, 145896, , 
188229, , , 10.75, 0, 0, 0, 0, 2, 13, 168234, , 
191950, , , 65, 0, 0, 0, 0, 1, 6, 191984, , 
191984, , , 32.5, 0, 0, 0, 0, 18, 1, 142178, , 
1923, 1241661354021, 1241666124744, 0, 1157, 4, 302.5, 0, 0, 0, 995, 4, 
192883, 1241669112195, 1241669121836, 0, 0, 0, 0, 0, 9, 3, 210210, 7, 5
195719, 1241676060742, 1241677106325, 0, 894, 6, 134, 0, 0, 0, 153221, 3, 0
195736, , , 568.75, 0, 0, 0, 0, 6, 26, 334835, , 
196543, 1241661846385, 1241662296196, 0, 204, 1, 251, 0, 6, 0, 32314, 4, 1
19658, , , 36.5, 0, 0, 0, 0, 1, 1, 118975, , 
19693, , , 73, 0, 0, 0, 0, 1, 0, 19658, , 
198228, 1241675823713, 1241676416977, 0, 185, 1, 102, 0, 0, 0, 336524, 1, 
20260, 1241678344197, , 2724.2999999999997, 2081, 2, 1137.5, 0, 18, 45, 12, 17, 13
202873, , , 39.1, 0, 0, 0, 0, 1, 3, 341164, , 
205330, , , 5.25, 0, 0, 0, 0, 1, 2, 273767, , 
205955, 1241666101801, 1241667098782, 0, 324, 3, 95.66666666666667, 0, 0, 0, 173571, 4, 0
206148, , , 137.8, 0, 0, 0, 0, 1, 2, 1122449, , 
207386, 1241676711496, 1241678255313, 31.6, 2393, 9, 346.22222222222223, 209944, 1, 0, 209656, 8, 1
209656, , , 255.1, 0, 0, 0, 0, 6, 6, 167153, , 
210163, , , 420.90000000000003, 0, 0, 0, 0, 12, 19, 255725, , 
21067, , , 343.05, 0, 0, 0, 0, 2, 40, 302907, , 
211601, , , 14.9, 0, 0, 0, 0, 1, 8, 7078, , 
213596, 1241671245782, 1241672336989, 0, 183, 1, 117, 0, 0, 0, 452553, 4, 0
214060, 1241669926406, 1241670989513, 0, 500, 5, 92.2, 0, 0, 0, 142849, 3, 0
217283, , , 83.19999999999999, 0, 0, 0, 0, 1, 3, 57393, , 
218716, , , 21.5, 0, 0, 0, 0, 13, 0, 188229, , 
22279, 1241662395344, 1241663113015, 0, 314, 2, 164.5, 0, 0, 0, 0, 2, 
223494, , , 73.15, 0, 0, 0, 0, 1, 1, 179687, , 
224484, 1241669802525, 1241670402512, 0, 730, 4, 149.25, 0, 0, 0, 19693, 2, 0
224647, , , 63.45, 0, 0, 0, 0, 1, 1, 234337, , 
227007, 1241665961673, 1241668041105, 0, 2496, 7, 341, 0, 3, 5, 43402, 8, 1
22707, , , 573.25, 0, 0, 0, 0, 7, 11, 8842, , 
233753, , , 16.2, 0, 0, 0, 0, 1, 3, 380604, , 
251062, , , 288.29999999999995, 0, 0, 0, 0, 6, 17, 296361, , 
254043, 1241668208545, 1241668239300, 0, 0, 0, 0, 0, 0, 0, 17790, 2, 0
256593, 1241672304629, 1241673884107, 0, 1414, 6, 163.33333333333334, 0, 0, 0, 147608, 3, 0
256746, , , 15.4, 0, 0, 0, 0, 5, 30, 61984, , 
258951, 1241672504308, 1241672529605, 39.650000000000006, 0, 0, 0, 318242, 23, 32, 1265, 12, 17
259344, , , 37.300000000000004, 0, 0, 0, 0, 23, 7, 143538, , 
2606, 1241666523053, 1241667896957, 0, 1505, 3, 720.6666666666666, 0, 8, 2, 307471, 6, 1
264673, 1241664240423, 1241665171988, 0, 0, 0, 0, 0, 0, 0, 28294, 3, 0
267622, , , 185.4, 0, 0, 0, 0, 2, 4, 1632, , 
269484, 1241677302964, 1241677529217, 0, 3708, 10, 398.8, 1124156, 10, 0, 166371, 9, 2
271936, 1241660890342, 1241663282629, 0, 0, 0, 0, 0, 3, 0, 887964, 4, 
272402, 1241670150419, 1241670980013, 0, 237, 2, 73, 0, 0, 0, 0, 1, 
280406, 1241662532678, 1241662537503, 0, 0, 0, 0, 0, 0, 0, 556276, 1, 
280766, 1241668723322, 1241670865997, 0, 0, 0, 0, 0, 0, 0, 83959, 4, 0
283059, 1241660829559, 1241661066174, 0, 0, 0, 0, 0, 0, 0, 0, 1, 
2843, , , 262.7, 0, 0, 0, 0, 8, 22, 3383, , 
291108, 1241665746881, 1241665774700, 0, 0, 0, 0, 0, 0, 0, 171513, 2, 
297380, , , 12.4, 0, 0, 0, 0, 11, 0, 90015, , 
298666, 1241668292025, 1241668717405, 56.400000000000006, 91, 1, 181, 868186, 7, 0, 259344, 7, 2
302907, , , 153.45, 0, 0, 0, 0, 2, 2, 283855, , 
307471, , , 490.80000000000007, 0, 0, 0, 0, 6, 18, 12, , 
30940, 1241663952296, 1241664799638, 0, 1314, 4, 414.75, 0, 0, 0, 8842, 4, 
311783, 1241670553705, 1241677156142, 86.9, 3242, 9, 477.6666666666667, 0, 11, 3, 11460, 9, 7
316089, 1241669999888, 1241670083346, 0, 0, 0, 0, 288860, 8, 1, 288860, 8, 5
32169, 1241663084410, 1241663563009, 0, 1186, 3, 613.6666666666666, 219, 8, 0, 10260, 14, 5
322949, 1241663521399, 1241664557742, 0, 265, 3, 88.33333333333333, 0, 0, 0, 0, 1, 
32314, , , 20.400000000000002, 0, 0, 0, 0, 10, 6, 40508, , 
334835, , , 216.59999999999997, 0, 0, 0, 0, 2, 6, 143501, , 
336228, 1241668761422, 1241668770516, 852.5000000000001, 0, 0, 0, 351430, 10, 21, 307471, 12, 4
336524, 1241665546129, , 271.1, 4332, 16, 347.625, 101052, 26, 6, 195736, 11, 2
3383, , , 131.35, 0, 0, 0, 0, 6, 8, 12791, , 
351430, 1241668762462, 1241668770102, 363.3, 6806, 18, 335.27777777777777, 336228, 14, 47, 336228, 13, 2
35568, 1241667801694, 1241669486759, 37.650000000000006, 237, 2, 128, 0, 3, 29, 258951, 4, 
37261, 1241668790977, 1241668994938, 0, 101, 1, 201, 0, 5, 0, 1237789, 5, 1
376717, 1241666178785, 1241666608907, 0, 0, 0, 0, 0, 0, 0, 811852, 1, 
380174, , , 21.35, 0, 0, 0, 0, 2, 2, 205330, , 
3812, , , 229.15000000000003, 0, 0, 0, 0, 1, 2, 65584, , 
383387, , , 3032.8, 0, 0, 0, 0, 7, 57, 0, , 
396113, , , 765.6999999999999, 0, 0, 0, 0, 2, 9, 44987, , 
397835, , , 222.5, 0, 0, 0, 0, 5, 35, 47379, , 
397865, 1241678596346, , 0, 0, 0, 0, 0, 0, 0, 0, 2, 0
40508, , , 10.200000000000001, 0, 0, 0, 0, 1, 10, 23340, , 
408501, 1241665983025, 1241667038428, 195.40000000000003, 1664, 5, 329.6, 402647, 8, 20, 637936, 11, 2
41022, , , 162.1, 0, 0, 0, 0, 2, 1, 412796, , 
4139, 1241675490635, , 50.25000000000001, 15619, 30, 731.0666666666667, 44987, 22, 23, 713, 18, 3
416503, 1241662571280, 1241663134150, 0, 1365, 3, 166.66666666666666, 0, 3, 0, 82321, 3, 1
421572, 1241661012321, 1241665441778, 0, 564, 3, 100.66666666666667, 0, 0, 0, 298666, 2, 0
430717, , , 30.8, 0, 0, 0, 0, 30, 0, 256746, , 
432820, 1241677590424, 1241678726966, 0, 4583, 16, 215.6875, 0, 2, 1, 181264, 6, 2
43402, , , 249.60000000000002, 0, 0, 0, 0, 12, 8, 123961, , 
438751, , , 841.8000000000001, 0, 0, 0, 0, 19, 5, 210163, , 
447249, 1241667295495, 1241670656206, 0, 0, 0, 0, 10642, 4, 4, 199427, 15, 2
44987, 1241661545710, 1241664836952, 339.95000000000005, 2605, 6, 681.1666666666666, 4139, 17, 18, 12770, 14, 2
452553, , , 18.3, 0, 0, 0, 0, 2, 0, 118010, , 
453, 1241672312744, 1241673482964, 0, 4141, 6, 508.5, 1043, 2, 0, 878, 11, 2
462408, 1241671666189, 1241672216981, 0, 650, 2, 306.5, 121604, 6, 1, 191950, 10, 2
47379, , , 82.7, 0, 0, 0, 0, 4, 5, 54776, , 
502119, 1241661564060, 1241665881778, 142.8, 5372, 17, 289.70588235294116, 520359, 11, 14, 22707, 10, 2
503, , , 1724.6000000000006, 0, 0, 0, 0, 5, 2, 12, , 
504207, 1241660859355, 1241663294068, 0, 1005, 7, 92.42857142857143, 0, 1, 1, 506297, 3, 0
506086, 1241669725688, 1241669812694, 0, 0, 0, 0, 0, 0, 0, 103504, 2, 
506297, , , 100.50000000000001, 0, 0, 0, 0, 5, 1, 4139, , 
510740, , , 5.050000000000001, 0, 0, 0, 0, 70, 13, 534632, , 
5212, 1241674421796, 1241674597417, 0, 352, 1, 364, 2843, 17, 16, 156489, 14, 2
52350, , , 22.25, 0, 0, 0, 0, 5, 2, 674637, , 
524637, 1241668964604, 1241669041700, 0, 330, 2, 156, 0, 1, 0, 83320, 3, 
524990, 1241678737734, , 0, 0, 0, 0, 0, 0, 0, 1148755, 2, 0
53030, 1241677210111, , 0, 5766, 16, 381.8125, 1092321, 10, 6, 122907, 14, 3
533476, 1241665150864, 1241665179033, 0, 0, 0, 0, 520205, 0, 0, 520205, 1, 0
535, 1241665153752, 1241670116987, 0, 304, 1, 326, 533, 3, 2, 147628, 13, 3
538369, 1241667347900, 1241669230992, 0, 197, 1, 186, 203784, 2, 0, 351430, 8, 1
543213, 1241667621036, 1241668713674, 0, 317, 3, 111.33333333333333, 0, 0, 0, 575140, 2, 0
547342, 1241670256386, 1241670674550, 0, 127, 1, 47, 0, 0, 0, 153097, 1, 
54776, 1241673722308, 1241675176208, 0, 0, 0, 0, 0, 77, 33, 89757, 15, 3
54865, 1241670688400, 1241670777038, 0, 0, 0, 0, 0, 0, 0, 0, 1, 
555728, , , 33.9, 0, 0, 0, 0, 16, 10, 1101, , 
562788, , , 21.800000000000004, 0, 0, 0, 0, 1, 5, 409656, , 
564162, 1241665990927, 1241666896697, 0, 523, 3, 174.33333333333334, 176275, 7, 0, 141364, 6, 6
575140, , , 31.700000000000003, 0, 0, 0, 0, 2, 0, 603011, , 
57717, , , 68.25, 0, 0, 0, 0, 4, 6, 110178, , 
57871, 1241666081074, 1241667075973, 0, 897, 3, 351, 0, 0, 0, 1148755, 4, 0
58859, 1241673444630, , 171.60000000000002, 6799, 14, 670.9285714285714, 43017, 9, 8, 396113, 14, 2
597005, 1241664836342, 1241665500959, 0, 436, 3, 238, 0, 2, 1, 603011, 4, 0
603011, , , 59.45000000000001, 0, 0, 0, 0, 5, 4, 562788, , 
610724, 1241673604719, 1241674028086, 0, 363, 1, 267, 0, 3, 0, 127942, 3, 4
611099, 1241668760681, 1241668768612, 0, 0, 0, 0, 0, 0, 0, 336228, 1, 
624485, 1241661372698, 1241661837018, 0, 0, 0, 0, 0, 0, 0, 562953, 2, 
624616, 1241662628495, 1241662749409, 0, 0, 0, 0, 0, 1, 0, 104252, 2, 
632900, 1241671558642, 1241671715732, 0, 0, 0, 0, 0, 0, 0, 0, 1, 
637936, , , 250.2, 0, 0, 0, 0, 3, 8, 217283, , 
63846, , , 15.200000000000001, 0, 0, 0, 0, 1, 6, 65246, , 
645293, 1241668538918, 1241668544812, 0, 0, 0, 0, 0, 0, 0, 0, 1, 
674637, , , 28.2, 0, 0, 0, 0, 11, 7, 1192337, , 
68238, 1241662758768, 1241663456999, 21.700000000000003, 105, 1, 111, 0, 2, 0, 380174, 2, 
68523, 1241661522689, 1241662230230, 0, 242, 1, 166, 0, 0, 0, 351430, 2, 
696029, 1241667795817, 1241668863196, 0, 308, 3, 97, 0, 0, 0, 430717, 2, 
70557, , , 6, 0, 0, 0, 0, 5, 24, 502119, , 
7078, , , 7.45, 0, 0, 0, 0, 9, 3, 177916, , 
70997, 1241663487164, 1241666338581, 114.2, 1654, 6, 454, 1010692, 35, 32, 397835, 12, 3
713, 1241672755493, , 7860.000000000001, 29028, 58, 333.0344827586206, 1265, 11, 76, 12, 19, 6
71724, 1241662496905, 1241663883531, 0, 1463, 3, 281, 3200, 19, 5, 94103, 12, 4
72927, 1241661117480, 1241662680110, 0, 1025, 8, 110.375, 0, 0, 0, 185505, 2, 0
75123, 1241671847559, 1241678456118, 0, 2627, 5, 481.2, 101358, 14, 14, 2843, 12, 4
757, 1241678120750, 1241678427556, 0, 0, 0, 0, 0, 4, 1, 74372, 6, 3
778434, 1241677999584, , 0, 0, 0, 0, 0, 1, 0, 9093, 3, 0
8013, 1241661707028, 1241661771795, 0, 0, 0, 0, 0, 0, 0, 1124156, 3, 
802319, , , 21.05, 0, 0, 0, 0, 2, 6, 773108, , 
81899, , , 87.25000000000001, 0, 0, 0, 0, 6, 12, 802319, , 
82321, , , 136.5, 0, 0, 0, 0, 6, 4, 57717, , 
825362, 1241662540099, 1241663190232, 0, 217, 2, 105, 0, 0, 0, 68238, 1, 
83320, , , 33, 0, 0, 0, 0, 4, 1, 96838, , 
835426, , , 157.6, 0, 0, 0, 0, 2, 0, 1092321, , 
836417, , , 156.8, 0, 0, 0, 0, 3, 5, 582081, , 
8401, 1241676283373, 1241677320239, 0, 713, 3, 269.6666666666667, 413254, 8, 1, 103033, 6, 5
8527, 1241675575002, 1241677462870, 0, 17246, 45, 364.1777777777778, 10260, 2, 0, 503, 11, 2
859397, 1241665191625, , 0, 0, 0, 0, 0, 0, 0, 0, 1, 0
87600, 1241661014513, 1241661311635, 0, 122, 1, 122, 0, 0, 0, 0, 1, 
87714, 1241664877991, 1241667335073, 39, 2999, 8, 369.375, 0, 10, 3, 351430, 11, 6
878, 1241669493866, 1241669502092, 414.1, 0, 0, 0, 123961, 8, 10, 123961, 11, 2
880098, 1241665260356, 1241665282633, 0, 0, 0, 0, 0, 0, 0, 0, 1, 
8842, , , 400, 0, 0, 0, 0, 12, 8, 1531, , 
90015, , , 6.2, 0, 0, 0, 0, 2, 11, 101282, , 
900329, , , 12, 0, 0, 0, 0, 24, 5, 70557, , 
931, 1241669877888, 1241671146193, 0, 3344, 6, 722.3333333333334, 1066, 9, 6, 12, 12, 3
94103, , , 146.3, 0, 0, 0, 0, 1, 19, 223494, , 
953595, 1241676980681, 1241677732189, 0, 86, 1, 55, 0, 0, 0, 1261178, 1, 
96230, 1241677713270, 1241678146983, 0, 309, 1, 132, 0, 0, 0, 336524, 1, 
96838, , , 16.5, 0, 0, 0, 0, 1, 4, 166371, , 
97875, 1241666847576, 1241667150464, 0, 0, 0, 0, 0, 0, 0, 0, 1, 
97971, , , 223.4, 0, 0, 0, 0, 4, 0, 103053, , 
988642, 1241669932763, 1241674818287, 0, 8418, 21, 353.7142857142857, 675483, 5, 0, 438751, 7, 2
990799, , , 344.75, 0, 0, 0, 0, 5, 14, 836417, , 
991128, 1241670592298, 1241670957014, 0, 0, 0, 0, 0, 0, 0, 625835, 1, 
995, 1241668528096, , 115.70000000000002, 15878, 29, 604.8965517241379, 12, 12, 23, 12, 15, 5
998652, , , 27.900000000000002, 0, 0, 0, 0, 3, 20, 990799, , 
<<<<EndTable

PlayersOnlineNow=15
PlayersOnlineEachMinute=0, 13, 17, 17, 18, 20, 21, 22, 23, 24, 25, 25, 26, 26, 27, 27, 25, 23, 25, 24, 24, 25, 23, 23, 21, 20, 19, 20, 22, 21, 22, 21, 22, 23, 24, 25, 26, 26, 27, 25, 24, 23, 21, 21, 21, 22, 22, 21, 20, 19, 19, 18, 21, 21, 18, 18, 19, 20, 22, 21, 21, 20, 19, 19, 19, 18, 18, 18, 20, 19, 19, 21, 18, 20, 20, 18, 17, 16, 15, 14, 13, 14, 16, 16, 18, 16, 20, 20, 22, 21, 23, 23, 22, 22, 22, 23, 23, 22, 23, 25, 25, 25, 24, 22, 20, 19, 17, 19, 19, 20, 20, 20, 20, 21, 21, 22, 20, 23, 22, 22, 23, 22, 24, 26, 25, 26, 25, 24, 24, 25, 24, 26, 24, 27, 26, 26, 27, 24, 24, 24, 24, 24, 24, 24, 22, 20, 20, 20, 20, 22, 22, 22, 24, 27, 26, 24, 26, 26, 27, 27, 26, 26, 27, 28, 27, 27, 26, 25, 24, 23, 22, 17, 16, 18, 21, 22, 21, 22, 22, 22, 21, 22, 21, 20, 22, 22, 21, 22, 19, 20, 19, 19, 21, 21, 20, 19, 18, 19, 19, 20, 20, 21, 21, 18, 18, 17, 17, 17, 17, 19, 19, 18, 18, 18, 18, 18, 18, 18, 17, 17, 16, 16, 16, 16, 15, 16, 17, 17, 16, 16, 15, 15, 15, 15, 15, 14, 13, 13, 13, 13, 13, 13, 13, 14, 15, 17, 17, 18, 18, 18, 18, 18, 18, 18, 21, 20, 21, 22, 22, 24, 22, 22, 22, 22, 22, 22, 23, 24, 23, 23, 24, 24, 21, 17, 18, 17, 17, 17, 16, 15, 16, 18, 17, 19, 19, 19, 20, 21, 19, 19, 19, 18, 19, 18, 15, 15, 16, 16, 16, 16
PlayersInEachFeedingGame=1, 1, 1, 2, 2, 1, 2, 1, 1, 1, 2, 1, 1, 1, 3, 1, 1, 2, 1, 2, 2, 2, 2, 2, 1, 2, 2, 2, 2, 1, 2, 2, 2, 2, 1, 2, 2, 2, 1, 1, 2, 1, 2, 1, 2, 2, 2, 2, 2, 1, 2, 2, 2, 2, 2, 1, 2, 2, 1, 2, 1, 2, 2, 2, 1, 2, 2, 2, 2, 2, 2, 2, 2, 2, 2, 2, 2, 2, 1, 2, 2, 2, 1, 2, 2, 2, 2, 1, 2, 2, 2, 2, 3, 2, 2, 2, 2, 2, 1, 2, 2, 1, 2, 2, 2, 1, 2, 2, 2, 2, 2, 3, 1, 2, 2, 2, 1, 2, 2, 2, 2, 2, 2, 2, 2, 1, 1, 1, 2, 2, 2, 2, 2, 1, 2, 3, 2, 1, 2, 2, 1, 1, 1, 2, 1, 2, 1, 2, 2, 2, 1, 2, 2, 2, 2, 2, 2, 2, 2, 2, 2, 2, 2, 2, 7, 2, 1, 1, 2, 2, 2, 2, 2, 3, 1, 2, 1, 2, 1, 2, 2, 2, 1, 2, 2, 2, 1, 1, 2, 1, 4, 2, 2, 2, 2, 2, 2, 2, 1, 2, 2, 2, 1, 1, 1, 2, 2, 2, 2, 2, 1, 1, 2, 1, 2, 3, 2, 2, 2, 2, 2, 2, 2, 2, 2, 2, 2, 1, 2, 2, 2, 4, 1, 1, 2, 1, 2, 2, 2, 2, 2, 1, 2, 2, 2, 2, 2, 2
PlayersStarted=302
PlayersQuit=287
StatsStartTime=1241660826964
StatsDumpTime=1241678837895
<<<<EndStats
2009-05-06 23:47:43,129 ERROR: vampire.server.feeding.FeedingRecord sendPlayerStartGameMsg [playerId=118789, prey=true, _predatorIndex=]
2009-05-06 23:47:43,132 ERROR: vampire.server.feeding.FeedingRecord sendPlayerStartGameMsg [playerId=524990, prey=false, _predatorIndex=]
2009-05-06 23:49:20,025 ERROR: vampire.server.feeding.FeedingRecord sendPlayerStartGameMsg [playerId=53030, prey=true, _predatorIndex=]
2009-05-06 23:49:20,031 ERROR: vampire.server.feeding.FeedingRecord sendPlayerStartGameMsg [playerId=58859, prey=false, _predatorIndex=]
2009-05-06 23:50:20,527 ERROR: vampire.server.feeding.FeedingRecord sendPlayerStartGameMsg [playerId=1306703, prey=false, _predatorIndex=]
2009-05-06 23:53:02,414 ERROR: vampire.server.feeding.FeedingRecord sendPlayerStartGameMsg [playerId=58859, prey=false, _predatorIndex=20260]
2009-05-06 23:53:04,922 ERROR: vampire.server.feeding.FeedingRecord sendPlayerStartGameMsg [playerId=1306703, prey=true, _predatorIndex=]
2009-05-06 23:53:04,924 ERROR: vampire.server.feeding.FeedingRecord sendPlayerStartGameMsg [playerId=524990, prey=false, _predatorIndex=]
2009-05-06 23:56:45,643 ERROR: vampire.server.feeding.FeedingRecord sendPlayerStartGameMsg [playerId=53030, prey=true, _predatorIndex=]
2009-05-06 23:56:45,644 ERROR: vampire.server.feeding.FeedingRecord sendPlayerStartGameMsg [playerId=524990, prey=false, _predatorIndex=]

>>>>BeginStats

>>>>BeginTable
PlayerId, StartTime, EndTime, ProgenyPayout, XPFromFeeding, FeedingGames, MeanFeedingScore, BloodBond, Progeny, GrandProgeny, Sire, Level, Invites
100300, 1241661622912, 1241661722157, 0, 0, 0, 0, 0, 1, 0, 447249, 4, 0
101589, 1241671267062, 1241673011648, 0, 2234, 8, 289.25, 0, 0, 0, 97971, 4, 0
10260, 1241678891024, 1241679045636, 201.20000000000002, 23821, 55, 269.9636363636365, 8527, 10, 9, 713, 15, 2
103033, 1241660835823, 1241663136309, 90.3, 421, 3, 222, 767143, 12, 14, 81899, 6, 1
103053, , , 111.7, 0, 0, 0, 0, 3, 4, 96213, , 
1032421, 1241665694317, 1241671586592, 43.7, 3136, 11, 369.6363636363636, 0, 8, 1, 990799, 7, 1
1032874, 1241662043850, 1241662132682, 0, 0, 0, 0, 1090611, 4, 0, 1127083, 4, 
1043, 1241672007038, 1241673010074, 0, 5132, 9, 711.1111111111111, 453, 5, 2, 12, 13, 3
1047840, 1241670933312, 1241671088581, 55.599999999999994, 1144, 5, 205.2, 1106386, 5, 0, 408501, 5, 1
1062, 1241672167081, 1241678876983, 0, 28093, 50, 484.72, 17790, 11, 7, 713, 16, 2
1062231, 1241661124756, 1241662524378, 0, 215, 2, 98.5, 0, 0, 0, 218716, 2, 
1062853, , , 115.85000000000002, 0, 0, 0, 0, 9, 18, 1124214, , 
10642, 1241661852167, 1241662243197, 0, 0, 0, 0, 447249, 32, 46, 351598, 15, 2
107345, 1241662321683, 1241662327442, 0, 0, 0, 0, 0, 0, 0, 0, 1, 
1088592, 1241668124576, 1241668376974, 0, 0, 0, 0, 0, 0, 0, 836050, 1, 
1089041, 1241660858343, 1241663768138, 0, 675, 8, 84.25, 0, 0, 0, 10260, 3, 
1090131, 1241663797762, 1241664053061, 0, 339, 1, 147, 0, 0, 0, 555728, 3, 
1090611, 1241671302483, 1241673435498, 0, 0, 0, 0, 1032874, 2, 0, 1032648, 4, 
1092321, 1241676771239, 1241677199196, 181.80000000000004, 186, 1, 211, 53030, 29, 34, 35568, 10, 3
1100116, 1241661702474, 1241662316971, 0, 190, 3, 78.66666666666667, 0, 0, 0, 103033, 2, 
1101, , , 16.95, 0, 0, 0, 0, 2, 16, 239981, , 
110735, 1241665779826, 1241669036985, 0, 970, 5, 99.8, 0, 0, 0, 408501, 1, 
1108399, 1241669256684, 1241669876937, 0, 0, 0, 0, 0, 0, 0, 153097, 2, 
1109070, 1241675045981, 1241675049465, 0, 0, 0, 0, 0, 0, 0, 1092321, 2, 
1117799, 1241666767915, 1241666821161, 0, 0, 0, 0, 0, 1, 0, 592692, 4, 
1122449, , , 68.9, 0, 0, 0, 0, 10, 7, 555728, , 
1124156, 1241671085336, 1241671558938, 0, 7386, 19, 487.7368421052632, 269484, 6, 2, 184671, 7, 1
1124214, , , 54.75, 0, 0, 0, 0, 6, 9, 1122449, , 
1126061, , , 44.5, 0, 0, 0, 0, 2, 0, 52350, , 
1127083, 1241666673185, 1241666994868, 18.6, 186, 1, 249, 998652, 20, 5, 998652, 5, 1
112953, , , 12.25, 0, 0, 0, 0, 3, 7, 241176, , 
1141325, 1241676838178, 1241677200294, 0, 316, 1, 107, 0, 0, 0, 207386, 1, 
1145581, 1241661292774, 1241661843931, 0, 445, 3, 148.33333333333334, 0, 0, 0, 1126061, 3, 
11460, , , 363.54999999999995, 0, 0, 0, 0, 1, 11, 41022, , 
1148755, 1241662905296, 1241663517020, 183, 115, 1, 230, 0, 21, 1, 1092321, 7, 5
1155409, , , 67.14999999999999, 0, 0, 0, 0, 2, 6, 674637, , 
1162172, 1241677682581, 1241678818158, 0, 1576, 9, 145.66666666666666, 1181188, 0, 0, 835426, 3, 
116548, 1241660846574, 1241662096976, 0, 268, 3, 89.33333333333333, 0, 0, 0, 0, 1, 0
1179965, 1241672380394, 1241672409821, 0, 0, 0, 0, 0, 0, 0, 0, 1, 
118010, , , 9.15, 0, 0, 0, 0, 2, 2, 115181, , 
1181915, 1241675413756, 1241677174758, 16.400000000000002, 787, 3, 177.33333333333334, 0, 1, 0, 311783, 2, 
1183748, 1241679198583, 1241679236454, 0, 0, 0, 0, 0, 0, 0, 0, 1, 
118789, 1241678851846, 1241679355557, 0, 341, 2, 172.5, 380848, 0, 0, 52012, 6, 2
1189990, 1241668186249, 1241671376982, 0, 556, 3, 134.33333333333334, 0, 0, 0, 1047840, 1, 
12, , , 12117.75000000001, 0, 0, 0, 0, 20, 108, 383387, , 
120374, 1241668761215, 1241668770479, 0, 0, 0, 0, 0, 0, 0, 211710, 3, 0
1214279, 1241660838115, 1241661156356, 0, 0, 0, 0, 0, 3, 0, 1152211, 3, 
1217223, 1241677695117, 1241678006635, 0, 129, 1, 106, 0, 0, 0, 1261178, 1, 
1217334, 1241667227275, 1241667643334, 0, 0, 0, 0, 0, 0, 0, 1032421, 2, 
1227772, 1241665862011, 1241666444286, 0, 390, 2, 151, 0, 0, 0, 87714, 1, 
1228272, 1241672283298, 1241672484120, 0, 211, 2, 126, 0, 0, 0, 70997, 3, 
1229, 1241677777871, , 0, 5688, 13, 669.6923076923077, 0, 5, 9, 713, 12, 3
122907, , , 644.3, 0, 0, 0, 0, 6, 10, 251062, , 
1229552, 1241661426902, 1241661773414, 0, 120, 1, 131, 0, 0, 0, 900329, 2, 
123534, 1241663892240, 1241664056969, 0, 0, 0, 0, 0, 0, 0, 931, 1, 0
1237789, , , 10.100000000000001, 0, 0, 0, 0, 1, 5, 510740, , 
123961, 1241660925734, 1241661932964, 331.85, 1784, 4, 592, 878, 5, 22, 713, 15, 2
1241484, 1241671286506, 1241671314671, 0, 0, 0, 0, 0, 0, 0, 0, 1, 
1254611, 1241671078897, 1241673118914, 0, 499, 4, 94, 0, 0, 0, 1148755, 2, 
1254726, 1241676357161, 1241677174132, 0, 721, 5, 150.2, 1111604, 0, 0, 502119, 3, 
1254782, 1241670763274, 1241672530568, 0, 821, 7, 85.14285714285714, 0, 0, 0, 171151, 1, 
1255618, 1241664056167, 1241665355868, 0, 1378, 8, 120.75, 0, 2, 0, 206148, 3, 
1255708, 1241662540115, 1241662560854, 0, 0, 0, 0, 0, 0, 0, 0, 1, 
1257513, 1241668627713, 1241669517224, 0, 437, 4, 103.75, 0, 0, 0, 1032421, 1, 
1257548, 1241664264995, 1241664932938, 0, 956, 3, 115, 0, 0, 0, 70997, 1, 
125837, 1241662793788, 1241663684804, 0, 1258, 3, 616.6666666666666, 0, 2, 0, 336524, 6, 1
1259251, 1241676227406, 1241676680004, 0, 124, 1, 113, 0, 0, 0, 297380, 1, 
1261178, 1241675965378, 1241678412650, 21.5, 564, 5, 141.8, 0, 6, 0, 1155409, 5, 1
1265, , , 11.850000000000001, 0, 0, 0, 0, 15, 29, 12, , 
1266077, 1241665157560, 1241665555685, 0, 0, 0, 0, 0, 0, 0, 1093416, 1, 
1275599, 1241667731710, 1241667743287, 0, 0, 0, 0, 0, 0, 0, 0, 1, 
12770, , , 260.5, 0, 0, 0, 0, 23, 27, 383387, , 
12791, 1241665373062, 1241665529104, 0, 0, 0, 0, 0, 15, 23, 12, 12, 2
127942, , , 36.300000000000004, 0, 0, 0, 0, 7, 3, 133611, , 
1279761, 1241662848678, 1241664001280, 0, 441, 3, 103.33333333333333, 0, 0, 0, 171513, 2, 
1281427, 1241668040281, 1241668061479, 0, 186, 1, 123, 0, 0, 0, 1127083, 1, 
1285629, 1241670031692, 1241670069482, 0, 0, 0, 0, 0, 0, 0, 0, 1, 
1299868, 1241665954408, 1241666020639, 0, 0, 0, 0, 0, 0, 0, 0, 1, 
1302055, 1241669019461, 1241670162060, 0, 133, 1, 113, 0, 0, 0, 35568, 1, 
1303160, 1241668653054, 1241668689698, 0, 0, 0, 0, 0, 0, 0, 0, 1, 
1304775, 1241671029672, 1241671033054, 0, 0, 0, 0, 0, 0, 0, 0, 1, 
1304828, 1241662956363, 1241663319853, 0, 0, 0, 0, 0, 0, 0, 0, 1, 
1305200, 1241663441479, 1241663535881, 0, 0, 0, 0, 0, 0, 0, 0, 1, 
1305314, 1241664132793, 1241664313662, 0, 0, 0, 0, 0, 0, 0, 127942, 1, 
1305400, 1241664274190, 1241664514361, 0, 151, 1, 104, 0, 0, 0, 10260, 1, 
1305550, 1241668759468, 1241668775990, 0, 0, 0, 0, 0, 0, 0, 0, 1, 
1305579, 1241665863069, 1241665881882, 0, 0, 0, 0, 0, 0, 0, 0, 1, 
1306148, 1241669730367, 1241670020503, 0, 0, 0, 0, 0, 0, 0, 0, 1, 
1306347, 1241674819524, 1241674951466, 0, 0, 0, 0, 0, 0, 0, 0, 1, 
1306637, 1241671721864, 1241672418481, 0, 475, 3, 125.66666666666667, 0, 0, 0, 336524, 1, 
1306703, 1241678111083, , 0, 1062, 6, 120.16666666666667, 0, 0, 0, 336524, 2, 0
1306745, 1241675631171, 1241676102671, 0, 164, 1, 181, 0, 0, 0, 1181915, 1, 
1306779, 1241675474990, 1241675791880, 0, 0, 0, 0, 0, 0, 0, 0, 1, 
1306959, 1241677774442, 1241678100933, 0, 127, 1, 108, 0, 0, 0, 0, 1, 
1307042, 1241676172092, 1241676291937, 0, 0, 0, 0, 0, 0, 0, 0, 1, 
1307240, 1241677989813, 1241678097012, 0, 0, 0, 0, 0, 0, 0, 0, 1, 
1307365, 1241676334029, 1241676396008, 0, 0, 0, 0, 0, 0, 0, 8401, 1, 
132921, 1241666439628, 1241670767243, 0, 149, 1, 160, 0, 8, 0, 211601, 6, 2
133611, , , 18.150000000000002, 0, 0, 0, 0, 5, 7, 168422, , 
137784, 1241668016532, 1241669036997, 0, 245, 2, 95, 0, 0, 0, 153510, 3, 0
139153, 1241666607530, 1241666611096, 0, 0, 0, 0, 0, 0, 0, 0, 1, 0
139864, 1241672485790, 1241672540406, 0, 0, 0, 0, 0, 0, 0, 205658, 4, 0
141364, , , 52.300000000000004, 0, 0, 0, 0, 6, 7, 16514, , 
142849, , , 50, 0, 0, 0, 0, 1, 0, 152651, , 
143538, , , 4.55, 0, 0, 0, 0, 2, 23, 1531, , 
14467, 1241665762695, 1241666988835, 0, 1716, 4, 445.5, 0, 4, 0, 58859, 4, 3
145896, , , 51.25, 0, 0, 0, 0, 6, 3, 225840, , 
147436, 1241664819469, 1241665124439, 0, 510, 2, 125.5, 0, 0, 0, 0, 1, 
147608, , , 141.4, 0, 0, 0, 0, 8, 2, 502119, , 
147628, , , 30.400000000000002, 0, 0, 0, 0, 6, 3, 63846, , 
152651, , , 25, 0, 0, 0, 0, 1, 1, 167153, , 
152662, 1241661331551, 1241661367128, 0, 0, 0, 0, 0, 0, 0, 0, 1, 
153097, 1241673336192, 1241676185474, 12.700000000000001, 1095, 5, 190.4, 1110484, 18, 0, 1062853, 4, 15
1531, 1241670953976, 1241673685530, 65.7, 2588, 5, 643.8, 503, 6, 14, 12, 15, 3
153221, , , 89.4, 0, 0, 0, 0, 3, 0, 166991, , 
153510, , , 24.5, 0, 0, 0, 0, 7, 1, 112953, , 
156489, 1241670174830, 1241670952690, 35.2, 2681, 5, 528.6, 154238, 16, 23, 713, 9, 1
16514, , , 26.150000000000002, 0, 0, 0, 0, 5, 8, 1062, , 
166371, , , 370.8, 0, 0, 0, 0, 4, 11, 267622, , 
166991, , , 44.7, 0, 0, 0, 0, 2, 3, 69257, , 
167153, , , 119.65000000000002, 0, 0, 0, 0, 3, 14, 12, , 
168214, 1241661348213, 1241661552597, 0, 0, 0, 0, 0, 4, 5, 190430, 6, 4
168962, 1241666183309, 1241666838780, 0, 425, 2, 158, 0, 0, 0, 0, 1, 
169321, , , 126.9, 0, 0, 0, 0, 1, 1, 224647, , 
170191, , , 100.25, 0, 0, 0, 0, 3, 10, 202873, , 
171151, 1241670780750, 1241672996935, 72.3, 3069, 8, 511, 77, 40, 18, 21067, 14, 3
171513, 1241664267089, 1241664275897, 413.4000000000001, 782, 3, 271.6666666666667, 0, 10, 7, 170191, 12, 2
173571, , , 32.4, 0, 0, 0, 0, 3, 0, 233753, , 
176940, 1241660835774, 1241661673218, 0, 120, 1, 137, 0, 0, 0, 0, 1, 
17790, 1241672296580, , 0, 27447, 49, 741.9387755102041, 1062, 12, 13, 20260, 16, 3
178956, 1241675191615, 1241675232915, 0, 0, 0, 0, 0, 0, 0, 0, 1, 0
181264, , , 458.30000000000007, 0, 0, 0, 0, 2, 2, 3812, , 
182851, 1241664906641, 1241665502880, 0, 1269, 1, 438, 0, 1, 0, 169321, 4, 0
184671, , , 738.6000000000001, 0, 0, 0, 0, 1, 6, 171513, , 
185505, , , 102.5, 0, 0, 0, 0, 3, 0, 145896, , 
188229, , , 10.75, 0, 0, 0, 0, 2, 13, 168234, , 
191950, , , 65, 0, 0, 0, 0, 1, 6, 191984, , 
191984, , , 32.5, 0, 0, 0, 0, 18, 1, 142178, , 
1923, 1241661354021, 1241666124744, 0, 1157, 4, 302.5, 0, 0, 0, 995, 4, 
192883, 1241669112195, 1241669121836, 0, 0, 0, 0, 0, 9, 3, 210210, 7, 5
195719, 1241676060742, 1241677106325, 0, 894, 6, 134, 0, 0, 0, 153221, 3, 0
195736, , , 592.05, 0, 0, 0, 0, 6, 26, 334835, , 
196543, 1241661846385, 1241662296196, 0, 204, 1, 251, 0, 6, 0, 32314, 4, 1
19658, , , 36.5, 0, 0, 0, 0, 1, 1, 118975, , 
19693, , , 73, 0, 0, 0, 0, 1, 0, 19658, , 
198228, 1241675823713, 1241676416977, 0, 185, 1, 102, 0, 0, 0, 336524, 1, 
20260, 1241678344197, , 2744.7, 2285, 5, 527.8, 0, 18, 45, 12, 17, 13
202873, , , 39.1, 0, 0, 0, 0, 1, 3, 341164, , 
205330, , , 5.25, 0, 0, 0, 0, 1, 2, 273767, , 
205955, 1241666101801, 1241667098782, 0, 324, 3, 95.66666666666667, 0, 0, 0, 173571, 4, 0
206148, , , 137.8, 0, 0, 0, 0, 1, 2, 1122449, , 
207386, 1241676711496, 1241678255313, 31.6, 2393, 9, 346.22222222222223, 209944, 1, 0, 209656, 8, 1
209656, , , 272.15000000000003, 0, 0, 0, 0, 6, 9, 167153, , 
210163, , , 420.90000000000003, 0, 0, 0, 0, 12, 19, 255725, , 
21067, , , 343.05, 0, 0, 0, 0, 2, 40, 302907, , 
211601, , , 14.9, 0, 0, 0, 0, 1, 8, 7078, , 
213596, 1241671245782, 1241672336989, 0, 183, 1, 117, 0, 0, 0, 452553, 4, 0
214060, 1241669926406, 1241670989513, 0, 500, 5, 92.2, 0, 0, 0, 142849, 3, 0
217283, , , 83.19999999999999, 0, 0, 0, 0, 1, 3, 57393, , 
218716, , , 21.5, 0, 0, 0, 0, 13, 0, 188229, , 
22279, 1241662395344, 1241663113015, 0, 314, 2, 164.5, 0, 0, 0, 0, 2, 
223494, , , 73.15, 0, 0, 0, 0, 1, 1, 179687, , 
224484, 1241669802525, 1241670402512, 0, 730, 4, 149.25, 0, 0, 0, 19693, 2, 0
224647, , , 63.45, 0, 0, 0, 0, 1, 1, 234337, , 
227007, 1241665961673, 1241668041105, 0, 2496, 7, 341, 0, 3, 5, 43402, 8, 1
22707, , , 573.25, 0, 0, 0, 0, 7, 11, 8842, , 
233753, , , 16.2, 0, 0, 0, 0, 1, 3, 380604, , 
251062, , , 322.15, 0, 0, 0, 0, 6, 17, 296361, , 
254043, 1241668208545, 1241668239300, 0, 0, 0, 0, 0, 0, 0, 17790, 2, 0
256593, 1241672304629, 1241673884107, 0, 1414, 6, 163.33333333333334, 0, 0, 0, 147608, 3, 0
256746, , , 15.4, 0, 0, 0, 0, 5, 30, 61984, , 
258951, 1241672504308, 1241672529605, 39.650000000000006, 0, 0, 0, 318242, 23, 32, 1265, 12, 17
259344, , , 37.300000000000004, 0, 0, 0, 0, 23, 7, 143538, , 
2606, 1241666523053, 1241667896957, 0, 1505, 3, 720.6666666666666, 0, 8, 2, 307471, 6, 1
264673, 1241664240423, 1241665171988, 0, 0, 0, 0, 0, 0, 0, 28294, 3, 0
267622, , , 185.4, 0, 0, 0, 0, 2, 4, 1632, , 
269484, 1241677302964, 1241677529217, 0, 3708, 10, 398.8, 1124156, 10, 0, 166371, 9, 2
271936, 1241660890342, 1241663282629, 0, 0, 0, 0, 0, 3, 0, 887964, 4, 
272402, 1241670150419, 1241670980013, 0, 237, 2, 73, 0, 0, 0, 0, 1, 
280406, 1241662532678, 1241662537503, 0, 0, 0, 0, 0, 0, 0, 556276, 1, 
280766, 1241668723322, 1241670865997, 0, 0, 0, 0, 0, 0, 0, 83959, 4, 0
283059, 1241660829559, 1241661066174, 0, 0, 0, 0, 0, 0, 0, 0, 1, 
2843, , , 262.7, 0, 0, 0, 0, 8, 22, 3383, , 
291108, 1241665746881, 1241665774700, 0, 0, 0, 0, 0, 0, 0, 171513, 2, 
297380, , , 12.4, 0, 0, 0, 0, 11, 0, 90015, , 
298666, 1241668292025, 1241668717405, 56.400000000000006, 91, 1, 181, 868186, 7, 0, 259344, 7, 2
302907, , , 153.45, 0, 0, 0, 0, 2, 2, 283855, , 
307471, , , 490.80000000000007, 0, 0, 0, 0, 6, 18, 12, , 
30940, 1241663952296, 1241664799638, 0, 1314, 4, 414.75, 0, 0, 0, 8842, 4, 
311783, 1241670553705, 1241677156142, 86.9, 3242, 9, 477.6666666666667, 0, 11, 3, 11460, 9, 7
316089, 1241669999888, 1241670083346, 0, 0, 0, 0, 288860, 8, 1, 288860, 8, 5
32169, 1241663084410, 1241663563009, 0, 1186, 3, 613.6666666666666, 219, 8, 0, 10260, 14, 5
322949, 1241663521399, 1241664557742, 0, 265, 3, 88.33333333333333, 0, 0, 0, 0, 1, 
32314, , , 20.400000000000002, 0, 0, 0, 0, 10, 6, 40508, , 
334835, , , 216.59999999999997, 0, 0, 0, 0, 2, 6, 143501, , 
336228, 1241668761422, 1241668770516, 852.5000000000001, 0, 0, 0, 351430, 10, 21, 307471, 12, 4
336524, 1241665546129, , 317.70000000000005, 4332, 16, 347.625, 101052, 26, 6, 195736, 11, 2
3383, , , 131.35, 0, 0, 0, 0, 6, 8, 12791, , 
351430, 1241668762462, 1241668770102, 363.3, 6806, 18, 335.27777777777777, 336228, 14, 47, 336228, 13, 2
35568, 1241667801694, 1241669486759, 37.650000000000006, 237, 2, 128, 0, 3, 29, 258951, 4, 
37261, 1241668790977, 1241668994938, 0, 101, 1, 201, 0, 5, 0, 1237789, 5, 1
376717, 1241666178785, 1241666608907, 0, 0, 0, 0, 0, 0, 0, 811852, 1, 
380174, , , 21.35, 0, 0, 0, 0, 2, 2, 205330, , 
3812, , , 229.15000000000003, 0, 0, 0, 0, 1, 2, 65584, , 
383387, , , 3056.4, 0, 0, 0, 0, 7, 57, 0, , 
396113, , , 870.9, 0, 0, 0, 0, 2, 9, 44987, , 
397835, , , 222.5, 0, 0, 0, 0, 5, 35, 47379, , 
397865, 1241678596346, 1241678905221, 0, 0, 0, 0, 0, 0, 0, 0, 2, 0
40508, , , 10.200000000000001, 0, 0, 0, 0, 1, 10, 23340, , 
408501, 1241665983025, 1241667038428, 195.40000000000003, 1664, 5, 329.6, 402647, 8, 20, 637936, 11, 2
41022, , , 162.1, 0, 0, 0, 0, 2, 1, 412796, , 
4139, 1241675490635, , 50.25000000000001, 15887, 31, 714.0322580645161, 44987, 22, 23, 713, 18, 3
416503, 1241662571280, 1241663134150, 0, 1365, 3, 166.66666666666666, 0, 3, 0, 82321, 3, 1
421572, 1241661012321, 1241665441778, 0, 564, 3, 100.66666666666667, 0, 0, 0, 298666, 2, 0
430717, , , 30.8, 0, 0, 0, 0, 30, 0, 256746, , 
432820, 1241677590424, 1241678726966, 0, 4583, 16, 215.6875, 0, 2, 1, 181264, 6, 2
43402, , , 249.60000000000002, 0, 0, 0, 0, 12, 8, 123961, , 
438751, , , 841.8000000000001, 0, 0, 0, 0, 19, 5, 210163, , 
447249, 1241667295495, 1241670656206, 0, 0, 0, 0, 10642, 4, 4, 199427, 15, 2
44987, 1241661545710, 1241664836952, 392.55000000000007, 2605, 6, 681.1666666666666, 4139, 17, 18, 12770, 14, 2
452553, , , 18.3, 0, 0, 0, 0, 2, 0, 118010, , 
453, 1241672312744, 1241673482964, 0, 4141, 6, 508.5, 1043, 2, 0, 878, 11, 2
462408, 1241671666189, 1241672216981, 0, 650, 2, 306.5, 121604, 6, 1, 191950, 10, 2
47379, , , 82.7, 0, 0, 0, 0, 4, 5, 54776, , 
49406, 1241679128059, 1241679272767, 0, 0, 0, 0, 0, 0, 0, 70997, 2, 
502119, 1241661564060, 1241665881778, 142.8, 5372, 17, 289.70588235294116, 520359, 11, 14, 22707, 10, 2
503, , , 1724.6000000000006, 0, 0, 0, 0, 5, 2, 12, , 
504207, 1241660859355, 1241663294068, 0, 1005, 7, 92.42857142857143, 0, 1, 1, 506297, 3, 0
506086, 1241669725688, 1241669812694, 0, 0, 0, 0, 0, 0, 0, 103504, 2, 
506297, , , 100.50000000000001, 0, 0, 0, 0, 5, 1, 4139, , 
510740, , , 5.050000000000001, 0, 0, 0, 0, 70, 13, 534632, , 
52012, , , 34.1, 0, 0, 0, 0, 3, 0, 209656, , 
5212, 1241674421796, 1241674597417, 0, 352, 1, 364, 2843, 17, 16, 156489, 14, 2
52350, , , 22.25, 0, 0, 0, 0, 5, 2, 674637, , 
524637, 1241668964604, 1241669041700, 0, 330, 2, 156, 0, 1, 0, 83320, 3, 
524990, 1241678737734, , 0, 434, 3, 146.33333333333334, 0, 0, 0, 1148755, 2, 0
53030, 1241677210111, , 0, 6443, 17, 405.29411764705884, 1092321, 10, 6, 122907, 14, 3
533476, 1241665150864, 1241665179033, 0, 0, 0, 0, 520205, 0, 0, 520205, 1, 0
535, 1241665153752, 1241670116987, 0, 304, 1, 326, 533, 3, 2, 147628, 13, 3
538369, 1241667347900, 1241669230992, 0, 197, 1, 186, 203784, 2, 0, 351430, 8, 1
543213, 1241667621036, 1241668713674, 0, 317, 3, 111.33333333333333, 0, 0, 0, 575140, 2, 0
547342, 1241670256386, 1241670674550, 0, 127, 1, 47, 0, 0, 0, 153097, 1, 
54776, 1241673722308, 1241675176208, 0, 0, 0, 0, 0, 77, 33, 89757, 15, 3
54865, 1241670688400, 1241670777038, 0, 0, 0, 0, 0, 0, 0, 0, 1, 
555728, , , 33.9, 0, 0, 0, 0, 16, 10, 1101, , 
562788, , , 21.800000000000004, 0, 0, 0, 0, 1, 5, 409656, , 
564162, 1241665990927, 1241666896697, 0, 523, 3, 174.33333333333334, 176275, 7, 0, 141364, 6, 6
575140, , , 31.700000000000003, 0, 0, 0, 0, 2, 0, 603011, , 
57717, , , 68.25, 0, 0, 0, 0, 4, 6, 110178, , 
57871, 1241666081074, 1241667075973, 0, 897, 3, 351, 0, 0, 0, 1148755, 4, 0
58859, 1241673444630, , 171.60000000000002, 7851, 17, 619.6470588235294, 43017, 9, 8, 396113, 14, 2
597005, 1241664836342, 1241665500959, 0, 436, 3, 238, 0, 2, 1, 603011, 4, 0
603011, , , 59.45000000000001, 0, 0, 0, 0, 5, 4, 562788, , 
610724, 1241673604719, 1241674028086, 0, 363, 1, 267, 0, 3, 0, 127942, 3, 4
611099, 1241668760681, 1241668768612, 0, 0, 0, 0, 0, 0, 0, 336228, 1, 
624485, 1241661372698, 1241661837018, 0, 0, 0, 0, 0, 0, 0, 562953, 2, 
624616, 1241662628495, 1241662749409, 0, 0, 0, 0, 0, 1, 0, 104252, 2, 
632900, 1241671558642, 1241671715732, 0, 0, 0, 0, 0, 0, 0, 0, 1, 
637936, , , 250.2, 0, 0, 0, 0, 3, 8, 217283, , 
63846, , , 15.200000000000001, 0, 0, 0, 0, 1, 6, 65246, , 
645293, 1241668538918, 1241668544812, 0, 0, 0, 0, 0, 0, 0, 0, 1, 
674637, , , 28.2, 0, 0, 0, 0, 11, 7, 1192337, , 
68238, 1241662758768, 1241663456999, 21.700000000000003, 105, 1, 111, 0, 2, 0, 380174, 2, 
68523, 1241661522689, 1241662230230, 0, 242, 1, 166, 0, 0, 0, 351430, 2, 
696029, 1241667795817, 1241668863196, 0, 308, 3, 97, 0, 0, 0, 430717, 2, 
70557, , , 6, 0, 0, 0, 0, 5, 24, 502119, , 
7078, , , 7.45, 0, 0, 0, 0, 9, 3, 177916, , 
70997, 1241663487164, 1241666338581, 114.2, 1654, 6, 454, 1010692, 35, 32, 397835, 12, 3
713, 1241672755493, , 7913.600000000001, 29296, 59, 330.96610169491515, 1265, 11, 76, 12, 19, 6
71724, 1241662496905, 1241663883531, 0, 1463, 3, 281, 3200, 19, 5, 94103, 12, 4
72927, 1241661117480, 1241662680110, 0, 1025, 8, 110.375, 0, 0, 0, 185505, 2, 0
75123, 1241671847559, 1241678456118, 0, 2627, 5, 481.2, 101358, 14, 14, 2843, 12, 4
757, 1241678120750, 1241678427556, 0, 0, 0, 0, 0, 4, 1, 74372, 6, 3
778434, 1241677999584, 1241678883002, 0, 0, 0, 0, 0, 1, 0, 9093, 3, 
8013, 1241661707028, 1241661771795, 0, 0, 0, 0, 0, 0, 0, 1124156, 3, 
802319, , , 21.05, 0, 0, 0, 0, 2, 6, 773108, , 
81899, , , 87.25000000000001, 0, 0, 0, 0, 6, 12, 802319, , 
82321, , , 136.5, 0, 0, 0, 0, 6, 4, 57717, , 
825362, 1241662540099, 1241663190232, 0, 217, 2, 105, 0, 0, 0, 68238, 1, 
83320, , , 33, 0, 0, 0, 0, 4, 1, 96838, , 
835426, , , 157.6, 0, 0, 0, 0, 2, 0, 1092321, , 
836417, , , 156.8, 0, 0, 0, 0, 3, 5, 582081, , 
8401, 1241676283373, 1241677320239, 0, 713, 3, 269.6666666666667, 413254, 8, 1, 103033, 6, 5
8527, 1241675575002, 1241677462870, 0, 17246, 45, 364.1777777777778, 10260, 2, 0, 503, 11, 2
859397, 1241665191625, , 0, 0, 0, 0, 0, 0, 0, 0, 1, 0
87600, 1241661014513, 1241661311635, 0, 122, 1, 122, 0, 0, 0, 0, 1, 
87714, 1241664877991, 1241667335073, 39, 2999, 8, 369.375, 0, 10, 3, 351430, 11, 6
878, 1241669493866, 1241669502092, 414.1, 0, 0, 0, 123961, 8, 10, 123961, 11, 2
880098, 1241665260356, 1241665282633, 0, 0, 0, 0, 0, 0, 0, 0, 1, 
8842, , , 400, 0, 0, 0, 0, 12, 8, 1531, , 
90015, , , 6.2, 0, 0, 0, 0, 2, 11, 101282, , 
900329, , , 12, 0, 0, 0, 0, 24, 5, 70557, , 
931, 1241669877888, 1241671146193, 0, 3344, 6, 722.3333333333334, 1066, 9, 6, 12, 12, 3
94103, , , 146.3, 0, 0, 0, 0, 1, 19, 223494, , 
953595, 1241676980681, 1241677732189, 0, 86, 1, 55, 0, 0, 0, 1261178, 1, 
96230, 1241677713270, 1241678146983, 0, 309, 1, 132, 0, 0, 0, 336524, 1, 
96838, , , 16.5, 0, 0, 0, 0, 1, 4, 166371, , 
97875, 1241666847576, 1241667150464, 0, 0, 0, 0, 0, 0, 0, 0, 1, 
97971, , , 223.4, 0, 0, 0, 0, 4, 0, 103053, , 
988642, 1241669932763, 1241674818287, 0, 8418, 21, 353.7142857142857, 675483, 5, 0, 438751, 7, 2
990799, , , 344.75, 0, 0, 0, 0, 5, 14, 836417, , 
991128, 1241670592298, 1241670957014, 0, 0, 0, 0, 0, 0, 0, 625835, 1, 
995, 1241668528096, 1241679314850, 115.70000000000002, 15878, 29, 604.8965517241379, 12, 12, 23, 12, 15, 5
998652, , , 27.900000000000002, 0, 0, 0, 0, 3, 20, 990799, , 
<<<<EndTable

PlayersOnlineNow=11
PlayersOnlineEachMinute=0, 13, 17, 17, 18, 20, 21, 22, 23, 24, 25, 25, 26, 26, 27, 27, 25, 23, 25, 24, 24, 25, 23, 23, 21, 20, 19, 20, 22, 21, 22, 21, 22, 23, 24, 25, 26, 26, 27, 25, 24, 23, 21, 21, 21, 22, 22, 21, 20, 19, 19, 18, 21, 21, 18, 18, 19, 20, 22, 21, 21, 20, 19, 19, 19, 18, 18, 18, 20, 19, 19, 21, 18, 20, 20, 18, 17, 16, 15, 14, 13, 14, 16, 16, 18, 16, 20, 20, 22, 21, 23, 23, 22, 22, 22, 23, 23, 22, 23, 25, 25, 25, 24, 22, 20, 19, 17, 19, 19, 20, 20, 20, 20, 21, 21, 22, 20, 23, 22, 22, 23, 22, 24, 26, 25, 26, 25, 24, 24, 25, 24, 26, 24, 27, 26, 26, 27, 24, 24, 24, 24, 24, 24, 24, 22, 20, 20, 20, 20, 22, 22, 22, 24, 27, 26, 24, 26, 26, 27, 27, 26, 26, 27, 28, 27, 27, 26, 25, 24, 23, 22, 17, 16, 18, 21, 22, 21, 22, 22, 22, 21, 22, 21, 20, 22, 22, 21, 22, 19, 20, 19, 19, 21, 21, 20, 19, 18, 19, 19, 20, 20, 21, 21, 18, 18, 17, 17, 17, 17, 19, 19, 18, 18, 18, 18, 18, 18, 18, 17, 17, 16, 16, 16, 16, 15, 16, 17, 17, 16, 16, 15, 15, 15, 15, 15, 14, 13, 13, 13, 13, 13, 13, 13, 14, 15, 17, 17, 18, 18, 18, 18, 18, 18, 18, 21, 20, 21, 22, 22, 24, 22, 22, 22, 22, 22, 22, 23, 24, 23, 23, 24, 24, 21, 17, 18, 17, 17, 17, 16, 15, 16, 18, 17, 19, 19, 19, 20, 21, 19, 19, 19, 18, 19, 18, 15, 15, 16, 16, 16, 16, 15, 15, 14, 14, 13, 14, 14, 14, 12, 11
PlayersInEachFeedingGame=1, 1, 1, 2, 2, 1, 2, 1, 1, 1, 2, 1, 1, 1, 3, 1, 1, 2, 1, 2, 2, 2, 2, 2, 1, 2, 2, 2, 2, 1, 2, 2, 2, 2, 1, 2, 2, 2, 1, 1, 2, 1, 2, 1, 2, 2, 2, 2, 2, 1, 2, 2, 2, 2, 2, 1, 2, 2, 1, 2, 1, 2, 2, 2, 1, 2, 2, 2, 2, 2, 2, 2, 2, 2, 2, 2, 2, 2, 1, 2, 2, 2, 1, 2, 2, 2, 2, 1, 2, 2, 2, 2, 3, 2, 2, 2, 2, 2, 1, 2, 2, 1, 2, 2, 2, 1, 2, 2, 2, 2, 2, 3, 1, 2, 2, 2, 1, 2, 2, 2, 2, 2, 2, 2, 2, 1, 1, 1, 2, 2, 2, 2, 2, 1, 2, 3, 2, 1, 2, 2, 1, 1, 1, 2, 1, 2, 1, 2, 2, 2, 1, 2, 2, 2, 2, 2, 2, 2, 2, 2, 2, 2, 2, 2, 7, 2, 1, 1, 2, 2, 2, 2, 2, 3, 1, 2, 1, 2, 1, 2, 2, 2, 1, 2, 2, 2, 1, 1, 2, 1, 4, 2, 2, 2, 2, 2, 2, 2, 1, 2, 2, 2, 1, 1, 1, 2, 2, 2, 2, 2, 1, 1, 2, 1, 2, 3, 2, 2, 2, 2, 2, 2, 2, 2, 2, 2, 2, 1, 2, 2, 2, 4, 1, 1, 2, 1, 2, 2, 2, 2, 2, 1, 2, 2, 2, 2, 2, 2, 2, 2, 1, 2, 2
PlayersStarted=306
PlayersQuit=295
StatsStartTime=1241660826964
StatsDumpTime=1241679438363
<<<<EndStats
2009-05-06 23:59:19,488 ERROR: vampire.server.feeding.FeedingRecord sendPlayerStartGameMsg [playerId=524990, prey=false, _predatorIndex=]
2009-05-06 23:59:58,961 ERROR: vampire.server.feeding.FeedingRecord sendPlayerStartGameMsg [playerId=336524, prey=false, _predatorIndex=]
2009-05-07 00:00:35,307 ERROR: vampire.server.feeding.FeedingRecord sendPlayerStartGameMsg [playerId=53030, prey=false, _predatorIndex=524990]
2009-05-07 00:06:11,440 ERROR: vampire.server.feeding.FeedingRecord sendPlayerStartGameMsg [playerId=10260, prey=true, _predatorIndex=]
2009-05-07 00:06:11,442 ERROR: vampire.server.feeding.FeedingRecord sendPlayerStartGameMsg [playerId=58859, prey=false, _predatorIndex=]

