
>>>>BeginStats

>>>>BeginTable
PlayerId, StartTime, EndTime, ProgenyPayout, XPFromFeeding, FeedingGames, MeanFeedingScore, BloodBond, Progeny, GrandProgeny, Sire, Level, Invites
1011089, 1241578482197, 1241580852858, 0, 2081, 13, 201.76923076923077, 1031623, 0, 0, 916261, 4, 
1012813, , , 110.14999999999999, 0, 0, 0, 0, 6, 16, 54776, , 
101493, 1241571926392, 1241572481548, 0, 657, 2, 489, 0, 2, 2, 52887, 4, 0
1015556, 1241575407297, 1241575561864, 0, 0, 0, 0, 0, 0, 0, 0, 1, 
101589, 1241589141553, 1241589151878, 0, 0, 0, 0, 0, 0, 0, 97971, 4, 0
1021130, 1241577362461, 1241577478265, 0, 0, 0, 0, 0, 0, 0, 865399, 2, 
1021678, 1241569240573, 1241569657198, 0, 109, 1, 109, 0, 0, 0, 0, 1, 
1023595, 1241570397046, 1241570412567, 0, 0, 0, 0, 0, 0, 0, 0, 1, 
10260, 1241585510277, , 2083.9, 10948, 21, 335.95238095238096, 8527, 8, 8, 713, 14, 2
102770, , , 117.75, 0, 0, 0, 0, 4, 2, 7078, , 
103033, 1241574637887, 1241575832823, 174.89999999999998, 2177, 11, 216.9090909090909, 767143, 11, 13, 81899, 6, 1
1031623, 1241577765945, 1241580476953, 0, 2540, 17, 119.3529411764706, 1011089, 0, 0, 1261178, 4, 
1032421, 1241578674473, 1241582540053, 61.800000000000004, 4499, 15, 231.86666666666667, 0, 7, 1, 990799, 7, 1
1032648, , , 41.1, 0, 0, 0, 0, 4, 2, 234337, , 
1032874, 1241579453859, 1241582856988, 0, 267, 2, 97.5, 1090611, 2, 0, 1127083, 4, 
1039922, 1241582252512, 1241582310557, 0, 0, 0, 0, 0, 0, 0, 0, 1, 
1043, 1241573936970, 1241575083980, 0, 0, 0, 0, 453, 5, 2, 12, 13, 3
104782, 1241581786844, 1241581795319, 0, 0, 0, 0, 0, 1, 1, 381936, 2, 3
1047840, , , 13.200000000000001, 0, 0, 0, 0, 3, 0, 408501, , 
1062, 1241587968867, , 0, 20234, 32, 515.1562499999999, 17790, 9, 7, 713, 15, 2
1062853, , , 18.8, 0, 0, 0, 0, 9, 16, 1124214, , 
10642, 1241571269031, 1241574937489, 32.6, 1452, 5, 398.8, 447249, 31, 46, 351598, 15, 2
1077614, , , 164.89999999999998, 0, 0, 0, 0, 1, 1, 836050, , 
10850, 1241583378545, 1241586176982, 0, 1649, 10, 150.3, 0, 1, 0, 1077614, 4, 1
1085176, 1241571948338, 1241572212830, 0, 0, 0, 0, 0, 0, 0, 0, 1, 
1085912, 1241576320215, 1241576855199, 0, 377, 2, 145, 0, 0, 0, 16807, 2, 
1089041, 1241577746006, 1241579543833, 0, 1342, 11, 90.9090909090909, 0, 0, 0, 10260, 2, 
1090442, 1241571527245, 1241573067868, 0, 710, 6, 119.66666666666667, 0, 3, 5, 797824, 4, 
1090611, 1241573402104, 1241583217039, 0, 411, 3, 148.66666666666666, 1032874, 2, 0, 1032648, 4, 
1092321, 1241579637042, , 87.45, 21328, 64, 311.56249999999994, 53030, 28, 34, 35568, 9, 2
1093416, 1241586725462, 1241587856190, 31.4, 617, 6, 101, 0, 1, 0, 990799, 2, 
1100116, 1241572708490, 1241575736964, 0, 1638, 16, 103.3125, 0, 0, 0, 103033, 2, 
1117799, 1241579017299, 1241582158589, 0, 7506, 26, 254.69230769230768, 0, 1, 0, 592692, 4, 
1118730, 1241577474913, 1241578834111, 0, 359, 3, 117.66666666666667, 0, 0, 0, 95479, 1, 
1119381, 1241574529666, 1241574540557, 0, 0, 0, 0, 0, 0, 0, 0, 1, 
1120227, 1241569207849, 1241569977121, 0, 472, 2, 104, 0, 0, 0, 154004, 1, 
1122657, 1241577027758, 1241577659179, 0, 877, 3, 213.33333333333334, 0, 0, 0, 1223973, 1, 
1124156, 1241582676575, 1241585638304, 36.5, 7026, 20, 394.65, 269484, 6, 2, 184671, 6, 1
1124214, , , 9.4, 0, 0, 0, 0, 6, 9, 1122449, , 
1127083, 1241580509164, 1241580956948, 53.60000000000001, 269, 1, 377, 998652, 19, 3, 998652, 5, 1
1131088, 1241589093773, , 0, 669, 2, 131, 0, 0, 0, 483162, 1, 0
113127, , , 55.35, 0, 0, 0, 0, 2, 5, 156956, , 
113237, , , 60.300000000000004, 0, 0, 0, 0, 9, 19, 10642, , 
114461, 1241569159582, 1241570398884, 97.7, 63, 1, 125, 0, 2, 0, 390995, 4, 0
114727, 1241569799708, 1241570216955, 0, 0, 0, 0, 0, 0, 0, 0, 1, 
1148755, 1241585971490, 1241587248522, 18.1, 784, 3, 380, 0, 21, 1, 1092321, 7, 5
1152211, , , 154.65, 0, 0, 0, 0, 1, 3, 452296, , 
1155409, , , 478.85000000000014, 0, 0, 0, 0, 2, 1, 674637, , 
1160951, 1241571173675, 1241571260848, 0, 0, 0, 0, 0, 0, 0, 0, 1, 
1168757, 1241580086149, 1241580281805, 0, 0, 0, 0, 0, 0, 0, 0, 1, 
1172363, 1241572365140, 1241572368375, 0, 0, 0, 0, 0, 0, 0, 0, 1, 
1173261, 1241570715019, 1241570792526, 0, 0, 0, 0, 0, 0, 0, 0, 1, 
117371, 1241576605626, 1241576853195, 0, 0, 0, 0, 0, 0, 0, 157229, 2, 0
117857, , , 23.900000000000002, 0, 0, 0, 0, 3, 5, 146211, , 
1178576, 1241573655104, 1241573936910, 0, 0, 0, 0, 0, 0, 0, 0, 2, 
1179023, 1241581816866, 1241583413232, 0, 475, 4, 144.5, 0, 0, 0, 1214279, 1, 
1185369, 1241587329677, 1241587341625, 0, 0, 0, 0, 0, 0, 0, 0, 1, 
119103, 1241583756723, 1241583994435, 0, 117, 1, 117, 0, 0, 0, 0, 1, 
1192337, , , 426.0999999999999, 0, 0, 0, 0, 16, 6, 1012813, , 
12, , , 9929.199999999997, 0, 0, 0, 0, 20, 83, 383387, , 
1200801, 1241581023817, 1241582547347, 0, 7974, 24, 478.8333333333333, 0, 0, 0, 18, 4, 
1210078, 1241583042333, 1241583675257, 0, 247, 1, 247, 0, 0, 0, 0, 1, 
1212556, 1241578318442, 1241578546316, 0, 146, 1, 143, 0, 0, 0, 0, 1, 
1214027, 1241578288488, 1241578302703, 0, 0, 0, 0, 0, 0, 0, 0, 1, 
1214279, 1241584283603, 1241584602614, 36.5, 1364, 9, 144.77777777777777, 0, 3, 0, 1152211, 3, 
1217092, 1241586765120, 1241586822298, 0, 0, 0, 0, 0, 0, 0, 0, 1, 
1217334, 1241573600136, 1241574963551, 0, 618, 5, 103.6, 0, 0, 0, 1032421, 2, 
1220243, 1241576391277, 1241577593508, 0, 883, 6, 103.16666666666667, 0, 0, 0, 402647, 2, 
1222347, 1241577972900, 1241580432964, 0, 690, 7, 89.57142857142857, 0, 0, 0, 156489, 1, 
1223973, 1241576080915, 1241577528617, 0, 1075, 5, 183.2, 0, 1, 0, 0, 2, 1
1224463, 1241579036774, 1241583608784, 0, 394, 5, 1.6, 0, 0, 0, 0, 1, 
1225520, 1241575021246, 1241575315273, 0, 131, 1, 108, 0, 0, 0, 0, 1, 
1226609, 1241572335033, 1241573363108, 0, 499, 3, 144.66666666666666, 0, 0, 0, 57748, 1, 
1228930, 1241580360616, 1241580906134, 0, 392, 2, 131.5, 0, 0, 0, 1127083, 1, 
1229, 1241587197336, , 0, 7374, 12, 1064.9166666666667, 0, 5, 9, 713, 12, 3
122907, , , 1388.3, 0, 0, 0, 0, 6, 11, 251062, , 
1232843, 1241588622958, 1241588635827, 0, 0, 0, 0, 0, 0, 0, 0, 1, 
1234772, 1241588330087, , 0, 1320, 12, 102.75, 0, 0, 0, 37261, 2, 0
1237789, , , 368.7, 0, 0, 0, 0, 1, 5, 510740, , 
1241265, 1241572663127, 1241572672374, 0, 0, 0, 0, 0, 0, 0, 0, 1, 
124952, 1241572583555, 1241573490646, 0, 0, 0, 0, 0, 1, 0, 207284, 3, 0
1251906, 1241581898697, 1241583822799, 0, 1210, 11, 97.45454545454545, 0, 0, 0, 162239, 2, 
125207, 1241575026332, 1241575361947, 0, 277, 2, 152, 273503, 1, 0, 544643, 4, 0
1252987, 1241573880848, 1241575436885, 0, 96, 1, 97, 0, 0, 0, 57748, 1, 
125347, 1241569553084, 1241569701039, 0, 0, 0, 0, 0, 0, 0, 561527, 1, 0
1254072, 1241570867246, 1241571095776, 0, 159, 1, 159, 0, 0, 0, 186318, 2, 
1254298, 1241574316506, 1241574548604, 0, 197, 1, 141, 0, 0, 0, 103033, 1, 
1254611, 1241569422106, 1241570276953, 0, 181, 2, 90.5, 0, 0, 0, 1148755, 1, 
1254726, 1241570670956, 1241572348030, 0, 998, 6, 123.83333333333333, 1111604, 0, 0, 502119, 3, 
1255018, 1241569228879, 1241569916956, 0, 592, 3, 120.33333333333333, 0, 0, 0, 114461, 2, 
1257392, 1241571987484, 1241572126302, 0, 0, 0, 0, 0, 0, 0, 0, 1, 
125787, 1241573877967, 1241573902423, 0, 0, 0, 0, 0, 1, 0, 22707, 4, 1
1261178, 1241579932985, 1241580520537, 227.50000000000003, 3651, 17, 132.47058823529412, 0, 1, 0, 1155409, 3, 
12628, , , 63.6, 0, 0, 0, 0, 3, 2, 296361, , 
1263033, 1241578429261, 1241579493614, 0, 1362, 5, 134.2, 0, 0, 0, 156489, 2, 
1265, , , 3.0500000000000003, 0, 0, 0, 0, 2, 29, 12, , 
1273151, 1241571440242, 1241571548425, 0, 0, 0, 0, 0, 0, 0, 0, 1, 
12770, , , 66.80000000000001, 0, 0, 0, 0, 23, 25, 383387, , 
1277027, 1241574901804, 1241574917331, 0, 0, 0, 0, 0, 0, 0, 0, 1, 
1278661, 1241571684619, 1241572016885, 0, 385, 6, 63, 0, 0, 0, 114461, 1, 
1279203, 1241571286043, 1241572241696, 0, 960, 3, 378.6666666666667, 0, 0, 0, 57748, 1, 
1279275, 1241569389493, 1241570220119, 0, 1118, 4, 360.25, 0, 0, 0, 0, 2, 
1279492, 1241570502534, 1241570589656, 0, 0, 0, 0, 0, 0, 0, 0, 1, 
1280560, 1241575786673, 1241575823024, 0, 0, 0, 0, 0, 0, 0, 0, 1, 
1280661, 1241575057631, 1241575174260, 0, 0, 0, 0, 0, 0, 0, 0, 1, 
1280721, 1241575558676, 1241576218013, 0, 985, 2, 143, 0, 0, 0, 4139, 1, 
1281030, 1241578457162, 1241579822104, 0, 0, 0, 0, 0, 0, 0, 0, 1, 
1281412, 1241581149769, 1241582182841, 0, 0, 0, 0, 0, 0, 0, 0, 1, 
1281701, 1241586501373, 1241587244350, 0, 254, 2, 127, 0, 0, 0, 0, 1, 
1281721, 1241582055774, 1241584859093, 0, 1244, 9, 116, 0, 0, 0, 351430, 2, 
1282214, 1241586682219, 1241587426875, 0, 314, 3, 104.33333333333333, 0, 0, 0, 1093416, 1, 
1282226, 1241588232951, 1241588434842, 0, 0, 0, 0, 0, 0, 0, 0, 1, 
1282353, 1241587351174, 1241588032840, 0, 293, 1, 214, 0, 0, 0, 37261, 1, 
1282435, 1241588060923, 1241588065854, 0, 0, 0, 0, 0, 0, 0, 0, 1, 
128794, , , 9.4, 0, 0, 0, 0, 2, 4, 93202, , 
130244, , , 185.20000000000005, 0, 0, 0, 0, 3, 9, 237967, , 
132984, 1241581866827, 1241581902107, 0, 636, 3, 232.33333333333334, 0, 2, 0, 12628, 7, 1
135526, , , 15, 0, 0, 0, 0, 11, 0, 162782, , 
142290, 1241575401949, 1241576547124, 0, 1180, 7, 148.28571428571428, 0, 1, 0, 296658, 3, 
143050, 1241571566585, 1241572705631, 0, 537, 2, 165, 0, 0, 0, 0, 1, 
143268, 1241569303407, 1241570115387, 0, 0, 0, 0, 0, 0, 0, 0, 1, 
143509, 1241573736122, 1241574072027, 0, 152, 2, 79, 0, 0, 0, 209500, 2, 0
143538, , , 348.20000000000005, 0, 0, 0, 0, 2, 21, 1531, , 
145006, , , 46.400000000000006, 0, 0, 0, 0, 3, 3, 245338, , 
147628, , , 2495.8000000000006, 0, 0, 0, 0, 6, 3, 63846, , 
149284, 1241578515360, 1241579094699, 0, 674, 3, 146.33333333333334, 0, 0, 0, 408501, 1, 
150179, 1241584413133, 1241585851366, 0, 215, 1, 135, 0, 1, 0, 10642, 4, 0
152558, 1241576494813, 1241576846688, 0, 0, 0, 0, 177614, 0, 0, 122907, 3, 0
153097, 1241574898724, 1241575836983, 0, 188, 1, 250, 1110484, 16, 0, 1062853, 4, 14
1531, 1241579690437, 1241581923285, 226.95, 3497, 9, 355.44444444444446, 503, 6, 14, 12, 15, 3
154004, 1241571344486, 1241571447323, 47.2, 461, 2, 314, 561706, 9, 6, 90041, 4, 0
154238, 1241582554723, 1241583767455, 0, 521, 4, 183.5, 156489, 5, 4, 45129, 8, 2
154875, 1241571924596, 1241572250642, 0, 90, 1, 90, 0, 0, 0, 0, 1, 
155376, , , 110.7, 0, 0, 0, 0, 5, 0, 113127, , 
156489, 1241578274173, 1241579257754, 183.39999999999998, 1721, 6, 366.5, 154238, 15, 23, 713, 9, 1
157766, 1241582349754, 1241583075335, 0, 126, 1, 124, 0, 0, 0, 988642, 1, 
158630, , , 49.1, 0, 0, 0, 0, 5, 1, 304445, , 
159950, 1241577600517, 1241577622517, 0, 0, 0, 0, 0, 0, 0, 0, 1, 
159989, 1241578625092, 1241578768177, 0, 359, 1, 206, 0, 0, 0, 176491, 4, 0
16040, 1241588282781, , 0, 7216, 12, 655, 0, 9, 13, 3, 13, 3
161283, , , 47.800000000000004, 0, 0, 0, 0, 5, 0, 117857, , 
16139, 1241581994543, 1241582336881, 0, 0, 0, 0, 0, 0, 0, 11600, 1, 
162239, , , 120.99999999999999, 0, 0, 0, 0, 2, 0, 192883, , 
162352, 1241572055789, 1241579456949, 0, 2804, 19, 105.63157894736842, 0, 0, 0, 57748, 2, 
162782, , , 7.5, 0, 0, 0, 0, 7, 11, 36377, , 
164243, , , 18.8, 0, 0, 0, 0, 4, 2, 128794, , 
166, , , 16.5, 0, 0, 0, 0, 5, 7, 578, , 
16600, , , 12.100000000000001, 0, 0, 0, 0, 1, 1, 209258, , 
166371, , , 138.1, 0, 0, 0, 0, 4, 4, 267622, , 
167153, , , 7.6, 0, 0, 0, 0, 3, 16, 12, , 
16807, , , 37.7, 0, 0, 0, 0, 2, 0, 592692, , 
168426, 1241571550200, 1241571855548, 0, 188, 1, 252, 0, 1, 0, 164243, 4, 0
171151, 1241584153883, 1241585096919, 85.9, 678, 2, 328, 77, 39, 17, 21067, 14, 3
171513, , , 351.3, 0, 0, 0, 0, 8, 1, 170191, , 
171683, 1241570735185, 1241572426547, 0, 478, 3, 178.66666666666666, 0, 0, 0, 161283, 4, 0
172276, , , 22.5, 0, 0, 0, 0, 2, 0, 554253, , 
175065, , , 8.200000000000001, 0, 0, 0, 0, 1, 4, 401467, , 
176491, , , 35.9, 0, 0, 0, 0, 3, 0, 54776, , 
177501, 1241579216236, 1241579756880, 0, 330, 1, 91, 0, 1, 0, 298229, 4, 
17790, 1241579307467, , 0, 28117, 44, 763.4090909090909, 1062, 12, 13, 20260, 15, 3
18, , , 797.4000000000001, 0, 0, 0, 0, 1, 0, 383387, , 
181264, , , 358, 0, 0, 0, 0, 2, 2, 3812, , 
181386, 1241578013522, 1241578431916, 0, 392, 2, 196, 0, 0, 0, 172276, 1, 
181388, 1241570715726, 1241570959432, 0, 89, 1, 89, 0, 1, 1, 333875, 2, 0
184671, 1241584176473, 1241584227301, 720.85, 0, 0, 0, 0, 1, 6, 171513, 3, 
185585, 1241574869998, 1241575376942, 0, 132, 1, 132, 0, 0, 0, 1047840, 1, 0
186318, , , 15.9, 0, 0, 0, 0, 1, 0, 205535, , 
187326, 1241573126955, 1241575676967, 99.60000000000001, 584, 4, 114.25, 0, 2, 0, 194202, 5, 1
190369, 1241582335362, 1241583640173, 0, 273, 2, 126.5, 0, 0, 0, 194202, 2, 
192883, 1241584596654, 1241586444412, 60.49999999999999, 953, 3, 366.3333333333333, 0, 8, 3, 210210, 7, 5
193495, 1241577962661, 1241579281130, 0, 859, 4, 159.5, 0, 0, 0, 171151, 2, 0
193978, , , 21.6, 0, 0, 0, 0, 4, 4, 196206, , 
194202, 1241574325464, 1241574908948, 135.5, 749, 4, 270.5, 0, 2, 2, 102770, 6, 1
195736, , , 71.9, 0, 0, 0, 0, 6, 19, 334835, , 
196614, 1241576443919, 1241576571210, 0, 0, 0, 0, 0, 0, 0, 196543, 1, 
197995, 1241586877472, 1241587028663, 0, 0, 0, 0, 0, 0, 0, 0, 1, 
199624, 1241576112944, 1241576559319, 0, 996, 3, 332, 0, 0, 0, 187326, 2, 
200145, , , 294.90000000000003, 0, 0, 0, 0, 1, 4, 209656, , 
20260, 1241586209260, 1241587102128, 5713.9000000000015, 2216, 3, 365.6666666666667, 0, 18, 45, 12, 17, 13
205446, 1241570593692, 1241571762493, 0, 1966, 6, 144.83333333333334, 96675, 0, 0, 96675, 4, 
205535, 1241573701375, 1241574025946, 7.95, 0, 0, 0, 0, 2, 2, 95479, 7, 2
205927, 1241570636282, 1241571673931, 0, 1107, 7, 120.42857142857143, 0, 0, 0, 155376, 3, 0
207116, 1241582760301, 1241582846107, 0, 0, 0, 0, 0, 2, 0, 132832, 4, 
208716, 1241576880632, 1241576941193, 0, 0, 0, 0, 0, 0, 0, 323132, 3, 0
209500, , , 15.2, 0, 0, 0, 0, 3, 1, 167153, , 
209656, , , 98.29999999999998, 0, 0, 0, 0, 6, 2, 167153, , 
210163, , , 577.05, 0, 0, 0, 0, 12, 11, 255725, , 
210210, , , 95.3, 0, 0, 0, 0, 4, 8, 381607, , 
21067, , , 110.75, 0, 0, 0, 0, 2, 39, 302907, , 
21343, 1241569168971, 1241569977127, 0, 327, 2, 132, 0, 0, 0, 510740, 2, 0
217283, 1241574729001, 1241575436892, 481.00000000000006, 0, 0, 0, 532467, 57, 23, 57393, 12, 22
217505, 1241579258635, 1241579273298, 0, 0, 0, 0, 0, 5, 5, 3653, 7, 1
223494, , , 21.6, 0, 0, 0, 0, 1, 1, 179687, , 
22707, , , 643.7499999999999, 0, 0, 0, 0, 7, 11, 8842, , 
228469, 1241572214713, 1241572790096, 0, 369, 2, 122, 0, 0, 0, 238807, 2, 0
230164, 1241589242002, 1241589257181, 0, 0, 0, 0, 510740, 11, 9, 250837, 19, 2
23340, , , 249.8, 0, 0, 0, 0, 10, 5, 383387, , 
234337, , , 20.55, 0, 0, 0, 0, 5, 4, 97523, , 
235744, 1241586706080, , 0, 0, 0, 0, 0, 0, 0, 0, 1, 0
237967, , , 98.85, 0, 0, 0, 0, 3, 6, 336228, , 
238349, 1241572658472, 1241572661382, 0, 0, 0, 0, 0, 0, 0, 233753, 1, 0
238807, , , 36.900000000000006, 0, 0, 0, 0, 1, 0, 424274, , 
245338, , , 23.200000000000003, 0, 0, 0, 0, 10, 4, 77353, , 
251062, , , 684.65, 0, 0, 0, 0, 6, 17, 296361, , 
255725, , , 22.650000000000002, 0, 0, 0, 0, 1, 12, 309124, , 
256011, 1241580850299, 1241581122538, 0, 110, 1, 110, 0, 0, 0, 0, 1, 
258951, , , 1095.55, 0, 0, 0, 0, 23, 13, 1265, , 
259344, 1241575574877, 1241580817355, 95.80000000000001, 3003, 10, 445.1, 223864, 21, 15, 143538, 11, 2
2606, 1241574058684, 1241575134335, 0, 0, 0, 0, 0, 8, 2, 307471, 6, 1
261567, , , 17.75, 0, 0, 0, 0, 32, 3, 237231, , 
262548, 1241578398108, 1241578628703, 0, 182, 1, 182, 0, 1, 2, 122907, 4, 0
262805, 1241576272690, 1241576378378, 0, 0, 0, 0, 0, 1, 0, 389778, 5, 2
263486, 1241574850071, 1241574872361, 0, 0, 0, 0, 0, 0, 0, 0, 1, 
267042, 1241580102430, 1241580228910, 0, 0, 0, 0, 0, 0, 0, 0, 1, 
267622, , , 69.05, 0, 0, 0, 0, 2, 4, 1632, , 
269484, 1241574819116, 1241577269638, 0, 1381, 7, 268.57142857142856, 1124156, 4, 0, 166371, 6, 1
276660, 1241569595811, 1241570336944, 0, 274, 2, 137, 0, 0, 0, 380650, 2, 2
280634, , , 42.400000000000006, 0, 0, 0, 0, 5, 2, 280346, , 
280766, 1241575218424, 1241578455610, 0, 195, 1, 170, 0, 0, 0, 83959, 4, 0
283305, 1241574108600, 1241574950139, 375.3, 288, 1, 218, 544450, 2, 8, 497122, 8, 3
288860, , , 58.2, 0, 0, 0, 0, 5, 8, 20260, , 
296361, , , 31.8, 0, 0, 0, 0, 3, 9, 180570, , 
296658, , , 239.40000000000003, 0, 0, 0, 0, 9, 2, 299646, , 
298229, , , 33, 0, 0, 0, 0, 1, 1, 166, , 
298666, 1241577435963, 1241580959785, 0, 958, 3, 186, 868186, 6, 0, 259344, 7, 1
299646, , , 119.70000000000002, 0, 0, 0, 0, 4, 9, 69257, , 
3, , , 721.6, 0, 0, 0, 0, 2, 9, 383387, , 
301100, 1241570888323, 1241570895722, 0, 0, 0, 0, 0, 0, 0, 0, 1, 
30158, , , 84.80000000000001, 0, 0, 0, 0, 2, 5, 280634, , 
302907, , , 33.900000000000006, 0, 0, 0, 0, 2, 2, 283855, , 
304966, 1241570548357, 1241571194177, 0, 0, 0, 0, 0, 1, 0, 1362, 2, 1
307471, , , 279.59999999999997, 0, 0, 0, 0, 6, 18, 12, , 
30940, 1241580873403, 1241581858929, 0, 1536, 4, 188, 0, 0, 0, 8842, 4, 
311835, 1241576876978, 1241577306669, 0, 0, 0, 0, 0, 0, 0, 111950, 4, 0
314573, 1241581263082, 1241581820967, 0, 405, 2, 176.5, 487102, 3, 0, 54776, 5, 2
316089, 1241583441428, 1241583729890, 0, 582, 2, 410.5, 288860, 8, 1, 288860, 7, 5
32169, 1241582036145, 1241586299910, 0, 19497, 40, 506.725, 219, 7, 0, 10260, 14, 4
32314, 1241588244902, 1241588342177, 0, 4996, 8, 608.5, 635003, 10, 14, 40508, 13, 2
33302, 1241572751431, 1241572899763, 0, 0, 0, 0, 0, 0, 0, 0, 1, 
333875, , , 8.9, 0, 0, 0, 0, 2, 1, 96675, , 
334835, , , 35.95, 0, 0, 0, 0, 2, 6, 143501, , 
33541, 1241580460752, 1241581540014, 0, 3276, 8, 584.25, 14882, 1, 2, 12, 9, 1
336024, , , 56.150000000000006, 0, 0, 0, 0, 2, 5, 510740, , 
336228, , , 1693.4500000000003, 0, 0, 0, 0, 10, 15, 307471, , 
336524, 1241586907882, 1241588852947, 0, 719, 2, 286.5, 101052, 19, 6, 195736, 11, 2
339818, , , 24.200000000000003, 0, 0, 0, 0, 1, 1, 16600, , 
343237, 1241582849029, 1241583000869, 0, 0, 0, 0, 0, 0, 0, 0, 1, 
345939, 1241573956036, 1241574792698, 0, 797, 6, 118, 3811, 0, 0, 544450, 3, 0
350309, 1241569980985, 1241570598883, 0, 355, 3, 118.33333333333333, 0, 0, 0, 503952, 3, 0
351430, 1241582315816, 1241586716914, 2268.5000000000005, 5592, 18, 335.22222222222223, 336228, 12, 46, 336228, 13, 2
351598, , , 155.95000000000002, 0, 0, 0, 0, 1, 31, 359624, , 
35568, 1241580408727, 1241581381177, 2171.9999999999995, 61, 1, 122, 0, 2, 28, 258951, 4, 
359624, , , 72.60000000000001, 0, 0, 0, 0, 3, 1, 201132, , 
36377, 1241571299076, 1241571932127, 0, 697, 3, 291.3333333333333, 0, 4, 8, 453809, 10, 3
37261, 1241587488336, , 49.6, 3439, 8, 401.75, 0, 5, 0, 1237789, 5, 1
372887, , , 34.85, 0, 0, 0, 0, 1, 1, 386780, , 
375444, , , 13.700000000000001, 0, 0, 0, 0, 3, 10, 12770, , 
380650, , , 27.400000000000002, 0, 0, 0, 0, 3, 0, 375444, , 
3812, , , 179, 0, 0, 0, 0, 1, 2, 65584, , 
381607, , , 47.65, 0, 0, 0, 0, 1, 4, 153510, , 
383249, , , 43.2, 0, 0, 0, 0, 4, 1, 193978, , 
383387, , , 2547.3000000000006, 0, 0, 0, 0, 7, 57, 0, , 
388185, 1241571560575, 1241572488032, 0, 0, 0, 0, 0, 2, 2, 12770, 4, 0
388615, , , 3.1500000000000004, 0, 0, 0, 0, 1, 2, 395687, , 
390995, , , 55.15, 0, 0, 0, 0, 2, 2, 388615, , 
391307, 1241571184483, 1241571196466, 0, 0, 0, 0, 0, 0, 0, 304966, 1, 0
391439, 1241580682715, 1241580714205, 0, 0, 0, 0, 0, 0, 0, 132921, 1, 0
394891, 1241570562343, 1241570577205, 0, 0, 0, 0, 0, 0, 0, 158630, 3, 0
396113, , , 500.9, 0, 0, 0, 0, 2, 9, 44987, , 
397835, , , 279.65, 0, 0, 0, 0, 5, 31, 47379, , 
402647, 1241588263649, 1241589440258, 43.5, 13270, 28, 377.39285714285717, 408501, 12, 3, 408501, 13, 6
403501, , , 9.75, 0, 0, 0, 0, 6, 1, 124503, , 
40508, , , 499.6, 0, 0, 0, 0, 4, 10, 23340, , 
408501, 1241584518425, 1241588984377, 1422.7500000000002, 9620, 22, 548.2272727272729, 402647, 7, 18, 637936, 11, 2
4139, 1241587052417, , 98.5, 23405, 47, 592.8510638297871, 44987, 22, 23, 713, 18, 3
415271, , , 30, 0, 0, 0, 0, 10, 1, 66689, , 
420097, , , 98.2, 0, 0, 0, 0, 1, 0, 158630, , 
424274, , , 18.450000000000003, 0, 0, 0, 0, 1, 1, 121984, , 
42736, 1241583223832, 1241583318123, 0, 0, 0, 0, 695975, 2, 3, 133482, 5, 1
43017, 1241571885383, 1241572316873, 0, 242, 2, 141, 58859, 1, 1, 339818, 9, 2
430717, 1241576567989, 1241577823280, 0, 0, 0, 0, 503425, 30, 25, 256746, 12, 6
432820, 1241588787856, , 0, 3580, 20, 170.15, 0, 2, 1, 181264, 5, 2
43386, 1241575543094, 1241577716894, 106.4, 1320, 4, 480.25, 106210, 4, 4, 130244, 8, 4
433908, 1241570671012, 1241571236973, 0, 464, 3, 153, 512737, 3, 1, 145006, 7, 1
438751, 1241569174961, 1241569377182, 1069.8, 453, 1, 472, 988642, 11, 3, 210163, 8, 1
439277, , , 39.85000000000001, 0, 0, 0, 0, 7, 7, 208602, , 
445660, , , 324.40000000000003, 0, 0, 0, 0, 4, 7, 54812, , 
44987, , , 250.45, 0, 0, 0, 0, 1, 2, 12770, , 
45129, , , 52.10000000000001, 0, 0, 0, 0, 7, 5, 66842, , 
451351, 1241570214602, 1241570356860, 0, 0, 0, 0, 0, 0, 0, 115341, 4, 
452296, , , 68.2, 0, 0, 0, 0, 9, 1, 103144, , 
453809, , , 69.7, 0, 0, 0, 0, 1, 4, 372887, , 
468188, 1241588755886, 1241589087548, 0, 0, 0, 0, 0, 19, 5, 351430, 6, 17
47379, , , 131.95, 0, 0, 0, 0, 4, 5, 54776, , 
480591, 1241571866624, 1241572120085, 0, 0, 0, 0, 0, 0, 0, 128013, 2, 0
483162, 1241586630439, , 66.9, 6488, 15, 677.6666666666666, 0, 12, 2, 534632, 12, 8
49406, 1241588381255, 1241589562280, 0, 315, 3, 105, 0, 0, 0, 70997, 1, 
497122, , , 28.8, 0, 0, 0, 0, 14, 2, 82321, , 
502119, 1241575896634, 1241579059969, 154.50000000000003, 5665, 15, 360.8, 520359, 10, 13, 22707, 9, 1
503, , , 829.2000000000002, 0, 0, 0, 0, 5, 1, 12, , 
503952, , , 35.5, 0, 0, 0, 0, 2, 0, 261567, , 
506667, 1241574727883, 1241575894300, 0, 164, 2, 63, 0, 0, 0, 58022, 2, 1
510740, , , 204.65000000000003, 0, 0, 0, 0, 70, 4, 534632, , 
510796, 1241576482515, 1241576746181, 0, 0, 0, 0, 0, 0, 0, 551714, 2, 0
52887, , , 65.7, 0, 0, 0, 0, 3, 2, 237967, , 
53030, 1241587817829, , 38, 13511, 39, 373.9230769230769, 1092321, 10, 6, 122907, 13, 3
533, 1241586882914, , 0, 28317, 54, 583.9814814814816, 535, 10, 11, 20260, 14, 2
534632, , , 698.6, 0, 0, 0, 0, 7, 82, 445660, , 
535, 1241588010308, , 0, 24958, 50, 497.82, 533, 3, 2, 147628, 13, 3
544450, , , 93.55000000000001, 0, 0, 0, 0, 7, 1, 439277, , 
544643, , , 27.700000000000003, 0, 0, 0, 0, 1, 1, 544450, , 
547122, 1241578025287, 1241578244542, 0, 102, 1, 102, 0, 0, 0, 0, 1, 
54776, 1241587671378, , 58.45, 828, 2, 647.5, 0, 74, 33, 89757, 15, 3
554253, , , 11.25, 0, 0, 0, 0, 1, 2, 73481, , 
560572, 1241573371155, 1241574986887, 0, 1214, 8, 157.875, 0, 1, 0, 296658, 2, 
562788, , , 61.150000000000006, 0, 0, 0, 0, 1, 5, 409656, , 
564162, 1241581785459, 1241581836125, 0, 0, 0, 0, 176275, 5, 0, 141364, 6, 4
57748, 1241570388127, 1241575601687, 411.60000000000014, 2203, 10, 198, 0, 5, 0, 1192337, 3, 
58022, , , 16.400000000000002, 0, 0, 0, 0, 4, 0, 175065, , 
586681, , , 17.95, 0, 0, 0, 0, 6, 8, 10642, , 
58859, 1241579493196, 1241582506289, 0, 5009, 16, 380.6875, 43017, 9, 7, 396113, 14, 2
592692, , , 769.4499999999999, 0, 0, 0, 0, 8, 3, 283305, , 
597005, 1241573534473, 1241576318376, 0, 1223, 6, 206.66666666666666, 0, 2, 1, 603011, 4, 0
603011, , , 122.30000000000001, 0, 0, 0, 0, 5, 2, 562788, , 
618376, , , 104.05000000000001, 0, 0, 0, 0, 1, 1, 900329, , 
620326, 1241573562142, 1241574023545, 0, 300, 2, 201.5, 0, 1, 0, 415271, 4, 
624485, 1241569233609, 1241570344080, 0, 0, 0, 0, 0, 0, 0, 562953, 2, 
635003, 1241575785778, 1241576124069, 0, 848, 4, 303.25, 32314, 5, 0, 30158, 7, 1
636873, 1241577308901, 1241577453271, 0, 0, 0, 0, 0, 0, 0, 1892, 2, 
637936, , , 1659.1999999999998, 0, 0, 0, 0, 3, 7, 217283, , 
638007, 1241571262790, 1241571291677, 0, 0, 0, 0, 0, 0, 0, 0, 1, 
63846, , , 1247.9000000000003, 0, 0, 0, 0, 1, 6, 65246, , 
639914, 1241569193149, 1241569589107, 0, 556, 2, 320, 431598, 0, 0, 797824, 4, 
66689, , , 15, 0, 0, 0, 0, 4, 10, 124585, , 
66842, , , 26.050000000000004, 0, 0, 0, 0, 1, 7, 153510, , 
67054, 1241584340788, 1241584501597, 0, 0, 0, 0, 0, 0, 0, 14467, 1, 
674637, , , 182.55000000000004, 0, 0, 0, 0, 1, 2, 1192337, , 
68610, 1241569376666, 1241573516910, 0, 0, 0, 0, 0, 0, 0, 169869, 3, 0
68793, 1241572281670, 1241572293350, 0, 0, 0, 0, 181652, 0, 0, 201458, 4, 0
703094, 1241577835794, 1241579049711, 0, 380, 4, 106.5, 0, 0, 0, 53030, 2, 
7078, , , 37.45, 0, 0, 0, 0, 9, 6, 177916, , 
70997, 1241579119052, 1241580003577, 31.5, 2639, 9, 337.8888888888889, 1010692, 31, 32, 397835, 12, 2
713, 1241586791704, , 7551.100000000001, 14399, 28, 359.7857142857143, 1265, 11, 71, 12, 18, 6
71724, 1241577341050, 1241577699000, 0, 432, 2, 150, 3200, 19, 5, 94103, 12, 4
74372, , , 112.30000000000001, 0, 0, 0, 0, 4, 11, 336024, , 
749409, 1241574316848, 1241574540907, 0, 0, 0, 0, 0, 0, 0, 0, 1, 
757, 1241579344518, 1241582553179, 0, 1123, 8, 121.375, 0, 4, 1, 74372, 6, 3
77, 1241577236929, 1241577262317, 0, 668, 2, 334, 171151, 11, 2, 12770, 14, 2
797185, 1241574660727, 1241574828826, 0, 101, 1, 101, 0, 0, 0, 0, 1, 
797824, , , 126.60000000000002, 0, 0, 0, 0, 15, 3, 82321, , 
8013, 1241575820797, 1241576116454, 0, 365, 2, 182.5, 0, 0, 0, 1124156, 2, 
802319, , , 108.85000000000001, 0, 0, 0, 0, 2, 6, 773108, , 
81899, , , 305.1500000000001, 0, 0, 0, 0, 6, 11, 802319, , 
82321, , , 77.70000000000002, 0, 0, 0, 0, 6, 29, 57717, , 
825380, 1241570331864, 1241570659136, 0, 0, 0, 0, 0, 0, 0, 0, 1, 
833112, 1241569525850, 1241569551000, 0, 0, 0, 0, 0, 0, 0, 0, 1, 
836050, 1241572266575, 1241573704236, 158.65, 222, 1, 197, 592692, 13, 5, 113237, 8, 2
836417, , , 255.79999999999998, 0, 0, 0, 0, 3, 5, 582081, , 
83959, , , 19.5, 0, 0, 0, 0, 1, 0, 403501, , 
8527, 1241578959025, 1241579816908, 0, 8292, 15, 376.8666666666667, 10260, 1, 0, 503, 9, 1
866735, 1241570361513, 1241570642851, 0, 0, 0, 0, 0, 0, 0, 0, 1, 
87714, 1241586731603, 1241587604186, 0, 21556, 40, 515.675, 0, 9, 3, 351430, 11, 6
8842, , , 436.84999999999997, 0, 0, 0, 0, 12, 8, 1531, , 
885698, 1241585107318, 1241585290505, 0, 762, 3, 279, 891151, 4, 0, 836050, 4, 
893561, 1241577308762, 1241578072832, 0, 547, 3, 144, 0, 0, 0, 502119, 1, 
89757, , , 103.05000000000001, 0, 0, 0, 0, 3, 74, 20260, , 
897941, 1241578137574, 1241578263048, 0, 0, 0, 0, 0, 0, 0, 232559, 1, 
90041, 1241574077820, 1241574116910, 69.7, 0, 0, 0, 175933, 9, 9, 258951, 12, 14
900505, 1241580218335, 1241580270768, 0, 0, 0, 0, 0, 0, 0, 1090442, 2, 
916261, , , 208.10000000000002, 0, 0, 0, 0, 1, 0, 618376, , 
931, 1241580299859, 1241583136117, 0, 6114, 10, 627.1, 1066, 9, 6, 12, 12, 3
93412, 1241570958864, 1241572076891, 0, 982, 6, 140.33333333333334, 0, 0, 0, 420097, 3, 0
9342, 1241572275640, 1241572479701, 0, 0, 0, 0, 0, 0, 0, 57748, 2, 
93532, 1241570024921, 1241570046989, 0, 0, 0, 0, 0, 0, 0, 0, 1, 
937109, 1241575629623, 1241577787798, 0, 1064, 3, 153.33333333333334, 0, 1, 0, 43386, 3, 
94103, , , 43.2, 0, 0, 0, 0, 1, 19, 223494, , 
944429, 1241582611577, 1241582817024, 0, 432, 1, 443, 0, 1, 0, 383249, 4, 
95183, 1241587471804, 1241587579518, 0, 0, 0, 0, 0, 0, 0, 0, 1, 
95479, , , 35.9, 0, 0, 0, 0, 8, 2, 586681, , 
96675, 1241570600481, 1241571657352, 201.05, 1966, 6, 509.8333333333333, 205446, 4, 3, 200145, 4, 0
970838, 1241584712801, 1241584746745, 0, 0, 0, 0, 0, 0, 0, 10850, 1, 
971101, 1241585962392, 1241586134947, 0, 150, 1, 150, 0, 0, 0, 135526, 2, 
982699, 1241571612236, 1241571624344, 0, 0, 0, 0, 0, 0, 0, 0, 1, 
98629, 1241583139344, 1241583285003, 0, 0, 0, 0, 0, 3, 0, 408501, 4, 
988642, 1241587181609, , 12.600000000000001, 10635, 41, 219.34146341463415, 438751, 1, 0, 438751, 4, 0
990799, , , 571.65, 0, 0, 0, 0, 5, 11, 836417, , 
995, 1241580683223, 1241583876711, 0, 5586, 9, 632.7777777777778, 12, 12, 23, 12, 14, 5
998652, , , 53.7, 0, 0, 0, 0, 3, 19, 990799, , 
<<<<EndTable

PlayersOnlineNow=19
PlayersOnlineEachMinute=0, 12, 15, 17, 18, 19, 20, 20, 22, 18, 17, 20, 21, 17, 17, 17, 17, 17, 17, 16, 14, 15, 14, 16, 16, 18, 17, 19, 18, 20, 19, 20, 19, 19, 20, 16, 18, 18, 19, 19, 21, 23, 21, 21, 20, 19, 20, 21, 21, 20, 18, 18, 18, 18, 17, 19, 15, 15, 16, 17, 17, 16, 17, 16, 17, 16, 13, 14, 14, 14, 14, 15, 17, 15, 17, 19, 22, 23, 23, 25, 25, 26, 24, 23, 23, 23, 22, 27, 26, 25, 26, 25, 28, 30, 31, 30, 32, 26, 27, 27, 27, 26, 27, 25, 24, 26, 27, 28, 28, 26, 27, 27, 25, 25, 25, 24, 26, 26, 24, 25, 25, 26, 27, 29, 27, 28, 27, 27, 28, 22, 22, 20, 22, 24, 23, 24, 23, 25, 25, 23, 22, 23, 23, 20, 21, 21, 20, 23, 25, 23, 23, 25, 23, 25, 25, 25, 26, 26, 25, 26, 26, 25, 24, 25, 26, 27, 25, 26, 27, 25, 27, 27, 28, 29, 27, 27, 28, 26, 24, 24, 25, 24, 25, 28, 28, 26, 25, 26, 25, 26, 27, 27, 27, 27, 27, 29, 28, 26, 26, 27, 26, 25, 28, 28, 26, 25, 26, 24, 26, 27, 27, 28, 27, 26, 26, 27, 26, 26, 25, 26, 27, 27, 27, 27, 25, 24, 25, 26, 25, 24, 25, 24, 23, 22, 23, 23, 21, 20, 21, 22, 21, 20, 19, 18, 18, 17, 16, 16, 15, 15, 16, 17, 17, 17, 18, 19, 19, 19, 19, 19, 19, 19, 18, 18, 18, 18, 18, 18, 20, 19, 19, 19, 18, 19, 18, 18, 18, 18, 18, 17, 17, 19, 19, 18, 18, 19, 18, 19, 18, 17, 18, 19, 20, 21, 23, 23, 24, 24, 23, 24, 22, 23, 21, 22, 21, 20, 22, 21, 20, 21, 21, 20, 19, 19, 20, 20, 19, 19, 19, 21, 21, 22, 21, 21, 21, 21, 21, 22, 23, 23, 23, 22, 21, 22, 21, 21, 21, 21, 20, 20
PlayersInEachFeedingGame=1, 1, 1, 2, 1, 2, 1, 2, 1, 1, 2, 1, 3, 1, 2, 2, 1, 2, 1, 1, 2, 1, 1, 1, 1, 1, 1, 1, 1, 2, 1, 2, 2, 2, 1, 1, 1, 2, 1, 2, 2, 2, 2, 1, 2, 2, 2, 2, 2, 2, 1, 1, 2, 2, 2, 2, 1, 2, 2, 1, 2, 2, 2, 2, 2, 2, 2, 2, 1, 1, 2, 2, 1, 1, 1, 2, 1, 2, 2, 2, 1, 2, 1, 2, 1, 2, 1, 1, 2, 2, 2, 1, 3, 1, 1, 1, 1, 2, 2, 2, 2, 2, 2, 2, 2, 2, 2, 1, 1, 2, 2, 2, 2, 1, 2, 2, 1, 2, 1, 2, 2, 1, 2, 2, 1, 2, 2, 2, 1, 1, 1, 2, 1, 1, 2, 2, 2, 1, 1, 2, 2, 1, 2, 1, 2, 2, 2, 2, 2, 1, 2, 1, 1, 2, 1, 1, 2, 2, 2, 2, 2, 2, 2, 2, 2, 2, 2, 2, 1, 2, 1, 2, 2, 2, 2, 1, 1, 1, 1, 3, 2, 4, 1, 1, 2, 1, 2, 2, 2, 2, 2, 2, 1, 2, 1, 2, 2, 1, 2, 1, 2, 2, 2, 2, 1, 1, 2, 1, 2, 1, 2, 1, 1, 2, 1, 2, 2, 1, 1, 2, 4, 2, 1, 1, 3, 2, 1, 1, 1, 2, 1, 2, 2, 1, 2, 2, 1, 1, 2, 2, 1, 1, 2, 1, 3, 1, 2, 2, 8, 1, 2, 2, 1, 1, 1, 1, 2, 2, 2, 1, 2, 2, 1, 1, 2, 2, 6, 2, 1, 1, 2, 4, 2, 2, 2, 2, 2, 1, 2, 2, 1, 1, 2, 2, 2, 2, 1, 2, 1, 1, 2, 1, 2, 2, 1, 2, 3, 2, 1, 2, 2, 1, 1, 2, 1, 2, 5, 1, 1, 1, 2, 1, 2, 2, 2, 2, 2, 1, 2, 2, 1, 1, 2, 1, 1, 2, 2, 2, 2, 2, 2, 1, 1, 2, 2, 1, 1, 1, 1, 1, 1, 1, 1, 1, 1, 2, 2, 1, 1
PlayersStarted=441
PlayersQuit=422
StatsStartTime=1241569150686
StatsDumpTime=1241589563137
<<<<EndStats
2009-05-05 22:59:51,601 ERROR: vampire.server.feeding.FeedingRecord sendPlayerStartGameMsg [playerId=1234772, prey=false, _predatorIndex=]
2009-05-05 23:01:37,830 ERROR: vampire.server.feeding.FeedingRecord sendPlayerStartGameMsg [playerId=432820, prey=true, _predatorIndex=]
2009-05-05 23:01:37,831 ERROR: vampire.server.feeding.FeedingRecord sendPlayerStartGameMsg [playerId=49406, prey=false, _predatorIndex=]
2009-05-05 23:04:34,889 ERROR: vampire.server.feeding.FeedingRecord sendPlayerStartGameMsg [playerId=1229, prey=true, _predatorIndex=]
2009-05-05 23:04:34,891 ERROR: vampire.server.feeding.FeedingRecord sendPlayerStartGameMsg [playerId=10260, prey=false, _predatorIndex=]
2009-05-05 23:04:46,653 ERROR: vampire.server.feeding.FeedingRecord sendPlayerStartGameMsg [playerId=713, prey=false, _predatorIndex=10260]
2009-05-05 23:05:07,461 ERROR: vampire.server.feeding.FeedingRecord sendPlayerStartGameMsg [playerId=432820, prey=false, _predatorIndex=10260,713]
2009-05-05 23:06:40,198 ERROR: vampire.server.feeding.FeedingRecord sendPlayerStartGameMsg [playerId=17790, prey=false, _predatorIndex=16040]
2009-05-05 23:07:23,980 ERROR: vampire.server.feeding.FeedingRecord sendPlayerStartGameMsg [playerId=17790, prey=true, _predatorIndex=]
2009-05-05 23:07:23,982 ERROR: vampire.server.feeding.FeedingRecord sendPlayerStartGameMsg [playerId=16040, prey=false, _predatorIndex=]
2009-05-05 23:07:36,701 ERROR: vampire.server.feeding.FeedingRecord sendPlayerStartGameMsg [playerId=1062, prey=false, _predatorIndex=16040]
2009-05-05 23:08:20,469 ERROR: vampire.server.feeding.FeedingRecord sendPlayerStartGameMsg [playerId=49406, prey=false, _predatorIndex=]
2009-05-05 23:09:04,473 ERROR: vampire.server.feeding.FeedingRecord sendPlayerStartGameMsg [playerId=8527, prey=false, _predatorIndex=16040,1062]

>>>>BeginStats

>>>>BeginTable
PlayerId, StartTime, EndTime, ProgenyPayout, XPFromFeeding, FeedingGames, MeanFeedingScore, BloodBond, Progeny, GrandProgeny, Sire, Level, Invites
1011089, 1241578482197, 1241580852858, 0, 2081, 13, 201.76923076923077, 1031623, 0, 0, 916261, 4, 
1012813, , , 110.14999999999999, 0, 0, 0, 0, 6, 16, 54776, , 
101493, 1241571926392, 1241572481548, 0, 657, 2, 489, 0, 2, 2, 52887, 4, 0
1015556, 1241575407297, 1241575561864, 0, 0, 0, 0, 0, 0, 0, 0, 1, 
101589, 1241589141553, 1241589151878, 0, 0, 0, 0, 0, 0, 0, 97971, 4, 0
1021130, 1241577362461, 1241577478265, 0, 0, 0, 0, 0, 0, 0, 865399, 2, 
1021678, 1241569240573, 1241569657198, 0, 109, 1, 109, 0, 0, 0, 0, 1, 
1023595, 1241570397046, 1241570412567, 0, 0, 0, 0, 0, 0, 0, 0, 1, 
10260, 1241589596499, , 2083.9, 12317, 23, 328, 8527, 8, 8, 713, 14, 2
102770, , , 117.75, 0, 0, 0, 0, 4, 2, 7078, , 
103033, 1241574637887, 1241575832823, 174.89999999999998, 2177, 11, 216.9090909090909, 767143, 11, 13, 81899, 6, 1
1031623, 1241577765945, 1241580476953, 0, 2540, 17, 119.3529411764706, 1011089, 0, 0, 1261178, 4, 
1032421, 1241578674473, 1241582540053, 61.800000000000004, 4499, 15, 231.86666666666667, 0, 7, 1, 990799, 7, 1
1032648, , , 41.1, 0, 0, 0, 0, 4, 2, 234337, , 
1032874, 1241579453859, 1241582856988, 0, 267, 2, 97.5, 1090611, 2, 0, 1127083, 4, 
1039922, 1241582252512, 1241582310557, 0, 0, 0, 0, 0, 0, 0, 0, 1, 
1043, 1241573936970, 1241575083980, 0, 0, 0, 0, 453, 5, 2, 12, 13, 3
104782, 1241581786844, 1241581795319, 0, 0, 0, 0, 0, 1, 1, 381936, 2, 3
1047840, , , 13.200000000000001, 0, 0, 0, 0, 3, 0, 408501, , 
1062, 1241587968867, , 0, 20234, 32, 515.1562499999999, 17790, 9, 7, 713, 15, 2
1062853, , , 18.8, 0, 0, 0, 0, 9, 16, 1124214, , 
10642, 1241571269031, 1241574937489, 32.6, 1452, 5, 398.8, 447249, 31, 46, 351598, 15, 2
1077614, , , 164.89999999999998, 0, 0, 0, 0, 1, 1, 836050, , 
10850, 1241583378545, 1241586176982, 0, 1649, 10, 150.3, 0, 1, 0, 1077614, 4, 1
1085176, 1241571948338, 1241572212830, 0, 0, 0, 0, 0, 0, 0, 0, 1, 
1085912, 1241576320215, 1241576855199, 0, 377, 2, 145, 0, 0, 0, 16807, 2, 
1089041, 1241577746006, 1241579543833, 0, 1342, 11, 90.9090909090909, 0, 0, 0, 10260, 2, 
1090442, 1241571527245, 1241573067868, 0, 710, 6, 119.66666666666667, 0, 3, 5, 797824, 4, 
1090611, 1241573402104, 1241583217039, 0, 411, 3, 148.66666666666666, 1032874, 2, 0, 1032648, 4, 
1092321, 1241579637042, , 87.45, 22641, 68, 308.4411764705882, 53030, 28, 34, 35568, 9, 2
1093416, 1241586725462, 1241587856190, 31.4, 617, 6, 101, 0, 1, 0, 990799, 2, 
1100116, 1241572708490, 1241575736964, 0, 1638, 16, 103.3125, 0, 0, 0, 103033, 2, 
1117799, 1241579017299, 1241582158589, 0, 7506, 26, 254.69230769230768, 0, 1, 0, 592692, 4, 
1118730, 1241577474913, 1241578834111, 0, 359, 3, 117.66666666666667, 0, 0, 0, 95479, 1, 
1119381, 1241574529666, 1241574540557, 0, 0, 0, 0, 0, 0, 0, 0, 1, 
1120227, 1241569207849, 1241569977121, 0, 472, 2, 104, 0, 0, 0, 154004, 1, 
1122657, 1241577027758, 1241577659179, 0, 877, 3, 213.33333333333334, 0, 0, 0, 1223973, 1, 
1124156, 1241582676575, 1241585638304, 36.5, 7026, 20, 394.65, 269484, 6, 2, 184671, 6, 1
1124214, , , 9.4, 0, 0, 0, 0, 6, 9, 1122449, , 
1127083, 1241580509164, 1241580956948, 53.60000000000001, 269, 1, 377, 998652, 19, 3, 998652, 5, 1
1131088, 1241589093773, 1241589695937, 0, 849, 3, 119.66666666666667, 0, 0, 0, 483162, 1, 
113127, , , 55.35, 0, 0, 0, 0, 2, 5, 156956, , 
113237, , , 60.300000000000004, 0, 0, 0, 0, 9, 19, 10642, , 
114461, 1241569159582, 1241570398884, 97.7, 63, 1, 125, 0, 2, 0, 390995, 4, 0
114727, 1241569799708, 1241570216955, 0, 0, 0, 0, 0, 0, 0, 0, 1, 
1148755, 1241585971490, 1241587248522, 18.1, 784, 3, 380, 0, 21, 1, 1092321, 7, 5
1152211, , , 154.65, 0, 0, 0, 0, 1, 3, 452296, , 
1155409, , , 478.85000000000014, 0, 0, 0, 0, 2, 1, 674637, , 
1160951, 1241571173675, 1241571260848, 0, 0, 0, 0, 0, 0, 0, 0, 1, 
1168757, 1241580086149, 1241580281805, 0, 0, 0, 0, 0, 0, 0, 0, 1, 
1172363, 1241572365140, 1241572368375, 0, 0, 0, 0, 0, 0, 0, 0, 1, 
1173261, 1241570715019, 1241570792526, 0, 0, 0, 0, 0, 0, 0, 0, 1, 
117371, 1241576605626, 1241576853195, 0, 0, 0, 0, 0, 0, 0, 157229, 2, 0
1177337, 1241589848301, 1241589864008, 0, 0, 0, 0, 0, 0, 0, 564162, 1, 
117857, , , 23.900000000000002, 0, 0, 0, 0, 3, 5, 146211, , 
1178576, 1241573655104, 1241573936910, 0, 0, 0, 0, 0, 0, 0, 0, 2, 
1179023, 1241581816866, 1241583413232, 0, 475, 4, 144.5, 0, 0, 0, 1214279, 1, 
1185369, 1241587329677, 1241587341625, 0, 0, 0, 0, 0, 0, 0, 0, 1, 
119103, 1241583756723, 1241583994435, 0, 117, 1, 117, 0, 0, 0, 0, 1, 
1192337, , , 426.0999999999999, 0, 0, 0, 0, 16, 6, 1012813, , 
12, , , 10202.999999999998, 0, 0, 0, 0, 20, 83, 383387, , 
1200801, 1241581023817, 1241582547347, 0, 7974, 24, 478.8333333333333, 0, 0, 0, 18, 4, 
1210078, 1241583042333, 1241583675257, 0, 247, 1, 247, 0, 0, 0, 0, 1, 
1212556, 1241578318442, 1241578546316, 0, 146, 1, 143, 0, 0, 0, 0, 1, 
1214027, 1241578288488, 1241578302703, 0, 0, 0, 0, 0, 0, 0, 0, 1, 
1214279, 1241584283603, 1241584602614, 36.5, 1364, 9, 144.77777777777777, 0, 3, 0, 1152211, 3, 
1217092, 1241586765120, 1241586822298, 0, 0, 0, 0, 0, 0, 0, 0, 1, 
1217334, 1241573600136, 1241574963551, 0, 618, 5, 103.6, 0, 0, 0, 1032421, 2, 
1220243, 1241576391277, 1241577593508, 0, 883, 6, 103.16666666666667, 0, 0, 0, 402647, 2, 
1222347, 1241577972900, 1241580432964, 0, 690, 7, 89.57142857142857, 0, 0, 0, 156489, 1, 
1223973, 1241576080915, 1241577528617, 0, 1075, 5, 183.2, 0, 1, 0, 0, 2, 1
1224463, 1241579036774, 1241583608784, 0, 394, 5, 1.6, 0, 0, 0, 0, 1, 
1225520, 1241575021246, 1241575315273, 0, 131, 1, 108, 0, 0, 0, 0, 1, 
1226609, 1241572335033, 1241573363108, 0, 499, 3, 144.66666666666666, 0, 0, 0, 57748, 1, 
1228930, 1241580360616, 1241580906134, 0, 392, 2, 131.5, 0, 0, 0, 1127083, 1, 
1229, 1241589631520, , 0, 8743, 14, 1120.0714285714287, 0, 5, 9, 713, 12, 3
122907, , , 1519.6000000000001, 0, 0, 0, 0, 6, 11, 251062, , 
1232843, 1241588622958, 1241588635827, 0, 0, 0, 0, 0, 0, 0, 0, 1, 
1234772, 1241588330087, 1241589873091, 0, 1508, 14, 101.5, 0, 0, 0, 37261, 2, 
1237789, , , 378.09999999999997, 0, 0, 0, 0, 1, 5, 510740, , 
1241265, 1241572663127, 1241572672374, 0, 0, 0, 0, 0, 0, 0, 0, 1, 
124952, 1241572583555, 1241573490646, 0, 0, 0, 0, 0, 1, 0, 207284, 3, 0
1251906, 1241581898697, 1241583822799, 0, 1210, 11, 97.45454545454545, 0, 0, 0, 162239, 2, 
125207, 1241575026332, 1241575361947, 0, 277, 2, 152, 273503, 1, 0, 544643, 4, 0
1252987, 1241573880848, 1241575436885, 0, 96, 1, 97, 0, 0, 0, 57748, 1, 
125347, 1241569553084, 1241569701039, 0, 0, 0, 0, 0, 0, 0, 561527, 1, 0
1254072, 1241570867246, 1241571095776, 0, 159, 1, 159, 0, 0, 0, 186318, 2, 
1254298, 1241574316506, 1241574548604, 0, 197, 1, 141, 0, 0, 0, 103033, 1, 
1254611, 1241569422106, 1241570276953, 0, 181, 2, 90.5, 0, 0, 0, 1148755, 1, 
1254726, 1241570670956, 1241572348030, 0, 998, 6, 123.83333333333333, 1111604, 0, 0, 502119, 3, 
1255018, 1241569228879, 1241569916956, 0, 592, 3, 120.33333333333333, 0, 0, 0, 114461, 2, 
1257392, 1241571987484, 1241572126302, 0, 0, 0, 0, 0, 0, 0, 0, 1, 
125787, 1241573877967, 1241573902423, 0, 0, 0, 0, 0, 1, 0, 22707, 4, 1
1261178, 1241579932985, 1241580520537, 227.50000000000003, 3651, 17, 132.47058823529412, 0, 1, 0, 1155409, 3, 
12628, , , 63.6, 0, 0, 0, 0, 3, 2, 296361, , 
1263033, 1241578429261, 1241579493614, 0, 1362, 5, 134.2, 0, 0, 0, 156489, 2, 
1265, , , 3.0500000000000003, 0, 0, 0, 0, 2, 29, 12, , 
1273151, 1241571440242, 1241571548425, 0, 0, 0, 0, 0, 0, 0, 0, 1, 
12770, , , 66.80000000000001, 0, 0, 0, 0, 23, 25, 383387, , 
1277027, 1241574901804, 1241574917331, 0, 0, 0, 0, 0, 0, 0, 0, 1, 
1278661, 1241571684619, 1241572016885, 0, 385, 6, 63, 0, 0, 0, 114461, 1, 
1279203, 1241571286043, 1241572241696, 0, 960, 3, 378.6666666666667, 0, 0, 0, 57748, 1, 
1279275, 1241569389493, 1241570220119, 0, 1118, 4, 360.25, 0, 0, 0, 0, 2, 
1279492, 1241570502534, 1241570589656, 0, 0, 0, 0, 0, 0, 0, 0, 1, 
1280560, 1241575786673, 1241575823024, 0, 0, 0, 0, 0, 0, 0, 0, 1, 
1280661, 1241575057631, 1241575174260, 0, 0, 0, 0, 0, 0, 0, 0, 1, 
1280721, 1241575558676, 1241576218013, 0, 985, 2, 143, 0, 0, 0, 4139, 1, 
1281030, 1241578457162, 1241579822104, 0, 0, 0, 0, 0, 0, 0, 0, 1, 
1281412, 1241581149769, 1241582182841, 0, 0, 0, 0, 0, 0, 0, 0, 1, 
1281701, 1241586501373, 1241587244350, 0, 254, 2, 127, 0, 0, 0, 0, 1, 
1281721, 1241582055774, 1241584859093, 0, 1244, 9, 116, 0, 0, 0, 351430, 2, 
1282214, 1241586682219, 1241587426875, 0, 314, 3, 104.33333333333333, 0, 0, 0, 1093416, 1, 
1282226, 1241588232951, 1241588434842, 0, 0, 0, 0, 0, 0, 0, 0, 1, 
1282353, 1241587351174, 1241588032840, 0, 293, 1, 214, 0, 0, 0, 37261, 1, 
1282435, 1241588060923, 1241588065854, 0, 0, 0, 0, 0, 0, 0, 0, 1, 
128794, , , 9.4, 0, 0, 0, 0, 2, 4, 93202, , 
130244, , , 185.20000000000005, 0, 0, 0, 0, 3, 9, 237967, , 
132984, 1241581866827, 1241581902107, 0, 636, 3, 232.33333333333334, 0, 2, 0, 12628, 7, 1
135526, , , 15, 0, 0, 0, 0, 11, 0, 162782, , 
142290, 1241575401949, 1241576547124, 0, 1180, 7, 148.28571428571428, 0, 1, 0, 296658, 3, 
143050, 1241571566585, 1241572705631, 0, 537, 2, 165, 0, 0, 0, 0, 1, 
143268, 1241569303407, 1241570115387, 0, 0, 0, 0, 0, 0, 0, 0, 1, 
143509, 1241573736122, 1241574072027, 0, 152, 2, 79, 0, 0, 0, 209500, 2, 0
143538, , , 348.20000000000005, 0, 0, 0, 0, 2, 21, 1531, , 
145006, , , 46.400000000000006, 0, 0, 0, 0, 3, 3, 245338, , 
147628, , , 2495.8000000000006, 0, 0, 0, 0, 6, 3, 63846, , 
149284, 1241578515360, 1241579094699, 0, 674, 3, 146.33333333333334, 0, 0, 0, 408501, 1, 
150179, 1241584413133, 1241585851366, 0, 215, 1, 135, 0, 1, 0, 10642, 4, 0
152558, 1241576494813, 1241576846688, 0, 0, 0, 0, 177614, 0, 0, 122907, 3, 0
153097, 1241574898724, 1241575836983, 0, 188, 1, 250, 1110484, 16, 0, 1062853, 4, 14
1531, 1241579690437, 1241581923285, 226.95, 3497, 9, 355.44444444444446, 503, 6, 14, 12, 15, 3
154004, 1241571344486, 1241571447323, 47.2, 461, 2, 314, 561706, 9, 6, 90041, 4, 0
154238, 1241582554723, 1241583767455, 0, 521, 4, 183.5, 156489, 5, 4, 45129, 8, 2
154875, 1241571924596, 1241572250642, 0, 90, 1, 90, 0, 0, 0, 0, 1, 
155376, , , 110.7, 0, 0, 0, 0, 5, 0, 113127, , 
156489, 1241578274173, 1241579257754, 183.39999999999998, 1721, 6, 366.5, 154238, 15, 23, 713, 9, 1
157766, 1241582349754, 1241583075335, 0, 126, 1, 124, 0, 0, 0, 988642, 1, 
158630, , , 49.1, 0, 0, 0, 0, 5, 1, 304445, , 
159950, 1241577600517, 1241577622517, 0, 0, 0, 0, 0, 0, 0, 0, 1, 
159989, 1241578625092, 1241578768177, 0, 359, 1, 206, 0, 0, 0, 176491, 4, 0
16040, 1241588282781, , 0, 7216, 12, 655, 0, 9, 13, 3, 13, 3
161283, , , 47.800000000000004, 0, 0, 0, 0, 5, 0, 117857, , 
16139, 1241581994543, 1241582336881, 0, 0, 0, 0, 0, 0, 0, 11600, 1, 
162239, , , 120.99999999999999, 0, 0, 0, 0, 2, 0, 192883, , 
162352, 1241572055789, 1241579456949, 0, 2804, 19, 105.63157894736842, 0, 0, 0, 57748, 2, 
162782, , , 7.5, 0, 0, 0, 0, 7, 11, 36377, , 
164243, , , 18.8, 0, 0, 0, 0, 4, 2, 128794, , 
166, , , 16.5, 0, 0, 0, 0, 5, 7, 578, , 
16600, , , 12.100000000000001, 0, 0, 0, 0, 1, 1, 209258, , 
166371, , , 138.1, 0, 0, 0, 0, 4, 4, 267622, , 
167153, , , 7.6, 0, 0, 0, 0, 3, 16, 12, , 
16807, , , 37.7, 0, 0, 0, 0, 2, 0, 592692, , 
168426, 1241571550200, 1241571855548, 0, 188, 1, 252, 0, 1, 0, 164243, 4, 0
171151, 1241584153883, 1241585096919, 85.9, 678, 2, 328, 77, 39, 17, 21067, 14, 3
171513, , , 351.3, 0, 0, 0, 0, 8, 1, 170191, , 
171683, 1241570735185, 1241572426547, 0, 478, 3, 178.66666666666666, 0, 0, 0, 161283, 4, 0
172276, , , 22.5, 0, 0, 0, 0, 2, 0, 554253, , 
175065, , , 8.200000000000001, 0, 0, 0, 0, 1, 4, 401467, , 
176491, , , 35.9, 0, 0, 0, 0, 3, 0, 54776, , 
177501, 1241579216236, 1241579756880, 0, 330, 1, 91, 0, 1, 0, 298229, 4, 
17790, 1241589958611, , 0, 28117, 44, 763.4090909090909, 1062, 12, 13, 20260, 15, 3
18, , , 797.4000000000001, 0, 0, 0, 0, 1, 0, 383387, , 
181264, , , 396.5, 0, 0, 0, 0, 2, 2, 3812, , 
181386, 1241578013522, 1241578431916, 0, 392, 2, 196, 0, 0, 0, 172276, 1, 
181388, 1241570715726, 1241570959432, 0, 89, 1, 89, 0, 1, 1, 333875, 2, 0
184671, 1241584176473, 1241584227301, 720.85, 0, 0, 0, 0, 1, 6, 171513, 3, 
185585, 1241574869998, 1241575376942, 0, 132, 1, 132, 0, 0, 0, 1047840, 1, 0
186318, , , 15.9, 0, 0, 0, 0, 1, 0, 205535, , 
187326, 1241573126955, 1241575676967, 99.60000000000001, 584, 4, 114.25, 0, 2, 0, 194202, 5, 1
190369, 1241582335362, 1241583640173, 0, 273, 2, 126.5, 0, 0, 0, 194202, 2, 
192883, 1241584596654, 1241586444412, 60.49999999999999, 953, 3, 366.3333333333333, 0, 8, 3, 210210, 7, 5
193495, 1241577962661, 1241579281130, 0, 859, 4, 159.5, 0, 0, 0, 171151, 2, 0
193978, , , 21.6, 0, 0, 0, 0, 4, 4, 196206, , 
194202, 1241574325464, 1241574908948, 135.5, 749, 4, 270.5, 0, 2, 2, 102770, 6, 1
195736, , , 71.9, 0, 0, 0, 0, 6, 19, 334835, , 
196614, 1241576443919, 1241576571210, 0, 0, 0, 0, 0, 0, 0, 196543, 1, 
197995, 1241586877472, 1241587028663, 0, 0, 0, 0, 0, 0, 0, 0, 1, 
199624, 1241576112944, 1241576559319, 0, 996, 3, 332, 0, 0, 0, 187326, 2, 
200145, , , 294.90000000000003, 0, 0, 0, 0, 1, 4, 209656, , 
20260, 1241589923285, 1241589999241, 5713.9000000000015, 2216, 3, 365.6666666666667, 0, 18, 45, 12, 17, 13
205446, 1241570593692, 1241571762493, 0, 1966, 6, 144.83333333333334, 96675, 0, 0, 96675, 4, 
205535, 1241573701375, 1241574025946, 7.95, 0, 0, 0, 0, 2, 2, 95479, 7, 2
205927, 1241570636282, 1241571673931, 0, 1107, 7, 120.42857142857143, 0, 0, 0, 155376, 3, 0
207116, 1241582760301, 1241582846107, 0, 0, 0, 0, 0, 2, 0, 132832, 4, 
208716, 1241576880632, 1241576941193, 0, 0, 0, 0, 0, 0, 0, 323132, 3, 0
209500, , , 15.2, 0, 0, 0, 0, 3, 1, 167153, , 
209656, , , 98.29999999999998, 0, 0, 0, 0, 6, 2, 167153, , 
210163, , , 586.05, 0, 0, 0, 0, 12, 11, 255725, , 
210210, , , 95.3, 0, 0, 0, 0, 4, 8, 381607, , 
21067, , , 110.75, 0, 0, 0, 0, 2, 39, 302907, , 
21343, 1241569168971, 1241569977127, 0, 327, 2, 132, 0, 0, 0, 510740, 2, 0
217283, 1241574729001, 1241575436892, 481.00000000000006, 0, 0, 0, 532467, 57, 23, 57393, 12, 22
217505, 1241579258635, 1241579273298, 0, 0, 0, 0, 0, 5, 5, 3653, 7, 1
223494, , , 21.6, 0, 0, 0, 0, 1, 1, 179687, , 
22707, , , 643.7499999999999, 0, 0, 0, 0, 7, 11, 8842, , 
228469, 1241572214713, 1241572790096, 0, 369, 2, 122, 0, 0, 0, 238807, 2, 0
230164, 1241589242002, 1241589257181, 0, 0, 0, 0, 510740, 11, 9, 250837, 19, 2
23340, , , 249.8, 0, 0, 0, 0, 10, 5, 383387, , 
234337, , , 20.55, 0, 0, 0, 0, 5, 4, 97523, , 
235744, 1241586706080, , 0, 0, 0, 0, 0, 0, 0, 0, 1, 0
237967, , , 98.85, 0, 0, 0, 0, 3, 6, 336228, , 
238349, 1241572658472, 1241572661382, 0, 0, 0, 0, 0, 0, 0, 233753, 1, 0
238807, , , 36.900000000000006, 0, 0, 0, 0, 1, 0, 424274, , 
245338, , , 23.200000000000003, 0, 0, 0, 0, 10, 4, 77353, , 
251062, , , 750.3000000000001, 0, 0, 0, 0, 6, 17, 296361, , 
255725, , , 22.650000000000002, 0, 0, 0, 0, 1, 12, 309124, , 
256011, 1241580850299, 1241581122538, 0, 110, 1, 110, 0, 0, 0, 0, 1, 
258951, , , 1161.1999999999998, 0, 0, 0, 0, 23, 13, 1265, , 
259344, 1241575574877, 1241580817355, 95.80000000000001, 3003, 10, 445.1, 223864, 21, 15, 143538, 11, 2
2606, 1241574058684, 1241575134335, 0, 0, 0, 0, 0, 8, 2, 307471, 6, 1
261567, , , 17.75, 0, 0, 0, 0, 32, 3, 237231, , 
262548, 1241578398108, 1241578628703, 0, 182, 1, 182, 0, 1, 2, 122907, 4, 0
262805, 1241576272690, 1241576378378, 0, 0, 0, 0, 0, 1, 0, 389778, 5, 2
263486, 1241574850071, 1241574872361, 0, 0, 0, 0, 0, 0, 0, 0, 1, 
267042, 1241580102430, 1241580228910, 0, 0, 0, 0, 0, 0, 0, 0, 1, 
267622, , , 69.05, 0, 0, 0, 0, 2, 4, 1632, , 
269484, 1241574819116, 1241577269638, 0, 1381, 7, 268.57142857142856, 1124156, 4, 0, 166371, 6, 1
276660, 1241569595811, 1241570336944, 0, 274, 2, 137, 0, 0, 0, 380650, 2, 2
280634, , , 42.400000000000006, 0, 0, 0, 0, 5, 2, 280346, , 
280766, 1241575218424, 1241578455610, 0, 195, 1, 170, 0, 0, 0, 83959, 4, 0
283305, 1241574108600, 1241574950139, 375.3, 288, 1, 218, 544450, 2, 8, 497122, 8, 3
288860, , , 58.2, 0, 0, 0, 0, 5, 8, 20260, , 
296361, , , 31.8, 0, 0, 0, 0, 3, 9, 180570, , 
296658, , , 239.40000000000003, 0, 0, 0, 0, 9, 2, 299646, , 
298229, , , 33, 0, 0, 0, 0, 1, 1, 166, , 
298666, 1241577435963, 1241580959785, 0, 958, 3, 186, 868186, 6, 0, 259344, 7, 1
299646, , , 119.70000000000002, 0, 0, 0, 0, 4, 9, 69257, , 
3, , , 721.6, 0, 0, 0, 0, 2, 9, 383387, , 
301100, 1241570888323, 1241570895722, 0, 0, 0, 0, 0, 0, 0, 0, 1, 
30158, , , 84.80000000000001, 0, 0, 0, 0, 2, 5, 280634, , 
302907, , , 33.900000000000006, 0, 0, 0, 0, 2, 2, 283855, , 
304966, 1241570548357, 1241571194177, 0, 0, 0, 0, 0, 1, 0, 1362, 2, 1
307471, , , 279.59999999999997, 0, 0, 0, 0, 6, 18, 12, , 
30940, 1241580873403, 1241581858929, 0, 1536, 4, 188, 0, 0, 0, 8842, 4, 
311835, 1241576876978, 1241577306669, 0, 0, 0, 0, 0, 0, 0, 111950, 4, 0
314573, 1241581263082, 1241581820967, 0, 405, 2, 176.5, 487102, 3, 0, 54776, 5, 2
316089, 1241583441428, 1241583729890, 0, 582, 2, 410.5, 288860, 8, 1, 288860, 7, 5
32169, 1241582036145, 1241586299910, 0, 19497, 40, 506.725, 219, 7, 0, 10260, 14, 4
32314, 1241588244902, 1241588342177, 0, 4996, 8, 608.5, 635003, 10, 14, 40508, 13, 2
33302, 1241572751431, 1241572899763, 0, 0, 0, 0, 0, 0, 0, 0, 1, 
333875, , , 8.9, 0, 0, 0, 0, 2, 1, 96675, , 
334835, , , 35.95, 0, 0, 0, 0, 2, 6, 143501, , 
33541, 1241580460752, 1241581540014, 0, 3276, 8, 584.25, 14882, 1, 2, 12, 9, 1
336024, , , 56.150000000000006, 0, 0, 0, 0, 2, 5, 510740, , 
336228, , , 1693.4500000000003, 0, 0, 0, 0, 10, 15, 307471, , 
336524, 1241590123851, , 0, 719, 2, 286.5, 101052, 19, 6, 195736, 11, 2
339818, , , 24.200000000000003, 0, 0, 0, 0, 1, 1, 16600, , 
343237, 1241582849029, 1241583000869, 0, 0, 0, 0, 0, 0, 0, 0, 1, 
345939, 1241573956036, 1241574792698, 0, 797, 6, 118, 3811, 0, 0, 544450, 3, 0
350309, 1241569980985, 1241570598883, 0, 355, 3, 118.33333333333333, 0, 0, 0, 503952, 3, 0
351430, 1241582315816, 1241586716914, 2268.5000000000005, 5592, 18, 335.22222222222223, 336228, 12, 46, 336228, 13, 2
351598, , , 155.95000000000002, 0, 0, 0, 0, 1, 31, 359624, , 
35568, 1241580408727, 1241581381177, 2303.2999999999993, 61, 1, 122, 0, 2, 28, 258951, 4, 
359624, , , 72.60000000000001, 0, 0, 0, 0, 3, 1, 201132, , 
36377, 1241571299076, 1241571932127, 0, 697, 3, 291.3333333333333, 0, 4, 8, 453809, 10, 3
37261, 1241587488336, 1241589601842, 68.4, 3439, 8, 401.75, 0, 5, 0, 1237789, 5, 1
372887, , , 34.85, 0, 0, 0, 0, 1, 1, 386780, , 
375444, , , 13.700000000000001, 0, 0, 0, 0, 3, 10, 12770, , 
380650, , , 27.400000000000002, 0, 0, 0, 0, 3, 0, 375444, , 
3812, , , 198.25, 0, 0, 0, 0, 1, 2, 65584, , 
381607, , , 47.65, 0, 0, 0, 0, 1, 4, 153510, , 
383249, , , 43.2, 0, 0, 0, 0, 4, 1, 193978, , 
383387, , , 2615.7500000000005, 0, 0, 0, 0, 7, 57, 0, , 
388185, 1241571560575, 1241572488032, 0, 0, 0, 0, 0, 2, 2, 12770, 4, 0
388615, , , 3.1500000000000004, 0, 0, 0, 0, 1, 2, 395687, , 
390995, , , 55.15, 0, 0, 0, 0, 2, 2, 388615, , 
391307, 1241571184483, 1241571196466, 0, 0, 0, 0, 0, 0, 0, 304966, 1, 0
391439, 1241580682715, 1241580714205, 0, 0, 0, 0, 0, 0, 0, 132921, 1, 0
394891, 1241570562343, 1241570577205, 0, 0, 0, 0, 0, 0, 0, 158630, 3, 0
396113, , , 500.9, 0, 0, 0, 0, 2, 9, 44987, , 
397835, , , 287.59999999999997, 0, 0, 0, 0, 5, 31, 47379, , 
402647, 1241588263649, 1241589440258, 43.5, 13270, 28, 377.39285714285717, 408501, 12, 3, 408501, 13, 6
403501, , , 9.75, 0, 0, 0, 0, 6, 1, 124503, , 
40508, , , 499.6, 0, 0, 0, 0, 4, 10, 23340, , 
408501, 1241584518425, 1241588984377, 1422.7500000000002, 9620, 22, 548.2272727272729, 402647, 7, 18, 637936, 11, 2
4139, 1241587052417, , 98.5, 23405, 47, 592.8510638297871, 44987, 22, 23, 713, 18, 3
415271, , , 30, 0, 0, 0, 0, 10, 1, 66689, , 
420097, , , 98.2, 0, 0, 0, 0, 1, 0, 158630, , 
424274, , , 18.450000000000003, 0, 0, 0, 0, 1, 1, 121984, , 
42736, 1241583223832, 1241583318123, 0, 0, 0, 0, 695975, 2, 3, 133482, 5, 1
43017, 1241571885383, 1241572316873, 0, 242, 2, 141, 58859, 1, 1, 339818, 9, 2
430717, 1241576567989, 1241577823280, 0, 0, 0, 0, 503425, 30, 25, 256746, 12, 6
432820, 1241588787856, 1241590017373, 0, 3965, 22, 174.13636363636363, 0, 2, 1, 181264, 5, 2
43386, 1241575543094, 1241577716894, 106.4, 1320, 4, 480.25, 106210, 4, 4, 130244, 8, 4
433908, 1241570671012, 1241571236973, 0, 464, 3, 153, 512737, 3, 1, 145006, 7, 1
438751, 1241569174961, 1241569377182, 1087.8, 453, 1, 472, 988642, 11, 3, 210163, 8, 1
439277, , , 39.85000000000001, 0, 0, 0, 0, 7, 7, 208602, , 
445660, , , 390.05000000000007, 0, 0, 0, 0, 4, 7, 54812, , 
44987, , , 250.45, 0, 0, 0, 0, 1, 2, 12770, , 
45129, , , 52.10000000000001, 0, 0, 0, 0, 7, 5, 66842, , 
451351, 1241570214602, 1241570356860, 0, 0, 0, 0, 0, 0, 0, 115341, 4, 
452296, , , 68.2, 0, 0, 0, 0, 9, 1, 103144, , 
453809, , , 69.7, 0, 0, 0, 0, 1, 4, 372887, , 
468188, 1241588755886, 1241589087548, 0, 0, 0, 0, 0, 19, 5, 351430, 6, 17
47379, , , 131.95, 0, 0, 0, 0, 4, 5, 54776, , 
480591, 1241571866624, 1241572120085, 0, 0, 0, 0, 0, 0, 0, 128013, 2, 0
483162, 1241586630439, , 84.9, 7801, 19, 644.5263157894736, 0, 12, 2, 534632, 12, 8
49406, 1241589639434, , 0, 474, 4, 107.75, 0, 0, 0, 70997, 1, 0
497122, , , 28.8, 0, 0, 0, 0, 14, 2, 82321, , 
502119, 1241575896634, 1241579059969, 154.50000000000003, 5665, 15, 360.8, 520359, 10, 13, 22707, 9, 1
503, , , 829.2000000000002, 0, 0, 0, 0, 5, 1, 12, , 
503952, , , 35.5, 0, 0, 0, 0, 2, 0, 261567, , 
506667, 1241574727883, 1241575894300, 0, 164, 2, 63, 0, 0, 0, 58022, 2, 1
510740, , , 204.65000000000003, 0, 0, 0, 0, 70, 4, 534632, , 
510796, 1241576482515, 1241576746181, 0, 0, 0, 0, 0, 0, 0, 551714, 2, 0
52887, , , 65.7, 0, 0, 0, 0, 3, 2, 237967, , 
53030, 1241587817829, , 38, 14824, 43, 360.76744186046517, 1092321, 10, 6, 122907, 13, 3
533, 1241586882914, , 0, 28317, 54, 583.9814814814816, 535, 10, 11, 20260, 14, 2
534632, , , 838.9000000000001, 0, 0, 0, 0, 7, 82, 445660, , 
535, 1241588010308, 1241589730499, 0, 24958, 50, 497.82, 533, 3, 2, 147628, 13, 3
544450, , , 93.55000000000001, 0, 0, 0, 0, 7, 1, 439277, , 
544643, , , 27.700000000000003, 0, 0, 0, 0, 1, 1, 544450, , 
547122, 1241578025287, 1241578244542, 0, 102, 1, 102, 0, 0, 0, 0, 1, 
54776, 1241587671378, 1241589834935, 58.45, 828, 2, 647.5, 0, 74, 33, 89757, 15, 3
554253, , , 11.25, 0, 0, 0, 0, 1, 2, 73481, , 
560572, 1241573371155, 1241574986887, 0, 1214, 8, 157.875, 0, 1, 0, 296658, 2, 
562788, , , 61.150000000000006, 0, 0, 0, 0, 1, 5, 409656, , 
564162, 1241581785459, 1241581836125, 0, 0, 0, 0, 176275, 6, 0, 141364, 6, 4
57748, 1241570388127, 1241575601687, 411.60000000000014, 2203, 10, 198, 0, 5, 0, 1192337, 3, 
58022, , , 16.400000000000002, 0, 0, 0, 0, 4, 0, 175065, , 
586681, , , 17.95, 0, 0, 0, 0, 6, 8, 10642, , 
58859, 1241579493196, 1241582506289, 0, 5009, 16, 380.6875, 43017, 9, 7, 396113, 14, 2
592692, , , 769.4499999999999, 0, 0, 0, 0, 8, 3, 283305, , 
597005, 1241573534473, 1241576318376, 0, 1223, 6, 206.66666666666666, 0, 2, 1, 603011, 4, 0
603011, , , 122.30000000000001, 0, 0, 0, 0, 5, 2, 562788, , 
618376, , , 104.05000000000001, 0, 0, 0, 0, 1, 1, 900329, , 
620326, 1241573562142, 1241574023545, 0, 300, 2, 201.5, 0, 1, 0, 415271, 4, 
624485, 1241569233609, 1241570344080, 0, 0, 0, 0, 0, 0, 0, 562953, 2, 
635003, 1241575785778, 1241576124069, 0, 848, 4, 303.25, 32314, 5, 0, 30158, 7, 1
636873, 1241577308901, 1241577453271, 0, 0, 0, 0, 0, 0, 0, 1892, 2, 
637936, , , 1659.1999999999998, 0, 0, 0, 0, 3, 7, 217283, , 
638007, 1241571262790, 1241571291677, 0, 0, 0, 0, 0, 0, 0, 0, 1, 
63846, , , 1247.9000000000003, 0, 0, 0, 0, 1, 6, 65246, , 
639914, 1241569193149, 1241569589107, 0, 556, 2, 320, 431598, 0, 0, 797824, 4, 
66689, , , 15, 0, 0, 0, 0, 4, 10, 124585, , 
66842, , , 26.050000000000004, 0, 0, 0, 0, 1, 7, 153510, , 
67054, 1241584340788, 1241584501597, 0, 0, 0, 0, 0, 0, 0, 14467, 1, 
674637, , , 182.55000000000004, 0, 0, 0, 0, 1, 2, 1192337, , 
68610, 1241569376666, 1241573516910, 0, 0, 0, 0, 0, 0, 0, 169869, 3, 0
68793, 1241572281670, 1241572293350, 0, 0, 0, 0, 181652, 0, 0, 201458, 4, 0
703094, 1241577835794, 1241579049711, 0, 380, 4, 106.5, 0, 0, 0, 53030, 2, 
7078, , , 37.45, 0, 0, 0, 0, 9, 6, 177916, , 
70997, 1241579119052, 1241580003577, 47.4, 2639, 9, 337.8888888888889, 1010692, 31, 32, 397835, 12, 2
713, 1241586791704, , 7824.900000000001, 15768, 30, 359.6, 1265, 11, 71, 12, 18, 6
71724, 1241577341050, 1241577699000, 0, 432, 2, 150, 3200, 19, 5, 94103, 12, 4
74372, , , 112.30000000000001, 0, 0, 0, 0, 4, 11, 336024, , 
749409, 1241574316848, 1241574540907, 0, 0, 0, 0, 0, 0, 0, 0, 1, 
757, 1241579344518, 1241582553179, 0, 1123, 8, 121.375, 0, 4, 1, 74372, 6, 3
77, 1241577236929, 1241577262317, 0, 668, 2, 334, 171151, 11, 2, 12770, 14, 2
797185, 1241574660727, 1241574828826, 0, 101, 1, 101, 0, 0, 0, 0, 1, 
797824, , , 126.60000000000002, 0, 0, 0, 0, 15, 3, 82321, , 
8013, 1241575820797, 1241576116454, 0, 365, 2, 182.5, 0, 0, 0, 1124156, 2, 
802319, , , 108.85000000000001, 0, 0, 0, 0, 2, 6, 773108, , 
81899, , , 305.1500000000001, 0, 0, 0, 0, 6, 11, 802319, , 
82321, , , 77.70000000000002, 0, 0, 0, 0, 6, 29, 57717, , 
825380, 1241570331864, 1241570659136, 0, 0, 0, 0, 0, 0, 0, 0, 1, 
833112, 1241569525850, 1241569551000, 0, 0, 0, 0, 0, 0, 0, 0, 1, 
836050, 1241572266575, 1241573704236, 158.65, 222, 1, 197, 592692, 13, 5, 113237, 8, 2
836417, , , 255.79999999999998, 0, 0, 0, 0, 3, 5, 582081, , 
83959, , , 19.5, 0, 0, 0, 0, 1, 0, 403501, , 
8527, 1241590104582, , 0, 8292, 15, 376.8666666666667, 10260, 1, 0, 503, 9, 1
866735, 1241570361513, 1241570642851, 0, 0, 0, 0, 0, 0, 0, 0, 1, 
87714, 1241586731603, 1241587604186, 0, 21556, 40, 515.675, 0, 9, 3, 351430, 11, 6
8842, , , 436.84999999999997, 0, 0, 0, 0, 12, 8, 1531, , 
885698, 1241585107318, 1241585290505, 0, 762, 3, 279, 891151, 4, 0, 836050, 4, 
893561, 1241577308762, 1241578072832, 0, 547, 3, 144, 0, 0, 0, 502119, 1, 
89757, , , 103.05000000000001, 0, 0, 0, 0, 3, 74, 20260, , 
897941, 1241578137574, 1241578263048, 0, 0, 0, 0, 0, 0, 0, 232559, 1, 
90041, 1241574077820, 1241574116910, 69.7, 0, 0, 0, 175933, 9, 9, 258951, 12, 14
900505, 1241580218335, 1241580270768, 0, 0, 0, 0, 0, 0, 0, 1090442, 2, 
916261, , , 208.10000000000002, 0, 0, 0, 0, 1, 0, 618376, , 
931, 1241580299859, 1241583136117, 0, 6114, 10, 627.1, 1066, 9, 6, 12, 12, 3
93412, 1241570958864, 1241572076891, 0, 982, 6, 140.33333333333334, 0, 0, 0, 420097, 3, 0
9342, 1241572275640, 1241572479701, 0, 0, 0, 0, 0, 0, 0, 57748, 2, 
93532, 1241570024921, 1241570046989, 0, 0, 0, 0, 0, 0, 0, 0, 1, 
937109, 1241575629623, 1241577787798, 0, 1064, 3, 153.33333333333334, 0, 1, 0, 43386, 3, 
94103, , , 43.2, 0, 0, 0, 0, 1, 19, 223494, , 
944429, 1241582611577, 1241582817024, 0, 432, 1, 443, 0, 1, 0, 383249, 4, 
95183, 1241587471804, 1241587579518, 0, 0, 0, 0, 0, 0, 0, 0, 1, 
95479, , , 35.9, 0, 0, 0, 0, 8, 2, 586681, , 
96675, 1241570600481, 1241571657352, 201.05, 1966, 6, 509.8333333333333, 205446, 4, 3, 200145, 4, 0
970838, 1241584712801, 1241584746745, 0, 0, 0, 0, 0, 0, 0, 10850, 1, 
971101, 1241585962392, 1241586134947, 0, 150, 1, 150, 0, 0, 0, 135526, 2, 
982699, 1241571612236, 1241571624344, 0, 0, 0, 0, 0, 0, 0, 0, 1, 
98629, 1241583139344, 1241583285003, 0, 0, 0, 0, 0, 3, 0, 408501, 4, 
988642, 1241587181609, 1241589987483, 12.600000000000001, 10815, 42, 217.8095238095238, 438751, 1, 0, 438751, 4, 
990799, , , 571.65, 0, 0, 0, 0, 5, 11, 836417, , 
995, 1241580683223, 1241583876711, 0, 5586, 9, 632.7777777777778, 12, 12, 23, 12, 14, 5
998652, , , 53.7, 0, 0, 0, 0, 3, 19, 990799, , 
<<<<EndTable

PlayersOnlineNow=15
PlayersOnlineEachMinute=0, 12, 15, 17, 18, 19, 20, 20, 22, 18, 17, 20, 21, 17, 17, 17, 17, 17, 17, 16, 14, 15, 14, 16, 16, 18, 17, 19, 18, 20, 19, 20, 19, 19, 20, 16, 18, 18, 19, 19, 21, 23, 21, 21, 20, 19, 20, 21, 21, 20, 18, 18, 18, 18, 17, 19, 15, 15, 16, 17, 17, 16, 17, 16, 17, 16, 13, 14, 14, 14, 14, 15, 17, 15, 17, 19, 22, 23, 23, 25, 25, 26, 24, 23, 23, 23, 22, 27, 26, 25, 26, 25, 28, 30, 31, 30, 32, 26, 27, 27, 27, 26, 27, 25, 24, 26, 27, 28, 28, 26, 27, 27, 25, 25, 25, 24, 26, 26, 24, 25, 25, 26, 27, 29, 27, 28, 27, 27, 28, 22, 22, 20, 22, 24, 23, 24, 23, 25, 25, 23, 22, 23, 23, 20, 21, 21, 20, 23, 25, 23, 23, 25, 23, 25, 25, 25, 26, 26, 25, 26, 26, 25, 24, 25, 26, 27, 25, 26, 27, 25, 27, 27, 28, 29, 27, 27, 28, 26, 24, 24, 25, 24, 25, 28, 28, 26, 25, 26, 25, 26, 27, 27, 27, 27, 27, 29, 28, 26, 26, 27, 26, 25, 28, 28, 26, 25, 26, 24, 26, 27, 27, 28, 27, 26, 26, 27, 26, 26, 25, 26, 27, 27, 27, 27, 25, 24, 25, 26, 25, 24, 25, 24, 23, 22, 23, 23, 21, 20, 21, 22, 21, 20, 19, 18, 18, 17, 16, 16, 15, 15, 16, 17, 17, 17, 18, 19, 19, 19, 19, 19, 19, 19, 18, 18, 18, 18, 18, 18, 20, 19, 19, 19, 18, 19, 18, 18, 18, 18, 18, 17, 17, 19, 19, 18, 18, 19, 18, 19, 18, 17, 18, 19, 20, 21, 23, 23, 24, 24, 23, 24, 22, 23, 21, 22, 21, 20, 22, 21, 20, 21, 21, 20, 19, 19, 20, 20, 19, 19, 19, 21, 21, 22, 21, 21, 21, 21, 21, 22, 23, 23, 23, 22, 21, 22, 21, 21, 21, 21, 20, 20, 18, 17, 19, 17, 17, 18, 15, 16, 13, 13
PlayersInEachFeedingGame=1, 1, 1, 2, 1, 2, 1, 2, 1, 1, 2, 1, 3, 1, 2, 2, 1, 2, 1, 1, 2, 1, 1, 1, 1, 1, 1, 1, 1, 2, 1, 2, 2, 2, 1, 1, 1, 2, 1, 2, 2, 2, 2, 1, 2, 2, 2, 2, 2, 2, 1, 1, 2, 2, 2, 2, 1, 2, 2, 1, 2, 2, 2, 2, 2, 2, 2, 2, 1, 1, 2, 2, 1, 1, 1, 2, 1, 2, 2, 2, 1, 2, 1, 2, 1, 2, 1, 1, 2, 2, 2, 1, 3, 1, 1, 1, 1, 2, 2, 2, 2, 2, 2, 2, 2, 2, 2, 1, 1, 2, 2, 2, 2, 1, 2, 2, 1, 2, 1, 2, 2, 1, 2, 2, 1, 2, 2, 2, 1, 1, 1, 2, 1, 1, 2, 2, 2, 1, 1, 2, 2, 1, 2, 1, 2, 2, 2, 2, 2, 1, 2, 1, 1, 2, 1, 1, 2, 2, 2, 2, 2, 2, 2, 2, 2, 2, 2, 2, 1, 2, 1, 2, 2, 2, 2, 1, 1, 1, 1, 3, 2, 4, 1, 1, 2, 1, 2, 2, 2, 2, 2, 2, 1, 2, 1, 2, 2, 1, 2, 1, 2, 2, 2, 2, 1, 1, 2, 1, 2, 1, 2, 1, 1, 2, 1, 2, 2, 1, 1, 2, 4, 2, 1, 1, 3, 2, 1, 1, 1, 2, 1, 2, 2, 1, 2, 2, 1, 1, 2, 2, 1, 1, 2, 1, 3, 1, 2, 2, 8, 1, 2, 2, 1, 1, 1, 1, 2, 2, 2, 1, 2, 2, 1, 1, 2, 2, 6, 2, 1, 1, 2, 4, 2, 2, 2, 2, 2, 1, 2, 2, 1, 1, 2, 2, 2, 2, 1, 2, 1, 1, 2, 1, 2, 2, 1, 2, 3, 2, 1, 2, 2, 1, 1, 2, 1, 2, 5, 1, 1, 1, 2, 1, 2, 2, 2, 2, 2, 1, 2, 2, 1, 1, 2, 1, 1, 2, 2, 2, 2, 2, 2, 1, 1, 2, 2, 1, 1, 1, 1, 1, 1, 1, 1, 1, 1, 2, 2, 1, 1, 1, 2, 3, 2, 1
PlayersStarted=450
PlayersQuit=435
StatsStartTime=1241569150686
StatsDumpTime=1241590163673
<<<<EndStats
2009-05-05 23:11:12,025 ERROR: vampire.server.feeding.FeedingRecord sendPlayerStartGameMsg [playerId=16040, prey=false, _predatorIndex=]
2009-05-05 23:13:08,142 ERROR: vampire.server.feeding.FeedingRecord sendPlayerStartGameMsg [playerId=49406, prey=true, _predatorIndex=]
2009-05-05 23:13:08,147 ERROR: vampire.server.feeding.FeedingRecord sendPlayerStartGameMsg [playerId=432820, prey=false, _predatorIndex=]
2009-05-05 23:13:50,655 ERROR: vampire.server.feeding.FeedingRecord sendPlayerStartGameMsg [playerId=16040, prey=true, _predatorIndex=]
2009-05-05 23:13:50,656 ERROR: vampire.server.feeding.FeedingRecord sendPlayerStartGameMsg [playerId=17790, prey=false, _predatorIndex=]
2009-05-05 23:14:00,691 ERROR: vampire.server.feeding.FeedingRecord sendPlayerStartGameMsg [playerId=1062, prey=false, _predatorIndex=17790]
2009-05-05 23:14:33,166 ERROR: vampire.server.feeding.FeedingRecord sendPlayerStartGameMsg [playerId=336524, prey=true, _predatorIndex=]
2009-05-05 23:14:33,168 ERROR: vampire.server.feeding.FeedingRecord sendPlayerStartGameMsg [playerId=1252375, prey=false, _predatorIndex=]
2009-05-05 23:14:56,537 ERROR: vampire.server.feeding.FeedingRecord sendPlayerStartGameMsg [playerId=8527, prey=false, _predatorIndex=]
2009-05-05 23:15:57,873 ERROR: vampire.server.feeding.FeedingRecord sendPlayerStartGameMsg [playerId=49406, prey=false, _predatorIndex=1252375]
2009-05-05 23:16:01,270 ERROR: vampire.server.feeding.FeedingRecord sendPlayerStartGameMsg [playerId=8527, prey=false, _predatorIndex=17790,1062]
2009-05-05 23:16:16,474 ERROR: vampire.server.feeding.FeedingRecord sendPlayerStartGameMsg [playerId=432820, prey=false, _predatorIndex=]
2009-05-05 23:18:07,479 ERROR: vampire.server.feeding.FeedingRecord sendPlayerStartGameMsg [playerId=49406, prey=false, _predatorIndex=]

