
>>>>BeginStats

>>>>BeginTable
PlayerId, StartTime, EndTime, ProgenyPayout, XPFromFeeding, FeedingGames, MeanFeedingScore, BloodBond, Progeny, GrandProgeny, Sire, Level, Invites
102127,undefined,0,147.00000000000003,0,0,0,0,1,1,168234,undefined,undefined
10260,1240729764531,1240731319885,0,1466,4,438.75,0,4,4,713,11,2
103033,1240731657074,1240732011891,0,183,1,183,767143,5,0,81899,4,null
10642,undefined,0,19.3,0,0,0,0,22,5,351598,undefined,undefined
114384,1240734992242,1240735825973,0,377,3,113,0,0,0,208246,2,0
12,undefined,0,543.7,0,0,0,0,19,56,383387,undefined,undefined
120076,undefined,0,270.35,0,0,0,0,9,1,34987,undefined,undefined
122494,1240735891953,0,0,348,3,117,0,0,0,582081,2,0
122907,undefined,0,304.6,0,0,0,0,6,7,251062,undefined,undefined
1265,undefined,0,123.55000000000001,0,0,0,0,5,11,12,undefined,undefined
12770,undefined,0,678.5000000000001,0,0,0,0,19,18,383387,undefined,undefined
12791,undefined,0,496.35000000000014,0,0,0,0,9,9,12,undefined,undefined
129679,1240731931466,1240733518153,0,1389,8,226.25,0,0,0,21067,3,1
130244,undefined,0,23.35,0,0,0,0,3,5,237967,undefined,undefined
131355,undefined,0,6,0,0,0,0,1,2,461901,undefined,undefined
133711,1240730911956,1240731598053,0,931,3,125,0,0,0,88366,3,0
141288,1240730452544,1240733003703,37.300000000000004,1942,6,283.6666666666667,841332,3,0,510740,4,null
142178,undefined,0,728.2,0,0,0,0,2,9,73621,undefined,undefined
143538,undefined,0,75.05000000000001,0,0,0,0,2,15,1531,undefined,undefined
144314,1240730096216,1240730273563,0,0,0,0,0,0,0,0,1,null
145421,1240732097418,1240732618953,0,0,0,0,0,0,0,0,1,null
145609,undefined,0,18.85,0,0,0,0,4,2,92300,undefined,undefined
151500,1240729312406,1240730905435,0,1478,6,157,0,0,0,483162,3,null
156489,undefined,0,318.1,0,0,0,0,12,14,713,undefined,undefined
158274,1240734828012,1240735356127,0,246,2,128,0,0,0,32314,3,null
159420,undefined,0,272.34999999999997,0,0,0,0,1,5,206649,undefined,undefined
160138,undefined,0,161.25,0,0,0,0,6,5,150469,undefined,undefined
164902,1240735758546,1240736064927,0,104,1,130,0,0,0,217283,3,0
165735,1240735267328,1240735829690,0,333,2,155,0,0,0,169326,1,null
169326,undefined,0,33.300000000000004,0,0,0,0,1,0,180789,undefined,undefined
169944,undefined,0,294.00000000000006,0,0,0,0,1,0,102127,undefined,undefined
172342,1240731327198,1240731337441,0,0,0,0,0,0,0,320570,1,0
173395,undefined,0,46.7,0,0,0,0,5,4,130244,undefined,undefined
173409,1240732604614,1240736211393,0,0,0,0,0,0,0,197193,1,null
176013,1240732360440,1240732396564,0,0,0,0,327986,3,1,95378,4,1
177614,1240731241669,1240732275446,0,153,1,130,0,3,0,3200,3,1
178366,1240733135245,1240733254690,0,1501,7,212.71428571428572,0,0,0,259344,3,0
180789,undefined,0,16.650000000000002,0,0,0,0,2,1,58030,undefined,undefined
181738,undefined,0,78.70000000000002,0,0,0,0,5,4,12791,undefined,undefined
182501,1240735387758,1240736059854,16.6,486,3,273.6666666666667,108722,6,0,430717,7,3
1892,1240735795182,1240736133954,0,0,0,0,455390,15,6,995,10,2
190687,undefined,0,31.200000000000003,0,0,0,0,7,6,383937,undefined,undefined
190982,1240732311004,1240733281298,0,0,0,0,0,0,0,0,1,null
191984,1240734869195,0,258,6182,21,328.04761904761904,191950,9,4,142178,8,3
195736,undefined,0,45,0,0,0,0,6,11,334835,undefined,undefined
196543,1240734075661,1240734722957,0,1464,9,110.33333333333333,0,0,0,32314,3,null
202328,1240735716405,0,0,467,4,118.5,0,4,3,173395,4,0
207373,1240735297855,1240735987778,0,199,2,101.5,0,0,0,348886,1,0
208246,undefined,0,37.7,0,0,0,0,2,0,145609,undefined,undefined
209842,1240734045899,1240734976979,0,1096,4,200.75,0,0,0,5212,3,null
210155,1240736263232,0,0,2773,15,153.93333333333334,0,0,0,217283,2,0
21067,undefined,0,138.9,0,0,0,0,2,0,302907,undefined,undefined
212370,undefined,0,46.550000000000004,0,0,0,0,8,2,105778,undefined,undefined
217283,1240734246246,0,246.10000000000002,5447,15,460.06666666666666,0,18,13,57393,10,3
223864,undefined,0,366.20000000000005,0,0,0,0,5,17,160138,undefined,undefined
230164,1240735361585,0,0,624,2,428,510740,7,1,250837,12,2
23340,undefined,0,8.1,0,0,0,0,6,4,383387,undefined,undefined
239429,1240733110131,1240733328772,0,0,0,0,0,0,0,0,1,null
250837,undefined,0,62.400000000000006,0,0,0,0,1,7,190687,undefined,undefined
251062,undefined,0,152.3,0,0,0,0,6,6,296361,undefined,undefined
256746,1240729378745,1240730678703,24.300000000000004,1335,5,241.8,260844,5,28,61984,8,6
258951,1240732209378,1240733059753,135.5,558,3,267.3333333333333,555644,10,13,1265,11,8
259344,undefined,0,150.10000000000002,0,0,0,0,15,0,143538,undefined,undefined
2843,undefined,0,34.1,0,0,0,0,7,27,3383,undefined,undefined
297654,1240730317421,1240730951192,0,787,2,351,204487,4,1,181738,11,3
302907,undefined,0,69.45,0,0,0,0,2,2,283855,undefined,undefined
311783,1240730961645,1240731003557,0,0,0,0,0,6,2,11460,8,3
312674,1240734080530,1240734096725,0,0,0,0,0,0,0,0,1,0
3200,1240730947229,1240734446145,63.7,3225,11,398.27272727272725,71724,16,4,223864,12,2
32314,1240729582424,1240729750546,156.90000000000003,162,1,215,20731,7,2,40508,12,2
334835,undefined,0,22.5,0,0,0,0,2,6,143501,undefined,undefined
336524,1240732450184,1240735657685,0,450,2,210.5,512737,8,4,195736,9,1
3383,1240730354407,1240734597410,17.05,4570,9,467.22222222222223,968,4,9,12791,13,2
340461,1240732212223,1240734568927,76.00000000000001,2200,12,153.66666666666666,0,1,0,191984,4,1
340845,1240732992786,1240733051475,0,0,0,0,0,1,0,184355,2,0
348886,1240735799985,1240736284963,11.200000000000001,237,2,123.5,0,2,0,59534,2,1
34987,undefined,0,111.05000000000001,0,0,0,0,2,9,8842,undefined,undefined
351598,undefined,0,9.65,0,0,0,0,1,22,359624,undefined,undefined
363172,1240731714274,1240732470673,0,0,0,0,0,0,0,600946,2,0
364226,1240732448870,1240733375162,0,0,0,0,0,1,0,210210,3,1
372617,1240734257567,1240734271768,0,0,0,0,612159,2,2,36432,6,1
379139,1240736038999,0,0,256,2,93,0,0,0,0,1,0
383387,undefined,0,232.65000000000006,0,0,0,0,3,44,0,undefined,undefined
396113,undefined,0,274.80000000000007,0,0,0,0,2,4,44987,undefined,undefined
397835,undefined,0,133.4,0,0,0,0,5,8,47379,undefined,undefined
40508,undefined,0,94.65,0,0,0,0,4,7,23340,undefined,undefined
408501,undefined,0,95.60000000000001,0,0,0,0,4,0,637936,undefined,undefined
4139,1240731847586,1240734699565,0,4280,9,521.5555555555555,16040,11,19,713,14,3
416886,1240731857093,1240731868428,0,0,0,0,0,0,0,0,1,0
430717,1240731018950,1240731371352,56.900000000000006,0,0,0,0,25,10,256746,11,6
44987,1240735177619,0,563.8,4653,11,612.7272727272727,0,11,16,12770,12,2
47477,undefined,0,338.40000000000003,0,0,0,0,1,0,58859,undefined,undefined
483162,undefined,0,147.8,0,0,0,0,1,0,534632,undefined,undefined
49151,1240732252353,1240732800891,0,566,2,154,0,0,0,0,1,null
493115,1240730724980,1240730816607,0,0,0,0,0,0,0,10260,2,0
510740,1240736269620,0,521.85,0,0,0,230164,48,32,534632,16,14
5129,1240732483381,1240733950242,0,1621,8,139.25,0,0,0,258951,2,null
5212,1240733990888,1240736157413,109.6,2633,6,422.6666666666667,2843,14,10,156489,14,2
522658,1240734890426,1240735499282,0,193,1,215,0,5,4,10642,4,0
527214,1240732526476,1240732538018,0,0,0,0,0,0,0,0,1,null
53030,1240735560566,0,0,3046,6,731.5,0,7,5,122907,12,3
534632,undefined,0,325.50000000000006,0,0,0,0,5,49,445660,undefined,undefined
535,1240734318099,1240734395983,0,0,0,0,0,2,1,147628,10,3
547122,1240730937260,1240731740794,0,252,2,126,0,0,0,0,1,null
557317,1240732176707,1240732564597,0,127,1,74,0,0,0,3200,1,null
57393,undefined,0,667.75,0,0,0,0,5,19,159420,undefined,undefined
582081,undefined,0,34.800000000000004,0,0,0,0,1,0,79942,undefined,undefined
58859,1240734399242,1240735755664,169.20000000000002,2748,7,576.7142857142857,43017,4,2,396113,12,2
59534,undefined,0,29.3,0,0,0,0,1,2,223864,undefined,undefined
61045,undefined,0,66.75,0,0,0,0,6,1,74372,undefined,undefined
61153,1240733897424,1240735113800,0,1119,6,155.66666666666666,0,0,0,781781,2,null
612041,1240735037457,1240735201168,0,0,0,0,0,0,0,120076,1,null
61984,undefined,0,133.5,0,0,0,0,1,5,61045,undefined,undefined
620394,1240735701021,1240736175691,0,341,2,111.5,0,1,0,2843,4,null
630520,1240732626632,0,0,560,5,91.4,0,0,0,3200,1,0
634506,1240734933392,1240735141101,0,169,1,169,0,0,0,0,1,null
637936,undefined,0,47.800000000000004,0,0,0,0,3,4,217283,undefined,undefined
65812,1240735080481,0,0,2940,17,173.8235294117647,80094,0,0,169944,4,0
70997,undefined,0,353.75000000000006,0,0,0,0,8,6,397835,undefined,undefined
713,undefined,0,706.2500000000001,0,0,0,0,9,28,12,undefined,undefined
729225,undefined,0,12,0,0,0,0,2,0,131355,undefined,undefined
73621,undefined,0,309.09999999999997,0,0,0,0,2,2,112194,undefined,undefined
772113,1240731405889,1240733463528,0,1430,7,227.57142857142858,0,0,0,510740,4,null
773108,1240729993671,1240732101316,0,1660,5,257.6,0,4,2,510740,4,null
778166,1240730473481,1240731219311,0,120,2,44,0,0,0,729225,1,null
780028,1240734962305,1240735478345,0,373,1,170,0,0,0,141288,2,null
780672,1240735852439,0,0,956,4,257.25,0,0,0,408501,4,0
781781,1240733835165,1240736395903,96.5,2221,10,250.9,0,1,0,120076,3,null
794144,1240736230543,1240736451024,0,127,1,127,0,0,0,0,1,null
79942,undefined,0,17.400000000000002,0,0,0,0,3,1,198149,undefined,undefined
80094,1240729989981,1240735846258,173.89999999999998,2668,15,174.06666666666666,65812,6,0,70997,4,4
802319,undefined,0,9.15,0,0,0,0,2,4,773108,undefined,undefined
814516,1240731915510,1240733454321,0,3384,8,305.125,0,0,0,47477,3,null
81899,undefined,0,18.3,0,0,0,0,4,6,802319,undefined,undefined
845103,1240736367414,0,0,0,0,0,0,0,0,0,1,0
846950,1240731684821,1240735638021,0,4374,18,140.55555555555554,0,0,0,44987,3,null
847929,1240734726219,1240736251125,0,826,8,99.625,0,0,0,340461,1,null
8527,1240733450974,1240733503523,0,0,0,0,0,1,0,503,6,1
859223,1240733142665,0,0,1278,8,152.875,0,0,0,80094,2,0
88366,undefined,0,93.10000000000001,0,0,0,0,1,0,212370,undefined,undefined
894542,1240730954868,1240732552613,0,1042,6,160,0,0,0,80094,2,null
895992,1240734643070,1240734915485,0,0,0,0,0,0,0,0,1,null
896753,1240729355641,1240729968435,0,605,3,201.66666666666666,0,0,0,0,1,null
897577,1240733512828,1240733637381,0,0,0,0,0,0,0,0,1,null
899612,1240733845477,1240735166074,0,543,2,130.5,0,0,0,0,1,null
899745,1240733671115,1240733848015,0,0,0,0,0,0,0,0,1,null
900020,1240735633333,1240735657457,0,0,0,0,0,0,0,0,1,null
900033,1240733093898,1240733103904,0,0,0,0,0,0,0,0,1,null
900362,1240735214658,1240735910947,0,358,2,75,0,0,0,182501,1,null
90342,1240734563172,1240734688667,0,0,0,0,0,0,0,0,1,0
97971,1240735064073,1240735112507,0,0,0,0,139402,4,1,103053,5,4
<<<<EndTable

PlayersOnlineNow=15
PlayersOnlineEachMinute=0, 5, 8, 8, 9, 10, 10, 10, 10, 11, 11, 10, 12, 12, 13, 14, 14, 14, 16, 17, 19, 19, 19, 18, 19, 19, 18, 17, 21, 20, 19, 19, 18, 19, 18, 19, 19, 19, 19, 19, 20, 21, 21, 23, 24, 23, 23, 21, 22, 25, 24, 25, 24, 25, 24, 24, 24, 24, 24, 22, 22, 22, 22, 20, 23, 23, 21, 19, 18, 19, 17, 16, 17, 16, 18, 18, 20, 21, 20, 21, 22, 22, 21, 22, 22, 21, 19, 19, 19, 19, 16, 16, 17, 18, 18, 19, 22, 20, 20, 20, 22, 22, 23, 22, 21, 22, 20, 22, 22, 21, 21, 21, 20, 19, 18, 15, 17, 16, 17, 15
PlayersInEachFeedingGame=1, 1, 1, 1, 1, 2, 1, 2, 2, 1, 1, 1, 1, 1, 1, 2, 1, 1, 2, 2, 1, 1, 1, 2, 1, 2, 1, 1, 1, 1, 3, 2, 2, 2, 2, 2, 2, 2, 2, 1, 1, 2, 2, 1, 2, 2, 1, 2, 2, 1, 2, 1, 1, 2, 1, 2, 1, 2, 2, 1, 2, 1, 2, 2, 2, 1, 2, 2, 2, 1, 2, 1, 2, 1, 1, 2, 2, 2, 1, 2, 1, 1, 2, 2, 2, 2, 2, 2, 2, 1, 2, 1, 3, 2, 2, 1, 2, 2, 1, 2, 2, 2, 1, 1, 1, 2, 1, 2, 2, 1, 1, 2, 2, 1, 2, 2, 1, 1, 1, 2, 1, 2, 2, 1, 1, 2, 1, 2, 2, 1, 1, 2, 2, 2, 2, 1, 1, 2, 2, 1, 2, 2, 2, 2, 2, 2, 2, 2, 2, 2, 2, 1, 2, 3, 2, 1, 2, 2, 2
PlayersStarted=133
PlayersQuit=118
StatsStartTime=1240729312270
StatsDumpTime=1240736512632
<<<<EndStats
2009-04-26 02:02:30,655 ERROR: vampire.server.feeding.FeedingRecord sendPlayerStartGameMsg [playerId=65812, prey=true, _predatorIndex=]
2009-04-26 02:02:30,656 ERROR: vampire.server.feeding.FeedingRecord sendPlayerStartGameMsg [playerId=122494, prey=false, _predatorIndex=]
2009-04-26 02:06:19,496 ERROR: vampire.server.feeding.FeedingRecord sendPlayerStartGameMsg [playerId=217283, prey=true, _predatorIndex=]
2009-04-26 02:06:19,497 ERROR: vampire.server.feeding.FeedingRecord sendPlayerStartGameMsg [playerId=170086, prey=false, _predatorIndex=]
2009-04-26 02:07:10,709 ERROR: vampire.server.feeding.FeedingRecord sendPlayerStartGameMsg [playerId=379139, prey=true, _predatorIndex=]
2009-04-26 02:07:10,709 ERROR: vampire.server.feeding.FeedingRecord sendPlayerStartGameMsg [playerId=348886, prey=false, _predatorIndex=]
2009-04-26 02:07:16,374 ERROR: vampire.server.feeding.FeedingRecord sendPlayerStartGameMsg [playerId=510740, prey=true, _predatorIndex=]
2009-04-26 02:07:16,375 ERROR: vampire.server.feeding.FeedingRecord sendPlayerStartGameMsg [playerId=230164, prey=false, _predatorIndex=]
2009-04-26 02:07:18,321 ERROR: vampire.server.feeding.FeedingRecord sendPlayerStartGameMsg [playerId=65812, prey=false, _predatorIndex=348886]
2009-04-26 02:07:24,144 ERROR: vampire.server.feeding.FeedingRecord sendPlayerStartGameMsg [playerId=202328, prey=false, _predatorIndex=348886,65812]
2009-04-26 02:07:45,988 ERROR: vampire.server.feeding.FeedingRecord sendPlayerStartGameMsg [playerId=65812, prey=false, _predatorIndex=]
2009-04-26 02:08:05,331 ERROR: vampire.server.feeding.FeedingRecord sendPlayerStartGameMsg [playerId=613540, prey=true, _predatorIndex=]
2009-04-26 02:08:05,332 ERROR: vampire.server.feeding.FeedingRecord sendPlayerStartGameMsg [playerId=122494, prey=false, _predatorIndex=]
2009-04-26 02:09:26,108 ERROR: vampire.server.feeding.FeedingRecord sendPlayerStartGameMsg [playerId=65812, prey=false, _predatorIndex=]
2009-04-26 02:09:43,466 ERROR: vampire.server.feeding.FeedingRecord sendPlayerStartGameMsg [playerId=217283, prey=true, _predatorIndex=]
2009-04-26 02:09:43,467 ERROR: vampire.server.feeding.FeedingRecord sendPlayerStartGameMsg [playerId=348886, prey=false, _predatorIndex=]
2009-04-26 02:10:03,570 ERROR: vampire.server.feeding.FeedingRecord sendPlayerStartGameMsg [playerId=170086, prey=false, _predatorIndex=348886,65812,202328]
2009-04-26 02:10:15,437 ERROR: vampire.server.feeding.FeedingRecord sendPlayerStartGameMsg [playerId=202328, prey=true, _predatorIndex=]
2009-04-26 02:10:15,438 ERROR: vampire.server.feeding.FeedingRecord sendPlayerStartGameMsg [playerId=369648, prey=false, _predatorIndex=]
2009-04-26 02:10:34,582 ERROR: vampire.server.feeding.FeedingRecord sendPlayerStartGameMsg [playerId=772383, prey=false, _predatorIndex=348886,65812,202328,170086]
2009-04-26 02:10:35,965 ERROR: vampire.server.feeding.FeedingRecord sendPlayerStartGameMsg [playerId=369648, prey=false, _predatorIndex=348886]
2009-04-26 02:11:06,211 ERROR: vampire.server.feeding.FeedingRecord sendPlayerStartGameMsg [playerId=170086, prey=false, _predatorIndex=348886,65812,202328,170086,772383]
2009-04-26 02:11:20,665 ERROR: vampire.server.feeding.FeedingRecord sendPlayerStartGameMsg [playerId=772383, prey=false, _predatorIndex=]
2009-04-26 02:11:29,632 ERROR: vampire.server.feeding.FeedingRecord sendPlayerStartGameMsg [playerId=170086, prey=false, _predatorIndex=348886,65812,202328,170086,772383]
2009-04-26 02:11:49,420 ERROR: vampire.server.feeding.FeedingRecord sendPlayerStartGameMsg [playerId=202328, prey=false, _predatorIndex=348886,65812,202328,170086,772383]

>>>>BeginStats

>>>>BeginTable
PlayerId, StartTime, EndTime, ProgenyPayout, XPFromFeeding, FeedingGames, MeanFeedingScore, BloodBond, Progeny, GrandProgeny, Sire, Level, Invites
102127,undefined,0,166.05000000000004,0,0,0,0,1,1,168234,undefined,undefined
10260,1240729764531,1240731319885,0,1466,4,438.75,0,4,4,713,11,2
103033,1240731657074,1240732011891,0,183,1,183,767143,5,0,81899,4,null
10642,undefined,0,19.3,0,0,0,0,22,5,351598,undefined,undefined
114384,1240734992242,1240735825973,0,377,3,113,0,0,0,208246,2,0
12,undefined,0,543.7,0,0,0,0,19,56,383387,undefined,undefined
120076,undefined,0,270.35,0,0,0,0,9,1,34987,undefined,undefined
122494,1240735891953,0,0,699,6,111.5,0,0,0,582081,2,0
122907,undefined,0,304.6,0,0,0,0,6,7,251062,undefined,undefined
1265,undefined,0,123.55000000000001,0,0,0,0,5,11,12,undefined,undefined
12770,undefined,0,678.5000000000001,0,0,0,0,19,18,383387,undefined,undefined
12791,undefined,0,496.35000000000014,0,0,0,0,9,9,12,undefined,undefined
129679,1240731931466,1240733518153,0,1389,8,226.25,0,0,0,21067,3,1
130244,undefined,0,29.200000000000003,0,0,0,0,3,5,237967,undefined,undefined
131355,undefined,0,6,0,0,0,0,1,2,461901,undefined,undefined
133711,1240730911956,1240731598053,0,931,3,125,0,0,0,88366,3,0
141288,1240730452544,1240733003703,37.300000000000004,1942,6,283.6666666666667,841332,3,0,510740,4,null
142178,undefined,0,728.2,0,0,0,0,2,9,73621,undefined,undefined
143538,undefined,0,75.05000000000001,0,0,0,0,2,15,1531,undefined,undefined
144314,1240730096216,1240730273563,0,0,0,0,0,0,0,0,1,null
145421,1240732097418,1240732618953,0,0,0,0,0,0,0,0,1,null
145609,undefined,0,18.85,0,0,0,0,4,2,92300,undefined,undefined
151500,1240729312406,1240730905435,0,1478,6,157,0,0,0,483162,3,null
156489,undefined,0,318.1,0,0,0,0,12,14,713,undefined,undefined
158274,1240734828012,1240735356127,0,246,2,128,0,0,0,32314,3,null
159420,undefined,0,284.45,0,0,0,0,1,5,206649,undefined,undefined
160138,undefined,0,161.25,0,0,0,0,6,5,150469,undefined,undefined
164902,1240735758546,1240736064927,0,104,1,130,0,0,0,217283,3,0
165735,1240735267328,1240735829690,0,333,2,155,0,0,0,169326,1,null
169326,undefined,0,33.300000000000004,0,0,0,0,1,0,180789,undefined,undefined
169944,undefined,0,332.1000000000001,0,0,0,0,1,0,102127,undefined,undefined
170086,1240736763221,0,0,242,1,226,0,0,0,22731,3,0
171151,undefined,0,11.3,0,0,0,0,27,1,21067,undefined,undefined
172342,1240731327198,1240731337441,0,0,0,0,0,0,0,320570,1,0
173395,undefined,0,58.400000000000006,0,0,0,0,5,4,130244,undefined,undefined
173409,1240732604614,1240736211393,0,0,0,0,0,0,0,197193,1,null
176013,1240732360440,1240732396564,0,0,0,0,327986,3,1,95378,4,1
177614,1240731241669,1240732275446,0,153,1,130,0,3,0,3200,3,1
178366,1240733135245,1240733254690,0,1501,7,212.71428571428572,0,0,0,259344,3,0
180789,undefined,0,16.650000000000002,0,0,0,0,2,1,58030,undefined,undefined
181738,undefined,0,78.70000000000002,0,0,0,0,5,4,12791,undefined,undefined
182082,1240736802342,1240736837229,0,0,0,0,0,0,0,79323,1,0
182501,1240735387758,1240736059854,16.6,486,3,273.6666666666667,108722,6,0,430717,7,3
1892,1240735795182,1240736133954,0,0,0,0,455390,15,6,995,10,2
190687,undefined,0,122.55000000000001,0,0,0,0,7,6,383937,undefined,undefined
190982,1240732311004,1240733281298,0,0,0,0,0,0,0,0,1,null
191984,1240734869195,0,258,6182,21,328.04761904761904,191950,9,4,142178,8,3
195736,undefined,0,45,0,0,0,0,6,11,334835,undefined,undefined
196543,1240734075661,1240734722957,0,1464,9,110.33333333333333,0,0,0,32314,3,null
202328,1240735716405,0,0,584,5,119,0,4,3,173395,4,0
207373,1240735297855,1240735987778,0,199,2,101.5,0,0,0,348886,1,0
208246,undefined,0,37.7,0,0,0,0,2,0,145609,undefined,undefined
209842,1240734045899,1240734976979,0,1096,4,200.75,0,0,0,5212,3,null
210155,1240736263232,0,0,3217,16,160.9375,0,0,0,217283,3,0
21067,undefined,0,144.55,0,0,0,0,2,27,302907,undefined,undefined
212370,undefined,0,46.550000000000004,0,0,0,0,8,2,105778,undefined,undefined
217283,1240734246246,0,290.5,5689,16,447.4375,0,18,13,57393,10,3
223864,undefined,0,374.30000000000007,0,0,0,0,5,17,160138,undefined,undefined
22731,undefined,0,24.200000000000003,0,0,0,0,9,0,351430,undefined,undefined
230164,1240735361585,0,0,2451,4,750.5,510740,7,1,250837,12,2
23340,undefined,0,8.1,0,0,0,0,6,4,383387,undefined,undefined
239429,1240733110131,1240733328772,0,0,0,0,0,0,0,0,1,null
250837,undefined,0,245.10000000000002,0,0,0,0,1,7,190687,undefined,undefined
251062,undefined,0,152.3,0,0,0,0,6,6,296361,undefined,undefined
256746,1240729378745,1240730678703,24.300000000000004,1335,5,241.8,260844,5,28,61984,8,6
258951,1240732209378,1240733059753,135.5,558,3,267.3333333333333,555644,10,13,1265,11,8
259344,undefined,0,150.10000000000002,0,0,0,0,15,0,143538,undefined,undefined
2843,undefined,0,34.1,0,0,0,0,7,27,3383,undefined,undefined
297654,1240730317421,1240730951192,0,787,2,351,204487,4,1,181738,11,3
302907,undefined,0,69.45,0,0,0,0,2,2,283855,undefined,undefined
311783,1240730961645,1240731003557,0,0,0,0,0,6,2,11460,8,3
312674,1240734080530,1240734096725,0,0,0,0,0,0,0,0,1,0
3200,1240730947229,1240734446145,63.7,3225,11,398.27272727272725,71724,16,4,223864,12,2
32314,1240729582424,1240729750546,156.90000000000003,162,1,215,20731,7,2,40508,12,2
334835,undefined,0,22.5,0,0,0,0,2,6,143501,undefined,undefined
336524,1240732450184,1240735657685,0,450,2,210.5,512737,8,4,195736,9,1
3383,1240730354407,1240734597410,17.05,4570,9,467.22222222222223,968,4,9,12791,13,2
340461,1240732212223,1240734568927,76.00000000000001,2200,12,153.66666666666666,0,1,0,191984,4,1
340845,1240732992786,1240733051475,0,0,0,0,0,1,0,184355,2,0
348886,1240736812899,0,11.200000000000001,399,3,147.33333333333334,0,2,0,59534,2,1
34987,undefined,0,111.05000000000001,0,0,0,0,2,9,8842,undefined,undefined
351430,undefined,0,12.100000000000001,0,0,0,0,1,9,336228,undefined,undefined
351598,undefined,0,9.65,0,0,0,0,1,22,359624,undefined,undefined
363172,1240731714274,1240732470673,0,0,0,0,0,0,0,600946,2,0
364226,1240732448870,1240733375162,0,0,0,0,0,1,0,210210,3,1
369648,1240736955520,0,0,0,0,0,0,0,0,325253,3,1
372617,1240734257567,1240734271768,0,0,0,0,612159,2,2,36432,6,1
379139,1240736038999,0,0,586,5,105.8,0,0,0,0,1,0
383387,undefined,0,232.65000000000006,0,0,0,0,3,44,0,undefined,undefined
396113,undefined,0,274.80000000000007,0,0,0,0,2,4,44987,undefined,undefined
397835,undefined,0,133.4,0,0,0,0,5,8,47379,undefined,undefined
40508,undefined,0,94.65,0,0,0,0,4,7,23340,undefined,undefined
408501,undefined,0,95.60000000000001,0,0,0,0,4,0,637936,undefined,undefined
4139,1240736567774,0,0,4280,9,521.5555555555555,16040,11,19,713,14,3
416886,1240731857093,1240731868428,0,0,0,0,0,0,0,0,1,0
430717,1240731018950,1240731371352,56.900000000000006,0,0,0,0,25,10,256746,11,6
445660,undefined,0,113.55000000000001,0,0,0,0,4,5,54812,undefined,undefined
44987,1240735177619,0,563.8,4653,11,612.7272727272727,0,11,16,12770,12,2
47477,undefined,0,338.40000000000003,0,0,0,0,1,0,58859,undefined,undefined
483162,undefined,0,147.8,0,0,0,0,1,0,534632,undefined,undefined
49151,1240732252353,1240732800891,0,566,2,154,0,0,0,0,1,null
493115,1240730724980,1240730816607,0,0,0,0,0,0,0,10260,2,0
510740,1240736269620,0,521.85,2271,3,710,230164,48,32,534632,16,14
5129,1240732483381,1240733950242,0,1621,8,139.25,0,0,0,258951,2,null
5212,1240733990888,1240736157413,109.6,2633,6,422.6666666666667,2843,14,10,156489,14,2
522658,1240734890426,1240735499282,0,193,1,215,0,5,4,10642,4,0
527214,1240732526476,1240732538018,0,0,0,0,0,0,0,0,1,null
53030,1240735560566,0,0,3046,6,731.5,0,7,5,122907,12,3
534632,undefined,0,552.6000000000001,0,0,0,0,5,49,445660,undefined,undefined
535,1240734318099,1240734395983,0,0,0,0,0,2,1,147628,10,3
547122,1240730937260,1240731740794,0,252,2,126,0,0,0,0,1,null
557317,1240732176707,1240732564597,0,127,1,74,0,0,0,3200,1,null
57393,undefined,0,714.1500000000001,0,0,0,0,5,19,159420,undefined,undefined
582081,undefined,0,69.9,0,0,0,0,1,0,79942,undefined,undefined
58859,1240734399242,1240735755664,169.20000000000002,2748,7,576.7142857142857,43017,4,2,396113,12,2
59534,undefined,0,45.5,0,0,0,0,1,2,223864,undefined,undefined
61045,undefined,0,66.75,0,0,0,0,6,1,74372,undefined,undefined
61153,1240733897424,1240735113800,0,1119,6,155.66666666666666,0,0,0,781781,2,null
612041,1240735037457,1240735201168,0,0,0,0,0,0,0,120076,1,null
613540,1240736867751,1240737058908,0,113,1,120,0,1,0,171151,2,0
61984,undefined,0,133.5,0,0,0,0,1,5,61045,undefined,undefined
620394,1240735701021,1240736175691,0,341,2,111.5,0,1,0,2843,4,null
630520,1240732626632,0,0,560,5,91.4,0,0,0,3200,1,0
634506,1240734933392,1240735141101,0,169,1,169,0,0,0,0,1,null
637936,undefined,0,47.800000000000004,0,0,0,0,3,4,217283,undefined,undefined
65812,1240735080481,0,0,3321,20,168,80094,0,0,169944,4,0
70997,undefined,0,353.75000000000006,0,0,0,0,8,6,397835,undefined,undefined
713,undefined,0,706.2500000000001,0,0,0,0,9,28,12,undefined,undefined
729225,undefined,0,12,0,0,0,0,2,0,131355,undefined,undefined
73621,undefined,0,309.09999999999997,0,0,0,0,2,2,112194,undefined,undefined
772113,1240731405889,1240733463528,0,1430,7,227.57142857142858,0,0,0,510740,4,null
772383,1240736969809,0,0,0,0,0,168473,0,0,235393,3,0
773108,1240729993671,1240732101316,0,1660,5,257.6,0,4,2,510740,4,null
778166,1240730473481,1240731219311,0,120,2,44,0,0,0,729225,1,null
780028,1240734962305,1240735478345,0,373,1,170,0,0,0,141288,2,null
780672,1240735852439,1240736533136,0,956,4,257.25,0,0,0,408501,4,null
781781,1240733835165,1240736395903,96.5,2221,10,250.9,0,1,0,120076,3,null
794144,1240736230543,1240736451024,0,127,1,127,0,0,0,0,1,null
79942,undefined,0,34.95,0,0,0,0,3,1,198149,undefined,undefined
80094,1240729989981,1240735846258,173.89999999999998,2668,15,174.06666666666666,65812,6,0,70997,4,4
802319,undefined,0,9.15,0,0,0,0,2,4,773108,undefined,undefined
814516,1240731915510,1240733454321,0,3384,8,305.125,0,0,0,47477,3,null
81899,undefined,0,18.3,0,0,0,0,4,6,802319,undefined,undefined
845103,1240736367414,1240736753098,0,0,0,0,0,0,0,0,1,null
846950,1240731684821,1240735638021,0,4374,18,140.55555555555554,0,0,0,44987,3,null
847929,1240734726219,1240736251125,0,826,8,99.625,0,0,0,340461,1,null
8527,1240733450974,1240733503523,0,0,0,0,0,1,0,503,6,1
859223,1240733142665,1240736888515,0,1278,8,152.875,0,0,0,80094,2,null
88366,undefined,0,93.10000000000001,0,0,0,0,1,0,212370,undefined,undefined
894542,1240730954868,1240732552613,0,1042,6,160,0,0,0,80094,2,null
895992,1240734643070,1240734915485,0,0,0,0,0,0,0,0,1,null
896753,1240729355641,1240729968435,0,605,3,201.66666666666666,0,0,0,0,1,null
897577,1240733512828,1240733637381,0,0,0,0,0,0,0,0,1,null
899612,1240733845477,1240735166074,0,543,2,130.5,0,0,0,0,1,null
899745,1240733671115,1240733848015,0,0,0,0,0,0,0,0,1,null
900020,1240735633333,1240735657457,0,0,0,0,0,0,0,0,1,null
900033,1240733093898,1240733103904,0,0,0,0,0,0,0,0,1,null
900362,1240735214658,1240735910947,0,358,2,75,0,0,0,182501,1,null
901211,1240736977768,1240737000150,0,0,0,0,0,0,0,0,1,null
90342,1240734563172,1240734688667,0,0,0,0,0,0,0,0,1,0
97971,1240735064073,1240735112507,0,0,0,0,139402,4,1,103053,5,4
<<<<EndTable

PlayersOnlineNow=17
PlayersOnlineEachMinute=0, 5, 8, 8, 9, 10, 10, 10, 10, 11, 11, 10, 12, 12, 13, 14, 14, 14, 16, 17, 19, 19, 19, 18, 19, 19, 18, 17, 21, 20, 19, 19, 18, 19, 18, 19, 19, 19, 19, 19, 20, 21, 21, 23, 24, 23, 23, 21, 22, 25, 24, 25, 24, 25, 24, 24, 24, 24, 24, 22, 22, 22, 22, 20, 23, 23, 21, 19, 18, 19, 17, 16, 17, 16, 18, 18, 20, 21, 20, 21, 22, 22, 21, 22, 22, 21, 19, 19, 19, 19, 16, 16, 17, 18, 18, 19, 22, 20, 20, 20, 22, 22, 23, 22, 21, 22, 20, 22, 22, 21, 21, 21, 20, 19, 18, 15, 17, 16, 17, 15, 15, 15, 15, 15, 14, 17, 17, 16, 19, 18
PlayersInEachFeedingGame=1, 1, 1, 1, 1, 2, 1, 2, 2, 1, 1, 1, 1, 1, 1, 2, 1, 1, 2, 2, 1, 1, 1, 2, 1, 2, 1, 1, 1, 1, 3, 2, 2, 2, 2, 2, 2, 2, 2, 1, 1, 2, 2, 1, 2, 2, 1, 2, 2, 1, 2, 1, 1, 2, 1, 2, 1, 2, 2, 1, 2, 1, 2, 2, 2, 1, 2, 2, 2, 1, 2, 1, 2, 1, 1, 2, 2, 2, 1, 2, 1, 1, 2, 2, 2, 2, 2, 2, 2, 1, 2, 1, 3, 2, 2, 1, 2, 2, 1, 2, 2, 2, 1, 1, 1, 2, 1, 2, 2, 1, 1, 2, 2, 1, 2, 2, 1, 1, 1, 2, 1, 2, 2, 1, 1, 2, 1, 2, 2, 1, 1, 2, 2, 2, 2, 1, 1, 2, 2, 1, 2, 2, 2, 2, 2, 2, 2, 2, 2, 2, 2, 1, 2, 3, 2, 1, 2, 2, 2, 2, 2, 2, 2, 2, 1, 2, 1
PlayersStarted=142
PlayersQuit=125
StatsStartTime=1240729312270
StatsDumpTime=1240737112680
<<<<EndStats
2009-04-26 02:12:44,834 ERROR: vampire.server.feeding.FeedingRecord sendPlayerStartGameMsg [playerId=510740, prey=true, _predatorIndex=]
2009-04-26 02:12:44,835 ERROR: vampire.server.feeding.FeedingRecord sendPlayerStartGameMsg [playerId=210155, prey=false, _predatorIndex=]
2009-04-26 02:12:47,824 ERROR: vampire.server.feeding.FeedingRecord sendPlayerStartGameMsg [playerId=122494, prey=false, _predatorIndex=348886,369648]
2009-04-26 02:13:37,850 ERROR: vampire.server.feeding.FeedingRecord sendPlayerStartGameMsg [playerId=598262, prey=false, _predatorIndex=]
2009-04-26 02:13:58,675 ERROR: vampire.server.feeding.FeedingRecord sendPlayerStartGameMsg [playerId=379139, prey=true, _predatorIndex=]
2009-04-26 02:13:58,676 ERROR: vampire.server.feeding.FeedingRecord sendPlayerStartGameMsg [playerId=772383, prey=false, _predatorIndex=]
2009-04-26 02:14:57,646 ERROR: vampire.server.feeding.FeedingRecord sendPlayerStartGameMsg [playerId=44, prey=false, _predatorIndex=]
2009-04-26 02:15:27,062 ERROR: vampire.server.feeding.FeedingRecord sendPlayerStartGameMsg [playerId=210155, prey=false, _predatorIndex=]
2009-04-26 02:15:32,585 ERROR: vampire.server.feeding.FeedingRecord sendPlayerStartGameMsg [playerId=170086, prey=false, _predatorIndex=]
2009-04-26 02:16:59,329 ERROR: vampire.server.feeding.FeedingRecord sendPlayerStartGameMsg [playerId=170670, prey=false, _predatorIndex=44]
2009-04-26 02:18:46,298 ERROR: vampire.server.feeding.FeedingRecord sendPlayerStartGameMsg [playerId=170086, prey=false, _predatorIndex=44,170670]
2009-04-26 02:18:56,129 ERROR: vampire.server.feeding.FeedingRecord sendPlayerStartGameMsg [playerId=510740, prey=true, _predatorIndex=]
2009-04-26 02:18:56,129 ERROR: vampire.server.feeding.FeedingRecord sendPlayerStartGameMsg [playerId=170670, prey=false, _predatorIndex=]
2009-04-26 02:19:30,999 ERROR: vampire.server.feeding.FeedingRecord sendPlayerStartGameMsg [playerId=170086, prey=false, _predatorIndex=44,170670,170086]
2009-04-26 02:20:04,101 ERROR: vampire.server.feeding.FeedingRecord sendPlayerStartGameMsg [playerId=230164, prey=false, _predatorIndex=170670]
2009-04-26 02:20:11,748 ERROR: vampire.server.feeding.FeedingRecord sendPlayerStartGameMsg [playerId=230164, prey=false, _predatorIndex=170670,230164]
2009-04-26 02:20:29,626 ERROR: vampire.server.feeding.FeedingRecord sendPlayerStartGameMsg [playerId=170086, prey=true, _predatorIndex=]
2009-04-26 02:20:29,626 ERROR: vampire.server.feeding.FeedingRecord sendPlayerStartGameMsg [playerId=772383, prey=false, _predatorIndex=]

>>>>BeginStats

>>>>BeginTable
PlayerId, StartTime, EndTime, ProgenyPayout, XPFromFeeding, FeedingGames, MeanFeedingScore, BloodBond, Progeny, GrandProgeny, Sire, Level, Invites
102127,undefined,0,166.05000000000004,0,0,0,0,1,1,168234,undefined,undefined
10260,1240729764531,1240731319885,0,1466,4,438.75,0,4,4,713,11,2
103033,1240731657074,1240732011891,0,183,1,183,767143,5,0,81899,4,null
106069,undefined,0,32.3,0,0,0,0,13,3,236834,undefined,undefined
10642,undefined,0,19.3,0,0,0,0,22,5,351598,undefined,undefined
114384,1240734992242,1240735825973,0,377,3,113,0,0,0,208246,2,0
12,undefined,0,543.7,0,0,0,0,19,56,383387,undefined,undefined
120076,undefined,0,270.35,0,0,0,0,9,1,34987,undefined,undefined
122494,1240735891953,1240737208114,0,751,7,110.42857142857143,0,0,0,582081,2,0
122907,undefined,0,304.6,0,0,0,0,6,7,251062,undefined,undefined
124656,undefined,0,17.65,0,0,0,0,1,5,96537,undefined,undefined
1265,undefined,0,123.55000000000001,0,0,0,0,5,11,12,undefined,undefined
12770,undefined,0,678.5000000000001,0,0,0,0,19,18,383387,undefined,undefined
12791,undefined,0,496.35000000000014,0,0,0,0,9,9,12,undefined,undefined
129679,1240731931466,1240733518153,0,1389,8,226.25,0,0,0,21067,3,1
130244,undefined,0,29.200000000000003,0,0,0,0,3,5,237967,undefined,undefined
131355,undefined,0,6,0,0,0,0,1,2,461901,undefined,undefined
133711,1240730911956,1240731598053,0,931,3,125,0,0,0,88366,3,0
141288,1240730452544,1240733003703,37.300000000000004,1942,6,283.6666666666667,841332,3,0,510740,4,null
142178,undefined,0,728.2,0,0,0,0,2,9,73621,undefined,undefined
143538,undefined,0,75.05000000000001,0,0,0,0,2,15,1531,undefined,undefined
144314,1240730096216,1240730273563,0,0,0,0,0,0,0,0,1,null
145421,1240732097418,1240732618953,0,0,0,0,0,0,0,0,1,null
145609,undefined,0,18.85,0,0,0,0,4,2,92300,undefined,undefined
151500,1240729312406,1240730905435,0,1478,6,157,0,0,0,483162,3,null
156489,undefined,0,318.1,0,0,0,0,12,14,713,undefined,undefined
158274,1240734828012,1240735356127,0,246,2,128,0,0,0,32314,3,null
159420,undefined,0,301.55,0,0,0,0,1,5,206649,undefined,undefined
160138,undefined,0,161.25,0,0,0,0,6,5,150469,undefined,undefined
160801,1240737687726,0,0,0,0,0,0,4,2,166371,3,2
164902,1240735758546,1240736064927,0,104,1,130,0,0,0,217283,3,0
165735,1240735267328,1240735829690,0,333,2,155,0,0,0,169326,1,null
169326,undefined,0,33.300000000000004,0,0,0,0,1,0,180789,undefined,undefined
169944,undefined,0,332.1000000000001,0,0,0,0,1,0,102127,undefined,undefined
170086,1240736763221,0,0,486,3,183.33333333333334,0,0,0,22731,3,0
170670,1240737246196,0,0,0,0,0,549580,0,0,72176,3,0
171151,undefined,0,11.3,0,0,0,0,27,1,21067,undefined,undefined
172342,1240731327198,1240731337441,0,0,0,0,0,0,0,320570,1,0
173395,undefined,0,58.400000000000006,0,0,0,0,5,4,130244,undefined,undefined
173409,1240732604614,1240736211393,0,0,0,0,0,0,0,197193,1,null
176013,1240732360440,1240732396564,0,0,0,0,327986,3,1,95378,4,1
177614,1240731241669,1240732275446,0,153,1,130,0,3,0,3200,3,1
178366,1240733135245,1240733254690,0,1501,7,212.71428571428572,0,0,0,259344,3,0
180789,undefined,0,16.650000000000002,0,0,0,0,2,1,58030,undefined,undefined
181738,undefined,0,78.70000000000002,0,0,0,0,5,4,12791,undefined,undefined
182082,1240736802342,1240736837229,0,0,0,0,0,0,0,79323,1,0
182501,1240735387758,1240736059854,16.6,486,3,273.6666666666667,108722,6,0,430717,7,3
1892,1240735795182,1240736133954,0,0,0,0,455390,15,6,995,10,2
190687,undefined,0,122.55000000000001,0,0,0,0,7,6,383937,undefined,undefined
190982,1240732311004,1240733281298,0,0,0,0,0,0,0,0,1,null
191984,1240734869195,0,258,6182,21,328.04761904761904,191950,9,4,142178,8,3
195736,undefined,0,45,0,0,0,0,6,11,334835,undefined,undefined
196543,1240734075661,1240734722957,0,1464,9,110.33333333333333,0,0,0,32314,3,null
202328,1240735716405,1240737265630,0,584,5,119,0,4,3,173395,4,0
207373,1240735297855,1240735987778,0,199,2,101.5,0,0,0,348886,1,0
208246,undefined,0,37.7,0,0,0,0,2,0,145609,undefined,undefined
209682,1240737680914,0,0,0,0,0,0,0,0,0,1,0
209842,1240734045899,1240734976979,0,1096,4,200.75,0,0,0,5212,3,null
210155,1240736263232,0,0,3947,18,170.33333333333334,0,0,0,217283,3,0
21067,undefined,0,144.55,0,0,0,0,2,27,302907,undefined,undefined
212370,undefined,0,46.550000000000004,0,0,0,0,8,2,105778,undefined,undefined
217283,1240734246246,0,363.5,6031,17,461.29411764705884,0,18,13,57393,10,3
223864,undefined,0,374.30000000000007,0,0,0,0,5,17,160138,undefined,undefined
22731,undefined,0,48.60000000000001,0,0,0,0,9,0,351430,undefined,undefined
230164,1240735361585,1240737693735,0,2451,4,750.5,510740,7,1,250837,12,2
23340,undefined,0,8.1,0,0,0,0,6,4,383387,undefined,undefined
235393,undefined,0,57.6,0,0,0,0,7,0,377629,undefined,undefined
239429,1240733110131,1240733328772,0,0,0,0,0,0,0,0,1,null
250837,undefined,0,245.10000000000002,0,0,0,0,1,7,190687,undefined,undefined
251062,undefined,0,152.3,0,0,0,0,6,6,296361,undefined,undefined
256746,1240729378745,1240730678703,24.300000000000004,1335,5,241.8,260844,5,28,61984,8,6
258951,1240732209378,1240733059753,135.5,558,3,267.3333333333333,555644,10,13,1265,11,8
259344,undefined,0,150.10000000000002,0,0,0,0,15,0,143538,undefined,undefined
2843,undefined,0,34.1,0,0,0,0,7,27,3383,undefined,undefined
297654,1240730317421,1240730951192,0,787,2,351,204487,4,1,181738,11,3
302907,undefined,0,69.45,0,0,0,0,2,2,283855,undefined,undefined
30735,undefined,0,35.3,0,0,0,0,5,0,124656,undefined,undefined
311783,1240730961645,1240731003557,0,0,0,0,0,6,2,11460,8,3
312674,1240734080530,1240734096725,0,0,0,0,0,0,0,0,1,0
3200,1240730947229,1240734446145,63.7,3225,11,398.27272727272725,71724,16,4,223864,12,2
32314,1240729582424,1240729750546,156.90000000000003,162,1,215,20731,7,2,40508,12,2
334835,undefined,0,22.5,0,0,0,0,2,6,143501,undefined,undefined
336524,1240732450184,1240735657685,0,450,2,210.5,512737,8,4,195736,9,1
3383,1240730354407,1240734597410,17.05,4570,9,467.22222222222223,968,4,9,12791,13,2
340461,1240732212223,1240734568927,76.00000000000001,2200,12,153.66666666666666,0,1,0,191984,4,1
340845,1240732992786,1240733051475,0,0,0,0,0,1,0,184355,2,0
348886,1240736812899,1240737199922,11.200000000000001,399,3,147.33333333333334,0,2,0,59534,2,1
34987,undefined,0,111.05000000000001,0,0,0,0,2,9,8842,undefined,undefined
351430,undefined,0,24.300000000000004,0,0,0,0,1,9,336228,undefined,undefined
351598,undefined,0,9.65,0,0,0,0,1,22,359624,undefined,undefined
363172,1240731714274,1240732470673,0,0,0,0,0,0,0,600946,2,0
364226,1240732448870,1240733375162,0,0,0,0,0,1,0,210210,3,1
369648,1240736955520,1240737309798,0,0,0,0,0,0,0,325253,3,1
372617,1240734257567,1240734271768,0,0,0,0,612159,2,2,36432,6,1
377629,undefined,0,28.8,0,0,0,0,5,7,75123,undefined,undefined
379139,1240736038999,1240737617122,0,949,7,103.28571428571429,0,0,0,0,1,null
383387,undefined,0,232.65000000000006,0,0,0,0,3,44,0,undefined,undefined
396113,undefined,0,274.80000000000007,0,0,0,0,2,4,44987,undefined,undefined
397835,undefined,0,133.4,0,0,0,0,5,8,47379,undefined,undefined
40508,undefined,0,94.65,0,0,0,0,4,7,23340,undefined,undefined
408501,undefined,0,95.60000000000001,0,0,0,0,4,0,637936,undefined,undefined
4139,1240736567774,0,0,4280,9,521.5555555555555,16040,11,19,713,14,3
416886,1240731857093,1240731868428,0,0,0,0,0,0,0,0,1,0
430717,1240731018950,1240731371352,56.900000000000006,0,0,0,0,25,10,256746,11,6
44,1240737287242,0,0,646,3,269,0,10,2,72176,5,1
445660,undefined,0,135.5,0,0,0,0,4,5,54812,undefined,undefined
44987,1240735177619,0,563.8,4653,11,612.7272727272727,0,11,16,12770,12,2
47477,undefined,0,338.40000000000003,0,0,0,0,1,0,58859,undefined,undefined
483162,undefined,0,147.8,0,0,0,0,1,0,534632,undefined,undefined
49151,1240732252353,1240732800891,0,566,2,154,0,0,0,0,1,null
493115,1240730724980,1240730816607,0,0,0,0,0,0,0,10260,2,0
510740,1240737652458,0,521.85,2710,4,702,230164,48,32,534632,16,14
5129,1240732483381,1240733950242,0,1621,8,139.25,0,0,0,258951,2,null
5212,1240733990888,1240736157413,109.6,2633,6,422.6666666666667,2843,14,10,156489,14,2
522658,1240734890426,1240735499282,0,193,1,215,0,5,4,10642,4,0
527214,1240732526476,1240732538018,0,0,0,0,0,0,0,0,1,null
53030,1240735560566,1240737488616,0,3046,6,731.5,0,7,5,122907,12,3
534632,undefined,0,596.5000000000001,0,0,0,0,5,49,445660,undefined,undefined
535,1240734318099,1240734395983,0,0,0,0,0,2,1,147628,10,3
547122,1240730937260,1240731740794,0,252,2,126,0,0,0,0,1,null
557317,1240732176707,1240732564597,0,127,1,74,0,0,0,3200,1,null
57393,undefined,0,784.8500000000001,0,0,0,0,5,19,159420,undefined,undefined
582081,undefined,0,75.10000000000001,0,0,0,0,1,0,79942,undefined,undefined
58859,1240734399242,1240735755664,169.20000000000002,2748,7,576.7142857142857,43017,4,2,396113,12,2
59534,undefined,0,45.5,0,0,0,0,1,2,223864,undefined,undefined
598262,1240737212144,1240737474688,0,353,2,176.5,0,0,0,30735,3,0
61045,undefined,0,66.75,0,0,0,0,6,1,74372,undefined,undefined
61153,1240733897424,1240735113800,0,1119,6,155.66666666666666,0,0,0,781781,2,null
612041,1240735037457,1240735201168,0,0,0,0,0,0,0,120076,1,null
613540,1240736867751,1240737058908,0,113,1,120,0,1,0,171151,2,0
61984,undefined,0,133.5,0,0,0,0,1,5,61045,undefined,undefined
620394,1240735701021,1240736175691,0,341,2,111.5,0,1,0,2843,4,null
630520,1240732626632,0,0,560,5,91.4,0,0,0,3200,1,0
634506,1240734933392,1240735141101,0,169,1,169,0,0,0,0,1,null
635318,1240737399964,1240737424948,0,0,0,0,0,0,0,0,1,null
637936,undefined,0,47.800000000000004,0,0,0,0,3,4,217283,undefined,undefined
65812,1240735080481,0,0,3321,20,168,80094,0,0,169944,4,0
70997,undefined,0,353.75000000000006,0,0,0,0,8,6,397835,undefined,undefined
713,undefined,0,706.2500000000001,0,0,0,0,9,28,12,undefined,undefined
72176,undefined,0,64.6,0,0,0,0,3,10,106069,undefined,undefined
729225,undefined,0,12,0,0,0,0,2,0,131355,undefined,undefined
73621,undefined,0,309.09999999999997,0,0,0,0,2,2,112194,undefined,undefined
772113,1240731405889,1240733463528,0,1430,7,227.57142857142858,0,0,0,510740,4,null
772383,1240736969809,0,0,576,4,226.25,168473,0,0,235393,3,0
773108,1240729993671,1240732101316,0,1660,5,257.6,0,4,2,510740,4,null
778166,1240730473481,1240731219311,0,120,2,44,0,0,0,729225,1,null
780028,1240734962305,1240735478345,0,373,1,170,0,0,0,141288,2,null
780672,1240735852439,1240736533136,0,956,4,257.25,0,0,0,408501,4,null
781781,1240733835165,1240736395903,96.5,2221,10,250.9,0,1,0,120076,3,null
794144,1240736230543,1240736451024,0,127,1,127,0,0,0,0,1,null
79942,undefined,0,37.550000000000004,0,0,0,0,3,1,198149,undefined,undefined
80094,1240729989981,1240735846258,173.89999999999998,2668,15,174.06666666666666,65812,6,0,70997,4,4
802319,undefined,0,9.15,0,0,0,0,2,4,773108,undefined,undefined
814516,1240731915510,1240733454321,0,3384,8,305.125,0,0,0,47477,3,null
81899,undefined,0,18.3,0,0,0,0,4,6,802319,undefined,undefined
845103,1240736367414,1240736753098,0,0,0,0,0,0,0,0,1,null
846950,1240731684821,1240735638021,0,4374,18,140.55555555555554,0,0,0,44987,3,null
847929,1240734726219,1240736251125,0,826,8,99.625,0,0,0,340461,1,null
8527,1240733450974,1240733503523,0,0,0,0,0,1,0,503,6,1
859223,1240733142665,1240736888515,0,1278,8,152.875,0,0,0,80094,2,null
88366,undefined,0,93.10000000000001,0,0,0,0,1,0,212370,undefined,undefined
894542,1240730954868,1240732552613,0,1042,6,160,0,0,0,80094,2,null
895992,1240734643070,1240734915485,0,0,0,0,0,0,0,0,1,null
896753,1240729355641,1240729968435,0,605,3,201.66666666666666,0,0,0,0,1,null
897577,1240733512828,1240733637381,0,0,0,0,0,0,0,0,1,null
899612,1240733845477,1240735166074,0,543,2,130.5,0,0,0,0,1,null
899745,1240733671115,1240733848015,0,0,0,0,0,0,0,0,1,null
900020,1240735633333,1240735657457,0,0,0,0,0,0,0,0,1,null
900033,1240733093898,1240733103904,0,0,0,0,0,0,0,0,1,null
900362,1240735214658,1240735910947,0,358,2,75,0,0,0,182501,1,null
901211,1240736977768,1240737000150,0,0,0,0,0,0,0,0,1,null
90342,1240734563172,1240734688667,0,0,0,0,0,0,0,0,1,0
97971,1240735064073,1240735112507,0,0,0,0,139402,4,1,103053,5,4
<<<<EndTable

PlayersOnlineNow=14
PlayersOnlineEachMinute=0, 5, 8, 8, 9, 10, 10, 10, 10, 11, 11, 10, 12, 12, 13, 14, 14, 14, 16, 17, 19, 19, 19, 18, 19, 19, 18, 17, 21, 20, 19, 19, 18, 19, 18, 19, 19, 19, 19, 19, 20, 21, 21, 23, 24, 23, 23, 21, 22, 25, 24, 25, 24, 25, 24, 24, 24, 24, 24, 22, 22, 22, 22, 20, 23, 23, 21, 19, 18, 19, 17, 16, 17, 16, 18, 18, 20, 21, 20, 21, 22, 22, 21, 22, 22, 21, 19, 19, 19, 19, 16, 16, 17, 18, 18, 19, 22, 20, 20, 20, 22, 22, 23, 22, 21, 22, 20, 22, 22, 21, 21, 21, 20, 19, 18, 15, 17, 16, 17, 15, 15, 15, 15, 15, 14, 17, 17, 16, 19, 18, 17, 18, 16, 17, 16, 17, 16, 14, 14, 13
PlayersInEachFeedingGame=1, 1, 1, 1, 1, 2, 1, 2, 2, 1, 1, 1, 1, 1, 1, 2, 1, 1, 2, 2, 1, 1, 1, 2, 1, 2, 1, 1, 1, 1, 3, 2, 2, 2, 2, 2, 2, 2, 2, 1, 1, 2, 2, 1, 2, 2, 1, 2, 2, 1, 2, 1, 1, 2, 1, 2, 1, 2, 2, 1, 2, 1, 2, 2, 2, 1, 2, 2, 2, 1, 2, 1, 2, 1, 1, 2, 2, 2, 1, 2, 1, 1, 2, 2, 2, 2, 2, 2, 2, 1, 2, 1, 3, 2, 2, 1, 2, 2, 1, 2, 2, 2, 1, 1, 1, 2, 1, 2, 2, 1, 1, 2, 2, 1, 2, 2, 1, 1, 1, 2, 1, 2, 2, 1, 1, 2, 1, 2, 2, 1, 1, 2, 2, 2, 2, 1, 1, 2, 2, 1, 2, 2, 2, 2, 2, 2, 2, 2, 2, 2, 2, 1, 2, 3, 2, 1, 2, 2, 2, 2, 2, 2, 2, 2, 1, 2, 1, 2, 1, 2, 1, 1, 1, 2
PlayersStarted=150
PlayersQuit=136
StatsStartTime=1240729312270
StatsDumpTime=1240737712706
<<<<EndStats
2009-04-26 02:21:54,535 ERROR: vampire.server.feeding.FeedingRecord sendPlayerStartGameMsg [playerId=44, prey=false, _predatorIndex=]
2009-04-26 02:22:00,520 ERROR: vampire.server.feeding.FeedingRecord sendPlayerStartGameMsg [playerId=209682, prey=false, _predatorIndex=]
2009-04-26 02:22:01,527 ERROR: vampire.server.feeding.FeedingRecord sendPlayerStartGameMsg [playerId=44, prey=false, _predatorIndex=]
2009-04-26 02:22:32,517 ERROR: vampire.server.feeding.FeedingRecord sendPlayerStartGameMsg [playerId=230164, prey=false, _predatorIndex=170670,230164]
2009-04-26 02:23:13,600 ERROR: vampire.server.feeding.FeedingRecord sendPlayerStartGameMsg [playerId=230164, prey=false, _predatorIndex=]
2009-04-26 02:23:50,865 ERROR: vampire.server.feeding.FeedingRecord sendPlayerStartGameMsg [playerId=145421, prey=true, _predatorIndex=]
2009-04-26 02:23:50,865 ERROR: vampire.server.feeding.FeedingRecord sendPlayerStartGameMsg [playerId=190982, prey=false, _predatorIndex=]
2009-04-26 02:24:47,139 ERROR: vampire.server.feeding.FeedingRecord sendPlayerStartGameMsg [playerId=217283, prey=true, _predatorIndex=]
2009-04-26 02:24:47,139 ERROR: vampire.server.feeding.FeedingRecord sendPlayerStartGameMsg [playerId=160801, prey=false, _predatorIndex=]
2009-04-26 02:25:54,660 ERROR: vampire.server.feeding.FeedingRecord sendPlayerStartGameMsg [playerId=510740, prey=true, _predatorIndex=]
2009-04-26 02:25:54,661 ERROR: vampire.server.feeding.FeedingRecord sendPlayerStartGameMsg [playerId=230164, prey=false, _predatorIndex=]
2009-04-26 02:26:31,137 ERROR: vampire.server.feeding.FeedingRecord sendPlayerStartGameMsg [playerId=191984, prey=true, _predatorIndex=]
2009-04-26 02:26:31,138 ERROR: vampire.server.feeding.FeedingRecord sendPlayerStartGameMsg [playerId=145421, prey=false, _predatorIndex=]
2009-04-26 02:27:38,219 ERROR: vampire.server.feeding.FeedingRecord sendPlayerStartGameMsg [playerId=190982, prey=false, _predatorIndex=160801]
2009-04-26 02:28:53,372 ERROR: vampire.server.feeding.FeedingRecord sendPlayerStartGameMsg [playerId=190982, prey=true, _predatorIndex=]
2009-04-26 02:28:53,373 ERROR: vampire.server.feeding.FeedingRecord sendPlayerStartGameMsg [playerId=210155, prey=false, _predatorIndex=]
2009-04-26 02:28:57,531 ERROR: vampire.server.feeding.FeedingRecord sendPlayerStartGameMsg [playerId=145421, prey=false, _predatorIndex=160801,190982]
2009-04-26 02:29:05,205 ERROR: vampire.server.feeding.FeedingRecord sendPlayerStartGameMsg [playerId=191984, prey=true, _predatorIndex=]
2009-04-26 02:29:05,205 ERROR: vampire.server.feeding.FeedingRecord sendPlayerStartGameMsg [playerId=133711, prey=false, _predatorIndex=]
2009-04-26 02:29:19,643 ERROR: vampire.server.feeding.FeedingRecord sendPlayerStartGameMsg [playerId=217283, prey=true, _predatorIndex=]
2009-04-26 02:29:19,643 ERROR: vampire.server.feeding.FeedingRecord sendPlayerStartGameMsg [playerId=145421, prey=false, _predatorIndex=]
2009-04-26 02:29:46,085 ERROR: vampire.server.feeding.FeedingRecord sendPlayerStartGameMsg [playerId=202328, prey=true, _predatorIndex=]
2009-04-26 02:29:46,085 ERROR: vampire.server.feeding.FeedingRecord sendPlayerStartGameMsg [playerId=209682, prey=false, _predatorIndex=]

>>>>BeginStats

>>>>BeginTable
PlayerId, StartTime, EndTime, ProgenyPayout, XPFromFeeding, FeedingGames, MeanFeedingScore, BloodBond, Progeny, GrandProgeny, Sire, Level, Invites
102127,undefined,0,166.05000000000004,0,0,0,0,1,1,168234,undefined,undefined
10260,1240729764531,1240731319885,0,1466,4,438.75,0,4,4,713,11,2
103033,1240731657074,1240732011891,0,183,1,183,767143,5,0,81899,4,null
106069,undefined,0,32.3,0,0,0,0,13,3,236834,undefined,undefined
10642,undefined,0,19.3,0,0,0,0,22,5,351598,undefined,undefined
114384,1240734992242,1240735825973,0,377,3,113,0,0,0,208246,2,0
12,undefined,0,543.7,0,0,0,0,19,56,383387,undefined,undefined
120076,undefined,0,270.35,0,0,0,0,9,1,34987,undefined,undefined
122494,1240735891953,1240737208114,0,751,7,110.42857142857143,0,0,0,582081,2,0
122907,undefined,0,304.6,0,0,0,0,6,7,251062,undefined,undefined
124656,undefined,0,17.65,0,0,0,0,1,5,96537,undefined,undefined
1265,1240738296851,0,123.55000000000001,0,0,0,713,5,17,12,15,3
12770,undefined,0,678.5000000000001,0,0,0,0,19,18,383387,undefined,undefined
12791,undefined,0,496.35000000000014,0,0,0,0,9,9,12,undefined,undefined
129679,1240731931466,1240733518153,0,1389,8,226.25,0,0,0,21067,3,1
130244,undefined,0,29.200000000000003,0,0,0,0,3,5,237967,undefined,undefined
131355,undefined,0,6,0,0,0,0,1,2,461901,undefined,undefined
133711,1240737986539,0,0,1182,4,144.25,0,0,0,88366,3,0
141288,1240730452544,1240733003703,37.300000000000004,1942,6,283.6666666666667,841332,3,0,510740,4,null
142178,undefined,0,777.2500000000001,0,0,0,0,2,10,73621,undefined,undefined
143538,undefined,0,75.05000000000001,0,0,0,0,2,15,1531,undefined,undefined
144314,1240730096216,1240730273563,0,0,0,0,0,0,0,0,1,null
145421,1240737781318,0,0,330,3,89,0,0,0,191984,1,0
145609,undefined,0,18.85,0,0,0,0,4,2,92300,undefined,undefined
151500,1240729312406,1240730905435,0,1478,6,157,0,0,0,483162,3,null
156489,undefined,0,318.1,0,0,0,0,12,14,713,undefined,undefined
158274,1240734828012,1240735356127,0,246,2,128,0,0,0,32314,3,null
159420,undefined,0,336.8,0,0,0,0,1,5,206649,undefined,undefined
160138,undefined,0,161.25,0,0,0,0,6,5,150469,undefined,undefined
160801,1240737687726,1240738291613,0,583,2,292.5,0,4,2,166371,4,2
164902,1240735758546,1240736064927,0,104,1,130,0,0,0,217283,3,0
165735,1240735267328,1240735829690,0,333,2,155,0,0,0,169326,1,null
166371,undefined,0,58.3,0,0,0,0,4,4,267622,undefined,undefined
169326,undefined,0,33.300000000000004,0,0,0,0,1,0,180789,undefined,undefined
169944,undefined,0,332.1000000000001,0,0,0,0,1,0,102127,undefined,undefined
170086,1240736763221,1240737885672,0,913,5,174,0,0,0,22731,3,0
170670,1240737246196,1240737857108,0,0,0,0,549580,0,0,72176,3,null
171151,undefined,0,11.3,0,0,0,0,27,1,21067,undefined,undefined
172342,1240731327198,1240731337441,0,0,0,0,0,0,0,320570,1,0
173395,undefined,0,58.400000000000006,0,0,0,0,5,4,130244,undefined,undefined
173409,1240732604614,1240736211393,0,0,0,0,0,0,0,197193,1,null
176013,1240732360440,1240732396564,0,0,0,0,327986,3,1,95378,4,1
177614,1240731241669,1240732275446,0,153,1,130,0,3,0,3200,3,1
178366,1240733135245,1240733254690,0,1501,7,212.71428571428572,0,0,0,259344,3,0
180789,undefined,0,16.650000000000002,0,0,0,0,2,1,58030,undefined,undefined
181738,undefined,0,78.70000000000002,0,0,0,0,5,4,12791,undefined,undefined
182082,1240736802342,1240736837229,0,0,0,0,0,0,0,79323,1,0
182501,1240735387758,1240736059854,16.6,486,3,273.6666666666667,108722,6,0,430717,7,3
1892,1240735795182,1240736133954,0,0,0,0,455390,15,6,995,10,2
190687,undefined,0,223.25000000000003,0,0,0,0,7,6,383937,undefined,undefined
190982,1240737814714,0,0,89,1,96,0,0,0,0,1,0
191984,1240734869195,0,282.09999999999997,6552,23,318.7826086956522,191950,10,4,142178,8,3
195736,undefined,0,45,0,0,0,0,6,11,334835,undefined,undefined
196543,1240734075661,1240734722957,0,1464,9,110.33333333333333,0,0,0,32314,3,null
202328,1240738039404,0,0,584,5,119,0,4,3,173395,4,0
207373,1240735297855,1240735987778,0,199,2,101.5,0,0,0,348886,1,0
208246,undefined,0,37.7,0,0,0,0,2,0,145609,undefined,undefined
209682,1240737680914,0,0,339,2,169.5,0,0,0,0,1,0
209842,1240734045899,1240734976979,0,1096,4,200.75,0,0,0,5212,3,null
210155,1240738061989,0,0,4006,19,167.57894736842104,0,0,0,217283,3,0
21067,undefined,0,144.55,0,0,0,0,2,27,302907,undefined,undefined
212370,undefined,0,59.10000000000001,0,0,0,0,8,2,105778,undefined,undefined
217283,1240734246246,1240738312142,369.4,6736,20,428.8,0,18,13,57393,10,3
223864,undefined,0,374.30000000000007,0,0,0,0,5,17,160138,undefined,undefined
22731,undefined,0,91.30000000000001,0,0,0,0,9,0,351430,undefined,undefined
230164,1240737732580,0,0,4465,7,680.2857142857143,510740,7,1,250837,12,2
23340,undefined,0,8.1,0,0,0,0,6,4,383387,undefined,undefined
235393,undefined,0,100.30000000000001,0,0,0,0,7,0,377629,undefined,undefined
239429,1240733110131,1240733328772,0,0,0,0,0,0,0,0,1,null
250837,undefined,0,446.50000000000006,0,0,0,0,1,7,190687,undefined,undefined
251062,undefined,0,152.3,0,0,0,0,6,6,296361,undefined,undefined
256746,1240729378745,1240730678703,24.300000000000004,1335,5,241.8,260844,5,28,61984,8,6
258951,1240732209378,1240733059753,135.5,558,3,267.3333333333333,555644,10,13,1265,11,8
259344,undefined,0,150.10000000000002,0,0,0,0,15,0,143538,undefined,undefined
267622,undefined,0,29.15,0,0,0,0,2,4,1632,undefined,undefined
2843,undefined,0,34.1,0,0,0,0,7,27,3383,undefined,undefined
297654,1240730317421,1240730951192,0,787,2,351,204487,4,1,181738,11,3
302907,undefined,0,69.45,0,0,0,0,2,2,283855,undefined,undefined
30735,undefined,0,35.3,0,0,0,0,5,0,124656,undefined,undefined
311783,1240730961645,1240731003557,0,0,0,0,0,6,2,11460,8,3
312674,1240734080530,1240734096725,0,0,0,0,0,0,0,0,1,0
3200,1240730947229,1240734446145,63.7,3225,11,398.27272727272725,71724,16,4,223864,12,2
32314,1240729582424,1240729750546,156.90000000000003,162,1,215,20731,7,2,40508,12,2
334835,undefined,0,22.5,0,0,0,0,2,6,143501,undefined,undefined
336524,1240732450184,1240735657685,0,450,2,210.5,512737,8,4,195736,9,1
3383,1240730354407,1240734597410,17.05,4570,9,467.22222222222223,968,4,9,12791,13,2
340461,1240732212223,1240734568927,76.00000000000001,2200,12,153.66666666666666,0,1,0,191984,4,1
340845,1240732992786,1240733051475,0,0,0,0,0,1,0,184355,2,0
348886,1240736812899,1240737199922,11.200000000000001,399,3,147.33333333333334,0,2,0,59534,2,1
34987,undefined,0,111.05000000000001,0,0,0,0,2,9,8842,undefined,undefined
351430,undefined,0,45.650000000000006,0,0,0,0,1,9,336228,undefined,undefined
351598,undefined,0,9.65,0,0,0,0,1,22,359624,undefined,undefined
363172,1240731714274,1240732470673,0,0,0,0,0,0,0,600946,2,0
364226,1240732448870,1240733375162,0,0,0,0,0,1,0,210210,3,1
369648,1240736955520,1240737309798,0,0,0,0,0,0,0,325253,3,1
372617,1240734257567,1240734271768,0,0,0,0,612159,2,2,36432,6,1
377629,undefined,0,50.150000000000006,0,0,0,0,5,7,75123,undefined,undefined
379139,1240736038999,1240737617122,0,949,7,103.28571428571429,0,0,0,0,1,null
383387,undefined,0,232.65000000000006,0,0,0,0,3,44,0,undefined,undefined
396113,undefined,0,274.80000000000007,0,0,0,0,2,4,44987,undefined,undefined
397835,undefined,0,133.4,0,0,0,0,5,8,47379,undefined,undefined
40508,undefined,0,94.65,0,0,0,0,4,7,23340,undefined,undefined
408501,undefined,0,95.60000000000001,0,0,0,0,4,0,637936,undefined,undefined
4139,1240736567774,0,0,4280,9,521.5555555555555,16040,11,19,713,14,3
416886,1240731857093,1240731868428,0,0,0,0,0,0,0,0,1,0
430717,1240731018950,1240731371352,56.900000000000006,0,0,0,0,25,10,256746,11,6
44,1240737287242,1240737814307,0,646,3,269,0,10,2,72176,5,1
445660,undefined,0,226.8,0,0,0,0,4,5,54812,undefined,undefined
44987,1240735177619,0,563.8,4653,11,612.7272727272727,0,11,16,12770,12,2
47477,undefined,0,338.40000000000003,0,0,0,0,1,0,58859,undefined,undefined
483162,undefined,0,147.8,0,0,0,0,1,0,534632,undefined,undefined
49151,1240732252353,1240732800891,0,566,2,154,0,0,0,0,1,null
493115,1240730724980,1240730816607,0,0,0,0,0,0,0,10260,2,0
510740,1240737796113,0,521.85,4536,6,814.5,230164,48,32,534632,16,14
5129,1240732483381,1240733950242,0,1621,8,139.25,0,0,0,258951,2,null
5212,1240733990888,1240736157413,109.6,2633,6,422.6666666666667,2843,14,10,156489,14,2
522658,1240734890426,1240735499282,0,193,1,215,0,5,4,10642,4,0
527214,1240732526476,1240732538018,0,0,0,0,0,0,0,0,1,null
53030,1240735560566,1240737488616,0,3046,6,731.5,0,7,5,122907,12,3
534632,undefined,0,779.1000000000001,0,0,0,0,5,49,445660,undefined,undefined
535,1240734318099,1240734395983,0,0,0,0,0,2,1,147628,10,3
547122,1240730937260,1240731740794,0,252,2,126,0,0,0,0,1,null
557317,1240732176707,1240732564597,0,127,1,74,0,0,0,3200,1,null
57393,undefined,0,858.3000000000002,0,0,0,0,5,19,159420,undefined,undefined
582081,undefined,0,75.10000000000001,0,0,0,0,1,0,79942,undefined,undefined
58859,1240734399242,1240735755664,169.20000000000002,2748,7,576.7142857142857,43017,4,2,396113,12,2
59534,undefined,0,45.5,0,0,0,0,1,2,223864,undefined,undefined
598262,1240737212144,1240737474688,0,353,2,176.5,0,0,0,30735,3,0
61045,undefined,0,66.75,0,0,0,0,6,1,74372,undefined,undefined
61153,1240733897424,1240735113800,0,1119,6,155.66666666666666,0,0,0,781781,2,null
612041,1240735037457,1240735201168,0,0,0,0,0,0,0,120076,1,null
613540,1240736867751,1240737058908,0,113,1,120,0,1,0,171151,2,0
61984,undefined,0,133.5,0,0,0,0,1,5,61045,undefined,undefined
620394,1240735701021,1240736175691,0,341,2,111.5,0,1,0,2843,4,null
630520,1240732626632,0,0,560,5,91.4,0,0,0,3200,1,0
634506,1240734933392,1240735141101,0,169,1,169,0,0,0,0,1,null
635318,1240737399964,1240737424948,0,0,0,0,0,0,0,0,1,null
637936,undefined,0,47.800000000000004,0,0,0,0,3,4,217283,undefined,undefined
65812,1240735080481,1240737954423,0,3321,20,168,80094,0,0,169944,4,null
70997,undefined,0,353.75000000000006,0,0,0,0,8,6,397835,undefined,undefined
713,undefined,0,706.2500000000001,0,0,0,0,9,28,12,undefined,undefined
72176,undefined,0,64.6,0,0,0,0,3,10,106069,undefined,undefined
729225,undefined,0,12,0,0,0,0,2,0,131355,undefined,undefined
73621,undefined,0,327.59999999999997,0,0,0,0,2,2,112194,undefined,undefined
772113,1240731405889,1240733463528,0,1430,7,227.57142857142858,0,0,0,510740,4,null
772383,1240736969809,1240738226152,0,1003,6,239.5,168473,0,0,235393,3,null
773108,1240729993671,1240732101316,0,1660,5,257.6,0,4,2,510740,4,null
778166,1240730473481,1240731219311,0,120,2,44,0,0,0,729225,1,null
780028,1240734962305,1240735478345,0,373,1,170,0,0,0,141288,2,null
780672,1240735852439,1240736533136,0,956,4,257.25,0,0,0,408501,4,null
781781,1240733835165,1240736395903,96.5,2221,10,250.9,0,1,0,120076,3,null
794144,1240736230543,1240736451024,0,127,1,127,0,0,0,0,1,null
79942,undefined,0,37.550000000000004,0,0,0,0,3,1,198149,undefined,undefined
80094,1240729989981,1240735846258,173.89999999999998,2668,15,174.06666666666666,65812,6,0,70997,4,4
802319,undefined,0,9.15,0,0,0,0,2,4,773108,undefined,undefined
814516,1240731915510,1240733454321,0,3384,8,305.125,0,0,0,47477,3,null
81899,undefined,0,18.3,0,0,0,0,4,6,802319,undefined,undefined
845103,1240736367414,1240736753098,0,0,0,0,0,0,0,0,1,null
846950,1240731684821,1240735638021,0,4374,18,140.55555555555554,0,0,0,44987,3,null
847929,1240734726219,1240736251125,0,826,8,99.625,0,0,0,340461,1,null
8527,1240733450974,1240733503523,0,0,0,0,0,1,0,503,6,1
859223,1240733142665,1240736888515,0,1278,8,152.875,0,0,0,80094,2,null
88366,undefined,0,118.20000000000002,0,0,0,0,1,0,212370,undefined,undefined
894542,1240730954868,1240732552613,0,1042,6,160,0,0,0,80094,2,null
895992,1240734643070,1240734915485,0,0,0,0,0,0,0,0,1,null
896753,1240729355641,1240729968435,0,605,3,201.66666666666666,0,0,0,0,1,null
897577,1240733512828,1240733637381,0,0,0,0,0,0,0,0,1,null
899612,1240733845477,1240735166074,0,543,2,130.5,0,0,0,0,1,null
899745,1240733671115,1240733848015,0,0,0,0,0,0,0,0,1,null
900020,1240735633333,1240735657457,0,0,0,0,0,0,0,0,1,null
900033,1240733093898,1240733103904,0,0,0,0,0,0,0,0,1,null
900362,1240735214658,1240735910947,0,358,2,75,0,0,0,182501,1,null
901211,1240736977768,1240737000150,0,0,0,0,0,0,0,0,1,null
90342,1240734563172,1240734688667,0,0,0,0,0,0,0,0,1,0
97971,1240735064073,1240735112507,0,0,0,0,139402,4,1,103053,5,4
<<<<EndTable

PlayersOnlineNow=13
PlayersOnlineEachMinute=0, 5, 8, 8, 9, 10, 10, 10, 10, 11, 11, 10, 12, 12, 13, 14, 14, 14, 16, 17, 19, 19, 19, 18, 19, 19, 18, 17, 21, 20, 19, 19, 18, 19, 18, 19, 19, 19, 19, 19, 20, 21, 21, 23, 24, 23, 23, 21, 22, 25, 24, 25, 24, 25, 24, 24, 24, 24, 24, 22, 22, 22, 22, 20, 23, 23, 21, 19, 18, 19, 17, 16, 17, 16, 18, 18, 20, 21, 20, 21, 22, 22, 21, 22, 22, 21, 19, 19, 19, 19, 16, 16, 17, 18, 18, 19, 22, 20, 20, 20, 22, 22, 23, 22, 21, 22, 20, 22, 22, 21, 21, 21, 20, 19, 18, 15, 17, 16, 17, 15, 15, 15, 15, 15, 14, 17, 17, 16, 19, 18, 17, 18, 16, 17, 16, 17, 16, 14, 14, 13, 14, 14, 15, 13, 13, 13, 15, 15, 15, 14
PlayersInEachFeedingGame=1, 1, 1, 1, 1, 2, 1, 2, 2, 1, 1, 1, 1, 1, 1, 2, 1, 1, 2, 2, 1, 1, 1, 2, 1, 2, 1, 1, 1, 1, 3, 2, 2, 2, 2, 2, 2, 2, 2, 1, 1, 2, 2, 1, 2, 2, 1, 2, 2, 1, 2, 1, 1, 2, 1, 2, 1, 2, 2, 1, 2, 1, 2, 2, 2, 1, 2, 2, 2, 1, 2, 1, 2, 1, 1, 2, 2, 2, 1, 2, 1, 1, 2, 2, 2, 2, 2, 2, 2, 1, 2, 1, 3, 2, 2, 1, 2, 2, 1, 2, 2, 2, 1, 1, 1, 2, 1, 2, 2, 1, 1, 2, 2, 1, 2, 2, 1, 1, 1, 2, 1, 2, 2, 1, 1, 2, 1, 2, 2, 1, 1, 2, 2, 2, 2, 1, 1, 2, 2, 1, 2, 2, 2, 2, 2, 2, 2, 2, 2, 2, 2, 1, 2, 3, 2, 1, 2, 2, 2, 2, 2, 2, 2, 2, 1, 2, 1, 2, 1, 2, 1, 1, 1, 2, 1, 1, 1, 2, 2, 2, 2, 2, 2, 2, 2
PlayersStarted=158
PlayersQuit=145
StatsStartTime=1240729312270
StatsDumpTime=1240738312726
<<<<EndStats
2009-04-26 02:32:35,099 ERROR: vampire.server.feeding.FeedingRecord sendPlayerStartGameMsg [playerId=202328, prey=true, _predatorIndex=]
2009-04-26 02:32:35,100 ERROR: vampire.server.feeding.FeedingRecord sendPlayerStartGameMsg [playerId=133711, prey=false, _predatorIndex=]
2009-04-26 02:33:07,375 ERROR: vampire.server.feeding.FeedingRecord sendPlayerStartGameMsg [playerId=209682, prey=false, _predatorIndex=]
2009-04-26 02:35:03,964 ERROR: vampire.server.feeding.FeedingRecord sendPlayerStartGameMsg [playerId=145421, prey=false, _predatorIndex=]
2009-04-26 02:35:28,421 ERROR: vampire.server.feeding.FeedingRecord sendPlayerStartGameMsg [playerId=133711, prey=true, _predatorIndex=]
2009-04-26 02:35:28,422 ERROR: vampire.server.feeding.FeedingRecord sendPlayerStartGameMsg [playerId=209682, prey=false, _predatorIndex=]
2009-04-26 02:35:52,878 ERROR: vampire.server.feeding.FeedingRecord sendPlayerStartGameMsg [playerId=202328, prey=true, _predatorIndex=]
2009-04-26 02:35:52,878 ERROR: vampire.server.feeding.FeedingRecord sendPlayerStartGameMsg [playerId=145421, prey=false, _predatorIndex=]
2009-04-26 02:38:23,056 ERROR: vampire.server.feeding.FeedingRecord sendPlayerStartGameMsg [playerId=22976, prey=false, _predatorIndex=]
2009-04-26 02:38:34,366 ERROR: vampire.server.feeding.FeedingRecord sendPlayerStartGameMsg [playerId=145421, prey=false, _predatorIndex=]
2009-04-26 02:40:40,236 ERROR: vampire.server.feeding.FeedingRecord sendPlayerStartGameMsg [playerId=1265, prey=true, _predatorIndex=]
2009-04-26 02:40:40,237 ERROR: vampire.server.feeding.FeedingRecord sendPlayerStartGameMsg [playerId=89566, prey=false, _predatorIndex=]
2009-04-26 02:40:46,151 ERROR: vampire.server.feeding.FeedingRecord sendPlayerStartGameMsg [playerId=230164, prey=true, _predatorIndex=]
2009-04-26 02:40:46,151 ERROR: vampire.server.feeding.FeedingRecord sendPlayerStartGameMsg [playerId=510740, prey=false, _predatorIndex=]

