
>>>>BeginStats

>>>>BeginTable
PlayerId, StartTime, EndTime, ProgenyPayout, XPFromFeeding, FeedingGames, MeanFeedingScore, BloodBond, Progeny, GrandProgeny, Sire, Level, Invites
1012813, , , 147.3, 0, 0, 0, 0, 6, 22, 54776, , 
10260, 1241648191529, , 167.7, 5171, 18, 268.2222222222222, 8527, 9, 9, 713, 15, 2
103033, 1241651083948, 1241653482702, 0, 954, 6, 133.5, 767143, 12, 13, 81899, 6, 1
1062, 1241652159577, , 0, 3899, 11, 316.54545454545456, 17790, 11, 7, 713, 16, 2
1062853, , , 29.950000000000003, 0, 0, 0, 0, 9, 1, 1124214, , 
10642, 1241649638363, 1241651996964, 0, 5773, 9, 706.1111111111111, 447249, 32, 46, 351598, 15, 2
107444, 1241654076637, , 0, 0, 0, 0, 0, 0, 0, 10642, 1, 0
108279, , , 73.8, 0, 0, 0, 0, 2, 1, 172623, , 
1085912, 1241648170425, 1241650144122, 0, 1223, 7, 187, 0, 0, 0, 16807, 3, 
1086242, , , 93.5, 0, 0, 0, 0, 1, 0, 39030, , 
1086396, 1241652972360, 1241653436171, 0, 0, 0, 0, 0, 0, 0, 1010692, 2, 
1090611, 1241653816043, , 0, 0, 0, 0, 1032874, 2, 0, 1032648, 4, 0
1092321, , , 162, 0, 0, 0, 0, 29, 23, 35568, , 
1109831, 1241651571982, 1241651604096, 0, 0, 0, 0, 0, 0, 0, 0, 1, 
1114188, 1241652775773, 1241654096994, 0, 935, 6, 87.16666666666667, 110446, 0, 0, 1086242, 3, 
1114884, 1241649489433, 1241649714156, 0, 0, 0, 0, 0, 1, 0, 998652, 2, 
1117110, 1241653687922, 1241653698873, 0, 0, 0, 0, 0, 0, 0, 0, 1, 
1122449, , , 56.2, 0, 0, 0, 0, 10, 2, 555728, , 
1125502, 1241653585727, , 0, 0, 0, 0, 0, 0, 0, 193495, 1, 0
1126061, 1241650932578, 1241651200958, 43.900000000000006, 229, 1, 229, 0, 2, 1, 52350, 3, 2
113162, 1241650013601, 1241651873528, 0, 621, 3, 92, 0, 0, 0, 154004, 1, 
113794, , , 76.05, 0, 0, 0, 0, 3, 5, 94657, , 
1145581, 1241652548536, 1241652889464, 0, 439, 2, 167, 0, 0, 0, 1126061, 2, 
1148755, , , 21.5, 0, 0, 0, 0, 21, 0, 1092321, , 
114959, 1241653955254, 1241654005895, 0, 0, 0, 0, 0, 0, 0, 0, 1, 
1154088, 1241650502302, 1241650506786, 0, 0, 0, 0, 0, 0, 0, 0, 1, 
1162172, 1241651303252, 1241651586178, 0, 1781, 9, 200.66666666666666, 1181188, 0, 0, 835426, 3, 
1170170, 1241653243427, 1241653250194, 0, 0, 0, 0, 0, 0, 0, 0, 1, 
118011, 1241651377358, , 0, 2153, 10, 170.3, 0, 0, 0, 0, 3, 0
1181188, 1241649108382, 1241653536699, 0, 6057, 27, 218.1851851851852, 1162172, 0, 0, 192883, 3, 
1192337, , , 302.1, 0, 0, 0, 0, 17, 21, 1012813, , 
1199648, 1241651040200, 1241653016985, 0, 222, 2, 121.5, 0, 1, 0, 394001, 3, 1
12, , , 552.6499999999999, 0, 0, 0, 0, 20, 35, 383387, , 
1214060, 1241652758863, 1241653556992, 0, 307, 3, 96.66666666666667, 0, 0, 0, 0, 1, 
1219016, 1241651601093, 1241651613281, 0, 0, 0, 0, 0, 0, 0, 0, 1, 
122907, , , 70.05, 0, 0, 0, 0, 6, 10, 251062, , 
1246027, 1241649182545, 1241649731335, 0, 511, 3, 128, 0, 0, 0, 155004, 1, 
1251045, 1241650652011, 1241650828276, 0, 0, 0, 0, 0, 0, 0, 54776, 1, 
125207, 1241652889655, , 0, 316, 2, 181, 273503, 1, 0, 544643, 4, 0
125347, 1241650653757, 1241651070129, 35.9, 359, 2, 185.5, 0, 1, 0, 561527, 1, 0
1254611, 1241650098812, 1241650866584, 0, 215, 2, 87, 0, 0, 0, 1148755, 2, 
1254826, 1241652608158, 1241652632551, 0, 0, 0, 0, 0, 0, 0, 0, 1, 
1255618, 1241654030281, , 0, 0, 0, 0, 0, 0, 0, 206148, 2, 0
126411, 1241648726895, 1241648876981, 0, 0, 0, 0, 0, 0, 0, 1261178, 1, 
1265, , , 45.150000000000006, 0, 0, 0, 0, 2, 29, 12, , 
1273588, 1241648983967, 1241649054183, 0, 198, 1, 107, 0, 0, 0, 0, 1, 
1274543, 1241650689565, 1241651141115, 0, 359, 2, 172.5, 0, 0, 0, 125347, 1, 
1275512, 1241652083553, 1241653196977, 0, 987, 4, 208.5, 0, 0, 0, 0, 1, 
1279627, 1241650094080, 1241650799790, 0, 485, 2, 110, 0, 0, 0, 0, 1, 
128013, 1241650409520, 1241650950559, 23.8, 238, 2, 97, 0, 4, 3, 254152, 4, 1
1281598, 1241650332521, 1241650870885, 0, 104, 1, 104, 0, 0, 0, 0, 1, 
1296205, 1241653230148, 1241653313902, 0, 0, 0, 0, 0, 0, 0, 0, 1, 
1297898, 1241648394951, 1241648876990, 0, 76, 1, 152, 0, 0, 0, 0, 1, 
1299519, 1241649894416, 1241649940768, 0, 0, 0, 0, 0, 0, 0, 0, 1, 
1299564, 1241649345402, 1241649953399, 0, 605, 2, 123, 0, 0, 0, 0, 1, 
1299864, 1241654014695, 1241654025399, 0, 0, 0, 0, 0, 0, 0, 0, 1, 
1299968, 1241649285523, 1241650550784, 0, 0, 0, 0, 0, 0, 0, 0, 1, 
1300832, 1241650121667, 1241650133309, 0, 0, 0, 0, 0, 0, 0, 0, 1, 
1301041, 1241650384475, 1241650386187, 0, 0, 0, 0, 0, 0, 0, 0, 1, 
130967, 1241650432722, 1241651568885, 0, 987, 5, 109.2, 0, 0, 0, 70997, 1, 
1362, , , 51.7, 0, 0, 0, 0, 4, 1, 77353, , 
137127, , , 44.5, 0, 0, 0, 0, 1, 9, 2843, , 
142290, 1241651659313, , 0, 1183, 6, 168.83333333333334, 0, 1, 0, 296658, 3, 0
143501, 1241653812816, 1241653856977, 0, 1814, 8, 114.75, 0, 3, 8, 326885, 8, 2
145497, , , 85.45, 0, 0, 0, 0, 1, 2, 1062853, , 
145609, 1241650219863, 1241652176978, 0, 0, 0, 0, 369307, 5, 4, 92300, 4, 0
147608, , , 17.95, 0, 0, 0, 0, 1, 1, 502119, , 
14825, , , 14.4, 0, 0, 0, 0, 5, 0, 171151, , 
154004, 1241653176752, , 35.6, 1733, 6, 433.6666666666667, 561706, 10, 6, 90041, 4, 0
155004, 1241649156502, 1241650014031, 51.10000000000001, 599, 4, 203, 0, 2, 0, 145497, 3, 
161001, 1241650970680, 1241653962932, 0, 505, 4, 126.25, 0, 1, 2, 377820, 4, 5
165133, 1241648107236, 1241648118495, 0, 0, 0, 0, 0, 0, 0, 206908, 2, 0
16514, 1241648434455, 1241649866816, 0, 0, 0, 0, 44929, 5, 8, 1062, 4, 0
166371, , , 52.2, 0, 0, 0, 0, 4, 9, 267622, , 
16807, 1241648224425, 1241649523211, 122.30000000000003, 258, 2, 85, 0, 2, 0, 592692, 4, 0
16825, 1241651195099, 1241651603590, 0, 0, 0, 0, 0, 14, 7, 4139, 6, 1
170046, 1241652971111, 1241653971356, 0, 738, 3, 248, 108279, 1, 0, 108279, 4, 2
171151, , , 392.1, 0, 0, 0, 0, 39, 6, 21067, , 
172329, , , 11.9, 0, 0, 0, 0, 3, 2, 371496, , 
172623, , , 36.9, 0, 0, 0, 0, 2, 2, 144144, , 
18026, , , 26.25, 0, 0, 0, 0, 2, 3, 67662, , 
181264, , , 62.6, 0, 0, 0, 0, 2, 2, 3812, , 
184167, , , 152.1, 0, 0, 0, 0, 5, 2, 113794, , 
187326, 1241649561187, 1241649564335, 0, 0, 0, 0, 0, 2, 0, 194202, 5, 1
187381, 1241652285764, , 0, 1513, 5, 442, 211710, 7, 4, 2843, 8, 1
1892, 1241650945727, 1241651366191, 0, 455, 1, 287, 33511, 20, 6, 995, 12, 2
192883, 1241650776955, 1241651711437, 415.6000000000001, 587, 2, 399.5, 0, 9, 3, 210210, 7, 5
193673, 1241650656621, 1241650664555, 0, 0, 0, 0, 0, 0, 0, 366650, 1, 
197740, , , 19.400000000000002, 0, 0, 0, 0, 2, 0, 208241, , 
198149, , , 35.5, 0, 0, 0, 0, 1, 7, 380604, , 
199427, , , 498.6000000000001, 0, 0, 0, 0, 1, 4, 208602, , 
20260, , , 219.35000000000002, 0, 0, 0, 0, 2, 5, 12, , 
205535, 1241648566034, 1241648618575, 0, 0, 0, 0, 0, 2, 2, 95479, 7, 2
206148, 1241648559350, 1241650184173, 0, 562, 3, 147.33333333333334, 0, 1, 0, 1122449, 3, 
208241, , , 9.700000000000001, 0, 0, 0, 0, 2, 2, 235686, , 
208379, 1241652195301, 1241652753851, 0, 179, 1, 159, 0, 0, 0, 0, 1, 
208531, 1241652173953, 1241652656975, 0, 281, 2, 150, 0, 0, 0, 0, 1, 
208602, , , 249.30000000000004, 0, 0, 0, 0, 7, 2, 351626, , 
210163, , , 210.25, 0, 0, 0, 0, 12, 19, 255725, , 
210210, , , 266.5000000000001, 0, 0, 0, 0, 4, 13, 381607, , 
21067, , , 192.45, 0, 0, 0, 0, 2, 39, 302907, , 
211527, 1241650784293, 1241651516985, 0, 194, 1, 194, 0, 0, 0, 197740, 1, 
22279, 1241653763477, , 0, 118, 1, 118, 0, 0, 0, 0, 1, 0
22707, , , 12.3, 0, 0, 0, 0, 1, 10, 8842, , 
246356, , , 15.700000000000001, 0, 0, 0, 0, 5, 3, 54776, , 
247802, 1241651989390, 1241652229383, 0, 0, 0, 0, 0, 0, 0, 191984, 1, 
254152, , , 35.7, 0, 0, 0, 0, 2, 4, 172329, , 
258951, , , 176.95000000000002, 0, 0, 0, 0, 23, 11, 1265, , 
267622, , , 17.400000000000002, 0, 0, 0, 0, 2, 4, 1632, , 
268302, 1241648123210, 1241648600326, 0, 150, 1, 141, 0, 0, 0, 57748, 1, 
269484, 1241653755409, , 34.800000000000004, 348, 1, 518, 1124156, 9, 0, 166371, 9, 1
276660, 1241650536023, 1241651289211, 0, 114, 1, 140, 0, 0, 0, 380650, 2, 2
277396, 1241652820421, , 0, 0, 0, 0, 0, 0, 0, 0, 1, 0
283305, 1241648169019, , 88, 2158, 6, 235.5, 544450, 2, 8, 497122, 8, 3
2843, , , 151.3, 0, 0, 0, 0, 8, 8, 3383, , 
296658, , , 118.3, 0, 0, 0, 0, 9, 1, 299646, , 
299646, , , 59.15, 0, 0, 0, 0, 4, 9, 69257, , 
304929, , , 89, 0, 0, 0, 0, 9, 1, 137127, , 
304966, 1241651190634, 1241651609015, 0, 517, 2, 152.5, 0, 1, 0, 1362, 3, 1
307471, , , 194.75000000000003, 0, 0, 0, 0, 1, 10, 12, , 
30940, 1241648880965, 1241651204629, 0, 0, 0, 0, 0, 0, 0, 8842, 4, 
321365, , , 11.100000000000001, 0, 0, 0, 0, 3, 1, 317371, , 
32169, 1241652325232, , 0, 1677, 5, 454.8, 219, 8, 0, 10260, 14, 5
326885, , , 181.40000000000003, 0, 0, 0, 0, 2, 3, 68619, , 
329542, 1241652971900, 1241652983490, 0, 0, 0, 0, 0, 0, 0, 0, 1, 0
33311, 1241653859848, , 0, 0, 0, 0, 0, 0, 0, 0, 1, 0
33511, 1241652099811, 1241652363354, 0, 157, 1, 124, 1892, 1, 0, 246356, 9, 4
336228, , , 389.50000000000006, 0, 0, 0, 0, 10, 13, 307471, , 
3383, , , 75.65, 0, 0, 0, 0, 6, 8, 12791, , 
344937, , , 47.3, 0, 0, 0, 0, 1, 12, 251062, , 
351430, 1241653313462, , 0, 3895, 9, 423.77777777777777, 336228, 13, 46, 336228, 13, 2
351598, , , 577.3, 0, 0, 0, 0, 1, 32, 359624, , 
35568, , , 31.1, 0, 0, 0, 0, 1, 29, 258951, , 
359624, , , 288.65, 0, 0, 0, 0, 4, 1, 201132, , 
375444, , , 5.7, 0, 0, 0, 0, 3, 10, 12770, , 
377820, , , 50.50000000000001, 0, 0, 0, 0, 1, 1, 53030, , 
379621, 1241648449704, 1241648558242, 0, 0, 0, 0, 0, 0, 0, 92154, 2, 0
380248, 1241652547147, 1241652550434, 0, 0, 0, 0, 0, 0, 0, 250107, 3, 0
380604, , , 17.75, 0, 0, 0, 0, 4, 3, 375444, , 
380650, , , 11.4, 0, 0, 0, 0, 3, 0, 375444, , 
3812, , , 31.3, 0, 0, 0, 0, 1, 2, 65584, , 
381607, , , 29.35, 0, 0, 0, 0, 1, 4, 153510, , 
383387, , , 38.2, 0, 0, 0, 0, 7, 57, 0, , 
39030, , , 46.75, 0, 0, 0, 0, 12, 1, 196462, , 
394001, , , 22.200000000000003, 0, 0, 0, 0, 1, 1, 321365, , 
396113, , , 324.1, 0, 0, 0, 0, 2, 9, 44987, , 
397835, , , 350.34999999999997, 0, 0, 0, 0, 5, 34, 47379, , 
415271, , , 50.800000000000004, 0, 0, 0, 0, 10, 1, 66689, , 
418347, 1241648243361, 1241648807584, 0, 144, 1, 152, 0, 0, 0, 14825, 1, 
4297, 1241648148600, 1241648733857, 0, 771, 2, 329, 0, 1, 0, 475692, 5, 1
432820, 1241652467782, 1241653136970, 0, 626, 3, 214.33333333333334, 0, 2, 1, 181264, 5, 2
43402, 1241649738653, 1241649744321, 0, 0, 0, 0, 29810, 12, 17, 123961, 11, 3
438751, , , 420.5, 0, 0, 0, 0, 19, 5, 210163, , 
447249, 1241649829152, 1241651915143, 0, 4986, 8, 577.875, 10642, 4, 4, 199427, 15, 2
44987, , , 162.05, 0, 0, 0, 0, 1, 2, 12770, , 
457756, 1241648526984, 1241649209631, 0, 508, 3, 147, 0, 1, 0, 415271, 4, 0
47379, 1241648107089, 1241648135974, 166.7, 0, 0, 0, 0, 4, 5, 54776, 6, 1
475692, , , 77.1, 0, 0, 0, 0, 6, 1, 477213, , 
477213, , , 38.55, 0, 0, 0, 0, 1, 6, 197452, , 
485223, 1241651167747, 1241653496989, 0, 890, 5, 149.8, 0, 1, 0, 304929, 3, 1
497122, , , 249.75, 0, 0, 0, 0, 14, 2, 82321, , 
502119, , , 24.6, 0, 0, 0, 0, 10, 6, 22707, , 
520592, , , 52.5, 0, 0, 0, 0, 3, 0, 18026, , 
521723, 1241653605569, 1241653614807, 0, 0, 0, 0, 0, 0, 0, 372191, 2, 0
52350, , , 44.85000000000001, 0, 0, 0, 0, 5, 2, 674637, , 
53030, , , 165.35, 0, 0, 0, 0, 10, 1, 122907, , 
544450, , , 15.8, 0, 0, 0, 0, 7, 1, 439277, , 
544643, , , 31.6, 0, 0, 0, 0, 1, 1, 544450, , 
54776, 1241652592058, , 52.650000000000006, 4387, 11, 492.09090909090907, 0, 77, 33, 89757, 15, 3
551588, 1241653661485, 1241653674754, 0, 0, 0, 0, 0, 0, 0, 295942, 1, 0
555728, 1241651501905, 1241652379364, 28.1, 0, 0, 0, 828191, 16, 10, 1101, 4, 0
561527, , , 53.85, 0, 0, 0, 0, 1, 1, 147608, , 
562060, 1241648395022, 1241648565356, 0, 144, 1, 136, 0, 5, 0, 592692, 4, 
57748, 1241652137008, , 15, 2946, 10, 235.5, 0, 6, 0, 1192337, 4, 0
5842, , , 94.6, 0, 0, 0, 0, 12, 5, 344937, , 
58859, 1241649542515, 1241650770006, 0, 3241, 7, 556.4285714285714, 43017, 9, 8, 396113, 14, 2
592692, 1241653579421, , 101.35, 679, 1, 1250, 836050, 8, 8, 283305, 8, 7
597005, 1241650366165, 1241650433513, 0, 0, 0, 0, 0, 2, 1, 603011, 4, 0
630577, 1241648692213, 1241648717522, 0, 0, 0, 0, 0, 0, 0, 0, 1, 
636873, 1241650612489, 1241650878667, 0, 0, 0, 0, 0, 0, 0, 1892, 2, 
63861, 1241651799070, , 0, 946, 6, 138, 0, 0, 0, 5842, 2, 0
66513, 1241653533345, , 0, 525, 3, 263.6666666666667, 0, 0, 0, 520592, 3, 0
66689, , , 25.400000000000002, 0, 0, 0, 0, 4, 10, 124585, , 
674637, , , 11.450000000000001, 0, 0, 0, 0, 11, 6, 1192337, , 
675483, 1241651083640, 1241652655094, 0, 3849, 9, 432.77777777777777, 988642, 0, 0, 171151, 4, 
67553, 1241650430077, 1241650531800, 0, 0, 0, 0, 0, 0, 0, 0, 1, 
68619, , , 90.70000000000002, 0, 0, 0, 0, 2, 9, 12770, , 
703094, 1241652758155, , 0, 1401, 9, 162.22222222222223, 0, 0, 0, 53030, 3, 0
70557, 1241649936520, 1241652601963, 0, 246, 1, 120, 0, 5, 24, 502119, 5, 2
70997, 1241649034331, 1241651812974, 33.900000000000006, 3334, 10, 563.6, 1010692, 34, 32, 397835, 12, 3
713, 1241648182954, 1241650145867, 990.85, 764, 2, 458.5, 1265, 11, 75, 12, 18, 6
77353, , , 25.85, 0, 0, 0, 0, 1, 4, 190687, , 
78233, 1241648433073, 1241649470454, 0, 448, 4, 104.75, 0, 0, 0, 54776, 2, 
79942, 1241649298140, 1241650976980, 0, 355, 2, 135, 633051, 7, 5, 198149, 6, 2
802319, , , 47.699999999999996, 0, 0, 0, 0, 2, 6, 773108, , 
81899, , , 95.39999999999999, 0, 0, 0, 0, 6, 12, 802319, , 
82321, , , 107.89999999999999, 0, 0, 0, 0, 6, 14, 57717, , 
82377, 1241651774031, , 0, 1521, 6, 273.3333333333333, 0, 1, 1, 184167, 3, 0
826235, 1241654083118, , 0, 0, 0, 0, 0, 0, 0, 1138895, 1, 0
834357, 1241651470172, 1241651530070, 0, 0, 0, 0, 0, 0, 0, 0, 1, 
834972, 1241648836373, 1241648841217, 0, 0, 0, 0, 0, 0, 0, 0, 1, 
835426, , , 178.1, 0, 0, 0, 0, 2, 0, 1092321, , 
881995, 1241651894553, 1241653796971, 0, 622, 4, 124, 0, 0, 0, 1092321, 1, 
89757, , , 461.1, 0, 0, 0, 0, 3, 77, 20260, , 
90041, 1241653702879, 1241653736969, 191.10000000000005, 903, 4, 241.5, 175933, 9, 10, 258951, 12, 14
925735, 1241649166721, 1241649172243, 0, 0, 0, 0, 0, 0, 0, 0, 1, 
93532, 1241650426706, 1241650924223, 0, 238, 2, 141, 0, 0, 0, 128013, 1, 
96211, 1241650548668, 1241650557967, 0, 0, 0, 0, 0, 0, 0, 0, 1, 
96422, 1241653766757, , 0, 348, 1, 178, 0, 0, 0, 269484, 1, 0
988642, 1241650498184, 1241652614056, 0, 4205, 10, 415.6, 675483, 5, 0, 438751, 6, 2
995, , , 45.5, 0, 0, 0, 0, 12, 20, 12, , 
<<<<EndTable

PlayersOnlineNow=27
PlayersOnlineEachMinute=0, 5, 11, 13, 13, 15, 18, 17, 19, 18, 18, 18, 17, 17, 17, 17, 17, 20, 23, 22, 22, 23, 24, 24, 25, 25, 25, 24, 23, 24, 23, 21, 21, 20, 21, 18, 19, 19, 24, 26, 27, 25, 26, 28, 30, 30, 29, 24, 25, 27, 29, 28, 29, 29, 29, 29, 29, 29, 28, 24, 25, 24, 25, 24, 23, 22, 22, 23, 25, 26, 27, 27, 27, 27, 27, 27, 23, 23, 25, 27, 27, 27, 28, 28, 27, 25, 26, 26, 26, 24, 22, 21, 23, 23, 23, 25, 27, 27, 26, 26
PlayersInEachFeedingGame=2, 1, 2, 2, 2, 2, 1, 2, 2, 1, 2, 3, 2, 2, 2, 2, 2, 2, 1, 2, 2, 2, 1, 1, 1, 2, 2, 2, 2, 2, 2, 2, 2, 2, 2, 1, 2, 2, 2, 2, 2, 2, 1, 2, 2, 2, 2, 2, 1, 1, 2, 2, 2, 1, 3, 1, 1, 2, 1, 2, 1, 1, 1, 1, 2, 2, 2, 2, 1, 2, 2, 1, 2, 2, 2, 2, 1, 2, 3, 1, 2, 1, 2, 1, 1, 1, 1, 2, 1, 2, 1, 2, 1, 1, 1, 1, 2, 1, 1, 1, 1, 2, 1, 2, 2, 2, 2, 1, 1, 2, 2, 2, 1, 1, 2, 2, 2, 2, 1, 1, 2, 2, 2, 2, 2, 2, 1, 2, 2, 2, 2, 2, 1, 1, 2, 2, 2, 1, 2, 1, 1, 1, 1, 1, 1, 1, 2
PlayersStarted=174
PlayersQuit=147
StatsStartTime=1241648105064
StatsDumpTime=1241654107029
<<<<EndStats
2009-05-06 16:55:09,320 ERROR: vampire.server.feeding.FeedingRecord sendPlayerStartGameMsg [playerId=1125502, prey=false, _predatorIndex=]
2009-05-06 16:55:10,560 ERROR: vampire.server.feeding.FeedingRecord sendPlayerStartGameMsg [playerId=142290, prey=true, _predatorIndex=]
2009-05-06 16:55:10,563 ERROR: vampire.server.feeding.FeedingRecord sendPlayerStartGameMsg [playerId=1255618, prey=false, _predatorIndex=]
2009-05-06 16:55:32,519 ERROR: vampire.server.feeding.FeedingRecord sendPlayerStartGameMsg [playerId=54776, prey=true, _predatorIndex=]
2009-05-06 16:55:32,521 ERROR: vampire.server.feeding.FeedingRecord sendPlayerStartGameMsg [playerId=1062, prey=false, _predatorIndex=]
2009-05-06 16:55:45,948 ERROR: vampire.server.feeding.FeedingRecord sendPlayerStartGameMsg [playerId=1228337, prey=false, _predatorIndex=1255618]
2009-05-06 16:56:20,418 ERROR: vampire.server.feeding.FeedingRecord sendPlayerStartGameMsg [playerId=22279, prey=false, _predatorIndex=]
2009-05-06 16:56:24,617 ERROR: vampire.server.feeding.FeedingRecord sendPlayerStartGameMsg [playerId=1228337, prey=false, _predatorIndex=1255618,1228337]
2009-05-06 16:56:30,852 ERROR: vampire.server.feeding.FeedingRecord sendPlayerStartGameMsg [playerId=1228337, prey=false, _predatorIndex=]
2009-05-06 16:56:40,836 ERROR: vampire.server.feeding.FeedingRecord sendPlayerStartGameMsg [playerId=118011, prey=true, _predatorIndex=]
2009-05-06 16:56:40,837 ERROR: vampire.server.feeding.FeedingRecord sendPlayerStartGameMsg [playerId=66513, prey=false, _predatorIndex=]
2009-05-06 16:57:45,153 ERROR: vampire.server.feeding.FeedingRecord sendPlayerStartGameMsg [playerId=1255618, prey=false, _predatorIndex=1062]
2009-05-06 16:58:08,004 ERROR: vampire.server.feeding.FeedingRecord sendPlayerStartGameMsg [playerId=33311, prey=false, _predatorIndex=]
2009-05-06 16:58:32,242 ERROR: vampire.server.feeding.FeedingRecord sendPlayerStartGameMsg [playerId=592692, prey=false, _predatorIndex=]
2009-05-06 16:58:49,413 ERROR: vampire.server.feeding.FeedingRecord sendPlayerStartGameMsg [playerId=351430, prey=true, _predatorIndex=]
2009-05-06 16:58:49,423 ERROR: vampire.server.feeding.FeedingRecord sendPlayerStartGameMsg [playerId=57748, prey=false, _predatorIndex=]
2009-05-06 16:58:55,867 ERROR: vampire.server.feeding.FeedingRecord sendPlayerStartGameMsg [playerId=22279, prey=false, _predatorIndex=]
2009-05-06 16:59:12,591 ERROR: vampire.server.feeding.FeedingRecord sendPlayerStartGameMsg [playerId=82377, prey=true, _predatorIndex=]
2009-05-06 16:59:12,593 ERROR: vampire.server.feeding.FeedingRecord sendPlayerStartGameMsg [playerId=1255618, prey=false, _predatorIndex=]
2009-05-06 16:59:13,621 ERROR: vampire.server.feeding.FeedingRecord sendPlayerStartGameMsg [playerId=142290, prey=true, _predatorIndex=]
2009-05-06 16:59:13,623 ERROR: vampire.server.feeding.FeedingRecord sendPlayerStartGameMsg [playerId=1228337, prey=false, _predatorIndex=]
2009-05-06 16:59:59,973 ERROR: vampire.server.feeding.FeedingRecord sendPlayerStartGameMsg [playerId=1279627, prey=false, _predatorIndex=]
2009-05-06 17:00:17,380 ERROR: vampire.server.feeding.FeedingRecord sendPlayerStartGameMsg [playerId=283305, prey=true, _predatorIndex=]
2009-05-06 17:00:17,382 ERROR: vampire.server.feeding.FeedingRecord sendPlayerStartGameMsg [playerId=284188, prey=false, _predatorIndex=]
2009-05-06 17:00:22,534 ERROR: vampire.server.feeding.FeedingRecord sendPlayerStartGameMsg [playerId=66513, prey=true, _predatorIndex=]
2009-05-06 17:00:22,535 ERROR: vampire.server.feeding.FeedingRecord sendPlayerStartGameMsg [playerId=10642, prey=false, _predatorIndex=]
2009-05-06 17:00:34,438 ERROR: vampire.server.feeding.FeedingRecord sendPlayerStartGameMsg [playerId=351430, prey=true, _predatorIndex=]
2009-05-06 17:00:34,440 ERROR: vampire.server.feeding.FeedingRecord sendPlayerStartGameMsg [playerId=57748, prey=false, _predatorIndex=]
2009-05-06 17:02:13,210 ERROR: vampire.server.feeding.FeedingRecord sendPlayerStartGameMsg [playerId=592692, prey=true, _predatorIndex=]
2009-05-06 17:02:13,214 ERROR: vampire.server.feeding.FeedingRecord sendPlayerStartGameMsg [playerId=102595, prey=false, _predatorIndex=]
2009-05-06 17:03:05,732 ERROR: vampire.server.feeding.FeedingRecord sendPlayerStartGameMsg [playerId=311622, prey=true, _predatorIndex=]
2009-05-06 17:03:05,734 ERROR: vampire.server.feeding.FeedingRecord sendPlayerStartGameMsg [playerId=1089041, prey=false, _predatorIndex=]
2009-05-06 17:03:22,468 ERROR: vampire.server.feeding.FeedingRecord sendPlayerStartGameMsg [playerId=1279627, prey=true, _predatorIndex=]
2009-05-06 17:03:22,470 ERROR: vampire.server.feeding.FeedingRecord sendPlayerStartGameMsg [playerId=1228337, prey=false, _predatorIndex=]
2009-05-06 17:03:46,019 ERROR: vampire.server.feeding.FeedingRecord sendPlayerStartGameMsg [playerId=1279627, prey=false, _predatorIndex=]

>>>>BeginStats

>>>>BeginTable
PlayerId, StartTime, EndTime, ProgenyPayout, XPFromFeeding, FeedingGames, MeanFeedingScore, BloodBond, Progeny, GrandProgeny, Sire, Level, Invites
1012813, , , 147.3, 0, 0, 0, 0, 6, 22, 54776, , 
102595, 1241654312094, , 0, 0, 0, 0, 0, 0, 0, 0, 1, 0
10260, 1241648191529, , 167.7, 5171, 18, 268.2222222222222, 8527, 9, 9, 713, 15, 2
103033, 1241651083948, 1241653482702, 0, 954, 6, 133.5, 767143, 12, 13, 81899, 6, 1
1062, 1241652159577, 1241654696972, 0, 6598, 16, 361.9375, 17790, 11, 7, 713, 16, 2
1062853, , , 29.950000000000003, 0, 0, 0, 0, 9, 1, 1124214, , 
10642, 1241654332823, , 0, 6556, 10, 724.6, 447249, 32, 46, 351598, 15, 2
107444, 1241654076637, 1241654111156, 0, 0, 0, 0, 0, 0, 0, 10642, 1, 0
108279, , , 73.8, 0, 0, 0, 0, 2, 1, 172623, , 
1085912, 1241648170425, 1241650144122, 0, 1223, 7, 187, 0, 0, 0, 16807, 3, 
1086242, , , 93.5, 0, 0, 0, 0, 1, 0, 39030, , 
1086396, 1241652972360, 1241653436171, 0, 0, 0, 0, 0, 0, 0, 1010692, 2, 
1089041, 1241654561255, , 0, 0, 0, 0, 0, 0, 0, 10260, 2, 0
1090147, 1241654501018, 1241654534938, 0, 0, 0, 0, 0, 0, 0, 0, 1, 
1090611, 1241653816043, , 0, 0, 0, 0, 1032874, 2, 0, 1032648, 4, 0
1092321, , , 162, 0, 0, 0, 0, 29, 23, 35568, , 
1109831, 1241651571982, 1241651604096, 0, 0, 0, 0, 0, 0, 0, 0, 1, 
1114188, 1241652775773, 1241654096994, 0, 935, 6, 87.16666666666667, 110446, 0, 0, 1086242, 3, 
1114884, 1241649489433, 1241649714156, 0, 0, 0, 0, 0, 1, 0, 998652, 2, 
1117110, 1241653687922, 1241653698873, 0, 0, 0, 0, 0, 0, 0, 0, 1, 
1122449, , , 78.85000000000001, 0, 0, 0, 0, 10, 2, 555728, , 
1125502, 1241653585727, 1241654249778, 0, 157, 1, 157, 0, 0, 0, 193495, 1, 
1126061, 1241650932578, 1241651200958, 43.900000000000006, 229, 1, 229, 0, 2, 1, 52350, 3, 2
113162, 1241650013601, 1241651873528, 0, 621, 3, 92, 0, 0, 0, 154004, 1, 
113794, , , 92.45, 0, 0, 0, 0, 3, 5, 94657, , 
1145581, 1241652548536, 1241652889464, 0, 439, 2, 167, 0, 0, 0, 1126061, 2, 
1148755, , , 21.5, 0, 0, 0, 0, 21, 0, 1092321, , 
114959, 1241653955254, 1241654005895, 0, 0, 0, 0, 0, 0, 0, 0, 1, 
1154088, 1241650502302, 1241650506786, 0, 0, 0, 0, 0, 0, 0, 0, 1, 
1162172, 1241651303252, 1241651586178, 0, 1781, 9, 200.66666666666666, 1181188, 0, 0, 835426, 3, 
1170170, 1241653243427, 1241653250194, 0, 0, 0, 0, 0, 0, 0, 0, 1, 
118011, 1241651377358, , 0, 2358, 11, 166.9090909090909, 0, 0, 0, 0, 4, 0
1181188, 1241649108382, 1241653536699, 0, 6057, 27, 218.1851851851852, 1162172, 0, 0, 192883, 3, 
1192337, , , 302.1, 0, 0, 0, 0, 17, 21, 1012813, , 
1199648, 1241651040200, 1241653016985, 0, 222, 2, 121.5, 0, 1, 0, 394001, 3, 1
12, , , 687.5999999999998, 0, 0, 0, 0, 20, 35, 383387, , 
1214060, 1241652758863, 1241653556992, 0, 307, 3, 96.66666666666667, 0, 0, 0, 0, 1, 
1219016, 1241651601093, 1241651613281, 0, 0, 0, 0, 0, 0, 0, 0, 1, 
1222623, 1241654692244, , 0, 0, 0, 0, 0, 0, 0, 103033, 2, 0
1228337, 1241654109592, , 0, 259, 2, 128.5, 0, 0, 0, 142290, 1, 0
122907, , , 70.05, 0, 0, 0, 0, 6, 10, 251062, , 
1246027, 1241649182545, 1241649731335, 0, 511, 3, 128, 0, 0, 0, 155004, 1, 
1251045, 1241650652011, 1241650828276, 0, 0, 0, 0, 0, 0, 0, 54776, 1, 
125207, 1241652889655, 1241654139361, 0, 316, 2, 181, 273503, 1, 0, 544643, 4, 0
125347, 1241650653757, 1241651070129, 35.9, 359, 2, 185.5, 0, 1, 0, 561527, 1, 0
1254611, 1241650098812, 1241650866584, 0, 215, 2, 87, 0, 0, 0, 1148755, 2, 
1254826, 1241652608158, 1241652632551, 0, 0, 0, 0, 0, 0, 0, 0, 1, 
1255618, 1241654030281, , 0, 453, 3, 115.66666666666667, 0, 0, 0, 206148, 3, 0
126411, 1241648726895, 1241648876981, 0, 0, 0, 0, 0, 0, 0, 1261178, 1, 
1265, , , 45.150000000000006, 0, 0, 0, 0, 2, 29, 12, , 
1273588, 1241648983967, 1241649054183, 0, 198, 1, 107, 0, 0, 0, 0, 1, 
1274543, 1241650689565, 1241651141115, 0, 359, 2, 172.5, 0, 0, 0, 125347, 1, 
1275512, 1241652083553, 1241653196977, 0, 987, 4, 208.5, 0, 0, 0, 0, 1, 
1279627, 1241654361624, , 0, 485, 2, 110, 0, 0, 0, 0, 1, 0
128013, 1241654538517, , 23.8, 238, 2, 97, 0, 4, 3, 254152, 4, 1
1281598, 1241650332521, 1241650870885, 0, 104, 1, 104, 0, 0, 0, 0, 1, 
1294083, 1241654600380, 1241654686759, 0, 0, 0, 0, 0, 0, 0, 0, 1, 
1296205, 1241653230148, 1241653313902, 0, 0, 0, 0, 0, 0, 0, 0, 1, 
1297898, 1241648394951, 1241648876990, 0, 76, 1, 152, 0, 0, 0, 0, 1, 
1299519, 1241649894416, 1241649940768, 0, 0, 0, 0, 0, 0, 0, 0, 1, 
1299564, 1241649345402, 1241649953399, 0, 605, 2, 123, 0, 0, 0, 0, 1, 
1299864, 1241654014695, 1241654025399, 0, 0, 0, 0, 0, 0, 0, 0, 1, 
1299968, 1241649285523, 1241650550784, 0, 0, 0, 0, 0, 0, 0, 0, 1, 
1300832, 1241650121667, 1241650133309, 0, 0, 0, 0, 0, 0, 0, 0, 1, 
1301041, 1241650384475, 1241650386187, 0, 0, 0, 0, 0, 0, 0, 0, 1, 
1301360, 1241654515317, 1241654561501, 0, 0, 0, 0, 0, 0, 0, 0, 1, 
130967, 1241650432722, 1241651568885, 0, 987, 5, 109.2, 0, 0, 0, 70997, 1, 
1362, , , 51.7, 0, 0, 0, 0, 4, 1, 77353, , 
137127, , , 44.5, 0, 0, 0, 0, 1, 9, 2843, , 
142290, 1241651659313, , 11.200000000000001, 1420, 8, 158.375, 0, 2, 0, 296658, 3, 0
143501, 1241653812816, 1241653856977, 0, 1814, 8, 114.75, 0, 3, 8, 326885, 8, 2
145497, , , 85.45, 0, 0, 0, 0, 1, 2, 1062853, , 
145609, 1241650219863, 1241652176978, 0, 0, 0, 0, 369307, 5, 4, 92300, 4, 0
147608, , , 17.95, 0, 0, 0, 0, 1, 1, 502119, , 
14825, , , 14.4, 0, 0, 0, 0, 5, 0, 171151, , 
154004, 1241654625622, , 35.6, 1733, 6, 433.6666666666667, 561706, 10, 6, 90041, 4, 0
155004, 1241649156502, 1241650014031, 51.10000000000001, 599, 4, 203, 0, 2, 0, 145497, 3, 
161001, 1241650970680, 1241653962932, 0, 505, 4, 126.25, 0, 1, 2, 377820, 4, 5
165133, 1241648107236, 1241648118495, 0, 0, 0, 0, 0, 0, 0, 206908, 2, 0
16514, 1241648434455, 1241649866816, 0, 0, 0, 0, 44929, 5, 8, 1062, 4, 0
166371, , , 91.95, 0, 0, 0, 0, 4, 9, 267622, , 
16807, 1241648224425, 1241649523211, 122.30000000000003, 258, 2, 85, 0, 2, 0, 592692, 4, 0
16825, 1241651195099, 1241651603590, 0, 0, 0, 0, 0, 14, 7, 4139, 6, 1
170046, 1241652971111, 1241653971356, 0, 738, 3, 248, 108279, 1, 0, 108279, 4, 2
171151, , , 399.95000000000005, 0, 0, 0, 0, 39, 6, 21067, , 
172329, , , 11.9, 0, 0, 0, 0, 3, 2, 371496, , 
172623, , , 36.9, 0, 0, 0, 0, 2, 2, 144144, , 
175892, 1241654307514, 1241654321748, 0, 0, 0, 0, 0, 0, 0, 190545, 3, 0
18026, , , 81.25, 0, 0, 0, 0, 2, 3, 67662, , 
181264, , , 62.6, 0, 0, 0, 0, 2, 2, 3812, , 
184167, , , 184.9, 0, 0, 0, 0, 5, 2, 113794, , 
187326, 1241649561187, 1241649564335, 0, 0, 0, 0, 0, 2, 0, 194202, 5, 1
187381, 1241652285764, 1241654514953, 0, 1513, 5, 442, 211710, 7, 4, 2843, 8, 1
1892, 1241650945727, 1241651366191, 0, 455, 1, 287, 33511, 20, 6, 995, 12, 2
192883, 1241650776955, 1241651711437, 415.6000000000001, 587, 2, 399.5, 0, 9, 3, 210210, 7, 5
193495, , , 15.700000000000001, 0, 0, 0, 0, 1, 0, 171151, , 
193673, 1241650656621, 1241650664555, 0, 0, 0, 0, 0, 0, 0, 366650, 1, 
197740, , , 19.400000000000002, 0, 0, 0, 0, 2, 0, 208241, , 
198149, , , 35.5, 0, 0, 0, 0, 1, 7, 380604, , 
199427, , , 498.6000000000001, 0, 0, 0, 0, 1, 4, 208602, , 
20260, , , 354.3, 0, 0, 0, 0, 2, 5, 12, , 
205535, 1241648566034, 1241648618575, 0, 0, 0, 0, 0, 2, 2, 95479, 7, 2
206148, 1241648559350, 1241650184173, 45.3, 562, 3, 147.33333333333334, 0, 1, 0, 1122449, 3, 
208241, , , 9.700000000000001, 0, 0, 0, 0, 2, 2, 235686, , 
208379, 1241652195301, 1241652753851, 0, 179, 1, 159, 0, 0, 0, 0, 1, 
208531, 1241652173953, 1241652656975, 0, 281, 2, 150, 0, 0, 0, 0, 1, 
208602, , , 249.30000000000004, 0, 0, 0, 0, 7, 2, 351626, , 
210163, , , 210.25, 0, 0, 0, 0, 12, 19, 255725, , 
210210, , , 266.5000000000001, 0, 0, 0, 0, 4, 13, 381607, , 
21067, , , 192.45, 0, 0, 0, 0, 2, 39, 302907, , 
211527, 1241650784293, 1241651516985, 0, 194, 1, 194, 0, 0, 0, 197740, 1, 
22279, 1241653763477, 1241654656971, 0, 438, 3, 146, 0, 0, 0, 0, 1, 
22707, , , 12.3, 0, 0, 0, 0, 1, 10, 8842, , 
246356, , , 15.700000000000001, 0, 0, 0, 0, 5, 3, 54776, , 
247802, 1241651989390, 1241652229383, 0, 0, 0, 0, 0, 0, 0, 191984, 1, 
254152, , , 35.7, 0, 0, 0, 0, 2, 4, 172329, , 
258951, , , 176.95000000000002, 0, 0, 0, 0, 23, 11, 1265, , 
267622, , , 30.650000000000002, 0, 0, 0, 0, 2, 4, 1632, , 
268302, 1241648123210, 1241648600326, 0, 150, 1, 141, 0, 0, 0, 57748, 1, 
269484, 1241653755409, , 61.300000000000004, 613, 2, 449.5, 1124156, 9, 0, 166371, 9, 1
276660, 1241650536023, 1241651289211, 0, 114, 1, 140, 0, 0, 0, 380650, 2, 2
277396, 1241652820421, , 0, 0, 0, 0, 0, 0, 0, 0, 1, 0
283305, 1241648169019, , 195.20000000000002, 2300, 7, 233.71428571428572, 544450, 3, 8, 497122, 8, 3
284188, 1241654397285, , 0, 142, 1, 60, 0, 0, 0, 283305, 1, 0
2843, , , 151.3, 0, 0, 0, 0, 8, 8, 3383, , 
296658, , , 147.6, 0, 0, 0, 0, 9, 2, 299646, , 
299646, , , 71, 0, 0, 0, 0, 4, 9, 69257, , 
304929, , , 89, 0, 0, 0, 0, 9, 1, 137127, , 
304966, 1241651190634, 1241651609015, 0, 517, 2, 152.5, 0, 1, 0, 1362, 3, 1
307471, , , 194.75000000000003, 0, 0, 0, 0, 1, 10, 12, , 
30940, 1241648880965, 1241651204629, 0, 0, 0, 0, 0, 0, 0, 8842, 4, 
311622, 1241654340162, , 0, 0, 0, 0, 0, 0, 0, 0, 1, 0
321365, , , 11.100000000000001, 0, 0, 0, 0, 3, 1, 317371, , 
32169, 1241652325232, , 0, 1677, 5, 454.8, 219, 8, 0, 10260, 14, 5
326885, , , 181.40000000000003, 0, 0, 0, 0, 2, 3, 68619, , 
32750, 1241654639733, , 0, 0, 0, 0, 0, 0, 0, 32169, 1, 0
329542, 1241652971900, 1241652983490, 0, 0, 0, 0, 0, 0, 0, 0, 1, 0
33311, 1241653859848, 1241654588649, 0, 386, 3, 128.66666666666666, 0, 0, 0, 0, 1, 
33511, 1241652099811, 1241652363354, 0, 157, 1, 124, 1892, 1, 0, 246356, 9, 4
336228, , , 389.50000000000006, 0, 0, 0, 0, 10, 13, 307471, , 
3383, , , 75.65, 0, 0, 0, 0, 6, 8, 12791, , 
344937, , , 47.3, 0, 0, 0, 0, 1, 12, 251062, , 
351430, 1241654616309, , 0, 3895, 9, 423.77777777777777, 336228, 13, 46, 336228, 13, 2
351598, , , 655.5999999999999, 0, 0, 0, 0, 1, 32, 359624, , 
35568, , , 31.1, 0, 0, 0, 0, 1, 29, 258951, , 
359624, , , 327.79999999999995, 0, 0, 0, 0, 4, 1, 201132, , 
375444, , , 5.7, 0, 0, 0, 0, 3, 10, 12770, , 
377820, , , 50.50000000000001, 0, 0, 0, 0, 1, 1, 53030, , 
379621, 1241648449704, 1241648558242, 0, 0, 0, 0, 0, 0, 0, 92154, 2, 0
380248, 1241652547147, 1241652550434, 0, 0, 0, 0, 0, 0, 0, 250107, 3, 0
380604, , , 17.75, 0, 0, 0, 0, 4, 3, 375444, , 
380650, , , 11.4, 0, 0, 0, 0, 3, 0, 375444, , 
3812, , , 31.3, 0, 0, 0, 0, 1, 2, 65584, , 
381607, , , 29.35, 0, 0, 0, 0, 1, 4, 153510, , 
383387, , , 38.2, 0, 0, 0, 0, 7, 57, 0, , 
39030, , , 46.75, 0, 0, 0, 0, 12, 1, 196462, , 
394001, , , 22.200000000000003, 0, 0, 0, 0, 1, 1, 321365, , 
396113, , , 324.1, 0, 0, 0, 0, 2, 9, 44987, , 
397835, , , 350.34999999999997, 0, 0, 0, 0, 5, 34, 47379, , 
402647, 1241654554254, 1241654563094, 0, 0, 0, 0, 408501, 12, 3, 408501, 13, 6
415271, , , 50.800000000000004, 0, 0, 0, 0, 10, 1, 66689, , 
418347, 1241648243361, 1241648807584, 0, 144, 1, 152, 0, 0, 0, 14825, 1, 
4297, 1241648148600, 1241648733857, 0, 771, 2, 329, 0, 1, 0, 475692, 5, 1
432820, 1241652467782, 1241653136970, 0, 626, 3, 214.33333333333334, 0, 2, 1, 181264, 5, 2
43402, 1241649738653, 1241649744321, 0, 0, 0, 0, 29810, 12, 17, 123961, 11, 3
438751, , , 420.5, 0, 0, 0, 0, 19, 5, 210163, , 
447249, 1241649829152, 1241651915143, 0, 4986, 8, 577.875, 10642, 4, 4, 199427, 15, 2
44987, , , 162.05, 0, 0, 0, 0, 1, 2, 12770, , 
457756, 1241648526984, 1241649209631, 0, 508, 3, 147, 0, 1, 0, 415271, 4, 0
47379, 1241648107089, 1241648135974, 166.7, 0, 0, 0, 0, 4, 5, 54776, 6, 1
475692, , , 77.1, 0, 0, 0, 0, 6, 1, 477213, , 
477213, , , 38.55, 0, 0, 0, 0, 1, 6, 197452, , 
485223, 1241651167747, 1241653496989, 0, 890, 5, 149.8, 0, 1, 0, 304929, 3, 1
497122, , , 317.55, 0, 0, 0, 0, 14, 3, 82321, , 
502119, , , 24.6, 0, 0, 0, 0, 10, 6, 22707, , 
520592, , , 162.5, 0, 0, 0, 0, 3, 0, 18026, , 
521723, 1241653605569, 1241653614807, 0, 0, 0, 0, 0, 0, 0, 372191, 2, 0
52350, , , 44.85000000000001, 0, 0, 0, 0, 5, 2, 674637, , 
53030, , , 165.35, 0, 0, 0, 0, 10, 1, 122907, , 
544450, , , 15.8, 0, 0, 0, 0, 7, 1, 439277, , 
544643, , , 31.6, 0, 0, 0, 0, 1, 1, 544450, , 
54776, 1241652592058, , 52.650000000000006, 7086, 16, 531.25, 0, 77, 33, 89757, 15, 3
551588, 1241653661485, 1241653674754, 0, 0, 0, 0, 0, 0, 0, 295942, 1, 0
555728, 1241651501905, 1241652379364, 28.1, 0, 0, 0, 828191, 16, 10, 1101, 4, 0
561527, , , 53.85, 0, 0, 0, 0, 1, 1, 147608, , 
562060, 1241648395022, 1241648565356, 0, 144, 1, 136, 0, 5, 0, 592692, 4, 
57748, 1241654600205, , 15, 2946, 10, 235.5, 0, 6, 0, 1192337, 4, 0
5842, , , 94.6, 0, 0, 0, 0, 12, 5, 344937, , 
58859, 1241649542515, 1241650770006, 0, 3241, 7, 556.4285714285714, 43017, 9, 8, 396113, 14, 2
592692, 1241653579421, , 101.35, 1609, 3, 778, 836050, 8, 8, 283305, 8, 7
597005, 1241650366165, 1241650433513, 0, 0, 0, 0, 0, 2, 1, 603011, 4, 0
630577, 1241648692213, 1241648717522, 0, 0, 0, 0, 0, 0, 0, 0, 1, 
636873, 1241650612489, 1241650878667, 0, 0, 0, 0, 0, 0, 0, 1892, 2, 
63861, 1241651799070, 1241654125040, 0, 946, 6, 138, 0, 0, 0, 5842, 2, 0
66513, 1241653533345, , 0, 1625, 6, 309.1666666666667, 0, 0, 0, 520592, 4, 0
66689, , , 25.400000000000002, 0, 0, 0, 0, 4, 10, 124585, , 
674637, , , 11.450000000000001, 0, 0, 0, 0, 11, 6, 1192337, , 
675483, 1241651083640, 1241652655094, 0, 3849, 9, 432.77777777777777, 988642, 0, 0, 171151, 4, 
67553, 1241650430077, 1241650531800, 0, 0, 0, 0, 0, 0, 0, 0, 1, 
68523, 1241654488986, , 0, 0, 0, 0, 0, 0, 0, 0, 1, 0
68619, , , 90.70000000000002, 0, 0, 0, 0, 2, 9, 12770, , 
703094, 1241652758155, 1241654636957, 0, 1401, 9, 162.22222222222223, 0, 0, 0, 53030, 3, 
70557, 1241649936520, 1241652601963, 0, 246, 1, 120, 0, 5, 24, 502119, 5, 2
70997, 1241649034331, 1241651812974, 33.900000000000006, 3334, 10, 563.6, 1010692, 34, 32, 397835, 12, 3
713, 1241648182954, 1241650145867, 1260.7499999999998, 764, 2, 458.5, 1265, 11, 75, 12, 18, 6
772113, 1241654575230, , 0, 0, 0, 0, 0, 0, 0, 510740, 4, 0
77353, , , 25.85, 0, 0, 0, 0, 1, 4, 190687, , 
78233, 1241648433073, 1241649470454, 0, 448, 4, 104.75, 0, 0, 0, 54776, 2, 
79942, 1241649298140, 1241650976980, 0, 355, 2, 135, 633051, 7, 5, 198149, 6, 2
802319, , , 47.699999999999996, 0, 0, 0, 0, 2, 6, 773108, , 
81899, , , 95.39999999999999, 0, 0, 0, 0, 6, 12, 802319, , 
82321, , , 114.99999999999999, 0, 0, 0, 0, 6, 14, 57717, , 
82377, 1241651774031, , 0, 1849, 8, 256.875, 0, 1, 1, 184167, 3, 0
826235, 1241654083118, 1241654168493, 0, 0, 0, 0, 0, 0, 0, 1138895, 1, 
834357, 1241651470172, 1241651530070, 0, 0, 0, 0, 0, 0, 0, 0, 1, 
834972, 1241648836373, 1241648841217, 0, 0, 0, 0, 0, 0, 0, 0, 1, 
835426, , , 178.1, 0, 0, 0, 0, 2, 0, 1092321, , 
881995, 1241651894553, 1241653796971, 0, 622, 4, 124, 0, 0, 0, 1092321, 1, 
89757, , , 731.0000000000001, 0, 0, 0, 0, 3, 77, 20260, , 
90041, 1241653702879, 1241653736969, 191.10000000000005, 903, 4, 241.5, 175933, 9, 10, 258951, 12, 14
925735, 1241649166721, 1241649172243, 0, 0, 0, 0, 0, 0, 0, 0, 1, 
93532, 1241650426706, 1241650924223, 0, 238, 2, 141, 0, 0, 0, 128013, 1, 
96211, 1241650548668, 1241650557967, 0, 0, 0, 0, 0, 0, 0, 0, 1, 
96422, 1241653766757, 1241654260037, 0, 613, 2, 163, 0, 0, 0, 269484, 1, 
988642, 1241650498184, 1241652614056, 0, 4205, 10, 415.6, 675483, 5, 0, 438751, 6, 2
995, , , 45.5, 0, 0, 0, 0, 12, 20, 12, , 
<<<<EndTable

PlayersOnlineNow=28
PlayersOnlineEachMinute=0, 5, 11, 13, 13, 15, 18, 17, 19, 18, 18, 18, 17, 17, 17, 17, 17, 20, 23, 22, 22, 23, 24, 24, 25, 25, 25, 24, 23, 24, 23, 21, 21, 20, 21, 18, 19, 19, 24, 26, 27, 25, 26, 28, 30, 30, 29, 24, 25, 27, 29, 28, 29, 29, 29, 29, 29, 29, 28, 24, 25, 24, 25, 24, 23, 22, 22, 23, 25, 26, 27, 27, 27, 27, 27, 27, 23, 23, 25, 27, 27, 27, 28, 28, 27, 25, 26, 26, 26, 24, 22, 21, 23, 23, 23, 25, 27, 27, 26, 26, 27, 25, 24, 22, 26, 27, 26, 29, 27, 30
PlayersInEachFeedingGame=2, 1, 2, 2, 2, 2, 1, 2, 2, 1, 2, 3, 2, 2, 2, 2, 2, 2, 1, 2, 2, 2, 1, 1, 1, 2, 2, 2, 2, 2, 2, 2, 2, 2, 2, 1, 2, 2, 2, 2, 2, 2, 1, 2, 2, 2, 2, 2, 1, 1, 2, 2, 2, 1, 3, 1, 1, 2, 1, 2, 1, 1, 1, 1, 2, 2, 2, 2, 1, 2, 2, 1, 2, 2, 2, 2, 1, 2, 3, 1, 2, 1, 2, 1, 1, 1, 1, 2, 1, 2, 1, 2, 1, 1, 1, 1, 2, 1, 1, 1, 1, 2, 1, 2, 2, 2, 2, 1, 1, 2, 2, 2, 1, 1, 2, 2, 2, 2, 1, 1, 2, 2, 2, 2, 2, 2, 1, 2, 2, 2, 2, 2, 1, 1, 2, 2, 2, 1, 2, 1, 1, 1, 1, 1, 1, 1, 2, 1, 2, 2, 1, 1, 2, 1, 1, 2, 1, 2, 2, 1, 2, 2, 2, 2, 2, 1
PlayersStarted=198
PlayersQuit=170
StatsStartTime=1241648105064
StatsDumpTime=1241654707305
<<<<EndStats
2009-05-06 17:05:23,614 ERROR: vampire.server.feeding.FeedingRecord sendPlayerStartGameMsg [playerId=57748, prey=true, _predatorIndex=]
2009-05-06 17:05:23,617 ERROR: vampire.server.feeding.FeedingRecord sendPlayerStartGameMsg [playerId=351430, prey=false, _predatorIndex=]
2009-05-06 17:05:25,332 ERROR: vampire.server.feeding.FeedingRecord sendPlayerStartGameMsg [playerId=772113, prey=false, _predatorIndex=]
2009-05-06 17:05:25,465 ERROR: vampire.server.feeding.FeedingRecord sendPlayerStartGameMsg [playerId=1222623, prey=false, _predatorIndex=]
2009-05-06 17:05:34,772 ERROR: vampire.server.feeding.FeedingRecord sendPlayerStartGameMsg [playerId=283305, prey=true, _predatorIndex=]
2009-05-06 17:05:34,778 ERROR: vampire.server.feeding.FeedingRecord sendPlayerStartGameMsg [playerId=284188, prey=false, _predatorIndex=]
2009-05-06 17:06:10,558 ERROR: vampire.server.feeding.FeedingRecord sendPlayerStartGameMsg [playerId=311622, prey=true, _predatorIndex=]
2009-05-06 17:06:10,560 ERROR: vampire.server.feeding.FeedingRecord sendPlayerStartGameMsg [playerId=1301360, prey=false, _predatorIndex=]
2009-05-06 17:07:52,959 ERROR: vampire.server.feeding.FeedingRecord sendPlayerStartGameMsg [playerId=592692, prey=false, _predatorIndex=]
2009-05-06 17:08:39,160 ERROR: vampire.server.feeding.FeedingRecord sendPlayerStartGameMsg [playerId=154004, prey=false, _predatorIndex=351430]
2009-05-06 17:09:26,076 ERROR: vampire.server.feeding.FeedingRecord sendPlayerStartGameMsg [playerId=1255618, prey=true, _predatorIndex=]
2009-05-06 17:09:26,078 ERROR: vampire.server.feeding.FeedingRecord sendPlayerStartGameMsg [playerId=1301360, prey=false, _predatorIndex=]
2009-05-06 17:09:57,255 ERROR: vampire.server.feeding.FeedingRecord sendPlayerStartGameMsg [playerId=1275561, prey=true, _predatorIndex=]
2009-05-06 17:09:57,257 ERROR: vampire.server.feeding.FeedingRecord sendPlayerStartGameMsg [playerId=1089041, prey=false, _predatorIndex=]
2009-05-06 17:10:20,088 ERROR: vampire.server.feeding.FeedingRecord sendPlayerStartGameMsg [playerId=1222623, prey=true, _predatorIndex=]
2009-05-06 17:10:20,094 ERROR: vampire.server.feeding.FeedingRecord sendPlayerStartGameMsg [playerId=102595, prey=false, _predatorIndex=]
2009-05-06 17:11:43,145 ERROR: vampire.server.feeding.FeedingRecord sendPlayerStartGameMsg [playerId=592692, prey=false, _predatorIndex=]
2009-05-06 17:12:15,370 ERROR: vampire.server.feeding.FeedingRecord sendPlayerStartGameMsg [playerId=772113, prey=true, _predatorIndex=]
2009-05-06 17:12:15,372 ERROR: vampire.server.feeding.FeedingRecord sendPlayerStartGameMsg [playerId=1275561, prey=false, _predatorIndex=]
2009-05-06 17:13:01,077 ERROR: vampire.server.feeding.FeedingRecord sendPlayerStartGameMsg [playerId=54776, prey=true, _predatorIndex=]
2009-05-06 17:13:01,079 ERROR: vampire.server.feeding.FeedingRecord sendPlayerStartGameMsg [playerId=1089041, prey=false, _predatorIndex=]
2009-05-06 17:13:23,619 ERROR: vampire.server.feeding.FeedingRecord sendPlayerStartGameMsg [playerId=142290, prey=true, _predatorIndex=]
2009-05-06 17:13:23,620 ERROR: vampire.server.feeding.FeedingRecord sendPlayerStartGameMsg [playerId=1301360, prey=false, _predatorIndex=]
2009-05-06 17:13:25,194 ERROR: vampire.server.feeding.FeedingRecord sendPlayerStartGameMsg [playerId=22279, prey=false, _predatorIndex=]
2009-05-06 17:14:06,425 ERROR: vampire.server.feeding.FeedingRecord sendPlayerStartGameMsg [playerId=592692, prey=true, _predatorIndex=]
2009-05-06 17:14:06,427 ERROR: vampire.server.feeding.FeedingRecord sendPlayerStartGameMsg [playerId=1255618, prey=false, _predatorIndex=]

>>>>BeginStats

>>>>BeginTable
PlayerId, StartTime, EndTime, ProgenyPayout, XPFromFeeding, FeedingGames, MeanFeedingScore, BloodBond, Progeny, GrandProgeny, Sire, Level, Invites
1012813, , , 189.00000000000003, 0, 0, 0, 0, 6, 22, 54776, , 
102595, 1241654312094, 1241655183626, 0, 0, 0, 0, 0, 0, 0, 0, 1, 
10260, 1241648191529, , 175.5, 5171, 18, 268.2222222222222, 8527, 9, 9, 713, 15, 2
103033, 1241651083948, 1241653482702, 22.5, 954, 6, 133.5, 767143, 12, 13, 81899, 6, 1
1062, 1241652159577, 1241654696972, 0, 6598, 16, 361.9375, 17790, 11, 7, 713, 16, 2
1062853, , , 29.950000000000003, 0, 0, 0, 0, 9, 1, 1124214, , 
10642, 1241654332823, 1241654711812, 0, 6556, 10, 724.6, 447249, 32, 46, 351598, 15, 2
107444, 1241654076637, 1241654111156, 0, 0, 0, 0, 0, 0, 0, 10642, 1, 0
108279, , , 73.8, 0, 0, 0, 0, 2, 1, 172623, , 
1085912, 1241648170425, 1241650144122, 0, 1223, 7, 187, 0, 0, 0, 16807, 3, 
1086242, , , 93.5, 0, 0, 0, 0, 1, 0, 39030, , 
1086396, 1241652972360, 1241653436171, 0, 0, 0, 0, 0, 0, 0, 1010692, 2, 
1089041, 1241654561255, , 0, 78, 2, 78, 0, 0, 0, 10260, 2, 0
1090147, 1241654501018, 1241654534938, 0, 0, 0, 0, 0, 0, 0, 0, 1, 
1090611, 1241653816043, , 0, 0, 0, 0, 1032874, 2, 0, 1032648, 4, 0
1092321, , , 162, 0, 0, 0, 0, 29, 23, 35568, , 
1109831, 1241651571982, 1241651604096, 0, 0, 0, 0, 0, 0, 0, 0, 1, 
1114188, 1241652775773, 1241654096994, 0, 935, 6, 87.16666666666667, 110446, 0, 0, 1086242, 3, 
1114884, 1241649489433, 1241649714156, 0, 0, 0, 0, 0, 1, 0, 998652, 2, 
1117110, 1241653687922, 1241653698873, 0, 0, 0, 0, 0, 0, 0, 0, 1, 
1122449, , , 91.35000000000001, 0, 0, 0, 0, 10, 2, 555728, , 
1125502, 1241653585727, 1241654249778, 0, 157, 1, 157, 0, 0, 0, 193495, 1, 
1126061, 1241650932578, 1241651200958, 43.900000000000006, 229, 1, 229, 0, 2, 1, 52350, 3, 2
113162, 1241650013601, 1241651873528, 0, 621, 3, 92, 0, 0, 0, 154004, 1, 
113794, , , 100.5, 0, 0, 0, 0, 3, 5, 94657, , 
1145581, 1241652548536, 1241652889464, 0, 439, 2, 167, 0, 0, 0, 1126061, 2, 
1148755, , , 21.5, 0, 0, 0, 0, 21, 0, 1092321, , 
114959, 1241653955254, 1241654005895, 0, 0, 0, 0, 0, 0, 0, 0, 1, 
1154088, 1241650502302, 1241650506786, 0, 0, 0, 0, 0, 0, 0, 0, 1, 
1162172, 1241651303252, 1241651586178, 0, 1781, 9, 200.66666666666666, 1181188, 0, 0, 835426, 3, 
1170170, 1241653243427, 1241653250194, 0, 0, 0, 0, 0, 0, 0, 0, 1, 
118011, 1241651377358, , 0, 2358, 11, 166.9090909090909, 0, 0, 0, 0, 4, 0
1181188, 1241649108382, 1241653536699, 0, 6057, 27, 218.1851851851852, 1162172, 0, 0, 192883, 3, 
1192337, , , 385.50000000000006, 0, 0, 0, 0, 17, 21, 1012813, , 
1199648, 1241651040200, 1241653016985, 0, 222, 2, 121.5, 0, 1, 0, 394001, 3, 1
12, , , 687.5999999999998, 0, 0, 0, 0, 20, 35, 383387, , 
1214060, 1241652758863, 1241653556992, 0, 307, 3, 96.66666666666667, 0, 0, 0, 0, 1, 
1219016, 1241651601093, 1241651613281, 0, 0, 0, 0, 0, 0, 0, 0, 1, 
1222623, 1241654692244, , 0, 225, 2, 150, 0, 0, 0, 103033, 2, 0
1228337, 1241654109592, 1241654795411, 0, 259, 2, 128.5, 0, 0, 0, 142290, 1, 
122907, , , 70.05, 0, 0, 0, 0, 6, 10, 251062, , 
1246027, 1241649182545, 1241649731335, 0, 511, 3, 128, 0, 0, 0, 155004, 1, 
1251045, 1241650652011, 1241650828276, 0, 0, 0, 0, 0, 0, 0, 54776, 1, 
125207, 1241652889655, 1241654139361, 0, 316, 2, 181, 273503, 1, 0, 544643, 4, 0
125347, 1241650653757, 1241651070129, 35.9, 359, 2, 185.5, 0, 1, 0, 561527, 1, 0
1254611, 1241650098812, 1241650866584, 0, 215, 2, 87, 0, 0, 0, 1148755, 2, 
1254826, 1241652608158, 1241652632551, 0, 0, 0, 0, 0, 0, 0, 0, 1, 
1255618, 1241654030281, , 8.9, 703, 5, 114.4, 0, 1, 0, 206148, 3, 0
126411, 1241648726895, 1241648876981, 0, 0, 0, 0, 0, 0, 0, 1261178, 1, 
1265, , , 45.150000000000006, 0, 0, 0, 0, 2, 29, 12, , 
1273588, 1241648983967, 1241649054183, 0, 198, 1, 107, 0, 0, 0, 0, 1, 
1274543, 1241650689565, 1241651141115, 0, 359, 2, 172.5, 0, 0, 0, 125347, 1, 
1275512, 1241652083553, 1241653196977, 0, 987, 4, 208.5, 0, 0, 0, 0, 1, 
1275561, 1241654981556, , 0, 216, 1, 239, 0, 0, 0, 772113, 1, 0
1279627, 1241655288589, , 0, 576, 3, 103.66666666666667, 0, 0, 0, 0, 1, 0
128013, 1241654538517, 1241654835343, 23.8, 238, 2, 97, 0, 4, 3, 254152, 4, 1
1281598, 1241650332521, 1241650870885, 0, 104, 1, 104, 0, 0, 0, 0, 1, 
1294083, 1241654600380, 1241654686759, 0, 0, 0, 0, 0, 0, 0, 0, 1, 
1296205, 1241653230148, 1241653313902, 0, 0, 0, 0, 0, 0, 0, 0, 1, 
1297898, 1241648394951, 1241648876990, 0, 76, 1, 152, 0, 0, 0, 0, 1, 
1299519, 1241649894416, 1241649940768, 0, 0, 0, 0, 0, 0, 0, 0, 1, 
1299564, 1241649345402, 1241649953399, 0, 605, 2, 123, 0, 0, 0, 0, 1, 
1299864, 1241654014695, 1241654025399, 0, 0, 0, 0, 0, 0, 0, 0, 1, 
1299968, 1241649285523, 1241650550784, 0, 0, 0, 0, 0, 0, 0, 0, 1, 
1300832, 1241650121667, 1241650133309, 0, 0, 0, 0, 0, 0, 0, 0, 1, 
1301041, 1241650384475, 1241650386187, 0, 0, 0, 0, 0, 0, 0, 0, 1, 
1301360, 1241654741407, , 0, 112, 2, 56, 0, 0, 0, 1255618, 1, 0
130967, 1241650432722, 1241651568885, 0, 987, 5, 109.2, 0, 0, 0, 70997, 1, 
1362, , , 51.7, 0, 0, 0, 0, 4, 1, 77353, , 
137127, , , 44.5, 0, 0, 0, 0, 1, 9, 2843, , 
142290, 1241651659313, , 11.200000000000001, 1420, 8, 158.375, 0, 2, 0, 296658, 3, 0
143501, 1241653812816, 1241653856977, 0, 1814, 8, 114.75, 0, 3, 8, 326885, 8, 2
145497, , , 85.45, 0, 0, 0, 0, 1, 2, 1062853, , 
145609, 1241650219863, 1241652176978, 0, 0, 0, 0, 369307, 5, 4, 92300, 4, 0
147608, , , 17.95, 0, 0, 0, 0, 1, 1, 502119, , 
14825, , , 14.4, 0, 0, 0, 0, 5, 0, 171151, , 
154004, 1241654625622, 1241655272384, 35.6, 2300, 8, 419.875, 561706, 10, 6, 90041, 4, 0
155004, 1241649156502, 1241650014031, 51.10000000000001, 599, 4, 203, 0, 2, 0, 145497, 3, 
161001, 1241650970680, 1241653962932, 0, 505, 4, 126.25, 0, 1, 2, 377820, 4, 5
165133, 1241648107236, 1241648118495, 0, 0, 0, 0, 0, 0, 0, 206908, 2, 0
16514, 1241648434455, 1241649866816, 0, 0, 0, 0, 44929, 5, 8, 1062, 4, 0
166371, , , 91.95, 0, 0, 0, 0, 4, 9, 267622, , 
16807, 1241648224425, 1241649523211, 122.30000000000003, 258, 2, 85, 0, 2, 0, 592692, 4, 0
16825, 1241651195099, 1241651603590, 0, 0, 0, 0, 0, 14, 7, 4139, 6, 1
170046, 1241652971111, 1241653971356, 0, 738, 3, 248, 108279, 1, 0, 108279, 4, 2
171151, , , 399.95000000000005, 0, 0, 0, 0, 39, 6, 21067, , 
172329, , , 11.9, 0, 0, 0, 0, 3, 2, 371496, , 
172623, , , 36.9, 0, 0, 0, 0, 2, 2, 144144, , 
175892, 1241654307514, 1241654321748, 0, 0, 0, 0, 0, 0, 0, 190545, 3, 0
18026, , , 81.25, 0, 0, 0, 0, 2, 3, 67662, , 
181264, , , 62.6, 0, 0, 0, 0, 2, 2, 3812, , 
184167, , , 201, 0, 0, 0, 0, 5, 2, 113794, , 
187326, 1241649561187, 1241649564335, 0, 0, 0, 0, 0, 2, 0, 194202, 5, 1
187381, 1241652285764, 1241654514953, 0, 1513, 5, 442, 211710, 7, 4, 2843, 8, 1
1892, 1241650945727, 1241651366191, 0, 455, 1, 287, 33511, 20, 6, 995, 12, 2
192883, 1241650776955, 1241651711437, 415.6000000000001, 587, 2, 399.5, 0, 9, 3, 210210, 7, 5
193495, , , 15.700000000000001, 0, 0, 0, 0, 1, 0, 171151, , 
193673, 1241650656621, 1241650664555, 0, 0, 0, 0, 0, 0, 0, 366650, 1, 
197740, , , 19.400000000000002, 0, 0, 0, 0, 2, 0, 208241, , 
198149, , , 35.5, 0, 0, 0, 0, 1, 7, 380604, , 
199427, , , 498.6000000000001, 0, 0, 0, 0, 1, 4, 208602, , 
20260, , , 362.85, 0, 0, 0, 0, 2, 5, 12, , 
205535, 1241648566034, 1241648618575, 0, 0, 0, 0, 0, 2, 2, 95479, 7, 2
206148, 1241648559350, 1241650184173, 74.75, 562, 3, 147.33333333333334, 0, 1, 1, 1122449, 3, 
208241, , , 9.700000000000001, 0, 0, 0, 0, 2, 2, 235686, , 
208379, 1241652195301, 1241652753851, 0, 179, 1, 159, 0, 0, 0, 0, 1, 
208531, 1241652173953, 1241652656975, 0, 281, 2, 150, 0, 0, 0, 0, 1, 
208602, , , 249.30000000000004, 0, 0, 0, 0, 7, 2, 351626, , 
210163, , , 210.25, 0, 0, 0, 0, 12, 19, 255725, , 
210210, , , 266.5000000000001, 0, 0, 0, 0, 4, 13, 381607, , 
21067, , , 192.45, 0, 0, 0, 0, 2, 39, 302907, , 
211527, 1241650784293, 1241651516985, 0, 194, 1, 194, 0, 0, 0, 197740, 1, 
22279, 1241654880880, , 0, 438, 3, 146, 0, 0, 0, 0, 1, 0
22707, , , 12.3, 0, 0, 0, 0, 1, 10, 8842, , 
246356, , , 15.700000000000001, 0, 0, 0, 0, 5, 3, 54776, , 
247802, 1241651989390, 1241652229383, 0, 0, 0, 0, 0, 0, 0, 191984, 1, 
254152, , , 35.7, 0, 0, 0, 0, 2, 4, 172329, , 
258951, , , 205.30000000000004, 0, 0, 0, 0, 23, 11, 1265, , 
267622, , , 30.650000000000002, 0, 0, 0, 0, 2, 4, 1632, , 
268302, 1241648123210, 1241648600326, 0, 150, 1, 141, 0, 0, 0, 57748, 1, 
269484, 1241653755409, , 61.300000000000004, 613, 2, 449.5, 1124156, 9, 0, 166371, 9, 1
276660, 1241650536023, 1241651289211, 0, 114, 1, 140, 0, 0, 0, 380650, 2, 2
277396, 1241652820421, 1241654890299, 0, 0, 0, 0, 0, 0, 0, 0, 1, 
283305, 1241648169019, 1241655025874, 253.60000000000002, 2405, 8, 222, 544450, 3, 8, 497122, 8, 3
284188, 1241654397285, 1241655076412, 0, 247, 2, 64.5, 0, 0, 0, 283305, 1, 
2843, , , 151.3, 0, 0, 0, 0, 8, 8, 3383, , 
296658, , , 147.6, 0, 0, 0, 0, 9, 2, 299646, , 
299646, , , 71, 0, 0, 0, 0, 4, 9, 69257, , 
304929, , , 89, 0, 0, 0, 0, 9, 1, 137127, , 
304966, 1241651190634, 1241651609015, 0, 517, 2, 152.5, 0, 1, 0, 1362, 3, 1
307471, , , 236.45000000000005, 0, 0, 0, 0, 1, 10, 12, , 
30940, 1241648880965, 1241651204629, 0, 0, 0, 0, 0, 0, 0, 8842, 4, 
311622, 1241654340162, , 0, 0, 0, 0, 0, 0, 0, 0, 1, 0
321365, , , 11.100000000000001, 0, 0, 0, 0, 3, 1, 317371, , 
32169, 1241652325232, 1241655164830, 0, 1677, 5, 454.8, 219, 8, 0, 10260, 14, 5
326885, , , 181.40000000000003, 0, 0, 0, 0, 2, 3, 68619, , 
32750, 1241654639733, 1241654984055, 0, 0, 0, 0, 0, 0, 0, 32169, 1, 
329542, 1241652971900, 1241652983490, 0, 0, 0, 0, 0, 0, 0, 0, 1, 0
33311, 1241653859848, 1241654588649, 0, 386, 3, 128.66666666666666, 0, 0, 0, 0, 1, 
33511, 1241652099811, 1241652363354, 0, 157, 1, 124, 1892, 1, 0, 246356, 9, 4
336228, , , 472.9000000000001, 0, 0, 0, 0, 10, 13, 307471, , 
3383, , , 75.65, 0, 0, 0, 0, 6, 8, 12791, , 
344937, , , 47.3, 0, 0, 0, 0, 1, 12, 251062, , 
351430, 1241654616309, , 0, 4729, 12, 391.0833333333333, 336228, 13, 46, 336228, 13, 2
351598, , , 655.5999999999999, 0, 0, 0, 0, 1, 32, 359624, , 
35568, , , 31.1, 0, 0, 0, 0, 1, 29, 258951, , 
359624, , , 327.79999999999995, 0, 0, 0, 0, 4, 1, 201132, , 
375444, , , 5.7, 0, 0, 0, 0, 3, 10, 12770, , 
377820, , , 50.50000000000001, 0, 0, 0, 0, 1, 1, 53030, , 
379621, 1241648449704, 1241648558242, 0, 0, 0, 0, 0, 0, 0, 92154, 2, 0
380248, 1241652547147, 1241652550434, 0, 0, 0, 0, 0, 0, 0, 250107, 3, 0
380604, , , 17.75, 0, 0, 0, 0, 4, 3, 375444, , 
380650, , , 11.4, 0, 0, 0, 0, 3, 0, 375444, , 
3812, , , 31.3, 0, 0, 0, 0, 1, 2, 65584, , 
381607, , , 29.35, 0, 0, 0, 0, 1, 4, 153510, , 
383387, , , 38.2, 0, 0, 0, 0, 7, 57, 0, , 
39030, , , 46.75, 0, 0, 0, 0, 12, 1, 196462, , 
394001, , , 22.200000000000003, 0, 0, 0, 0, 1, 1, 321365, , 
396113, , , 324.1, 0, 0, 0, 0, 2, 9, 44987, , 
397835, , , 350.34999999999997, 0, 0, 0, 0, 5, 34, 47379, , 
402647, 1241654554254, 1241654563094, 0, 0, 0, 0, 408501, 12, 3, 408501, 13, 6
415271, , , 50.800000000000004, 0, 0, 0, 0, 10, 1, 66689, , 
418347, 1241648243361, 1241648807584, 0, 144, 1, 152, 0, 0, 0, 14825, 1, 
4297, 1241648148600, 1241648733857, 0, 771, 2, 329, 0, 1, 0, 475692, 5, 1
431598, 1241655055859, , 0, 0, 0, 0, 639914, 0, 0, 921283, 3, 0
432820, 1241652467782, 1241653136970, 0, 626, 3, 214.33333333333334, 0, 2, 1, 181264, 5, 2
43402, 1241649738653, 1241649744321, 0, 0, 0, 0, 29810, 12, 17, 123961, 11, 3
438751, , , 420.5, 0, 0, 0, 0, 19, 5, 210163, , 
447249, 1241649829152, 1241651915143, 0, 4986, 8, 577.875, 10642, 4, 4, 199427, 15, 2
44987, , , 162.05, 0, 0, 0, 0, 1, 2, 12770, , 
457756, 1241648526984, 1241649209631, 0, 508, 3, 147, 0, 1, 0, 415271, 4, 0
47379, 1241648107089, 1241648135974, 166.7, 0, 0, 0, 0, 4, 5, 54776, 6, 1
475692, , , 77.1, 0, 0, 0, 0, 6, 1, 477213, , 
477213, , , 38.55, 0, 0, 0, 0, 1, 6, 197452, , 
485223, 1241651167747, 1241653496989, 0, 890, 5, 149.8, 0, 1, 0, 304929, 3, 1
497122, , , 357.25, 0, 0, 0, 0, 14, 3, 82321, , 
502119, , , 24.6, 0, 0, 0, 0, 10, 6, 22707, , 
510740, , , 48.10000000000001, 0, 0, 0, 0, 70, 10, 534632, , 
520592, , , 162.5, 0, 0, 0, 0, 3, 0, 18026, , 
521723, 1241653605569, 1241653614807, 0, 0, 0, 0, 0, 0, 0, 372191, 2, 0
52350, , , 44.85000000000001, 0, 0, 0, 0, 5, 2, 674637, , 
53030, , , 165.35, 0, 0, 0, 0, 10, 1, 122907, , 
534632, , , 18.650000000000002, 0, 0, 0, 0, 7, 70, 445660, , 
544450, , , 15.8, 0, 0, 0, 0, 7, 1, 439277, , 
544643, , , 31.6, 0, 0, 0, 0, 1, 1, 544450, , 
54776, 1241654840707, , 52.650000000000006, 7257, 17, 520.0588235294117, 0, 77, 33, 89757, 15, 3
551588, 1241653661485, 1241653674754, 0, 0, 0, 0, 0, 0, 0, 295942, 1, 0
555728, 1241651501905, 1241652379364, 28.1, 0, 0, 0, 828191, 16, 10, 1101, 4, 0
561527, , , 53.85, 0, 0, 0, 0, 1, 1, 147608, , 
562060, 1241648395022, 1241648565356, 0, 144, 1, 136, 0, 5, 0, 592692, 4, 
57748, 1241654600205, , 15, 3780, 13, 227.07692307692307, 0, 6, 0, 1192337, 4, 0
5842, , , 94.6, 0, 0, 0, 0, 12, 5, 344937, , 
58859, 1241649542515, 1241650770006, 0, 3241, 7, 556.4285714285714, 43017, 9, 8, 396113, 14, 2
592692, 1241653579421, , 101.35, 2088, 5, 562.6, 836050, 8, 8, 283305, 8, 7
597005, 1241650366165, 1241650433513, 0, 0, 0, 0, 0, 2, 1, 603011, 4, 0
630577, 1241648692213, 1241648717522, 0, 0, 0, 0, 0, 0, 0, 0, 1, 
636873, 1241650612489, 1241650878667, 0, 0, 0, 0, 0, 0, 0, 1892, 2, 
63861, 1241651799070, 1241654125040, 0, 946, 6, 138, 0, 0, 0, 5842, 2, 0
66513, 1241653533345, 1241654996965, 0, 1625, 6, 309.1666666666667, 0, 0, 0, 520592, 4, 0
66689, , , 25.400000000000002, 0, 0, 0, 0, 4, 10, 124585, , 
674637, , , 11.450000000000001, 0, 0, 0, 0, 11, 6, 1192337, , 
675483, 1241651083640, 1241652655094, 0, 3849, 9, 432.77777777777777, 988642, 0, 0, 171151, 4, 
67553, 1241650430077, 1241650531800, 0, 0, 0, 0, 0, 0, 0, 0, 1, 
68523, 1241654488986, 1241654713268, 0, 0, 0, 0, 0, 0, 0, 0, 1, 
68619, , , 90.70000000000002, 0, 0, 0, 0, 2, 9, 12770, , 
703094, 1241652758155, 1241654636957, 0, 1401, 9, 162.22222222222223, 0, 0, 0, 53030, 3, 
70557, 1241649936520, 1241652601963, 0, 246, 1, 120, 0, 5, 24, 502119, 5, 2
70997, 1241649034331, 1241651812974, 33.900000000000006, 3334, 10, 563.6, 1010692, 34, 32, 397835, 12, 3
713, 1241648182954, 1241650145867, 1264.6499999999999, 764, 2, 458.5, 1265, 11, 75, 12, 18, 6
772113, 1241654575230, , 21.6, 373, 2, 175, 0, 1, 0, 510740, 4, 0
77353, , , 25.85, 0, 0, 0, 0, 1, 4, 190687, , 
78233, 1241648433073, 1241649470454, 0, 448, 4, 104.75, 0, 0, 0, 54776, 2, 
79942, 1241649298140, 1241650976980, 0, 355, 2, 135, 633051, 7, 5, 198149, 6, 2
802319, , , 47.699999999999996, 0, 0, 0, 0, 2, 6, 773108, , 
81899, , , 106.64999999999999, 0, 0, 0, 0, 6, 12, 802319, , 
82321, , , 120.24999999999999, 0, 0, 0, 0, 6, 14, 57717, , 
82377, 1241651774031, 1241654865130, 0, 2010, 9, 251.44444444444446, 0, 1, 1, 184167, 3, 0
826235, 1241654083118, 1241654168493, 0, 0, 0, 0, 0, 0, 0, 1138895, 1, 
834357, 1241651470172, 1241651530070, 0, 0, 0, 0, 0, 0, 0, 0, 1, 
834972, 1241648836373, 1241648841217, 0, 0, 0, 0, 0, 0, 0, 0, 1, 
835426, , , 178.1, 0, 0, 0, 0, 2, 0, 1092321, , 
881995, 1241651894553, 1241653796971, 0, 622, 4, 124, 0, 0, 0, 1092321, 1, 
89757, , , 748.1000000000001, 0, 0, 0, 0, 3, 77, 20260, , 
90041, 1241653702879, 1241653736969, 247.80000000000004, 903, 4, 241.5, 175933, 9, 10, 258951, 12, 14
925735, 1241649166721, 1241649172243, 0, 0, 0, 0, 0, 0, 0, 0, 1, 
93532, 1241650426706, 1241650924223, 0, 238, 2, 141, 0, 0, 0, 128013, 1, 
96211, 1241650548668, 1241650557967, 0, 0, 0, 0, 0, 0, 0, 0, 1, 
96422, 1241653766757, 1241654260037, 0, 613, 2, 163, 0, 0, 0, 269484, 1, 
988642, 1241650498184, 1241652614056, 0, 4205, 10, 415.6, 675483, 5, 0, 438751, 6, 2
995, , , 45.5, 0, 0, 0, 0, 12, 20, 12, , 
<<<<EndTable

PlayersOnlineNow=19
PlayersOnlineEachMinute=0, 5, 11, 13, 13, 15, 18, 17, 19, 18, 18, 18, 17, 17, 17, 17, 17, 20, 23, 22, 22, 23, 24, 24, 25, 25, 25, 24, 23, 24, 23, 21, 21, 20, 21, 18, 19, 19, 24, 26, 27, 25, 26, 28, 30, 30, 29, 24, 25, 27, 29, 28, 29, 29, 29, 29, 29, 29, 28, 24, 25, 24, 25, 24, 23, 22, 22, 23, 25, 26, 27, 27, 27, 27, 27, 27, 23, 23, 25, 27, 27, 27, 28, 28, 27, 25, 26, 26, 26, 24, 22, 21, 23, 23, 23, 25, 27, 27, 26, 26, 27, 25, 24, 22, 26, 27, 26, 29, 27, 30, 28, 27, 25, 25, 24, 22, 22, 21, 19, 19
PlayersInEachFeedingGame=2, 1, 2, 2, 2, 2, 1, 2, 2, 1, 2, 3, 2, 2, 2, 2, 2, 2, 1, 2, 2, 2, 1, 1, 1, 2, 2, 2, 2, 2, 2, 2, 2, 2, 2, 1, 2, 2, 2, 2, 2, 2, 1, 2, 2, 2, 2, 2, 1, 1, 2, 2, 2, 1, 3, 1, 1, 2, 1, 2, 1, 1, 1, 1, 2, 2, 2, 2, 1, 2, 2, 1, 2, 2, 2, 2, 1, 2, 3, 1, 2, 1, 2, 1, 1, 1, 1, 2, 1, 2, 1, 2, 1, 1, 1, 1, 2, 1, 1, 1, 1, 2, 1, 2, 2, 2, 2, 1, 1, 2, 2, 2, 1, 1, 2, 2, 2, 2, 1, 1, 2, 2, 2, 2, 2, 2, 1, 2, 2, 2, 2, 2, 1, 1, 2, 2, 2, 1, 2, 1, 1, 1, 1, 1, 1, 1, 2, 1, 2, 2, 1, 1, 2, 1, 1, 2, 1, 2, 2, 1, 2, 2, 2, 2, 2, 1, 1, 1, 2, 2, 2, 1, 2, 2, 2, 1, 2, 2, 2, 1, 2
PlayersStarted=205
PlayersQuit=186
StatsStartTime=1241648105064
StatsDumpTime=1241655307680
<<<<EndStats
2009-05-06 17:15:49,322 ERROR: vampire.server.feeding.FeedingRecord sendPlayerStartGameMsg [playerId=1275561, prey=true, _predatorIndex=]
2009-05-06 17:15:49,324 ERROR: vampire.server.feeding.FeedingRecord sendPlayerStartGameMsg [playerId=772113, prey=false, _predatorIndex=]
2009-05-06 17:16:07,859 ERROR: vampire.server.feeding.FeedingRecord sendPlayerStartGameMsg [playerId=22279, prey=false, _predatorIndex=]
2009-05-06 17:16:22,455 ERROR: vampire.server.feeding.FeedingRecord sendPlayerStartGameMsg [playerId=524637, prey=true, _predatorIndex=]
2009-05-06 17:16:22,457 ERROR: vampire.server.feeding.FeedingRecord sendPlayerStartGameMsg [playerId=1279627, prey=false, _predatorIndex=]
2009-05-06 17:16:28,429 ERROR: vampire.server.feeding.FeedingRecord sendPlayerStartGameMsg [playerId=54776, prey=true, _predatorIndex=]
2009-05-06 17:16:28,431 ERROR: vampire.server.feeding.FeedingRecord sendPlayerStartGameMsg [playerId=1301360, prey=false, _predatorIndex=]
2009-05-06 17:16:39,234 ERROR: vampire.server.feeding.FeedingRecord sendPlayerStartGameMsg [playerId=1089041, prey=false, _predatorIndex=]
2009-05-06 17:16:54,893 ERROR: vampire.server.feeding.FeedingRecord sendPlayerStartGameMsg [playerId=592692, prey=true, _predatorIndex=]
2009-05-06 17:16:54,895 ERROR: vampire.server.feeding.FeedingRecord sendPlayerStartGameMsg [playerId=109238, prey=false, _predatorIndex=]
2009-05-06 17:17:45,108 ERROR: vampire.server.feeding.FeedingRecord sendPlayerStartGameMsg [playerId=1255618, prey=false, _predatorIndex=]
2009-05-06 17:17:55,589 ERROR: vampire.server.feeding.FeedingRecord sendPlayerStartGameMsg [playerId=1167886, prey=false, _predatorIndex=]
2009-05-06 17:18:26,356 ERROR: vampire.server.feeding.FeedingRecord sendPlayerStartGameMsg [playerId=1090611, prey=true, _predatorIndex=]
2009-05-06 17:18:26,359 ERROR: vampire.server.feeding.FeedingRecord sendPlayerStartGameMsg [playerId=1089041, prey=false, _predatorIndex=]
2009-05-06 17:18:29,296 ERROR: vampire.server.feeding.FeedingRecord sendPlayerStartGameMsg [playerId=10260, prey=true, _predatorIndex=]
2009-05-06 17:18:29,302 ERROR: vampire.server.feeding.FeedingRecord sendPlayerStartGameMsg [playerId=351430, prey=false, _predatorIndex=]
2009-05-06 17:19:24,868 ERROR: vampire.server.feeding.FeedingRecord sendPlayerStartGameMsg [playerId=76981, prey=false, _predatorIndex=]
2009-05-06 17:19:27,550 ERROR: vampire.server.feeding.FeedingRecord sendPlayerStartGameMsg [playerId=54776, prey=true, _predatorIndex=]
2009-05-06 17:19:27,552 ERROR: vampire.server.feeding.FeedingRecord sendPlayerStartGameMsg [playerId=109238, prey=false, _predatorIndex=]
2009-05-06 17:19:27,775 ERROR: vampire.server.feeding.FeedingRecord sendPlayerStartGameMsg [playerId=102595, prey=true, _predatorIndex=]
2009-05-06 17:19:27,777 ERROR: vampire.server.feeding.FeedingRecord sendPlayerStartGameMsg [playerId=1279627, prey=false, _predatorIndex=]
2009-05-06 17:19:30,216 ERROR: vampire.server.feeding.FeedingRecord sendPlayerStartGameMsg [playerId=524637, prey=false, _predatorIndex=1167886]
2009-05-06 17:19:37,633 ERROR: vampire.server.feeding.FeedingRecord sendPlayerStartGameMsg [playerId=1077614, prey=false, _predatorIndex=]
2009-05-06 17:20:02,312 ERROR: vampire.server.feeding.FeedingRecord sendPlayerStartGameMsg [playerId=524637, prey=true, _predatorIndex=]
2009-05-06 17:20:02,314 ERROR: vampire.server.feeding.FeedingRecord sendPlayerStartGameMsg [playerId=548848, prey=false, _predatorIndex=]
2009-05-06 17:20:24,641 ERROR: vampire.server.feeding.FeedingRecord sendPlayerStartGameMsg [playerId=1255618, prey=false, _predatorIndex=1279627]
2009-05-06 17:20:27,080 ERROR: vampire.server.feeding.FeedingRecord sendPlayerStartGameMsg [playerId=1222623, prey=false, _predatorIndex=]
2009-05-06 17:20:34,809 ERROR: vampire.server.feeding.FeedingRecord sendPlayerStartGameMsg [playerId=1167886, prey=false, _predatorIndex=]
2009-05-06 17:21:24,226 ERROR: vampire.server.feeding.FeedingRecord sendPlayerStartGameMsg [playerId=201113, prey=true, _predatorIndex=]
2009-05-06 17:21:24,232 ERROR: vampire.server.feeding.FeedingRecord sendPlayerStartGameMsg [playerId=1089041, prey=false, _predatorIndex=]
2009-05-06 17:21:26,521 ERROR: vampire.server.feeding.FeedingRecord sendPlayerStartGameMsg [playerId=592692, prey=true, _predatorIndex=]
2009-05-06 17:21:26,541 ERROR: vampire.server.feeding.FeedingRecord sendPlayerStartGameMsg [playerId=205624, prey=false, _predatorIndex=]
2009-05-06 17:21:40,798 ERROR: vampire.server.feeding.FeedingRecord sendPlayerStartGameMsg [playerId=269484, prey=true, _predatorIndex=]
2009-05-06 17:21:40,800 ERROR: vampire.server.feeding.FeedingRecord sendPlayerStartGameMsg [playerId=890314, prey=false, _predatorIndex=]
2009-05-06 17:21:47,405 ERROR: vampire.server.feeding.FeedingRecord sendPlayerStartGameMsg [playerId=1255618, prey=true, _predatorIndex=]
2009-05-06 17:21:47,407 ERROR: vampire.server.feeding.FeedingRecord sendPlayerStartGameMsg [playerId=102595, prey=false, _predatorIndex=]
2009-05-06 17:22:26,565 ERROR: vampire.server.feeding.FeedingRecord sendPlayerStartGameMsg [playerId=524637, prey=true, _predatorIndex=]
2009-05-06 17:22:26,567 ERROR: vampire.server.feeding.FeedingRecord sendPlayerStartGameMsg [playerId=548848, prey=false, _predatorIndex=]
2009-05-06 17:22:30,197 ERROR: vampire.server.feeding.FeedingRecord sendPlayerStartGameMsg [playerId=1279627, prey=false, _predatorIndex=]
2009-05-06 17:24:19,859 ERROR: vampire.server.feeding.FeedingRecord sendPlayerStartGameMsg [playerId=1089041, prey=false, _predatorIndex=]
2009-05-06 17:24:42,821 ERROR: vampire.server.feeding.FeedingRecord sendPlayerStartGameMsg [playerId=22279, prey=false, _predatorIndex=]

