2009-05-08 11:10:41,030 ERROR: vampire.server.feeding.FeedingRecord sendPlayerStartGameMsg [playerId=92600, prey=false, _predatorIndex=]
2009-05-08 11:11:38,190 ERROR: vampire.server.feeding.FeedingRecord sendPlayerStartGameMsg [playerId=624616, prey=true, _predatorIndex=]
2009-05-08 11:11:38,191 ERROR: vampire.server.feeding.FeedingRecord sendPlayerStartGameMsg [playerId=55009, prey=false, _predatorIndex=]
2009-05-08 11:11:48,842 ERROR: vampire.server.feeding.FeedingRecord sendPlayerStartGameMsg [playerId=1119385, prey=false, _predatorIndex=]
2009-05-08 11:11:54,201 ERROR: vampire.server.feeding.FeedingRecord sendPlayerStartGameMsg [playerId=63415, prey=true, _predatorIndex=]
2009-05-08 11:11:54,202 ERROR: vampire.server.feeding.FeedingRecord sendPlayerStartGameMsg [playerId=249619, prey=false, _predatorIndex=]
2009-05-08 11:14:20,161 ERROR: vampire.server.feeding.FeedingRecord sendPlayerStartGameMsg [playerId=54776, prey=true, _predatorIndex=]
2009-05-08 11:14:20,161 ERROR: vampire.server.feeding.FeedingRecord sendPlayerStartGameMsg [playerId=624616, prey=false, _predatorIndex=]
2009-05-08 11:14:25,425 ERROR: vampire.server.feeding.FeedingRecord sendPlayerStartGameMsg [playerId=63415, prey=false, _predatorIndex=624616]
2009-05-08 11:14:33,671 ERROR: vampire.server.feeding.FeedingRecord sendPlayerStartGameMsg [playerId=1346597, prey=true, _predatorIndex=]
2009-05-08 11:14:33,672 ERROR: vampire.server.feeding.FeedingRecord sendPlayerStartGameMsg [playerId=249619, prey=false, _predatorIndex=]
2009-05-08 11:17:19,578 ERROR: vampire.server.feeding.FeedingRecord sendPlayerStartGameMsg [playerId=54776, prey=true, _predatorIndex=]
2009-05-08 11:17:19,579 ERROR: vampire.server.feeding.FeedingRecord sendPlayerStartGameMsg [playerId=63415, prey=false, _predatorIndex=]

>>>>BeginStats

>>>>BeginTable
PlayerId, StartTime, EndTime, ProgenyPayout, XPFromFeeding, FeedingGames, MeanFeedingScore, BloodBond, Progeny, GrandProgeny, Sire, Level, Invites
1007244, 1241802695609, 1241802718645, 0, 0, 0, 0, 0, 0, 0, 0, 1, 
1023595, 1241798826063, 1241799480374, 0, 378, 4, 94.5, 0, 0, 0, 1092321, 2, 
10260, , , 26.900000000000002, 0, 0, 0, 0, 10, 0, 713, , 
1036473, 1241806660407, , 0, 0, 0, 0, 0, 0, 0, 96912, 2, 0
104252, , , 48.1, 0, 0, 0, 0, 1, 1, 10642, , 
106239, 1241798375384, 1241798423045, 0, 0, 0, 0, 0, 0, 0, 5842, 4, 2
1062853, , , 65.95, 0, 0, 0, 0, 9, 1, 1124214, , 
10634, 1241801495302, 1241801741313, 0, 1885, 7, 198, 11600, 2, 0, 713, 5, 2
10642, 1241800405139, 1241801750004, 35.35, 7560, 9, 763.1111111111111, 447249, 32, 46, 351598, 16, 2
1085269, 1241804547820, 1241804573791, 0, 0, 0, 0, 0, 0, 0, 0, 1, 
1089041, 1241799831666, 1241801957973, 0, 269, 3, 86, 0, 0, 0, 10260, 3, 
1092321, , , 37.800000000000004, 0, 0, 0, 0, 30, 0, 35568, , 
1119385, 1241803017071, , 11.8, 2795, 15, 142.00000000000003, 0, 1, 0, 3200, 3, 0
113162, 1241802737141, 1241805302116, 0, 1342, 8, 106.625, 0, 0, 0, 154004, 2, 
1133427, 1241800167168, 1241800459034, 0, 109, 1, 95, 0, 0, 0, 0, 1, 
1138221, 1241801103779, 1241801423206, 0, 0, 0, 0, 1283799, 0, 0, 269484, 4, 
11460, , , 272.15000000000003, 0, 0, 0, 0, 1, 13, 41022, , 
118975, 1241801485293, 1241801638131, 0, 0, 0, 0, 0, 1, 1, 160138, 12, 2
12, , , 2941.3999999999996, 0, 0, 0, 0, 20, 68, 383387, , 
1207080, 1241803233695, 1241803686120, 0, 135, 1, 115, 0, 0, 0, 0, 1, 
1207373, 1241800295157, 1241800517322, 0, 135, 1, 140, 0, 0, 0, 0, 1, 
1209405, 1241799743477, 1241800043348, 0, 179, 1, 103, 0, 0, 0, 3200, 1, 
123961, , , 118.05000000000001, 0, 0, 0, 0, 1, 12, 713, , 
1239706, 1241799761605, 1241800488359, 0, 652, 3, 129.33333333333334, 0, 0, 0, 447249, 2, 
124119, 1241803111325, 1241803254590, 0, 0, 0, 0, 0, 0, 0, 1127083, 3, 
1241857, 1241801195939, 1241803240458, 100.15, 3356, 12, 395, 261567, 4, 3, 259344, 8, 1
1267242, 1241802564250, 1241804699387, 0, 1544, 10, 107.2, 0, 0, 0, 642041, 2, 
1271614, 1241803144094, 1241803155079, 0, 0, 0, 0, 0, 0, 0, 0, 1, 
1274154, 1241802564075, 1241802634696, 0, 0, 0, 0, 0, 0, 0, 642041, 1, 
12791, , , 1012.05, 0, 0, 0, 0, 15, 6, 12, , 
1279761, 1241803990303, 1241804684579, 0, 622, 4, 115.5, 0, 0, 0, 171513, 3, 
1285504, , , 200.3, 0, 0, 0, 0, 3, 0, 1241857, , 
1288202, 1241802222155, 1241802235504, 0, 0, 0, 0, 0, 0, 0, 1285504, 1, 
1288210, 1241805639212, 1241806018121, 0, 0, 0, 0, 0, 0, 0, 0, 1, 
1311203, 1241799610036, 1241799864733, 0, 0, 0, 0, 0, 0, 0, 1284093, 1, 
1320175, 1241803743029, 1241803811104, 0, 0, 0, 0, 0, 0, 0, 0, 1, 
1323699, 1241803975030, 1241805063269, 0, 558, 3, 101.66666666666667, 0, 0, 0, 307471, 1, 
132921, , , 11, 0, 0, 0, 0, 9, 0, 211601, , 
1331190, 1241804645508, 1241805596154, 0, 868, 5, 188.4, 0, 0, 0, 1119385, 1, 
133697, 1241799755620, 1241800978156, 0, 482, 4, 148, 0, 2, 0, 510740, 3, 0
1343542, 1241801527762, 1241802666799, 0, 551, 3, 115.66666666666667, 0, 0, 0, 447249, 1, 
1344192, 1241801222221, 1241801456718, 0, 0, 0, 0, 0, 0, 0, 0, 1, 
1345092, 1241803768394, 1241804468184, 0, 747, 3, 177.33333333333334, 0, 0, 0, 311783, 1, 
1345251, 1241801177776, 1241801220603, 0, 0, 0, 0, 0, 0, 0, 0, 1, 
1345315, 1241800209393, 1241800223393, 0, 0, 0, 0, 0, 0, 0, 0, 1, 
1346063, 1241803621434, 1241803958153, 0, 2620, 11, 139.8181818181818, 0, 0, 0, 54776, 2, 
1346176, 1241805572560, 1241805618954, 0, 0, 0, 0, 0, 0, 0, 0, 1, 
1346468, 1241802061409, 1241802097550, 0, 0, 0, 0, 0, 0, 0, 1285504, 1, 
1346522, 1241804864470, 1241805764264, 0, 426, 4, 108.75, 0, 0, 0, 0, 1, 
1346597, 1241805163679, 1241806648440, 0, 2003, 8, 145, 0, 0, 0, 1285504, 2, 
1346857, 1241805610231, 1241806130301, 0, 361, 1, 158, 0, 0, 0, 0, 1, 
1347608, 1241804222283, 1241804385030, 0, 0, 0, 0, 0, 0, 0, 0, 1, 
141194, 1241802308023, 1241802830837, 0, 370, 2, 117.5, 0, 0, 0, 80094, 1, 
142301, 1241803616438, 1241803864755, 0, 0, 0, 0, 0, 0, 0, 241925, 1, 
143538, , , 167.8, 0, 0, 0, 0, 2, 25, 1531, , 
145497, , , 131.9, 0, 0, 0, 0, 1, 2, 1062853, , 
1531, 1241801394101, , 0, 13185, 20, 637.75, 503, 6, 14, 12, 15, 3
154004, , , 138.95000000000002, 0, 0, 0, 0, 10, 6, 90041, , 
155004, 1241798278109, 1241799288147, 0, 1319, 6, 219.83333333333334, 0, 2, 0, 145497, 3, 
156489, 1241801899471, 1241802343210, 0, 662, 2, 435, 154238, 16, 23, 713, 9, 1
160138, , , 38.45, 0, 0, 0, 0, 7, 8, 150469, , 
16825, , , 278.1, 0, 0, 0, 0, 14, 9, 4139, , 
170191, , , 224.7, 0, 0, 0, 0, 3, 10, 202873, , 
170316, , , 68.3, 0, 0, 0, 0, 4, 1, 210210, , 
1704, , , 59.900000000000006, 0, 0, 0, 0, 2, 5, 33541, , 
171513, 1241803677491, 1241803965367, 62.199999999999996, 1936, 5, 346.2, 0, 10, 7, 170191, 12, 2
179762, 1241806547916, , 0, 0, 0, 0, 0, 0, 0, 0, 2, 0
181164, 1241803188461, 1241803195872, 0, 0, 0, 0, 0, 0, 0, 0, 1, 
183913, 1241799708971, 1241799766564, 0, 0, 0, 0, 0, 0, 0, 447249, 2, 
188678, 1241803985971, 1241804439521, 0, 5606, 5, 1262.6, 0, 0, 0, 0, 3, 
1892, , , 18.35, 0, 0, 0, 0, 20, 1, 995, , 
192120, , , 28.700000000000003, 0, 0, 0, 0, 2, 7, 209500, , 
196462, , , 14.350000000000001, 0, 0, 0, 0, 2, 12, 392944, , 
199427, , , 836.5000000000001, 0, 0, 0, 0, 1, 9, 208602, , 
20260, , , 492.8999999999999, 0, 0, 0, 0, 18, 15, 12, , 
202873, , , 96.8, 0, 0, 0, 0, 1, 3, 341164, , 
208602, , , 403.35, 0, 0, 0, 0, 7, 1, 351626, , 
210003, 1241802605573, 1241803078201, 0, 287, 1, 268, 0, 0, 0, 39030, 1, 
210210, , , 34.15, 0, 0, 0, 0, 4, 4, 381607, , 
21067, 1241799735203, 1241800994808, 0, 1152, 4, 341, 0, 2, 45, 302907, 8, 4
211527, 1241799140160, 1241800613630, 0, 0, 0, 0, 0, 1, 0, 197740, 3, 
211601, , , 5.5, 0, 0, 0, 0, 1, 9, 7078, , 
211715, , , 6.75, 0, 0, 0, 0, 2, 3, 299646, , 
217283, , , 36.7, 0, 0, 0, 0, 64, 3, 57393, , 
223864, , , 225.6, 0, 0, 0, 0, 7, 36, 160138, , 
249619, 1241805053317, , 0, 821, 6, 99.66666666666667, 0, 0, 0, 298666, 1, 0
259344, , , 461.45000000000005, 0, 0, 0, 0, 23, 22, 143538, , 
269092, 1241800127350, 1241803858240, 0, 683, 5, 122.8, 0, 1, 2, 170316, 4, 1
271936, 1241800647935, 1241801781915, 0, 587, 1, 185, 0, 3, 0, 887964, 4, 
2779, 1241800102276, 1241800756797, 0, 387, 3, 129, 0, 0, 0, 0, 1, 
2796, , , 169.60000000000002, 0, 0, 0, 0, 5, 0, 259344, , 
282780, 1241799387786, 1241799804366, 0, 95, 1, 95, 0, 0, 0, 0, 1, 
283855, , , 57.60000000000001, 0, 0, 0, 0, 1, 2, 98128, , 
2843, 1241799845032, 1241800603528, 0, 2379, 5, 475.8, 5212, 8, 33, 3383, 13, 11
285205, , , 9.5, 0, 0, 0, 0, 6, 0, 154004, , 
285870, 1241803960446, 1241804423267, 0, 5606, 5, 979.6, 0, 0, 0, 0, 3, 
294591, 1241799932587, 1241799951340, 0, 0, 0, 0, 0, 0, 0, 0, 1, 
298666, , , 82.10000000000001, 0, 0, 0, 0, 8, 0, 259344, , 
302907, , , 115.20000000000002, 0, 0, 0, 0, 2, 2, 283855, , 
307471, 1241802007614, 1241806184427, 55.800000000000004, 2468, 9, 447.77777777777777, 0, 7, 19, 12, 10, 4
309096, , , 57.400000000000006, 0, 0, 0, 0, 7, 1, 192120, , 
311783, 1241803806267, 1241805941126, 60.7, 2418, 11, 291.54545454545456, 0, 13, 3, 11460, 10, 7
3200, 1241800624908, 1241800673761, 303.30000000000007, 769, 3, 369.3333333333333, 71724, 36, 22, 223864, 13, 2
33541, , , 29.950000000000003, 0, 0, 0, 0, 1, 2, 12, , 
3383, 1241799398775, 1241801549120, 237.9, 8931, 13, 585.0769230769232, 8842, 6, 10, 12791, 15, 2
338409, 1241806527545, 1241806583525, 0, 0, 0, 0, 0, 6, 4, 65584, 6, 4
351598, , , 756, 0, 0, 0, 0, 1, 32, 359624, , 
35568, , , 18.900000000000002, 0, 0, 0, 0, 3, 30, 258951, , 
359624, , , 378, 0, 0, 0, 0, 4, 1, 201132, , 
383387, , , 782.6499999999999, 0, 0, 0, 0, 7, 57, 0, , 
39030, , , 28.700000000000003, 0, 0, 0, 0, 12, 0, 196462, , 
397835, , , 125.6, 0, 0, 0, 0, 5, 35, 47379, , 
41022, , , 120.90000000000002, 0, 0, 0, 0, 2, 1, 412796, , 
4139, 1241805966670, , 100.44999999999999, 13185, 20, 746.3, 44987, 25, 23, 713, 19, 3
4141, 1241802492995, 1241804758140, 0, 1696, 8, 232, 0, 0, 0, 2796, 3, 
43402, , , 236.10000000000002, 0, 0, 0, 0, 12, 1, 123961, , 
438480, 1241801956210, 1241802022927, 0, 0, 0, 0, 0, 0, 0, 0, 1, 
43915, 1241802355610, 1241802361112, 0, 0, 0, 0, 0, 0, 0, 61984, 2, 0
447249, 1241803767569, 1241805556719, 59.60000000000001, 8067, 12, 741.6666666666666, 10642, 9, 5, 199427, 15, 2
505544, , , 13.5, 0, 0, 0, 0, 3, 0, 211715, , 
510740, , , 48.2, 0, 0, 0, 0, 70, 3, 534632, , 
522658, , , 22.6, 0, 0, 0, 0, 6, 4, 10642, , 
52818, 1241802568566, 1241803233081, 0, 0, 0, 0, 1118266, 4, 1, 367452, 4, 0
533, 1241805954298, , 0, 2301, 4, 575.25, 535, 10, 11, 20260, 14, 2
534632, , , 24.1, 0, 0, 0, 0, 7, 70, 445660, , 
541655, , , 260.75, 0, 0, 0, 0, 1, 22, 126451, , 
54776, 1241801605561, , 194.8, 5256, 16, 441.625, 1062, 80, 33, 89757, 16, 3
55009, 1241805271272, 1241806450937, 0, 574, 3, 212.33333333333334, 0, 1, 3, 309096, 4, 0
559, 1241805230405, 1241805420869, 0, 226, 1, 183, 0, 4, 0, 522658, 4, 
561864, , , 36.7, 0, 0, 0, 0, 1, 0, 1892, , 
57393, , , 18.35, 0, 0, 0, 0, 6, 68, 159420, , 
57825, 1241802417062, 1241802450303, 0, 0, 0, 0, 0, 0, 0, 8938, 1, 
613661, 1241800805911, 1241803202364, 0, 367, 2, 222, 0, 0, 0, 561864, 3, 0
624616, 1241806209964, , 0, 481, 2, 148, 0, 1, 0, 104252, 2, 0
624632, 1241800226072, 1241800661481, 0, 135, 1, 129, 0, 0, 0, 505544, 2, 
632287, 1241804539701, 1241804872318, 0, 95, 1, 89, 0, 0, 0, 285205, 1, 
63415, 1241805572175, , 0, 5215, 16, 344.9375, 0, 11, 1, 8938, 6, 3
642041, 1241801759109, 1241806097203, 154.4, 2009, 10, 139.1, 0, 3, 3, 16825, 4, 1
643236, 1241800511990, 1241800793036, 0, 110, 1, 92, 0, 0, 0, 132921, 2, 
70997, , , 269.7, 0, 0, 0, 0, 35, 10, 397835, , 
713, , , 1586.6500000000003, 0, 0, 0, 0, 11, 54, 12, , 
782580, 1241800803636, 1241801551095, 0, 367, 2, 144.5, 0, 0, 0, 217283, 2, 
80094, 1241800678577, 1241803853532, 37, 2512, 8, 331.875, 65812, 10, 1, 70997, 6, 4
887964, , , 58.7, 0, 0, 0, 0, 2, 3, 919861, , 
8938, 1241802602050, 1241802954041, 521.5, 0, 0, 0, 0, 22, 13, 541655, 6, 3
89757, , , 623, 0, 0, 0, 0, 3, 80, 20260, , 
90041, , , 67.10000000000001, 0, 0, 0, 0, 1, 10, 258951, , 
913234, 1241800694237, 1241800824484, 0, 0, 0, 0, 0, 0, 0, 0, 1, 
919861, , , 29.35, 0, 0, 0, 0, 1, 2, 171151, , 
92600, 1241804828252, 1241806430571, 0, 2361, 9, 338.22222222222223, 0, 1, 0, 43402, 3, 0
968, 1241801818938, 1241802616524, 0, 599, 2, 166.5, 0, 5, 3, 1704, 11, 2
<<<<EndTable

PlayersOnlineNow=10
PlayersOnlineEachMinute=0, 2, 4, 3, 5, 5, 5, 4, 4, 4, 5, 6, 6, 6, 7, 8, 7, 8, 8, 10, 10, 11, 11, 13, 12, 15, 15, 15, 15, 16, 14, 16, 18, 19, 20, 20, 20, 18, 18, 16, 16, 19, 17, 19, 19, 20, 18, 17, 19, 20, 20, 18, 20, 20, 20, 19, 18, 20, 18, 17, 18, 19, 17, 18, 19, 18, 19, 17, 18, 18, 17, 16, 19, 19, 19, 20, 18, 18, 18, 18, 20, 22, 21, 17, 17, 17, 15, 15, 15, 16, 17, 17, 20, 19, 17, 15, 17, 16, 17, 17, 18, 18, 17, 15, 14, 15, 14, 14, 12, 11, 12, 13, 12, 13, 12, 13, 14, 15, 14, 14, 13, 13, 13, 14, 14, 13, 13, 13, 13, 14, 13, 11, 10, 11, 11, 11, 10, 9, 11, 10
PlayersInEachFeedingGame=1, 2, 1, 1, 1, 1, 1, 2, 1, 1, 2, 2, 2, 1, 2, 1, 1, 1, 1, 2, 2, 2, 1, 2, 2, 1, 2, 2, 4, 1, 2, 2, 2, 2, 1, 2, 2, 2, 2, 2, 2, 1, 2, 2, 2, 1, 1, 1, 2, 2, 1, 2, 2, 1, 2, 2, 2, 2, 1, 2, 2, 2, 2, 1, 2, 2, 1, 1, 2, 1, 2, 2, 2, 2, 2, 2, 2, 2, 2, 3, 3, 2, 1, 2, 2, 2, 2, 2, 2, 1, 2, 2, 1, 2, 2, 2, 2, 2, 1, 2, 1, 2, 2, 1, 2, 2, 2, 1, 1, 1, 2, 2, 2, 2, 2, 2, 1, 2, 2, 2, 2, 2, 2, 2, 2, 2, 2, 1, 2, 2, 2, 2
PlayersStarted=141
PlayersQuit=131
StatsStartTime=1241798276021
StatsDumpTime=1241806676454
<<<<EndStats
2009-05-08 11:18:04,165 ERROR: vampire.server.feeding.FeedingRecord sendPlayerStartGameMsg [playerId=1119385, prey=true, _predatorIndex=]
2009-05-08 11:18:04,166 ERROR: vampire.server.feeding.FeedingRecord sendPlayerStartGameMsg [playerId=249619, prey=false, _predatorIndex=]
2009-05-08 11:18:23,470 ERROR: vampire.server.feeding.FeedingRecord sendPlayerStartGameMsg [playerId=1036473, prey=false, _predatorIndex=63415]
2009-05-08 11:19:34,801 ERROR: vampire.server.feeding.FeedingRecord sendPlayerStartGameMsg [playerId=1036473, prey=true, _predatorIndex=]
2009-05-08 11:19:34,801 ERROR: vampire.server.feeding.FeedingRecord sendPlayerStartGameMsg [playerId=624616, prey=false, _predatorIndex=]
2009-05-08 11:20:08,886 ERROR: vampire.server.feeding.FeedingRecord sendPlayerStartGameMsg [playerId=1287364, prey=false, _predatorIndex=624616]
2009-05-08 11:21:17,442 ERROR: vampire.server.feeding.FeedingRecord sendPlayerStartGameMsg [playerId=1119385, prey=false, _predatorIndex=]
2009-05-08 11:21:31,198 ERROR: vampire.server.feeding.FeedingRecord sendPlayerStartGameMsg [playerId=1531, prey=false, _predatorIndex=]
2009-05-08 11:22:20,391 ERROR: vampire.server.feeding.FeedingRecord sendPlayerStartGameMsg [playerId=63415, prey=true, _predatorIndex=]
2009-05-08 11:22:20,392 ERROR: vampire.server.feeding.FeedingRecord sendPlayerStartGameMsg [playerId=1036473, prey=false, _predatorIndex=]
2009-05-08 11:22:23,129 ERROR: vampire.server.feeding.FeedingRecord sendPlayerStartGameMsg [playerId=249619, prey=false, _predatorIndex=1036473]
2009-05-08 11:22:32,391 ERROR: vampire.server.feeding.FeedingRecord sendPlayerStartGameMsg [playerId=4139, prey=true, _predatorIndex=]
2009-05-08 11:22:32,392 ERROR: vampire.server.feeding.FeedingRecord sendPlayerStartGameMsg [playerId=3383, prey=false, _predatorIndex=]
2009-05-08 11:22:35,808 ERROR: vampire.server.feeding.FeedingRecord sendPlayerStartGameMsg [playerId=54776, prey=true, _predatorIndex=]
2009-05-08 11:22:35,809 ERROR: vampire.server.feeding.FeedingRecord sendPlayerStartGameMsg [playerId=249619, prey=false, _predatorIndex=]
2009-05-08 11:24:19,863 ERROR: vampire.server.feeding.FeedingRecord sendPlayerStartGameMsg [playerId=533, prey=false, _predatorIndex=3383]
2009-05-08 11:27:10,077 ERROR: vampire.server.feeding.FeedingRecord sendPlayerStartGameMsg [playerId=12791, prey=false, _predatorIndex=3383,533]

>>>>BeginStats

>>>>BeginTable
PlayerId, StartTime, EndTime, ProgenyPayout, XPFromFeeding, FeedingGames, MeanFeedingScore, BloodBond, Progeny, GrandProgeny, Sire, Level, Invites
1007244, 1241802695609, 1241802718645, 0, 0, 0, 0, 0, 0, 0, 0, 1, 
1023595, 1241798826063, 1241799480374, 0, 378, 4, 94.5, 0, 0, 0, 1092321, 2, 
10260, , , 26.900000000000002, 0, 0, 0, 0, 10, 0, 713, , 
1036473, 1241806660407, 1241807137251, 0, 506, 2, 225, 0, 0, 0, 96912, 2, 
104252, , , 73.1, 0, 0, 0, 0, 1, 1, 10642, , 
106239, 1241798375384, 1241798423045, 0, 0, 0, 0, 0, 0, 0, 5842, 4, 2
1062853, , , 65.95, 0, 0, 0, 0, 9, 1, 1124214, , 
10634, 1241801495302, 1241801741313, 0, 1885, 7, 198, 11600, 2, 0, 713, 5, 2
10642, 1241800405139, 1241801750004, 47.85, 7560, 9, 763.1111111111111, 447249, 32, 46, 351598, 16, 2
1085269, 1241804547820, 1241804573791, 0, 0, 0, 0, 0, 0, 0, 0, 1, 
1089041, 1241799831666, 1241801957973, 0, 269, 3, 86, 0, 0, 0, 10260, 3, 
1092321, , , 37.800000000000004, 0, 0, 0, 0, 30, 0, 35568, , 
1119385, 1241803017071, , 11.8, 3087, 17, 143.11764705882356, 0, 1, 0, 3200, 3, 0
113162, 1241802737141, 1241805302116, 0, 1342, 8, 106.625, 0, 0, 0, 154004, 2, 
1133427, 1241800167168, 1241800459034, 0, 109, 1, 95, 0, 0, 0, 0, 1, 
1138221, 1241801103779, 1241801423206, 0, 0, 0, 0, 1283799, 0, 0, 269484, 4, 
11460, , , 272.15000000000003, 0, 0, 0, 0, 1, 13, 41022, , 
118975, 1241801485293, 1241801638131, 0, 0, 0, 0, 0, 1, 1, 160138, 12, 2
12, , , 3062.2, 0, 0, 0, 0, 20, 68, 383387, , 
1207080, 1241803233695, 1241803686120, 0, 135, 1, 115, 0, 0, 0, 0, 1, 
1207373, 1241800295157, 1241800517322, 0, 135, 1, 140, 0, 0, 0, 0, 1, 
1209405, 1241799743477, 1241800043348, 0, 179, 1, 103, 0, 0, 0, 3200, 1, 
123961, , , 118.05000000000001, 0, 0, 0, 0, 1, 12, 713, , 
1239706, 1241799761605, 1241800488359, 0, 652, 3, 129.33333333333334, 0, 0, 0, 447249, 2, 
124119, 1241803111325, 1241803254590, 0, 0, 0, 0, 0, 0, 0, 1127083, 3, 
1241857, 1241801195939, 1241803240458, 100.15, 3356, 12, 395, 261567, 4, 3, 259344, 8, 1
1267242, 1241802564250, 1241804699387, 0, 1544, 10, 107.2, 0, 0, 0, 642041, 2, 
1271614, 1241803144094, 1241803155079, 0, 0, 0, 0, 0, 0, 0, 0, 1, 
1274154, 1241802564075, 1241802634696, 0, 0, 0, 0, 0, 0, 0, 642041, 1, 
12791, 1241807118816, , 1108.85, 0, 0, 0, 0, 15, 24, 12, 13, 2
1279761, 1241803990303, 1241804684579, 0, 622, 4, 115.5, 0, 0, 0, 171513, 3, 
1285504, , , 200.3, 0, 0, 0, 0, 3, 0, 1241857, , 
1287364, 1241806796894, 1241807158177, 0, 0, 0, 0, 0, 0, 0, 0, 1, 
1288202, 1241802222155, 1241802235504, 0, 0, 0, 0, 0, 0, 0, 1285504, 1, 
1288210, 1241805639212, 1241806018121, 0, 0, 0, 0, 0, 0, 0, 0, 1, 
1311203, 1241799610036, 1241799864733, 0, 0, 0, 0, 0, 0, 0, 1284093, 1, 
1320175, 1241803743029, 1241803811104, 0, 0, 0, 0, 0, 0, 0, 0, 1, 
1323699, 1241803975030, 1241805063269, 0, 558, 3, 101.66666666666667, 0, 0, 0, 307471, 1, 
132921, , , 11, 0, 0, 0, 0, 9, 0, 211601, , 
1331190, 1241804645508, 1241805596154, 0, 868, 5, 188.4, 0, 0, 0, 1119385, 1, 
133697, 1241799755620, 1241800978156, 0, 482, 4, 148, 0, 2, 0, 510740, 3, 0
1343542, 1241801527762, 1241802666799, 0, 551, 3, 115.66666666666667, 0, 0, 0, 447249, 1, 
1344192, 1241801222221, 1241801456718, 0, 0, 0, 0, 0, 0, 0, 0, 1, 
1345092, 1241803768394, 1241804468184, 0, 747, 3, 177.33333333333334, 0, 0, 0, 311783, 1, 
1345251, 1241801177776, 1241801220603, 0, 0, 0, 0, 0, 0, 0, 0, 1, 
1345315, 1241800209393, 1241800223393, 0, 0, 0, 0, 0, 0, 0, 0, 1, 
1346063, 1241803621434, 1241803958153, 0, 2620, 11, 139.8181818181818, 0, 0, 0, 54776, 2, 
1346176, 1241805572560, 1241805618954, 0, 0, 0, 0, 0, 0, 0, 0, 1, 
1346468, 1241802061409, 1241802097550, 0, 0, 0, 0, 0, 0, 0, 1285504, 1, 
1346522, 1241804864470, 1241805764264, 0, 426, 4, 108.75, 0, 0, 0, 0, 1, 
1346597, 1241805163679, 1241806648440, 0, 2003, 8, 145, 0, 0, 0, 1285504, 2, 
1346857, 1241805610231, 1241806130301, 0, 361, 1, 158, 0, 0, 0, 0, 1, 
1347608, 1241804222283, 1241804385030, 0, 0, 0, 0, 0, 0, 0, 0, 1, 
138741, , , 25.3, 0, 0, 0, 0, 1, 2, 437210, , 
141194, 1241802308023, 1241802830837, 0, 370, 2, 117.5, 0, 0, 0, 80094, 1, 
142301, 1241803616438, 1241803864755, 0, 0, 0, 0, 0, 0, 0, 241925, 1, 
143538, , , 167.8, 0, 0, 0, 0, 2, 25, 1531, , 
145497, , , 131.9, 0, 0, 0, 0, 1, 2, 1062853, , 
1531, 1241801394101, , 0, 13185, 20, 637.75, 503, 6, 14, 12, 15, 3
154004, , , 138.95000000000002, 0, 0, 0, 0, 10, 6, 90041, , 
155004, 1241798278109, 1241799288147, 0, 1319, 6, 219.83333333333334, 0, 2, 0, 145497, 3, 
156489, 1241801899471, 1241802343210, 0, 662, 2, 435, 154238, 16, 23, 713, 9, 1
160138, , , 38.45, 0, 0, 0, 0, 7, 8, 150469, , 
16825, , , 278.1, 0, 0, 0, 0, 14, 9, 4139, , 
170191, , , 224.7, 0, 0, 0, 0, 3, 10, 202873, , 
170316, , , 68.3, 0, 0, 0, 0, 4, 1, 210210, , 
1704, , , 59.900000000000006, 0, 0, 0, 0, 2, 5, 33541, , 
171513, 1241803677491, 1241803965367, 62.199999999999996, 1936, 5, 346.2, 0, 10, 7, 170191, 12, 2
179762, 1241806547916, , 0, 0, 0, 0, 0, 0, 0, 0, 2, 0
181164, 1241803188461, 1241803195872, 0, 0, 0, 0, 0, 0, 0, 0, 1, 
183913, 1241799708971, 1241799766564, 0, 0, 0, 0, 0, 0, 0, 447249, 2, 
188678, 1241803985971, 1241804439521, 0, 5606, 5, 1262.6, 0, 0, 0, 0, 3, 
1892, , , 18.35, 0, 0, 0, 0, 20, 1, 995, , 
192120, , , 28.700000000000003, 0, 0, 0, 0, 2, 7, 209500, , 
196462, , , 14.350000000000001, 0, 0, 0, 0, 2, 12, 392944, , 
199427, , , 836.5000000000001, 0, 0, 0, 0, 1, 9, 208602, , 
20260, , , 610.9999999999999, 0, 0, 0, 0, 18, 15, 12, , 
202873, , , 96.8, 0, 0, 0, 0, 1, 3, 341164, , 
208602, , , 403.35, 0, 0, 0, 0, 7, 1, 351626, , 
210003, 1241802605573, 1241803078201, 0, 287, 1, 268, 0, 0, 0, 39030, 1, 
210210, , , 34.15, 0, 0, 0, 0, 4, 4, 381607, , 
21067, 1241799735203, 1241800994808, 0, 1152, 4, 341, 0, 2, 45, 302907, 8, 4
211527, 1241799140160, 1241800613630, 0, 0, 0, 0, 0, 1, 0, 197740, 3, 
211601, , , 5.5, 0, 0, 0, 0, 1, 9, 7078, , 
211715, , , 6.75, 0, 0, 0, 0, 2, 3, 299646, , 
217283, , , 36.7, 0, 0, 0, 0, 64, 3, 57393, , 
223864, , , 240.2, 0, 0, 0, 0, 7, 36, 160138, , 
249619, 1241805053317, , 0, 1481, 9, 101.22222222222223, 0, 0, 0, 298666, 2, 0
259344, , , 494.4500000000001, 0, 0, 0, 0, 23, 22, 143538, , 
269092, 1241800127350, 1241803858240, 0, 683, 5, 122.8, 0, 1, 2, 170316, 4, 1
271936, 1241800647935, 1241801781915, 0, 587, 1, 185, 0, 3, 0, 887964, 4, 
2779, 1241800102276, 1241800756797, 0, 387, 3, 129, 0, 0, 0, 0, 1, 
2796, , , 169.60000000000002, 0, 0, 0, 0, 5, 0, 259344, , 
282780, 1241799387786, 1241799804366, 0, 95, 1, 95, 0, 0, 0, 0, 1, 
283855, , , 57.60000000000001, 0, 0, 0, 0, 1, 2, 98128, , 
2843, 1241799845032, 1241800603528, 0, 2379, 5, 475.8, 5212, 8, 33, 3383, 13, 11
285205, , , 9.5, 0, 0, 0, 0, 6, 0, 154004, , 
285870, 1241803960446, 1241804423267, 0, 5606, 5, 979.6, 0, 0, 0, 0, 3, 
294591, 1241799932587, 1241799951340, 0, 0, 0, 0, 0, 0, 0, 0, 1, 
298666, , , 148.1, 0, 0, 0, 0, 8, 0, 259344, , 
302907, , , 115.20000000000002, 0, 0, 0, 0, 2, 2, 283855, , 
307471, 1241802007614, 1241806184427, 55.800000000000004, 2468, 9, 447.77777777777777, 0, 7, 19, 12, 10, 4
309096, , , 57.400000000000006, 0, 0, 0, 0, 7, 1, 192120, , 
311783, 1241803806267, 1241805941126, 60.7, 2418, 11, 291.54545454545456, 0, 13, 3, 11460, 10, 7
3200, 1241800624908, 1241800673761, 332.50000000000006, 769, 3, 369.3333333333333, 71724, 36, 22, 223864, 13, 2
33541, , , 29.950000000000003, 0, 0, 0, 0, 1, 2, 12, , 
3383, 1241806724936, , 237.9, 9899, 15, 573.1333333333334, 8842, 6, 10, 12791, 16, 2
338409, 1241806527545, 1241806583525, 0, 0, 0, 0, 0, 6, 4, 65584, 6, 4
351598, , , 756, 0, 0, 0, 0, 1, 32, 359624, , 
35568, , , 18.900000000000002, 0, 0, 0, 0, 3, 30, 258951, , 
359624, , , 378, 0, 0, 0, 0, 4, 1, 201132, , 
383387, , , 782.6499999999999, 0, 0, 0, 0, 7, 57, 0, , 
39030, , , 28.700000000000003, 0, 0, 0, 0, 12, 0, 196462, , 
397835, , , 125.6, 0, 0, 0, 0, 5, 35, 47379, , 
41022, , , 120.90000000000002, 0, 0, 0, 0, 2, 1, 412796, , 
4139, 1241805966670, , 100.44999999999999, 14153, 22, 729.2727272727273, 44987, 25, 23, 713, 19, 3
4141, 1241802492995, 1241804758140, 0, 1696, 8, 232, 0, 0, 0, 2796, 3, 
430717, 1241807189544, , 0, 0, 0, 0, 503425, 30, 25, 256746, 12, 6
43402, , , 236.10000000000002, 0, 0, 0, 0, 12, 1, 123961, , 
438480, 1241801956210, 1241802022927, 0, 0, 0, 0, 0, 0, 0, 0, 1, 
43915, 1241802355610, 1241802361112, 0, 0, 0, 0, 0, 0, 0, 61984, 2, 0
447249, 1241803767569, 1241805556719, 59.60000000000001, 8067, 12, 741.6666666666666, 10642, 9, 5, 199427, 15, 2
505544, , , 13.5, 0, 0, 0, 0, 3, 0, 211715, , 
510740, , , 48.2, 0, 0, 0, 0, 70, 3, 534632, , 
522658, , , 22.6, 0, 0, 0, 0, 6, 4, 10642, , 
52818, 1241802568566, 1241803233081, 0, 0, 0, 0, 1118266, 4, 1, 367452, 4, 0
533, 1241805954298, , 0, 2781, 5, 521.2, 535, 10, 11, 20260, 14, 2
534632, , , 24.1, 0, 0, 0, 0, 7, 70, 445660, , 
541655, , , 316.25, 0, 0, 0, 0, 1, 22, 126451, , 
54776, 1241806945616, , 194.8, 6658, 20, 441.65, 1062, 80, 33, 89757, 16, 3
55009, 1241805271272, 1241806450937, 0, 574, 3, 212.33333333333334, 0, 1, 3, 309096, 4, 0
559, 1241805230405, 1241805420869, 0, 226, 1, 183, 0, 4, 0, 522658, 4, 
561864, , , 36.7, 0, 0, 0, 0, 1, 0, 1892, , 
57393, , , 18.35, 0, 0, 0, 0, 6, 68, 159420, , 
57825, 1241802417062, 1241802450303, 0, 0, 0, 0, 0, 0, 0, 8938, 1, 
613661, 1241800805911, 1241803202364, 0, 367, 2, 222, 0, 0, 0, 561864, 3, 0
624616, 1241806209964, , 0, 731, 3, 175.33333333333334, 0, 1, 0, 104252, 3, 0
624632, 1241800226072, 1241800661481, 0, 135, 1, 129, 0, 0, 0, 505544, 2, 
632287, 1241804539701, 1241804872318, 0, 95, 1, 89, 0, 0, 0, 285205, 1, 
63415, 1241805572175, , 0, 6325, 19, 351.3157894736842, 0, 11, 1, 8938, 6, 3
642041, 1241801759109, 1241806097203, 154.4, 2009, 10, 139.1, 0, 3, 3, 16825, 4, 1
643236, 1241800511990, 1241800793036, 0, 110, 1, 92, 0, 0, 0, 132921, 2, 
70997, , , 269.7, 0, 0, 0, 0, 35, 10, 397835, , 
713, , , 1683.4500000000003, 0, 0, 0, 0, 11, 54, 12, , 
782580, 1241800803636, 1241801551095, 0, 367, 2, 144.5, 0, 0, 0, 217283, 2, 
80094, 1241800678577, 1241803853532, 37, 2512, 8, 331.875, 65812, 10, 1, 70997, 6, 4
887964, , , 58.7, 0, 0, 0, 0, 2, 3, 919861, , 
8938, 1241802602050, 1241802954041, 632.5, 0, 0, 0, 0, 22, 13, 541655, 6, 3
89757, , , 763.2, 0, 0, 0, 0, 3, 80, 20260, , 
90041, , , 67.10000000000001, 0, 0, 0, 0, 1, 10, 258951, , 
913234, 1241800694237, 1241800824484, 0, 0, 0, 0, 0, 0, 0, 0, 1, 
919861, , , 29.35, 0, 0, 0, 0, 1, 2, 171151, , 
92600, 1241804828252, 1241806430571, 0, 2361, 9, 338.22222222222223, 0, 1, 0, 43402, 3, 0
968, 1241801818938, 1241802616524, 0, 599, 2, 166.5, 0, 5, 3, 1704, 11, 2
96912, , , 50.6, 0, 0, 0, 0, 2, 0, 138741, , 
<<<<EndTable

PlayersOnlineNow=12
PlayersOnlineEachMinute=0, 2, 4, 3, 5, 5, 5, 4, 4, 4, 5, 6, 6, 6, 7, 8, 7, 8, 8, 10, 10, 11, 11, 13, 12, 15, 15, 15, 15, 16, 14, 16, 18, 19, 20, 20, 20, 18, 18, 16, 16, 19, 17, 19, 19, 20, 18, 17, 19, 20, 20, 18, 20, 20, 20, 19, 18, 20, 18, 17, 18, 19, 17, 18, 19, 18, 19, 17, 18, 18, 17, 16, 19, 19, 19, 20, 18, 18, 18, 18, 20, 22, 21, 17, 17, 17, 15, 15, 15, 16, 17, 17, 20, 19, 17, 15, 17, 16, 17, 17, 18, 18, 17, 15, 14, 15, 14, 14, 12, 11, 12, 13, 12, 13, 12, 13, 14, 15, 14, 14, 13, 13, 13, 14, 14, 13, 13, 13, 13, 14, 13, 11, 10, 11, 11, 11, 10, 9, 11, 10, 10, 11, 12, 12, 12, 12, 12, 12, 12, 12
PlayersInEachFeedingGame=1, 2, 1, 1, 1, 1, 1, 2, 1, 1, 2, 2, 2, 1, 2, 1, 1, 1, 1, 2, 2, 2, 1, 2, 2, 1, 2, 2, 4, 1, 2, 2, 2, 2, 1, 2, 2, 2, 2, 2, 2, 1, 2, 2, 2, 1, 1, 1, 2, 2, 1, 2, 2, 1, 2, 2, 2, 2, 1, 2, 2, 2, 2, 1, 2, 2, 1, 1, 2, 1, 2, 2, 2, 2, 2, 2, 2, 2, 2, 3, 3, 2, 1, 2, 2, 2, 2, 2, 2, 1, 2, 2, 1, 2, 2, 2, 2, 2, 1, 2, 1, 2, 2, 1, 2, 2, 2, 1, 1, 1, 2, 2, 2, 2, 2, 2, 1, 2, 2, 2, 2, 2, 2, 2, 2, 2, 2, 1, 2, 2, 2, 2, 2, 2, 1, 2, 2, 2
PlayersStarted=147
PlayersQuit=135
StatsStartTime=1241798276021
StatsDumpTime=1241807276497
<<<<EndStats
2009-05-08 11:27:57,570 ERROR: vampire.server.feeding.FeedingRecord sendPlayerStartGameMsg [playerId=63415, prey=false, _predatorIndex=]
2009-05-08 11:29:15,809 ERROR: vampire.server.feeding.FeedingRecord sendPlayerStartGameMsg [playerId=624616, prey=true, _predatorIndex=]
2009-05-08 11:29:15,810 ERROR: vampire.server.feeding.FeedingRecord sendPlayerStartGameMsg [playerId=1119385, prey=false, _predatorIndex=]
2009-05-08 11:30:17,169 ERROR: vampire.server.feeding.FeedingRecord sendPlayerStartGameMsg [playerId=430717, prey=true, _predatorIndex=]
2009-05-08 11:30:17,170 ERROR: vampire.server.feeding.FeedingRecord sendPlayerStartGameMsg [playerId=249619, prey=false, _predatorIndex=]
2009-05-08 11:31:54,151 ERROR: vampire.server.feeding.FeedingRecord sendPlayerStartGameMsg [playerId=63415, prey=false, _predatorIndex=249619]
2009-05-08 11:32:02,518 ERROR: vampire.server.feeding.FeedingRecord sendPlayerStartGameMsg [playerId=179762, prey=true, _predatorIndex=]
2009-05-08 11:32:02,519 ERROR: vampire.server.feeding.FeedingRecord sendPlayerStartGameMsg [playerId=1241857, prey=false, _predatorIndex=]
2009-05-08 11:32:11,760 ERROR: vampire.server.feeding.FeedingRecord sendPlayerStartGameMsg [playerId=836050, prey=true, _predatorIndex=]
2009-05-08 11:32:11,760 ERROR: vampire.server.feeding.FeedingRecord sendPlayerStartGameMsg [playerId=1119385, prey=false, _predatorIndex=]
2009-05-08 11:35:14,647 ERROR: vampire.server.feeding.FeedingRecord sendPlayerStartGameMsg [playerId=249619, prey=true, _predatorIndex=]
2009-05-08 11:35:14,647 ERROR: vampire.server.feeding.FeedingRecord sendPlayerStartGameMsg [playerId=1119385, prey=false, _predatorIndex=]
2009-05-08 11:35:29,844 ERROR: vampire.server.feeding.FeedingRecord sendPlayerStartGameMsg [playerId=199955, prey=false, _predatorIndex=249619,63415]
2009-05-08 11:35:54,070 ERROR: vampire.server.feeding.FeedingRecord sendPlayerStartGameMsg [playerId=199955, prey=false, _predatorIndex=249619,63415,199955]
2009-05-08 11:36:15,891 ERROR: vampire.server.feeding.FeedingRecord sendPlayerStartGameMsg [playerId=199955, prey=false, _predatorIndex=1119385]
2009-05-08 11:37:26,856 ERROR: vampire.server.feeding.FeedingRecord sendPlayerStartGameMsg [playerId=1241857, prey=true, _predatorIndex=]
2009-05-08 11:37:26,857 ERROR: vampire.server.feeding.FeedingRecord sendPlayerStartGameMsg [playerId=199955, prey=false, _predatorIndex=]

>>>>BeginStats

>>>>BeginTable
PlayerId, StartTime, EndTime, ProgenyPayout, XPFromFeeding, FeedingGames, MeanFeedingScore, BloodBond, Progeny, GrandProgeny, Sire, Level, Invites
1007244, 1241802695609, 1241802718645, 0, 0, 0, 0, 0, 0, 0, 0, 1, 
1023595, 1241798826063, 1241799480374, 0, 378, 4, 94.5, 0, 0, 0, 1092321, 2, 
10260, , , 26.900000000000002, 0, 0, 0, 0, 10, 0, 713, , 
1036473, 1241806660407, 1241807137251, 0, 506, 2, 225, 0, 0, 0, 96912, 2, 
104252, , , 85.6, 0, 0, 0, 0, 1, 1, 10642, , 
106239, 1241798375384, 1241798423045, 0, 0, 0, 0, 0, 0, 0, 5842, 4, 2
1062853, , , 65.95, 0, 0, 0, 0, 9, 1, 1124214, , 
10634, 1241801495302, 1241801741313, 0, 1885, 7, 198, 11600, 2, 0, 713, 5, 2
10642, 1241800405139, 1241801750004, 69.4, 7560, 9, 763.1111111111111, 447249, 32, 46, 351598, 16, 2
1085269, 1241804547820, 1241804573791, 0, 0, 0, 0, 0, 0, 0, 0, 1, 
1089041, 1241799831666, 1241801957973, 0, 269, 3, 86, 0, 0, 0, 10260, 3, 
1092321, , , 37.800000000000004, 0, 0, 0, 0, 30, 0, 35568, , 
1119385, 1241803017071, , 11.8, 3706, 20, 150.05, 0, 1, 0, 3200, 3, 0
113162, 1241802737141, 1241805302116, 0, 1342, 8, 106.625, 0, 0, 0, 154004, 2, 
113237, , , 30.6, 0, 0, 0, 0, 9, 19, 10642, , 
1133427, 1241800167168, 1241800459034, 0, 109, 1, 95, 0, 0, 0, 0, 1, 
1138221, 1241801103779, 1241801423206, 0, 0, 0, 0, 1283799, 0, 0, 269484, 4, 
11460, , , 272.15000000000003, 0, 0, 0, 0, 1, 13, 41022, , 
118975, 1241801485293, 1241801638131, 0, 0, 0, 0, 0, 1, 1, 160138, 12, 2
12, , , 3656.9999999999995, 0, 0, 0, 0, 20, 68, 383387, , 
1207080, 1241803233695, 1241803686120, 0, 135, 1, 115, 0, 0, 0, 0, 1, 
1207373, 1241800295157, 1241800517322, 0, 135, 1, 140, 0, 0, 0, 0, 1, 
1209405, 1241799743477, 1241800043348, 0, 179, 1, 103, 0, 0, 0, 3200, 1, 
123961, , , 118.05000000000001, 0, 0, 0, 0, 1, 12, 713, , 
1239706, 1241799761605, 1241800488359, 0, 652, 3, 129.33333333333334, 0, 0, 0, 447249, 2, 
124119, 1241803111325, 1241803254590, 0, 0, 0, 0, 0, 0, 0, 1127083, 3, 
1241857, 1241807321202, , 100.15, 3841, 13, 427, 261567, 4, 3, 259344, 8, 1
1267242, 1241802564250, 1241804699387, 0, 1544, 10, 107.2, 0, 0, 0, 642041, 2, 
1271614, 1241803144094, 1241803155079, 0, 0, 0, 0, 0, 0, 0, 0, 1, 
1274154, 1241802564075, 1241802634696, 0, 0, 0, 0, 0, 0, 0, 642041, 1, 
12791, 1241807118816, 1241807832257, 1373.85, 2650, 4, 678.5, 0, 15, 24, 12, 13, 2
1279761, 1241803990303, 1241804684579, 0, 622, 4, 115.5, 0, 0, 0, 171513, 3, 
1285504, , , 200.3, 0, 0, 0, 0, 3, 0, 1241857, , 
1287364, 1241806796894, 1241807158177, 0, 0, 0, 0, 0, 0, 0, 0, 1, 
1288202, 1241802222155, 1241802235504, 0, 0, 0, 0, 0, 0, 0, 1285504, 1, 
1288210, 1241805639212, 1241806018121, 0, 0, 0, 0, 0, 0, 0, 0, 1, 
1311203, 1241799610036, 1241799864733, 0, 0, 0, 0, 0, 0, 0, 1284093, 1, 
1320175, 1241803743029, 1241803811104, 0, 0, 0, 0, 0, 0, 0, 0, 1, 
1323699, 1241803975030, 1241805063269, 0, 558, 3, 101.66666666666667, 0, 0, 0, 307471, 1, 
132921, , , 11, 0, 0, 0, 0, 9, 0, 211601, , 
1331190, 1241804645508, 1241805596154, 0, 868, 5, 188.4, 0, 0, 0, 1119385, 1, 
1333314, 1241807762285, , 0, 0, 0, 0, 0, 0, 0, 0, 1, 0
133697, 1241799755620, 1241800978156, 0, 482, 4, 148, 0, 2, 0, 510740, 3, 0
1343542, 1241801527762, 1241802666799, 0, 551, 3, 115.66666666666667, 0, 0, 0, 447249, 1, 
1344192, 1241801222221, 1241801456718, 0, 0, 0, 0, 0, 0, 0, 0, 1, 
1345092, 1241803768394, 1241804468184, 0, 747, 3, 177.33333333333334, 0, 0, 0, 311783, 1, 
1345251, 1241801177776, 1241801220603, 0, 0, 0, 0, 0, 0, 0, 0, 1, 
1345315, 1241800209393, 1241800223393, 0, 0, 0, 0, 0, 0, 0, 0, 1, 
1346063, 1241803621434, 1241803958153, 0, 2620, 11, 139.8181818181818, 0, 0, 0, 54776, 2, 
1346176, 1241805572560, 1241805618954, 0, 0, 0, 0, 0, 0, 0, 0, 1, 
1346468, 1241802061409, 1241802097550, 0, 0, 0, 0, 0, 0, 0, 1285504, 1, 
1346522, 1241804864470, 1241805764264, 0, 426, 4, 108.75, 0, 0, 0, 0, 1, 
1346597, 1241805163679, 1241806648440, 0, 2003, 8, 145, 0, 0, 0, 1285504, 2, 
1346857, 1241805610231, 1241806130301, 0, 361, 1, 158, 0, 0, 0, 0, 1, 
1347608, 1241804222283, 1241804385030, 0, 0, 0, 0, 0, 0, 0, 0, 1, 
138741, , , 25.3, 0, 0, 0, 0, 1, 2, 437210, , 
141194, 1241802308023, 1241802830837, 0, 370, 2, 117.5, 0, 0, 0, 80094, 1, 
142301, 1241803616438, 1241803864755, 0, 0, 0, 0, 0, 0, 0, 241925, 1, 
143538, , , 192.05, 0, 0, 0, 0, 2, 25, 1531, , 
145497, , , 131.9, 0, 0, 0, 0, 1, 2, 1062853, , 
1531, 1241801394101, , 0, 13185, 20, 637.75, 503, 6, 14, 12, 15, 3
154004, , , 138.95000000000002, 0, 0, 0, 0, 10, 6, 90041, , 
155004, 1241798278109, 1241799288147, 0, 1319, 6, 219.83333333333334, 0, 2, 0, 145497, 3, 
155393, 1241807792923, 1241807810763, 0, 0, 0, 0, 0, 0, 0, 134574, 1, 0
156275, 1241807520657, 1241807774158, 0, 0, 0, 0, 0, 0, 0, 0, 1, 0
156489, 1241801899471, 1241802343210, 0, 662, 2, 435, 154238, 16, 23, 713, 9, 1
160138, , , 38.45, 0, 0, 0, 0, 7, 8, 150469, , 
16825, , , 278.1, 0, 0, 0, 0, 14, 9, 4139, , 
170191, , , 224.7, 0, 0, 0, 0, 3, 10, 202873, , 
170316, , , 68.3, 0, 0, 0, 0, 4, 1, 210210, , 
1704, , , 59.900000000000006, 0, 0, 0, 0, 2, 5, 33541, , 
171513, 1241803677491, 1241803965367, 62.199999999999996, 1936, 5, 346.2, 0, 10, 7, 170191, 12, 2
179762, 1241806547916, , 0, 485, 1, 159, 0, 0, 0, 0, 2, 0
181164, 1241803188461, 1241803195872, 0, 0, 0, 0, 0, 0, 0, 0, 1, 
183913, 1241799708971, 1241799766564, 0, 0, 0, 0, 0, 0, 0, 447249, 2, 
188678, 1241803985971, 1241804439521, 0, 5606, 5, 1262.6, 0, 0, 0, 0, 3, 
1892, , , 18.35, 0, 0, 0, 0, 20, 1, 995, , 
192120, , , 28.700000000000003, 0, 0, 0, 0, 2, 7, 209500, , 
196462, , , 14.350000000000001, 0, 0, 0, 0, 2, 12, 392944, , 
199427, , , 836.5000000000001, 0, 0, 0, 0, 1, 9, 208602, , 
199955, 1241807723931, , 0, 0, 0, 0, 0, 1, 0, 81899, 4, 1
20260, , , 752.6499999999999, 0, 0, 0, 0, 18, 15, 12, , 
202873, , , 96.8, 0, 0, 0, 0, 1, 3, 341164, , 
208602, , , 403.35, 0, 0, 0, 0, 7, 1, 351626, , 
210003, 1241802605573, 1241803078201, 0, 287, 1, 268, 0, 0, 0, 39030, 1, 
210210, , , 34.15, 0, 0, 0, 0, 4, 4, 381607, , 
21067, 1241799735203, 1241800994808, 0, 1152, 4, 341, 0, 2, 45, 302907, 8, 4
211527, 1241799140160, 1241800613630, 0, 0, 0, 0, 0, 1, 0, 197740, 3, 
211601, , , 5.5, 0, 0, 0, 0, 1, 9, 7078, , 
211715, , , 6.75, 0, 0, 0, 0, 2, 3, 299646, , 
217283, , , 36.7, 0, 0, 0, 0, 64, 3, 57393, , 
223864, , , 271.15, 0, 0, 0, 0, 7, 36, 160138, , 
249619, 1241805053317, , 0, 2434, 13, 106.6923076923077, 0, 0, 0, 298666, 2, 0
256746, , , 83.5, 0, 0, 0, 0, 5, 30, 61984, , 
259344, , , 590.6, 0, 0, 0, 0, 23, 22, 143538, , 
269092, 1241800127350, 1241803858240, 0, 683, 5, 122.8, 0, 1, 2, 170316, 4, 1
271936, 1241800647935, 1241801781915, 0, 587, 1, 185, 0, 3, 0, 887964, 4, 
2779, 1241800102276, 1241800756797, 0, 387, 3, 129, 0, 0, 0, 0, 1, 
2796, , , 169.60000000000002, 0, 0, 0, 0, 5, 0, 259344, , 
282780, 1241799387786, 1241799804366, 0, 95, 1, 95, 0, 0, 0, 0, 1, 
283855, , , 57.60000000000001, 0, 0, 0, 0, 1, 2, 98128, , 
2843, 1241799845032, 1241800603528, 0, 2379, 5, 475.8, 5212, 8, 33, 3383, 13, 11
285205, , , 9.5, 0, 0, 0, 0, 6, 0, 154004, , 
285870, 1241803960446, 1241804423267, 0, 5606, 5, 979.6, 0, 0, 0, 0, 3, 
294591, 1241799932587, 1241799951340, 0, 0, 0, 0, 0, 0, 0, 0, 1, 
298666, , , 243.4, 0, 0, 0, 0, 8, 0, 259344, , 
302907, , , 115.20000000000002, 0, 0, 0, 0, 2, 2, 283855, , 
307471, 1241802007614, 1241806184427, 55.800000000000004, 2468, 9, 447.77777777777777, 0, 7, 19, 12, 10, 4
309096, , , 57.400000000000006, 0, 0, 0, 0, 7, 1, 192120, , 
311783, 1241803806267, 1241805941126, 60.7, 2418, 11, 291.54545454545456, 0, 13, 3, 11460, 10, 7
3200, 1241800624908, 1241800673761, 394.4000000000001, 769, 3, 369.3333333333333, 71724, 36, 22, 223864, 13, 2
33541, , , 29.950000000000003, 0, 0, 0, 0, 1, 2, 12, , 
3383, 1241806724936, , 237.9, 12549, 19, 571.7368421052632, 8842, 6, 10, 12791, 16, 2
338409, 1241806527545, 1241806583525, 0, 0, 0, 0, 0, 6, 4, 65584, 6, 4
351598, , , 756, 0, 0, 0, 0, 1, 32, 359624, , 
35568, , , 18.900000000000002, 0, 0, 0, 0, 3, 30, 258951, , 
359624, , , 378, 0, 0, 0, 0, 4, 1, 201132, , 
383387, , , 915.1499999999999, 0, 0, 0, 0, 7, 57, 0, , 
39030, , , 28.700000000000003, 0, 0, 0, 0, 12, 0, 196462, , 
397835, , , 125.6, 0, 0, 0, 0, 5, 35, 47379, , 
41022, , , 120.90000000000002, 0, 0, 0, 0, 2, 1, 412796, , 
4139, 1241805966670, 1241807814003, 100.44999999999999, 16803, 26, 748.9230769230769, 44987, 25, 23, 713, 19, 3
4141, 1241802492995, 1241804758140, 0, 1696, 8, 232, 0, 0, 0, 2796, 3, 
430717, 1241807189544, , 0, 835, 3, 331.3333333333333, 503425, 30, 25, 256746, 12, 6
43402, , , 236.10000000000002, 0, 0, 0, 0, 12, 1, 123961, , 
438480, 1241801956210, 1241802022927, 0, 0, 0, 0, 0, 0, 0, 0, 1, 
43915, 1241802355610, 1241802361112, 0, 0, 0, 0, 0, 0, 0, 61984, 2, 0
447249, 1241803767569, 1241805556719, 59.60000000000001, 8067, 12, 741.6666666666666, 10642, 9, 5, 199427, 15, 2
505544, , , 13.5, 0, 0, 0, 0, 3, 0, 211715, , 
510740, , , 48.2, 0, 0, 0, 0, 70, 4, 534632, , 
522658, , , 22.6, 0, 0, 0, 0, 6, 4, 10642, , 
52818, 1241802568566, 1241803233081, 0, 0, 0, 0, 1118266, 4, 1, 367452, 4, 0
533, 1241805954298, , 0, 4077, 7, 491, 535, 10, 11, 20260, 14, 2
534632, , , 24.1, 0, 0, 0, 0, 7, 70, 445660, , 
541655, , , 358.20000000000005, 0, 0, 0, 0, 1, 22, 126451, , 
54776, 1241807347220, , 194.8, 6899, 21, 439.14285714285717, 1062, 80, 33, 89757, 16, 3
55009, 1241805271272, 1241806450937, 0, 574, 3, 212.33333333333334, 0, 1, 3, 309096, 4, 0
559, 1241805230405, 1241805420869, 0, 226, 1, 183, 0, 4, 0, 522658, 4, 
561864, , , 36.7, 0, 0, 0, 0, 1, 0, 1892, , 
57393, , , 18.35, 0, 0, 0, 0, 6, 68, 159420, , 
57825, 1241802417062, 1241802450303, 0, 0, 0, 0, 0, 0, 0, 8938, 1, 
613661, 1241800805911, 1241803202364, 0, 367, 2, 222, 0, 0, 0, 561864, 3, 0
61984, , , 41.75, 0, 0, 0, 0, 3, 5, 61045, , 
624616, 1241806209964, , 0, 856, 4, 155.75, 0, 1, 0, 104252, 3, 0
624632, 1241800226072, 1241800661481, 0, 135, 1, 129, 0, 0, 0, 505544, 2, 
632287, 1241804539701, 1241804872318, 0, 95, 1, 89, 0, 0, 0, 285205, 1, 
63415, 1241805572175, , 0, 7164, 22, 345.3181818181818, 0, 11, 1, 8938, 6, 3
642041, 1241801759109, 1241806097203, 154.4, 2009, 10, 139.1, 0, 3, 3, 16825, 4, 1
643236, 1241800511990, 1241800793036, 0, 110, 1, 92, 0, 0, 0, 132921, 2, 
70997, , , 269.7, 0, 0, 0, 0, 35, 10, 397835, , 
713, , , 1948.4500000000003, 0, 0, 0, 0, 11, 54, 12, , 
782580, 1241800803636, 1241801551095, 0, 367, 2, 144.5, 0, 0, 0, 217283, 2, 
80094, 1241800678577, 1241803853532, 37, 2512, 8, 331.875, 65812, 10, 1, 70997, 6, 4
836050, 1241807290984, , 0, 306, 1, 469, 592692, 13, 6, 113237, 8, 2
887964, , , 58.7, 0, 0, 0, 0, 2, 3, 919861, , 
8938, 1241802602050, 1241802954041, 716.4000000000001, 0, 0, 0, 0, 22, 13, 541655, 6, 3
89757, , , 787.3000000000001, 0, 0, 0, 0, 3, 80, 20260, , 
90041, , , 67.10000000000001, 0, 0, 0, 0, 1, 10, 258951, , 
913234, 1241800694237, 1241800824484, 0, 0, 0, 0, 0, 0, 0, 0, 1, 
919861, , , 29.35, 0, 0, 0, 0, 1, 2, 171151, , 
92600, 1241804828252, 1241806430571, 0, 2361, 9, 338.22222222222223, 0, 1, 0, 43402, 3, 0
968, 1241801818938, 1241802616524, 0, 599, 2, 166.5, 0, 5, 3, 1704, 11, 2
96912, , , 50.6, 0, 0, 0, 0, 2, 0, 138741, , 
<<<<EndTable

PlayersOnlineNow=14
PlayersOnlineEachMinute=0, 2, 4, 3, 5, 5, 5, 4, 4, 4, 5, 6, 6, 6, 7, 8, 7, 8, 8, 10, 10, 11, 11, 13, 12, 15, 15, 15, 15, 16, 14, 16, 18, 19, 20, 20, 20, 18, 18, 16, 16, 19, 17, 19, 19, 20, 18, 17, 19, 20, 20, 18, 20, 20, 20, 19, 18, 20, 18, 17, 18, 19, 17, 18, 19, 18, 19, 17, 18, 18, 17, 16, 19, 19, 19, 20, 18, 18, 18, 18, 20, 22, 21, 17, 17, 17, 15, 15, 15, 16, 17, 17, 20, 19, 17, 15, 17, 16, 17, 17, 18, 18, 17, 15, 14, 15, 14, 14, 12, 11, 12, 13, 12, 13, 12, 13, 14, 15, 14, 14, 13, 13, 13, 14, 14, 13, 13, 13, 13, 14, 13, 11, 10, 11, 11, 11, 10, 9, 11, 10, 10, 11, 12, 12, 12, 12, 12, 12, 12, 12, 12, 14, 14, 14, 14, 15, 15, 15, 16, 15
PlayersInEachFeedingGame=1, 2, 1, 1, 1, 1, 1, 2, 1, 1, 2, 2, 2, 1, 2, 1, 1, 1, 1, 2, 2, 2, 1, 2, 2, 1, 2, 2, 4, 1, 2, 2, 2, 2, 1, 2, 2, 2, 2, 2, 2, 1, 2, 2, 2, 1, 1, 1, 2, 2, 1, 2, 2, 1, 2, 2, 2, 2, 1, 2, 2, 2, 2, 1, 2, 2, 1, 1, 2, 1, 2, 2, 2, 2, 2, 2, 2, 2, 2, 3, 3, 2, 1, 2, 2, 2, 2, 2, 2, 1, 2, 2, 1, 2, 2, 2, 2, 2, 1, 2, 1, 2, 2, 1, 2, 2, 2, 1, 1, 1, 2, 2, 2, 2, 2, 2, 1, 2, 2, 2, 2, 2, 2, 2, 2, 2, 2, 1, 2, 2, 2, 2, 2, 2, 1, 2, 2, 2, 1, 2, 2, 2, 2, 2, 2
PlayersStarted=154
PlayersQuit=140
StatsStartTime=1241798276021
StatsDumpTime=1241807876550
<<<<EndStats
2009-05-08 11:38:05,237 ERROR: vampire.server.feeding.FeedingRecord sendPlayerStartGameMsg [playerId=1333314, prey=false, _predatorIndex=199955]
2009-05-08 11:39:56,816 ERROR: vampire.server.feeding.FeedingRecord sendPlayerStartGameMsg [playerId=1333314, prey=false, _predatorIndex=199955,1333314]
2009-05-08 11:41:49,456 ERROR: vampire.server.feeding.FeedingRecord sendPlayerStartGameMsg [playerId=836050, prey=true, _predatorIndex=]
2009-05-08 11:41:49,456 ERROR: vampire.server.feeding.FeedingRecord sendPlayerStartGameMsg [playerId=63415, prey=false, _predatorIndex=]
2009-05-08 11:41:58,716 ERROR: vampire.server.feeding.FeedingRecord sendPlayerStartGameMsg [playerId=199955, prey=false, _predatorIndex=63415]
2009-05-08 11:42:20,031 ERROR: vampire.server.feeding.FeedingRecord sendPlayerStartGameMsg [playerId=249619, prey=true, _predatorIndex=]
2009-05-08 11:42:20,031 ERROR: vampire.server.feeding.FeedingRecord sendPlayerStartGameMsg [playerId=1253913, prey=false, _predatorIndex=]
2009-05-08 11:42:23,366 ERROR: vampire.server.feeding.FeedingRecord sendPlayerStartGameMsg [playerId=1241857, prey=false, _predatorIndex=1253913]
2009-05-08 11:43:56,465 ERROR: vampire.server.feeding.FeedingRecord sendPlayerStartGameMsg [playerId=199955, prey=false, _predatorIndex=1253913,1241857]
2009-05-08 11:44:04,940 ERROR: vampire.server.feeding.FeedingRecord sendPlayerStartGameMsg [playerId=155393, prey=true, _predatorIndex=]
2009-05-08 11:44:04,940 ERROR: vampire.server.feeding.FeedingRecord sendPlayerStartGameMsg [playerId=5212, prey=false, _predatorIndex=]
2009-05-08 11:44:31,462 ERROR: vampire.server.feeding.FeedingRecord sendPlayerStartGameMsg [playerId=1119385, prey=false, _predatorIndex=]
2009-05-08 11:44:43,170 ERROR: vampire.server.feeding.FeedingRecord sendPlayerStartGameMsg [playerId=373583, prey=false, _predatorIndex=]
2009-05-08 11:45:58,473 ERROR: vampire.server.feeding.FeedingRecord sendPlayerStartGameMsg [playerId=1108399, prey=false, _predatorIndex=]
2009-05-08 11:46:32,606 ERROR: vampire.server.feeding.FeedingRecord sendPlayerStartGameMsg [playerId=1138221, prey=true, _predatorIndex=]
2009-05-08 11:46:32,606 ERROR: vampire.server.feeding.FeedingRecord sendPlayerStartGameMsg [playerId=413254, prey=false, _predatorIndex=]
2009-05-08 11:46:56,962 ERROR: vampire.server.feeding.FeedingRecord sendPlayerStartGameMsg [playerId=176400, prey=true, _predatorIndex=]
2009-05-08 11:46:56,963 ERROR: vampire.server.feeding.FeedingRecord sendPlayerStartGameMsg [playerId=1241857, prey=false, _predatorIndex=]
2009-05-08 11:47:09,849 ERROR: vampire.server.feeding.FeedingRecord sendPlayerStartGameMsg [playerId=155393, prey=false, _predatorIndex=]
2009-05-08 11:47:20,575 ERROR: vampire.server.feeding.FeedingRecord sendPlayerStartGameMsg [playerId=199955, prey=true, _predatorIndex=]
2009-05-08 11:47:20,576 ERROR: vampire.server.feeding.FeedingRecord sendPlayerStartGameMsg [playerId=836050, prey=false, _predatorIndex=]
2009-05-08 11:47:22,189 ERROR: vampire.server.feeding.FeedingRecord sendPlayerStartGameMsg [playerId=1119385, prey=false, _predatorIndex=]
2009-05-08 11:47:22,216 ERROR: vampire.server.feeding.FeedingRecord sendPlayerStartGameMsg [playerId=373583, prey=true, _predatorIndex=]
2009-05-08 11:47:22,216 ERROR: vampire.server.feeding.FeedingRecord sendPlayerStartGameMsg [playerId=155393, prey=false, _predatorIndex=]
2009-05-08 11:47:22,797 ERROR: vampire.server.feeding.FeedingRecord sendPlayerStartGameMsg [playerId=54776, prey=true, _predatorIndex=]
2009-05-08 11:47:22,797 ERROR: vampire.server.feeding.FeedingRecord sendPlayerStartGameMsg [playerId=622935, prey=false, _predatorIndex=]

>>>>BeginStats

>>>>BeginTable
PlayerId, StartTime, EndTime, ProgenyPayout, XPFromFeeding, FeedingGames, MeanFeedingScore, BloodBond, Progeny, GrandProgeny, Sire, Level, Invites
1007244, 1241802695609, 1241802718645, 0, 0, 0, 0, 0, 0, 0, 0, 1, 
1023595, 1241798826063, 1241799480374, 0, 378, 4, 94.5, 0, 0, 0, 1092321, 2, 
10260, , , 26.900000000000002, 0, 0, 0, 0, 10, 0, 713, , 
1036473, 1241806660407, 1241807137251, 0, 506, 2, 225, 0, 0, 0, 96912, 2, 
104252, , , 85.6, 0, 0, 0, 0, 1, 1, 10642, , 
106239, 1241798375384, 1241798423045, 0, 0, 0, 0, 0, 0, 0, 5842, 4, 2
1062853, , , 65.95, 0, 0, 0, 0, 9, 20, 1124214, , 
10634, 1241801495302, 1241801741313, 0, 1885, 7, 198, 11600, 2, 0, 713, 5, 2
10642, 1241800405139, 1241801750004, 88.05000000000001, 7560, 9, 763.1111111111111, 447249, 32, 46, 351598, 16, 2
1085269, 1241804547820, 1241804573791, 0, 0, 0, 0, 0, 0, 0, 0, 1, 
1089041, 1241799831666, 1241801957973, 0, 269, 3, 86, 0, 0, 0, 10260, 3, 
1092321, , , 37.800000000000004, 0, 0, 0, 0, 30, 0, 35568, , 
1108399, 1241808315777, , 0, 0, 0, 0, 0, 0, 0, 153097, 2, 0
1119385, 1241803017071, , 11.8, 4002, 23, 143.34782608695653, 0, 1, 0, 3200, 3, 0
113162, 1241802737141, 1241805302116, 0, 1342, 8, 106.625, 0, 0, 0, 154004, 2, 
113237, , , 67.9, 0, 0, 0, 0, 9, 19, 10642, , 
1133427, 1241800167168, 1241800459034, 0, 109, 1, 95, 0, 0, 0, 0, 1, 
1138221, 1241808336141, , 0, 0, 0, 0, 1283799, 0, 0, 269484, 4, 0
11460, , , 272.15000000000003, 0, 0, 0, 0, 1, 13, 41022, , 
118975, 1241801485293, 1241801638131, 0, 0, 0, 0, 0, 1, 1, 160138, 12, 2
12, , , 3656.9999999999995, 0, 0, 0, 0, 20, 68, 383387, , 
1207080, 1241803233695, 1241803686120, 0, 135, 1, 115, 0, 0, 0, 0, 1, 
1207373, 1241800295157, 1241800517322, 0, 135, 1, 140, 0, 0, 0, 0, 1, 
1209405, 1241799743477, 1241800043348, 0, 179, 1, 103, 0, 0, 0, 3200, 1, 
123961, , , 118.05000000000001, 0, 0, 0, 0, 1, 12, 713, , 
1239706, 1241799761605, 1241800488359, 0, 652, 3, 129.33333333333334, 0, 0, 0, 447249, 2, 
124119, 1241803111325, 1241803254590, 0, 0, 0, 0, 0, 0, 0, 1127083, 3, 
1241857, 1241807321202, , 100.15, 4690, 16, 429.125, 261567, 4, 3, 259344, 8, 1
1253913, 1241808090801, , 0, 252, 1, 131, 0, 0, 0, 249619, 1, 0
1267242, 1241802564250, 1241804699387, 0, 1544, 10, 107.2, 0, 0, 0, 642041, 2, 
1271614, 1241803144094, 1241803155079, 0, 0, 0, 0, 0, 0, 0, 0, 1, 
1274154, 1241802564075, 1241802634696, 0, 0, 0, 0, 0, 0, 0, 642041, 1, 
12791, 1241807118816, 1241807832257, 1373.85, 2650, 4, 678.5, 0, 15, 24, 12, 13, 2
1279761, 1241803990303, 1241804684579, 0, 622, 4, 115.5, 0, 0, 0, 171513, 3, 
1285504, , , 200.3, 0, 0, 0, 0, 3, 0, 1241857, , 
1287364, 1241806796894, 1241807158177, 0, 0, 0, 0, 0, 0, 0, 0, 1, 
1288202, 1241802222155, 1241802235504, 0, 0, 0, 0, 0, 0, 0, 1285504, 1, 
1288210, 1241805639212, 1241806018121, 0, 0, 0, 0, 0, 0, 0, 0, 1, 
1311203, 1241799610036, 1241799864733, 0, 0, 0, 0, 0, 0, 0, 1284093, 1, 
1320175, 1241803743029, 1241803811104, 0, 0, 0, 0, 0, 0, 0, 0, 1, 
1323699, 1241803975030, 1241805063269, 0, 558, 3, 101.66666666666667, 0, 0, 0, 307471, 1, 
132921, , , 11, 0, 0, 0, 0, 9, 0, 211601, , 
1331190, 1241804645508, 1241805596154, 0, 868, 5, 188.4, 0, 0, 0, 1119385, 1, 
1333314, 1241807762285, 1241808032105, 0, 0, 0, 0, 0, 0, 0, 0, 1, 
133697, 1241799755620, 1241800978156, 0, 482, 4, 148, 0, 2, 0, 510740, 3, 0
1343542, 1241801527762, 1241802666799, 0, 551, 3, 115.66666666666667, 0, 0, 0, 447249, 1, 
1344192, 1241801222221, 1241801456718, 0, 0, 0, 0, 0, 0, 0, 0, 1, 
1345092, 1241803768394, 1241804468184, 0, 747, 3, 177.33333333333334, 0, 0, 0, 311783, 1, 
1345251, 1241801177776, 1241801220603, 0, 0, 0, 0, 0, 0, 0, 0, 1, 
1345315, 1241800209393, 1241800223393, 0, 0, 0, 0, 0, 0, 0, 0, 1, 
1346063, 1241803621434, 1241803958153, 0, 2620, 11, 139.8181818181818, 0, 0, 0, 54776, 2, 
1346176, 1241805572560, 1241805618954, 0, 0, 0, 0, 0, 0, 0, 0, 1, 
1346468, 1241802061409, 1241802097550, 0, 0, 0, 0, 0, 0, 0, 1285504, 1, 
1346522, 1241804864470, 1241805764264, 0, 426, 4, 108.75, 0, 0, 0, 0, 1, 
1346597, 1241805163679, 1241806648440, 0, 2003, 8, 145, 0, 0, 0, 1285504, 2, 
1346857, 1241805610231, 1241806130301, 0, 361, 1, 158, 0, 0, 0, 0, 1, 
1347608, 1241804222283, 1241804385030, 0, 0, 0, 0, 0, 0, 0, 0, 1, 
138741, , , 25.3, 0, 0, 0, 0, 1, 2, 437210, , 
141194, 1241802308023, 1241802830837, 0, 370, 2, 117.5, 0, 0, 0, 80094, 1, 
142301, 1241803616438, 1241803864755, 0, 0, 0, 0, 0, 0, 0, 241925, 1, 
143538, , , 234.5, 0, 0, 0, 0, 2, 25, 1531, , 
145497, , , 131.9, 0, 0, 0, 0, 1, 2, 1062853, , 
1531, 1241801394101, , 0, 13185, 20, 637.75, 503, 6, 14, 12, 15, 3
154004, , , 138.95000000000002, 0, 0, 0, 0, 10, 6, 90041, , 
155004, 1241798278109, 1241799288147, 0, 1319, 6, 219.83333333333334, 0, 2, 0, 145497, 3, 
155393, 1241808106697, , 0, 0, 0, 0, 0, 0, 0, 134574, 1, 0
156275, 1241807520657, 1241807774158, 0, 0, 0, 0, 0, 0, 0, 0, 1, 0
156489, 1241801899471, 1241802343210, 17.7, 662, 2, 435, 154238, 16, 23, 713, 9, 1
160138, , , 38.45, 0, 0, 0, 0, 7, 8, 150469, , 
16825, , , 278.1, 0, 0, 0, 0, 14, 9, 4139, , 
170191, , , 224.7, 0, 0, 0, 0, 3, 10, 202873, , 
170316, , , 68.3, 0, 0, 0, 0, 4, 1, 210210, , 
1704, , , 59.900000000000006, 0, 0, 0, 0, 2, 5, 33541, , 
171513, 1241803677491, 1241803965367, 62.199999999999996, 1936, 5, 346.2, 0, 10, 7, 170191, 12, 2
176400, 1241808385478, , 0, 0, 0, 0, 0, 0, 0, 0, 1, 0
179762, 1241806547916, , 0, 485, 1, 159, 0, 0, 0, 0, 2, 0
181164, 1241803188461, 1241803195872, 0, 0, 0, 0, 0, 0, 0, 0, 1, 
183913, 1241799708971, 1241799766564, 0, 0, 0, 0, 0, 0, 0, 447249, 2, 
188678, 1241803985971, 1241804439521, 0, 5606, 5, 1262.6, 0, 0, 0, 0, 3, 
1892, , , 18.35, 0, 0, 0, 0, 20, 1, 995, , 
192120, , , 28.700000000000003, 0, 0, 0, 0, 2, 7, 209500, , 
196462, , , 14.350000000000001, 0, 0, 0, 0, 2, 12, 392944, , 
199427, , , 836.5000000000001, 0, 0, 0, 0, 1, 9, 208602, , 
199955, 1241807723931, , 0, 597, 2, 187, 0, 1, 0, 81899, 4, 1
20260, , , 752.6499999999999, 0, 0, 0, 0, 18, 15, 12, , 
202873, , , 96.8, 0, 0, 0, 0, 1, 3, 341164, , 
208602, , , 403.35, 0, 0, 0, 0, 7, 1, 351626, , 
210003, 1241802605573, 1241803078201, 0, 287, 1, 268, 0, 0, 0, 39030, 1, 
210210, , , 34.15, 0, 0, 0, 0, 4, 4, 381607, , 
21067, 1241799735203, 1241800994808, 0, 1152, 4, 341, 0, 2, 45, 302907, 8, 4
211527, 1241808029567, , 0, 0, 0, 0, 0, 1, 0, 197740, 3, 0
211601, , , 5.5, 0, 0, 0, 0, 1, 9, 7078, , 
211715, , , 6.75, 0, 0, 0, 0, 2, 3, 299646, , 
217283, , , 36.7, 0, 0, 0, 0, 64, 3, 57393, , 
223864, , , 285.95, 0, 0, 0, 0, 7, 36, 160138, , 
249619, 1241805053317, , 25.200000000000003, 2880, 16, 106.875, 0, 1, 0, 298666, 2, 0
256746, , , 83.5, 0, 0, 0, 0, 5, 30, 61984, , 
259344, , , 697.8000000000002, 0, 0, 0, 0, 23, 22, 143538, , 
269092, 1241800127350, 1241803858240, 0, 683, 5, 122.8, 0, 1, 2, 170316, 4, 1
271936, 1241800647935, 1241801781915, 0, 587, 1, 185, 0, 3, 0, 887964, 4, 
2779, 1241800102276, 1241800756797, 0, 387, 3, 129, 0, 0, 0, 0, 1, 
2796, , , 169.60000000000002, 0, 0, 0, 0, 5, 0, 259344, , 
282780, 1241799387786, 1241799804366, 0, 95, 1, 95, 0, 0, 0, 0, 1, 
283855, , , 57.60000000000001, 0, 0, 0, 0, 1, 2, 98128, , 
2843, 1241799845032, 1241800603528, 0, 2379, 5, 475.8, 5212, 8, 33, 3383, 13, 11
285205, , , 9.5, 0, 0, 0, 0, 6, 0, 154004, , 
285870, 1241803960446, 1241804423267, 0, 5606, 5, 979.6, 0, 0, 0, 0, 3, 
294591, 1241799932587, 1241799951340, 0, 0, 0, 0, 0, 0, 0, 0, 1, 
298666, , , 300.6, 0, 0, 0, 0, 8, 1, 259344, , 
302907, , , 115.20000000000002, 0, 0, 0, 0, 2, 2, 283855, , 
307471, 1241802007614, 1241806184427, 55.800000000000004, 2468, 9, 447.77777777777777, 0, 7, 19, 12, 10, 4
309096, , , 57.400000000000006, 0, 0, 0, 0, 7, 1, 192120, , 
311783, 1241803806267, 1241805941126, 60.7, 2418, 11, 291.54545454545456, 0, 13, 3, 11460, 10, 7
3200, 1241800624908, 1241800673761, 424.00000000000006, 769, 3, 369.3333333333333, 71724, 36, 22, 223864, 13, 2
33541, , , 29.950000000000003, 0, 0, 0, 0, 1, 2, 12, , 
3383, 1241806724936, 1241808417749, 237.9, 12549, 19, 571.7368421052632, 8842, 6, 10, 12791, 16, 2
338409, 1241806527545, 1241806583525, 0, 0, 0, 0, 0, 6, 4, 65584, 6, 4
351598, , , 756, 0, 0, 0, 0, 1, 32, 359624, , 
35568, , , 18.900000000000002, 0, 0, 0, 0, 3, 30, 258951, , 
359624, , , 378, 0, 0, 0, 0, 4, 1, 201132, , 
373583, 1241808246855, , 0, 152, 1, 152, 0, 0, 0, 0, 2, 0
383387, , , 915.1499999999999, 0, 0, 0, 0, 7, 57, 0, , 
39030, , , 28.700000000000003, 0, 0, 0, 0, 12, 0, 196462, , 
397835, , , 125.6, 0, 0, 0, 0, 5, 35, 47379, , 
41022, , , 120.90000000000002, 0, 0, 0, 0, 2, 1, 412796, , 
413254, 1241808257383, , 0, 0, 0, 0, 8401, 3, 0, 8401, 4, 2
4139, 1241807895968, , 100.44999999999999, 16803, 26, 748.9230769230769, 44987, 25, 23, 713, 19, 3
4141, 1241802492995, 1241804758140, 0, 1696, 8, 232, 0, 0, 0, 2796, 3, 
430717, 1241807189544, , 0, 835, 3, 331.3333333333333, 503425, 30, 25, 256746, 12, 6
43402, , , 236.10000000000002, 0, 0, 0, 0, 12, 2, 123961, , 
438480, 1241801956210, 1241802022927, 0, 0, 0, 0, 0, 0, 0, 0, 1, 
43915, 1241802355610, 1241802361112, 0, 0, 0, 0, 0, 0, 0, 61984, 2, 0
447249, 1241803767569, 1241805556719, 59.60000000000001, 8067, 12, 741.6666666666666, 10642, 9, 5, 199427, 15, 2
505544, , , 13.5, 0, 0, 0, 0, 3, 0, 211715, , 
510740, , , 48.2, 0, 0, 0, 0, 70, 4, 534632, , 
5212, 1241808221583, 1241808386053, 0, 177, 1, 353, 2843, 17, 16, 156489, 14, 2
522658, , , 22.6, 0, 0, 0, 0, 6, 4, 10642, , 
52818, 1241802568566, 1241803233081, 0, 0, 0, 0, 1118266, 4, 1, 367452, 4, 0
533, 1241805954298, , 0, 4077, 7, 491, 535, 10, 11, 20260, 14, 2
534632, , , 24.1, 0, 0, 0, 0, 7, 70, 445660, , 
541655, , , 376.85, 0, 0, 0, 0, 1, 22, 126451, , 
54776, 1241808312053, , 194.8, 6899, 21, 439.14285714285717, 1062, 80, 33, 89757, 16, 3
55009, 1241805271272, 1241806450937, 0, 574, 3, 212.33333333333334, 0, 1, 3, 309096, 4, 0
559, 1241805230405, 1241805420869, 0, 226, 1, 183, 0, 4, 0, 522658, 4, 
561864, , , 36.7, 0, 0, 0, 0, 1, 0, 1892, , 
57393, , , 18.35, 0, 0, 0, 0, 6, 68, 159420, , 
57825, 1241802417062, 1241802450303, 0, 0, 0, 0, 0, 0, 0, 8938, 1, 
613661, 1241800805911, 1241803202364, 0, 367, 2, 222, 0, 0, 0, 561864, 3, 0
61984, , , 41.75, 0, 0, 0, 0, 3, 5, 61045, , 
622935, 1241808415446, , 0, 0, 0, 0, 0, 0, 0, 32654, 2, 0
624616, 1241806209964, 1241808441700, 0, 856, 4, 155.75, 0, 1, 0, 104252, 3, 
624632, 1241800226072, 1241800661481, 0, 135, 1, 129, 0, 0, 0, 505544, 2, 
632287, 1241804539701, 1241804872318, 0, 95, 1, 89, 0, 0, 0, 285205, 1, 
63415, 1241805572175, , 0, 7537, 23, 343.2173913043478, 0, 11, 1, 8938, 6, 3
642041, 1241801759109, 1241806097203, 154.4, 2009, 10, 139.1, 0, 3, 3, 16825, 4, 1
643236, 1241800511990, 1241800793036, 0, 110, 1, 92, 0, 0, 0, 132921, 2, 
70997, , , 269.7, 0, 0, 0, 0, 35, 10, 397835, , 
713, , , 1957.3000000000002, 0, 0, 0, 0, 11, 54, 12, , 
759000, 1241808402534, , 0, 0, 0, 0, 0, 0, 0, 140986, 1, 0
782580, 1241800803636, 1241801551095, 0, 367, 2, 144.5, 0, 0, 0, 217283, 2, 
80094, 1241800678577, 1241803853532, 37, 2512, 8, 331.875, 65812, 10, 1, 70997, 6, 4
802319, , , 29.85, 0, 0, 0, 0, 2, 6, 773108, , 
81899, , , 59.7, 0, 0, 0, 0, 6, 2, 802319, , 
836050, 1241808343582, , 0, 679, 2, 459, 592692, 13, 6, 113237, 8, 2
887964, , , 58.7, 0, 0, 0, 0, 2, 3, 919861, , 
8938, 1241802602050, 1241802954041, 753.7, 0, 0, 0, 0, 22, 13, 541655, 6, 3
89757, , , 787.3000000000001, 0, 0, 0, 0, 3, 80, 20260, , 
90041, , , 67.10000000000001, 0, 0, 0, 0, 1, 10, 258951, , 
913234, 1241800694237, 1241800824484, 0, 0, 0, 0, 0, 0, 0, 0, 1, 
919861, , , 29.35, 0, 0, 0, 0, 1, 2, 171151, , 
92600, 1241804828252, 1241806430571, 0, 2361, 9, 338.22222222222223, 0, 1, 0, 43402, 3, 0
968, 1241801818938, 1241802616524, 0, 599, 2, 166.5, 0, 5, 3, 1704, 11, 2
96912, , , 50.6, 0, 0, 0, 0, 2, 0, 138741, , 
<<<<EndTable

PlayersOnlineNow=22
PlayersOnlineEachMinute=0, 2, 4, 3, 5, 5, 5, 4, 4, 4, 5, 6, 6, 6, 7, 8, 7, 8, 8, 10, 10, 11, 11, 13, 12, 15, 15, 15, 15, 16, 14, 16, 18, 19, 20, 20, 20, 18, 18, 16, 16, 19, 17, 19, 19, 20, 18, 17, 19, 20, 20, 18, 20, 20, 20, 19, 18, 20, 18, 17, 18, 19, 17, 18, 19, 18, 19, 17, 18, 18, 17, 16, 19, 19, 19, 20, 18, 18, 18, 18, 20, 22, 21, 17, 17, 17, 15, 15, 15, 16, 17, 17, 20, 19, 17, 15, 17, 16, 17, 17, 18, 18, 17, 15, 14, 15, 14, 14, 12, 11, 12, 13, 12, 13, 12, 13, 14, 15, 14, 14, 13, 13, 13, 14, 14, 13, 13, 13, 13, 14, 13, 11, 10, 11, 11, 11, 10, 9, 11, 10, 10, 11, 12, 12, 12, 12, 12, 12, 12, 12, 12, 14, 14, 14, 14, 15, 15, 15, 16, 15, 14, 15, 15, 15, 17, 17, 17, 20, 22, 23
PlayersInEachFeedingGame=1, 2, 1, 1, 1, 1, 1, 2, 1, 1, 2, 2, 2, 1, 2, 1, 1, 1, 1, 2, 2, 2, 1, 2, 2, 1, 2, 2, 4, 1, 2, 2, 2, 2, 1, 2, 2, 2, 2, 2, 2, 1, 2, 2, 2, 1, 1, 1, 2, 2, 1, 2, 2, 1, 2, 2, 2, 2, 1, 2, 2, 2, 2, 1, 2, 2, 1, 1, 2, 1, 2, 2, 2, 2, 2, 2, 2, 2, 2, 3, 3, 2, 1, 2, 2, 2, 2, 2, 2, 1, 2, 2, 1, 2, 2, 2, 2, 2, 1, 2, 1, 2, 2, 1, 2, 2, 2, 1, 1, 1, 2, 2, 2, 2, 2, 2, 1, 2, 2, 2, 2, 2, 2, 2, 2, 2, 2, 1, 2, 2, 2, 2, 2, 2, 1, 2, 2, 2, 1, 2, 2, 2, 2, 2, 2, 2, 3, 2, 1, 1, 1, 2, 2, 2, 2, 2, 1
PlayersStarted=171
PlayersQuit=149
StatsStartTime=1241798276021
StatsDumpTime=1241808476633
<<<<EndStats
2009-05-08 11:48:35,571 ERROR: vampire.server.feeding.FeedingRecord sendPlayerStartGameMsg [playerId=759000, prey=false, _predatorIndex=]
2009-05-08 11:48:38,040 ERROR: vampire.server.feeding.FeedingRecord sendPlayerStartGameMsg [playerId=63415, prey=false, _predatorIndex=836050]
2009-05-08 11:48:52,535 ERROR: vampire.server.feeding.FeedingRecord sendPlayerStartGameMsg [playerId=249619, prey=false, _predatorIndex=]
2009-05-08 11:50:04,297 ERROR: vampire.server.feeding.FeedingRecord sendPlayerStartGameMsg [playerId=39030, prey=true, _predatorIndex=]
2009-05-08 11:50:04,298 ERROR: vampire.server.feeding.FeedingRecord sendPlayerStartGameMsg [playerId=325853, prey=false, _predatorIndex=]
2009-05-08 11:50:08,041 ERROR: vampire.server.feeding.FeedingRecord sendPlayerStartGameMsg [playerId=63415, prey=false, _predatorIndex=325853]
2009-05-08 11:50:10,423 ERROR: vampire.server.feeding.FeedingRecord sendPlayerStartGameMsg [playerId=54776, prey=true, _predatorIndex=]
2009-05-08 11:50:10,424 ERROR: vampire.server.feeding.FeedingRecord sendPlayerStartGameMsg [playerId=155393, prey=false, _predatorIndex=]
2009-05-08 11:50:13,987 ERROR: vampire.server.feeding.FeedingRecord sendPlayerStartGameMsg [playerId=373583, prey=true, _predatorIndex=]
2009-05-08 11:50:13,987 ERROR: vampire.server.feeding.FeedingRecord sendPlayerStartGameMsg [playerId=413254, prey=false, _predatorIndex=]
2009-05-08 11:50:29,418 ERROR: vampire.server.feeding.FeedingRecord sendPlayerStartGameMsg [playerId=622935, prey=false, _predatorIndex=759000]
2009-05-08 11:50:34,302 ERROR: vampire.server.feeding.FeedingRecord sendPlayerStartGameMsg [playerId=1108399, prey=false, _predatorIndex=413254]
2009-05-08 11:50:47,977 ERROR: vampire.server.feeding.FeedingRecord sendPlayerStartGameMsg [playerId=199955, prey=true, _predatorIndex=]
2009-05-08 11:50:47,978 ERROR: vampire.server.feeding.FeedingRecord sendPlayerStartGameMsg [playerId=622935, prey=false, _predatorIndex=]
2009-05-08 11:51:11,978 ERROR: vampire.server.feeding.FeedingRecord sendPlayerStartGameMsg [playerId=836050, prey=true, _predatorIndex=]
2009-05-08 11:51:11,979 ERROR: vampire.server.feeding.FeedingRecord sendPlayerStartGameMsg [playerId=759000, prey=false, _predatorIndex=]
2009-05-08 11:51:19,314 ERROR: vampire.server.feeding.FeedingRecord sendPlayerStartGameMsg [playerId=1108399, prey=false, _predatorIndex=759000]
2009-05-08 11:51:40,026 ERROR: vampire.server.feeding.FeedingRecord sendPlayerStartGameMsg [playerId=176400, prey=true, _predatorIndex=]
2009-05-08 11:51:40,027 ERROR: vampire.server.feeding.FeedingRecord sendPlayerStartGameMsg [playerId=1138221, prey=false, _predatorIndex=]
2009-05-08 11:52:02,593 ERROR: vampire.server.feeding.FeedingRecord sendPlayerStartGameMsg [playerId=1241857, prey=false, _predatorIndex=413254,1108399]
2009-05-08 11:52:28,516 ERROR: vampire.server.feeding.FeedingRecord sendPlayerStartGameMsg [playerId=413254, prey=false, _predatorIndex=413254,1108399,1241857]
2009-05-08 11:52:44,671 ERROR: vampire.server.feeding.FeedingRecord sendPlayerStartGameMsg [playerId=373583, prey=true, _predatorIndex=]
2009-05-08 11:52:44,671 ERROR: vampire.server.feeding.FeedingRecord sendPlayerStartGameMsg [playerId=325853, prey=false, _predatorIndex=]
2009-05-08 11:53:17,724 ERROR: vampire.server.feeding.FeedingRecord sendPlayerStartGameMsg [playerId=1241857, prey=false, _predatorIndex=759000,1108399]
2009-05-08 11:53:19,054 ERROR: vampire.server.feeding.FeedingRecord sendPlayerStartGameMsg [playerId=1119385, prey=true, _predatorIndex=]
2009-05-08 11:53:19,055 ERROR: vampire.server.feeding.FeedingRecord sendPlayerStartGameMsg [playerId=622935, prey=false, _predatorIndex=]
2009-05-08 11:53:32,718 ERROR: vampire.server.feeding.FeedingRecord sendPlayerStartGameMsg [playerId=63415, prey=false, _predatorIndex=]
2009-05-08 11:53:52,952 ERROR: vampire.server.feeding.FeedingRecord sendPlayerStartGameMsg [playerId=413254, prey=true, _predatorIndex=]
2009-05-08 11:53:52,953 ERROR: vampire.server.feeding.FeedingRecord sendPlayerStartGameMsg [playerId=155393, prey=false, _predatorIndex=]
2009-05-08 11:54:28,845 ERROR: vampire.server.feeding.FeedingRecord sendPlayerStartGameMsg [playerId=1241857, prey=false, _predatorIndex=325853]
2009-05-08 11:54:57,551 ERROR: vampire.server.feeding.FeedingRecord sendPlayerStartGameMsg [playerId=176400, prey=true, _predatorIndex=]
2009-05-08 11:54:57,552 ERROR: vampire.server.feeding.FeedingRecord sendPlayerStartGameMsg [playerId=227007, prey=false, _predatorIndex=]
2009-05-08 11:55:36,581 ERROR: vampire.server.feeding.FeedingRecord sendPlayerStartGameMsg [playerId=622935, prey=false, _predatorIndex=]
2009-05-08 11:55:39,084 ERROR: vampire.server.feeding.FeedingRecord sendPlayerStartGameMsg [playerId=34950, prey=true, _predatorIndex=]
2009-05-08 11:55:39,085 ERROR: vampire.server.feeding.FeedingRecord sendPlayerStartGameMsg [playerId=325853, prey=false, _predatorIndex=]
2009-05-08 11:55:49,471 ERROR: vampire.server.feeding.FeedingRecord sendPlayerStartGameMsg [playerId=249619, prey=false, _predatorIndex=155393]
2009-05-08 11:56:17,043 ERROR: vampire.server.feeding.FeedingRecord sendPlayerStartGameMsg [playerId=413254, prey=false, _predatorIndex=325853,1241857]
2009-05-08 11:56:36,695 ERROR: vampire.server.feeding.FeedingRecord sendPlayerStartGameMsg [playerId=11600, prey=true, _predatorIndex=]
2009-05-08 11:56:36,695 ERROR: vampire.server.feeding.FeedingRecord sendPlayerStartGameMsg [playerId=10634, prey=false, _predatorIndex=]
2009-05-08 11:56:42,849 ERROR: vampire.server.feeding.FeedingRecord sendPlayerStartGameMsg [playerId=413254, prey=false, _predatorIndex=325853]
2009-05-08 11:57:25,405 ERROR: vampire.server.feeding.FeedingRecord sendPlayerStartGameMsg [playerId=421572, prey=false, _predatorIndex=]
2009-05-08 11:57:34,543 ERROR: vampire.server.feeding.FeedingRecord sendPlayerStartGameMsg [playerId=227007, prey=true, _predatorIndex=]
2009-05-08 11:57:34,544 ERROR: vampire.server.feeding.FeedingRecord sendPlayerStartGameMsg [playerId=155393, prey=false, _predatorIndex=]
2009-05-08 11:57:44,761 ERROR: vampire.server.feeding.FeedingRecord sendPlayerStartGameMsg [playerId=421572, prey=false, _predatorIndex=]

