
>>>>BeginStats

>>>>BeginTable
PlayerId, StartTime, EndTime, ProgenyPayout, XPFromFeeding, FeedingGames, MeanFeedingScore, BloodBond, Progeny, GrandProgeny, Sire, Level, Invites
1012813, , , 298.65000000000003, 0, 0, 0, 0, 6, 16, 54776, , 
1021278, , , 13.700000000000001, 0, 0, 0, 0, 2, 2, 452296, , 
102796, 1241404929304, 1241405268319, 0, 179, 1, 228, 82254, 0, 0, 209610, 4, 0
102929, , , 90.8, 0, 0, 0, 0, 2, 2, 71724, , 
103033, 1241406303737, 1241406568211, 0, 1979, 8, 206.125, 767143, 8, 7, 81899, 5, 1
103144, , , 336.1, 0, 0, 0, 0, 5, 16, 116005, , 
1032421, 1241411089713, 1241412067700, 0, 198, 2, 148.5, 0, 6, 1, 990799, 6, 1
1032648, , , 275.1, 0, 0, 0, 0, 4, 0, 234337, , 
1043, 1241412056143, , 0, 1339, 2, 839, 453, 5, 2, 12, 13, 3
1055910, 1241404984170, 1241407880276, 19, 2719, 12, 143.16666666666666, 0, 1, 0, 63415, 3, 
106069, , , 10.05, 0, 0, 0, 0, 14, 11, 236834, , 
1062853, 1241411185417, 1241414434138, 165.80000000000004, 5132, 15, 421.3333333333333, 1138895, 8, 8, 1124214, 6, 2
1063955, 1241403206454, 1241403326609, 0, 0, 0, 0, 0, 0, 0, 0, 1, 
10642, , , 51.300000000000004, 0, 0, 0, 0, 29, 9, 351598, , 
1073254, 1241408509852, 1241408982160, 0, 217, 2, 104.5, 0, 0, 0, 20260, 1, 
1079371, 1241411124738, 1241411862000, 0, 0, 0, 0, 131625, 0, 0, 187381, 3, 
108782, 1241412160217, 1241413087292, 33, 776, 5, 146.8, 0, 1, 0, 223887, 4, 0
1088614, 1241405910226, 1241406515542, 0, 629, 2, 258.5, 0, 0, 0, 208217, 1, 
1090611, 1241413703355, , 0, 2751, 18, 113.61111111111111, 0, 0, 0, 1032648, 3, 0
1092321, , , 122.75, 0, 0, 0, 0, 23, 19, 35568, , 
1092861, 1241406929130, 1241408292240, 0, 615, 5, 122.8, 0, 0, 0, 1055910, 1, 
1094114, 1241403517647, 1241403551661, 0, 0, 0, 0, 0, 0, 0, 153097, 1, 
110178, , , 5.75, 0, 0, 0, 0, 6, 11, 12770, , 
1103506, 1241408287983, 1241408535303, 0, 168, 1, 200, 0, 0, 0, 1062853, 2, 
111249, , , 139.4, 0, 0, 0, 0, 2, 9, 188370, , 
1117799, 1241410383518, 1241410457949, 0, 4250, 13, 345.46153846153845, 0, 1, 0, 592692, 4, 
1120660, 1241403684940, 1241406654264, 0, 2241, 10, 278.2, 0, 2, 0, 0, 2, 2
1120983, 1241413332053, , 0, 1197, 7, 119.42857142857143, 0, 0, 0, 70997, 2, 0
1122449, , , 300.4, 0, 0, 0, 0, 5, 5, 555728, , 
1123495, 1241406759388, 1241406871170, 0, 0, 0, 0, 0, 0, 0, 635003, 1, 
1124156, 1241410835943, 1241414283493, 0, 9981, 37, 316.1081081081081, 269484, 0, 0, 184671, 4, 
1124214, , , 596.1, 0, 0, 0, 0, 5, 8, 1122449, , 
112535, 1241414346363, 1241414361462, 0, 1374, 4, 263.5, 0, 1, 1, 430717, 4, 0
1127083, 1241412776557, 1241413388823, 0, 498, 2, 147, 998652, 5, 0, 998652, 3, 
1131837, 1241410414048, 1241410560246, 0, 0, 0, 0, 0, 0, 0, 0, 1, 
114461, 1241407983064, 1241408472263, 0, 190, 1, 151, 0, 0, 0, 390995, 4, 0
11460, , , 425.59999999999997, 0, 0, 0, 0, 1, 7, 41022, , 
1148098, 1241403058996, 1241403432171, 11.350000000000001, 137, 1, 164, 0, 2, 1, 1021278, 4, 
1148755, 1241403092908, 1241405326167, 0, 913, 3, 381.3333333333333, 0, 9, 1, 1092321, 4, 2
1152211, , , 15.8, 0, 0, 0, 0, 1, 0, 452296, , 
116005, , , 142.45000000000002, 0, 0, 0, 0, 6, 9, 130627, , 
1160652, 1241403787472, 1241404392065, 0, 449, 3, 113.33333333333333, 0, 0, 0, 1207233, 2, 
1163187, 1241406002337, 1241406146444, 0, 0, 0, 0, 0, 0, 0, 0, 1, 
1174220, 1241410149289, 1241410754750, 0, 768, 3, 176, 0, 0, 0, 0, 1, 
1178152, 1241404954368, 1241406132118, 0, 1015, 4, 162.5, 0, 0, 0, 1120660, 2, 
1178608, 1241404180159, 1241404253341, 0, 0, 0, 0, 0, 0, 0, 0, 1, 
1180132, 1241405746314, 1241406138348, 0, 699, 3, 156.66666666666666, 0, 0, 0, 1120660, 1, 
1180567, 1241412109323, 1241412612178, 0, 330, 2, 159.5, 0, 0, 0, 108782, 1, 
1181915, 1241413428071, , 0, 139, 1, 129, 0, 0, 0, 0, 1, 0
1184139, 1241412336657, 1241413260418, 0, 59, 1, 59, 0, 0, 0, 146580, 1, 
118417, , , 5.75, 0, 0, 0, 0, 4, 3, 12, , 
1192337, 1241413385293, , 0, 2957, 7, 263.2857142857143, 1146252, 12, 4, 1012813, 4, 0
12, , , 602.8, 0, 0, 0, 0, 20, 124, 383387, , 
1202977, 1241403696530, 1241404054080, 0, 85, 1, 85, 0, 0, 0, 54776, 2, 
1203117, 1241414244304, , 0, 162, 1, 195, 1215840, 2, 0, 152578, 4, 1
1203874, 1241405717293, 1241407471972, 0, 1427, 7, 123.57142857142857, 0, 0, 0, 929303, 2, 
1207233, 1241403150668, 1241406372124, 35, 1473, 10, 119.5, 0, 1, 0, 239111, 2, 
1214279, 1241409407928, 1241410861458, 0, 158, 1, 178, 0, 0, 0, 1152211, 2, 
1222108, 1241403345165, 1241403492165, 0, 0, 0, 0, 0, 0, 0, 0, 1, 
1223024, 1241403138231, 1241406126768, 22.700000000000003, 0, 0, 0, 0, 1, 0, 1148098, 1, 1
1223946, 1241403036373, 1241405180583, 0, 227, 2, 99.5, 0, 0, 0, 1223024, 1, 
1225819, 1241412507265, 1241412603842, 0, 0, 0, 0, 0, 0, 0, 0, 1, 
1225912, 1241403036384, 1241403676500, 0, 249, 2, 124.5, 0, 0, 0, 0, 1, 
1226117, 1241412428635, 1241413447773, 0, 637, 4, 162.75, 0, 0, 0, 0, 1, 
1226131, 1241405676503, 1241405688397, 0, 0, 0, 0, 0, 0, 0, 0, 1, 
1226259, 1241406737475, 1241408819346, 0, 1797, 9, 166.88888888888889, 0, 0, 0, 452296, 2, 
1226297, 1241405032158, 1241405112177, 0, 0, 0, 0, 0, 0, 0, 0, 1, 
1226640, 1241407774578, 1241407813373, 0, 0, 0, 0, 0, 0, 0, 0, 1, 
1227160, 1241409951497, 1241410212164, 0, 0, 0, 0, 0, 0, 0, 0, 1, 
1227574, 1241410542385, 1241410573435, 0, 0, 0, 0, 0, 0, 0, 0, 1, 
1227905, 1241409734941, 1241413502012, 0, 0, 0, 0, 0, 0, 0, 1137484, 1, 
1228272, 1241413395065, 1241413998488, 0, 182, 1, 77, 0, 0, 0, 70997, 1, 
1228525, 1241412700544, 1241413133177, 0, 0, 0, 0, 0, 0, 0, 0, 1, 
125774, , , 11.5, 0, 0, 0, 0, 1, 0, 110178, , 
1265, , , 140.35000000000002, 0, 0, 0, 0, 14, 32, 12, , 
12770, , , 11.850000000000001, 0, 0, 0, 0, 23, 76, 383387, , 
130244, , , 770.0500000000001, 0, 0, 0, 0, 3, 10, 237967, , 
132403, , , 50.800000000000004, 0, 0, 0, 0, 5, 1, 172848, , 
132832, 1241404582705, 1241404940766, 0, 201, 2, 100.5, 0, 1, 2, 92388, 3, 0
132921, 1241413495779, 1241413504595, 0, 0, 0, 0, 0, 7, 0, 211601, 6, 2
133482, , , 31.400000000000002, 0, 0, 0, 0, 5, 12, 180951, , 
135411, 1241410437921, 1241410541909, 0, 0, 0, 0, 0, 0, 0, 0, 1, 
136291, 1241407008366, 1241407570748, 0, 270, 2, 108.5, 0, 0, 0, 0, 1, 
137784, 1241410488425, 1241410708032, 0, 0, 0, 0, 0, 0, 0, 153510, 2, 0
139168, 1241405617818, 1241406132119, 0, 908, 3, 278.6666666666667, 0, 2, 0, 102929, 4, 
141364, , , 27.400000000000002, 0, 0, 0, 0, 6, 3, 16514, , 
143268, 1241408126999, 1241409423932, 0, 302, 3, 100.66666666666667, 0, 0, 0, 0, 1, 
145006, , , 147.8, 0, 0, 0, 0, 3, 4, 245338, , 
145552, 1241404419700, 1241405324524, 0, 312, 2, 123, 0, 0, 0, 171151, 2, 
145609, 1241403611059, 1241404162914, 0, 664, 3, 234.66666666666666, 369307, 5, 4, 92300, 4, 0
146580, , , 5.9, 0, 0, 0, 0, 2, 0, 1012813, , 
147988, 1241404469801, 1241404494457, 0, 0, 0, 0, 170446, 7, 8, 307477, 6, 2
150179, 1241406121560, 1241406741235, 0, 513, 3, 171, 0, 1, 0, 10642, 4, 0
150469, 1241408575695, 1241413451586, 0, 1103, 3, 180.66666666666666, 0, 3, 8, 57393, 4, 0
152578, , , 16.2, 0, 0, 0, 0, 3, 4, 208699, , 
153097, 1241405050228, 1241408574735, 0, 1490, 5, 337.8, 0, 7, 0, 1062853, 3, 7
155004, 1241405360824, 1241405376118, 0, 0, 0, 0, 0, 1, 0, 145497, 2, 
159420, , , 55.15, 0, 0, 0, 0, 1, 5, 206649, , 
160801, , , 15.4, 0, 0, 0, 0, 5, 2, 166371, , 
161972, , , 77.39999999999999, 0, 0, 0, 0, 1, 0, 323488, , 
16514, , , 13.700000000000001, 0, 0, 0, 0, 5, 8, 1062, , 
166371, , , 1514.65, 0, 0, 0, 0, 4, 10, 267622, , 
170191, , , 481.4, 0, 0, 0, 0, 3, 8, 202873, , 
171151, 1241403771121, 1241407692211, 31.200000000000003, 2389, 9, 263, 77, 36, 17, 21067, 13, 3
171513, 1241408406789, 1241409081722, 579.9, 4071, 15, 251.13333333333327, 0, 7, 7, 170191, 11, 2
172848, , , 25.400000000000002, 0, 0, 0, 0, 3, 5, 359624, , 
180951, , , 15.700000000000001, 0, 0, 0, 0, 2, 7, 153510, , 
181652, 1241408268549, 1241408872042, 0, 115, 1, 140, 68793, 0, 0, 125774, 4, 0
184042, 1241405792957, 1241407632926, 0, 1478, 8, 171.5, 0, 1, 1, 145006, 4, 0
184671, 1241414232729, , 862.6000000000001, 1616, 12, 114.5, 0, 1, 0, 171513, 2, 0
185363, 1241404175892, 1241405188698, 0, 997, 4, 142.5, 0, 0, 0, 187171, 2, 0
185390, 1241404960348, 1241406075456, 0, 282, 2, 116, 0, 0, 0, 0, 1, 
185650, , , 33.2, 0, 0, 0, 0, 2, 1, 185697, , 
187171, , , 99.7, 0, 0, 0, 0, 1, 0, 85021, , 
188370, , , 67.25, 0, 0, 0, 0, 2, 3, 163484, , 
189871, , , 71.35000000000001, 0, 0, 0, 0, 1, 3, 351626, , 
190461, 1241410579269, 1241410840197, 0, 0, 0, 0, 0, 0, 0, 366650, 1, 
190687, , , 30.200000000000003, 0, 0, 0, 0, 7, 9, 383937, , 
191252, , , 3.9000000000000004, 0, 0, 0, 0, 2, 0, 227147, , 
195736, , , 43.6, 0, 0, 0, 0, 6, 26, 334835, , 
195855, , , 8.950000000000001, 0, 0, 0, 0, 1, 2, 169869, , 
198681, 1241407932347, 1241408642625, 0, 217, 2, 108.5, 0, 0, 0, 0, 1, 
200145, , , 361.20000000000005, 0, 0, 0, 0, 1, 4, 209656, , 
201458, , , 11.5, 0, 0, 0, 0, 1, 0, 118417, , 
20260, 1241414379072, , 170.45000000000002, 2121, 6, 401.5, 17790, 18, 42, 12, 17, 13
202873, , , 203.55, 0, 0, 0, 0, 1, 3, 341164, , 
205446, 1241403229166, 1241405144052, 0, 2408, 6, 158.66666666666666, 96675, 0, 0, 96675, 3, 
208217, , , 62.900000000000006, 0, 0, 0, 0, 2, 0, 1092321, , 
208699, , , 8.1, 0, 0, 0, 0, 4, 8, 36200, , 
208867, 1241403156851, 1241405192373, 0, 1345, 6, 211.33333333333334, 0, 0, 0, 111249, 3, 0
209610, , , 17.900000000000002, 0, 0, 0, 0, 2, 0, 195855, , 
209656, , , 120.4, 0, 0, 0, 0, 6, 10, 167153, , 
210163, , , 388.90000000000003, 0, 0, 0, 0, 12, 4, 255725, , 
21067, , , 254.50000000000003, 0, 0, 0, 0, 2, 36, 302907, , 
21727, 1241409602554, 1241410212162, 0, 154, 1, 154, 0, 0, 0, 160801, 1, 
223887, , , 94.10000000000001, 0, 0, 0, 0, 3, 2, 310109, , 
227147, 1241405404501, 1241405441293, 1.9500000000000002, 0, 0, 0, 0, 6, 4, 238782, 5, 2
230164, 1241413917061, 1241414262644, 0, 604, 3, 215.33333333333334, 510740, 11, 9, 250837, 18, 2
234337, , , 137.55, 0, 0, 0, 0, 5, 5, 97523, , 
237967, , , 297.80000000000007, 0, 0, 0, 0, 3, 7, 336228, , 
239111, , , 164.80000000000004, 0, 0, 0, 0, 1, 1, 439277, , 
245338, , , 73.9, 0, 0, 0, 0, 9, 12, 77353, , 
249250, 1241403036376, 1241403573316, 0, 276, 2, 138, 0, 0, 0, 510740, 1, 
250107, 1241408573667, 1241408821103, 0, 0, 0, 0, 333736, 6, 1, 193558, 8, 2
250837, , , 60.400000000000006, 0, 0, 0, 0, 1, 11, 190687, , 
25453, 1241410984231, 1241411210531, 0, 111, 1, 104, 0, 0, 0, 0, 1, 
255725, , , 194.45000000000002, 0, 0, 0, 0, 1, 12, 309124, , 
256746, , , 78.35, 0, 0, 0, 0, 5, 30, 61984, , 
258951, , , 280.70000000000005, 0, 0, 0, 0, 21, 26, 1265, , 
267622, , , 732.45, 0, 0, 0, 0, 2, 5, 1632, , 
269484, 1241410781222, , 84.1, 14649, 50, 310.04, 1124156, 3, 0, 166371, 4, 0
280766, 1241403195201, 1241406497099, 0, 3859, 17, 186.23529411764707, 269484, 0, 0, 83959, 3, 0
283305, , , 212.5, 0, 0, 0, 0, 1, 8, 497122, , 
283870, 1241413014358, 1241413129039, 0, 0, 0, 0, 0, 0, 0, 101282, 4, 0
288860, , , 317.30000000000007, 0, 0, 0, 0, 5, 10, 20260, , 
298666, 1241413284570, 1241413910171, 0, 0, 0, 0, 868186, 6, 0, 259344, 7, 1
302907, , , 119.45000000000002, 0, 0, 0, 0, 2, 3, 283855, , 
310109, , , 38.800000000000004, 0, 0, 0, 0, 4, 6, 309096, , 
311783, 1241406309221, , 0, 4256, 14, 398.85714285714283, 0, 7, 2, 11460, 9, 4
316089, 1241409370191, 1241411392090, 0, 3173, 7, 427.2857142857143, 288860, 8, 1, 288860, 7, 5
323488, , , 38.699999999999996, 0, 0, 0, 0, 1, 1, 94571, , 
330095, 1241407242725, 1241407462176, 0, 98, 1, 96, 0, 0, 0, 430891, 3, 0
334835, , , 21.8, 0, 0, 0, 0, 2, 7, 143501, , 
335072, 1241413699679, 1241413872225, 0, 0, 0, 0, 0, 0, 0, 155161, 3, 0
336228, , , 85.3, 0, 0, 0, 0, 9, 18, 307471, , 
336524, 1241411126205, 1241413938924, 0, 436, 1, 322, 101052, 18, 6, 195736, 11, 2
341266, , , 29.8, 0, 0, 0, 0, 1, 17, 178409, , 
351430, , , 170.6, 0, 0, 0, 0, 11, 45, 336228, , 
351598, , , 25.650000000000002, 0, 0, 0, 0, 1, 29, 359624, , 
35568, 1241410481361, 1241413290022, 45.65, 2807, 8, 163.75, 438751, 1, 23, 258951, 4, 
365218, , , 15.600000000000001, 0, 0, 0, 0, 3, 1, 551, , 
383387, , , 298.45, 0, 0, 0, 0, 6, 56, 0, , 
388615, , , 9.5, 0, 0, 0, 0, 1, 2, 395687, , 
390995, , , 19, 0, 0, 0, 0, 2, 0, 388615, , 
39180, 1241406016069, 1241406196712, 0, 237, 1, 188, 0, 7, 15, 68619, 7, 1
396113, , , 327.9, 0, 0, 0, 0, 2, 7, 44987, , 
397835, , , 113.05, 0, 0, 0, 0, 5, 27, 47379, , 
402647, 1241412949672, 1241413259518, 0, 4952, 17, 293.5882352941176, 483162, 11, 3, 408501, 11, 6
403501, , , 192.95000000000002, 0, 0, 0, 0, 5, 3, 124503, , 
408501, , , 495.2000000000001, 0, 0, 0, 0, 6, 15, 637936, , 
41022, , , 212.79999999999998, 0, 0, 0, 0, 1, 1, 412796, , 
42736, 1241407345506, 1241407349207, 0, 0, 0, 0, 93562, 2, 3, 133482, 4, 1
430717, , , 156.7, 0, 0, 0, 0, 30, 1, 256746, , 
430891, , , 9.8, 0, 0, 0, 0, 9, 5, 111249, , 
43386, 1241412526246, 1241414415953, 348.90000000000003, 5956, 19, 347.7368421052632, 106210, 4, 2, 130244, 8, 4
438751, 1241411674518, , 0, 3889, 13, 454.61538461538464, 35568, 4, 1, 210163, 6, 1
439277, , , 73.65, 0, 0, 0, 0, 7, 1, 208602, , 
440521, 1241409658221, 1241409673646, 0, 0, 0, 0, 0, 0, 0, 58643, 1, 0
44987, , , 163.95, 0, 0, 0, 0, 17, 18, 12770, , 
452296, 1241407478708, 1241408788915, 117.15, 2849, 6, 742.1666666666666, 0, 9, 5, 103144, 5, 2
462408, 1241404513534, 1241404782581, 0, 0, 0, 0, 121604, 4, 1, 191950, 10, 2
462700, 1241409283823, 1241410054834, 0, 650, 3, 152, 0, 0, 0, 269484, 1, 0
47379, , , 22.05, 0, 0, 0, 0, 4, 5, 54776, , 
507149, 1241403286428, 1241403684545, 0, 0, 0, 0, 0, 0, 0, 0, 1, 
510740, , , 27.6, 0, 0, 0, 0, 66, 2, 534632, , 
5212, , , 59.6, 0, 0, 0, 0, 17, 16, 341266, , 
533, , , 69.5, 0, 0, 0, 0, 7, 11, 20260, , 
534632, , , 13.8, 0, 0, 0, 0, 7, 79, 445660, , 
538369, 1241404934784, 1241406329888, 0, 1706, 5, 492.8, 203784, 2, 0, 351430, 8, 1
538428, 1241412564144, , 0, 2384, 8, 303, 0, 1, 0, 43386, 3, 0
538748, , , 10.55, 0, 0, 0, 0, 1, 5, 53030, , 
545644, 1241410355582, 1241412903803, 0, 774, 6, 108.83333333333333, 0, 0, 0, 161972, 1, 0
547342, 1241411993940, 1241412612180, 0, 62, 1, 62, 0, 0, 0, 0, 1, 
54776, , , 255.45000000000002, 0, 0, 0, 0, 71, 32, 89757, , 
55022, , , 21.1, 0, 0, 0, 0, 5, 1, 538748, , 
551, , , 7.800000000000001, 0, 0, 0, 0, 3, 3, 713, , 
555728, , , 21.9, 0, 0, 0, 0, 16, 5, 1101, , 
564162, 1241404009763, 1241404453274, 0, 274, 2, 137, 176275, 3, 0, 141364, 6, 2
56633, 1241403480843, 1241403715297, 0, 156, 1, 197, 0, 0, 0, 365218, 2, 0
57393, , , 110.3, 0, 0, 0, 0, 5, 56, 159420, , 
575140, 1241403084677, 1241403112844, 0, 0, 0, 0, 0, 2, 0, 603011, 2, 
57717, , , 37.55, 0, 0, 0, 0, 4, 10, 110178, , 
58859, 1241403233471, 1241405115533, 0, 3279, 10, 442.9, 43017, 7, 4, 396113, 13, 2
592692, , , 425, 0, 0, 0, 0, 8, 8, 283305, , 
603011, 1241406969618, 1241407377072, 0, 0, 0, 0, 0, 4, 4, 562788, 5, 1
60640, 1241409873810, 1241410751369, 0, 508, 4, 128.75, 0, 1, 3, 132403, 4, 0
60835, 1241406953615, 1241407692213, 0, 162, 2, 81, 0, 0, 0, 0, 1, 
61045, , , 90.7, 0, 0, 0, 0, 6, 2, 74372, , 
618696, 1241403818886, 1241403972121, 0, 0, 0, 0, 0, 0, 0, 336524, 2, 
61984, 1241404579035, 1241405892154, 0, 907, 4, 280.25, 77060, 2, 5, 61045, 8, 2
629321, 1241411797765, 1241412418638, 0, 0, 0, 0, 0, 0, 0, 0, 1, 
63415, , , 281.4, 0, 0, 0, 0, 6, 1, 8938, , 
634607, 1241409227970, 1241410042650, 0, 991, 6, 165.16666666666666, 0, 2, 1, 54776, 4, 
637936, , , 247.60000000000005, 0, 0, 0, 0, 3, 6, 217283, , 
645187, 1241407524705, 1241408004852, 0, 235, 2, 120, 0, 0, 0, 0, 1, 
677003, , , 139, 0, 0, 0, 0, 2, 1, 533, , 
67941, 1241408845426, 1241409725655, 0, 596, 5, 119.2, 0, 0, 0, 5212, 2, 0
68619, , , 23.700000000000003, 0, 0, 0, 0, 8, 10, 12770, , 
68793, 1241408363516, 1241408897149, 0, 115, 1, 89, 181652, 0, 0, 201458, 4, 0
696029, 1241412282033, 1241412902423, 0, 193, 2, 98, 0, 0, 0, 430717, 2, 
701624, 1241411064605, 1241411169099, 0, 0, 0, 0, 0, 0, 0, 98629, 2, 
70997, 1241412889228, 1241414263601, 137.9, 441, 3, 190, 1010692, 27, 29, 397835, 11, 2
713, 1241410137968, , 0, 2509, 6, 392.1666666666667, 1265, 10, 65, 12, 18, 6
71724, , , 45.4, 0, 0, 0, 0, 13, 4, 94103, , 
74372, , , 45.35, 0, 0, 0, 0, 4, 10, 336024, , 
785, 1241410188244, 1241410621453, 0, 438, 2, 252, 0, 0, 0, 1122449, 3, 
797824, 1241409626628, 1241411613522, 0, 751, 3, 334, 574401, 15, 4, 82321, 7, 5
802319, , , 98.95, 0, 0, 0, 0, 2, 5, 773108, , 
81899, , , 197.9, 0, 0, 0, 0, 5, 8, 802319, , 
820146, 1241410720121, 1241410997498, 0, 53, 1, 105, 0, 0, 0, 0, 1, 
82254, 1241409896651, 1241410117902, 0, 314, 2, 200.5, 102796, 3, 0, 133482, 5, 1
82321, , , 75.1, 0, 0, 0, 0, 6, 35, 57717, , 
836417, , , 14.4, 0, 0, 0, 0, 3, 5, 582081, , 
83959, , , 385.90000000000003, 0, 0, 0, 0, 1, 0, 403501, , 
84564, 1241403084673, 1241403246075, 0, 0, 0, 0, 0, 0, 0, 0, 1, 
85021, , , 49.85, 0, 0, 0, 0, 2, 1, 17790, , 
865090, 1241409847406, 1241410734752, 0, 211, 1, 169, 0, 1, 0, 55022, 3, 
8938, , , 135.95, 0, 0, 0, 0, 14, 6, 541655, , 
89757, , , 53.800000000000004, 0, 0, 0, 0, 3, 74, 20260, , 
92300, , , 66.4, 0, 0, 0, 0, 1, 5, 185650, , 
92388, , , 20.1, 0, 0, 0, 0, 1, 1, 106069, , 
929303, , , 142.70000000000002, 0, 0, 0, 0, 3, 0, 189871, , 
933369, 1241403114590, , 0, 331, 3, 96.66666666666667, 0, 0, 0, 0, 1, 0
937109, 1241413307449, , 0, 1105, 4, 116, 0, 1, 0, 43386, 2, 0
940573, 1241406287618, 1241406677345, 0, 0, 0, 0, 0, 0, 0, 757, 1, 
94204, 1241407097889, 1241407724841, 0, 39, 1, 78, 0, 0, 0, 191252, 1, 0
96675, 1241403036382, 1241405416021, 240.8, 2408, 6, 643.5, 205446, 4, 3, 200145, 4, 0
98068, 1241412280229, 1241412340996, 0, 191, 1, 110, 0, 0, 0, 269484, 1, 
990799, , , 53.7, 0, 0, 0, 0, 5, 9, 836417, , 
996135, 1241410561372, 1241413253491, 0, 1390, 10, 133.7, 0, 1, 0, 677003, 2, 
998652, 1241411205764, 1241411772191, 49.800000000000004, 90, 1, 90, 1127083, 3, 6, 990799, 3, 
<<<<EndTable

PlayersOnlineNow=15
PlayersOnlineEachMinute=0, 10, 12, 16, 19, 18, 22, 22, 21, 20, 20, 18, 18, 20, 21, 22, 22, 21, 21, 20, 22, 21, 21, 21, 22, 21, 23, 24, 23, 24, 24, 24, 27, 29, 30, 28, 24, 25, 23, 21, 19, 18, 17, 18, 19, 20, 24, 24, 25, 25, 27, 25, 22, 22, 23, 25, 24, 25, 23, 22, 22, 20, 19, 20, 20, 21, 23, 24, 27, 26, 25, 28, 26, 24, 20, 22, 21, 20, 18, 17, 17, 15, 17, 18, 17, 18, 18, 17, 18, 19, 21, 20, 22, 23, 22, 20, 20, 17, 15, 15, 14, 13, 11, 11, 13, 14, 16, 16, 16, 15, 17, 15, 17, 15, 17, 19, 21, 19, 18, 20, 18, 18, 20, 22, 24, 24, 24, 24, 23, 20, 21, 20, 20, 20, 21, 23, 23, 23, 23, 23, 20, 20, 20, 20, 22, 20, 19, 19, 19, 19, 21, 22, 22, 23, 24, 26, 26, 25, 25, 27, 24, 23, 23, 24, 24, 23, 24, 26, 24, 22, 22, 19, 21, 22, 21, 20, 20, 21, 22, 22, 22, 21, 20, 19, 19, 19, 19, 20, 17, 17
PlayersInEachFeedingGame=1, 1, 3, 1, 1, 1, 2, 1, 1, 2, 2, 2, 2, 2, 2, 1, 2, 2, 1, 2, 1, 1, 3, 2, 2, 2, 1, 1, 2, 2, 2, 2, 1, 2, 1, 1, 2, 2, 1, 1, 2, 2, 1, 1, 2, 2, 2, 2, 2, 1, 2, 2, 2, 2, 2, 1, 1, 2, 1, 3, 2, 1, 2, 1, 2, 1, 3, 2, 2, 1, 2, 1, 2, 1, 2, 2, 2, 1, 2, 1, 2, 1, 2, 1, 1, 1, 2, 2, 1, 1, 1, 2, 2, 2, 1, 2, 1, 1, 1, 1, 2, 3, 1, 2, 2, 2, 2, 2, 1, 1, 2, 1, 2, 1, 1, 2, 1, 1, 2, 3, 1, 2, 1, 2, 2, 1, 3, 2, 1, 2, 1, 1, 2, 2, 2, 2, 2, 1, 1, 2, 2, 1, 1, 1, 1, 2, 1, 1, 1, 2, 1, 2, 1, 1, 1, 2, 1, 1, 2, 2, 1, 1, 2, 1, 2, 2, 2, 2, 1, 1, 1, 2, 2, 2, 1, 2, 2, 2, 2, 1, 2, 1, 2, 1, 2, 2, 1, 1, 1, 2, 2, 1, 2, 2, 2, 2, 2, 1, 1, 2, 2, 1, 2, 2, 2, 2, 2, 1, 2, 1, 2, 2, 2, 2, 2, 2, 2, 2, 2, 3, 1, 1
PlayersStarted=246
PlayersQuit=231
StatsStartTime=1241403035209
StatsDumpTime=1241414436007
<<<<EndStats
2009-05-03 22:20:39,595 ERROR: vampire.server.feeding.FeedingRecord sendPlayerStartGameMsg [playerId=1203117, prey=false, _predatorIndex=]
2009-05-03 22:20:55,941 ERROR: vampire.server.feeding.FeedingRecord sendPlayerStartGameMsg [playerId=311783, prey=true, _predatorIndex=]
2009-05-03 22:20:55,942 ERROR: vampire.server.feeding.FeedingRecord sendPlayerStartGameMsg [playerId=1181915, prey=false, _predatorIndex=]
2009-05-03 22:21:44,229 ERROR: vampire.server.feeding.FeedingRecord sendPlayerStartGameMsg [playerId=1192337, prey=true, _predatorIndex=]
2009-05-03 22:21:44,230 ERROR: vampire.server.feeding.FeedingRecord sendPlayerStartGameMsg [playerId=184671, prey=false, _predatorIndex=]
2009-05-03 22:22:14,047 ERROR: vampire.server.feeding.FeedingRecord sendPlayerStartGameMsg [playerId=269484, prey=true, _predatorIndex=]
2009-05-03 22:22:14,048 ERROR: vampire.server.feeding.FeedingRecord sendPlayerStartGameMsg [playerId=184671, prey=false, _predatorIndex=]
2009-05-03 22:22:57,585 ERROR: vampire.server.feeding.FeedingRecord sendPlayerStartGameMsg [playerId=1192337, prey=false, _predatorIndex=1090611,1120983]
2009-05-03 22:24:25,270 ERROR: vampire.server.feeding.FeedingRecord sendPlayerStartGameMsg [playerId=554320, prey=false, _predatorIndex=]
2009-05-03 22:24:41,157 ERROR: vampire.server.feeding.FeedingRecord sendPlayerStartGameMsg [playerId=1090611, prey=false, _predatorIndex=1090611,1120983,1192337]
2009-05-03 22:25:28,256 ERROR: vampire.server.feeding.FeedingRecord sendPlayerStartGameMsg [playerId=1090611, prey=false, _predatorIndex=1090611,1120983,1192337]
2009-05-03 22:26:05,286 ERROR: vampire.server.feeding.FeedingRecord sendPlayerStartGameMsg [playerId=184671, prey=false, _predatorIndex=]
2009-05-03 22:26:34,950 ERROR: vampire.server.feeding.FeedingRecord sendPlayerStartGameMsg [playerId=1192337, prey=false, _predatorIndex=]
2009-05-03 22:26:44,668 ERROR: vampire.server.feeding.FeedingRecord sendPlayerStartGameMsg [playerId=554320, prey=false, _predatorIndex=]
Error! Your code is broken! Unable to call a host method, perhaps you've been shut down? [msg=Room not in game [roomId=375791], trace=Error: Room not in game [roomId=375791]
	at com.threerings.msoy.avrg.client::ThaneAVRGameController/getRoomProps()[/export/bamboo/bamboo-home/xml-data/build-dir/WHIRLED-PROD/src/as/com/threerings/msoy/avrg/client/ThaneAVRGameController.as:182]
	at com.threerings.msoy.avrg.client::ThaneAVRGameBackend/room_sendMessage_v1()[/export/bamboo/bamboo-home/xml-data/build-dir/WHIRLED-PROD/src/as/com/threerings/msoy/avrg/client/ThaneAVRGameBackend.as:540]
	at Function/http://adobe.com/AS3/2006/builtin::apply()
	at com.whirled::AbstractControl/callHostCode()
	at Function/http://adobe.com/AS3/2006/builtin::apply()
	at com.whirled::AbstractSubControl/callHostCode()
	at Function/http://adobe.com/AS3/2006/builtin::apply()
	at com.whirled::TargetedSubControl/callHostCode()
	at com.whirled.avrg::RoomSubControlServer/sendMessage()
	at vampire.feeding.server::ServerCtx/sendMessage()
	at vampire.feeding.server::ServerGameMode/onTimeOver()
	at flash.events::EventDispatcher/dispatchEvent()
	at flash.utils::Timer/expire()
	at flash.utils::Timer$/heartbeat()
	at Thane$/heartbeat()
	at Thane$/heartbeat()].
2009-05-03 22:28:58,403 ERROR: vampire.server.feeding.FeedingRecord sendPlayerStartGameMsg [playerId=554320, prey=false, _predatorIndex=]
2009-05-03 22:30:03,405 ERROR: vampire.server.feeding.FeedingRecord sendPlayerStartGameMsg [playerId=1192337, prey=false, _predatorIndex=1090611,1120983,1192337]
2009-05-03 22:30:19,398 ERROR: vampire.server.feeding.FeedingRecord sendPlayerStartGameMsg [playerId=182851, prey=true, _predatorIndex=]
2009-05-03 22:30:19,398 ERROR: vampire.server.feeding.FeedingRecord sendPlayerStartGameMsg [playerId=1192337, prey=false, _predatorIndex=]

>>>>BeginStats

>>>>BeginTable
PlayerId, StartTime, EndTime, ProgenyPayout, XPFromFeeding, FeedingGames, MeanFeedingScore, BloodBond, Progeny, GrandProgeny, Sire, Level, Invites
1012813, , , 365.35, 0, 0, 0, 0, 6, 16, 54776, , 
1021278, , , 13.700000000000001, 0, 0, 0, 0, 2, 2, 452296, , 
102796, 1241404929304, 1241405268319, 0, 179, 1, 228, 82254, 0, 0, 209610, 4, 0
102929, , , 90.8, 0, 0, 0, 0, 2, 2, 71724, , 
103033, 1241406303737, 1241406568211, 0, 1979, 8, 206.125, 767143, 8, 7, 81899, 5, 1
103144, , , 336.1, 0, 0, 0, 0, 5, 16, 116005, , 
1032421, 1241411089713, 1241412067700, 0, 198, 2, 148.5, 0, 6, 1, 990799, 6, 1
1032648, , , 387.09999999999997, 0, 0, 0, 0, 4, 0, 234337, , 
1043, 1241412056143, , 0, 1339, 2, 839, 453, 5, 2, 12, 13, 3
1055910, 1241404984170, 1241407880276, 19, 2719, 12, 143.16666666666666, 0, 1, 0, 63415, 3, 
106069, , , 10.05, 0, 0, 0, 0, 14, 11, 236834, , 
1062853, 1241411185417, 1241414434138, 165.80000000000004, 5132, 15, 421.3333333333333, 1138895, 8, 8, 1124214, 6, 2
1063955, 1241403206454, 1241403326609, 0, 0, 0, 0, 0, 0, 0, 0, 1, 
10642, , , 51.300000000000004, 0, 0, 0, 0, 29, 9, 351598, , 
1073254, 1241408509852, 1241408982160, 0, 217, 2, 104.5, 0, 0, 0, 20260, 1, 
1079371, 1241411124738, 1241411862000, 0, 0, 0, 0, 131625, 0, 0, 187381, 3, 
108782, 1241412160217, 1241413087292, 33, 776, 5, 146.8, 0, 1, 0, 223887, 4, 0
1088614, 1241405910226, 1241406515542, 0, 629, 2, 258.5, 0, 0, 0, 208217, 1, 
1090611, 1241413703355, , 0, 3871, 22, 128.45454545454547, 0, 0, 0, 1032648, 3, 0
1092321, , , 122.75, 0, 0, 0, 0, 23, 19, 35568, , 
1092861, 1241406929130, 1241408292240, 0, 615, 5, 122.8, 0, 0, 0, 1055910, 1, 
1094114, 1241403517647, 1241403551661, 0, 0, 0, 0, 0, 0, 0, 153097, 1, 
110178, , , 5.75, 0, 0, 0, 0, 6, 11, 12770, , 
1103506, 1241408287983, 1241408535303, 0, 168, 1, 200, 0, 0, 0, 1062853, 2, 
111249, , , 139.4, 0, 0, 0, 0, 2, 9, 188370, , 
1117799, 1241410383518, 1241410457949, 0, 4250, 13, 345.46153846153845, 0, 1, 0, 592692, 4, 
1120660, 1241403684940, 1241406654264, 0, 2241, 10, 278.2, 0, 2, 0, 0, 2, 2
1120983, 1241413332053, 1241414546350, 0, 1197, 7, 119.42857142857143, 0, 0, 0, 70997, 2, 
1122449, , , 300.4, 0, 0, 0, 0, 5, 5, 555728, , 
1123495, 1241406759388, 1241406871170, 0, 0, 0, 0, 0, 0, 0, 635003, 1, 
1124156, 1241410835943, 1241414283493, 0, 9981, 37, 316.1081081081081, 269484, 0, 0, 184671, 4, 
1124214, , , 596.1, 0, 0, 0, 0, 5, 8, 1122449, , 
112535, 1241414346363, 1241414361462, 0, 1374, 4, 263.5, 0, 1, 1, 430717, 4, 0
1127083, 1241412776557, 1241413388823, 0, 498, 2, 147, 998652, 5, 0, 998652, 3, 
1131837, 1241410414048, 1241410560246, 0, 0, 0, 0, 0, 0, 0, 0, 1, 
114461, 1241407983064, 1241408472263, 0, 190, 1, 151, 0, 0, 0, 390995, 4, 0
11460, , , 462.34999999999997, 0, 0, 0, 0, 1, 8, 41022, , 
1148098, 1241403058996, 1241403432171, 11.350000000000001, 137, 1, 164, 0, 2, 1, 1021278, 4, 
1148755, 1241403092908, 1241405326167, 0, 913, 3, 381.3333333333333, 0, 9, 1, 1092321, 4, 2
1152211, , , 15.8, 0, 0, 0, 0, 1, 0, 452296, , 
116005, , , 142.45000000000002, 0, 0, 0, 0, 6, 9, 130627, , 
1160652, 1241403787472, 1241404392065, 0, 449, 3, 113.33333333333333, 0, 0, 0, 1207233, 2, 
1163187, 1241406002337, 1241406146444, 0, 0, 0, 0, 0, 0, 0, 0, 1, 
1174220, 1241410149289, 1241410754750, 0, 768, 3, 176, 0, 0, 0, 0, 1, 
1178152, 1241404954368, 1241406132118, 0, 1015, 4, 162.5, 0, 0, 0, 1120660, 2, 
1178608, 1241404180159, 1241404253341, 0, 0, 0, 0, 0, 0, 0, 0, 1, 
1180132, 1241405746314, 1241406138348, 0, 699, 3, 156.66666666666666, 0, 0, 0, 1120660, 1, 
1180567, 1241412109323, 1241412612178, 0, 330, 2, 159.5, 0, 0, 0, 108782, 1, 
1181915, 1241413428071, , 0, 384, 2, 136.5, 0, 0, 0, 311783, 1, 0
1184139, 1241412336657, 1241413260418, 0, 59, 1, 59, 0, 0, 0, 146580, 1, 
118417, , , 5.75, 0, 0, 0, 0, 4, 3, 12, , 
1192337, 1241413385293, , 0, 3624, 10, 266.1, 1146252, 12, 4, 1012813, 4, 0
12, , , 602.8, 0, 0, 0, 0, 20, 124, 383387, , 
1202977, 1241403696530, 1241404054080, 0, 85, 1, 85, 0, 0, 0, 54776, 2, 
1203117, 1241414244304, 1241414747779, 0, 309, 2, 171, 1215840, 2, 0, 152578, 4, 1
1203874, 1241405717293, 1241407471972, 0, 1427, 7, 123.57142857142857, 0, 0, 0, 929303, 2, 
1207233, 1241403150668, 1241406372124, 35, 1473, 10, 119.5, 0, 1, 0, 239111, 2, 
1214279, 1241409407928, 1241410861458, 0, 158, 1, 178, 0, 0, 0, 1152211, 2, 
1222108, 1241403345165, 1241403492165, 0, 0, 0, 0, 0, 0, 0, 0, 1, 
1223024, 1241403138231, 1241406126768, 22.700000000000003, 0, 0, 0, 0, 1, 0, 1148098, 1, 1
1223946, 1241403036373, 1241405180583, 0, 227, 2, 99.5, 0, 0, 0, 1223024, 1, 
1225819, 1241412507265, 1241412603842, 0, 0, 0, 0, 0, 0, 0, 0, 1, 
1225912, 1241403036384, 1241403676500, 0, 249, 2, 124.5, 0, 0, 0, 0, 1, 
1226117, 1241412428635, 1241413447773, 0, 637, 4, 162.75, 0, 0, 0, 0, 1, 
1226131, 1241405676503, 1241405688397, 0, 0, 0, 0, 0, 0, 0, 0, 1, 
1226259, 1241406737475, 1241408819346, 0, 1797, 9, 166.88888888888889, 0, 0, 0, 452296, 2, 
1226297, 1241405032158, 1241405112177, 0, 0, 0, 0, 0, 0, 0, 0, 1, 
1226640, 1241407774578, 1241407813373, 0, 0, 0, 0, 0, 0, 0, 0, 1, 
1227160, 1241409951497, 1241410212164, 0, 0, 0, 0, 0, 0, 0, 0, 1, 
1227574, 1241410542385, 1241410573435, 0, 0, 0, 0, 0, 0, 0, 0, 1, 
1227905, 1241409734941, 1241413502012, 0, 0, 0, 0, 0, 0, 0, 1137484, 1, 
1228272, 1241413395065, 1241413998488, 0, 182, 1, 77, 0, 0, 0, 70997, 1, 
1228525, 1241412700544, 1241413133177, 0, 0, 0, 0, 0, 0, 0, 0, 1, 
125774, , , 11.5, 0, 0, 0, 0, 1, 0, 110178, , 
1265, , , 140.35000000000002, 0, 0, 0, 0, 14, 32, 12, , 
12770, , , 11.850000000000001, 0, 0, 0, 0, 23, 76, 383387, , 
130244, , , 770.0500000000001, 0, 0, 0, 0, 3, 10, 237967, , 
132403, , , 50.800000000000004, 0, 0, 0, 0, 5, 1, 172848, , 
132832, 1241404582705, 1241404940766, 0, 201, 2, 100.5, 0, 1, 2, 92388, 3, 0
132921, 1241413495779, 1241413504595, 0, 0, 0, 0, 0, 7, 0, 211601, 6, 2
133482, , , 31.400000000000002, 0, 0, 0, 0, 5, 12, 180951, , 
135411, 1241410437921, 1241410541909, 0, 0, 0, 0, 0, 0, 0, 0, 1, 
136291, 1241407008366, 1241407570748, 0, 270, 2, 108.5, 0, 0, 0, 0, 1, 
137784, 1241414799226, , 0, 0, 0, 0, 0, 0, 0, 153510, 2, 0
139168, 1241405617818, 1241406132119, 0, 908, 3, 278.6666666666667, 0, 2, 0, 102929, 4, 
141364, , , 27.400000000000002, 0, 0, 0, 0, 6, 3, 16514, , 
143268, 1241408126999, 1241409423932, 0, 302, 3, 100.66666666666667, 0, 0, 0, 0, 1, 
145006, , , 147.8, 0, 0, 0, 0, 3, 4, 245338, , 
145552, 1241404419700, 1241405324524, 0, 312, 2, 123, 0, 0, 0, 171151, 2, 
145609, 1241403611059, 1241404162914, 0, 664, 3, 234.66666666666666, 369307, 5, 4, 92300, 4, 0
146580, , , 5.9, 0, 0, 0, 0, 2, 0, 1012813, , 
147988, 1241404469801, 1241404494457, 0, 0, 0, 0, 170446, 7, 8, 307477, 6, 2
150179, 1241406121560, 1241406741235, 0, 513, 3, 171, 0, 1, 0, 10642, 4, 0
150469, 1241408575695, 1241413451586, 0, 1103, 3, 180.66666666666666, 0, 3, 8, 57393, 4, 0
152578, , , 30.9, 0, 0, 0, 0, 3, 4, 208699, , 
153097, 1241405050228, 1241408574735, 0, 1490, 5, 337.8, 0, 7, 0, 1062853, 3, 7
155004, 1241405360824, 1241405376118, 0, 0, 0, 0, 0, 1, 0, 145497, 2, 
159420, , , 55.15, 0, 0, 0, 0, 1, 5, 206649, , 
160801, , , 15.4, 0, 0, 0, 0, 5, 2, 166371, , 
161972, , , 77.39999999999999, 0, 0, 0, 0, 1, 0, 323488, , 
16514, , , 13.700000000000001, 0, 0, 0, 0, 5, 8, 1062, , 
166371, , , 1576.25, 0, 0, 0, 0, 4, 10, 267622, , 
170191, , , 497.45, 0, 0, 0, 0, 3, 8, 202873, , 
171151, 1241403771121, 1241407692211, 31.200000000000003, 2389, 9, 263, 77, 36, 17, 21067, 13, 3
171513, 1241408406789, 1241409081722, 612, 4071, 15, 251.13333333333327, 0, 7, 7, 170191, 11, 2
172848, , , 25.400000000000002, 0, 0, 0, 0, 3, 5, 359624, , 
180951, , , 15.700000000000001, 0, 0, 0, 0, 2, 7, 153510, , 
181652, 1241408268549, 1241408872042, 0, 115, 1, 140, 68793, 0, 0, 125774, 4, 0
182851, 1241414914112, , 0, 0, 0, 0, 0, 1, 0, 169321, 4, 0
184042, 1241405792957, 1241407632926, 0, 1478, 8, 171.5, 0, 1, 1, 145006, 4, 0
184671, 1241414232729, 1241414835801, 862.6000000000001, 1937, 14, 113.5, 0, 1, 0, 171513, 2, 
185363, 1241404175892, 1241405188698, 0, 997, 4, 142.5, 0, 0, 0, 187171, 2, 0
185390, 1241404960348, 1241406075456, 0, 282, 2, 116, 0, 0, 0, 0, 1, 
185650, , , 33.2, 0, 0, 0, 0, 2, 1, 185697, , 
187171, , , 99.7, 0, 0, 0, 0, 1, 0, 85021, , 
188370, , , 67.25, 0, 0, 0, 0, 2, 3, 163484, , 
189871, , , 71.35000000000001, 0, 0, 0, 0, 1, 3, 351626, , 
190461, 1241410579269, 1241410840197, 0, 0, 0, 0, 0, 0, 0, 366650, 1, 
190687, , , 30.200000000000003, 0, 0, 0, 0, 7, 9, 383937, , 
191252, , , 3.9000000000000004, 0, 0, 0, 0, 2, 0, 227147, , 
195736, , , 43.6, 0, 0, 0, 0, 6, 26, 334835, , 
195855, , , 8.950000000000001, 0, 0, 0, 0, 1, 2, 169869, , 
198681, 1241407932347, 1241408642625, 0, 217, 2, 108.5, 0, 0, 0, 0, 1, 
200145, , , 361.20000000000005, 0, 0, 0, 0, 1, 4, 209656, , 
201458, , , 11.5, 0, 0, 0, 0, 1, 0, 118417, , 
20260, 1241414379072, , 170.45000000000002, 2121, 6, 401.5, 17790, 18, 42, 12, 17, 13
202873, , , 203.55, 0, 0, 0, 0, 1, 3, 341164, , 
205446, 1241403229166, 1241405144052, 0, 2408, 6, 158.66666666666666, 96675, 0, 0, 96675, 3, 
208217, , , 62.900000000000006, 0, 0, 0, 0, 2, 0, 1092321, , 
208699, , , 15.45, 0, 0, 0, 0, 4, 8, 36200, , 
208867, 1241403156851, 1241405192373, 0, 1345, 6, 211.33333333333334, 0, 0, 0, 111249, 3, 0
209610, , , 17.900000000000002, 0, 0, 0, 0, 2, 0, 195855, , 
209656, , , 120.4, 0, 0, 0, 0, 6, 10, 167153, , 
210163, , , 521.8, 0, 0, 0, 0, 12, 4, 255725, , 
21067, , , 254.50000000000003, 0, 0, 0, 0, 2, 36, 302907, , 
21727, 1241409602554, 1241410212162, 0, 154, 1, 154, 0, 0, 0, 160801, 1, 
223887, , , 94.10000000000001, 0, 0, 0, 0, 3, 2, 310109, , 
227147, 1241405404501, 1241405441293, 1.9500000000000002, 0, 0, 0, 0, 6, 4, 238782, 5, 2
229059, 1241414783759, 1241414868058, 0, 0, 0, 0, 0, 1, 9, 80072, 11, 11
230164, 1241413917061, 1241414262644, 0, 604, 3, 215.33333333333334, 510740, 11, 9, 250837, 18, 2
234337, , , 193.54999999999998, 0, 0, 0, 0, 5, 5, 97523, , 
237967, , , 297.80000000000007, 0, 0, 0, 0, 3, 7, 336228, , 
239111, , , 164.80000000000004, 0, 0, 0, 0, 1, 1, 439277, , 
245338, , , 73.9, 0, 0, 0, 0, 9, 12, 77353, , 
249250, 1241403036376, 1241403573316, 0, 276, 2, 138, 0, 0, 0, 510740, 1, 
250107, 1241408573667, 1241408821103, 0, 0, 0, 0, 333736, 6, 1, 193558, 8, 2
250837, , , 60.400000000000006, 0, 0, 0, 0, 1, 11, 190687, , 
25453, 1241410984231, 1241411210531, 0, 111, 1, 104, 0, 0, 0, 0, 1, 
255725, , , 260.9, 0, 0, 0, 0, 1, 12, 309124, , 
256746, , , 78.35, 0, 0, 0, 0, 5, 30, 61984, , 
258951, , , 280.70000000000005, 0, 0, 0, 0, 21, 26, 1265, , 
267622, , , 763.25, 0, 0, 0, 0, 2, 5, 1632, , 
269484, 1241410781222, 1241414936463, 84.1, 15265, 53, 307.1698113207548, 1124156, 3, 0, 166371, 4, 0
280766, 1241403195201, 1241406497099, 0, 3859, 17, 186.23529411764707, 269484, 0, 0, 83959, 3, 0
283305, , , 212.5, 0, 0, 0, 0, 1, 8, 497122, , 
283870, 1241413014358, 1241413129039, 0, 0, 0, 0, 0, 0, 0, 101282, 4, 0
288860, , , 317.30000000000007, 0, 0, 0, 0, 5, 10, 20260, , 
296658, , , 33.1, 0, 0, 0, 0, 9, 11, 299646, , 
298666, 1241413284570, 1241413910171, 0, 0, 0, 0, 868186, 6, 0, 259344, 7, 1
299646, , , 16.55, 0, 0, 0, 0, 4, 11, 69257, , 
302907, , , 119.45000000000002, 0, 0, 0, 0, 2, 3, 283855, , 
310109, , , 38.800000000000004, 0, 0, 0, 0, 4, 6, 309096, , 
311783, 1241406309221, , 24.5, 4501, 15, 395.3333333333333, 0, 8, 2, 11460, 9, 4
316089, 1241409370191, 1241411392090, 0, 3173, 7, 427.2857142857143, 288860, 8, 1, 288860, 7, 5
323488, , , 38.699999999999996, 0, 0, 0, 0, 1, 1, 94571, , 
330095, 1241407242725, 1241407462176, 0, 98, 1, 96, 0, 0, 0, 430891, 3, 0
334835, , , 21.8, 0, 0, 0, 0, 2, 7, 143501, , 
335072, 1241413699679, 1241413872225, 0, 0, 0, 0, 0, 0, 0, 155161, 3, 0
336228, , , 85.3, 0, 0, 0, 0, 9, 18, 307471, , 
336524, 1241414589874, 1241414960002, 0, 436, 1, 322, 101052, 18, 6, 195736, 11, 2
341266, , , 29.8, 0, 0, 0, 0, 1, 17, 178409, , 
351430, , , 170.6, 0, 0, 0, 0, 11, 45, 336228, , 
351598, , , 25.650000000000002, 0, 0, 0, 0, 1, 29, 359624, , 
35568, 1241410481361, 1241413290022, 45.65, 2807, 8, 163.75, 438751, 1, 23, 258951, 4, 
365218, , , 15.600000000000001, 0, 0, 0, 0, 3, 1, 551, , 
383387, , , 298.45, 0, 0, 0, 0, 6, 56, 0, , 
388615, , , 9.5, 0, 0, 0, 0, 1, 2, 395687, , 
390995, , , 19, 0, 0, 0, 0, 2, 0, 388615, , 
39180, 1241406016069, 1241406196712, 0, 237, 1, 188, 0, 7, 15, 68619, 7, 1
396113, , , 327.9, 0, 0, 0, 0, 2, 7, 44987, , 
397835, , , 113.05, 0, 0, 0, 0, 5, 27, 47379, , 
402647, 1241412949672, 1241413259518, 0, 4952, 17, 293.5882352941176, 483162, 11, 3, 408501, 11, 6
403501, , , 192.95000000000002, 0, 0, 0, 0, 5, 3, 124503, , 
408501, , , 495.2000000000001, 0, 0, 0, 0, 6, 15, 637936, , 
41022, , , 225.04999999999998, 0, 0, 0, 0, 1, 1, 412796, , 
42736, 1241407345506, 1241407349207, 0, 0, 0, 0, 93562, 2, 3, 133482, 4, 1
430717, , , 156.7, 0, 0, 0, 0, 30, 1, 256746, , 
430891, , , 9.8, 0, 0, 0, 0, 9, 5, 111249, , 
43386, 1241412526246, 1241414415953, 348.90000000000003, 5956, 19, 347.7368421052632, 106210, 4, 2, 130244, 8, 4
438751, 1241411674518, , 0, 5218, 18, 426.94444444444446, 35568, 4, 1, 210163, 6, 1
439277, , , 73.65, 0, 0, 0, 0, 7, 1, 208602, , 
440521, 1241409658221, 1241409673646, 0, 0, 0, 0, 0, 0, 0, 58643, 1, 0
44987, , , 163.95, 0, 0, 0, 0, 17, 18, 12770, , 
452296, 1241407478708, 1241408788915, 117.15, 2849, 6, 742.1666666666666, 0, 9, 5, 103144, 5, 2
462408, 1241404513534, 1241404782581, 0, 0, 0, 0, 121604, 4, 1, 191950, 10, 2
462700, 1241409283823, 1241410054834, 0, 650, 3, 152, 0, 0, 0, 269484, 1, 0
47379, , , 22.05, 0, 0, 0, 0, 4, 5, 54776, , 
507149, 1241403286428, 1241403684545, 0, 0, 0, 0, 0, 0, 0, 0, 1, 
510740, , , 27.6, 0, 0, 0, 0, 66, 2, 534632, , 
5212, , , 59.6, 0, 0, 0, 0, 17, 16, 341266, , 
533, , , 69.5, 0, 0, 0, 0, 7, 11, 20260, , 
534632, , , 13.8, 0, 0, 0, 0, 7, 79, 445660, , 
538369, 1241404934784, 1241406329888, 0, 1706, 5, 492.8, 203784, 2, 0, 351430, 8, 1
538428, 1241412564144, 1241414439331, 0, 2384, 8, 303, 0, 1, 0, 43386, 3, 0
538748, , , 10.55, 0, 0, 0, 0, 1, 5, 53030, , 
545644, 1241410355582, 1241412903803, 0, 774, 6, 108.83333333333333, 0, 0, 0, 161972, 1, 0
547342, 1241411993940, 1241412612180, 0, 62, 1, 62, 0, 0, 0, 0, 1, 
54776, 1241414444340, 1241414530465, 288.8, 0, 0, 0, 1062, 71, 32, 89757, 15, 3
55022, , , 21.1, 0, 0, 0, 0, 5, 1, 538748, , 
551, , , 7.800000000000001, 0, 0, 0, 0, 3, 3, 713, , 
554320, 1241414584241, , 0, 331, 2, 165.5, 366307, 9, 6, 296658, 5, 1
555728, , , 21.9, 0, 0, 0, 0, 16, 5, 1101, , 
564162, 1241404009763, 1241404453274, 0, 274, 2, 137, 176275, 3, 0, 141364, 6, 2
56633, 1241403480843, 1241403715297, 0, 156, 1, 197, 0, 0, 0, 365218, 2, 0
57393, , , 110.3, 0, 0, 0, 0, 5, 56, 159420, , 
575140, 1241403084677, 1241403112844, 0, 0, 0, 0, 0, 2, 0, 603011, 2, 
57717, , , 37.55, 0, 0, 0, 0, 4, 10, 110178, , 
58859, 1241403233471, 1241405115533, 0, 3279, 10, 442.9, 43017, 7, 4, 396113, 13, 2
592692, , , 425, 0, 0, 0, 0, 8, 8, 283305, , 
603011, 1241406969618, 1241407377072, 0, 0, 0, 0, 0, 4, 4, 562788, 5, 1
60640, 1241409873810, 1241410751369, 0, 508, 4, 128.75, 0, 1, 3, 132403, 4, 0
60835, 1241406953615, 1241407692213, 0, 162, 2, 81, 0, 0, 0, 0, 1, 
61045, , , 90.7, 0, 0, 0, 0, 6, 2, 74372, , 
618696, 1241403818886, 1241403972121, 0, 0, 0, 0, 0, 0, 0, 336524, 2, 
61984, 1241404579035, 1241405892154, 0, 907, 4, 280.25, 77060, 2, 5, 61045, 8, 2
629321, 1241411797765, 1241412418638, 0, 0, 0, 0, 0, 0, 0, 0, 1, 
63415, , , 281.4, 0, 0, 0, 0, 6, 1, 8938, , 
634607, 1241409227970, 1241410042650, 0, 991, 6, 165.16666666666666, 0, 2, 1, 54776, 4, 
637936, , , 247.60000000000005, 0, 0, 0, 0, 3, 6, 217283, , 
645187, 1241407524705, 1241408004852, 0, 235, 2, 120, 0, 0, 0, 0, 1, 
677003, , , 139, 0, 0, 0, 0, 2, 1, 533, , 
67941, 1241408845426, 1241409725655, 0, 596, 5, 119.2, 0, 0, 0, 5212, 2, 0
68619, , , 23.700000000000003, 0, 0, 0, 0, 8, 10, 12770, , 
68793, 1241408363516, 1241408897149, 0, 115, 1, 89, 181652, 0, 0, 201458, 4, 0
696029, 1241412282033, 1241412902423, 0, 193, 2, 98, 0, 0, 0, 430717, 2, 
701624, 1241411064605, 1241411169099, 0, 0, 0, 0, 0, 0, 0, 98629, 2, 
70997, 1241412889228, 1241414263601, 137.9, 441, 3, 190, 1010692, 27, 29, 397835, 11, 2
713, 1241410137968, , 0, 2509, 6, 392.1666666666667, 1265, 10, 65, 12, 18, 6
71724, , , 45.4, 0, 0, 0, 0, 13, 4, 94103, , 
74372, , , 45.35, 0, 0, 0, 0, 4, 10, 336024, , 
785, 1241410188244, 1241410621453, 0, 438, 2, 252, 0, 0, 0, 1122449, 3, 
797824, 1241409626628, 1241411613522, 0, 751, 3, 334, 574401, 15, 4, 82321, 7, 5
802319, , , 98.95, 0, 0, 0, 0, 2, 5, 773108, , 
81899, , , 197.9, 0, 0, 0, 0, 5, 8, 802319, , 
820146, 1241410720121, 1241410997498, 0, 53, 1, 105, 0, 0, 0, 0, 1, 
82254, 1241409896651, 1241410117902, 0, 314, 2, 200.5, 102796, 3, 0, 133482, 5, 1
82321, , , 75.1, 0, 0, 0, 0, 6, 35, 57717, , 
836417, , , 14.4, 0, 0, 0, 0, 3, 5, 582081, , 
83959, , , 385.90000000000003, 0, 0, 0, 0, 1, 0, 403501, , 
84564, 1241403084673, 1241403246075, 0, 0, 0, 0, 0, 0, 0, 0, 1, 
85021, , , 49.85, 0, 0, 0, 0, 2, 1, 17790, , 
865090, 1241409847406, 1241410734752, 0, 211, 1, 169, 0, 1, 0, 55022, 3, 
8938, , , 135.95, 0, 0, 0, 0, 14, 6, 541655, , 
89757, , , 53.800000000000004, 0, 0, 0, 0, 3, 74, 20260, , 
92300, , , 66.4, 0, 0, 0, 0, 1, 5, 185650, , 
92388, , , 20.1, 0, 0, 0, 0, 1, 1, 106069, , 
929303, , , 142.70000000000002, 0, 0, 0, 0, 3, 0, 189871, , 
933369, 1241403114590, , 0, 331, 3, 96.66666666666667, 0, 0, 0, 0, 1, 0
937109, 1241413307449, 1241414441454, 0, 1105, 4, 116, 0, 1, 0, 43386, 2, 
940573, 1241406287618, 1241406677345, 0, 0, 0, 0, 0, 0, 0, 757, 1, 
94204, 1241407097889, 1241407724841, 0, 39, 1, 78, 0, 0, 0, 191252, 1, 0
96675, 1241403036382, 1241405416021, 240.8, 2408, 6, 643.5, 205446, 4, 3, 200145, 4, 0
98068, 1241412280229, 1241412340996, 0, 191, 1, 110, 0, 0, 0, 269484, 1, 
990799, , , 53.7, 0, 0, 0, 0, 5, 9, 836417, , 
996135, 1241410561372, 1241413253491, 0, 1390, 10, 133.7, 0, 1, 0, 677003, 2, 
998652, 1241411205764, 1241411772191, 49.800000000000004, 90, 1, 90, 1127083, 3, 6, 990799, 3, 
<<<<EndTable

PlayersOnlineNow=12
PlayersOnlineEachMinute=0, 10, 12, 16, 19, 18, 22, 22, 21, 20, 20, 18, 18, 20, 21, 22, 22, 21, 21, 20, 22, 21, 21, 21, 22, 21, 23, 24, 23, 24, 24, 24, 27, 29, 30, 28, 24, 25, 23, 21, 19, 18, 17, 18, 19, 20, 24, 24, 25, 25, 27, 25, 22, 22, 23, 25, 24, 25, 23, 22, 22, 20, 19, 20, 20, 21, 23, 24, 27, 26, 25, 28, 26, 24, 20, 22, 21, 20, 18, 17, 17, 15, 17, 18, 17, 18, 18, 17, 18, 19, 21, 20, 22, 23, 22, 20, 20, 17, 15, 15, 14, 13, 11, 11, 13, 14, 16, 16, 16, 15, 17, 15, 17, 15, 17, 19, 21, 19, 18, 20, 18, 18, 20, 22, 24, 24, 24, 24, 23, 20, 21, 20, 20, 20, 21, 23, 23, 23, 23, 23, 20, 20, 20, 20, 22, 20, 19, 19, 19, 19, 21, 22, 22, 23, 24, 26, 26, 25, 25, 27, 24, 23, 23, 24, 24, 23, 24, 26, 24, 22, 22, 19, 21, 22, 21, 20, 20, 21, 22, 22, 22, 21, 20, 19, 19, 19, 19, 20, 17, 17, 14, 14, 13, 16, 15, 15, 15, 14, 14, 12
PlayersInEachFeedingGame=1, 1, 3, 1, 1, 1, 2, 1, 1, 2, 2, 2, 2, 2, 2, 1, 2, 2, 1, 2, 1, 1, 3, 2, 2, 2, 1, 1, 2, 2, 2, 2, 1, 2, 1, 1, 2, 2, 1, 1, 2, 2, 1, 1, 2, 2, 2, 2, 2, 1, 2, 2, 2, 2, 2, 1, 1, 2, 1, 3, 2, 1, 2, 1, 2, 1, 3, 2, 2, 1, 2, 1, 2, 1, 2, 2, 2, 1, 2, 1, 2, 1, 2, 1, 1, 1, 2, 2, 1, 1, 1, 2, 2, 2, 1, 2, 1, 1, 1, 1, 2, 3, 1, 2, 2, 2, 2, 2, 1, 1, 2, 1, 2, 1, 1, 2, 1, 1, 2, 3, 1, 2, 1, 2, 2, 1, 3, 2, 1, 2, 1, 1, 2, 2, 2, 2, 2, 1, 1, 2, 2, 1, 1, 1, 1, 2, 1, 1, 1, 2, 1, 2, 1, 1, 1, 2, 1, 1, 2, 2, 1, 1, 2, 1, 2, 2, 2, 2, 1, 1, 1, 2, 2, 2, 1, 2, 2, 2, 2, 1, 2, 1, 2, 1, 2, 2, 1, 1, 1, 2, 2, 1, 2, 2, 2, 2, 2, 1, 1, 2, 2, 1, 2, 2, 2, 2, 2, 1, 2, 1, 2, 2, 2, 2, 2, 2, 2, 2, 2, 3, 1, 1, 1, 2, 2, 1, 1, 1, 1, 1, 2
PlayersStarted=256
PlayersQuit=244
StatsStartTime=1241403035209
StatsDumpTime=1241415036082
<<<<EndStats
2009-05-03 22:34:09,928 ERROR: vampire.server.feeding.FeedingRecord sendPlayerStartGameMsg [playerId=713, prey=false, _predatorIndex=]
2009-05-03 22:34:25,035 ERROR: vampire.server.feeding.FeedingRecord sendPlayerStartGameMsg [playerId=1043, prey=false, _predatorIndex=713]
2009-05-03 22:35:13,331 ERROR: vampire.server.feeding.FeedingRecord sendPlayerStartGameMsg [playerId=573658, prey=true, _predatorIndex=]
2009-05-03 22:35:13,332 ERROR: vampire.server.feeding.FeedingRecord sendPlayerStartGameMsg [playerId=182851, prey=false, _predatorIndex=]
2009-05-03 22:35:26,306 ERROR: vampire.server.feeding.FeedingRecord sendPlayerStartGameMsg [playerId=1192337, prey=true, _predatorIndex=]
2009-05-03 22:35:26,307 ERROR: vampire.server.feeding.FeedingRecord sendPlayerStartGameMsg [playerId=1090611, prey=false, _predatorIndex=]
2009-05-03 22:35:34,791 ERROR: vampire.server.feeding.FeedingRecord sendPlayerStartGameMsg [playerId=8401, prey=false, _predatorIndex=182851]
2009-05-03 22:38:44,028 ERROR: vampire.server.feeding.FeedingRecord sendPlayerStartGameMsg [playerId=1043, prey=true, _predatorIndex=]
2009-05-03 22:38:44,029 ERROR: vampire.server.feeding.FeedingRecord sendPlayerStartGameMsg [playerId=713, prey=false, _predatorIndex=]
2009-05-03 22:39:54,904 ERROR: vampire.server.feeding.FeedingRecord sendPlayerStartGameMsg [playerId=993787, prey=false, _predatorIndex=]
2009-05-03 22:40:12,490 ERROR: vampire.server.feeding.FeedingRecord sendPlayerStartGameMsg [playerId=182851, prey=true, _predatorIndex=]
2009-05-03 22:40:12,491 ERROR: vampire.server.feeding.FeedingRecord sendPlayerStartGameMsg [playerId=8401, prey=false, _predatorIndex=]
2009-05-03 22:40:18,719 ERROR: vampire.server.feeding.FeedingRecord sendPlayerStartGameMsg [playerId=1090131, prey=false, _predatorIndex=]

>>>>BeginStats

>>>>BeginTable
PlayerId, StartTime, EndTime, ProgenyPayout, XPFromFeeding, FeedingGames, MeanFeedingScore, BloodBond, Progeny, GrandProgeny, Sire, Level, Invites
1005670, , , 11.600000000000001, 0, 0, 0, 0, 4, 3, 327756, , 
1012813, , , 494.55, 0, 0, 0, 0, 6, 16, 54776, , 
1021278, , , 13.700000000000001, 0, 0, 0, 0, 2, 2, 452296, , 
102796, 1241404929304, 1241405268319, 0, 179, 1, 228, 82254, 0, 0, 209610, 4, 0
102929, , , 90.8, 0, 0, 0, 0, 2, 2, 71724, , 
103033, 1241406303737, 1241406568211, 14.100000000000001, 1979, 8, 206.125, 767143, 8, 7, 81899, 5, 1
103144, , , 336.1, 0, 0, 0, 0, 5, 16, 116005, , 
1032421, 1241411089713, 1241412067700, 0, 198, 2, 148.5, 0, 6, 1, 990799, 6, 1
1032648, , , 485.99999999999994, 0, 0, 0, 0, 4, 0, 234337, , 
1043, 1241412056143, , 0, 1339, 2, 839, 453, 5, 2, 12, 13, 3
1055910, 1241404984170, 1241407880276, 19, 2719, 12, 143.16666666666666, 0, 1, 0, 63415, 3, 
106069, , , 10.05, 0, 0, 0, 0, 14, 11, 236834, , 
1062853, 1241411185417, 1241414434138, 165.80000000000004, 5132, 15, 421.3333333333333, 1138895, 8, 8, 1124214, 6, 2
1063955, 1241403206454, 1241403326609, 0, 0, 0, 0, 0, 0, 0, 0, 1, 
10642, , , 51.300000000000004, 0, 0, 0, 0, 29, 9, 351598, , 
1073254, 1241408509852, 1241408982160, 0, 217, 2, 104.5, 0, 0, 0, 20260, 1, 
1079371, 1241411124738, 1241411862000, 0, 0, 0, 0, 131625, 0, 0, 187381, 3, 
108782, 1241412160217, 1241413087292, 33, 776, 5, 146.8, 0, 1, 0, 223887, 4, 0
1088614, 1241405910226, 1241406515542, 0, 629, 2, 258.5, 0, 0, 0, 208217, 1, 
1090131, 1241415418014, , 0, 0, 0, 0, 0, 0, 0, 555728, 1, 0
1090611, 1241413703355, , 0, 4860, 26, 140.34615384615384, 0, 0, 0, 1032648, 3, 0
1092321, , , 122.75, 0, 0, 0, 0, 23, 19, 35568, , 
1092861, 1241406929130, 1241408292240, 0, 615, 5, 122.8, 0, 0, 0, 1055910, 1, 
1094114, 1241403517647, 1241403551661, 0, 0, 0, 0, 0, 0, 0, 153097, 1, 
110178, , , 5.75, 0, 0, 0, 0, 6, 11, 12770, , 
1103506, 1241408287983, 1241408535303, 0, 168, 1, 200, 0, 0, 0, 1062853, 2, 
111249, , , 139.4, 0, 0, 0, 0, 2, 9, 188370, , 
1117799, 1241410383518, 1241410457949, 0, 4250, 13, 345.46153846153845, 0, 1, 0, 592692, 4, 
1120660, 1241403684940, 1241406654264, 0, 2241, 10, 278.2, 0, 2, 0, 0, 2, 2
1120983, 1241413332053, 1241414546350, 0, 1197, 7, 119.42857142857143, 0, 0, 0, 70997, 2, 
1122449, , , 300.4, 0, 0, 0, 0, 5, 5, 555728, , 
1123495, 1241406759388, 1241406871170, 0, 0, 0, 0, 0, 0, 0, 635003, 1, 
1124156, 1241410835943, 1241414283493, 0, 9981, 37, 316.1081081081081, 269484, 0, 0, 184671, 4, 
1124214, , , 596.1, 0, 0, 0, 0, 5, 8, 1122449, , 
112535, 1241414346363, 1241414361462, 0, 1374, 4, 263.5, 0, 1, 1, 430717, 4, 0
1127083, 1241412776557, 1241413388823, 0, 498, 2, 147, 998652, 5, 0, 998652, 3, 
1131837, 1241410414048, 1241410560246, 0, 0, 0, 0, 0, 0, 0, 0, 1, 
114461, 1241407983064, 1241408472263, 0, 190, 1, 151, 0, 0, 0, 390995, 4, 0
11460, , , 462.34999999999997, 0, 0, 0, 0, 1, 8, 41022, , 
1148098, 1241403058996, 1241403432171, 11.350000000000001, 137, 1, 164, 0, 2, 1, 1021278, 4, 
1148755, 1241403092908, 1241405326167, 0, 913, 3, 381.3333333333333, 0, 9, 1, 1092321, 4, 2
1152211, , , 15.8, 0, 0, 0, 0, 1, 0, 452296, , 
116005, , , 142.45000000000002, 0, 0, 0, 0, 6, 9, 130627, , 
1160652, 1241403787472, 1241404392065, 0, 449, 3, 113.33333333333333, 0, 0, 0, 1207233, 2, 
1163187, 1241406002337, 1241406146444, 0, 0, 0, 0, 0, 0, 0, 0, 1, 
1174220, 1241410149289, 1241410754750, 0, 768, 3, 176, 0, 0, 0, 0, 1, 
1178152, 1241404954368, 1241406132118, 0, 1015, 4, 162.5, 0, 0, 0, 1120660, 2, 
1178608, 1241404180159, 1241404253341, 0, 0, 0, 0, 0, 0, 0, 0, 1, 
1180132, 1241405746314, 1241406138348, 0, 699, 3, 156.66666666666666, 0, 0, 0, 1120660, 1, 
1180567, 1241412109323, 1241412612178, 0, 330, 2, 159.5, 0, 0, 0, 108782, 1, 
1181915, 1241413428071, , 0, 384, 2, 136.5, 0, 0, 0, 311783, 1, 0
1184139, 1241412336657, 1241413260418, 0, 59, 1, 59, 0, 0, 0, 146580, 1, 
118417, , , 5.75, 0, 0, 0, 0, 4, 3, 12, , 
1192337, 1241413385293, , 0, 4916, 14, 271.64285714285717, 1146252, 12, 4, 1012813, 4, 0
12, , , 627, 0, 0, 0, 0, 20, 124, 383387, , 
1202977, 1241403696530, 1241404054080, 0, 85, 1, 85, 0, 0, 0, 54776, 2, 
1203117, 1241414244304, 1241414747779, 0, 309, 2, 171, 1215840, 2, 0, 152578, 4, 1
1203874, 1241405717293, 1241407471972, 0, 1427, 7, 123.57142857142857, 0, 0, 0, 929303, 2, 
1207233, 1241403150668, 1241406372124, 35, 1473, 10, 119.5, 0, 1, 0, 239111, 2, 
1214279, 1241409407928, 1241410861458, 0, 158, 1, 178, 0, 0, 0, 1152211, 2, 
1222108, 1241403345165, 1241403492165, 0, 0, 0, 0, 0, 0, 0, 0, 1, 
1223024, 1241403138231, 1241406126768, 22.700000000000003, 0, 0, 0, 0, 1, 0, 1148098, 1, 1
1223946, 1241403036373, 1241405180583, 0, 227, 2, 99.5, 0, 0, 0, 1223024, 1, 
1225819, 1241412507265, 1241412603842, 0, 0, 0, 0, 0, 0, 0, 0, 1, 
1225912, 1241403036384, 1241403676500, 0, 249, 2, 124.5, 0, 0, 0, 0, 1, 
1226117, 1241412428635, 1241413447773, 0, 637, 4, 162.75, 0, 0, 0, 0, 1, 
1226131, 1241405676503, 1241405688397, 0, 0, 0, 0, 0, 0, 0, 0, 1, 
1226259, 1241406737475, 1241408819346, 0, 1797, 9, 166.88888888888889, 0, 0, 0, 452296, 2, 
1226297, 1241405032158, 1241405112177, 0, 0, 0, 0, 0, 0, 0, 0, 1, 
1226640, 1241407774578, 1241407813373, 0, 0, 0, 0, 0, 0, 0, 0, 1, 
1227160, 1241409951497, 1241410212164, 0, 0, 0, 0, 0, 0, 0, 0, 1, 
1227574, 1241410542385, 1241410573435, 0, 0, 0, 0, 0, 0, 0, 0, 1, 
1227905, 1241409734941, 1241413502012, 0, 0, 0, 0, 0, 0, 0, 1137484, 1, 
1228272, 1241413395065, 1241413998488, 0, 182, 1, 77, 0, 0, 0, 70997, 1, 
1228525, 1241412700544, 1241413133177, 0, 0, 0, 0, 0, 0, 0, 0, 1, 
1228845, 1241415148156, 1241415171093, 0, 0, 0, 0, 0, 0, 0, 0, 1, 
1228994, 1241415167627, 1241415287368, 0, 0, 0, 0, 0, 0, 0, 0, 1, 
125774, , , 11.5, 0, 0, 0, 0, 1, 0, 110178, , 
1265, , , 140.35000000000002, 0, 0, 0, 0, 14, 32, 12, , 
12770, , , 11.850000000000001, 0, 0, 0, 0, 23, 76, 383387, , 
130244, , , 770.0500000000001, 0, 0, 0, 0, 3, 10, 237967, , 
132403, , , 50.800000000000004, 0, 0, 0, 0, 5, 1, 172848, , 
132832, 1241404582705, 1241404940766, 0, 201, 2, 100.5, 0, 1, 2, 92388, 3, 0
132921, 1241413495779, 1241413504595, 0, 0, 0, 0, 0, 7, 0, 211601, 6, 2
133482, , , 31.400000000000002, 0, 0, 0, 0, 5, 12, 180951, , 
135411, 1241410437921, 1241410541909, 0, 0, 0, 0, 0, 0, 0, 0, 1, 
136291, 1241407008366, 1241407570748, 0, 270, 2, 108.5, 0, 0, 0, 0, 1, 
137784, 1241414799226, , 0, 0, 0, 0, 0, 0, 0, 153510, 2, 0
139168, 1241405617818, 1241406132119, 0, 908, 3, 278.6666666666667, 0, 2, 0, 102929, 4, 
141364, , , 27.400000000000002, 0, 0, 0, 0, 6, 3, 16514, , 
143268, 1241408126999, 1241409423932, 0, 302, 3, 100.66666666666667, 0, 0, 0, 0, 1, 
145006, , , 147.8, 0, 0, 0, 0, 3, 4, 245338, , 
145552, 1241404419700, 1241405324524, 0, 312, 2, 123, 0, 0, 0, 171151, 2, 
145609, 1241403611059, 1241404162914, 0, 664, 3, 234.66666666666666, 369307, 5, 4, 92300, 4, 0
146580, , , 5.9, 0, 0, 0, 0, 2, 0, 1012813, , 
147988, 1241404469801, 1241404494457, 0, 0, 0, 0, 170446, 7, 8, 307477, 6, 2
150179, 1241406121560, 1241406741235, 0, 513, 3, 171, 0, 1, 0, 10642, 4, 0
150469, 1241408575695, 1241413451586, 0, 1103, 3, 180.66666666666666, 0, 3, 8, 57393, 4, 0
152578, , , 30.9, 0, 0, 0, 0, 3, 4, 208699, , 
153097, 1241405050228, 1241408574735, 0, 1490, 5, 337.8, 0, 7, 0, 1062853, 3, 7
155004, 1241405360824, 1241405376118, 0, 0, 0, 0, 0, 1, 0, 145497, 2, 
159420, , , 55.15, 0, 0, 0, 0, 1, 5, 206649, , 
160801, , , 15.4, 0, 0, 0, 0, 5, 2, 166371, , 
161972, , , 77.39999999999999, 0, 0, 0, 0, 1, 0, 323488, , 
16514, , , 13.700000000000001, 0, 0, 0, 0, 5, 8, 1062, , 
166371, , , 1576.25, 0, 0, 0, 0, 4, 10, 267622, , 
169321, , , 92.5, 0, 0, 0, 0, 1, 1, 224647, , 
170191, , , 497.45, 0, 0, 0, 0, 3, 8, 202873, , 
171151, 1241403771121, 1241407692211, 31.200000000000003, 2389, 9, 263, 77, 36, 17, 21067, 13, 3
171513, 1241408406789, 1241409081722, 612, 4071, 15, 251.13333333333327, 0, 7, 7, 170191, 11, 2
172848, , , 25.400000000000002, 0, 0, 0, 0, 3, 5, 359624, , 
180951, , , 15.700000000000001, 0, 0, 0, 0, 2, 7, 153510, , 
181652, 1241408268549, 1241408872042, 0, 115, 1, 140, 68793, 0, 0, 125774, 4, 0
182851, 1241414914112, , 0, 925, 4, 359, 0, 1, 0, 169321, 4, 0
184042, 1241405792957, 1241407632926, 0, 1478, 8, 171.5, 0, 1, 1, 145006, 4, 0
184671, 1241414232729, 1241414835801, 862.6000000000001, 1937, 14, 113.5, 0, 1, 0, 171513, 2, 
185363, 1241404175892, 1241405188698, 0, 997, 4, 142.5, 0, 0, 0, 187171, 2, 0
185390, 1241404960348, 1241406075456, 0, 282, 2, 116, 0, 0, 0, 0, 1, 
185650, , , 33.2, 0, 0, 0, 0, 2, 1, 185697, , 
187171, , , 99.7, 0, 0, 0, 0, 1, 0, 85021, , 
188370, , , 67.25, 0, 0, 0, 0, 2, 3, 163484, , 
189871, , , 71.35000000000001, 0, 0, 0, 0, 1, 3, 351626, , 
190461, 1241410579269, 1241410840197, 0, 0, 0, 0, 0, 0, 0, 366650, 1, 
190687, , , 30.200000000000003, 0, 0, 0, 0, 7, 9, 383937, , 
191252, , , 3.9000000000000004, 0, 0, 0, 0, 2, 0, 227147, , 
195736, , , 43.6, 0, 0, 0, 0, 6, 26, 334835, , 
195855, , , 8.950000000000001, 0, 0, 0, 0, 1, 2, 169869, , 
198681, 1241407932347, 1241408642625, 0, 217, 2, 108.5, 0, 0, 0, 0, 1, 
200145, , , 361.20000000000005, 0, 0, 0, 0, 1, 4, 209656, , 
201458, , , 11.5, 0, 0, 0, 0, 1, 0, 118417, , 
20260, 1241414379072, , 170.45000000000002, 2121, 6, 401.5, 17790, 18, 42, 12, 17, 13
202873, , , 203.55, 0, 0, 0, 0, 1, 3, 341164, , 
205446, 1241403229166, 1241405144052, 0, 2408, 6, 158.66666666666666, 96675, 0, 0, 96675, 3, 
208217, , , 62.900000000000006, 0, 0, 0, 0, 2, 0, 1092321, , 
208699, , , 15.45, 0, 0, 0, 0, 4, 8, 36200, , 
208867, 1241403156851, 1241405192373, 0, 1345, 6, 211.33333333333334, 0, 0, 0, 111249, 3, 0
209610, , , 17.900000000000002, 0, 0, 0, 0, 2, 0, 195855, , 
209656, , , 120.4, 0, 0, 0, 0, 6, 10, 167153, , 
210163, , , 549.0999999999999, 0, 0, 0, 0, 12, 4, 255725, , 
21067, , , 254.50000000000003, 0, 0, 0, 0, 2, 36, 302907, , 
21727, 1241409602554, 1241410212162, 0, 154, 1, 154, 0, 0, 0, 160801, 1, 
223887, , , 94.10000000000001, 0, 0, 0, 0, 3, 2, 310109, , 
224647, , , 46.25, 0, 0, 0, 0, 1, 1, 234337, , 
227147, 1241405404501, 1241405441293, 1.9500000000000002, 0, 0, 0, 0, 6, 4, 238782, 5, 2
229059, 1241414783759, 1241414868058, 0, 0, 0, 0, 0, 1, 9, 80072, 11, 11
230164, 1241413917061, 1241414262644, 0, 604, 3, 215.33333333333334, 510740, 11, 9, 250837, 18, 2
234337, , , 242.99999999999997, 0, 0, 0, 0, 5, 5, 97523, , 
237967, , , 297.80000000000007, 0, 0, 0, 0, 3, 7, 336228, , 
239111, , , 164.80000000000004, 0, 0, 0, 0, 1, 1, 439277, , 
245338, , , 73.9, 0, 0, 0, 0, 9, 12, 77353, , 
249250, 1241403036376, 1241403573316, 0, 276, 2, 138, 0, 0, 0, 510740, 1, 
250107, 1241408573667, 1241408821103, 0, 0, 0, 0, 333736, 6, 1, 193558, 8, 2
250837, , , 60.400000000000006, 0, 0, 0, 0, 1, 11, 190687, , 
25453, 1241410984231, 1241411210531, 0, 111, 1, 104, 0, 0, 0, 0, 1, 
255725, , , 274.54999999999995, 0, 0, 0, 0, 1, 12, 309124, , 
256746, , , 78.35, 0, 0, 0, 0, 5, 30, 61984, , 
258951, , , 280.70000000000005, 0, 0, 0, 0, 21, 26, 1265, , 
267622, , , 763.25, 0, 0, 0, 0, 2, 5, 1632, , 
269484, 1241415129711, , 84.1, 15265, 53, 307.1698113207548, 1124156, 3, 0, 166371, 4, 0
280766, 1241403195201, 1241406497099, 0, 3859, 17, 186.23529411764707, 269484, 0, 0, 83959, 3, 0
283305, , , 212.5, 0, 0, 0, 0, 1, 8, 497122, , 
283870, 1241413014358, 1241413129039, 0, 0, 0, 0, 0, 0, 0, 101282, 4, 0
288860, , , 317.30000000000007, 0, 0, 0, 0, 5, 10, 20260, , 
296658, , , 80.1, 0, 0, 0, 0, 9, 11, 299646, , 
298666, 1241413284570, 1241413910171, 0, 0, 0, 0, 868186, 6, 0, 259344, 7, 1
299646, , , 40.05, 0, 0, 0, 0, 4, 11, 69257, , 
302907, , , 119.45000000000002, 0, 0, 0, 0, 2, 3, 283855, , 
310109, , , 38.800000000000004, 0, 0, 0, 0, 4, 6, 309096, , 
311783, 1241406309221, , 24.5, 4501, 15, 395.3333333333333, 0, 8, 2, 11460, 9, 4
316089, 1241409370191, 1241411392090, 0, 3173, 7, 427.2857142857143, 288860, 8, 1, 288860, 7, 5
323488, , , 38.699999999999996, 0, 0, 0, 0, 1, 1, 94571, , 
327756, , , 5.800000000000001, 0, 0, 0, 0, 1, 4, 336524, , 
330095, 1241407242725, 1241407462176, 0, 98, 1, 96, 0, 0, 0, 430891, 3, 0
334835, , , 21.8, 0, 0, 0, 0, 2, 7, 143501, , 
335072, 1241413699679, 1241413872225, 0, 0, 0, 0, 0, 0, 0, 155161, 3, 0
336228, , , 85.3, 0, 0, 0, 0, 9, 18, 307471, , 
336524, 1241414589874, 1241414960002, 0, 436, 1, 322, 101052, 18, 6, 195736, 11, 2
341266, , , 29.8, 0, 0, 0, 0, 1, 17, 178409, , 
351430, , , 170.6, 0, 0, 0, 0, 11, 45, 336228, , 
351598, , , 25.650000000000002, 0, 0, 0, 0, 1, 29, 359624, , 
35568, 1241410481361, 1241413290022, 45.65, 2807, 8, 163.75, 438751, 1, 23, 258951, 4, 
365218, , , 15.600000000000001, 0, 0, 0, 0, 3, 1, 551, , 
383387, , , 310.55, 0, 0, 0, 0, 6, 56, 0, , 
388615, , , 9.5, 0, 0, 0, 0, 1, 2, 395687, , 
390995, , , 19, 0, 0, 0, 0, 2, 0, 388615, , 
39180, 1241406016069, 1241406196712, 0, 237, 1, 188, 0, 7, 15, 68619, 7, 1
396113, , , 327.9, 0, 0, 0, 0, 2, 7, 44987, , 
397835, , , 113.05, 0, 0, 0, 0, 5, 27, 47379, , 
402647, 1241412949672, 1241413259518, 0, 4952, 17, 293.5882352941176, 483162, 11, 3, 408501, 11, 6
403501, , , 192.95000000000002, 0, 0, 0, 0, 5, 3, 124503, , 
408501, , , 495.2000000000001, 0, 0, 0, 0, 6, 15, 637936, , 
41022, , , 225.04999999999998, 0, 0, 0, 0, 1, 1, 412796, , 
42736, 1241407345506, 1241407349207, 0, 0, 0, 0, 93562, 2, 3, 133482, 4, 1
430717, , , 156.7, 0, 0, 0, 0, 30, 1, 256746, , 
430891, , , 9.8, 0, 0, 0, 0, 9, 5, 111249, , 
43386, 1241412526246, 1241414415953, 348.90000000000003, 5956, 19, 347.7368421052632, 106210, 4, 2, 130244, 8, 4
438751, 1241411674518, , 0, 5491, 19, 423.63157894736844, 35568, 4, 1, 210163, 6, 1
439277, , , 73.65, 0, 0, 0, 0, 7, 1, 208602, , 
440521, 1241409658221, 1241409673646, 0, 0, 0, 0, 0, 0, 0, 58643, 1, 0
44987, , , 163.95, 0, 0, 0, 0, 17, 18, 12770, , 
452296, 1241407478708, 1241408788915, 117.15, 2849, 6, 742.1666666666666, 0, 9, 5, 103144, 5, 2
462408, 1241404513534, 1241404782581, 0, 0, 0, 0, 121604, 4, 1, 191950, 10, 2
462700, 1241409283823, 1241410054834, 0, 650, 3, 152, 0, 0, 0, 269484, 1, 0
47379, , , 22.05, 0, 0, 0, 0, 4, 5, 54776, , 
507149, 1241403286428, 1241403684545, 0, 0, 0, 0, 0, 0, 0, 0, 1, 
510740, , , 27.6, 0, 0, 0, 0, 66, 2, 534632, , 
5212, , , 59.6, 0, 0, 0, 0, 17, 16, 341266, , 
533, , , 69.5, 0, 0, 0, 0, 7, 11, 20260, , 
534632, , , 13.8, 0, 0, 0, 0, 7, 79, 445660, , 
538369, 1241404934784, 1241406329888, 0, 1706, 5, 492.8, 203784, 2, 0, 351430, 8, 1
538428, 1241412564144, 1241414439331, 0, 2384, 8, 303, 0, 1, 0, 43386, 3, 0
538748, , , 10.55, 0, 0, 0, 0, 1, 5, 53030, , 
545644, 1241410355582, 1241412903803, 0, 774, 6, 108.83333333333333, 0, 0, 0, 161972, 1, 0
547342, 1241411993940, 1241412612180, 0, 62, 1, 62, 0, 0, 0, 0, 1, 
54776, 1241414444340, 1241414530465, 353.4, 0, 0, 0, 1062, 71, 32, 89757, 15, 3
55022, , , 21.1, 0, 0, 0, 0, 5, 1, 538748, , 
551, , , 7.800000000000001, 0, 0, 0, 0, 3, 3, 713, , 
554320, 1241414584241, 1241415097078, 0, 801, 3, 267, 366307, 9, 6, 296658, 5, 1
555728, , , 21.9, 0, 0, 0, 0, 16, 5, 1101, , 
564162, 1241404009763, 1241404453274, 0, 274, 2, 137, 176275, 3, 0, 141364, 6, 2
56633, 1241403480843, 1241403715297, 0, 156, 1, 197, 0, 0, 0, 365218, 2, 0
573658, 1241415269251, 1241415612151, 0, 116, 1, 67, 0, 3, 2, 1005670, 4, 1
57393, , , 110.3, 0, 0, 0, 0, 5, 56, 159420, , 
575140, 1241403084677, 1241403112844, 0, 0, 0, 0, 0, 2, 0, 603011, 2, 
57717, , , 37.55, 0, 0, 0, 0, 4, 10, 110178, , 
58859, 1241415119337, , 0, 3279, 10, 442.9, 43017, 7, 4, 396113, 13, 2
592692, , , 425, 0, 0, 0, 0, 8, 8, 283305, , 
603011, 1241406969618, 1241407377072, 0, 0, 0, 0, 0, 4, 4, 562788, 5, 1
60640, 1241409873810, 1241410751369, 0, 508, 4, 128.75, 0, 1, 3, 132403, 4, 0
60835, 1241406953615, 1241407692213, 0, 162, 2, 81, 0, 0, 0, 0, 1, 
61045, , , 90.7, 0, 0, 0, 0, 6, 2, 74372, , 
618696, 1241403818886, 1241403972121, 0, 0, 0, 0, 0, 0, 0, 336524, 2, 
61984, 1241404579035, 1241405892154, 0, 907, 4, 280.25, 77060, 2, 5, 61045, 8, 2
629321, 1241411797765, 1241412418638, 0, 0, 0, 0, 0, 0, 0, 0, 1, 
63415, , , 281.4, 0, 0, 0, 0, 6, 1, 8938, , 
634607, 1241409227970, 1241410042650, 0, 991, 6, 165.16666666666666, 0, 2, 1, 54776, 4, 
637936, , , 247.60000000000005, 0, 0, 0, 0, 3, 6, 217283, , 
639538, 1241415443604, , 0, 0, 0, 0, 0, 0, 0, 171720, 1, 0
645187, 1241407524705, 1241408004852, 0, 235, 2, 120, 0, 0, 0, 0, 1, 
65812, 1241415345170, , 0, 0, 0, 0, 80094, 0, 0, 169944, 4, 0
677003, , , 139, 0, 0, 0, 0, 2, 1, 533, , 
67941, 1241408845426, 1241409725655, 0, 596, 5, 119.2, 0, 0, 0, 5212, 2, 0
68619, , , 23.700000000000003, 0, 0, 0, 0, 8, 10, 12770, , 
68793, 1241408363516, 1241408897149, 0, 115, 1, 89, 181652, 0, 0, 201458, 4, 0
696029, 1241412282033, 1241412902423, 0, 193, 2, 98, 0, 0, 0, 430717, 2, 
701624, 1241411064605, 1241411169099, 0, 0, 0, 0, 0, 0, 0, 98629, 2, 
70997, 1241412889228, 1241414263601, 137.9, 441, 3, 190, 1010692, 27, 29, 397835, 11, 2
713, 1241410137968, , 0, 2751, 7, 370.7142857142857, 1265, 10, 65, 12, 18, 6
71724, , , 45.4, 0, 0, 0, 0, 13, 4, 94103, , 
74372, , , 45.35, 0, 0, 0, 0, 4, 10, 336024, , 
785, 1241410188244, 1241410621453, 0, 438, 2, 252, 0, 0, 0, 1122449, 3, 
797824, 1241409626628, 1241411613522, 0, 751, 3, 334, 574401, 15, 4, 82321, 7, 5
802319, , , 98.95, 0, 0, 0, 0, 2, 5, 773108, , 
81899, , , 204.95000000000002, 0, 0, 0, 0, 5, 8, 802319, , 
820146, 1241410720121, 1241410997498, 0, 53, 1, 105, 0, 0, 0, 0, 1, 
82254, 1241409896651, 1241410117902, 0, 314, 2, 200.5, 102796, 3, 0, 133482, 5, 1
82321, , , 75.1, 0, 0, 0, 0, 6, 35, 57717, , 
836417, , , 14.4, 0, 0, 0, 0, 3, 5, 582081, , 
83959, , , 385.90000000000003, 0, 0, 0, 0, 1, 0, 403501, , 
8401, 1241415224691, , 0, 141, 1, 134, 0, 1, 0, 103033, 2, 1
84564, 1241403084673, 1241403246075, 0, 0, 0, 0, 0, 0, 0, 0, 1, 
85021, , , 49.85, 0, 0, 0, 0, 2, 1, 17790, , 
865090, 1241409847406, 1241410734752, 0, 211, 1, 169, 0, 1, 0, 55022, 3, 
8938, , , 135.95, 0, 0, 0, 0, 14, 6, 541655, , 
89757, , , 53.800000000000004, 0, 0, 0, 0, 3, 74, 20260, , 
92300, , , 66.4, 0, 0, 0, 0, 1, 5, 185650, , 
92388, , , 20.1, 0, 0, 0, 0, 1, 1, 106069, , 
929303, , , 142.70000000000002, 0, 0, 0, 0, 3, 0, 189871, , 
933369, 1241403114590, , 0, 331, 3, 96.66666666666667, 0, 0, 0, 0, 1, 0
937109, 1241413307449, 1241414441454, 0, 1105, 4, 116, 0, 1, 0, 43386, 2, 
940573, 1241406287618, 1241406677345, 0, 0, 0, 0, 0, 0, 0, 757, 1, 
94204, 1241407097889, 1241407724841, 0, 39, 1, 78, 0, 0, 0, 191252, 1, 0
96675, 1241403036382, 1241405416021, 240.8, 2408, 6, 643.5, 205446, 4, 3, 200145, 4, 0
98068, 1241412280229, 1241412340996, 0, 191, 1, 110, 0, 0, 0, 269484, 1, 
990799, , , 53.7, 0, 0, 0, 0, 5, 9, 836417, , 
993787, 1241415204609, , 0, 0, 0, 0, 0, 0, 0, 0, 1, 0
996135, 1241410561372, 1241413253491, 0, 1390, 10, 133.7, 0, 1, 0, 677003, 2, 
998652, 1241411205764, 1241411772191, 49.800000000000004, 90, 1, 90, 1127083, 3, 6, 990799, 3, 
<<<<EndTable

PlayersOnlineNow=18
PlayersOnlineEachMinute=0, 10, 12, 16, 19, 18, 22, 22, 21, 20, 20, 18, 18, 20, 21, 22, 22, 21, 21, 20, 22, 21, 21, 21, 22, 21, 23, 24, 23, 24, 24, 24, 27, 29, 30, 28, 24, 25, 23, 21, 19, 18, 17, 18, 19, 20, 24, 24, 25, 25, 27, 25, 22, 22, 23, 25, 24, 25, 23, 22, 22, 20, 19, 20, 20, 21, 23, 24, 27, 26, 25, 28, 26, 24, 20, 22, 21, 20, 18, 17, 17, 15, 17, 18, 17, 18, 18, 17, 18, 19, 21, 20, 22, 23, 22, 20, 20, 17, 15, 15, 14, 13, 11, 11, 13, 14, 16, 16, 16, 15, 17, 15, 17, 15, 17, 19, 21, 19, 18, 20, 18, 18, 20, 22, 24, 24, 24, 24, 23, 20, 21, 20, 20, 20, 21, 23, 23, 23, 23, 23, 20, 20, 20, 20, 22, 20, 19, 19, 19, 19, 21, 22, 22, 23, 24, 26, 26, 25, 25, 27, 24, 23, 23, 24, 24, 23, 24, 26, 24, 22, 22, 19, 21, 22, 21, 20, 20, 21, 22, 22, 22, 21, 20, 19, 19, 19, 19, 20, 17, 17, 14, 14, 13, 16, 15, 15, 15, 14, 14, 12, 12, 11, 14, 15, 18, 16, 18, 19, 19, 19
PlayersInEachFeedingGame=1, 1, 3, 1, 1, 1, 2, 1, 1, 2, 2, 2, 2, 2, 2, 1, 2, 2, 1, 2, 1, 1, 3, 2, 2, 2, 1, 1, 2, 2, 2, 2, 1, 2, 1, 1, 2, 2, 1, 1, 2, 2, 1, 1, 2, 2, 2, 2, 2, 1, 2, 2, 2, 2, 2, 1, 1, 2, 1, 3, 2, 1, 2, 1, 2, 1, 3, 2, 2, 1, 2, 1, 2, 1, 2, 2, 2, 1, 2, 1, 2, 1, 2, 1, 1, 1, 2, 2, 1, 1, 1, 2, 2, 2, 1, 2, 1, 1, 1, 1, 2, 3, 1, 2, 2, 2, 2, 2, 1, 1, 2, 1, 2, 1, 1, 2, 1, 1, 2, 3, 1, 2, 1, 2, 2, 1, 3, 2, 1, 2, 1, 1, 2, 2, 2, 2, 2, 1, 1, 2, 2, 1, 1, 1, 1, 2, 1, 1, 1, 2, 1, 2, 1, 1, 1, 2, 1, 1, 2, 2, 1, 1, 2, 1, 2, 2, 2, 2, 1, 1, 1, 2, 2, 2, 1, 2, 2, 2, 2, 1, 2, 1, 2, 1, 2, 2, 1, 1, 1, 2, 2, 1, 2, 2, 2, 2, 2, 1, 1, 2, 2, 1, 2, 2, 2, 2, 2, 1, 2, 1, 2, 2, 2, 2, 2, 2, 2, 2, 2, 3, 1, 1, 1, 2, 2, 1, 1, 1, 1, 1, 2, 1, 2, 2, 2, 2, 1, 1
PlayersStarted=268
PlayersQuit=250
StatsStartTime=1241403035209
StatsDumpTime=1241415636143
<<<<EndStats
2009-05-03 22:41:11,363 ERROR: vampire.server.feeding.FeedingRecord sendPlayerStartGameMsg [playerId=58859, prey=false, _predatorIndex=713]
2009-05-03 22:42:35,509 ERROR: vampire.server.feeding.FeedingRecord sendPlayerStartGameMsg [playerId=438751, prey=true, _predatorIndex=]
2009-05-03 22:42:35,509 ERROR: vampire.server.feeding.FeedingRecord sendPlayerStartGameMsg [playerId=53030, prey=false, _predatorIndex=]

