
>>>>BeginStats

>>>>BeginTable
PlayerId, StartTime, EndTime, ProgenyPayout, XPFromFeeding, FeedingGames, MeanFeedingScore, BloodBond, Progeny, GrandProgeny, Sire, Level, Invites
103033,1240713362254,1240713848299,62.900000000000006,0,0,0,767143,5,0,81899,4,null
103144,undefined,0,44.95,0,0,0,0,5,5,116005,undefined,undefined
104274,1240713391909,1240713723537,0,125,1,125,0,2,2,57717,4,1
1043,1240713665667,0,0,342,1,403,16444,2,0,12,11,3
106069,undefined,0,64.9,0,0,0,0,13,1,236834,undefined,undefined
1062,1240711378883,0,0,1411,6,374,54776,7,5,713,13,2
10642,1240711611671,1240712037825,0,535,2,415.5,447249,22,27,351598,13,2
1101,undefined,0,189.8,0,0,0,0,2,10,239981,undefined,undefined
110178,undefined,0,6.25,0,0,0,0,1,4,12770,undefined,undefined
111918,1240713894106,1240714080398,0,104,1,104,0,0,0,245338,4,0
113237,1240712069712,1240712640364,0,0,0,0,0,4,0,10642,4,null
114914,1240711334594,0,0,103,1,82,0,0,0,160801,2,0
117119,undefined,0,197.10000000000002,0,0,0,0,1,2,3653,undefined,undefined
12,undefined,0,536.5499999999998,0,0,0,0,19,27,383387,undefined,undefined
122907,undefined,0,444.70000000000005,0,0,0,0,6,7,251062,undefined,undefined
123961,1240713697425,0,0,418,1,396,878,5,18,713,13,2
12770,undefined,0,1134.65,0,0,0,0,19,25,383387,undefined,undefined
129321,1240711833707,1240713200748,0,756,2,195.5,0,1,0,426457,4,0
132921,undefined,0,94.4,0,0,0,0,6,2,211601,undefined,undefined
133482,1240713130774,1240713673775,122.60000000000001,795,3,204.33333333333334,0,3,7,180951,4,3
135526,1240712330601,1240713415152,0,0,0,0,0,1,0,162782,2,null
140487,1240713203522,1240713871553,0,0,0,0,0,1,0,317217,3,1
15340,1240711701685,1240712005155,0,120,1,120,0,0,0,0,1,null
153510,undefined,0,39.75,0,0,0,0,7,3,112953,undefined,undefined
154004,1240711248975,1240711469605,0,0,0,0,561706,6,0,90041,4,0
159420,undefined,0,129.3,0,0,0,0,1,5,206649,undefined,undefined
160776,undefined,0,37.8,0,0,0,0,2,2,271425,undefined,undefined
160801,undefined,0,10.3,0,0,0,0,4,0,166371,undefined,undefined
161447,1240714158358,0,0,944,5,97.6,0,0,0,132921,2,0
166,1240712813873,0,0,6369,10,563.2,578,5,5,578,12,3
166371,undefined,0,5.15,0,0,0,0,4,4,267622,undefined,undefined
16825,undefined,0,252.3,0,0,0,0,12,4,4139,undefined,undefined
168426,1240714211888,0,0,0,0,0,0,0,0,164243,4,0
169443,1240713359899,1240714000633,0,153,1,149,0,0,0,0,1,0
170191,undefined,0,157.9,0,0,0,0,2,6,202873,undefined,undefined
171513,1240711475844,1240712131814,0,1579,4,353.5,0,6,6,170191,9,2
172087,1240712386355,1240712605860,0,114,1,114,0,0,0,0,1,null
173891,1240711418222,1240711792200,0,152,2,101.5,0,0,0,0,1,0
1802,undefined,0,89.9,0,0,0,0,5,0,103144,undefined,undefined
180951,undefined,0,140.8,0,0,0,0,2,4,153510,undefined,undefined
181546,1240712837708,1240713082677,0,0,0,0,0,0,0,0,1,null
183040,undefined,0,246.70000000000002,0,0,0,0,2,0,53963,undefined,undefined
190484,1240713234409,1240713373347,0,0,0,0,0,0,0,336024,2,0
191252,1240713942715,0,0,873,4,193.5,0,0,0,227147,3,0
191984,1240713047458,1240713223710,0,0,0,0,191950,8,3,142178,7,3
196543,1240712641482,0,0,160,1,160,0,0,0,0,1,0
200985,1240713792005,1240713801982,0,0,0,0,0,0,0,313906,3,0
202873,undefined,0,78.95,0,0,0,0,1,2,341164,undefined,undefined
204593,1240712899377,0,0,1898,7,151.42857142857142,0,0,0,77,3,0
205535,1240714003759,0,0,446,3,211.66666666666666,70997,1,0,95479,6,2
207586,1240713858619,1240713866522,0,0,0,0,0,0,0,170191,3,0
208335,1240711467369,1240711941909,0,0,0,0,0,0,0,0,1,null
210163,1240711653076,1240713419087,0,808,4,179.75,718536,0,0,255725,4,null
211601,undefined,0,47.2,0,0,0,0,1,6,7078,undefined,undefined
21506,1240712422314,0,0,2016,8,288.75,751256,0,0,3200,4,0
217283,1240711267545,0,232.55,2586,8,304.125,0,14,13,57393,9,3
223864,undefined,0,100.8,0,0,0,0,5,12,160138,undefined,undefined
227147,undefined,0,87.30000000000001,0,0,0,0,1,0,238782,undefined,undefined
236834,undefined,0,32.45,0,0,0,0,1,13,101493,undefined,undefined
238782,undefined,0,43.650000000000006,0,0,0,0,1,1,180951,undefined,undefined
238954,1240713087195,1240713220303,0,0,0,0,0,0,0,0,1,null
239981,undefined,0,94.9,0,0,0,0,1,2,209944,undefined,undefined
245338,undefined,0,10.4,0,0,0,0,7,0,77353,undefined,undefined
247468,1240712950491,1240713306184,0,0,0,0,0,0,0,147608,2,0
251062,undefined,0,222.35000000000002,0,0,0,0,6,15,296361,undefined,undefined
255725,undefined,0,80.80000000000001,0,0,0,0,1,0,309124,undefined,undefined
256746,undefined,0,118.14999999999999,0,0,0,0,5,22,61984,undefined,undefined
258951,undefined,0,4.8500000000000005,0,0,0,0,9,2,1265,undefined,undefined
266759,1240711291224,0,0,1971,7,220.28571428571428,0,2,0,117119,4,0
269080,1240712831770,0,0,1153,6,165.16666666666666,0,0,0,61045,2,0
273592,1240712113727,1240712366083,0,0,0,0,0,2,2,387199,3,0
307471,undefined,0,179.4,0,0,0,0,1,8,12,undefined,undefined
308635,1240713024114,1240713376819,14,0,0,0,199696,10,2,122194,7,6
309124,undefined,0,40.400000000000006,0,0,0,0,1,1,20106,undefined,undefined
317383,undefined,0,37.75000000000001,0,0,0,0,1,2,344937,undefined,undefined
3200,undefined,0,201.6,0,0,0,0,12,0,223864,undefined,undefined
32314,1240712471364,1240712493160,0,0,0,0,20731,6,2,40508,12,2
336024,undefined,0,57.65,0,0,0,0,8,4,510740,undefined,undefined
336228,undefined,0,358.8,0,0,0,0,8,12,307471,undefined,undefined
351430,1240712313716,0,0,3588,9,346.44444444444446,336228,9,27,336228,12,2
351598,undefined,0,53.5,0,0,0,0,1,22,359624,undefined,undefined
356549,1240711312814,1240712346710,0,899,4,149.75,99802,0,0,1802,6,2
356564,1240714031023,0,0,0,0,0,0,0,0,198709,4,0
359624,undefined,0,26.75,0,0,0,0,3,1,201132,undefined,undefined
36432,undefined,0,258.65,0,0,0,0,3,2,44987,undefined,undefined
3653,undefined,0,98.55000000000001,0,0,0,0,14,1,86951,undefined,undefined
371343,1240712492150,1240713832778,0,0,0,0,0,3,2,220964,4,2
372617,1240711295915,1240713454490,239.00000000000003,1501,5,286.4,612159,2,2,36432,6,1
381078,1240714013361,0,0,226,1,145,0,0,0,0,1,0
383387,undefined,0,583.1999999999999,0,0,0,0,3,44,0,undefined,undefined
39180,undefined,0,68.9,0,0,0,0,6,0,68619,undefined,undefined
393954,1240713259559,1240713354893,0,0,0,0,0,0,0,125837,1,0
396113,undefined,0,93.60000000000001,0,0,0,0,2,4,44987,undefined,undefined
397835,undefined,0,126.60000000000001,0,0,0,0,5,6,47379,undefined,undefined
402647,1240712878103,0,0,3180,12,290.5833333333333,408501,0,0,408501,4,0
408501,1240711389081,0,484.4,4651,19,226.3684210526316,402647,3,0,637936,5,1
4139,1240714161581,0,126.15,0,0,0,16040,11,19,713,14,3
426457,undefined,0,75.6,0,0,0,0,2,1,160776,undefined,undefined
42736,1240711424873,1240712832252,0,1226,7,179,93562,1,0,133482,3,0
430717,1240713070868,0,63.3,865,3,485.3333333333333,0,22,9,256746,11,3
445660,undefined,0,249.15000000000003,0,0,0,0,4,5,54812,undefined,undefined
44987,undefined,0,121.85000000000002,0,0,0,0,2,5,12770,undefined,undefined
47379,undefined,0,63.300000000000004,0,0,0,0,3,5,54776,undefined,undefined
483162,1240711271694,0,0,4983,20,289.9,0,1,0,534632,4,0
484953,1240714031571,1240714085483,0,0,0,0,0,0,0,408501,1,null
486760,1240711392402,1240712312658,0,755,5,102.4,0,0,0,57395,4,0
502119,1240711323708,1240711544997,0,0,0,0,520359,6,6,22707,8,1
53030,1240712014399,0,0,4447,13,387.7692307692308,0,7,5,122907,12,3
534632,undefined,0,498.30000000000007,0,0,0,0,5,49,445660,undefined,undefined
53963,undefined,0,123.35000000000001,0,0,0,0,1,2,5842,undefined,undefined
548248,1240712153936,1240712696753,0,649,3,216.33333333333334,0,1,0,106069,4,0
555728,1240712680640,0,0,1898,7,257.42857142857144,828191,10,0,1101,4,0
556276,1240712531175,1240712712320,0,0,0,0,0,4,0,147988,2,4
57393,undefined,0,258.6,0,0,0,0,5,16,159420,undefined,undefined
57395,undefined,0,75.50000000000001,0,0,0,0,2,0,317383,undefined,undefined
57717,undefined,0,12.5,0,0,0,0,4,2,110178,undefined,undefined
578,1240712187623,0,636.9,7213,13,621.4615384615385,166,3,5,12770,10,2
58373,1240711256251,1240711731067,0,122,1,122,0,0,0,103033,2,0
586681,undefined,0,22.3,0,0,0,0,5,7,10642,undefined,undefined
58859,1240713536579,0,0,936,2,713.5,43017,4,2,396113,11,2
61045,1240712801477,0,142.65,1153,6,218.83333333333334,189206,4,8,74372,6,1
610547,1240712237254,1240712452333,0,97,1,97,0,0,0,90041,1,null
612159,1240711807420,0,43.800000000000004,2171,7,420.85714285714283,372617,2,0,372617,5,1
61984,undefined,0,43.25,0,0,0,0,1,5,61045,undefined,undefined
623878,1240711255055,1240711761876,0,217,2,141,0,0,0,685023,2,null
630671,1240711602027,1240711673667,0,0,0,0,0,2,0,132921,4,null
637936,undefined,0,707.3,0,0,0,0,3,3,217283,undefined,undefined
644522,1240712564932,1240712896103,0,0,0,0,0,0,0,0,1,null
65812,1240714192015,0,0,0,0,0,0,0,0,80094,1,0
685023,undefined,0,21.700000000000003,0,0,0,0,1,0,7314,undefined,undefined
68619,undefined,0,34.45,0,0,0,0,2,8,12770,undefined,undefined
705638,1240711627356,1240711644502,0,0,0,0,0,0,0,0,1,null
70997,1240711256257,1240711965365,0,1266,4,387.5,205535,6,3,397835,7,1
713,1240713596570,0,182.90000000000003,999,2,255,1265,9,48,12,15,6
7314,undefined,0,10.850000000000001,0,0,0,0,8,1,5842,undefined,undefined
74372,undefined,0,172.95000000000002,0,0,0,0,4,4,336024,undefined,undefined
751256,1240712435901,0,0,2523,10,223.5,21506,4,1,16825,4,0
755771,1240712717813,0,0,947,7,117.57142857142857,0,0,0,612159,1,0
769463,1240711455739,1240712711817,0,633,4,137,0,0,0,430717,2,null
77,1240713892344,0,189.8,0,0,0,171151,10,2,12770,13,2
773108,undefined,0,4,0,0,0,0,4,1,510740,undefined,undefined
77353,undefined,0,5.2,0,0,0,0,2,8,190687,undefined,undefined
77969,undefined,0,28,0,0,0,0,1,0,308635,undefined,undefined
780672,1240711738839,1240712903772,0,1664,7,231.14285714285714,0,0,0,408501,3,null
80094,1240713881722,1240714170174,0,352,3,117.33333333333333,0,1,0,0,1,null
802319,1240714188124,0,8,0,0,0,0,1,4,773108,3,0
818036,1240713399088,1240714148197,0,507,2,255,0,0,0,103033,4,null
81899,1240711497673,1240713873874,31.450000000000003,80,1,66,0,4,6,802319,6,1
8241,1240713280908,1240713343261,0,0,0,0,0,0,0,0,1,null
836417,1240713616635,1240713628130,0,0,0,0,0,0,0,0,1,null
859475,1240714164153,1240714184591,0,0,0,0,0,0,0,0,1,null
86926,undefined,0,54.7,0,0,0,0,6,0,61045,undefined,undefined
872293,1240711682763,1240711706742,0,0,0,0,0,0,0,0,1,null
873313,1240712284449,1240712483656,0,0,0,0,0,0,0,0,1,null
880558,1240711266502,1240711276507,0,0,0,0,0,0,0,164290,1,null
881391,1240711445483,1240712702260,0,280,3,87,0,0,0,77969,1,null
884797,1240711285041,1240711870834,0,689,3,160,0,0,0,39180,2,null
887801,1240711690703,1240711810166,0,0,0,0,0,0,0,0,1,null
891254,1240713486225,1240713750856,0,0,0,0,0,0,0,0,1,null
892012,1240713151348,1240713193797,0,0,0,0,0,0,0,0,1,null
892902,1240714081398,1240714123080,0,0,0,0,0,0,0,612159,1,null
90041,undefined,0,9.700000000000001,0,0,0,0,2,6,258951,undefined,undefined
931,1240711373748,0,0,3110,10,411.5,0,3,3,12,11,3
93562,1240711422575,1240714122907,0,2467,13,170.69230769230768,42736,0,0,183040,2,0
93640,1240711318376,1240713052776,0,547,3,147.33333333333334,0,0,0,86926,4,0
95479,undefined,0,44.6,0,0,0,0,7,1,586681,undefined,undefined
<<<<EndTable

PlayersOnlineNow=36
PlayersOnlineEachMinute=0, 18, 23, 30, 32, 32, 32, 34, 35, 34, 34, 34, 32, 31, 30, 30, 31, 32, 34, 33, 33, 34, 36, 35, 34, 32, 32, 33, 33, 35, 39, 38, 39, 36, 38, 36, 37, 34, 35, 35, 36, 37, 35, 35, 31, 34, 33, 36, 33, 34
PlayersInEachFeedingGame=1, 1, 2, 1, 1, 2, 2, 1, 3, 2, 2, 2, 1, 1, 1, 2, 2, 2, 1, 1, 2, 2, 2, 1, 3, 2, 2, 2, 1, 1, 2, 2, 2, 2, 2, 1, 2, 2, 2, 2, 2, 1, 2, 1, 2, 1, 2, 1, 2, 2, 1, 1, 1, 2, 1, 2, 2, 2, 2, 2, 1, 2, 1, 1, 2, 1, 1, 1, 2, 1, 2, 2, 1, 2, 1, 1, 1, 1, 2, 1, 1, 2, 2, 4, 2, 1, 2, 2, 2, 2, 1, 2, 2, 2, 2, 1, 2, 1, 1, 1, 4, 2, 1, 2, 2, 2, 1, 2
PlayersStarted=141
PlayersQuit=105
StatsStartTime=1240711248775
StatsDumpTime=1240714248911
<<<<EndStats
2009-04-25 19:50:52,236 ERROR: vampire.server.feeding.FeedingRecord sendPlayerStartGameMsg [playerId=77, prey=false, _predatorIndex=204593,217283,430717]
2009-04-25 19:51:00,504 ERROR: vampire.server.feeding.FeedingRecord sendPlayerStartGameMsg [playerId=1043, prey=true, _predatorIndex=]
2009-04-25 19:51:00,505 ERROR: vampire.server.feeding.FeedingRecord sendPlayerStartGameMsg [playerId=123961, prey=false, _predatorIndex=]
2009-04-25 19:51:04,091 ERROR: vampire.server.feeding.FeedingRecord sendPlayerStartGameMsg [playerId=4139, prey=true, _predatorIndex=]
2009-04-25 19:51:04,092 ERROR: vampire.server.feeding.FeedingRecord sendPlayerStartGameMsg [playerId=269080, prey=false, _predatorIndex=]
2009-04-25 19:51:07,755 ERROR: vampire.server.feeding.FeedingRecord sendPlayerStartGameMsg [playerId=65812, prey=true, _predatorIndex=]
2009-04-25 19:51:07,756 ERROR: vampire.server.feeding.FeedingRecord sendPlayerStartGameMsg [playerId=191252, prey=false, _predatorIndex=]
2009-04-25 19:51:13,937 ERROR: vampire.server.feeding.FeedingRecord sendPlayerStartGameMsg [playerId=58859, prey=false, _predatorIndex=123961]
2009-04-25 19:51:14,049 ERROR: vampire.server.feeding.FeedingRecord sendPlayerStartGameMsg [playerId=931, prey=false, _predatorIndex=123961,58859]
2009-04-25 19:51:19,328 ERROR: vampire.server.feeding.FeedingRecord sendPlayerStartGameMsg [playerId=713, prey=false, _predatorIndex=123961,58859,931]
2009-04-25 19:51:25,600 ERROR: vampire.server.feeding.FeedingRecord sendPlayerStartGameMsg [playerId=196543, prey=false, _predatorIndex=269080]
2009-04-25 19:51:47,429 ERROR: vampire.server.feeding.FeedingRecord sendPlayerStartGameMsg [playerId=196543, prey=false, _predatorIndex=269080,196543]
2009-04-25 19:52:04,311 ERROR: vampire.server.feeding.FeedingRecord sendPlayerStartGameMsg [playerId=351430, prey=true, _predatorIndex=]
2009-04-25 19:52:04,312 ERROR: vampire.server.feeding.FeedingRecord sendPlayerStartGameMsg [playerId=53030, prey=false, _predatorIndex=]
2009-04-25 19:53:31,946 ERROR: vampire.server.feeding.FeedingRecord sendPlayerStartGameMsg [playerId=191252, prey=false, _predatorIndex=]
2009-04-25 19:53:40,032 ERROR: vampire.server.feeding.FeedingRecord sendPlayerStartGameMsg [playerId=196543, prey=true, _predatorIndex=]
2009-04-25 19:53:40,033 ERROR: vampire.server.feeding.FeedingRecord sendPlayerStartGameMsg [playerId=381078, prey=false, _predatorIndex=]
2009-04-25 19:53:46,596 ERROR: vampire.server.feeding.FeedingRecord sendPlayerStartGameMsg [playerId=80094, prey=true, _predatorIndex=]
2009-04-25 19:53:46,597 ERROR: vampire.server.feeding.FeedingRecord sendPlayerStartGameMsg [playerId=65812, prey=false, _predatorIndex=]
2009-04-25 19:53:52,853 ERROR: vampire.server.feeding.FeedingRecord sendPlayerStartGameMsg [playerId=878, prey=false, _predatorIndex=123961,58859,931,713]
2009-04-25 19:54:41,857 ERROR: vampire.server.feeding.FeedingRecord sendPlayerStartGameMsg [playerId=329560, prey=false, _predatorIndex=]
2009-04-25 19:55:21,657 ERROR: vampire.server.feeding.FeedingRecord sendPlayerStartGameMsg [playerId=931, prey=false, _predatorIndex=123961,58859,931,713,878]
2009-04-25 19:55:36,873 ERROR: vampire.server.feeding.FeedingRecord sendPlayerStartGameMsg [playerId=1062, prey=false, _predatorIndex=123961,58859,931,713,878]
2009-04-25 19:56:21,631 ERROR: vampire.server.feeding.FeedingRecord sendPlayerStartGameMsg [playerId=101476, prey=true, _predatorIndex=]
2009-04-25 19:56:21,632 ERROR: vampire.server.feeding.FeedingRecord sendPlayerStartGameMsg [playerId=191252, prey=false, _predatorIndex=]
2009-04-25 19:56:21,708 ERROR: vampire.server.feeding.FeedingRecord sendPlayerStartGameMsg [playerId=65812, prey=false, _predatorIndex=191252]
2009-04-25 19:57:18,347 ERROR: vampire.server.feeding.FeedingRecord sendPlayerStartGameMsg [playerId=269080, prey=true, _predatorIndex=]
2009-04-25 19:57:18,348 ERROR: vampire.server.feeding.FeedingRecord sendPlayerStartGameMsg [playerId=237246, prey=false, _predatorIndex=]
2009-04-25 19:57:40,630 ERROR: vampire.server.feeding.FeedingRecord sendPlayerStartGameMsg [playerId=12, prey=false, _predatorIndex=123961,58859,931,713,878,1062]
2009-04-25 19:57:54,697 ERROR: vampire.server.feeding.FeedingRecord sendPlayerStartGameMsg [playerId=861419, prey=false, _predatorIndex=]
2009-04-25 19:58:26,474 ERROR: vampire.server.feeding.FeedingRecord sendPlayerStartGameMsg [playerId=635003, prey=false, _predatorIndex=]
2009-04-25 19:58:45,107 ERROR: vampire.server.feeding.FeedingRecord sendPlayerStartGameMsg [playerId=266759, prey=true, _predatorIndex=]
2009-04-25 19:58:45,108 ERROR: vampire.server.feeding.FeedingRecord sendPlayerStartGameMsg [playerId=484953, prey=false, _predatorIndex=]
2009-04-25 19:59:11,555 ERROR: vampire.server.feeding.FeedingRecord sendPlayerStartGameMsg [playerId=522109, prey=true, _predatorIndex=]
2009-04-25 19:59:11,556 ERROR: vampire.server.feeding.FeedingRecord sendPlayerStartGameMsg [playerId=191252, prey=false, _predatorIndex=]
2009-04-25 20:00:19,654 ERROR: vampire.server.feeding.FeedingRecord sendPlayerStartGameMsg [playerId=80094, prey=true, _predatorIndex=]
2009-04-25 20:00:19,655 ERROR: vampire.server.feeding.FeedingRecord sendPlayerStartGameMsg [playerId=65812, prey=false, _predatorIndex=]

>>>>BeginStats

>>>>BeginTable
PlayerId, StartTime, EndTime, ProgenyPayout, XPFromFeeding, FeedingGames, MeanFeedingScore, BloodBond, Progeny, GrandProgeny, Sire, Level, Invites
101476,1240714510493,0,0,211,1,170,0,0,0,0,1,0
103033,1240713362254,1240713848299,62.900000000000006,0,0,0,767143,5,0,81899,4,null
103144,undefined,0,44.95,0,0,0,0,5,5,116005,undefined,undefined
104274,1240713391909,1240713723537,0,125,1,125,0,2,2,57717,4,1
1043,1240713665667,0,0,1863,4,756.75,16444,2,0,12,11,3
106069,undefined,0,64.9,0,0,0,0,13,1,236834,undefined,undefined
1062,1240711378883,0,0,1890,7,371.14285714285717,54776,7,5,713,13,2
10642,1240711611671,1240712037825,0,535,2,415.5,447249,22,27,351598,13,2
1101,undefined,0,340.1,0,0,0,0,2,10,239981,undefined,undefined
110178,undefined,0,6.25,0,0,0,0,1,4,12770,undefined,undefined
111918,1240713894106,1240714080398,0,104,1,104,0,0,0,245338,4,0
113237,1240712069712,1240712640364,0,0,0,0,0,4,0,10642,4,null
114914,1240714350838,0,0,103,1,82,0,0,0,160801,2,0
117119,undefined,0,197.10000000000002,0,0,0,0,1,2,3653,undefined,undefined
12,1240714521772,0,1094.7999999999997,0,0,0,995,19,92,383387,13,3
122907,undefined,0,542.9,0,0,0,0,6,7,251062,undefined,undefined
123961,1240713697425,0,101.30000000000001,1939,4,406,878,5,18,713,13,2
12770,undefined,0,1884.9499999999998,0,0,0,0,19,25,383387,undefined,undefined
129321,1240711833707,1240713200748,0,756,2,195.5,0,1,0,426457,4,0
132921,undefined,0,94.4,0,0,0,0,6,2,211601,undefined,undefined
133482,1240713130774,1240713673775,122.60000000000001,795,3,204.33333333333334,0,3,7,180951,4,3
135526,1240712330601,1240713415152,0,0,0,0,0,1,0,162782,2,null
140487,1240713203522,1240713871553,0,0,0,0,0,1,0,317217,3,1
15340,1240711701685,1240712005155,0,120,1,120,0,0,0,0,1,null
153510,undefined,0,39.75,0,0,0,0,7,3,112953,undefined,undefined
154004,1240711248975,1240711469605,0,0,0,0,561706,6,0,90041,4,0
159420,undefined,0,204.45000000000002,0,0,0,0,1,5,206649,undefined,undefined
160776,undefined,0,37.8,0,0,0,0,2,2,271425,undefined,undefined
160801,undefined,0,10.3,0,0,0,0,4,0,166371,undefined,undefined
161447,1240714158358,1240714249809,0,944,5,97.6,0,0,0,132921,2,null
166,1240712813873,0,0,10024,15,515.5333333333333,578,5,5,578,12,3
166067,1240714685717,1240714701787,0,0,0,0,0,0,0,0,1,null
166371,undefined,0,5.15,0,0,0,0,4,4,267622,undefined,undefined
16825,undefined,0,252.3,0,0,0,0,12,4,4139,undefined,undefined
168426,1240714211888,1240714328449,0,0,0,0,0,0,0,164243,4,0
169443,1240713359899,1240714000633,0,153,1,149,0,0,0,0,1,0
170191,undefined,0,157.9,0,0,0,0,2,6,202873,undefined,undefined
171513,1240711475844,1240712131814,0,1579,4,353.5,0,6,6,170191,9,2
172087,1240712386355,1240712605860,0,114,1,114,0,0,0,0,1,null
173891,1240711418222,1240711792200,0,152,2,101.5,0,0,0,0,1,0
17790,1240714767042,0,0,0,0,0,20260,10,9,20260,13,3
1802,undefined,0,89.9,0,0,0,0,5,0,103144,undefined,undefined
180951,undefined,0,140.8,0,0,0,0,2,4,153510,undefined,undefined
181546,1240712837708,1240713082677,0,0,0,0,0,0,0,0,1,null
183040,undefined,0,246.70000000000002,0,0,0,0,2,0,53963,undefined,undefined
190484,1240713234409,1240713373347,0,0,0,0,0,0,0,336024,2,0
191252,1240713942715,0,0,1437,7,200.28571428571428,0,0,0,227147,3,0
191984,1240713047458,1240713223710,0,0,0,0,191950,8,3,142178,7,3
196543,1240712641482,1240714669394,0,284,2,144,0,0,0,0,1,null
200985,1240713792005,1240713801982,0,0,0,0,0,0,0,313906,3,0
202873,undefined,0,78.95,0,0,0,0,1,2,341164,undefined,undefined
204593,1240712899377,0,0,3401,11,162.1818181818182,0,0,0,77,3,0
205535,1240714003759,1240714745721,0,446,3,211.66666666666666,70997,1,0,95479,6,2
207586,1240713858619,1240713866522,0,0,0,0,0,0,0,170191,3,0
208335,1240711467369,1240711941909,0,0,0,0,0,0,0,0,1,null
208837,1240714716756,0,0,0,0,0,0,0,0,0,1,0
210163,1240711653076,1240713419087,0,808,4,179.75,718536,0,0,255725,4,null
211601,undefined,0,47.2,0,0,0,0,1,6,7078,undefined,undefined
21506,1240712422314,0,0,2016,8,288.75,751256,0,0,3200,4,0
217283,1240711267545,0,291.3,4089,12,306.5833333333333,0,14,13,57393,9,3
223864,undefined,0,100.8,0,0,0,0,5,12,160138,undefined,undefined
227147,undefined,0,143.70000000000002,0,0,0,0,1,0,238782,undefined,undefined
236834,undefined,0,32.45,0,0,0,0,1,13,101493,undefined,undefined
237246,1240714552243,0,0,94,1,87,0,0,0,269080,1,0
238782,undefined,0,71.85000000000001,0,0,0,0,1,1,180951,undefined,undefined
238954,1240713087195,1240713220303,0,0,0,0,0,0,0,0,1,null
239981,undefined,0,170.05,0,0,0,0,1,2,209944,undefined,undefined
245338,undefined,0,10.4,0,0,0,0,7,1,77353,undefined,undefined
247468,1240712950491,1240713306184,0,0,0,0,0,0,0,147608,2,0
251062,undefined,0,271.45,0,0,0,0,6,15,296361,undefined,undefined
255725,undefined,0,80.80000000000001,0,0,0,0,1,0,309124,undefined,undefined
256746,undefined,0,268.45,0,0,0,0,5,22,61984,undefined,undefined
258951,undefined,0,4.8500000000000005,0,0,0,0,9,2,1265,undefined,undefined
266759,1240711291224,0,0,1971,7,220.28571428571428,0,2,0,117119,4,0
269080,1240712831770,0,9.4,1432,8,150.25,0,1,0,61045,2,0
273592,1240712113727,1240712366083,0,0,0,0,0,2,2,387199,3,0
280634,undefined,0,18.55,0,0,0,0,5,2,280346,undefined,undefined
293092,1240714612077,0,0,0,0,0,184475,1,0,320880,4,1
30158,undefined,0,37.1,0,0,0,0,2,0,280634,undefined,undefined
307471,undefined,0,228.5,0,0,0,0,3,9,12,undefined,undefined
308635,1240713024114,1240713376819,14,0,0,0,199696,10,2,122194,7,6
309124,undefined,0,40.400000000000006,0,0,0,0,1,1,20106,undefined,undefined
317383,undefined,0,37.75000000000001,0,0,0,0,1,2,344937,undefined,undefined
3200,undefined,0,201.6,0,0,0,0,12,0,223864,undefined,undefined
32314,1240712471364,1240712493160,0,0,0,0,20731,6,2,40508,12,2
329560,1240714313463,1240714563351,0,0,0,0,0,0,0,0,1,null
336024,undefined,0,57.65,0,0,0,0,8,4,510740,undefined,undefined
336228,undefined,0,457,0,0,0,0,8,12,307471,undefined,undefined
351430,1240712313716,0,0,4570,13,300.3846153846154,336228,9,27,336228,12,2
351598,undefined,0,53.5,0,0,0,0,1,22,359624,undefined,undefined
356549,1240711312814,1240712346710,0,899,4,149.75,99802,0,0,1802,6,2
356564,1240714031023,1240714280068,0,0,0,0,0,0,0,198709,4,0
359624,undefined,0,26.75,0,0,0,0,3,1,201132,undefined,undefined
36432,undefined,0,258.65,0,0,0,0,3,2,44987,undefined,undefined
3653,undefined,0,98.55000000000001,0,0,0,0,14,1,86951,undefined,undefined
371343,1240712492150,1240713832778,0,0,0,0,0,3,2,220964,4,2
372617,1240711295915,1240713454490,239.00000000000003,1501,5,286.4,612159,2,2,36432,6,1
381078,1240714013361,0,0,536,3,211.66666666666666,0,0,0,0,1,0
383387,undefined,0,1053.9,0,0,0,0,6,44,0,undefined,undefined
39180,undefined,0,68.9,0,0,0,0,6,0,68619,undefined,undefined
393954,1240713259559,1240713354893,0,0,0,0,0,0,0,125837,1,0
396113,undefined,0,291.80000000000007,0,0,0,0,2,4,44987,undefined,undefined
397835,undefined,0,126.60000000000001,0,0,0,0,5,6,47379,undefined,undefined
402647,1240714468186,0,0,3180,12,290.5833333333333,0,0,0,408501,4,0
408501,1240711389081,0,484.4,5826,23,235.56521739130434,483162,3,0,637936,5,1
4139,1240714161581,0,126.15,185,1,259,16040,11,19,713,14,3
426457,undefined,0,75.6,0,0,0,0,2,1,160776,undefined,undefined
42736,1240711424873,1240712832252,0,1226,7,179,93562,1,0,133482,3,0
430717,1240713070868,0,63.3,2368,7,381.85714285714283,0,22,9,256746,11,3
445660,undefined,0,307.90000000000003,0,0,0,0,4,5,54812,undefined,undefined
44987,undefined,0,220.95000000000005,0,0,0,0,2,5,12770,undefined,undefined
47379,undefined,0,63.300000000000004,0,0,0,0,3,5,54776,undefined,undefined
483162,1240711271694,0,0,6158,24,292.91666666666674,408501,1,0,534632,4,0
484953,1240714679396,0,0,0,0,0,0,0,0,408501,1,0
486760,1240711392402,1240712312658,0,755,5,102.4,0,0,0,57395,4,0
502119,1240711323708,1240711544997,0,0,0,0,520359,6,6,22707,8,1
522109,1240714718749,0,0,0,0,0,0,0,0,0,1,0
53030,1240712014399,0,0,5429,17,365.70588235294116,0,7,5,122907,12,3
534632,undefined,0,615.8000000000001,0,0,0,0,5,49,445660,undefined,undefined
53963,undefined,0,123.35000000000001,0,0,0,0,1,2,5842,undefined,undefined
548201,1240714467426,1240714545283,0,0,0,0,0,1,0,217283,1,null
548248,1240712153936,1240712696753,0,649,3,216.33333333333334,0,1,0,106069,4,0
555728,1240712680640,0,0,3401,11,254.72727272727272,828191,10,0,1101,4,0
556276,1240712531175,1240712712320,0,0,0,0,0,4,0,147988,2,4
57393,undefined,0,408.90000000000003,0,0,0,0,5,16,159420,undefined,undefined
57395,undefined,0,75.50000000000001,0,0,0,0,2,0,317383,undefined,undefined
57717,undefined,0,12.5,0,0,0,0,4,2,110178,undefined,undefined
578,1240712187623,0,1002.4000000000001,10868,18,738,166,3,5,12770,10,2
58373,1240711256251,1240711731067,0,122,1,122,0,0,0,103033,2,0
586681,undefined,0,22.3,0,0,0,0,5,7,10642,undefined,undefined
58859,1240713536579,0,0,2918,6,715.8333333333334,43017,4,2,396113,11,2
61045,1240712801477,0,175.25,1153,6,218.83333333333334,189206,4,9,74372,6,1
610547,1240712237254,1240712452333,0,97,1,97,0,0,0,90041,1,null
612159,1240711807420,0,43.800000000000004,2171,7,420.85714285714283,372617,2,0,372617,5,1
61984,undefined,0,118.4,0,0,0,0,1,5,61045,undefined,undefined
623878,1240711255055,1240711761876,0,217,2,141,0,0,0,685023,2,null
630671,1240711602027,1240711673667,0,0,0,0,0,2,0,132921,4,null
635003,1240714697088,0,0,371,1,371,0,0,0,30158,3,0
637936,undefined,0,824.8,0,0,0,0,3,3,217283,undefined,undefined
644522,1240712564932,1240712896103,0,0,0,0,0,0,0,0,1,null
65812,1240714192015,0,0,510,3,158.33333333333334,0,0,0,80094,1,0
685023,undefined,0,21.700000000000003,0,0,0,0,1,0,7314,undefined,undefined
68619,undefined,0,34.45,0,0,0,0,2,8,12770,undefined,undefined
689379,1240714322710,1240714680881,0,0,0,0,0,0,0,0,1,null
705638,1240711627356,1240711644502,0,0,0,0,0,0,0,0,1,null
70997,1240711256257,1240711965365,0,1266,4,387.5,205535,6,3,397835,7,1
713,1240713596570,0,452.05000000000007,2981,6,311.8333333333333,1265,9,48,12,15,6
7314,undefined,0,10.850000000000001,0,0,0,0,8,1,5842,undefined,undefined
74372,undefined,0,186.9,0,0,0,0,4,4,336024,undefined,undefined
751256,1240712435901,0,0,2523,10,223.5,21506,4,1,16825,4,0
755771,1240712717813,1240714793183,0,947,7,117.57142857142857,0,0,0,612159,1,null
769463,1240711455739,1240712711817,0,633,4,137,0,0,0,430717,2,null
77,1240713892344,0,340.1,1269,3,1028,171151,10,2,12770,13,2
773108,undefined,0,4,0,0,0,0,4,1,510740,undefined,undefined
77353,undefined,0,5.2,0,0,0,0,2,8,190687,undefined,undefined
77969,undefined,0,28,0,0,0,0,1,0,308635,undefined,undefined
780672,1240711738839,1240712903772,0,1664,7,231.14285714285714,0,0,0,408501,3,null
789031,1240714831477,0,0,0,0,0,0,0,0,95479,1,0
80094,1240714253132,0,0,457,4,116.75,0,1,0,0,1,1
802319,1240714188124,1240714580420,8,0,0,0,0,1,4,773108,3,null
818036,1240713399088,1240714148197,0,507,2,255,0,0,0,103033,4,null
81899,1240711497673,1240713873874,31.450000000000003,80,1,66,0,4,6,802319,6,1
8241,1240713280908,1240713343261,0,0,0,0,0,0,0,0,1,null
836417,1240713616635,1240713628130,0,0,0,0,0,0,0,0,1,null
859475,1240714164153,1240714184591,0,0,0,0,0,0,0,0,1,null
861419,1240714667712,0,0,97,1,97,0,0,0,0,1,0
86926,undefined,0,54.7,0,0,0,0,6,0,61045,undefined,undefined
872293,1240711682763,1240711706742,0,0,0,0,0,0,0,0,1,null
873313,1240712284449,1240712483656,0,0,0,0,0,0,0,0,1,null
878,1240714423982,1240714815934,0,1013,2,208.5,123961,6,7,123961,10,2
880558,1240711266502,1240711276507,0,0,0,0,0,0,0,164290,1,null
881391,1240714500496,0,0,280,3,87,0,0,0,77969,1,0
884797,1240711285041,1240711870834,0,689,3,160,0,0,0,39180,2,null
887801,1240711690703,1240711810166,0,0,0,0,0,0,0,0,1,null
891254,1240713486225,1240713750856,0,0,0,0,0,0,0,0,1,null
891697,1240714646392,1240714660677,0,0,0,0,0,0,0,0,1,null
892012,1240713151348,1240713193797,0,0,0,0,0,0,0,0,1,null
892902,1240714081398,1240714123080,0,0,0,0,0,0,0,612159,1,null
90041,undefined,0,9.700000000000001,0,0,0,0,2,6,258951,undefined,undefined
931,1240714511301,0,0,4097,12,395.1666666666667,0,3,3,12,11,3
93562,1240711422575,1240714122907,0,2467,13,170.69230769230768,42736,0,0,183040,2,0
93640,1240711318376,1240713052776,0,547,3,147.33333333333334,0,0,0,86926,4,0
95479,undefined,0,44.6,0,0,0,0,7,1,586681,undefined,undefined
<<<<EndTable

PlayersOnlineNow=42
PlayersOnlineEachMinute=0, 18, 23, 30, 32, 32, 32, 34, 35, 34, 34, 34, 32, 31, 30, 30, 31, 32, 34, 33, 33, 34, 36, 35, 34, 32, 32, 33, 33, 35, 39, 38, 39, 36, 38, 36, 37, 34, 35, 35, 36, 37, 35, 35, 31, 34, 33, 36, 33, 34, 36, 35, 36, 37, 37, 41, 40, 40, 43, 43
PlayersInEachFeedingGame=1, 1, 2, 1, 1, 2, 2, 1, 3, 2, 2, 2, 1, 1, 1, 2, 2, 2, 1, 1, 2, 2, 2, 1, 3, 2, 2, 2, 1, 1, 2, 2, 2, 2, 2, 1, 2, 2, 2, 2, 2, 1, 2, 1, 2, 1, 2, 1, 2, 2, 1, 1, 1, 2, 1, 2, 2, 2, 2, 2, 1, 2, 1, 1, 2, 1, 1, 1, 2, 1, 2, 2, 1, 2, 1, 1, 1, 1, 2, 1, 1, 2, 2, 4, 2, 1, 2, 2, 2, 2, 1, 2, 2, 2, 2, 1, 2, 1, 1, 1, 4, 2, 1, 2, 2, 2, 1, 2, 2, 2, 5, 2, 1, 2, 2, 1, 3, 2, 1, 1, 2, 2, 2
PlayersStarted=174
PlayersQuit=132
StatsStartTime=1240711248775
StatsDumpTime=1240714848953
<<<<EndStats
2009-04-25 20:01:00,042 ERROR: vampire.server.feeding.FeedingRecord sendPlayerStartGameMsg [playerId=4139, prey=true, _predatorIndex=]
2009-04-25 20:01:00,043 ERROR: vampire.server.feeding.FeedingRecord sendPlayerStartGameMsg [playerId=237246, prey=false, _predatorIndex=]
2009-04-25 20:01:26,000 ERROR: vampire.server.feeding.FeedingRecord sendPlayerStartGameMsg [playerId=484953, prey=true, _predatorIndex=]
2009-04-25 20:01:26,000 ERROR: vampire.server.feeding.FeedingRecord sendPlayerStartGameMsg [playerId=408501, prey=false, _predatorIndex=]
2009-04-25 20:03:19,772 ERROR: vampire.server.feeding.FeedingRecord sendPlayerStartGameMsg [playerId=264673, prey=true, _predatorIndex=]
2009-04-25 20:03:19,773 ERROR: vampire.server.feeding.FeedingRecord sendPlayerStartGameMsg [playerId=191252, prey=false, _predatorIndex=]
2009-04-25 20:03:22,299 ERROR: vampire.server.feeding.FeedingRecord sendPlayerStartGameMsg [playerId=213554, prey=false, _predatorIndex=204593,217283,430717,77]
2009-04-25 20:03:32,749 ERROR: vampire.server.feeding.FeedingRecord sendPlayerStartGameMsg [playerId=213554, prey=false, _predatorIndex=204593,217283,430717,77,213554]
2009-04-25 20:03:38,156 ERROR: vampire.server.feeding.FeedingRecord sendPlayerStartGameMsg [playerId=293092, prey=true, _predatorIndex=]
2009-04-25 20:03:38,156 ERROR: vampire.server.feeding.FeedingRecord sendPlayerStartGameMsg [playerId=635003, prey=false, _predatorIndex=]
2009-04-25 20:03:42,188 ERROR: vampire.server.feeding.FeedingRecord sendPlayerStartGameMsg [playerId=191252, prey=false, _predatorIndex=]
2009-04-25 20:04:05,978 ERROR: vampire.server.feeding.FeedingRecord sendPlayerStartGameMsg [playerId=58859, prey=false, _predatorIndex=123961,58859,931,713,878,1062,12]
2009-04-25 20:04:16,370 ERROR: vampire.server.feeding.FeedingRecord sendPlayerStartGameMsg [playerId=53030, prey=true, _predatorIndex=]
2009-04-25 20:04:16,370 ERROR: vampire.server.feeding.FeedingRecord sendPlayerStartGameMsg [playerId=351430, prey=false, _predatorIndex=]
2009-04-25 20:05:17,340 ERROR: vampire.server.feeding.FeedingRecord sendPlayerStartGameMsg [playerId=58859, prey=false, _predatorIndex=123961,58859,931,713,878,1062,12]
2009-04-25 20:05:54,517 ERROR: vampire.server.feeding.FeedingRecord sendPlayerStartGameMsg [playerId=166067, prey=true, _predatorIndex=]
2009-04-25 20:05:54,519 ERROR: vampire.server.feeding.FeedingRecord sendPlayerStartGameMsg [playerId=597005, prey=false, _predatorIndex=]
2009-04-25 20:05:56,532 ERROR: vampire.server.feeding.FeedingRecord sendPlayerStartGameMsg [playerId=114914, prey=true, _predatorIndex=]
2009-04-25 20:05:56,533 ERROR: vampire.server.feeding.FeedingRecord sendPlayerStartGameMsg [playerId=802319, prey=false, _predatorIndex=]
2009-04-25 20:06:20,529 ERROR: vampire.server.feeding.FeedingRecord sendPlayerStartGameMsg [playerId=123961, prey=false, _predatorIndex=123961,58859,931,713,878,1062,12]
2009-04-25 20:08:27,450 ERROR: vampire.server.feeding.FeedingRecord sendPlayerStartGameMsg [playerId=166067, prey=true, _predatorIndex=]
2009-04-25 20:08:27,451 ERROR: vampire.server.feeding.FeedingRecord sendPlayerStartGameMsg [playerId=892598, prey=false, _predatorIndex=]
2009-04-25 20:08:28,776 ERROR: vampire.server.feeding.FeedingRecord sendPlayerStartGameMsg [playerId=802319, prey=true, _predatorIndex=]
2009-04-25 20:08:28,777 ERROR: vampire.server.feeding.FeedingRecord sendPlayerStartGameMsg [playerId=114914, prey=false, _predatorIndex=]
2009-04-25 20:08:32,817 ERROR: vampire.server.feeding.FeedingRecord sendPlayerStartGameMsg [playerId=597005, prey=false, _predatorIndex=892598]
2009-04-25 20:08:38,332 ERROR: vampire.server.feeding.FeedingRecord sendPlayerStartGameMsg [playerId=881391, prey=false, _predatorIndex=892598,597005]
2009-04-25 20:08:48,687 ERROR: vampire.server.feeding.FeedingRecord sendPlayerStartGameMsg [playerId=293092, prey=true, _predatorIndex=]
2009-04-25 20:08:48,690 ERROR: vampire.server.feeding.FeedingRecord sendPlayerStartGameMsg [playerId=191252, prey=false, _predatorIndex=]

>>>>BeginStats

>>>>BeginTable
PlayerId, StartTime, EndTime, ProgenyPayout, XPFromFeeding, FeedingGames, MeanFeedingScore, BloodBond, Progeny, GrandProgeny, Sire, Level, Invites
101476,1240714510493,1240715112824,0,211,1,170,0,0,0,0,1,null
103033,1240713362254,1240713848299,62.900000000000006,0,0,0,767143,5,0,81899,4,null
103144,undefined,0,44.95,0,0,0,0,5,5,116005,undefined,undefined
104274,1240713391909,1240713723537,0,125,1,125,0,2,2,57717,4,1
1043,1240713665667,0,0,4347,9,647.6666666666666,16444,2,0,12,11,3
106069,undefined,0,64.9,0,0,0,0,13,1,236834,undefined,undefined
1062,1240711378883,0,0,4374,12,363.4166666666667,54776,7,5,713,14,2
10642,1240711611671,1240712037825,0,535,2,415.5,447249,22,27,351598,13,2
1101,undefined,0,402.20000000000005,0,0,0,0,2,10,239981,undefined,undefined
110178,undefined,0,6.25,0,0,0,0,1,4,12770,undefined,undefined
111918,1240713894106,1240714080398,0,104,1,104,0,0,0,245338,4,0
113237,1240712069712,1240712640364,0,0,0,0,0,4,0,10642,4,null
113453,1240715399910,0,0,0,0,0,0,7,0,533,5,1
114914,1240714350838,0,0,480,3,147.66666666666666,0,0,0,160801,2,0
117119,undefined,0,208.20000000000002,0,0,0,0,1,2,3653,undefined,undefined
12,1240714521772,0,1885.549999999999,2484,5,516.2,995,19,92,383387,13,3
122907,undefined,0,700.9,0,0,0,0,6,7,251062,undefined,undefined
123961,1240713697425,0,101.30000000000001,4423,9,532.4444444444445,878,5,18,713,13,2
12770,undefined,0,1978.0999999999997,0,0,0,0,19,25,383387,undefined,undefined
129321,1240711833707,1240713200748,0,756,2,195.5,0,1,0,426457,4,0
132921,undefined,0,94.4,0,0,0,0,6,2,211601,undefined,undefined
133482,1240713130774,1240713673775,122.60000000000001,795,3,204.33333333333334,0,3,7,180951,4,3
135526,1240712330601,1240713415152,0,0,0,0,0,1,0,162782,2,null
140487,1240713203522,1240713871553,0,0,0,0,0,1,0,317217,3,1
15340,1240711701685,1240712005155,0,120,1,120,0,0,0,0,1,null
153510,undefined,0,39.75,0,0,0,0,7,3,112953,undefined,undefined
154004,1240711248975,1240711469605,0,0,0,0,561706,6,0,90041,4,0
159420,undefined,0,222.95000000000002,0,0,0,0,1,5,206649,undefined,undefined
160776,undefined,0,37.8,0,0,0,0,2,2,271425,undefined,undefined
160801,undefined,0,48,0,0,0,0,4,0,166371,undefined,undefined
161447,1240714158358,1240714249809,0,944,5,97.6,0,0,0,132921,2,null
166,1240712813873,1240715234387,0,10024,15,515.5333333333333,578,5,5,578,12,3
166067,1240715058593,0,0,0,0,0,0,0,0,0,1,0
166371,undefined,0,24,0,0,0,0,4,4,267622,undefined,undefined
16825,undefined,0,252.3,0,0,0,0,12,5,4139,undefined,undefined
168426,1240714211888,1240714328449,0,0,0,0,0,0,0,164243,4,0
169443,1240713359899,1240714000633,0,153,1,149,0,0,0,0,1,0
170191,undefined,0,157.9,0,0,0,0,2,6,202873,undefined,undefined
171513,1240711475844,1240712131814,0,1579,4,353.5,0,6,6,170191,9,2
172087,1240712386355,1240712605860,0,114,1,114,0,0,0,0,1,null
173891,1240711418222,1240711792200,0,152,2,101.5,0,0,0,0,1,0
17790,1240714767042,0,0,0,0,0,20260,10,9,20260,13,3
1802,undefined,0,89.9,0,0,0,0,5,0,103144,undefined,undefined
180951,undefined,0,140.8,0,0,0,0,2,4,153510,undefined,undefined
181546,1240712837708,1240713082677,0,0,0,0,0,0,0,0,1,null
183040,undefined,0,246.70000000000002,0,0,0,0,2,0,53963,undefined,undefined
190484,1240713234409,1240713373347,0,0,0,0,0,0,0,336024,2,0
191252,1240713942715,0,0,1777,9,198.77777777777777,0,0,0,227147,4,0
191984,1240713047458,1240713223710,0,0,0,0,191950,8,3,142178,7,3
196231,undefined,0,25.1,0,0,0,0,1,0,7078,undefined,undefined
196543,1240712641482,1240714669394,0,284,2,144,0,0,0,0,1,null
200985,1240713792005,1240713801982,0,0,0,0,0,0,0,313906,3,0
202873,undefined,0,78.95,0,0,0,0,1,2,341164,undefined,undefined
204593,1240712899377,0,0,4022,13,181.46153846153845,0,0,0,77,3,0
205535,1240714003759,1240714745721,0,446,3,211.66666666666666,70997,1,0,95479,6,2
207586,1240713858619,1240713866522,0,0,0,0,0,0,0,170191,3,0
208335,1240711467369,1240711941909,0,0,0,0,0,0,0,0,1,null
208837,1240715342142,0,0,0,0,0,0,0,0,0,1,0
210163,1240711653076,1240713419087,0,808,4,179.75,718536,0,0,255725,4,null
211601,undefined,0,47.2,0,0,0,0,1,6,7078,undefined,undefined
213554,1240714913833,1240715302139,0,251,1,99,0,0,0,196231,1,null
21506,1240712422314,0,0,2016,8,288.75,751256,0,0,3200,4,0
217283,1240711267545,0,322.40000000000003,4459,13,294.7692307692308,0,14,13,57393,9,3
223864,undefined,0,100.8,0,0,0,0,5,12,160138,undefined,undefined
227147,undefined,0,177.70000000000002,0,0,0,0,1,0,238782,undefined,undefined
236834,undefined,0,32.45,0,0,0,0,1,13,101493,undefined,undefined
237246,1240714552243,1240714981883,0,94,1,87,0,0,0,269080,1,null
238782,undefined,0,88.85000000000001,0,0,0,0,1,1,180951,undefined,undefined
238954,1240713087195,1240713220303,0,0,0,0,0,0,0,0,1,null
239981,undefined,0,201.10000000000002,0,0,0,0,1,2,209944,undefined,undefined
245338,undefined,0,10.4,0,0,0,0,7,1,77353,undefined,undefined
247468,1240712950491,1240713306184,0,0,0,0,0,0,0,147608,2,0
251062,undefined,0,350.45,0,0,0,0,6,15,296361,undefined,undefined
255725,undefined,0,80.80000000000001,0,0,0,0,1,0,309124,undefined,undefined
256746,undefined,0,268.45,0,0,0,0,5,22,61984,undefined,undefined
258951,undefined,0,4.8500000000000005,0,0,0,0,9,2,1265,undefined,undefined
264673,1240714888265,1240715124333,0,0,0,0,0,0,0,28294,3,0
266759,1240711291224,0,0,2082,8,208.5,0,2,0,117119,4,0
269080,1240712831770,0,9.4,1432,8,150.25,0,1,0,61045,2,0
273592,1240712113727,1240712366083,0,0,0,0,0,2,2,387199,3,0
280634,undefined,0,27.25,0,0,0,0,5,2,280346,undefined,undefined
293092,1240714612077,0,0,174,1,157,184475,1,0,320880,4,1
30158,undefined,0,54.5,0,0,0,0,2,0,280634,undefined,undefined
304588,1240715218286,0,0,0,0,0,0,0,0,116762,3,0
307471,undefined,0,307.50000000000006,0,0,0,0,3,9,12,undefined,undefined
308635,1240713024114,1240713376819,14,0,0,0,199696,10,2,122194,7,6
309124,undefined,0,40.400000000000006,0,0,0,0,1,1,20106,undefined,undefined
317383,undefined,0,37.75000000000001,0,0,0,0,1,2,344937,undefined,undefined
3200,undefined,0,201.6,0,0,0,0,12,0,223864,undefined,undefined
320880,undefined,0,17.400000000000002,0,0,0,0,2,1,91808,undefined,undefined
32314,1240712471364,1240712493160,0,0,0,0,20731,6,2,40508,12,2
329560,1240714313463,1240714563351,0,0,0,0,0,0,0,0,1,null
336024,undefined,0,57.65,0,0,0,0,8,4,510740,undefined,undefined
336228,undefined,0,615.0000000000001,0,0,0,0,8,12,307471,undefined,undefined
351430,1240712313716,0,0,6150,16,302.5625,336228,9,27,336228,12,2
351598,undefined,0,53.5,0,0,0,0,1,22,359624,undefined,undefined
356549,1240711312814,1240712346710,0,899,4,149.75,99802,0,0,1802,6,2
356564,1240714031023,1240714280068,0,0,0,0,0,0,0,198709,4,0
359624,undefined,0,26.75,0,0,0,0,3,1,201132,undefined,undefined
360099,1240715313234,0,0,0,0,0,0,0,0,364566,2,0
36432,undefined,0,258.65,0,0,0,0,3,2,44987,undefined,undefined
3653,undefined,0,104.10000000000001,0,0,0,0,14,1,86951,undefined,undefined
371343,1240712492150,1240713832778,0,0,0,0,0,3,2,220964,4,2
372617,1240711295915,1240713454490,239.00000000000003,1501,5,286.4,612159,2,2,36432,6,1
381078,1240714013361,1240715020763,0,536,3,211.66666666666666,0,0,0,0,1,0
383387,undefined,0,1602.8499999999995,0,0,0,0,6,44,0,undefined,undefined
39180,undefined,0,68.9,0,0,0,0,6,1,68619,undefined,undefined
393954,1240713259559,1240713354893,0,0,0,0,0,0,0,125837,1,0
396113,undefined,0,452.0000000000001,0,0,0,0,2,4,44987,undefined,undefined
397835,undefined,0,126.60000000000001,0,0,0,0,5,6,47379,undefined,undefined
402647,1240714468186,0,0,3180,12,290.5833333333333,0,0,0,408501,4,0
408501,1240711389081,0,557.7,6448,26,237.65384615384616,483162,3,0,637936,5,1
4139,1240714161581,0,126.15,252,2,196.5,16040,11,19,713,14,3
426457,undefined,0,75.6,0,0,0,0,2,1,160776,undefined,undefined
42736,1240711424873,1240712832252,0,1226,7,179,93562,1,0,133482,3,0
430717,1240713070868,0,63.3,2368,7,381.85714285714283,0,22,9,256746,11,3
445660,undefined,0,307.90000000000003,0,0,0,0,4,5,54812,undefined,undefined
44987,undefined,0,301.05,0,0,0,0,2,5,12770,undefined,undefined
462408,1240715145230,0,0,0,0,0,638933,1,0,191950,8,1
47379,undefined,0,63.300000000000004,0,0,0,0,3,5,54776,undefined,undefined
483162,1240711271694,0,0,6158,24,292.91666666666674,408501,1,0,534632,4,0
484953,1240714679396,0,0,733,4,144,0,0,0,408501,1,0
486760,1240711392402,1240712312658,0,755,5,102.4,0,0,0,57395,4,0
502119,1240711323708,1240711544997,0,0,0,0,520359,6,6,22707,8,1
510740,undefined,0,18.85,0,0,0,0,48,12,534632,undefined,undefined
522109,1240714718749,1240714900730,0,159,1,112,0,0,0,0,1,null
53030,1240712014399,0,0,7009,20,422,0,7,5,122907,12,3
534632,undefined,0,615.8000000000001,0,0,0,0,5,49,445660,undefined,undefined
53963,undefined,0,123.35000000000001,0,0,0,0,1,2,5842,undefined,undefined
548201,1240714467426,1240714545283,0,0,0,0,0,1,0,217283,1,null
548248,1240712153936,1240712696753,0,649,3,216.33333333333334,0,1,0,106069,4,0
555728,1240712680640,0,0,4022,13,250.07692307692307,828191,10,0,1101,4,0
556276,1240712531175,1240712712320,0,0,0,0,0,4,0,147988,2,4
562788,undefined,0,8.4,0,0,0,0,1,3,409656,undefined,undefined
57393,undefined,0,445.90000000000003,0,0,0,0,5,16,159420,undefined,undefined
57395,undefined,0,75.50000000000001,0,0,0,0,2,0,317383,undefined,undefined
57717,undefined,0,12.5,0,0,0,0,4,2,110178,undefined,undefined
578,1240712187623,1240715226348,1002.4000000000001,10868,18,738,166,3,5,12770,10,2
58373,1240711256251,1240711731067,0,122,1,122,0,0,0,103033,2,0
586681,undefined,0,22.3,0,0,0,0,5,7,10642,undefined,undefined
58859,1240715090217,0,0,4520,9,662.3333333333334,43017,4,2,396113,11,2
597005,1240714891120,0,0,168,2,152,0,1,1,603011,4,0
603011,undefined,0,16.8,0,0,0,0,3,1,562788,undefined,undefined
61045,1240712801477,0,175.25,1153,6,218.83333333333334,189206,4,9,74372,6,1
610547,1240712237254,1240712452333,0,97,1,97,0,0,0,90041,1,null
612159,1240711807420,0,43.800000000000004,2171,7,420.85714285714283,372617,2,0,372617,5,1
61984,undefined,0,118.4,0,0,0,0,1,5,61045,undefined,undefined
623878,1240711255055,1240711761876,0,217,2,141,0,0,0,685023,2,null
630671,1240711602027,1240711673667,0,0,0,0,0,2,0,132921,4,null
635003,1240714697088,0,0,545,2,281,0,0,0,30158,3,0
637936,undefined,0,923.65,0,0,0,0,3,3,217283,undefined,undefined
644522,1240712564932,1240712896103,0,0,0,0,0,0,0,0,1,null
65812,1240714192015,0,0,1108,7,164.57142857142858,0,0,0,80094,2,0
685023,undefined,0,21.700000000000003,0,0,0,0,1,0,7314,undefined,undefined
68619,undefined,0,34.45,0,0,0,0,2,8,12770,undefined,undefined
68793,1240714904577,0,0,0,0,0,0,0,0,201458,4,0
689379,1240714322710,1240714680881,0,0,0,0,0,0,0,0,1,null
705638,1240711627356,1240711644502,0,0,0,0,0,0,0,0,1,null
7078,undefined,0,12.55,0,0,0,0,8,4,177916,undefined,undefined
70997,1240711256257,1240711965365,0,1266,4,387.5,205535,6,3,397835,7,1
713,1240713596570,0,955.5500000000002,3403,7,298,1265,9,48,12,15,6
7314,undefined,0,10.850000000000001,0,0,0,0,8,1,5842,undefined,undefined
74372,undefined,0,186.9,0,0,0,0,4,4,336024,undefined,undefined
751256,1240712435901,0,0,2523,10,223.5,21506,4,1,16825,4,0
755771,1240712717813,1240714793183,0,947,7,117.57142857142857,0,0,0,612159,1,null
769463,1240711455739,1240712711817,0,633,4,137,0,0,0,430717,2,null
77,1240713892344,1240715416593,402.20000000000005,1890,5,858,171151,10,2,12770,13,2
773108,undefined,0,41.7,0,0,0,0,4,1,510740,undefined,undefined
77353,undefined,0,5.2,0,0,0,0,2,8,190687,undefined,undefined
77969,undefined,0,28,0,0,0,0,1,0,308635,undefined,undefined
780672,1240711738839,1240712903772,0,1664,7,231.14285714285714,0,0,0,408501,3,null
789031,1240714831477,1240714849944,0,0,0,0,0,0,0,95479,1,null
80094,1240714253132,0,0,1055,8,122.875,0,1,0,0,2,1
802319,1240714961773,0,8,377,2,196.5,0,1,4,773108,3,0
818036,1240713399088,1240714148197,0,507,2,255,0,0,0,103033,4,null
81899,1240711497673,1240713873874,31.450000000000003,80,1,66,0,4,6,802319,6,1
8241,1240713280908,1240713343261,0,0,0,0,0,0,0,0,1,null
836417,1240713616635,1240713628130,0,0,0,0,0,0,0,0,1,null
859475,1240714164153,1240714184591,0,0,0,0,0,0,0,0,1,null
859852,1240715394912,1240715407438,0,0,0,0,0,1,0,175591,2,null
861419,1240714667712,1240715027656,0,227,2,113.5,0,0,0,0,1,null
86926,undefined,0,54.7,0,0,0,0,6,0,61045,undefined,undefined
872293,1240714939526,0,0,0,0,0,0,0,0,0,1,0
873313,1240712284449,1240712483656,0,0,0,0,0,0,0,0,1,null
878,1240714423982,1240714815934,0,1013,2,208.5,123961,6,7,123961,10,2
880558,1240711266502,1240711276507,0,0,0,0,0,0,0,164290,1,null
881391,1240714500496,0,0,280,3,87,0,0,0,77969,1,0
884797,1240711285041,1240711870834,0,689,3,160,0,0,0,39180,2,null
887801,1240711690703,1240711810166,0,0,0,0,0,0,0,0,1,null
890453,1240715087930,1240715129378,0,0,0,0,0,0,0,0,1,null
891254,1240713486225,1240713750856,0,0,0,0,0,0,0,0,1,null
891697,1240714646392,1240714660677,0,0,0,0,0,0,0,0,1,null
892012,1240713151348,1240713193797,0,0,0,0,0,0,0,0,1,null
892598,1240715181955,0,0,101,1,133,0,0,0,0,1,0
892812,1240715433157,0,0,0,0,0,0,0,0,0,1,0
892902,1240714081398,1240714123080,0,0,0,0,0,0,0,612159,1,null
90041,undefined,0,9.700000000000001,0,0,0,0,2,6,258951,undefined,undefined
91808,undefined,0,8.700000000000001,0,0,0,0,1,2,413580,undefined,undefined
931,1240714511301,0,0,6581,17,435.1764705882353,0,3,3,12,11,3
93562,1240711422575,1240714122907,0,2467,13,170.69230769230768,42736,0,0,183040,2,0
93640,1240711318376,1240713052776,0,547,3,147.33333333333334,0,0,0,86926,4,0
95479,undefined,0,44.6,0,0,0,0,7,1,586681,undefined,undefined
<<<<EndTable

PlayersOnlineNow=44
PlayersOnlineEachMinute=0, 18, 23, 30, 32, 32, 32, 34, 35, 34, 34, 34, 32, 31, 30, 30, 31, 32, 34, 33, 33, 34, 36, 35, 34, 32, 32, 33, 33, 35, 39, 38, 39, 36, 38, 36, 37, 34, 35, 35, 36, 37, 35, 35, 31, 34, 33, 36, 33, 34, 36, 35, 36, 37, 37, 41, 40, 40, 43, 43, 42, 43, 46, 43, 44, 42, 43, 42, 42, 43
PlayersInEachFeedingGame=1, 1, 2, 1, 1, 2, 2, 1, 3, 2, 2, 2, 1, 1, 1, 2, 2, 2, 1, 1, 2, 2, 2, 1, 3, 2, 2, 2, 1, 1, 2, 2, 2, 2, 2, 1, 2, 2, 2, 2, 2, 1, 2, 1, 2, 1, 2, 1, 2, 2, 1, 1, 1, 2, 1, 2, 2, 2, 2, 2, 1, 2, 1, 1, 2, 1, 1, 1, 2, 1, 2, 2, 1, 2, 1, 1, 1, 1, 2, 1, 1, 2, 2, 4, 2, 1, 2, 2, 2, 2, 1, 2, 2, 2, 2, 1, 2, 1, 1, 1, 4, 2, 1, 2, 2, 2, 1, 2, 2, 2, 5, 2, 1, 2, 2, 1, 3, 2, 1, 1, 2, 2, 2, 2, 2, 1, 2, 2, 2, 2, 2, 3, 2
PlayersStarted=191
PlayersQuit=147
StatsStartTime=1240711248775
StatsDumpTime=1240715449001
<<<<EndStats
2009-04-25 20:11:01,263 ERROR: vampire.server.feeding.FeedingRecord sendPlayerStartGameMsg [playerId=166067, prey=false, _predatorIndex=]
2009-04-25 20:12:08,175 ERROR: vampire.server.feeding.FeedingRecord sendPlayerStartGameMsg [playerId=208837, prey=true, _predatorIndex=]
2009-04-25 20:12:08,175 ERROR: vampire.server.feeding.FeedingRecord sendPlayerStartGameMsg [playerId=802319, prey=false, _predatorIndex=]
2009-04-25 20:12:57,546 ERROR: vampire.server.feeding.FeedingRecord sendPlayerStartGameMsg [playerId=713, prey=false, _predatorIndex=123961,58859,931,713,878,1062,12]
2009-04-25 20:13:06,259 ERROR: vampire.server.feeding.FeedingRecord sendPlayerStartGameMsg [playerId=713, prey=false, _predatorIndex=]
2009-04-25 20:13:18,968 ERROR: vampire.server.feeding.FeedingRecord sendPlayerStartGameMsg [playerId=713, prey=false, _predatorIndex=123961,58859,931,713,878,1062,12]
2009-04-25 20:14:16,499 ERROR: vampire.server.feeding.FeedingRecord sendPlayerStartGameMsg [playerId=191252, prey=false, _predatorIndex=]
2009-04-25 20:14:39,732 ERROR: vampire.server.feeding.FeedingRecord sendPlayerStartGameMsg [playerId=204593, prey=true, _predatorIndex=]
2009-04-25 20:14:39,733 ERROR: vampire.server.feeding.FeedingRecord sendPlayerStartGameMsg [playerId=166067, prey=false, _predatorIndex=]
2009-04-25 20:14:43,024 ERROR: vampire.server.feeding.FeedingRecord sendPlayerStartGameMsg [playerId=802319, prey=true, _predatorIndex=]
2009-04-25 20:14:43,025 ERROR: vampire.server.feeding.FeedingRecord sendPlayerStartGameMsg [playerId=208837, prey=false, _predatorIndex=]
2009-04-25 20:14:43,100 ERROR: vampire.server.feeding.FeedingRecord sendPlayerStartGameMsg [playerId=113453, prey=true, _predatorIndex=]
2009-04-25 20:14:43,101 ERROR: vampire.server.feeding.FeedingRecord sendPlayerStartGameMsg [playerId=872293, prey=false, _predatorIndex=]
2009-04-25 20:14:57,976 ERROR: vampire.server.feeding.FeedingRecord sendPlayerStartGameMsg [playerId=300933, prey=false, _predatorIndex=191252]
2009-04-25 20:15:15,796 ERROR: vampire.server.feeding.FeedingRecord sendPlayerStartGameMsg [playerId=53030, prey=true, _predatorIndex=]
2009-04-25 20:15:15,796 ERROR: vampire.server.feeding.FeedingRecord sendPlayerStartGameMsg [playerId=351430, prey=false, _predatorIndex=]
2009-04-25 20:15:31,236 ERROR: vampire.server.feeding.FeedingRecord sendPlayerStartGameMsg [playerId=283455, prey=true, _predatorIndex=]
2009-04-25 20:15:31,237 ERROR: vampire.server.feeding.FeedingRecord sendPlayerStartGameMsg [playerId=375291, prey=false, _predatorIndex=]
2009-04-25 20:15:34,624 ERROR: vampire.server.feeding.FeedingRecord sendPlayerStartGameMsg [playerId=892598, prey=false, _predatorIndex=191252,300933]
2009-04-25 20:15:51,435 ERROR: vampire.server.feeding.FeedingRecord sendPlayerStartGameMsg [playerId=204593, prey=false, _predatorIndex=375291]
2009-04-25 20:15:59,903 ERROR: vampire.server.feeding.FeedingRecord sendPlayerStartGameMsg [playerId=80094, prey=false, _predatorIndex=375291,204593]
2009-04-25 20:16:05,337 ERROR: vampire.server.feeding.FeedingRecord sendPlayerStartGameMsg [playerId=931, prey=false, _predatorIndex=123961,58859,931,713,878,1062,12]
2009-04-25 20:16:30,312 ERROR: vampire.server.feeding.FeedingRecord sendPlayerStartGameMsg [playerId=191252, prey=false, _predatorIndex=]
2009-04-25 20:16:33,880 ERROR: vampire.server.feeding.FeedingRecord sendPlayerStartGameMsg [playerId=597005, prey=true, _predatorIndex=]
2009-04-25 20:16:33,880 ERROR: vampire.server.feeding.FeedingRecord sendPlayerStartGameMsg [playerId=892598, prey=false, _predatorIndex=]
2009-04-25 20:16:36,157 ERROR: vampire.server.feeding.FeedingRecord sendPlayerStartGameMsg [playerId=61045, prey=true, _predatorIndex=]
2009-04-25 20:16:36,157 ERROR: vampire.server.feeding.FeedingRecord sendPlayerStartGameMsg [playerId=300933, prey=false, _predatorIndex=]
2009-04-25 20:16:37,930 ERROR: vampire.server.feeding.LogicFeeding handleFeedRequestMessage [player=Player [playerId=300612, name=xXx Alucard xXx, roomId=null, xp=1704, level=2, bloodbond=0, sire=610359, progeny=], e=FeedRequestMsg: player=300612, targetPlayerId=312297]
2009-04-25 20:16:46,533 ERROR: vampire.server.feeding.LogicFeeding handleFeedRequestMessage [player=Player [playerId=300612, name=xXx Alucard xXx, roomId=null, xp=1704, level=2, bloodbond=0, sire=610359, progeny=], e=FeedRequestMsg: player=300612, targetPlayerId=312297]
2009-04-25 20:16:50,115 ERROR: vampire.server.feeding.LogicFeeding handleFeedRequestMessage [player=Player [playerId=300612, name=xXx Alucard xXx, roomId=null, xp=1704, level=2, bloodbond=0, sire=610359, progeny=], e=FeedRequestMsg: player=300612, targetPlayerId=312297]
2009-04-25 20:17:18,617 ERROR: vampire.server.feeding.FeedingRecord sendPlayerStartGameMsg [playerId=80094, prey=false, _predatorIndex=191252]
2009-04-25 20:17:28,015 ERROR: vampire.server.feeding.FeedingRecord sendPlayerStartGameMsg [playerId=8842, prey=false, _predatorIndex=123961,58859,931,713,878,1062,12]
2009-04-25 20:18:14,496 ERROR: vampire.server.feeding.FeedingRecord sendPlayerStartGameMsg [playerId=113453, prey=true, _predatorIndex=]
2009-04-25 20:18:14,497 ERROR: vampire.server.feeding.FeedingRecord sendPlayerStartGameMsg [playerId=68793, prey=false, _predatorIndex=]
2009-04-25 20:18:25,894 ERROR: vampire.server.feeding.FeedingRecord sendPlayerStartGameMsg [playerId=7078, prey=true, _predatorIndex=]
2009-04-25 20:18:25,895 ERROR: vampire.server.feeding.FeedingRecord sendPlayerStartGameMsg [playerId=802319, prey=false, _predatorIndex=]
2009-04-25 20:19:57,736 ERROR: vampire.server.feeding.FeedingRecord sendPlayerStartGameMsg [playerId=597005, prey=true, _predatorIndex=]
2009-04-25 20:19:57,739 ERROR: vampire.server.feeding.FeedingRecord sendPlayerStartGameMsg [playerId=375291, prey=false, _predatorIndex=]
2009-04-25 20:20:23,050 ERROR: vampire.server.feeding.FeedingRecord sendPlayerStartGameMsg [playerId=152669, prey=false, _predatorIndex=]

