
>>>>BeginStats

>>>>BeginTable
PlayerId, StartTime, EndTime, ProgenyPayout, XPFromFeeding, FeedingGames, MeanFeedingScore, BloodBond, Progeny, GrandProgeny, Sire, Level, Invites
1010692, , , 522.9, 0, 0, 0, 0, 17, 12, 70997, , 
10260, , , 208.10000000000002, 0, 0, 0, 0, 10, 8, 713, , 
1032421, , , 15.3, 0, 0, 0, 0, 9, 0, 990799, , 
1032874, 1241869992672, 1241870165954, 0, 0, 0, 0, 1090611, 4, 0, 1127083, 4, 
1062, , , 62.900000000000006, 0, 0, 0, 0, 11, 7, 713, , 
1062853, , , 18.85, 0, 0, 0, 0, 1, 19, 1124214, , 
10642, , , 295.35, 0, 0, 0, 0, 33, 7, 351598, , 
1068228, 1241867701573, 1241870065630, 0, 1342, 10, 127.4, 0, 0, 0, 188779, 2, 
1073413, 1241856636102, 1241856707658, 0, 0, 0, 0, 0, 0, 0, 176400, 2, 
1092321, , , 161.80000000000004, 0, 0, 0, 0, 32, 8, 35568, , 
1100098, 1241870626270, 1241871611629, 0, 0, 0, 0, 0, 0, 0, 0, 1, 
110056, 1241868034570, 1241868308591, 0, 629, 4, 159.25, 0, 0, 0, 1062, 2, 
1101, 1241856888509, 1241857774135, 0, 0, 0, 0, 0, 2, 19, 239981, 9, 1
1104968, 1241865265855, 1241869068506, 0, 1291, 5, 404, 0, 1, 0, 22308, 4, 1
1108399, 1241860775190, 1241861667700, 0, 377, 4, 93.5, 0, 0, 0, 153097, 3, 
1127083, , , 51.900000000000006, 0, 0, 0, 0, 20, 4, 998652, , 
112953, , , 13.200000000000001, 0, 0, 0, 0, 3, 7, 241176, , 
1129620, 1241857568877, 1241857575361, 0, 0, 0, 0, 0, 0, 0, 0, 1, 
113127, , , 88.45000000000002, 0, 0, 0, 0, 2, 5, 156956, , 
1132632, 1241870784133, 1241871778136, 0, 1341, 7, 143.57142857142858, 0, 0, 0, 1092321, 3, 
1139834, 1241872800090, 1241872847129, 0, 0, 0, 0, 0, 0, 0, 325853, 1, 
1162720, 1241864538759, 1241864614469, 0, 0, 0, 0, 0, 0, 0, 0, 1, 
1166100, 1241857504629, 1241857516545, 0, 0, 0, 0, 0, 0, 0, 176400, 1, 
1168325, 1241871392527, 1241871501574, 0, 0, 0, 0, 0, 0, 0, 1135140, 1, 
117178, 1241861462503, 1241862594357, 0, 1160, 6, 193.33333333333334, 0, 0, 0, 533, 3, 
1174713, 1241861331827, 1241862134236, 0, 573, 4, 128, 0, 0, 0, 616423, 1, 
1178608, 1241869134343, 1241869602618, 0, 280, 2, 125.5, 0, 0, 0, 0, 1, 
118975, 1241863721486, 1241863839514, 0, 69, 1, 137, 0, 1, 1, 160138, 12, 2
1199648, 1241871183973, , 0, 111, 1, 109, 0, 2, 0, 394001, 3, 1
12, , , 1372.55, 0, 0, 0, 0, 20, 68, 383387, , 
1211902, 1241861305910, 1241862191683, 0, 230, 2, 62, 0, 0, 0, 31590, 1, 
121984, 1241872088654, 1241872174335, 0, 0, 0, 0, 384781, 6, 11, 166, 10, 2
1221858, 1241867038250, 1241867042489, 0, 0, 0, 0, 0, 0, 0, 0, 1, 
1232051, 1241857066524, 1241857937900, 0, 222, 2, 115, 0, 0, 0, 1285504, 1, 
1234731, 1241865734590, 1241866168136, 0, 137, 1, 138, 0, 0, 0, 1311317, 1, 
1238240, 1241868930843, 1241871671627, 0, 0, 0, 0, 0, 0, 0, 0, 1, 
1241857, , , 784.2, 0, 0, 0, 0, 4, 4, 259344, , 
124585, , , 6.25, 0, 0, 0, 0, 5, 5, 143278, , 
1247293, 1241861378552, 1241861510429, 0, 0, 0, 0, 0, 0, 0, 217283, 1, 
1269811, 1241861898033, 1241866122449, 0, 1797, 13, 124.6923076923077, 0, 0, 0, 11600, 2, 
1275561, 1241872654316, , 0, 595, 3, 198.33333333333334, 0, 1, 0, 772113, 2, 0
12770, , , 1026.5, 0, 0, 0, 0, 23, 27, 383387, , 
12791, , , 388.35, 0, 0, 0, 0, 15, 16, 12, , 
1283945, 1241859583957, 1241859791631, 0, 0, 0, 0, 0, 0, 0, 276660, 1, 
1285504, 1241867392702, 1241867598799, 522.8, 5228, 16, 411.5, 1346597, 4, 0, 1241857, 4, 3
1297010, 1241866435387, 1241866731516, 0, 119, 1, 112, 0, 0, 0, 71724, 2, 
1307321, 1241863708138, 1241863750788, 0, 0, 0, 0, 0, 0, 0, 0, 1, 
1311317, 1241863281111, , 13.700000000000001, 3897, 18, 153.55555555555554, 0, 1, 0, 616423, 3, 0
1323312, 1241873363466, , 0, 0, 0, 0, 0, 0, 0, 0, 1, 0
1333542, 1241861787649, 1241863138578, 0, 460, 2, 166, 0, 0, 0, 31590, 1, 
1334562, 1241859803328, 1241861048899, 0, 649, 6, 107.83333333333333, 0, 0, 0, 336524, 1, 
1337283, 1241866513269, 1241866521656, 0, 0, 0, 0, 0, 0, 0, 0, 1, 
1339948, 1241866485169, 1241867812596, 0, 848, 7, 98.57142857142857, 0, 0, 0, 336524, 1, 
1344561, 1241865069796, 1241866264216, 0, 506, 4, 100.75, 0, 0, 0, 54776, 1, 
1346597, 1241858095506, 1241862093172, 0, 5006, 14, 259.7142857142857, 1285504, 0, 0, 1285504, 4, 
1348824, 1241858286015, 1241858779688, 0, 120, 1, 127, 0, 0, 0, 526836, 1, 
135504, 1241859264466, 1241859735084, 0, 128, 1, 151, 139439, 2, 1, 75123, 4, 0
135526, , , 212.9, 0, 0, 0, 0, 11, 0, 162782, , 
1359416, 1241857835006, 1241858117705, 0, 93, 1, 93, 0, 0, 0, 0, 1, 
1361151, 1241868681788, 1241869721274, 0, 337, 3, 112.33333333333333, 0, 0, 0, 526836, 1, 
1361493, 1241863220669, 1241863243922, 0, 0, 0, 0, 0, 0, 0, 0, 1, 
1369520, 1241857343607, 1241857358170, 0, 0, 0, 0, 0, 0, 0, 0, 1, 
1370325, 1241859891923, 1241859908267, 0, 0, 0, 0, 0, 0, 0, 0, 1, 
1372195, 1241864401613, 1241864438820, 0, 0, 0, 0, 0, 0, 0, 0, 1, 
1372441, 1241864675717, 1241864770503, 0, 0, 0, 0, 0, 0, 0, 0, 1, 
137784, 1241857281606, 1241857685940, 0, 264, 1, 114, 0, 0, 0, 153510, 3, 0
138064, 1241872712493, 1241873177253, 0, 0, 0, 0, 0, 0, 0, 12791, 4, 0
139439, 1241859377160, 1241859522363, 0, 0, 0, 0, 135504, 1, 0, 372191, 3, 0
150469, , , 3.45, 0, 0, 0, 0, 3, 7, 57393, , 
153097, , , 37.7, 0, 0, 0, 0, 19, 0, 1062853, , 
153510, , , 26.400000000000002, 0, 0, 0, 0, 7, 0, 112953, , 
155376, , , 211.40000000000003, 0, 0, 0, 0, 5, 4, 113127, , 
155708, 1241863352966, 1241866192342, 0, 1153, 6, 138.66666666666666, 0, 0, 0, 616423, 2, 
156175, 1241871142533, 1241871507217, 0, 0, 0, 0, 0, 0, 0, 116434, 1, 
157713, , , 14.200000000000001, 0, 0, 0, 0, 4, 0, 58859, , 
15959, 1241859224223, 1241862515049, 10.600000000000001, 693, 5, 121.8, 0, 1, 0, 616423, 2, 
160138, , , 6.9, 0, 0, 0, 0, 7, 2, 150469, , 
160801, 1241864546270, 1241864661887, 0, 0, 0, 0, 0, 5, 2, 166371, 4, 3
161876, 1241859719029, 1241860018603, 0, 505, 4, 126.25, 0, 0, 0, 0, 2, 0
162782, , , 106.45, 0, 0, 0, 0, 7, 11, 36377, , 
167437, 1241856295185, 1241857114659, 0, 338, 3, 112.66666666666667, 0, 0, 0, 0, 1, 
167869, 1241869406003, 1241869458168, 0, 0, 0, 0, 0, 0, 0, 158722, 1, 
170191, , , 24.900000000000002, 0, 0, 0, 0, 3, 10, 202873, , 
171513, 1241872373502, 1241872546989, 0, 249, 1, 300, 0, 10, 7, 170191, 12, 2
172342, 1241861405643, 1241861499283, 0, 0, 0, 0, 0, 0, 0, 320570, 2, 0
178366, 1241866432411, 1241866434553, 0, 0, 0, 0, 0, 0, 0, 259344, 3, 0
181738, 1241864831230, 1241864857628, 0, 0, 0, 0, 0, 5, 4, 12791, 7, 5
183590, 1241866920753, 1241866938336, 0, 0, 0, 0, 0, 1, 1, 316089, 1, 1
188678, 1241862534573, 1241863506505, 0, 45014, 9, 7603, 0, 0, 0, 0, 4, 
188779, 1241864028439, 1241865083034, 134.20000000000002, 570, 3, 203.33333333333334, 0, 2, 0, 202762, 4, 1
194401, 1241869644101, 1241869871655, 0, 0, 0, 0, 0, 2, 1, 49732, 5, 2
195736, , , 427.25, 0, 0, 0, 0, 6, 35, 334835, , 
196149, 1241869024915, 1241869244495, 0, 0, 0, 0, 0, 0, 0, 185284, 3, 0
197932, 1241868354952, 1241869036483, 0, 289, 3, 106.66666666666667, 0, 0, 0, 333531, 3, 0
20260, , , 1255.2000000000007, 0, 0, 0, 0, 18, 16, 12, , 
202762, , , 124.09999999999998, 0, 0, 0, 0, 2, 2, 39403, , 
202873, , , 12.450000000000001, 0, 0, 0, 0, 1, 3, 341164, , 
207385, 1241858591545, 1241858610553, 0, 0, 0, 0, 80072, 0, 0, 109906, 3, 0
210163, , , 44.95, 0, 0, 0, 0, 12, 20, 255725, , 
211715, , , 9.5, 0, 0, 0, 0, 2, 3, 299646, , 
217283, , , 23.400000000000002, 0, 0, 0, 0, 71, 1, 57393, , 
22308, , , 129.1, 0, 0, 0, 0, 10, 1, 775158, , 
240287, 1241858610644, 1241858647350, 0, 0, 0, 0, 0, 0, 0, 351430, 2, 
243620, 1241855992590, 1241856630624, 0, 519, 3, 173, 0, 0, 0, 1127083, 2, 
258965, 1241872554233, 1241872615674, 0, 0, 0, 0, 0, 0, 0, 325853, 1, 
259344, , , 277.7, 0, 0, 0, 0, 23, 13, 143538, , 
2606, 1241864837082, 1241867411670, 0, 364, 1, 472, 0, 8, 2, 307471, 7, 1
28294, , , 21.15, 0, 0, 0, 0, 7, 1, 5842, , 
2843, , , 6.4, 0, 0, 0, 0, 8, 34, 3383, , 
285870, 1241863597050, 1241864173790, 0, 46972, 10, 2718.9, 0, 0, 0, 616423, 4, 
289190, 1241858259778, 1241858353130, 0, 0, 0, 0, 0, 0, 0, 269484, 1, 
298666, , , 32.6, 0, 0, 0, 0, 9, 0, 259344, , 
306627, 1241865502777, 1241865508911, 0, 0, 0, 0, 0, 0, 0, 339642, 3, 0
307471, , , 50.849999999999994, 0, 0, 0, 0, 7, 10, 12, , 
311622, 1241868900110, 1241870270160, 0, 433, 4, 98.25, 0, 0, 0, 526836, 1, 
31590, 1241860952753, 1241864466739, 69, 1769, 8, 266.5, 0, 4, 1, 155376, 4, 0
317383, , , 134.00000000000003, 0, 0, 0, 0, 1, 3, 344937, , 
321365, , , 5.550000000000001, 0, 0, 0, 0, 3, 1, 317371, , 
32169, 1241857683809, 1241857725055, 0, 2081, 4, 533.5, 219, 8, 0, 10260, 14, 5
32314, 1241862778474, 1241863175697, 0, 0, 0, 0, 635003, 10, 14, 40508, 13, 2
323949, 1241863554849, 1241863590733, 0, 0, 0, 0, 0, 0, 0, 49732, 1, 0
325853, 1241872570469, 1241872738209, 0, 1241, 12, 94.66666666666667, 0, 2, 0, 92600, 3, 1
32781, 1241870601172, 1241872751657, 0, 153, 1, 138, 0, 0, 0, 1032421, 2, 0
333531, , , 28.900000000000002, 0, 0, 0, 0, 1, 0, 307471, , 
334835, , , 191.45, 0, 0, 0, 0, 2, 6, 143501, , 
336228, , , 25.75, 0, 0, 0, 0, 1, 14, 307471, , 
336524, 1241868283432, , 88.69999999999999, 3829, 15, 376.26666666666665, 101052, 35, 6, 195736, 12, 2
336620, 1241872956003, , 0, 142, 1, 142, 0, 0, 0, 157713, 2, 0
3383, 1241856173853, 1241857964739, 0, 3850, 6, 613.3333333333334, 8842, 6, 10, 12791, 16, 2
351430, , , 51.5, 0, 0, 0, 0, 14, 19, 336228, , 
35568, , , 67.05, 0, 0, 0, 0, 3, 32, 258951, , 
359367, 1241861427704, 1241861593284, 0, 0, 0, 0, 0, 0, 0, 0, 1, 
369806, , , 7.1000000000000005, 0, 0, 0, 0, 1, 1, 204487, , 
37694, 1241868728329, 1241869065240, 0, 79, 1, 79, 0, 0, 0, 0, 1, 
383387, , , 513.25, 0, 0, 0, 0, 7, 57, 0, , 
387114, , , 95.15000000000002, 0, 0, 0, 0, 2, 3, 104034, , 
392522, 1241872648440, , 0, 234, 1, 135, 0, 1, 0, 217283, 2, 0
394001, , , 11.100000000000001, 0, 0, 0, 0, 1, 2, 321365, , 
39403, , , 28.500000000000004, 0, 0, 0, 0, 5, 2, 130627, , 
396113, , , 28.700000000000003, 0, 0, 0, 0, 2, 11, 44987, , 
397835, , , 52.650000000000006, 0, 0, 0, 0, 5, 35, 47379, , 
402469, 1241860643057, 1241864696170, 0, 423, 5, 87.8, 0, 3, 0, 407374, 3, 4
407374, , , 42.3, 0, 0, 0, 0, 1, 3, 28294, , 
412029, 1241867461613, 1241867466312, 0, 0, 0, 0, 0, 1, 0, 178650, 3, 1
4139, 1241871439653, , 0, 10047, 18, 574.2222222222222, 44987, 25, 23, 713, 19, 3
415271, 1241865662924, 1241865983706, 0, 125, 1, 146, 0, 11, 3, 66689, 4, 0
417202, 1241866610428, 1241869205444, 0, 2680, 14, 153.14285714285714, 0, 0, 0, 57395, 4, 0
417315, , , 6.7, 0, 0, 0, 0, 5, 0, 12791, , 
421572, 1241872943777, , 0, 326, 2, 130, 0, 0, 0, 298666, 3, 0
43402, , , 62.05000000000001, 0, 0, 0, 0, 12, 17, 123961, , 
437430, 1241861946751, 1241862525094, 0, 67, 1, 133, 0, 0, 0, 417315, 3, 0
438480, 1241873308081, 1241873333617, 0, 0, 0, 0, 0, 0, 0, 0, 1, 
438751, , , 89.9, 0, 0, 0, 0, 20, 8, 210163, , 
44987, 1241867266754, , 14.350000000000001, 10265, 19, 555.6315789473684, 4139, 18, 18, 12770, 14, 2
453, 1241873245778, , 0, 0, 0, 0, 1043, 2, 0, 878, 11, 2
468188, 1241872881193, , 0, 515, 3, 218.33333333333334, 0, 19, 5, 351430, 7, 17
47379, 1241873138113, , 0, 0, 0, 0, 0, 4, 5, 54776, 6, 1
478092, 1241867366168, 1241867590903, 0, 0, 0, 0, 0, 0, 0, 0, 1, 
497122, 1241871721751, , 0, 798, 2, 434, 0, 15, 9, 82321, 8, 12
503, , , 305.6, 0, 0, 0, 0, 5, 2, 12, , 
505544, , , 19, 0, 0, 0, 0, 3, 0, 211715, , 
510740, , , 29.75, 0, 0, 0, 0, 70, 1, 534632, , 
523528, 1241858443930, 1241858514548, 0, 0, 0, 0, 0, 0, 0, 0, 1, 0
526836, 1241870801258, 1241871542416, 125.89999999999999, 1903, 14, 126.85714285714286, 0, 5, 0, 93856, 3, 
533, 1241863714804, 1241865083795, 116, 10134, 20, 601, 535, 10, 11, 20260, 14, 2
54322, 1241868583576, 1241868771664, 0, 0, 0, 0, 0, 0, 0, 0, 1, 0
543921, , , 55.400000000000006, 0, 0, 0, 0, 8, 0, 1092321, , 
54776, 1241869628239, 1241870377359, 178.1, 3676, 8, 523.625, 1062, 82, 35, 89757, 16, 3
554580, 1241867178868, 1241867190635, 0, 0, 0, 0, 0, 0, 0, 634607, 1, 
561926, 1241866179887, 1241866204478, 0, 0, 0, 0, 0, 0, 0, 0, 1, 
57393, , , 11.700000000000001, 0, 0, 0, 0, 6, 76, 159420, , 
57395, , , 268.00000000000006, 0, 0, 0, 0, 3, 0, 317383, , 
57717, , , 39.900000000000006, 0, 0, 0, 0, 4, 7, 110178, , 
57863, 1241869571479, 1241869958637, 0, 554, 4, 140.5, 0, 0, 0, 543921, 2, 0
58429, , , 1029.15, 0, 0, 0, 0, 7, 6, 10642, , 
58859, 1241857632746, 1241858004921, 7.1000000000000005, 287, 1, 287, 43017, 11, 23, 396113, 15, 2
596892, 1241872954203, , 0, 142, 1, 142, 0, 0, 0, 606163, 3, 0
597194, 1241869407340, 1241869439181, 0, 0, 0, 0, 0, 0, 0, 0, 1, 
606163, , , 14.200000000000001, 0, 0, 0, 0, 1, 0, 369806, , 
616423, 1241871708897, , 889.0500000000002, 5907, 18, 351.72222222222223, 0, 6, 2, 58429, 4, 0
622795, 1241865355202, 1241866654393, 0, 2129, 7, 187.42857142857142, 0, 0, 0, 135526, 2, 
622935, 1241864230334, 1241864271143, 0, 0, 0, 0, 0, 0, 0, 32654, 2, 
624632, 1241868617899, 1241869373468, 0, 190, 2, 92.5, 0, 0, 0, 505544, 2, 
625047, 1241871794600, , 0, 0, 0, 0, 0, 0, 0, 0, 1, 0
628527, 1241869925774, 1241870234579, 0, 0, 0, 0, 0, 1, 0, 1044730, 3, 
634607, 1241870057843, 1241871035114, 0, 1275, 7, 190.71428571428572, 0, 3, 3, 54776, 4, 1
646018, 1241868259350, 1241869932573, 0, 5229, 25, 203, 0, 0, 0, 1010692, 4, 
66689, , , 12.5, 0, 0, 0, 0, 4, 11, 124585, , 
677, 1241866062001, 1241866175861, 0, 0, 0, 0, 621, 0, 0, 621, 4, 0
680830, 1241869366883, 1241869772339, 0, 106, 1, 106, 0, 0, 0, 15959, 1, 
70997, , , 366.75, 0, 0, 0, 0, 35, 27, 397835, , 
713, 1241856893870, 1241857451644, 1140.2, 0, 0, 0, 1265, 11, 79, 12, 19, 6
71724, , , 11.9, 0, 0, 0, 0, 22, 0, 94103, , 
75123, , , 12.8, 0, 0, 0, 0, 14, 14, 2843, , 
75208, 1241870065353, 1241870781252, 0, 463, 5, 98, 0, 0, 0, 526836, 1, 
772113, , , 59.5, 0, 0, 0, 0, 1, 1, 510740, , 
775158, , , 64.55, 0, 0, 0, 0, 1, 10, 929303, , 
798148, 1241856352905, 1241856497936, 0, 0, 0, 0, 24814, 4, 0, 32314, 6, 3
80094, 1241872400377, , 0, 1053, 4, 287.5, 65812, 10, 1, 70997, 6, 4
82321, , , 79.80000000000001, 0, 0, 0, 0, 6, 15, 57717, , 
8527, 1241856685838, 1241858383986, 0, 3056, 6, 440.1666666666667, 10260, 2, 0, 503, 13, 2
89757, , , 456.65000000000003, 0, 0, 0, 0, 3, 82, 20260, , 
906606, 1241858822551, 1241858856512, 0, 0, 0, 0, 0, 0, 0, 0, 1, 
92600, , , 124.10000000000002, 0, 0, 0, 0, 1, 2, 43402, , 
93856, , , 253.25000000000003, 0, 0, 0, 0, 3, 5, 387114, , 
94103, , , 5.95, 0, 0, 0, 0, 1, 22, 223494, , 
968, 1241856188627, 1241858128189, 0, 0, 0, 0, 0, 5, 3, 1704, 11, 2
988642, 1241866930692, , 0, 899, 4, 289, 91808, 8, 0, 438751, 8, 2
990799, , , 7.65, 0, 0, 0, 0, 5, 12, 836417, , 
993774, 1241867959034, 1241868191677, 0, 0, 0, 0, 0, 0, 0, 63415, 1, 
998652, , , 25.950000000000003, 0, 0, 0, 0, 3, 21, 990799, , 
<<<<EndTable

PlayersOnlineNow=19
PlayersOnlineEachMinute=0, 3, 6, 4, 7, 7, 7, 7, 7, 6, 7, 7, 7, 8, 8, 9, 10, 10, 11, 10, 10, 11, 12, 12, 12, 11, 11, 10, 11, 10, 9, 10, 10, 8, 7, 7, 8, 8, 9, 10, 8, 9, 9, 8, 9, 9, 8, 8, 9, 8, 9, 9, 9, 9, 10, 12, 12, 13, 12, 12, 11, 13, 12, 12, 12, 12, 10, 11, 11, 11, 10, 9, 10, 10, 11, 11, 11, 11, 11, 12, 12, 11, 11, 13, 14, 12, 13, 13, 13, 13, 14, 17, 14, 15, 13, 13, 12, 14, 14, 14, 16, 16, 15, 14, 13, 12, 12, 12, 11, 9, 11, 10, 10, 11, 12, 12, 11, 10, 11, 12, 10, 10, 10, 11, 11, 10, 9, 10, 10, 13, 12, 12, 12, 12, 14, 15, 15, 14, 14, 15, 16, 16, 13, 15, 13, 13, 11, 9, 11, 11, 12, 11, 11, 11, 10, 11, 11, 11, 12, 13, 12, 12, 13, 15, 15, 15, 15, 14, 15, 14, 12, 11, 9, 9, 9, 10, 10, 12, 11, 10, 10, 9, 9, 10, 10, 10, 10, 10, 12, 12, 13, 12, 12, 11, 9, 9, 11, 11, 11, 12, 11, 12, 12, 13, 11, 12, 11, 13, 13, 12, 15, 17, 17, 16, 16, 16, 18, 18, 15, 17, 18, 16, 16, 17, 18, 16, 16, 16, 18, 17, 15, 16, 15, 13, 14, 15, 15, 14, 12, 11, 9, 9, 10, 10, 12, 12, 12, 12, 12, 12, 12, 10, 10, 11, 12, 12, 12, 13, 14, 12, 11, 11, 10, 11, 11, 11, 11, 11, 11, 12, 11, 11, 11, 11, 13, 13, 11, 13, 14, 15, 13, 13, 14, 17, 17, 17, 18, 17, 18, 18
PlayersInEachFeedingGame=1, 1, 2, 1, 1, 1, 1, 2, 2, 1, 2, 2, 2, 2, 1, 1, 2, 2, 2, 2, 2, 1, 1, 2, 1, 2, 1, 1, 1, 2, 2, 2, 2, 2, 1, 2, 1, 2, 2, 2, 2, 2, 2, 2, 2, 1, 2, 2, 2, 2, 2, 2, 1, 2, 2, 1, 1, 2, 1, 1, 2, 1, 2, 1, 2, 1, 1, 1, 1, 1, 1, 1, 2, 1, 1, 1, 2, 2, 1, 2, 2, 2, 1, 2, 1, 2, 2, 2, 2, 1, 2, 2, 1, 2, 4, 1, 2, 2, 1, 2, 2, 1, 2, 2, 2, 2, 2, 2, 2, 2, 2, 2, 2, 2, 2, 2, 2, 2, 2, 2, 2, 1, 2, 1, 2, 2, 2, 2, 2, 2, 1, 2, 1, 2, 1, 2, 3, 1, 1, 1, 1, 1, 1, 1, 1, 1, 1, 1, 1, 2, 1, 1, 2, 2, 2, 1, 2, 1, 2, 2, 1, 1, 2, 1, 2, 1, 2, 2, 1, 1, 1, 2, 1, 1, 1, 2, 2, 1, 2, 2, 1, 2, 2, 2, 2, 1, 1, 2, 2, 2, 3, 2
PlayersStarted=241
PlayersQuit=222
StatsStartTime=1241855990477
StatsDumpTime=1241873391420
<<<<EndStats
2009-05-09 05:51:19,274 ERROR: vampire.server.feeding.FeedingRecord sendPlayerStartGameMsg [playerId=44987, prey=true, _predatorIndex=]
2009-05-09 05:51:19,274 ERROR: vampire.server.feeding.FeedingRecord sendPlayerStartGameMsg [playerId=453, prey=false, _predatorIndex=]
2009-05-09 05:51:25,314 ERROR: vampire.server.feeding.FeedingRecord sendPlayerStartGameMsg [playerId=1323312, prey=true, _predatorIndex=]
2009-05-09 05:51:25,314 ERROR: vampire.server.feeding.FeedingRecord sendPlayerStartGameMsg [playerId=1275561, prey=false, _predatorIndex=]
2009-05-09 05:51:59,147 ERROR: vampire.server.feeding.FeedingRecord sendPlayerStartGameMsg [playerId=497122, prey=true, _predatorIndex=]
2009-05-09 05:51:59,148 ERROR: vampire.server.feeding.FeedingRecord sendPlayerStartGameMsg [playerId=47379, prey=false, _predatorIndex=]
2009-05-09 05:53:32,744 ERROR: vampire.server.feeding.FeedingRecord sendPlayerStartGameMsg [playerId=1139834, prey=false, _predatorIndex=]
2009-05-09 05:53:46,059 ERROR: vampire.server.feeding.FeedingRecord sendPlayerStartGameMsg [playerId=1275561, prey=true, _predatorIndex=]
2009-05-09 05:53:46,060 ERROR: vampire.server.feeding.FeedingRecord sendPlayerStartGameMsg [playerId=421572, prey=false, _predatorIndex=]
2009-05-09 05:54:18,801 ERROR: vampire.server.feeding.FeedingRecord sendPlayerStartGameMsg [playerId=57748, prey=true, _predatorIndex=]
2009-05-09 05:54:18,802 ERROR: vampire.server.feeding.FeedingRecord sendPlayerStartGameMsg [playerId=47379, prey=false, _predatorIndex=]
2009-05-09 05:56:17,188 ERROR: vampire.server.feeding.FeedingRecord sendPlayerStartGameMsg [playerId=1139834, prey=false, _predatorIndex=]
2009-05-09 05:56:50,432 ERROR: vampire.server.feeding.FeedingRecord sendPlayerStartGameMsg [playerId=392522, prey=true, _predatorIndex=]
2009-05-09 05:56:50,433 ERROR: vampire.server.feeding.FeedingRecord sendPlayerStartGameMsg [playerId=1323312, prey=false, _predatorIndex=]
2009-05-09 05:57:01,761 ERROR: vampire.server.feeding.FeedingRecord sendPlayerStartGameMsg [playerId=47379, prey=true, _predatorIndex=]
2009-05-09 05:57:01,762 ERROR: vampire.server.feeding.FeedingRecord sendPlayerStartGameMsg [playerId=1372681, prey=false, _predatorIndex=]
2009-05-09 05:58:47,616 ERROR: vampire.server.feeding.FeedingRecord sendPlayerStartGameMsg [playerId=4139, prey=true, _predatorIndex=]
2009-05-09 05:58:47,617 ERROR: vampire.server.feeding.FeedingRecord sendPlayerStartGameMsg [playerId=3414, prey=false, _predatorIndex=]

>>>>BeginStats

>>>>BeginTable
PlayerId, StartTime, EndTime, ProgenyPayout, XPFromFeeding, FeedingGames, MeanFeedingScore, BloodBond, Progeny, GrandProgeny, Sire, Level, Invites
1010692, , , 522.9, 0, 0, 0, 0, 17, 12, 70997, , 
1012813, , , 24.1, 0, 0, 0, 0, 6, 22, 54776, , 
10260, , , 208.10000000000002, 0, 0, 0, 0, 10, 8, 713, , 
1032421, , , 15.3, 0, 0, 0, 0, 9, 0, 990799, , 
1032874, 1241869992672, 1241870165954, 0, 0, 0, 0, 1090611, 4, 0, 1127083, 4, 
1062, , , 62.900000000000006, 0, 0, 0, 0, 11, 7, 713, , 
1062853, , , 18.85, 0, 0, 0, 0, 1, 19, 1124214, , 
10642, , , 295.35, 0, 0, 0, 0, 33, 7, 351598, , 
1068228, 1241867701573, 1241870065630, 0, 1342, 10, 127.4, 0, 0, 0, 188779, 2, 
1073413, 1241856636102, 1241856707658, 0, 0, 0, 0, 0, 0, 0, 176400, 2, 
1092321, , , 161.80000000000004, 0, 0, 0, 0, 32, 8, 35568, , 
1100098, 1241870626270, 1241871611629, 0, 0, 0, 0, 0, 0, 0, 0, 1, 
110056, 1241868034570, 1241868308591, 0, 629, 4, 159.25, 0, 0, 0, 1062, 2, 
1101, 1241856888509, 1241857774135, 0, 0, 0, 0, 0, 2, 19, 239981, 9, 1
1104968, 1241865265855, 1241869068506, 0, 1291, 5, 404, 0, 1, 0, 22308, 4, 1
1108399, 1241860775190, 1241861667700, 0, 377, 4, 93.5, 0, 0, 0, 153097, 3, 
1127083, , , 51.900000000000006, 0, 0, 0, 0, 20, 4, 998652, , 
112953, , , 13.200000000000001, 0, 0, 0, 0, 3, 7, 241176, , 
1129620, 1241857568877, 1241857575361, 0, 0, 0, 0, 0, 0, 0, 0, 1, 
113127, , , 88.45000000000002, 0, 0, 0, 0, 2, 5, 156956, , 
1132632, 1241870784133, 1241871778136, 0, 1341, 7, 143.57142857142858, 0, 0, 0, 1092321, 3, 
1139834, 1241873478884, , 0, 118, 1, 118, 0, 0, 0, 325853, 1, 0
1162720, 1241864538759, 1241864614469, 0, 0, 0, 0, 0, 0, 0, 0, 1, 
1166100, 1241857504629, 1241857516545, 0, 0, 0, 0, 0, 0, 0, 176400, 1, 
1168325, 1241871392527, 1241871501574, 0, 0, 0, 0, 0, 0, 0, 1135140, 1, 
117178, 1241861462503, 1241862594357, 0, 1160, 6, 193.33333333333334, 0, 0, 0, 533, 3, 
1174713, 1241861331827, 1241862134236, 0, 573, 4, 128, 0, 0, 0, 616423, 1, 
1178608, 1241869134343, 1241869602618, 0, 280, 2, 125.5, 0, 0, 0, 0, 1, 
118975, 1241863721486, 1241863839514, 0, 69, 1, 137, 0, 1, 1, 160138, 12, 2
1192337, , , 48.2, 0, 0, 0, 0, 17, 21, 1012813, , 
1199648, 1241871183973, 1241873507749, 0, 291, 2, 140, 0, 2, 0, 394001, 3, 1
12, , , 1372.55, 0, 0, 0, 0, 20, 68, 383387, , 
1211902, 1241861305910, 1241862191683, 0, 230, 2, 62, 0, 0, 0, 31590, 1, 
121984, 1241872088654, 1241872174335, 0, 0, 0, 0, 384781, 6, 11, 166, 10, 2
1221858, 1241867038250, 1241867042489, 0, 0, 0, 0, 0, 0, 0, 0, 1, 
1232051, 1241857066524, 1241857937900, 0, 222, 2, 115, 0, 0, 0, 1285504, 1, 
1234731, 1241865734590, 1241866168136, 0, 137, 1, 138, 0, 0, 0, 1311317, 1, 
1238240, 1241868930843, 1241871671627, 0, 0, 0, 0, 0, 0, 0, 0, 1, 
123961, , , 131.1, 0, 0, 0, 0, 5, 22, 713, , 
1241857, , , 784.2, 0, 0, 0, 0, 4, 4, 259344, , 
124585, , , 6.25, 0, 0, 0, 0, 5, 5, 143278, , 
1247293, 1241861378552, 1241861510429, 0, 0, 0, 0, 0, 0, 0, 217283, 1, 
1269811, 1241861898033, 1241866122449, 0, 1797, 13, 124.6923076923077, 0, 0, 0, 11600, 2, 
1275561, 1241872654316, , 0, 1155, 6, 203, 0, 1, 0, 772113, 2, 0
12770, , , 1288.7, 0, 0, 0, 0, 23, 27, 383387, , 
12791, , , 388.35, 0, 0, 0, 0, 15, 16, 12, , 
1283945, 1241859583957, 1241859791631, 0, 0, 0, 0, 0, 0, 0, 276660, 1, 
1285504, 1241867392702, 1241867598799, 522.8, 5228, 16, 411.5, 1346597, 4, 0, 1241857, 4, 3
1297010, 1241866435387, 1241866731516, 0, 119, 1, 112, 0, 0, 0, 71724, 2, 
1307321, 1241863708138, 1241863750788, 0, 0, 0, 0, 0, 0, 0, 0, 1, 
1311317, 1241863281111, , 13.700000000000001, 3897, 18, 153.55555555555554, 0, 1, 0, 616423, 3, 0
1323312, 1241873363466, , 0, 114, 1, 109, 0, 0, 0, 392522, 1, 0
1333542, 1241861787649, 1241863138578, 0, 460, 2, 166, 0, 0, 0, 31590, 1, 
1334562, 1241859803328, 1241861048899, 0, 649, 6, 107.83333333333333, 0, 0, 0, 336524, 1, 
1337283, 1241866513269, 1241866521656, 0, 0, 0, 0, 0, 0, 0, 0, 1, 
1339948, 1241866485169, 1241867812596, 0, 848, 7, 98.57142857142857, 0, 0, 0, 336524, 1, 
1344561, 1241865069796, 1241866264216, 0, 506, 4, 100.75, 0, 0, 0, 54776, 1, 
1346597, 1241858095506, 1241862093172, 0, 5006, 14, 259.7142857142857, 1285504, 0, 0, 1285504, 4, 
1348824, 1241858286015, 1241858779688, 0, 120, 1, 127, 0, 0, 0, 526836, 1, 
135504, 1241859264466, 1241859735084, 0, 128, 1, 151, 139439, 2, 1, 75123, 4, 0
135526, , , 212.9, 0, 0, 0, 0, 11, 0, 162782, , 
1359416, 1241857835006, 1241858117705, 0, 93, 1, 93, 0, 0, 0, 0, 1, 
1361151, 1241868681788, 1241869721274, 0, 337, 3, 112.33333333333333, 0, 0, 0, 526836, 1, 
1361493, 1241863220669, 1241863243922, 0, 0, 0, 0, 0, 0, 0, 0, 1, 
1369520, 1241857343607, 1241857358170, 0, 0, 0, 0, 0, 0, 0, 0, 1, 
1370325, 1241859891923, 1241859908267, 0, 0, 0, 0, 0, 0, 0, 0, 1, 
1372195, 1241864401613, 1241864438820, 0, 0, 0, 0, 0, 0, 0, 0, 1, 
1372441, 1241864675717, 1241864770503, 0, 0, 0, 0, 0, 0, 0, 0, 1, 
1372681, 1241873714788, , 0, 138, 1, 99, 0, 0, 0, 47379, 1, 0
137784, 1241857281606, 1241857685940, 0, 264, 1, 114, 0, 0, 0, 153510, 3, 0
138064, 1241873945467, , 0, 0, 0, 0, 0, 0, 0, 12791, 4, 0
139439, 1241859377160, 1241859522363, 0, 0, 0, 0, 135504, 1, 0, 372191, 3, 0
150469, , , 3.45, 0, 0, 0, 0, 3, 7, 57393, , 
153097, , , 37.7, 0, 0, 0, 0, 19, 0, 1062853, , 
153510, , , 26.400000000000002, 0, 0, 0, 0, 7, 0, 112953, , 
155376, , , 211.40000000000003, 0, 0, 0, 0, 5, 4, 113127, , 
155708, 1241863352966, 1241866192342, 0, 1153, 6, 138.66666666666666, 0, 0, 0, 616423, 2, 
156175, 1241871142533, 1241871507217, 0, 0, 0, 0, 0, 0, 0, 116434, 1, 
157713, , , 14.200000000000001, 0, 0, 0, 0, 4, 0, 58859, , 
15959, 1241859224223, 1241862515049, 10.600000000000001, 693, 5, 121.8, 0, 1, 0, 616423, 2, 
160138, , , 6.9, 0, 0, 0, 0, 7, 2, 150469, , 
160801, 1241864546270, 1241864661887, 0, 0, 0, 0, 0, 5, 2, 166371, 4, 3
161876, 1241859719029, 1241860018603, 0, 505, 4, 126.25, 0, 0, 0, 0, 2, 0
162782, , , 106.45, 0, 0, 0, 0, 7, 11, 36377, , 
167437, 1241856295185, 1241857114659, 0, 338, 3, 112.66666666666667, 0, 0, 0, 0, 1, 
167869, 1241869406003, 1241869458168, 0, 0, 0, 0, 0, 0, 0, 158722, 1, 
170191, , , 24.900000000000002, 0, 0, 0, 0, 3, 10, 202873, , 
171513, 1241872373502, 1241872546989, 0, 249, 1, 300, 0, 10, 7, 170191, 12, 2
172342, 1241861405643, 1241861499283, 0, 0, 0, 0, 0, 0, 0, 320570, 2, 0
178366, 1241866432411, 1241866434553, 0, 0, 0, 0, 0, 0, 0, 259344, 3, 0
181738, 1241864831230, 1241864857628, 0, 0, 0, 0, 0, 5, 4, 12791, 7, 5
183590, 1241866920753, 1241866938336, 0, 0, 0, 0, 0, 1, 1, 316089, 1, 1
188678, 1241862534573, 1241863506505, 0, 45014, 9, 7603, 0, 0, 0, 0, 4, 
188779, 1241864028439, 1241865083034, 134.20000000000002, 570, 3, 203.33333333333334, 0, 2, 0, 202762, 4, 1
194401, 1241869644101, 1241869871655, 0, 0, 0, 0, 0, 2, 1, 49732, 5, 2
195736, , , 427.25, 0, 0, 0, 0, 6, 35, 334835, , 
196149, 1241869024915, 1241869244495, 0, 0, 0, 0, 0, 0, 0, 185284, 3, 0
197932, 1241868354952, 1241869036483, 0, 289, 3, 106.66666666666667, 0, 0, 0, 333531, 3, 0
20260, , , 1255.2000000000007, 0, 0, 0, 0, 18, 16, 12, , 
202762, , , 124.09999999999998, 0, 0, 0, 0, 2, 2, 39403, , 
202873, , , 12.450000000000001, 0, 0, 0, 0, 1, 3, 341164, , 
207385, 1241858591545, 1241858610553, 0, 0, 0, 0, 80072, 0, 0, 109906, 3, 0
210163, , , 44.95, 0, 0, 0, 0, 12, 20, 255725, , 
211715, , , 9.5, 0, 0, 0, 0, 2, 3, 299646, , 
217283, , , 40.50000000000001, 0, 0, 0, 0, 71, 2, 57393, , 
22308, , , 129.1, 0, 0, 0, 0, 10, 1, 775158, , 
240287, 1241858610644, 1241858647350, 0, 0, 0, 0, 0, 0, 0, 351430, 2, 
243620, 1241855992590, 1241856630624, 0, 519, 3, 173, 0, 0, 0, 1127083, 2, 
258965, 1241872554233, 1241872615674, 0, 0, 0, 0, 0, 0, 0, 325853, 1, 
259344, , , 292.09999999999997, 0, 0, 0, 0, 23, 13, 143538, , 
2606, 1241864837082, 1241867411670, 0, 364, 1, 472, 0, 8, 2, 307471, 7, 1
28294, , , 21.15, 0, 0, 0, 0, 7, 1, 5842, , 
2843, , , 6.4, 0, 0, 0, 0, 8, 34, 3383, , 
285870, 1241863597050, 1241864173790, 0, 46972, 10, 2718.9, 0, 0, 0, 616423, 4, 
289190, 1241858259778, 1241858353130, 0, 0, 0, 0, 0, 0, 0, 269484, 1, 
298666, , , 61.400000000000006, 0, 0, 0, 0, 9, 0, 259344, , 
306627, 1241865502777, 1241865508911, 0, 0, 0, 0, 0, 0, 0, 339642, 3, 0
307471, , , 50.849999999999994, 0, 0, 0, 0, 7, 10, 12, , 
311622, 1241868900110, 1241870270160, 0, 433, 4, 98.25, 0, 0, 0, 526836, 1, 
31590, 1241860952753, 1241864466739, 69, 1769, 8, 266.5, 0, 4, 1, 155376, 4, 0
317383, , , 134.00000000000003, 0, 0, 0, 0, 1, 3, 344937, , 
321365, , , 14.55, 0, 0, 0, 0, 3, 1, 317371, , 
32169, 1241857683809, 1241857725055, 0, 2081, 4, 533.5, 219, 8, 0, 10260, 14, 5
32314, 1241862778474, 1241863175697, 0, 0, 0, 0, 635003, 10, 14, 40508, 13, 2
323949, 1241863554849, 1241863590733, 0, 0, 0, 0, 0, 0, 0, 49732, 1, 0
325853, 1241872570469, 1241872738209, 11.8, 1241, 12, 94.66666666666667, 0, 2, 0, 92600, 3, 1
32781, 1241870601172, 1241872751657, 0, 153, 1, 138, 0, 0, 0, 1032421, 2, 0
3329, 1241873978560, , 0, 0, 0, 0, 0, 0, 0, 0, 1, 0
333531, , , 28.900000000000002, 0, 0, 0, 0, 1, 0, 307471, , 
334835, , , 191.45, 0, 0, 0, 0, 2, 6, 143501, , 
336228, , , 25.75, 0, 0, 0, 0, 1, 14, 307471, , 
336524, 1241868283432, , 88.69999999999999, 3829, 15, 376.26666666666665, 101052, 35, 6, 195736, 12, 2
336620, 1241872956003, 1241873395492, 0, 142, 1, 142, 0, 0, 0, 157713, 2, 
3383, 1241856173853, 1241857964739, 0, 3850, 6, 613.3333333333334, 8842, 6, 10, 12791, 16, 2
3414, 1241873783454, , 0, 0, 0, 0, 0, 0, 0, 20718, 1, 0
351430, , , 51.5, 0, 0, 0, 0, 14, 19, 336228, , 
35568, , , 67.05, 0, 0, 0, 0, 3, 32, 258951, , 
359367, 1241861427704, 1241861593284, 0, 0, 0, 0, 0, 0, 0, 0, 1, 
369806, , , 7.1000000000000005, 0, 0, 0, 0, 1, 1, 204487, , 
37694, 1241868728329, 1241869065240, 0, 79, 1, 79, 0, 0, 0, 0, 1, 
383387, , , 644.35, 0, 0, 0, 0, 7, 57, 0, , 
387114, , , 95.15000000000002, 0, 0, 0, 0, 2, 3, 104034, , 
392522, 1241872648440, , 11.4, 348, 2, 126.5, 0, 2, 0, 217283, 2, 0
394001, , , 29.1, 0, 0, 0, 0, 1, 2, 321365, , 
39403, , , 28.500000000000004, 0, 0, 0, 0, 5, 2, 130627, , 
396113, , , 28.700000000000003, 0, 0, 0, 0, 2, 11, 44987, , 
397835, , , 52.650000000000006, 0, 0, 0, 0, 5, 35, 47379, , 
402469, 1241860643057, 1241864696170, 0, 423, 5, 87.8, 0, 3, 0, 407374, 3, 4
407374, , , 42.3, 0, 0, 0, 0, 1, 3, 28294, , 
412029, 1241867461613, 1241867466312, 0, 0, 0, 0, 0, 1, 0, 178650, 3, 1
4139, 1241871439653, , 0, 10047, 18, 574.2222222222222, 44987, 25, 23, 713, 19, 3
415271, 1241865662924, 1241865983706, 0, 125, 1, 146, 0, 11, 3, 66689, 4, 0
417202, 1241866610428, 1241869205444, 0, 2680, 14, 153.14285714285714, 0, 0, 0, 57395, 4, 0
417315, , , 6.7, 0, 0, 0, 0, 5, 0, 12791, , 
421572, 1241872943777, , 0, 614, 4, 108, 0, 0, 0, 298666, 3, 0
43402, , , 62.05000000000001, 0, 0, 0, 0, 12, 17, 123961, , 
437430, 1241861946751, 1241862525094, 0, 67, 1, 133, 0, 0, 0, 417315, 3, 0
438480, 1241873308081, 1241873333617, 0, 0, 0, 0, 0, 0, 0, 0, 1, 
438751, , , 89.9, 0, 0, 0, 0, 20, 8, 210163, , 
44987, 1241867266754, , 14.350000000000001, 12887, 22, 636.3181818181819, 4139, 18, 18, 12770, 14, 2
453, 1241873245778, , 0, 2622, 3, 600.6666666666666, 1043, 2, 0, 878, 11, 2
468188, 1241872881193, 1241873471660, 0, 515, 3, 218.33333333333334, 0, 19, 5, 351430, 7, 17
47379, 1241873138113, , 13.8, 1355, 4, 391.25, 0, 5, 5, 54776, 6, 1
478092, 1241867366168, 1241867590903, 0, 0, 0, 0, 0, 0, 0, 0, 1, 
497122, 1241871721751, 1241873670439, 0, 1725, 4, 499.5, 0, 15, 9, 82321, 9, 12
503, , , 305.6, 0, 0, 0, 0, 5, 2, 12, , 
505544, , , 19, 0, 0, 0, 0, 3, 0, 211715, , 
510740, , , 57.75, 0, 0, 0, 0, 70, 1, 534632, , 
523528, 1241858443930, 1241858514548, 0, 0, 0, 0, 0, 0, 0, 0, 1, 0
526836, 1241870801258, 1241871542416, 125.89999999999999, 1903, 14, 126.85714285714286, 0, 5, 0, 93856, 3, 
533, 1241863714804, 1241865083795, 116, 10134, 20, 601, 535, 10, 11, 20260, 14, 2
54322, 1241868583576, 1241868771664, 0, 0, 0, 0, 0, 0, 0, 0, 1, 0
543921, , , 55.400000000000006, 0, 0, 0, 0, 8, 0, 1092321, , 
54776, 1241869628239, 1241870377359, 320.5, 3676, 8, 523.625, 1062, 82, 36, 89757, 16, 3
554580, 1241867178868, 1241867190635, 0, 0, 0, 0, 0, 0, 0, 634607, 1, 
561926, 1241866179887, 1241866204478, 0, 0, 0, 0, 0, 0, 0, 0, 1, 
57393, , , 17.400000000000002, 0, 0, 0, 0, 6, 76, 159420, , 
57395, , , 268.00000000000006, 0, 0, 0, 0, 3, 0, 317383, , 
57717, , , 86.25, 0, 0, 0, 0, 4, 7, 110178, , 
57748, 1241873542597, , 0, 482, 1, 247, 0, 6, 1, 1192337, 4, 0
57863, 1241869571479, 1241869958637, 0, 554, 4, 140.5, 0, 0, 0, 543921, 2, 0
58429, , , 1029.15, 0, 0, 0, 0, 7, 6, 10642, , 
58859, 1241857632746, 1241858004921, 7.1000000000000005, 287, 1, 287, 43017, 11, 23, 396113, 15, 2
596892, 1241872954203, 1241873421226, 0, 142, 1, 142, 0, 0, 0, 606163, 3, 
597194, 1241869407340, 1241869439181, 0, 0, 0, 0, 0, 0, 0, 0, 1, 
606163, , , 14.200000000000001, 0, 0, 0, 0, 1, 0, 369806, , 
616423, 1241871708897, , 889.0500000000002, 5907, 18, 351.72222222222223, 0, 6, 2, 58429, 4, 0
622795, 1241865355202, 1241866654393, 0, 2129, 7, 187.42857142857142, 0, 0, 0, 135526, 2, 
622935, 1241864230334, 1241864271143, 0, 0, 0, 0, 0, 0, 0, 32654, 2, 
624632, 1241868617899, 1241869373468, 0, 190, 2, 92.5, 0, 0, 0, 505544, 2, 
625047, 1241871794600, , 0, 0, 0, 0, 0, 0, 0, 0, 1, 0
628527, 1241869925774, 1241870234579, 0, 0, 0, 0, 0, 1, 0, 1044730, 3, 
634607, 1241870057843, 1241871035114, 0, 1275, 7, 190.71428571428572, 0, 3, 3, 54776, 4, 1
646018, 1241868259350, 1241869932573, 0, 5229, 25, 203, 0, 0, 0, 1010692, 4, 
66689, , , 12.5, 0, 0, 0, 0, 4, 11, 124585, , 
677, 1241866062001, 1241866175861, 0, 0, 0, 0, 621, 0, 0, 621, 4, 0
680830, 1241869366883, 1241869772339, 0, 106, 1, 106, 0, 0, 0, 15959, 1, 
70997, , , 366.75, 0, 0, 0, 0, 35, 27, 397835, , 
713, 1241856893870, 1241857451644, 1140.2, 0, 0, 0, 1265, 11, 79, 12, 19, 6
71724, , , 11.9, 0, 0, 0, 0, 22, 0, 94103, , 
75123, , , 12.8, 0, 0, 0, 0, 14, 14, 2843, , 
75208, 1241870065353, 1241870781252, 0, 463, 5, 98, 0, 0, 0, 526836, 1, 
772113, , , 115.5, 0, 0, 0, 0, 1, 1, 510740, , 
775158, , , 64.55, 0, 0, 0, 0, 1, 10, 929303, , 
798148, 1241856352905, 1241856497936, 0, 0, 0, 0, 24814, 4, 0, 32314, 6, 3
80094, 1241872400377, 1241873788652, 0, 1053, 4, 287.5, 65812, 10, 1, 70997, 6, 4
82321, , , 172.5, 0, 0, 0, 0, 6, 15, 57717, , 
8527, 1241856685838, 1241858383986, 0, 3056, 6, 440.1666666666667, 10260, 2, 0, 503, 13, 2
878, , , 262.2, 0, 0, 0, 0, 8, 11, 123961, , 
89757, , , 524.4, 0, 0, 0, 0, 3, 82, 20260, , 
906606, 1241858822551, 1241858856512, 0, 0, 0, 0, 0, 0, 0, 0, 1, 
92600, , , 130.00000000000003, 0, 0, 0, 0, 1, 2, 43402, , 
93856, , , 253.25000000000003, 0, 0, 0, 0, 3, 5, 387114, , 
94103, , , 5.95, 0, 0, 0, 0, 1, 22, 223494, , 
968, 1241856188627, 1241858128189, 0, 0, 0, 0, 0, 5, 3, 1704, 11, 2
988642, 1241866930692, , 0, 899, 4, 289, 91808, 8, 0, 438751, 8, 2
990799, , , 7.65, 0, 0, 0, 0, 5, 12, 836417, , 
993774, 1241867959034, 1241868191677, 0, 0, 0, 0, 0, 0, 0, 63415, 1, 
998652, , , 25.950000000000003, 0, 0, 0, 0, 3, 21, 990799, , 
<<<<EndTable

PlayersOnlineNow=19
PlayersOnlineEachMinute=0, 3, 6, 4, 7, 7, 7, 7, 7, 6, 7, 7, 7, 8, 8, 9, 10, 10, 11, 10, 10, 11, 12, 12, 12, 11, 11, 10, 11, 10, 9, 10, 10, 8, 7, 7, 8, 8, 9, 10, 8, 9, 9, 8, 9, 9, 8, 8, 9, 8, 9, 9, 9, 9, 10, 12, 12, 13, 12, 12, 11, 13, 12, 12, 12, 12, 10, 11, 11, 11, 10, 9, 10, 10, 11, 11, 11, 11, 11, 12, 12, 11, 11, 13, 14, 12, 13, 13, 13, 13, 14, 17, 14, 15, 13, 13, 12, 14, 14, 14, 16, 16, 15, 14, 13, 12, 12, 12, 11, 9, 11, 10, 10, 11, 12, 12, 11, 10, 11, 12, 10, 10, 10, 11, 11, 10, 9, 10, 10, 13, 12, 12, 12, 12, 14, 15, 15, 14, 14, 15, 16, 16, 13, 15, 13, 13, 11, 9, 11, 11, 12, 11, 11, 11, 10, 11, 11, 11, 12, 13, 12, 12, 13, 15, 15, 15, 15, 14, 15, 14, 12, 11, 9, 9, 9, 10, 10, 12, 11, 10, 10, 9, 9, 10, 10, 10, 10, 10, 12, 12, 13, 12, 12, 11, 9, 9, 11, 11, 11, 12, 11, 12, 12, 13, 11, 12, 11, 13, 13, 12, 15, 17, 17, 16, 16, 16, 18, 18, 15, 17, 18, 16, 16, 17, 18, 16, 16, 16, 18, 17, 15, 16, 15, 13, 14, 15, 15, 14, 12, 11, 9, 9, 10, 10, 12, 12, 12, 12, 12, 12, 12, 10, 10, 11, 12, 12, 12, 13, 14, 12, 11, 11, 10, 11, 11, 11, 11, 11, 11, 12, 11, 11, 11, 11, 13, 13, 11, 13, 14, 15, 13, 13, 14, 17, 17, 17, 18, 17, 18, 18, 19, 17, 16, 17, 17, 17, 17, 17, 17, 17
PlayersInEachFeedingGame=1, 1, 2, 1, 1, 1, 1, 2, 2, 1, 2, 2, 2, 2, 1, 1, 2, 2, 2, 2, 2, 1, 1, 2, 1, 2, 1, 1, 1, 2, 2, 2, 2, 2, 1, 2, 1, 2, 2, 2, 2, 2, 2, 2, 2, 1, 2, 2, 2, 2, 2, 2, 1, 2, 2, 1, 1, 2, 1, 1, 2, 1, 2, 1, 2, 1, 1, 1, 1, 1, 1, 1, 2, 1, 1, 1, 2, 2, 1, 2, 2, 2, 1, 2, 1, 2, 2, 2, 2, 1, 2, 2, 1, 2, 4, 1, 2, 2, 1, 2, 2, 1, 2, 2, 2, 2, 2, 2, 2, 2, 2, 2, 2, 2, 2, 2, 2, 2, 2, 2, 2, 1, 2, 1, 2, 2, 2, 2, 2, 2, 1, 2, 1, 2, 1, 2, 3, 1, 1, 1, 1, 1, 1, 1, 1, 1, 1, 1, 1, 2, 1, 1, 2, 2, 2, 1, 2, 1, 2, 2, 1, 1, 2, 1, 2, 1, 2, 2, 1, 1, 1, 2, 1, 1, 1, 2, 2, 1, 2, 2, 1, 2, 2, 2, 2, 1, 1, 2, 2, 2, 3, 2, 2, 2, 2, 1, 2, 2, 2, 2, 1, 2
PlayersStarted=248
PlayersQuit=229
StatsStartTime=1241855990477
StatsDumpTime=1241873991474
<<<<EndStats
2009-05-09 06:01:15,647 ERROR: vampire.server.feeding.FeedingRecord sendPlayerStartGameMsg [playerId=3329, prey=false, _predatorIndex=]
2009-05-09 06:01:18,589 ERROR: vampire.server.feeding.FeedingRecord sendPlayerStartGameMsg [playerId=1372681, prey=false, _predatorIndex=]
2009-05-09 06:01:32,428 ERROR: vampire.server.feeding.FeedingRecord sendPlayerStartGameMsg [playerId=3414, prey=false, _predatorIndex=3329]
2009-05-09 06:01:42,913 ERROR: vampire.server.feeding.FeedingRecord sendPlayerStartGameMsg [playerId=3414, prey=false, _predatorIndex=3329,3414]
2009-05-09 06:02:25,969 ERROR: vampire.server.feeding.FeedingRecord sendPlayerStartGameMsg [playerId=4139, prey=false, _predatorIndex=453]
2009-05-09 06:02:30,761 ERROR: vampire.server.feeding.FeedingRecord sendPlayerStartGameMsg [playerId=158967, prey=false, _predatorIndex=453,4139]
2009-05-09 06:02:54,009 ERROR: vampire.server.feeding.FeedingRecord sendPlayerStartGameMsg [playerId=1372681, prey=true, _predatorIndex=]
2009-05-09 06:02:54,010 ERROR: vampire.server.feeding.FeedingRecord sendPlayerStartGameMsg [playerId=269788, prey=false, _predatorIndex=]
2009-05-09 06:02:59,581 ERROR: vampire.server.feeding.FeedingRecord sendPlayerStartGameMsg [playerId=3414, prey=false, _predatorIndex=3329,3414]
2009-05-09 06:04:54,710 ERROR: vampire.server.feeding.FeedingRecord sendPlayerStartGameMsg [playerId=1261242, prey=false, _predatorIndex=453,4139,158967]
2009-05-09 06:04:57,862 ERROR: vampire.server.feeding.FeedingRecord sendPlayerStartGameMsg [playerId=278983, prey=true, _predatorIndex=]
2009-05-09 06:04:57,864 ERROR: vampire.server.feeding.FeedingRecord sendPlayerStartGameMsg [playerId=325853, prey=false, _predatorIndex=]
2009-05-09 06:05:21,232 ERROR: vampire.server.feeding.FeedingRecord sendPlayerStartGameMsg [playerId=421572, prey=true, _predatorIndex=]
2009-05-09 06:05:21,233 ERROR: vampire.server.feeding.FeedingRecord sendPlayerStartGameMsg [playerId=1275561, prey=false, _predatorIndex=]
2009-05-09 06:05:51,722 ERROR: vampire.server.feeding.FeedingRecord sendPlayerStartGameMsg [playerId=269788, prey=false, _predatorIndex=]
2009-05-09 06:06:02,932 ERROR: vampire.server.feeding.FeedingRecord sendPlayerStartGameMsg [playerId=703094, prey=true, _predatorIndex=]
2009-05-09 06:06:02,932 ERROR: vampire.server.feeding.FeedingRecord sendPlayerStartGameMsg [playerId=158967, prey=false, _predatorIndex=]
2009-05-09 06:06:20,380 ERROR: vampire.server.feeding.FeedingRecord sendPlayerStartGameMsg [playerId=1139834, prey=true, _predatorIndex=]
2009-05-09 06:06:20,381 ERROR: vampire.server.feeding.FeedingRecord sendPlayerStartGameMsg [playerId=32781, prey=false, _predatorIndex=]
2009-05-09 06:07:56,854 ERROR: vampire.server.feeding.FeedingRecord sendPlayerStartGameMsg [playerId=379215, prey=true, _predatorIndex=]
2009-05-09 06:07:56,855 ERROR: vampire.server.feeding.FeedingRecord sendPlayerStartGameMsg [playerId=1359663, prey=false, _predatorIndex=]
2009-05-09 06:08:17,315 ERROR: vampire.server.feeding.FeedingRecord sendPlayerStartGameMsg [playerId=269788, prey=false, _predatorIndex=325853]
2009-05-09 06:08:24,336 ERROR: vampire.server.feeding.FeedingRecord sendPlayerStartGameMsg [playerId=3329, prey=false, _predatorIndex=]
2009-05-09 06:08:33,827 ERROR: vampire.server.feeding.FeedingRecord sendPlayerStartGameMsg [playerId=269788, prey=false, _predatorIndex=325853,269788]
2009-05-09 06:08:55,921 ERROR: vampire.server.feeding.FeedingRecord sendPlayerStartGameMsg [playerId=217283, prey=true, _predatorIndex=]
2009-05-09 06:08:55,922 ERROR: vampire.server.feeding.FeedingRecord sendPlayerStartGameMsg [playerId=1275561, prey=false, _predatorIndex=]
2009-05-09 06:09:02,765 ERROR: vampire.server.feeding.FeedingRecord sendPlayerStartGameMsg [playerId=269788, prey=false, _predatorIndex=1275561]
2009-05-09 06:09:28,300 ERROR: vampire.server.feeding.FeedingRecord sendPlayerStartGameMsg [playerId=325853, prey=false, _predatorIndex=]

>>>>BeginStats

>>>>BeginTable
PlayerId, StartTime, EndTime, ProgenyPayout, XPFromFeeding, FeedingGames, MeanFeedingScore, BloodBond, Progeny, GrandProgeny, Sire, Level, Invites
1010692, , , 522.9, 0, 0, 0, 0, 17, 12, 70997, , 
1012813, , , 24.1, 0, 0, 0, 0, 6, 22, 54776, , 
10260, , , 208.10000000000002, 0, 0, 0, 0, 10, 8, 713, , 
1032421, , , 32.5, 0, 0, 0, 0, 9, 0, 990799, , 
1032874, 1241869992672, 1241870165954, 0, 0, 0, 0, 1090611, 4, 0, 1127083, 4, 
1062, , , 62.900000000000006, 0, 0, 0, 0, 11, 7, 713, , 
1062853, , , 18.85, 0, 0, 0, 0, 1, 19, 1124214, , 
10642, , , 295.35, 0, 0, 0, 0, 33, 7, 351598, , 
1068228, 1241867701573, 1241870065630, 0, 1342, 10, 127.4, 0, 0, 0, 188779, 2, 
1073413, 1241856636102, 1241856707658, 0, 0, 0, 0, 0, 0, 0, 176400, 2, 
1092321, , , 161.80000000000004, 0, 0, 0, 0, 32, 8, 35568, , 
1100098, 1241870626270, 1241871611629, 0, 0, 0, 0, 0, 0, 0, 0, 1, 
110056, 1241868034570, 1241868308591, 0, 629, 4, 159.25, 0, 0, 0, 1062, 2, 
1101, 1241856888509, 1241857774135, 0, 0, 0, 0, 0, 2, 19, 239981, 9, 1
1104968, 1241865265855, 1241869068506, 0, 1291, 5, 404, 0, 1, 0, 22308, 4, 1
1108399, 1241860775190, 1241861667700, 0, 377, 4, 93.5, 0, 0, 0, 153097, 3, 
1127083, , , 51.900000000000006, 0, 0, 0, 0, 20, 4, 998652, , 
112953, , , 13.200000000000001, 0, 0, 0, 0, 3, 7, 241176, , 
1129620, 1241857568877, 1241857575361, 0, 0, 0, 0, 0, 0, 0, 0, 1, 
113127, , , 88.45000000000002, 0, 0, 0, 0, 2, 5, 156956, , 
1132632, 1241870784133, 1241871778136, 0, 1341, 7, 143.57142857142858, 0, 0, 0, 1092321, 3, 
1139834, 1241873478884, , 0, 428, 3, 134.33333333333334, 0, 0, 0, 325853, 1, 0
1162720, 1241864538759, 1241864614469, 0, 0, 0, 0, 0, 0, 0, 0, 1, 
1166100, 1241857504629, 1241857516545, 0, 0, 0, 0, 0, 0, 0, 176400, 1, 
1168325, 1241871392527, 1241871501574, 0, 0, 0, 0, 0, 0, 0, 1135140, 1, 
117178, 1241861462503, 1241862594357, 0, 1160, 6, 193.33333333333334, 0, 0, 0, 533, 3, 
1174713, 1241861331827, 1241862134236, 0, 573, 4, 128, 0, 0, 0, 616423, 1, 
1178608, 1241869134343, 1241869602618, 0, 280, 2, 125.5, 0, 0, 0, 0, 1, 
118975, 1241863721486, 1241863839514, 0, 69, 1, 137, 0, 1, 1, 160138, 12, 2
1192337, , , 48.2, 0, 0, 0, 0, 17, 21, 1012813, , 
1199648, 1241871183973, 1241873507749, 0, 291, 2, 140, 0, 2, 0, 394001, 3, 1
12, , , 1409.85, 0, 0, 0, 0, 20, 68, 383387, , 
1211902, 1241861305910, 1241862191683, 0, 230, 2, 62, 0, 0, 0, 31590, 1, 
121984, 1241872088654, 1241872174335, 0, 0, 0, 0, 384781, 6, 11, 166, 10, 2
1221858, 1241867038250, 1241867042489, 0, 0, 0, 0, 0, 0, 0, 0, 1, 
1232051, 1241857066524, 1241857937900, 0, 222, 2, 115, 0, 0, 0, 1285504, 1, 
1234731, 1241865734590, 1241866168136, 0, 137, 1, 138, 0, 0, 0, 1311317, 1, 
1238240, 1241868930843, 1241871671627, 0, 0, 0, 0, 0, 0, 0, 0, 1, 
123961, , , 149.35, 0, 0, 0, 0, 5, 22, 713, , 
1241857, , , 784.2, 0, 0, 0, 0, 4, 4, 259344, , 
124440, 1241874155231, , 0, 0, 0, 0, 99802, 0, 0, 1092321, 3, 0
124585, , , 6.25, 0, 0, 0, 0, 5, 5, 143278, , 
1247293, 1241861378552, 1241861510429, 0, 0, 0, 0, 0, 0, 0, 217283, 1, 
1261242, 1241874179738, 1241874433217, 0, 0, 0, 0, 0, 0, 0, 0, 1, 
1261552, 1241874084278, 1241874392298, 0, 0, 0, 0, 0, 0, 0, 0, 1, 
1269811, 1241861898033, 1241866122449, 0, 1797, 13, 124.6923076923077, 0, 0, 0, 11600, 2, 
1275561, 1241874264463, , 0, 1294, 7, 197.14285714285714, 0, 1, 0, 772113, 3, 0
12770, , , 1394.6499999999999, 0, 0, 0, 0, 23, 29, 383387, , 
12791, , , 388.35, 0, 0, 0, 0, 15, 16, 12, , 
1283945, 1241859583957, 1241859791631, 0, 0, 0, 0, 0, 0, 0, 276660, 1, 
1285504, 1241867392702, 1241867598799, 522.8, 5228, 16, 411.5, 1346597, 4, 0, 1241857, 4, 3
1285589, 1241874488952, 1241874512071, 0, 0, 0, 0, 0, 0, 0, 0, 1, 
1297010, 1241866435387, 1241866731516, 0, 119, 1, 112, 0, 0, 0, 71724, 2, 
1307321, 1241863708138, 1241863750788, 0, 0, 0, 0, 0, 0, 0, 0, 1, 
1311317, 1241863281111, , 13.700000000000001, 3897, 18, 153.55555555555554, 0, 1, 0, 616423, 3, 0
1323312, 1241873363466, , 0, 114, 1, 109, 0, 0, 0, 392522, 1, 0
1333542, 1241861787649, 1241863138578, 0, 460, 2, 166, 0, 0, 0, 31590, 1, 
1334562, 1241859803328, 1241861048899, 0, 649, 6, 107.83333333333333, 0, 0, 0, 336524, 1, 
1337283, 1241866513269, 1241866521656, 0, 0, 0, 0, 0, 0, 0, 0, 1, 
1339948, 1241866485169, 1241867812596, 0, 848, 7, 98.57142857142857, 0, 0, 0, 336524, 1, 
1344561, 1241865069796, 1241866264216, 0, 506, 4, 100.75, 0, 0, 0, 54776, 1, 
1346597, 1241858095506, 1241862093172, 0, 5006, 14, 259.7142857142857, 1285504, 0, 0, 1285504, 4, 
1348824, 1241858286015, 1241858779688, 0, 120, 1, 127, 0, 0, 0, 526836, 1, 
135504, 1241859264466, 1241859735084, 0, 128, 1, 151, 139439, 2, 1, 75123, 4, 0
135526, , , 212.9, 0, 0, 0, 0, 11, 0, 162782, , 
1359416, 1241857835006, 1241858117705, 0, 93, 1, 93, 0, 0, 0, 0, 1, 
1359663, 1241874396080, , 0, 0, 0, 0, 0, 0, 0, 0, 1, 0
1361151, 1241868681788, 1241869721274, 0, 337, 3, 112.33333333333333, 0, 0, 0, 526836, 1, 
1361493, 1241863220669, 1241863243922, 0, 0, 0, 0, 0, 0, 0, 0, 1, 
1369520, 1241857343607, 1241857358170, 0, 0, 0, 0, 0, 0, 0, 0, 1, 
1370325, 1241859891923, 1241859908267, 0, 0, 0, 0, 0, 0, 0, 0, 1, 
1372195, 1241864401613, 1241864438820, 0, 0, 0, 0, 0, 0, 0, 0, 1, 
1372441, 1241864675717, 1241864770503, 0, 0, 0, 0, 0, 0, 0, 0, 1, 
1372681, 1241873714788, 1241874446218, 0, 237, 2, 92, 0, 0, 0, 47379, 1, 
137784, 1241857281606, 1241857685940, 0, 264, 1, 114, 0, 0, 0, 153510, 3, 0
138064, 1241873945467, 1241874117616, 0, 0, 0, 0, 0, 0, 0, 12791, 4, 0
139439, 1241859377160, 1241859522363, 0, 0, 0, 0, 135504, 1, 0, 372191, 3, 0
150469, , , 3.45, 0, 0, 0, 0, 3, 7, 57393, , 
153097, , , 37.7, 0, 0, 0, 0, 19, 0, 1062853, , 
153510, , , 26.400000000000002, 0, 0, 0, 0, 7, 0, 112953, , 
155376, , , 211.40000000000003, 0, 0, 0, 0, 5, 4, 113127, , 
155708, 1241863352966, 1241866192342, 0, 1153, 6, 138.66666666666666, 0, 0, 0, 616423, 2, 
156175, 1241871142533, 1241871507217, 0, 0, 0, 0, 0, 0, 0, 116434, 1, 
157713, , , 14.200000000000001, 0, 0, 0, 0, 4, 0, 58859, , 
158967, 1241874044349, 1241874409818, 0, 201, 1, 101, 0, 0, 0, 44987, 1, 
15959, 1241859224223, 1241862515049, 10.600000000000001, 693, 5, 121.8, 0, 1, 0, 616423, 2, 
160138, , , 6.9, 0, 0, 0, 0, 7, 2, 150469, , 
160801, 1241864546270, 1241864661887, 0, 0, 0, 0, 0, 5, 2, 166371, 4, 3
161876, 1241859719029, 1241860018603, 0, 505, 4, 126.25, 0, 0, 0, 0, 2, 0
162782, , , 106.45, 0, 0, 0, 0, 7, 11, 36377, , 
163484, , , 19.8, 0, 0, 0, 0, 11, 2, 206649, , 
163610, 1241874159609, , 0, 0, 0, 0, 0, 0, 0, 86614, 1, 0
167437, 1241856295185, 1241857114659, 0, 338, 3, 112.66666666666667, 0, 0, 0, 0, 1, 
167869, 1241869406003, 1241869458168, 0, 0, 0, 0, 0, 0, 0, 158722, 1, 
170191, , , 24.900000000000002, 0, 0, 0, 0, 3, 10, 202873, , 
171513, 1241872373502, 1241872546989, 0, 249, 1, 300, 0, 10, 7, 170191, 12, 2
172342, 1241861405643, 1241861499283, 0, 0, 0, 0, 0, 0, 0, 320570, 2, 0
178366, 1241866432411, 1241866434553, 0, 0, 0, 0, 0, 0, 0, 259344, 3, 0
181738, 1241864831230, 1241864857628, 0, 0, 0, 0, 0, 5, 4, 12791, 7, 5
183590, 1241866920753, 1241866938336, 0, 0, 0, 0, 0, 1, 1, 316089, 1, 1
188678, 1241862534573, 1241863506505, 0, 45014, 9, 7603, 0, 0, 0, 0, 4, 
188779, 1241864028439, 1241865083034, 134.20000000000002, 570, 3, 203.33333333333334, 0, 2, 0, 202762, 4, 1
191945, , , 5, 0, 0, 0, 0, 1, 1, 197395, , 
194401, 1241869644101, 1241869871655, 0, 0, 0, 0, 0, 2, 1, 49732, 5, 2
195736, , , 427.25, 0, 0, 0, 0, 6, 35, 334835, , 
196149, 1241869024915, 1241869244495, 0, 0, 0, 0, 0, 0, 0, 185284, 3, 0
197932, 1241868354952, 1241869036483, 0, 289, 3, 106.66666666666667, 0, 0, 0, 333531, 3, 0
201048, , , 10, 0, 0, 0, 0, 1, 0, 191945, , 
20260, , , 1255.2000000000007, 0, 0, 0, 0, 18, 16, 12, , 
202762, , , 124.09999999999998, 0, 0, 0, 0, 2, 2, 39403, , 
202873, , , 12.450000000000001, 0, 0, 0, 0, 1, 3, 341164, , 
20718, , , 39.6, 0, 0, 0, 0, 1, 0, 163484, , 
207385, 1241858591545, 1241858610553, 0, 0, 0, 0, 80072, 0, 0, 109906, 3, 0
210163, , , 44.95, 0, 0, 0, 0, 12, 20, 255725, , 
211715, , , 9.5, 0, 0, 0, 0, 2, 3, 299646, , 
217283, 1241874440784, , 40.50000000000001, 0, 0, 0, 532467, 71, 27, 57393, 12, 34
22308, , , 129.1, 0, 0, 0, 0, 10, 1, 775158, , 
240287, 1241858610644, 1241858647350, 0, 0, 0, 0, 0, 0, 0, 351430, 2, 
243620, 1241855992590, 1241856630624, 0, 519, 3, 173, 0, 0, 0, 1127083, 2, 
258965, 1241872554233, 1241872615674, 0, 0, 0, 0, 0, 0, 0, 325853, 1, 
259344, , , 299.04999999999995, 0, 0, 0, 0, 23, 13, 143538, , 
2606, 1241864837082, 1241867411670, 0, 364, 1, 472, 0, 8, 2, 307471, 7, 1
269788, 1241874117039, , 0, 220, 2, 117, 0, 0, 0, 94819, 1, 0
278983, 1241874269379, 1241874487518, 0, 100, 1, 108, 0, 0, 0, 201048, 2, 2
28294, , , 21.15, 0, 0, 0, 0, 7, 1, 5842, , 
2843, , , 6.4, 0, 0, 0, 0, 8, 34, 3383, , 
285870, 1241863597050, 1241864173790, 0, 46972, 10, 2718.9, 0, 0, 0, 616423, 4, 
289190, 1241858259778, 1241858353130, 0, 0, 0, 0, 0, 0, 0, 269484, 1, 
298666, , , 75.30000000000001, 0, 0, 0, 0, 9, 0, 259344, , 
306627, 1241865502777, 1241865508911, 0, 0, 0, 0, 0, 0, 0, 339642, 3, 0
307471, , , 50.849999999999994, 0, 0, 0, 0, 7, 10, 12, , 
311622, 1241868900110, 1241870270160, 0, 433, 4, 98.25, 0, 0, 0, 526836, 1, 
31590, 1241860952753, 1241864466739, 69, 1769, 8, 266.5, 0, 4, 1, 155376, 4, 0
317383, , , 134.00000000000003, 0, 0, 0, 0, 1, 3, 344937, , 
321365, , , 14.55, 0, 0, 0, 0, 3, 1, 317371, , 
32169, 1241857683809, 1241857725055, 0, 2081, 4, 533.5, 219, 8, 0, 10260, 14, 5
32314, 1241862778474, 1241863175697, 0, 0, 0, 0, 635003, 10, 14, 40508, 13, 2
323949, 1241863554849, 1241863590733, 0, 0, 0, 0, 0, 0, 0, 49732, 1, 0
325853, 1241874157140, , 42.8, 1387, 14, 94.14285714285714, 0, 2, 0, 92600, 3, 2
32781, 1241874348721, , 0, 325, 2, 167.5, 0, 0, 0, 1032421, 2, 0
3329, 1241873978560, , 0, 356, 3, 121.66666666666667, 0, 0, 0, 0, 1, 0
333531, , , 28.900000000000002, 0, 0, 0, 0, 1, 0, 307471, , 
334835, , , 191.45, 0, 0, 0, 0, 2, 6, 143501, , 
336228, , , 25.75, 0, 0, 0, 0, 1, 14, 307471, , 
336524, 1241868283432, , 88.69999999999999, 3829, 15, 376.26666666666665, 101052, 35, 6, 195736, 12, 2
336620, 1241872956003, 1241873395492, 0, 142, 1, 142, 0, 0, 0, 157713, 2, 
3383, 1241874491604, , 0, 3850, 6, 613.3333333333334, 8842, 6, 10, 12791, 16, 2
3414, 1241873783454, , 0, 396, 3, 117.66666666666667, 0, 0, 0, 20718, 1, 0
351430, , , 51.5, 0, 0, 0, 0, 14, 19, 336228, , 
35568, , , 67.05, 0, 0, 0, 0, 3, 32, 258951, , 
359367, 1241861427704, 1241861593284, 0, 0, 0, 0, 0, 0, 0, 0, 1, 
369806, , , 7.1000000000000005, 0, 0, 0, 0, 1, 1, 204487, , 
37694, 1241868728329, 1241869065240, 0, 79, 1, 79, 0, 0, 0, 0, 1, 
379215, 1241874337064, , 0, 0, 0, 0, 0, 1, 0, 420377, 3, 0
383387, , , 692.3, 0, 0, 0, 0, 7, 57, 0, , 
387114, , , 95.15000000000002, 0, 0, 0, 0, 2, 3, 104034, , 
392522, 1241872648440, , 11.4, 348, 2, 126.5, 0, 2, 0, 217283, 2, 0
394001, , , 29.1, 0, 0, 0, 0, 1, 2, 321365, , 
39403, , , 28.500000000000004, 0, 0, 0, 0, 5, 2, 130627, , 
396113, , , 28.700000000000003, 0, 0, 0, 0, 2, 11, 44987, , 
397835, , , 52.650000000000006, 0, 0, 0, 0, 5, 35, 47379, , 
402469, 1241860643057, 1241864696170, 0, 423, 5, 87.8, 0, 3, 0, 407374, 3, 4
407374, , , 42.3, 0, 0, 0, 0, 1, 3, 28294, , 
412029, 1241867461613, 1241867466312, 0, 0, 0, 0, 0, 1, 0, 178650, 3, 1
4139, 1241871439653, , 0, 10793, 21, 525.6666666666666, 44987, 25, 23, 713, 19, 3
415271, 1241865662924, 1241865983706, 0, 125, 1, 146, 0, 11, 3, 66689, 4, 0
417202, 1241866610428, 1241869205444, 0, 2680, 14, 153.14285714285714, 0, 0, 0, 57395, 4, 0
417315, , , 6.7, 0, 0, 0, 0, 5, 0, 12791, , 
421572, 1241872943777, , 0, 753, 5, 109.4, 0, 0, 0, 298666, 3, 0
43402, , , 69.35000000000001, 0, 0, 0, 0, 12, 17, 123961, , 
437430, 1241861946751, 1241862525094, 0, 67, 1, 133, 0, 0, 0, 417315, 3, 0
438480, 1241873308081, 1241873333617, 0, 0, 0, 0, 0, 0, 0, 0, 1, 
438751, , , 89.9, 0, 0, 0, 0, 20, 8, 210163, , 
44987, 1241867266754, , 34.45, 13846, 25, 622.9200000000002, 4139, 19, 18, 12770, 14, 2
453, 1241873245778, 1241874230216, 0, 2987, 4, 529.5, 1043, 2, 0, 878, 11, 2
468188, 1241872881193, 1241873471660, 0, 515, 3, 218.33333333333334, 0, 19, 5, 351430, 7, 17
47379, 1241874058866, 1241874148238, 23.700000000000003, 1355, 4, 391.25, 0, 5, 5, 54776, 6, 1
478092, 1241867366168, 1241867590903, 0, 0, 0, 0, 0, 0, 0, 0, 1, 
497122, 1241871721751, 1241873670439, 0, 1725, 4, 499.5, 0, 15, 9, 82321, 9, 12
503, , , 305.6, 0, 0, 0, 0, 5, 2, 12, , 
505544, , , 19, 0, 0, 0, 0, 3, 0, 211715, , 
510740, , , 64.7, 0, 0, 0, 0, 70, 1, 534632, , 
523528, 1241858443930, 1241858514548, 0, 0, 0, 0, 0, 0, 0, 0, 1, 0
526836, 1241870801258, 1241871542416, 125.89999999999999, 1903, 14, 126.85714285714286, 0, 5, 0, 93856, 3, 
533, 1241863714804, 1241865083795, 116, 10134, 20, 601, 535, 10, 11, 20260, 14, 2
54322, 1241868583576, 1241868771664, 0, 0, 0, 0, 0, 0, 0, 0, 1, 0
543921, , , 55.400000000000006, 0, 0, 0, 0, 8, 0, 1092321, , 
54776, 1241869628239, 1241870377359, 325.45, 3676, 8, 523.625, 1062, 82, 36, 89757, 16, 3
554580, 1241867178868, 1241867190635, 0, 0, 0, 0, 0, 0, 0, 634607, 1, 
561926, 1241866179887, 1241866204478, 0, 0, 0, 0, 0, 0, 0, 0, 1, 
57393, , , 17.400000000000002, 0, 0, 0, 0, 6, 76, 159420, , 
57395, , , 268.00000000000006, 0, 0, 0, 0, 3, 0, 317383, , 
57717, , , 86.25, 0, 0, 0, 0, 4, 7, 110178, , 
57748, 1241873542597, , 0, 482, 1, 247, 0, 6, 1, 1192337, 4, 0
57863, 1241869571479, 1241869958637, 0, 554, 4, 140.5, 0, 0, 0, 543921, 2, 0
5842, , , 11, 0, 0, 0, 0, 13, 10, 344937, , 
58429, , , 1029.15, 0, 0, 0, 0, 7, 6, 10642, , 
58859, 1241857632746, 1241858004921, 7.1000000000000005, 287, 1, 287, 43017, 11, 23, 396113, 15, 2
596892, 1241872954203, 1241873421226, 0, 142, 1, 142, 0, 0, 0, 606163, 3, 
597194, 1241869407340, 1241869439181, 0, 0, 0, 0, 0, 0, 0, 0, 1, 
606163, , , 14.200000000000001, 0, 0, 0, 0, 1, 0, 369806, , 
616423, 1241871708897, 1241874154042, 889.0500000000002, 5907, 18, 351.72222222222223, 0, 6, 2, 58429, 4, 
622795, 1241865355202, 1241866654393, 0, 2129, 7, 187.42857142857142, 0, 0, 0, 135526, 2, 
622935, 1241864230334, 1241864271143, 0, 0, 0, 0, 0, 0, 0, 32654, 2, 
624632, 1241868617899, 1241869373468, 0, 190, 2, 92.5, 0, 0, 0, 505544, 2, 
625047, 1241871794600, , 0, 0, 0, 0, 0, 0, 0, 0, 1, 0
628527, 1241869925774, 1241870234579, 0, 0, 0, 0, 0, 1, 0, 1044730, 3, 
634607, 1241870057843, 1241871035114, 0, 1275, 7, 190.71428571428572, 0, 3, 3, 54776, 4, 1
646018, 1241868259350, 1241869932573, 0, 5229, 25, 203, 0, 0, 0, 1010692, 4, 
66689, , , 12.5, 0, 0, 0, 0, 4, 11, 124585, , 
677, 1241866062001, 1241866175861, 0, 0, 0, 0, 621, 0, 0, 621, 4, 0
680830, 1241869366883, 1241869772339, 0, 106, 1, 106, 0, 0, 0, 15959, 1, 
703094, 1241874161857, 1241874391753, 0, 0, 0, 0, 0, 0, 0, 53030, 4, 
70997, , , 366.75, 0, 0, 0, 0, 35, 27, 397835, , 
713, 1241856893870, 1241857451644, 1214.8, 0, 0, 0, 1265, 11, 79, 12, 19, 6
71724, , , 11.9, 0, 0, 0, 0, 22, 0, 94103, , 
75123, , , 12.8, 0, 0, 0, 0, 14, 14, 2843, , 
75208, 1241870065353, 1241870781252, 0, 463, 5, 98, 0, 0, 0, 526836, 1, 
772113, , , 129.4, 0, 0, 0, 0, 1, 1, 510740, , 
775158, , , 64.55, 0, 0, 0, 0, 1, 10, 929303, , 
798148, 1241856352905, 1241856497936, 0, 0, 0, 0, 24814, 4, 0, 32314, 6, 3
80094, 1241872400377, 1241873788652, 0, 1053, 4, 287.5, 65812, 10, 1, 70997, 6, 4
82321, , , 172.5, 0, 0, 0, 0, 6, 15, 57717, , 
8527, 1241856685838, 1241858383986, 0, 3056, 6, 440.1666666666667, 10260, 2, 0, 503, 13, 2
878, , , 298.7, 0, 0, 0, 0, 8, 11, 123961, , 
89757, , , 524.4, 0, 0, 0, 0, 3, 82, 20260, , 
906606, 1241858822551, 1241858856512, 0, 0, 0, 0, 0, 0, 0, 0, 1, 
92600, , , 160.10000000000002, 0, 0, 0, 0, 1, 2, 43402, , 
93856, , , 253.25000000000003, 0, 0, 0, 0, 3, 5, 387114, , 
94103, , , 5.95, 0, 0, 0, 0, 1, 22, 223494, , 
94819, , , 22, 0, 0, 0, 0, 2, 0, 5842, , 
968, 1241856188627, 1241858128189, 0, 0, 0, 0, 0, 5, 3, 1704, 11, 2
988642, 1241866930692, , 0, 899, 4, 289, 91808, 8, 0, 438751, 8, 2
990799, , , 16.25, 0, 0, 0, 0, 5, 12, 836417, , 
993774, 1241867959034, 1241868191677, 0, 0, 0, 0, 0, 0, 0, 63415, 1, 
998652, , , 25.950000000000003, 0, 0, 0, 0, 3, 21, 990799, , 
<<<<EndTable

PlayersOnlineNow=23
PlayersOnlineEachMinute=0, 3, 6, 4, 7, 7, 7, 7, 7, 6, 7, 7, 7, 8, 8, 9, 10, 10, 11, 10, 10, 11, 12, 12, 12, 11, 11, 10, 11, 10, 9, 10, 10, 8, 7, 7, 8, 8, 9, 10, 8, 9, 9, 8, 9, 9, 8, 8, 9, 8, 9, 9, 9, 9, 10, 12, 12, 13, 12, 12, 11, 13, 12, 12, 12, 12, 10, 11, 11, 11, 10, 9, 10, 10, 11, 11, 11, 11, 11, 12, 12, 11, 11, 13, 14, 12, 13, 13, 13, 13, 14, 17, 14, 15, 13, 13, 12, 14, 14, 14, 16, 16, 15, 14, 13, 12, 12, 12, 11, 9, 11, 10, 10, 11, 12, 12, 11, 10, 11, 12, 10, 10, 10, 11, 11, 10, 9, 10, 10, 13, 12, 12, 12, 12, 14, 15, 15, 14, 14, 15, 16, 16, 13, 15, 13, 13, 11, 9, 11, 11, 12, 11, 11, 11, 10, 11, 11, 11, 12, 13, 12, 12, 13, 15, 15, 15, 15, 14, 15, 14, 12, 11, 9, 9, 9, 10, 10, 12, 11, 10, 10, 9, 9, 10, 10, 10, 10, 10, 12, 12, 13, 12, 12, 11, 9, 9, 11, 11, 11, 12, 11, 12, 12, 13, 11, 12, 11, 13, 13, 12, 15, 17, 17, 16, 16, 16, 18, 18, 15, 17, 18, 16, 16, 17, 18, 16, 16, 16, 18, 17, 15, 16, 15, 13, 14, 15, 15, 14, 12, 11, 9, 9, 10, 10, 12, 12, 12, 12, 12, 12, 12, 10, 10, 11, 12, 12, 12, 13, 14, 12, 11, 11, 10, 11, 11, 11, 11, 11, 11, 12, 11, 11, 11, 11, 13, 13, 11, 13, 14, 15, 13, 13, 14, 17, 17, 17, 18, 17, 18, 18, 19, 17, 16, 17, 17, 17, 17, 17, 17, 17, 19, 20, 21, 22, 22, 25, 28, 25, 24, 23
PlayersInEachFeedingGame=1, 1, 2, 1, 1, 1, 1, 2, 2, 1, 2, 2, 2, 2, 1, 1, 2, 2, 2, 2, 2, 1, 1, 2, 1, 2, 1, 1, 1, 2, 2, 2, 2, 2, 1, 2, 1, 2, 2, 2, 2, 2, 2, 2, 2, 1, 2, 2, 2, 2, 2, 2, 1, 2, 2, 1, 1, 2, 1, 1, 2, 1, 2, 1, 2, 1, 1, 1, 1, 1, 1, 1, 2, 1, 1, 1, 2, 2, 1, 2, 2, 2, 1, 2, 1, 2, 2, 2, 2, 1, 2, 2, 1, 2, 4, 1, 2, 2, 1, 2, 2, 1, 2, 2, 2, 2, 2, 2, 2, 2, 2, 2, 2, 2, 2, 2, 2, 2, 2, 2, 2, 1, 2, 1, 2, 2, 2, 2, 2, 2, 1, 2, 1, 2, 1, 2, 3, 1, 1, 1, 1, 1, 1, 1, 1, 1, 1, 1, 1, 2, 1, 1, 2, 2, 2, 1, 2, 1, 2, 2, 1, 1, 2, 1, 2, 1, 2, 2, 1, 1, 1, 2, 1, 1, 1, 2, 2, 1, 2, 2, 1, 2, 2, 2, 2, 1, 1, 2, 2, 2, 3, 2, 2, 2, 2, 1, 2, 2, 2, 2, 1, 2, 1, 1, 2, 2, 2, 1, 2, 2, 2, 1, 2, 1
PlayersStarted=271
PlayersQuit=248
StatsStartTime=1241855990477
StatsDumpTime=1241874591547
<<<<EndStats
2009-05-09 06:09:53,707 ERROR: vampire.server.feeding.FeedingRecord sendPlayerStartGameMsg [playerId=32781, prey=true, _predatorIndex=]
2009-05-09 06:09:53,708 ERROR: vampire.server.feeding.FeedingRecord sendPlayerStartGameMsg [playerId=1139834, prey=false, _predatorIndex=]
2009-05-09 06:10:28,543 ERROR: vampire.server.feeding.FeedingRecord sendPlayerStartGameMsg [playerId=421572, prey=false, _predatorIndex=1275561,269788]
2009-05-09 06:10:34,501 ERROR: vampire.server.feeding.FeedingRecord sendPlayerStartGameMsg [playerId=269788, prey=false, _predatorIndex=]
2009-05-09 06:10:51,048 ERROR: vampire.server.feeding.FeedingRecord sendPlayerStartGameMsg [playerId=421572, prey=false, _predatorIndex=]
2009-05-09 06:12:05,093 ERROR: vampire.server.feeding.FeedingRecord sendPlayerStartGameMsg [playerId=325853, prey=false, _predatorIndex=]
2009-05-09 06:12:50,073 ERROR: vampire.server.feeding.FeedingRecord sendPlayerStartGameMsg [playerId=32781, prey=true, _predatorIndex=]
2009-05-09 06:12:50,074 ERROR: vampire.server.feeding.FeedingRecord sendPlayerStartGameMsg [playerId=333654, prey=false, _predatorIndex=]
2009-05-09 06:13:10,073 ERROR: vampire.server.feeding.FeedingRecord sendPlayerStartGameMsg [playerId=1139834, prey=false, _predatorIndex=333654]
2009-05-09 06:13:42,698 ERROR: vampire.server.feeding.FeedingRecord sendPlayerStartGameMsg [playerId=1139834, prey=false, _predatorIndex=333654,1139834]
2009-05-09 06:14:08,863 ERROR: vampire.server.feeding.FeedingRecord sendPlayerStartGameMsg [playerId=1174713, prey=true, _predatorIndex=]
2009-05-09 06:14:08,864 ERROR: vampire.server.feeding.FeedingRecord sendPlayerStartGameMsg [playerId=336620, prey=false, _predatorIndex=]
2009-05-09 06:14:19,892 ERROR: vampire.server.feeding.FeedingRecord sendPlayerStartGameMsg [playerId=163610, prey=false, _predatorIndex=]
2009-05-09 06:14:37,426 ERROR: vampire.server.feeding.FeedingRecord sendPlayerStartGameMsg [playerId=325853, prey=false, _predatorIndex=]
2009-05-09 06:14:46,394 ERROR: vampire.server.feeding.FeedingRecord sendPlayerStartGameMsg [playerId=124440, prey=false, _predatorIndex=]
2009-05-09 06:15:07,551 ERROR: vampire.server.feeding.FeedingRecord sendPlayerStartGameMsg [playerId=1275561, prey=true, _predatorIndex=]
2009-05-09 06:15:07,552 ERROR: vampire.server.feeding.FeedingRecord sendPlayerStartGameMsg [playerId=217283, prey=false, _predatorIndex=]
2009-05-09 06:15:31,426 ERROR: vampire.server.feeding.FeedingRecord sendPlayerStartGameMsg [playerId=32781, prey=true, _predatorIndex=]
2009-05-09 06:15:31,427 ERROR: vampire.server.feeding.FeedingRecord sendPlayerStartGameMsg [playerId=1139834, prey=false, _predatorIndex=]
2009-05-09 06:16:43,583 ERROR: vampire.server.feeding.FeedingRecord sendPlayerStartGameMsg [playerId=336620, prey=false, _predatorIndex=124440]
2009-05-09 06:16:49,567 ERROR: vampire.server.feeding.FeedingRecord sendPlayerStartGameMsg [playerId=1174713, prey=false, _predatorIndex=124440,336620]
2009-05-09 06:16:58,527 ERROR: vampire.server.feeding.FeedingRecord sendPlayerStartGameMsg [playerId=57748, prey=false, _predatorIndex=]
2009-05-09 06:17:16,910 ERROR: vampire.server.feeding.FeedingRecord sendPlayerStartGameMsg [playerId=57748, prey=false, _predatorIndex=]
2009-05-09 06:17:17,106 ERROR: vampire.server.feeding.FeedingRecord sendPlayerStartGameMsg [playerId=333654, prey=false, _predatorIndex=57748]
2009-05-09 06:17:22,849 ERROR: vampire.server.feeding.FeedingRecord sendPlayerStartGameMsg [playerId=336620, prey=false, _predatorIndex=124440,336620,1174713]
2009-05-09 06:17:52,333 ERROR: vampire.server.feeding.FeedingRecord sendPlayerStartGameMsg [playerId=163610, prey=false, _predatorIndex=]

