
>>>>BeginStats

>>>>BeginTable
PlayerId, StartTime, EndTime, ProgenyPayout, XPFromFeeding, FeedingGames, MeanFeedingScore, BloodBond, Progeny, GrandProgeny, Sire, Level, Invites
1005670, , , 60.6, 0, 0, 0, 0, 4, 3, 327756, , 
1009928, 1241393533076, 1241393773162, 0, 0, 0, 0, 0, 0, 0, 1062853, 1, 
1012813, , , 44.900000000000006, 0, 0, 0, 0, 6, 16, 54776, , 
1021278, , , 99.4, 0, 0, 0, 0, 2, 1, 452296, , 
10260, 1241393172343, , 0, 0, 0, 0, 1101, 7, 8, 713, 13, 2
1030387, 1241395809809, 1241395873608, 0, 0, 0, 0, 0, 0, 0, 0, 1, 
1030890, 1241395899227, 1241395904025, 0, 0, 0, 0, 0, 0, 0, 0, 1, 
103144, , , 68.7, 0, 0, 0, 0, 5, 15, 116005, , 
1032648, , , 58.8, 0, 0, 0, 0, 4, 0, 234337, , 
1032847, 1241400088836, , 0, 0, 0, 0, 0, 0, 0, 1010692, 1, 0
104515, 1241393990579, 1241394153489, 0, 166, 1, 166, 0, 0, 0, 112194, 3, 0
1047840, 1241396721858, 1241398438163, 0, 0, 0, 0, 0, 1, 0, 408501, 4, 
1052847, 1241397773557, 1241397898493, 0, 0, 0, 0, 0, 0, 0, 0, 1, 
105859, 1241396309033, 1241396802065, 0, 636, 3, 234.66666666666666, 0, 0, 0, 231158, 4, 0
1060123, 1241394371959, 1241394390093, 0, 0, 0, 0, 0, 0, 0, 153097, 1, 
1062, , , 59.75, 0, 0, 0, 0, 9, 7, 713, , 
1062853, , , 19.700000000000003, 0, 0, 0, 0, 8, 6, 1124214, , 
10634, 1241393258500, 1241394601403, 0, 2626, 8, 315.125, 0, 2, 0, 713, 4, 2
10642, 1241394026157, 1241395032118, 372.1000000000001, 1330, 2, 591, 447249, 29, 46, 351598, 15, 2
107454, 1241398544973, 1241398545163, 0, 0, 0, 0, 0, 0, 0, 0, 1, 0
1077614, 1241393067087, 1241398386147, 184.90000000000003, 3623, 13, 292.38461538461536, 0, 1, 0, 836050, 3, 
10850, 1241399914483, , 0, 2165, 11, 143.54545454545453, 0, 0, 0, 1077614, 3, 0
1086242, 1241397131763, , 0, 2031, 12, 180.75, 0, 0, 0, 39030, 2, 0
1088402, 1241396956713, 1241397291800, 0, 102, 1, 98, 0, 0, 0, 43386, 3, 
1090131, 1241398316217, 1241399643387, 0, 739, 4, 135.25, 0, 0, 0, 555728, 1, 
1090442, 1241399107830, 1241399674691, 0, 451, 4, 109.75, 0, 3, 5, 797824, 4, 
1090611, 1241398692261, , 0, 588, 6, 95, 0, 0, 0, 1032648, 2, 0
1092321, , , 137.1, 0, 0, 0, 0, 23, 19, 35568, , 
1101, , , 71.10000000000001, 0, 0, 0, 0, 2, 17, 239981, , 
110740, 1241398694482, 1241398749485, 0, 0, 0, 0, 0, 0, 0, 0, 1, 
1112884, 1241399223958, , 0, 193, 1, 125, 0, 0, 0, 1148755, 1, 0
112194, , , 16.6, 0, 0, 0, 0, 3, 3, 128693, , 
1124214, , , 9.850000000000001, 0, 0, 0, 0, 5, 8, 1122449, , 
113237, , , 869.0000000000003, 0, 0, 0, 0, 9, 11, 10642, , 
1140343, 1241397754610, 1241397780445, 0, 0, 0, 0, 0, 0, 0, 0, 1, 
1148097, 1241400168093, , 0, 0, 0, 0, 0, 0, 0, 171151, 4, 0
1148098, 1241397631648, 1241398571839, 0, 994, 4, 282.5, 0, 1, 0, 1021278, 3, 
1148755, 1241399175783, , 19.3, 193, 1, 260, 0, 9, 1, 1092321, 4, 2
1152211, 1241397130450, 1241398736391, 119.20000000000002, 1374, 7, 180.85714285714286, 0, 1, 0, 452296, 3, 
1157419, 1241397239785, 1241397261785, 0, 0, 0, 0, 0, 0, 0, 0, 1, 
1158803, 1241396397003, 1241396832160, 0, 107, 1, 58, 0, 0, 0, 58429, 1, 
1160652, 1241399760844, 1241400132153, 0, 110, 1, 110, 0, 0, 0, 0, 1, 
1161678, 1241396486828, 1241397129602, 0, 255, 2, 97, 0, 0, 0, 63415, 1, 
1164789, 1241399960291, , 0, 0, 0, 0, 0, 0, 0, 0, 1, 0
1167604, 1241397693226, 1241398368849, 0, 701, 2, 502.5, 1113365, 0, 0, 0, 3, 
1168300, 1241394591085, 1241396361562, 0, 594, 5, 104, 0, 0, 0, 87714, 2, 
1173891, 1241393467749, 1241393925726, 0, 0, 0, 0, 0, 0, 0, 1044730, 1, 
1174455, 1241395633456, 1241396012868, 0, 0, 0, 0, 0, 0, 0, 70997, 3, 
1178576, 1241397094980, 1241398512155, 0, 1088, 4, 145.75, 0, 0, 0, 0, 2, 
1179627, 1241393629940, 1241395247575, 0, 1002, 6, 123.33333333333333, 0, 0, 0, 16514, 2, 
118417, , , 36.050000000000004, 0, 0, 0, 0, 4, 3, 12, , 
1186168, 1241394434743, 1241394622728, 0, 0, 0, 0, 0, 0, 0, 0, 1, 
1192337, , , 89.80000000000001, 0, 0, 0, 0, 12, 3, 1012813, , 
1193655, 1241396013219, 1241396463056, 0, 114, 1, 113, 0, 0, 0, 58429, 1, 
1199648, 1241396563108, 1241397877236, 0, 1037, 3, 156.33333333333334, 0, 1, 0, 394001, 3, 1
1199666, 1241399829027, , 0, 2356, 18, 124.5, 0, 0, 0, 609643, 2, 0
12, , , 414.65000000000003, 0, 0, 0, 0, 20, 123, 383387, , 
1200811, 1241397148185, 1241397631956, 0, 351, 2, 189, 0, 0, 0, 0, 1, 
1202977, 1241393809571, 1241394475136, 0, 446, 3, 137.66666666666666, 0, 0, 0, 54776, 1, 
1203117, 1241399257636, , 88, 1871, 16, 126.5625, 1215840, 2, 0, 152578, 3, 1
1206462, 1241393037008, 1241393532189, 0, 322, 2, 137.5, 0, 0, 0, 0, 1, 
1207233, 1241399450382, , 0, 222, 2, 103.5, 0, 0, 0, 239111, 1, 0
1213901, 1241394692509, 1241394697001, 0, 0, 0, 0, 0, 0, 0, 0, 1, 
1214279, 1241397058252, 1241398685434, 0, 1374, 7, 211.28571428571428, 0, 0, 0, 1152211, 2, 
1215840, 1241395214439, 1241397374020, 0, 880, 9, 92.88888888888889, 1203117, 0, 0, 1203117, 1, 
1217870, 1241395406099, 1241399840657, 0, 273, 3, 109.33333333333333, 0, 0, 0, 0, 1, 
1218013, 1241393617427, 1241394250384, 0, 82, 1, 24, 0, 0, 0, 0, 1, 
1218245, 1241393907961, 1241393915016, 0, 0, 0, 0, 0, 0, 0, 0, 1, 
1219229, 1241399778476, 1241399806531, 0, 0, 0, 0, 0, 0, 0, 0, 1, 
1220243, 1241397208539, 1241397924322, 0, 196, 2, 98, 0, 0, 0, 0, 1, 
1222705, 1241396660135, 1241396892162, 0, 253, 2, 132, 0, 0, 0, 0, 1, 
1223725, 1241399707144, 1241399891768, 0, 0, 0, 0, 0, 0, 0, 0, 1, 
1224022, 1241398311647, 1241398316076, 0, 0, 0, 0, 0, 0, 0, 0, 1, 
1224206, 1241399678172, 1241400000533, 0, 166, 1, 166, 0, 0, 0, 0, 1, 
125218, 1241394620394, 1241394933814, 0, 0, 0, 0, 0, 0, 0, 0, 1, 
1265, 1241396674692, 1241396691514, 20, 0, 0, 0, 713, 14, 32, 12, 16, 3
12770, , , 88.7, 0, 0, 0, 0, 23, 76, 383387, , 
12791, 1241398567742, 1241398683239, 0, 0, 0, 0, 0, 13, 22, 12, 12, 2
127958, 1241399022718, 1241399316079, 0, 211, 1, 171, 0, 0, 0, 366650, 1, 
128693, , , 8.3, 0, 0, 0, 0, 2, 4, 179386, , 
130244, , , 70.10000000000001, 0, 0, 0, 0, 3, 10, 237967, , 
130457, 1241399837080, 1241400141172, 0, 0, 0, 0, 0, 1, 0, 341164, 3, 0
133482, 1241397130738, 1241397254106, 33.1, 0, 0, 0, 0, 5, 12, 180951, 5, 5
139961, 1241398020201, 1241398469813, 0, 117, 1, 84, 0, 0, 0, 19945, 1, 0
145609, 1241393173412, 1241394368630, 0, 436, 3, 165, 369307, 5, 4, 92300, 4, 0
150469, 1241397316836, 1241400157107, 0, 123, 1, 129, 0, 3, 8, 57393, 4, 0
152578, , , 231.10000000000002, 0, 0, 0, 0, 3, 4, 208699, , 
153097, 1241396434429, 1241396715079, 0, 0, 0, 0, 0, 6, 0, 1062853, 3, 6
154004, 1241399974524, 1241400071249, 0, 483, 1, 804, 561706, 8, 5, 90041, 4, 0
15469, 1241393387565, 1241394019352, 0, 0, 0, 0, 10490, 1, 0, 1892, 4, 1
157929, 1241394463128, 1241394852127, 0, 136, 1, 140, 0, 0, 0, 0, 1, 
159420, , , 6.15, 0, 0, 0, 0, 1, 5, 206649, , 
160138, , , 17.75, 0, 0, 0, 0, 7, 11, 150469, , 
161001, 1241395577113, , 0, 1116, 8, 137, 0, 1, 1, 377820, 4, 5
161447, 1241397805742, 1241398032220, 0, 0, 0, 0, 0, 0, 0, 132921, 2, 
16514, 1241394155179, 1241395115338, 47.9, 358, 2, 223.5, 44929, 5, 8, 1062, 4, 0
166371, , , 29.400000000000002, 0, 0, 0, 0, 4, 7, 267622, , 
167153, , , 7.45, 0, 0, 0, 0, 8, 19, 12, , 
169491, 1241397969995, 1241399994678, 0, 163, 2, 120, 0, 0, 0, 36377, 3, 0
169726, 1241395052607, 1241396006777, 0, 898, 3, 216, 0, 0, 0, 1192337, 2, 
170316, , , 448.25, 0, 0, 0, 0, 4, 3, 210210, , 
171543, 1241394933812, 1241394937374, 0, 0, 0, 0, 0, 0, 0, 172419, 1, 
174561, 1241400009332, 1241400132151, 0, 0, 0, 0, 0, 0, 0, 173461, 3, 0
175754, 1241393087117, 1241398152171, 0, 1028, 4, 257, 0, 0, 0, 865090, 3, 
177672, , , 46.300000000000004, 0, 0, 0, 0, 1, 0, 302907, , 
17790, 1241393083984, 1241393362783, 0, 0, 0, 0, 20260, 12, 11, 20260, 14, 3
180951, , , 16.55, 0, 0, 0, 0, 2, 7, 153510, , 
181512, 1241393848718, 1241393856825, 0, 0, 0, 0, 0, 0, 0, 179509, 1, 
182587, 1241393377206, 1241393416720, 0, 0, 0, 0, 0, 0, 0, 0, 1, 
182851, 1241398930363, 1241399112107, 0, 0, 0, 0, 0, 1, 0, 169321, 4, 0
185650, , , 21.8, 0, 0, 0, 0, 2, 1, 185697, , 
186457, 1241395658765, 1241395665177, 0, 0, 0, 0, 0, 0, 0, 0, 1, 0
187169, 1241394877505, 1241395009254, 0, 0, 0, 0, 0, 1, 0, 110178, 1, 1
187381, 1241399639962, , 0, 88, 1, 89, 211710, 7, 4, 2843, 8, 1
188139, 1241394978504, 1241395465770, 0, 0, 0, 0, 0, 0, 0, 0, 1, 0
1892, 1241395542554, 1241395687760, 0, 0, 0, 0, 33511, 20, 6, 995, 11, 2
191950, , , 65.4, 0, 0, 0, 0, 1, 4, 191984, , 
191984, , , 32.7, 0, 0, 0, 0, 17, 5, 142178, , 
193108, 1241393206882, 1241394634058, 0, 182, 1, 169, 0, 0, 0, 0, 1, 
196462, , , 45.6, 0, 0, 0, 0, 2, 10, 392944, , 
19945, , , 11.700000000000001, 0, 0, 0, 0, 1, 0, 44987, , 
201458, , , 72.10000000000001, 0, 0, 0, 0, 1, 0, 118417, , 
20260, 1241393127587, 1241393203532, 39.6, 0, 0, 0, 17790, 17, 42, 12, 17, 13
205624, 1241393696118, 1241393877162, 0, 193, 1, 111, 0, 0, 0, 543921, 2, 
208602, , , 21.200000000000003, 0, 0, 0, 0, 1, 7, 351626, , 
208699, , , 93.55000000000001, 0, 0, 0, 0, 4, 8, 36200, , 
208867, 1241393087120, 1241393235317, 0, 0, 0, 0, 0, 0, 0, 111249, 2, 0
209500, , , 14.9, 0, 0, 0, 0, 3, 4, 167153, , 
210210, , , 218.85, 0, 0, 0, 0, 4, 14, 381607, , 
211935, 1241398079534, 1241398453949, 0, 84, 1, 84, 0, 1, 2, 217505, 2, 0
212304, 1241399777214, 1241400126575, 0, 985, 6, 201, 0, 0, 0, 1092321, 4, 0
217283, , , 161.9, 0, 0, 0, 0, 47, 21, 57393, , 
217505, , , 47.4, 0, 0, 0, 0, 4, 5, 3653, , 
220166, 1241400127108, , 0, 0, 0, 0, 0, 0, 0, 0, 1, 0
223864, , , 35.5, 0, 0, 0, 0, 6, 32, 160138, , 
230164, 1241399696615, 1241399717576, 0, 0, 0, 0, 510740, 11, 8, 250837, 18, 2
231158, , , 63.6, 0, 0, 0, 0, 3, 0, 93202, , 
234337, , , 29.4, 0, 0, 0, 0, 5, 5, 97523, , 
237967, , , 32.5, 0, 0, 0, 0, 3, 7, 336228, , 
239111, 1241399620303, 1241400012149, 22.200000000000003, 424, 4, 110, 0, 1, 0, 439277, 3, 0
239981, , , 20.85, 0, 0, 0, 0, 1, 2, 209944, , 
254961, 1241395335756, 1241396077027, 0, 463, 3, 147.66666666666666, 177672, 0, 0, 177672, 4, 0
258951, , , 64.15, 0, 0, 0, 0, 21, 26, 1265, , 
267622, , , 14.700000000000001, 0, 0, 0, 0, 2, 5, 1632, , 
269484, 1241397860729, 1241399711588, 0, 294, 2, 174, 1136883, 1, 0, 166371, 4, 0
283305, , , 530.9, 0, 0, 0, 0, 1, 8, 497122, , 
2843, , , 8.8, 0, 0, 0, 0, 8, 33, 3383, , 
285669, 1241399313924, 1241399472163, 0, 0, 0, 0, 0, 0, 0, 0, 1, 
285842, 1241393729171, 1241393997662, 0, 106, 1, 96, 0, 0, 0, 0, 1, 0
289669, 1241393927905, 1241394018738, 0, 0, 0, 0, 0, 6, 0, 120076, 4, 
296658, , , 66.1, 0, 0, 0, 0, 9, 11, 299646, , 
299087, , , 78, 0, 0, 0, 0, 2, 0, 217505, , 
299646, 1241393253051, 1241393276758, 27.250000000000004, 0, 0, 0, 0, 4, 11, 69257, 6, 1
302907, , , 23.150000000000002, 0, 0, 0, 0, 2, 3, 283855, , 
307471, 1241393568604, 1241394691094, 20.450000000000003, 682, 3, 247.33333333333334, 0, 6, 16, 12, 10, 4
31314, 1241396533991, 1241396965222, 0, 232, 2, 116, 0, 4, 0, 554320, 4, 
317371, , , 3.5500000000000003, 0, 0, 0, 0, 3, 3, 104507, , 
3200, 1241397211165, 1241397438748, 0, 355, 1, 573, 71724, 30, 21, 223864, 13, 2
321365, , , 58.95, 0, 0, 0, 0, 3, 9, 317371, , 
327756, , , 30.3, 0, 0, 0, 0, 1, 4, 336524, , 
328372, 1241397179880, 1241398104579, 0, 331, 3, 104.33333333333333, 0, 1, 1, 48974, 3, 1
328403, 1241396856200, 1241396914854, 0, 0, 0, 0, 0, 0, 0, 227953, 1, 0
332051, 1241398113779, 1241398249109, 0, 0, 0, 0, 308009, 1, 1, 192116, 3, 2
336228, , , 359.5, 0, 0, 0, 0, 9, 18, 307471, , 
3383, , , 4.4, 0, 0, 0, 0, 6, 10, 12791, , 
351430, 1241399863466, , 666.9000000000001, 409, 2, 272.5, 336228, 11, 45, 336228, 13, 2
351598, , , 187.64999999999998, 0, 0, 0, 0, 1, 29, 359624, , 
35568, , , 58.9, 0, 0, 0, 0, 1, 23, 258951, , 
359624, , , 66.5, 0, 0, 0, 0, 3, 5, 201132, , 
36200, , , 16.550000000000004, 0, 0, 0, 0, 2, 5, 93202, , 
36377, 1241399050501, 1241399553935, 16.3, 564, 3, 263.3333333333333, 0, 4, 8, 453809, 10, 3
3653, , , 4.2, 0, 0, 0, 0, 15, 27, 86951, , 
365394, 1241394905700, 1241395899381, 0, 780, 4, 114, 0, 0, 0, 299087, 2, 0
366650, 1241395532637, 1241399533784, 21.1, 4377, 25, 173.28000000000003, 0, 1, 0, 170316, 3, 1
370946, 1241396942196, 1241397038518, 0, 0, 0, 0, 0, 1, 0, 172623, 2, 0
372887, , , 28.200000000000003, 0, 0, 0, 0, 1, 1, 386780, , 
377820, , , 111.60000000000001, 0, 0, 0, 0, 1, 1, 53030, , 
383387, , , 138.3, 0, 0, 0, 0, 6, 56, 0, , 
39030, 1241399548472, , 30.400000000000002, 304, 1, 206, 1155409, 10, 5, 196462, 6, 2
392944, , , 15.200000000000001, 0, 0, 0, 0, 2, 2, 206649, , 
394001, 1241394324478, 1241395495132, 103.70000000000002, 71, 1, 28, 0, 1, 1, 321365, 1, 0
396113, , , 100, 0, 0, 0, 0, 2, 7, 44987, , 
397835, , , 19.700000000000003, 0, 0, 0, 0, 5, 26, 47379, , 
402647, 1241396760585, 1241396779152, 61.7, 3573, 11, 430.27272727272725, 483162, 11, 3, 408501, 11, 6
408501, , , 388.15, 0, 0, 0, 0, 6, 15, 637936, , 
4139, 1241399128778, , 0, 1197, 2, 710, 44987, 21, 23, 713, 17, 3
420341, 1241395586861, 1241395733378, 0, 0, 0, 0, 0, 0, 0, 0, 1, 0
42736, 1241395655976, 1241396911069, 0, 331, 1, 331, 93562, 2, 3, 133482, 4, 1
43386, 1241396840164, 1241397432217, 10.200000000000001, 650, 3, 216.66666666666666, 106210, 4, 2, 130244, 7, 4
439277, , , 53.50000000000001, 0, 0, 0, 0, 7, 1, 208602, , 
445660, , , 23.35, 0, 0, 0, 0, 4, 7, 54812, , 
44987, , , 55.85, 0, 0, 0, 0, 17, 18, 12770, , 
452296, 1241394937846, 1241394942244, 246.7, 0, 0, 0, 0, 8, 5, 103144, 5, 2
453809, , , 64.55000000000001, 0, 0, 0, 0, 1, 4, 372887, , 
462408, 1241393931145, 1241395872029, 0, 654, 3, 310, 121604, 4, 1, 191950, 10, 2
47379, , , 9.850000000000001, 0, 0, 0, 0, 4, 5, 54776, , 
483162, 1241394642068, 1241397241460, 0, 467, 2, 321, 402647, 11, 2, 534632, 11, 8
485709, 1241398763587, 1241399087468, 0, 0, 0, 0, 0, 0, 0, 0, 1, 0
48974, , , 33.10000000000001, 0, 0, 0, 0, 1, 1, 36200, , 
497122, , , 251.75, 0, 0, 0, 0, 14, 7, 82321, , 
503, 1241398569131, , 0, 0, 0, 0, 1531, 5, 3, 12, 10, 2
521561, 1241393372061, 1241393389048, 0, 0, 0, 0, 0, 0, 0, 718536, 1, 
530166, 1241393903784, 1241393955020, 0, 0, 0, 0, 0, 0, 0, 0, 1, 
53030, , , 55.800000000000004, 0, 0, 0, 0, 9, 6, 122907, , 
534632, , , 46.7, 0, 0, 0, 0, 7, 78, 445660, , 
536243, 1241396749074, 1241396808368, 0, 0, 0, 0, 0, 1, 0, 217283, 1, 
538748, , , 18.400000000000002, 0, 0, 0, 0, 1, 5, 53030, , 
541655, , , 148.6, 0, 0, 0, 0, 1, 14, 126451, , 
543921, , , 19.3, 0, 0, 0, 0, 8, 0, 1092321, , 
54776, 1241398600431, 1241399071244, 44.6, 792, 3, 285.3333333333333, 1062, 71, 32, 89757, 15, 3
55022, , , 88.20000000000002, 0, 0, 0, 0, 5, 1, 538748, , 
551, 1241395222944, 1241395856506, 0, 712, 2, 356, 0, 3, 3, 713, 5, 1
554320, , , 23.200000000000003, 0, 0, 0, 0, 9, 6, 296658, , 
555728, 1241398551580, , 58.8, 417, 2, 256, 828191, 16, 5, 1101, 4, 0
560572, 1241398528071, 1241399703332, 0, 545, 4, 127, 0, 1, 0, 296658, 1, 
562060, 1241396110673, 1241396772875, 0, 548, 4, 113, 0, 5, 0, 592692, 4, 
573658, 1241398684182, 1241399002890, 0, 606, 1, 218, 0, 3, 2, 1005670, 4, 1
57393, , , 45.75, 0, 0, 0, 0, 5, 55, 159420, , 
579091, 1241398258925, 1241398475330, 0, 0, 0, 0, 0, 0, 0, 575545, 2, 
58429, 1241393162944, 1241396952146, 22.1, 1093, 9, 120.33333333333333, 0, 7, 5, 10642, 4, 
584961, 1241398426663, 1241398767515, 0, 0, 0, 0, 0, 0, 0, 564162, 1, 
58859, 1241394358338, 1241394922193, 0, 1000, 2, 713, 43017, 7, 4, 396113, 13, 2
592692, 1241396125069, 1241399809197, 54.800000000000004, 5035, 10, 579.6, 836050, 8, 8, 283305, 8, 7
60142, 1241394022719, 1241394163894, 0, 0, 0, 0, 0, 0, 0, 102770, 2, 0
609643, 1241395397078, 1241397372094, 190.00000000000003, 669, 6, 116.66666666666667, 0, 1, 0, 217283, 2, 
618376, , , 23.1, 0, 0, 0, 0, 5, 1, 900329, , 
623906, 1241395484144, 1241396042389, 0, 568, 2, 185, 0, 0, 0, 0, 1, 
63415, 1241396732687, 1241399442039, 15.600000000000001, 2972, 13, 248.76923076923077, 0, 6, 0, 8938, 4, 0
637936, , , 178.64999999999998, 0, 0, 0, 0, 3, 6, 217283, , 
673, 1241394575129, 1241399727421, 0, 683, 5, 119.8, 0, 0, 0, 0, 1, 
68793, 1241397168177, 1241397499200, 0, 721, 1, 716, 181652, 0, 0, 201458, 4, 0
70997, 1241394237837, 1241394415318, 0, 197, 1, 244, 1010692, 26, 29, 397835, 11, 2
713, 1241399646616, , 471.40000000000003, 1197, 2, 487, 1265, 10, 65, 12, 18, 6
77, 1241398616173, 1241398906596, 0, 887, 2, 737, 171151, 11, 2, 12770, 14, 2
797824, , , 45.10000000000001, 0, 0, 0, 0, 15, 4, 82321, , 
82056, 1241393334056, 1241393962826, 0, 617, 3, 115.33333333333333, 0, 0, 0, 402647, 1, 
82321, , , 22.550000000000004, 0, 0, 0, 0, 6, 35, 57717, , 
82995, 1241393770327, 1241394377623, 0, 197, 1, 154, 0, 0, 0, 1062853, 1, 
836050, 1241396038366, 1241398951496, 823.4500000000002, 5035, 10, 493.3, 592692, 11, 1, 113237, 7, 2
8401, 1241399521403, , 0, 258, 2, 129, 0, 0, 0, 0, 1, 0
85462, 1241394020218, 1241394280944, 0, 149, 1, 149, 0, 2, 3, 209500, 4, 0
862232, 1241394834543, 1241394848488, 0, 0, 0, 0, 0, 0, 0, 0, 1, 
865090, 1241394723096, 1241397312112, 102.80000000000001, 368, 3, 138.66666666666666, 0, 1, 0, 55022, 3, 
87714, 1241395914529, 1241398425781, 59.400000000000006, 6372, 13, 490.7692307692308, 0, 9, 3, 351430, 9, 6
885698, 1241396855907, 1241399840313, 0, 3687, 10, 349.2, 891151, 0, 0, 836050, 4, 
88925, 1241394119624, 1241394133881, 0, 0, 0, 0, 0, 0, 0, 139168, 2, 
893561, 1241398821488, 1241398850910, 0, 64, 1, 64, 0, 0, 0, 0, 1, 
8938, , , 305.00000000000006, 0, 0, 0, 0, 14, 6, 541655, , 
89757, , , 101.5, 0, 0, 0, 0, 3, 74, 20260, , 
900329, , , 11.55, 0, 0, 0, 0, 23, 5, 70557, , 
90041, 1241397755813, 1241398512157, 48.300000000000004, 400, 2, 286, 175933, 6, 8, 258951, 11, 12
90965, 1241395301339, 1241395477267, 0, 0, 0, 0, 0, 0, 0, 76196, 1, 
916261, 1241393328678, 1241393902503, 0, 231, 2, 146.5, 0, 1, 0, 618376, 2, 
92300, , , 43.6, 0, 0, 0, 0, 1, 5, 185650, , 
93202, , , 31.8, 0, 0, 0, 0, 4, 7, 187565, , 
932160, 1241397497466, 1241397612220, 0, 0, 0, 0, 0, 0, 0, 0, 1, 
938403, 1241397438926, 1241397792218, 0, 0, 0, 0, 0, 0, 0, 0, 1, 
982742, 1241395835989, 1241395957371, 0, 0, 0, 0, 0, 0, 0, 0, 1, 
<<<<EndTable

PlayersOnlineNow=22
PlayersOnlineEachMinute=0, 7, 11, 15, 14, 15, 16, 18, 19, 20, 22, 24, 23, 26, 27, 26, 24, 24, 24, 26, 22, 22, 24, 25, 23, 24, 24, 25, 25, 25, 25, 25, 25, 24, 21, 22, 21, 23, 22, 23, 25, 24, 23, 26, 28, 28, 27, 28, 25, 25, 23, 23, 26, 26, 26, 26, 27, 27, 28, 27, 28, 28, 29, 32, 28, 29, 27, 27, 28, 29, 32, 32, 31, 29, 28, 27, 27, 26, 26, 27, 29, 30, 26, 28, 27, 27, 28, 28, 28, 29, 26, 24, 21, 24, 26, 27, 25, 26, 26, 26, 24, 27, 24, 25, 25, 25, 25, 25, 24, 24, 24, 26, 24, 26, 24, 25, 26, 25, 24, 22
PlayersInEachFeedingGame=2, 2, 1, 1, 1, 2, 1, 2, 2, 2, 2, 2, 1, 1, 2, 1, 2, 1, 2, 1, 2, 1, 1, 2, 2, 1, 2, 2, 2, 1, 2, 2, 2, 1, 2, 2, 2, 2, 2, 2, 1, 2, 2, 1, 2, 2, 1, 2, 2, 1, 2, 2, 2, 2, 1, 2, 2, 2, 1, 2, 2, 2, 2, 2, 2, 2, 2, 2, 2, 1, 2, 1, 2, 2, 1, 2, 2, 1, 2, 2, 1, 1, 1, 2, 1, 3, 2, 2, 1, 2, 1, 2, 2, 1, 2, 1, 2, 1, 3, 1, 1, 2, 1, 1, 1, 2, 1, 2, 4, 2, 2, 2, 2, 2, 1, 1, 1, 1, 2, 1, 3, 1, 2, 2, 2, 1, 1, 1, 1, 1, 2, 1, 2, 1, 1, 1, 2, 2, 4, 2, 1, 1, 1, 1, 2, 1, 3, 2, 1, 1, 3, 1, 2, 2, 2, 2, 1, 2, 2, 1, 1, 2, 2, 2, 2, 2, 2, 1, 1, 1, 2, 2, 2, 1, 1, 1, 1, 1, 1, 1, 1, 1, 1, 2, 2, 1, 1, 2, 2, 1, 2, 2, 2, 2, 1
PlayersStarted=235
PlayersQuit=213
StatsStartTime=1241393006624
StatsDumpTime=1241400207144
<<<<EndStats
2009-05-03 18:23:48,079 ERROR: vampire.server.feeding.FeedingRecord sendPlayerStartGameMsg [playerId=10850, prey=false, _predatorIndex=1090611,1148097]
2009-05-03 18:23:49,893 ERROR: vampire.server.feeding.FeedingRecord sendPlayerStartGameMsg [playerId=1160652, prey=false, _predatorIndex=]
2009-05-03 18:24:45,723 ERROR: vampire.server.feeding.FeedingRecord sendPlayerStartGameMsg [playerId=39030, prey=true, _predatorIndex=]
2009-05-03 18:24:45,724 ERROR: vampire.server.feeding.FeedingRecord sendPlayerStartGameMsg [playerId=1203117, prey=false, _predatorIndex=]
2009-05-03 18:25:16,688 ERROR: vampire.server.feeding.FeedingRecord sendPlayerStartGameMsg [playerId=220166, prey=false, _predatorIndex=]
2009-05-03 18:25:48,340 ERROR: vampire.server.feeding.FeedingRecord sendPlayerStartGameMsg [playerId=1077614, prey=false, _predatorIndex=1199666]
2009-05-03 18:26:13,419 ERROR: vampire.server.feeding.FeedingRecord sendPlayerStartGameMsg [playerId=33541, prey=false, _predatorIndex=713]
2009-05-03 18:27:10,553 ERROR: vampire.server.feeding.FeedingRecord sendPlayerStartGameMsg [playerId=1077614, prey=false, _predatorIndex=1199666,1077614]
2009-05-03 18:27:30,106 ERROR: vampire.server.feeding.FeedingRecord sendPlayerStartGameMsg [playerId=10850, prey=false, _predatorIndex=1199666,1077614]
2009-05-03 18:27:31,828 ERROR: vampire.server.feeding.FeedingRecord sendPlayerStartGameMsg [playerId=33541, prey=true, _predatorIndex=]
2009-05-03 18:27:31,828 ERROR: vampire.server.feeding.FeedingRecord sendPlayerStartGameMsg [playerId=713, prey=false, _predatorIndex=]
2009-05-03 18:27:42,520 ERROR: vampire.server.feeding.FeedingRecord sendPlayerStartGameMsg [playerId=39030, prey=true, _predatorIndex=]
2009-05-03 18:27:42,521 ERROR: vampire.server.feeding.FeedingRecord sendPlayerStartGameMsg [playerId=10850, prey=false, _predatorIndex=]
2009-05-03 18:27:47,648 ERROR: vampire.server.feeding.FeedingRecord sendPlayerStartGameMsg [playerId=1203117, prey=false, _predatorIndex=10850]
2009-05-03 18:29:30,502 ERROR: vampire.server.feeding.FeedingRecord sendPlayerStartGameMsg [playerId=1199666, prey=false, _predatorIndex=]
2009-05-03 18:29:35,271 ERROR: vampire.server.feeding.FeedingRecord sendPlayerStartGameMsg [playerId=3200, prey=true, _predatorIndex=]
2009-05-03 18:29:35,272 ERROR: vampire.server.feeding.FeedingRecord sendPlayerStartGameMsg [playerId=242272, prey=false, _predatorIndex=]
2009-05-03 18:29:44,456 ERROR: vampire.server.feeding.FeedingRecord sendPlayerStartGameMsg [playerId=57871, prey=false, _predatorIndex=]
2009-05-03 18:29:50,495 ERROR: vampire.server.feeding.FeedingRecord sendPlayerStartGameMsg [playerId=1090611, prey=false, _predatorIndex=]
2009-05-03 18:30:02,071 ERROR: vampire.server.feeding.FeedingRecord sendPlayerStartGameMsg [playerId=1160652, prey=false, _predatorIndex=]
2009-05-03 18:30:06,408 ERROR: vampire.server.feeding.FeedingRecord sendPlayerStartGameMsg [playerId=1211623, prey=false, _predatorIndex=242272]
2009-05-03 18:30:08,287 ERROR: vampire.server.feeding.FeedingRecord sendPlayerStartGameMsg [playerId=1148097, prey=false, _predatorIndex=10850,1203117]
2009-05-03 18:30:11,113 ERROR: vampire.server.feeding.FeedingRecord sendPlayerStartGameMsg [playerId=1032847, prey=false, _predatorIndex=242272,1211623]
2009-05-03 18:31:50,578 ERROR: vampire.server.feeding.FeedingRecord sendPlayerStartGameMsg [playerId=1112884, prey=true, _predatorIndex=]
2009-05-03 18:31:50,578 ERROR: vampire.server.feeding.FeedingRecord sendPlayerStartGameMsg [playerId=1148755, prey=false, _predatorIndex=]
2009-05-03 18:32:09,366 ERROR: vampire.server.feeding.FeedingRecord sendPlayerStartGameMsg [playerId=1086242, prey=true, _predatorIndex=]
2009-05-03 18:32:09,367 ERROR: vampire.server.feeding.FeedingRecord sendPlayerStartGameMsg [playerId=1203117, prey=false, _predatorIndex=]
2009-05-03 18:33:15,006 ERROR: vampire.server.feeding.FeedingRecord sendPlayerStartGameMsg [playerId=1207233, prey=false, _predatorIndex=]
2009-05-03 18:33:22,092 ERROR: vampire.server.feeding.FeedingRecord sendPlayerStartGameMsg [playerId=57871, prey=true, _predatorIndex=]
2009-05-03 18:33:22,093 ERROR: vampire.server.feeding.FeedingRecord sendPlayerStartGameMsg [playerId=1160652, prey=false, _predatorIndex=]

>>>>BeginStats

>>>>BeginTable
PlayerId, StartTime, EndTime, ProgenyPayout, XPFromFeeding, FeedingGames, MeanFeedingScore, BloodBond, Progeny, GrandProgeny, Sire, Level, Invites
1005670, , , 60.6, 0, 0, 0, 0, 4, 3, 327756, , 
1009928, 1241393533076, 1241393773162, 0, 0, 0, 0, 0, 0, 0, 1062853, 1, 
1010692, , , 34.7, 0, 0, 0, 0, 14, 13, 70997, , 
101152, 1241400780641, 1241400792015, 0, 0, 0, 0, 66689, 5, 0, 152289, 5, 5
1012813, , , 44.900000000000006, 0, 0, 0, 0, 6, 16, 54776, , 
1021278, , , 99.4, 0, 0, 0, 0, 2, 1, 452296, , 
10260, 1241393172343, , 0, 0, 0, 0, 1101, 7, 8, 713, 13, 2
1030387, 1241395809809, 1241395873608, 0, 0, 0, 0, 0, 0, 0, 0, 1, 
1030890, 1241395899227, 1241395904025, 0, 0, 0, 0, 0, 0, 0, 0, 1, 
103144, , , 68.7, 0, 0, 0, 0, 5, 15, 116005, , 
1032648, , , 83.5, 0, 0, 0, 0, 4, 0, 234337, , 
1032847, 1241400088836, , 0, 347, 3, 115.66666666666667, 0, 0, 0, 1010692, 2, 0
104515, 1241393990579, 1241394153489, 0, 166, 1, 166, 0, 0, 0, 112194, 3, 0
1047840, 1241396721858, 1241398438163, 0, 0, 0, 0, 0, 1, 0, 408501, 4, 
1052847, 1241397773557, 1241397898493, 0, 0, 0, 0, 0, 0, 0, 0, 1, 
105859, 1241396309033, 1241396802065, 0, 636, 3, 234.66666666666666, 0, 0, 0, 231158, 4, 0
1060123, 1241394371959, 1241394390093, 0, 0, 0, 0, 0, 0, 0, 153097, 1, 
1062, , , 59.75, 0, 0, 0, 0, 9, 7, 713, , 
1062853, , , 19.700000000000003, 0, 0, 0, 0, 8, 6, 1124214, , 
10634, 1241393258500, 1241394601403, 0, 2626, 8, 315.125, 0, 2, 0, 713, 4, 2
10642, 1241394026157, 1241395032118, 372.1000000000001, 1330, 2, 591, 447249, 29, 46, 351598, 15, 2
107454, 1241398544973, 1241398545163, 0, 0, 0, 0, 0, 0, 0, 0, 1, 0
1077614, 1241400292337, 1241400777383, 229.10000000000005, 4123, 15, 292.6666666666667, 0, 1, 0, 836050, 3, 
10850, 1241399914483, , 0, 2607, 14, 147.14285714285714, 0, 0, 0, 1077614, 3, 0
1086242, 1241397131763, , 0, 2850, 16, 186.8125, 0, 0, 0, 39030, 2, 0
1088402, 1241396956713, 1241397291800, 0, 102, 1, 98, 0, 0, 0, 43386, 3, 
1090131, 1241398316217, 1241399643387, 0, 739, 4, 135.25, 0, 0, 0, 555728, 1, 
1090442, 1241399107830, 1241399674691, 0, 451, 4, 109.75, 0, 3, 5, 797824, 4, 
1090611, 1241398692261, , 0, 835, 9, 95.11111111111111, 0, 0, 0, 1032648, 2, 0
1092321, , , 137.1, 0, 0, 0, 0, 23, 19, 35568, , 
1101, , , 71.10000000000001, 0, 0, 0, 0, 2, 17, 239981, , 
110740, 1241398694482, 1241398749485, 0, 0, 0, 0, 0, 0, 0, 0, 1, 
1112884, 1241399223958, , 0, 193, 1, 125, 0, 0, 0, 1148755, 1, 0
112194, , , 16.6, 0, 0, 0, 0, 3, 3, 128693, , 
1124214, , , 9.850000000000001, 0, 0, 0, 0, 5, 8, 1122449, , 
113237, , , 894.0000000000003, 0, 0, 0, 0, 9, 11, 10642, , 
1140343, 1241397754610, 1241397780445, 0, 0, 0, 0, 0, 0, 0, 0, 1, 
1148097, 1241400168093, 1241400707741, 0, 1123, 3, 214.66666666666666, 0, 0, 0, 171151, 4, 
1148098, 1241397631648, 1241398571839, 0, 994, 4, 282.5, 0, 1, 0, 1021278, 3, 
1148755, 1241399175783, , 19.3, 193, 1, 260, 0, 9, 1, 1092321, 4, 2
1152211, 1241397130450, 1241398736391, 119.20000000000002, 1374, 7, 180.85714285714286, 0, 1, 0, 452296, 3, 
1157419, 1241397239785, 1241397261785, 0, 0, 0, 0, 0, 0, 0, 0, 1, 
1158803, 1241396397003, 1241396832160, 0, 107, 1, 58, 0, 0, 0, 58429, 1, 
1160652, 1241400207201, , 0, 363, 3, 121, 0, 0, 0, 0, 1, 0
1161678, 1241396486828, 1241397129602, 0, 255, 2, 97, 0, 0, 0, 63415, 1, 
1164789, 1241399960291, , 0, 74, 1, 60, 0, 0, 0, 0, 1, 0
1167604, 1241397693226, 1241398368849, 0, 701, 2, 502.5, 1113365, 0, 0, 0, 3, 
1168300, 1241394591085, 1241396361562, 0, 594, 5, 104, 0, 0, 0, 87714, 2, 
1173891, 1241393467749, 1241393925726, 0, 0, 0, 0, 0, 0, 0, 1044730, 1, 
1174455, 1241395633456, 1241396012868, 0, 0, 0, 0, 0, 0, 0, 70997, 3, 
1178576, 1241397094980, 1241398512155, 0, 1088, 4, 145.75, 0, 0, 0, 0, 2, 
1179627, 1241393629940, 1241395247575, 0, 1002, 6, 123.33333333333333, 0, 0, 0, 16514, 2, 
118417, , , 36.050000000000004, 0, 0, 0, 0, 4, 3, 12, , 
1186168, 1241394434743, 1241394622728, 0, 0, 0, 0, 0, 0, 0, 0, 1, 
1192337, , , 89.80000000000001, 0, 0, 0, 0, 12, 3, 1012813, , 
1193655, 1241396013219, 1241396463056, 0, 114, 1, 113, 0, 0, 0, 58429, 1, 
1199648, 1241396563108, 1241397877236, 0, 1037, 3, 156.33333333333334, 0, 1, 0, 394001, 3, 1
1199666, 1241399829027, , 0, 2871, 21, 126.85714285714286, 0, 0, 0, 609643, 3, 0
12, , , 634.5500000000001, 0, 0, 0, 0, 20, 123, 383387, , 
1200811, 1241397148185, 1241397631956, 0, 351, 2, 189, 0, 0, 0, 0, 1, 
1202977, 1241393809571, 1241394475136, 0, 446, 3, 137.66666666666666, 0, 0, 0, 54776, 1, 
1203117, 1241399257636, , 88, 2333, 18, 141.72222222222223, 1215840, 2, 0, 152578, 3, 1
1206462, 1241393037008, 1241393532189, 0, 322, 2, 137.5, 0, 0, 0, 0, 1, 
1207233, 1241399450382, , 0, 222, 2, 103.5, 0, 0, 0, 239111, 1, 0
1211623, 1241400567771, , 0, 0, 0, 0, 0, 0, 0, 0, 1, 0
1213901, 1241394692509, 1241394697001, 0, 0, 0, 0, 0, 0, 0, 0, 1, 
1214279, 1241397058252, 1241398685434, 0, 1374, 7, 211.28571428571428, 0, 0, 0, 1152211, 2, 
1215840, 1241395214439, 1241397374020, 0, 880, 9, 92.88888888888889, 1203117, 0, 0, 1203117, 1, 
1217870, 1241395406099, 1241399840657, 0, 273, 3, 109.33333333333333, 0, 0, 0, 0, 1, 
1218013, 1241393617427, 1241394250384, 0, 82, 1, 24, 0, 0, 0, 0, 1, 
1218245, 1241393907961, 1241393915016, 0, 0, 0, 0, 0, 0, 0, 0, 1, 
1219229, 1241399778476, 1241399806531, 0, 0, 0, 0, 0, 0, 0, 0, 1, 
1220243, 1241397208539, 1241397924322, 0, 196, 2, 98, 0, 0, 0, 0, 1, 
1222705, 1241396660135, 1241396892162, 0, 253, 2, 132, 0, 0, 0, 0, 1, 
1223725, 1241399707144, 1241399891768, 0, 0, 0, 0, 0, 0, 0, 0, 1, 
1224022, 1241398311647, 1241398316076, 0, 0, 0, 0, 0, 0, 0, 0, 1, 
1224206, 1241399678172, 1241400000533, 0, 166, 1, 166, 0, 0, 0, 0, 1, 
125218, 1241394620394, 1241394933814, 0, 0, 0, 0, 0, 0, 0, 0, 1, 
1265, 1241396674692, 1241396691514, 20, 0, 0, 0, 713, 14, 32, 12, 16, 3
12770, , , 88.7, 0, 0, 0, 0, 23, 76, 383387, , 
12791, 1241398567742, 1241398683239, 0, 0, 0, 0, 0, 13, 22, 12, 12, 2
127958, 1241399022718, 1241399316079, 0, 211, 1, 171, 0, 0, 0, 366650, 1, 
128693, , , 8.3, 0, 0, 0, 0, 2, 4, 179386, , 
130244, , , 70.10000000000001, 0, 0, 0, 0, 3, 10, 237967, , 
130457, 1241399837080, 1241400141172, 0, 0, 0, 0, 0, 1, 0, 341164, 3, 0
133482, 1241397130738, 1241397254106, 33.1, 0, 0, 0, 0, 5, 12, 180951, 5, 5
139961, 1241398020201, 1241398469813, 0, 117, 1, 84, 0, 0, 0, 19945, 1, 0
145609, 1241393173412, 1241394368630, 0, 436, 3, 165, 369307, 5, 4, 92300, 4, 0
150469, 1241400636008, , 0, 123, 1, 129, 0, 3, 8, 57393, 4, 0
152578, , , 277.3, 0, 0, 0, 0, 3, 4, 208699, , 
153097, 1241396434429, 1241396715079, 0, 0, 0, 0, 0, 6, 0, 1062853, 3, 6
154004, 1241399974524, 1241400071249, 0, 483, 1, 804, 561706, 8, 5, 90041, 4, 0
15469, 1241393387565, 1241394019352, 0, 0, 0, 0, 10490, 1, 0, 1892, 4, 1
157929, 1241394463128, 1241394852127, 0, 136, 1, 140, 0, 0, 0, 0, 1, 
159420, , , 6.15, 0, 0, 0, 0, 1, 5, 206649, , 
160138, , , 35.85, 0, 0, 0, 0, 7, 11, 150469, , 
161001, 1241395577113, , 0, 1116, 8, 137, 0, 1, 1, 377820, 4, 5
161447, 1241397805742, 1241398032220, 0, 0, 0, 0, 0, 0, 0, 132921, 2, 
16514, 1241394155179, 1241395115338, 47.9, 358, 2, 223.5, 44929, 5, 8, 1062, 4, 0
166371, , , 29.400000000000002, 0, 0, 0, 0, 4, 7, 267622, , 
167153, , , 7.45, 0, 0, 0, 0, 8, 19, 12, , 
169491, 1241397969995, 1241399994678, 0, 163, 2, 120, 0, 0, 0, 36377, 3, 0
169726, 1241395052607, 1241396006777, 0, 898, 3, 216, 0, 0, 0, 1192337, 2, 
170316, , , 448.25, 0, 0, 0, 0, 4, 3, 210210, , 
171151, , , 112.30000000000001, 0, 0, 0, 0, 35, 0, 21067, , 
171543, 1241394933812, 1241394937374, 0, 0, 0, 0, 0, 0, 0, 172419, 1, 
174561, 1241400009332, 1241400132151, 0, 0, 0, 0, 0, 0, 0, 173461, 3, 0
175754, 1241393087117, 1241398152171, 0, 1028, 4, 257, 0, 0, 0, 865090, 3, 
177672, , , 46.300000000000004, 0, 0, 0, 0, 1, 0, 302907, , 
17790, 1241393083984, 1241393362783, 0, 0, 0, 0, 20260, 12, 11, 20260, 14, 3
180951, , , 16.55, 0, 0, 0, 0, 2, 7, 153510, , 
181512, 1241393848718, 1241393856825, 0, 0, 0, 0, 0, 0, 0, 179509, 1, 
182587, 1241393377206, 1241393416720, 0, 0, 0, 0, 0, 0, 0, 0, 1, 
182851, 1241398930363, 1241399112107, 0, 0, 0, 0, 0, 1, 0, 169321, 4, 0
185650, , , 21.8, 0, 0, 0, 0, 2, 1, 185697, , 
186457, 1241395658765, 1241395665177, 0, 0, 0, 0, 0, 0, 0, 0, 1, 0
187169, 1241394877505, 1241395009254, 0, 0, 0, 0, 0, 1, 0, 110178, 1, 1
187381, 1241399639962, , 0, 88, 1, 89, 211710, 7, 4, 2843, 8, 1
188139, 1241394978504, 1241395465770, 0, 0, 0, 0, 0, 0, 0, 0, 1, 0
1892, 1241395542554, 1241395687760, 0, 0, 0, 0, 33511, 20, 6, 995, 11, 2
191950, , , 65.4, 0, 0, 0, 0, 1, 4, 191984, , 
191984, , , 32.7, 0, 0, 0, 0, 17, 5, 142178, , 
193108, 1241393206882, 1241394634058, 0, 182, 1, 169, 0, 0, 0, 0, 1, 
196462, , , 143.55, 0, 0, 0, 0, 2, 10, 392944, , 
19945, , , 11.700000000000001, 0, 0, 0, 0, 1, 0, 44987, , 
201458, , , 72.10000000000001, 0, 0, 0, 0, 1, 0, 118417, , 
20260, 1241393127587, 1241393203532, 39.6, 0, 0, 0, 17790, 17, 42, 12, 17, 13
205624, 1241393696118, 1241393877162, 0, 193, 1, 111, 0, 0, 0, 543921, 2, 
208602, , , 21.200000000000003, 0, 0, 0, 0, 1, 7, 351626, , 
208699, , , 116.65000000000002, 0, 0, 0, 0, 4, 8, 36200, , 
208867, 1241393087120, 1241393235317, 0, 0, 0, 0, 0, 0, 0, 111249, 2, 0
209500, , , 14.9, 0, 0, 0, 0, 3, 4, 167153, , 
210210, , , 218.85, 0, 0, 0, 0, 4, 14, 381607, , 
21067, , , 56.150000000000006, 0, 0, 0, 0, 2, 38, 302907, , 
211935, 1241398079534, 1241398453949, 0, 84, 1, 84, 0, 1, 2, 217505, 2, 0
212304, 1241399777214, 1241400126575, 0, 985, 6, 201, 0, 0, 0, 1092321, 4, 0
217283, , , 187.65, 0, 0, 0, 0, 47, 21, 57393, , 
217505, , , 47.4, 0, 0, 0, 0, 4, 5, 3653, , 
220166, 1241400127108, 1241400539963, 0, 83, 1, 83, 0, 0, 0, 0, 1, 
223864, , , 89.80000000000001, 0, 0, 0, 0, 6, 33, 160138, , 
230164, 1241399696615, 1241399717576, 0, 0, 0, 0, 510740, 11, 8, 250837, 18, 2
231158, , , 63.6, 0, 0, 0, 0, 3, 0, 93202, , 
234337, , , 41.75, 0, 0, 0, 0, 5, 5, 97523, , 
237967, , , 32.5, 0, 0, 0, 0, 3, 7, 336228, , 
239111, 1241399620303, 1241400012149, 22.200000000000003, 424, 4, 110, 0, 1, 0, 439277, 3, 0
239981, , , 20.85, 0, 0, 0, 0, 1, 2, 209944, , 
242272, 1241400446539, , 0, 362, 1, 146, 0, 0, 0, 3200, 1, 0
254961, 1241395335756, 1241396077027, 0, 463, 3, 147.66666666666666, 177672, 0, 0, 177672, 4, 0
258951, , , 64.15, 0, 0, 0, 0, 21, 26, 1265, , 
267622, , , 14.700000000000001, 0, 0, 0, 0, 2, 5, 1632, , 
269484, 1241397860729, 1241399711588, 0, 294, 2, 174, 1136883, 1, 0, 166371, 4, 0
283305, , , 530.9, 0, 0, 0, 0, 1, 8, 497122, , 
2843, , , 8.8, 0, 0, 0, 0, 8, 33, 3383, , 
285669, 1241399313924, 1241399472163, 0, 0, 0, 0, 0, 0, 0, 0, 1, 
285842, 1241393729171, 1241393997662, 0, 106, 1, 96, 0, 0, 0, 0, 1, 0
289669, 1241393927905, 1241394018738, 0, 0, 0, 0, 0, 6, 0, 120076, 4, 
296658, , , 66.1, 0, 0, 0, 0, 9, 11, 299646, , 
299087, , , 78, 0, 0, 0, 0, 2, 0, 217505, , 
299646, 1241393253051, 1241393276758, 27.250000000000004, 0, 0, 0, 0, 4, 11, 69257, 6, 1
302907, , , 23.150000000000002, 0, 0, 0, 0, 2, 3, 283855, , 
307471, 1241393568604, 1241394691094, 76.6, 682, 3, 247.33333333333334, 0, 6, 16, 12, 10, 4
31314, 1241396533991, 1241396965222, 0, 232, 2, 116, 0, 4, 0, 554320, 4, 
317371, , , 3.5500000000000003, 0, 0, 0, 0, 3, 3, 104507, , 
3200, 1241400458772, , 36.2, 717, 2, 575.5, 71724, 31, 21, 223864, 13, 2
321365, , , 58.95, 0, 0, 0, 0, 3, 9, 317371, , 
327756, , , 30.3, 0, 0, 0, 0, 1, 4, 336524, , 
328372, 1241397179880, 1241398104579, 0, 331, 3, 104.33333333333333, 0, 1, 1, 48974, 3, 1
328403, 1241396856200, 1241396914854, 0, 0, 0, 0, 0, 0, 0, 227953, 1, 0
332051, 1241398113779, 1241398249109, 0, 0, 0, 0, 308009, 1, 1, 192116, 3, 2
33541, 1241400367168, , 0, 351, 1, 360, 0, 1, 2, 12, 8, 1
336228, , , 471.8, 0, 0, 0, 0, 9, 18, 307471, , 
3383, , , 4.4, 0, 0, 0, 0, 6, 10, 12791, , 
351430, 1241399863466, 1241400801248, 666.9000000000001, 1532, 5, 428.8, 336228, 11, 45, 336228, 13, 2
351598, , , 187.64999999999998, 0, 0, 0, 0, 1, 29, 359624, , 
35568, , , 58.9, 0, 0, 0, 0, 1, 23, 258951, , 
359624, , , 66.5, 0, 0, 0, 0, 3, 5, 201132, , 
36200, , , 16.550000000000004, 0, 0, 0, 0, 2, 5, 93202, , 
36377, 1241399050501, 1241399553935, 16.3, 564, 3, 263.3333333333333, 0, 4, 8, 453809, 10, 3
3653, , , 4.2, 0, 0, 0, 0, 15, 27, 86951, , 
365394, 1241394905700, 1241395899381, 0, 780, 4, 114, 0, 0, 0, 299087, 2, 0
366650, 1241395532637, 1241399533784, 21.1, 4377, 25, 173.28000000000003, 0, 1, 0, 170316, 3, 1
370946, 1241396942196, 1241397038518, 0, 0, 0, 0, 0, 1, 0, 172623, 2, 0
372887, , , 28.200000000000003, 0, 0, 0, 0, 1, 1, 386780, , 
377820, , , 111.60000000000001, 0, 0, 0, 0, 1, 1, 53030, , 
383387, , , 223.30000000000004, 0, 0, 0, 0, 6, 56, 0, , 
39030, 1241399548472, , 112.30000000000001, 874, 4, 182.25, 1155409, 10, 5, 196462, 6, 2
392944, , , 43.7, 0, 0, 0, 0, 2, 2, 206649, , 
394001, 1241394324478, 1241395495132, 103.70000000000002, 71, 1, 28, 0, 1, 1, 321365, 1, 0
396113, , , 100, 0, 0, 0, 0, 2, 7, 44987, , 
397835, , , 19.700000000000003, 0, 0, 0, 0, 5, 26, 47379, , 
402647, 1241396760585, 1241396779152, 61.7, 3573, 11, 430.27272727272725, 483162, 11, 3, 408501, 11, 6
408501, , , 388.15, 0, 0, 0, 0, 6, 15, 637936, , 
4139, 1241399128778, , 0, 2195, 4, 702.25, 44987, 21, 23, 713, 17, 3
420341, 1241395586861, 1241395733378, 0, 0, 0, 0, 0, 0, 0, 0, 1, 0
42182, 1241400359255, 1241400391408, 0, 0, 0, 0, 0, 0, 0, 194112, 2, 0
42736, 1241395655976, 1241396911069, 0, 331, 1, 331, 93562, 2, 3, 133482, 4, 1
43386, 1241396840164, 1241397432217, 10.200000000000001, 650, 3, 216.66666666666666, 106210, 4, 2, 130244, 7, 4
439277, , , 53.50000000000001, 0, 0, 0, 0, 7, 1, 208602, , 
445660, , , 23.35, 0, 0, 0, 0, 4, 7, 54812, , 
44987, , , 55.85, 0, 0, 0, 0, 17, 18, 12770, , 
452296, 1241400520872, , 246.7, 0, 0, 0, 0, 8, 5, 103144, 5, 2
453809, , , 64.55000000000001, 0, 0, 0, 0, 1, 4, 372887, , 
461591, 1241400526443, 1241400529427, 0, 0, 0, 0, 0, 1, 1, 119892, 3, 2
462408, 1241393931145, 1241395872029, 0, 654, 3, 310, 121604, 4, 1, 191950, 10, 2
47379, , , 9.850000000000001, 0, 0, 0, 0, 4, 5, 54776, , 
479642, 1241400751233, 1241400760833, 0, 0, 0, 0, 145896, 0, 0, 261567, 4, 0
483162, 1241394642068, 1241397241460, 0, 467, 2, 321, 402647, 11, 2, 534632, 11, 8
485709, 1241398763587, 1241399087468, 0, 0, 0, 0, 0, 0, 0, 0, 1, 0
48974, , , 33.10000000000001, 0, 0, 0, 0, 1, 1, 36200, , 
497122, , , 251.75, 0, 0, 0, 0, 14, 7, 82321, , 
503, 1241398569131, , 0, 0, 0, 0, 1531, 5, 3, 12, 10, 2
505559, 1241400504987, 1241400515994, 0, 0, 0, 0, 0, 0, 0, 0, 1, 
521561, 1241393372061, 1241393389048, 0, 0, 0, 0, 0, 0, 0, 718536, 1, 
530166, 1241393903784, 1241393955020, 0, 0, 0, 0, 0, 0, 0, 0, 1, 
53030, , , 55.800000000000004, 0, 0, 0, 0, 9, 6, 122907, , 
534632, , , 46.7, 0, 0, 0, 0, 7, 78, 445660, , 
536243, 1241396749074, 1241396808368, 0, 0, 0, 0, 0, 1, 0, 217283, 1, 
538748, , , 18.400000000000002, 0, 0, 0, 0, 1, 5, 53030, , 
541655, , , 148.6, 0, 0, 0, 0, 1, 14, 126451, , 
543921, , , 19.3, 0, 0, 0, 0, 8, 0, 1092321, , 
54776, 1241398600431, 1241399071244, 44.6, 792, 3, 285.3333333333333, 1062, 71, 32, 89757, 15, 3
55022, , , 88.20000000000002, 0, 0, 0, 0, 5, 1, 538748, , 
551, 1241395222944, 1241395856506, 0, 712, 2, 356, 0, 3, 3, 713, 5, 1
554320, , , 23.200000000000003, 0, 0, 0, 0, 9, 6, 296658, , 
555728, 1241398551580, , 58.8, 417, 2, 256, 828191, 16, 5, 1101, 4, 0
560572, 1241398528071, 1241399703332, 0, 545, 4, 127, 0, 1, 0, 296658, 1, 
562060, 1241396110673, 1241396772875, 0, 548, 4, 113, 0, 5, 0, 592692, 4, 
573658, 1241398684182, 1241399002890, 0, 606, 1, 218, 0, 3, 2, 1005670, 4, 1
57393, , , 45.75, 0, 0, 0, 0, 5, 55, 159420, , 
57871, 1241400292607, , 0, 225, 1, 225, 0, 0, 0, 0, 4, 0
579091, 1241398258925, 1241398475330, 0, 0, 0, 0, 0, 0, 0, 575545, 2, 
58429, 1241393162944, 1241396952146, 22.1, 1093, 9, 120.33333333333333, 0, 7, 5, 10642, 4, 
584961, 1241398426663, 1241398767515, 0, 0, 0, 0, 0, 0, 0, 564162, 1, 
58859, 1241394358338, 1241394922193, 0, 1000, 2, 713, 43017, 7, 4, 396113, 13, 2
592692, 1241396125069, 1241399809197, 54.800000000000004, 5035, 10, 579.6, 836050, 8, 8, 283305, 8, 7
60142, 1241394022719, 1241394163894, 0, 0, 0, 0, 0, 0, 0, 102770, 2, 0
609643, 1241395397078, 1241397372094, 241.50000000000003, 669, 6, 116.66666666666667, 0, 1, 0, 217283, 2, 
618376, , , 23.1, 0, 0, 0, 0, 5, 1, 900329, , 
623906, 1241395484144, 1241396042389, 0, 568, 2, 185, 0, 0, 0, 0, 1, 
63415, 1241396732687, 1241399442039, 15.600000000000001, 2972, 13, 248.76923076923077, 0, 6, 0, 8938, 4, 0
637936, , , 178.64999999999998, 0, 0, 0, 0, 3, 6, 217283, , 
673, 1241394575129, 1241399727421, 0, 683, 5, 119.8, 0, 0, 0, 0, 1, 
68793, 1241397168177, 1241397499200, 0, 721, 1, 716, 181652, 0, 0, 201458, 4, 0
70997, 1241394237837, 1241394415318, 17.35, 197, 1, 244, 1010692, 26, 29, 397835, 11, 2
713, 1241399646616, , 571.2, 2546, 5, 384.6, 1265, 10, 65, 12, 18, 6
77, 1241398616173, 1241398906596, 0, 887, 2, 737, 171151, 11, 2, 12770, 14, 2
797824, , , 45.10000000000001, 0, 0, 0, 0, 15, 4, 82321, , 
82056, 1241393334056, 1241393962826, 0, 617, 3, 115.33333333333333, 0, 0, 0, 402647, 1, 
82321, , , 22.550000000000004, 0, 0, 0, 0, 6, 35, 57717, , 
82995, 1241393770327, 1241394377623, 0, 197, 1, 154, 0, 0, 0, 1062853, 1, 
836050, 1241396038366, 1241398951496, 895.5500000000002, 5035, 10, 493.3, 592692, 11, 1, 113237, 7, 2
8401, 1241399521403, 1241400552213, 0, 258, 2, 129, 0, 0, 0, 0, 1, 
85462, 1241394020218, 1241394280944, 0, 149, 1, 149, 0, 2, 3, 209500, 4, 0
862232, 1241394834543, 1241394848488, 0, 0, 0, 0, 0, 0, 0, 0, 1, 
865090, 1241394723096, 1241397312112, 102.80000000000001, 368, 3, 138.66666666666666, 0, 1, 0, 55022, 3, 
87714, 1241395914529, 1241398425781, 59.400000000000006, 6372, 13, 490.7692307692308, 0, 9, 3, 351430, 9, 6
885698, 1241396855907, 1241399840313, 0, 3687, 10, 349.2, 891151, 0, 0, 836050, 4, 
88925, 1241394119624, 1241394133881, 0, 0, 0, 0, 0, 0, 0, 139168, 2, 
893561, 1241398821488, 1241398850910, 0, 64, 1, 64, 0, 0, 0, 0, 1, 
8938, , , 305.00000000000006, 0, 0, 0, 0, 14, 6, 541655, , 
89757, , , 101.5, 0, 0, 0, 0, 3, 74, 20260, , 
900329, , , 11.55, 0, 0, 0, 0, 23, 5, 70557, , 
90041, 1241397755813, 1241398512157, 48.300000000000004, 400, 2, 286, 175933, 6, 8, 258951, 11, 12
90965, 1241395301339, 1241395477267, 0, 0, 0, 0, 0, 0, 0, 76196, 1, 
910778, 1241400566044, 1241400645015, 0, 0, 0, 0, 0, 0, 0, 0, 1, 
916261, 1241393328678, 1241393902503, 0, 231, 2, 146.5, 0, 1, 0, 618376, 2, 
92300, , , 43.6, 0, 0, 0, 0, 1, 5, 185650, , 
93202, , , 31.8, 0, 0, 0, 0, 4, 7, 187565, , 
932160, 1241397497466, 1241397612220, 0, 0, 0, 0, 0, 0, 0, 0, 1, 
938403, 1241397438926, 1241397792218, 0, 0, 0, 0, 0, 0, 0, 0, 1, 
982742, 1241395835989, 1241395957371, 0, 0, 0, 0, 0, 0, 0, 0, 1, 
<<<<EndTable

PlayersOnlineNow=26
PlayersOnlineEachMinute=0, 7, 11, 15, 14, 15, 16, 18, 19, 20, 22, 24, 23, 26, 27, 26, 24, 24, 24, 26, 22, 22, 24, 25, 23, 24, 24, 25, 25, 25, 25, 25, 25, 24, 21, 22, 21, 23, 22, 23, 25, 24, 23, 26, 28, 28, 27, 28, 25, 25, 23, 23, 26, 26, 26, 26, 27, 27, 28, 27, 28, 28, 29, 32, 28, 29, 27, 27, 28, 29, 32, 32, 31, 29, 28, 27, 27, 26, 26, 27, 29, 30, 26, 28, 27, 27, 28, 28, 28, 29, 26, 24, 21, 24, 26, 27, 25, 26, 26, 26, 24, 27, 24, 25, 25, 25, 25, 25, 24, 24, 24, 26, 24, 26, 24, 25, 26, 25, 24, 22, 23, 25, 27, 30, 28, 30, 30, 30, 30, 28
PlayersInEachFeedingGame=2, 2, 1, 1, 1, 2, 1, 2, 2, 2, 2, 2, 1, 1, 2, 1, 2, 1, 2, 1, 2, 1, 1, 2, 2, 1, 2, 2, 2, 1, 2, 2, 2, 1, 2, 2, 2, 2, 2, 2, 1, 2, 2, 1, 2, 2, 1, 2, 2, 1, 2, 2, 2, 2, 1, 2, 2, 2, 1, 2, 2, 2, 2, 2, 2, 2, 2, 2, 2, 1, 2, 1, 2, 2, 1, 2, 2, 1, 2, 2, 1, 1, 1, 2, 1, 3, 2, 2, 1, 2, 1, 2, 2, 1, 2, 1, 2, 1, 3, 1, 1, 2, 1, 1, 1, 2, 1, 2, 4, 2, 2, 2, 2, 2, 1, 1, 1, 1, 2, 1, 3, 1, 2, 2, 2, 1, 1, 1, 1, 1, 2, 1, 2, 1, 1, 1, 2, 2, 4, 2, 1, 1, 1, 1, 2, 1, 3, 2, 1, 1, 3, 1, 2, 2, 2, 2, 1, 2, 2, 1, 1, 2, 2, 2, 2, 2, 2, 1, 1, 1, 2, 2, 2, 1, 1, 1, 1, 1, 1, 1, 1, 1, 1, 2, 2, 1, 1, 2, 2, 1, 2, 2, 2, 2, 1, 2, 1, 2, 1, 2, 3, 1, 2, 1, 1, 1, 2, 2, 1, 2
PlayersStarted=253
PlayersQuit=227
StatsStartTime=1241393006624
StatsDumpTime=1241400807203
<<<<EndStats
2009-05-03 18:33:57,105 ERROR: vampire.server.feeding.FeedingRecord sendPlayerStartGameMsg [playerId=1199666, prey=false, _predatorIndex=]
2009-05-03 18:34:29,428 ERROR: vampire.server.feeding.FeedingRecord sendPlayerStartGameMsg [playerId=101152, prey=true, _predatorIndex=]
2009-05-03 18:34:29,429 ERROR: vampire.server.feeding.FeedingRecord sendPlayerStartGameMsg [playerId=161001, prey=false, _predatorIndex=]
2009-05-03 18:35:11,435 ERROR: vampire.server.feeding.FeedingRecord sendPlayerStartGameMsg [playerId=150469, prey=true, _predatorIndex=]
2009-05-03 18:35:11,435 ERROR: vampire.server.feeding.FeedingRecord sendPlayerStartGameMsg [playerId=1203117, prey=false, _predatorIndex=]
2009-05-03 18:35:37,580 ERROR: vampire.server.feeding.FeedingRecord sendPlayerStartGameMsg [playerId=8401, prey=true, _predatorIndex=]
2009-05-03 18:35:37,581 ERROR: vampire.server.feeding.FeedingRecord sendPlayerStartGameMsg [playerId=1090611, prey=false, _predatorIndex=]
2009-05-03 18:35:44,447 ERROR: vampire.server.feeding.FeedingRecord sendPlayerStartGameMsg [playerId=68793, prey=false, _predatorIndex=161001]
2009-05-03 18:35:44,997 ERROR: vampire.server.feeding.FeedingRecord sendPlayerStartGameMsg [playerId=1160652, prey=true, _predatorIndex=]
2009-05-03 18:35:44,998 ERROR: vampire.server.feeding.FeedingRecord sendPlayerStartGameMsg [playerId=57871, prey=false, _predatorIndex=]
2009-05-03 18:37:14,492 ERROR: vampire.server.feeding.FeedingRecord sendPlayerStartGameMsg [playerId=1032847, prey=false, _predatorIndex=1090611]
2009-05-03 18:37:26,858 ERROR: vampire.server.feeding.FeedingRecord sendPlayerStartGameMsg [playerId=1211623, prey=false, _predatorIndex=1090611,1032847]
2009-05-03 18:38:03,449 ERROR: vampire.server.feeding.FeedingRecord sendPlayerStartGameMsg [playerId=1090611, prey=false, _predatorIndex=1090611,1032847,1211623]
2009-05-03 18:38:03,682 ERROR: vampire.server.feeding.FeedingRecord sendPlayerStartGameMsg [playerId=1086242, prey=false, _predatorIndex=]
2009-05-03 18:38:28,981 ERROR: vampire.server.feeding.FeedingRecord sendPlayerStartGameMsg [playerId=3200, prey=true, _predatorIndex=]
2009-05-03 18:38:28,982 ERROR: vampire.server.feeding.FeedingRecord sendPlayerStartGameMsg [playerId=168395, prey=false, _predatorIndex=]
2009-05-03 18:38:38,522 ERROR: vampire.server.feeding.FeedingRecord sendPlayerStartGameMsg [playerId=1090611, prey=false, _predatorIndex=1090611,1032847,1211623]
2009-05-03 18:38:39,119 ERROR: vampire.server.feeding.FeedingRecord sendPlayerStartGameMsg [playerId=1207233, prey=false, _predatorIndex=1090611,1032847,1211623]
2009-05-03 18:38:56,264 ERROR: vampire.server.feeding.FeedingRecord sendPlayerStartGameMsg [playerId=1207233, prey=false, _predatorIndex=1090611,1032847,1211623,1207233]
2009-05-03 18:39:00,231 ERROR: vampire.server.feeding.FeedingRecord sendPlayerStartGameMsg [playerId=1090611, prey=false, _predatorIndex=168395]
2009-05-03 18:39:36,164 ERROR: vampire.server.feeding.FeedingRecord sendPlayerStartGameMsg [playerId=150469, prey=true, _predatorIndex=]
2009-05-03 18:39:36,165 ERROR: vampire.server.feeding.FeedingRecord sendPlayerStartGameMsg [playerId=1203117, prey=false, _predatorIndex=]
2009-05-03 18:40:00,699 ERROR: vampire.server.feeding.FeedingRecord sendPlayerStartGameMsg [playerId=1199666, prey=false, _predatorIndex=]
2009-05-03 18:40:44,039 ERROR: vampire.server.feeding.FeedingRecord sendPlayerStartGameMsg [playerId=1148755, prey=true, _predatorIndex=]
2009-05-03 18:40:44,039 ERROR: vampire.server.feeding.FeedingRecord sendPlayerStartGameMsg [playerId=147236, prey=false, _predatorIndex=]
2009-05-03 18:40:53,873 ERROR: vampire.server.feeding.FeedingRecord sendPlayerStartGameMsg [playerId=452296, prey=true, _predatorIndex=]
2009-05-03 18:40:53,873 ERROR: vampire.server.feeding.FeedingRecord sendPlayerStartGameMsg [playerId=1086242, prey=false, _predatorIndex=]
2009-05-03 18:42:13,014 ERROR: vampire.server.feeding.FeedingRecord sendPlayerStartGameMsg [playerId=39180, prey=true, _predatorIndex=]
2009-05-03 18:42:13,015 ERROR: vampire.server.feeding.FeedingRecord sendPlayerStartGameMsg [playerId=168395, prey=false, _predatorIndex=]
2009-05-03 18:42:14,879 ERROR: vampire.server.feeding.FeedingRecord sendPlayerStartGameMsg [playerId=1090611, prey=false, _predatorIndex=1090611,1032847,1211623,1207233]
2009-05-03 18:42:23,682 ERROR: vampire.server.feeding.FeedingRecord sendPlayerStartGameMsg [playerId=1199666, prey=false, _predatorIndex=]
2009-05-03 18:43:05,865 ERROR: vampire.server.feeding.FeedingRecord sendPlayerStartGameMsg [playerId=573658, prey=false, _predatorIndex=1090611,1032847,1211623,1207233]
2009-05-03 18:43:11,647 ERROR: vampire.server.feeding.FeedingRecord sendPlayerStartGameMsg [playerId=145609, prey=true, _predatorIndex=]
2009-05-03 18:43:11,648 ERROR: vampire.server.feeding.FeedingRecord sendPlayerStartGameMsg [playerId=369307, prey=false, _predatorIndex=]

