
>>>>BeginStats

>>>>BeginTable
PlayerId, StartTime, EndTime, ProgenyPayout, XPFromFeeding, FeedingGames, MeanFeedingScore, BloodBond, Progeny, GrandProgeny, Sire, Level, Invites
103033,1240680903564,0,0,1223,6,248,767143,3,0,81899,4,0
1062,1240680763767,0,0,1246,5,362.8,54776,6,5,713,13,2
10642,1240682682467,0,72,3495,9,543.5555555555555,447249,19,23,351598,13,2
113453,1240681974612,1240682376183,116.5,2549,9,218.88888888888889,0,7,0,533,5,1
12,undefined,0,62.3,0,0,0,0,19,26,383387,undefined,undefined
120076,undefined,0,103.30000000000001,0,0,0,0,9,0,34987,undefined,undefined
121984,1240680366030,1240680728265,0,0,0,0,384781,4,5,166,10,2
122907,undefined,0,401.90000000000003,0,0,0,0,6,7,251062,undefined,undefined
1265,1240680522085,1240680740011,0,0,0,0,713,5,15,12,15,3
12791,undefined,0,7.800000000000001,0,0,0,0,2,5,12,undefined,undefined
128013,1240682885280,1240683004511,0,0,0,0,0,3,2,254152,4,1
130627,undefined,0,19.6,0,0,0,0,8,1,85079,undefined,undefined
131748,1240680096215,1240680114078,0,0,0,0,0,0,0,297380,2,0
131858,undefined,0,21.6,0,0,0,0,1,1,130627,undefined,undefined
133118,1240682688988,1240682698569,0,0,0,0,0,3,0,121984,3,null
134050,1240682455606,1240682467403,0,0,0,0,0,0,0,468188,1,null
135293,undefined,0,374.50000000000006,0,0,0,0,1,1,181388,undefined,undefined
136892,1240682208953,1240682919286,134.5,432,2,145,0,1,0,367411,1,0
140573,1240680158237,1240680246938,0,0,0,0,0,0,0,178528,3,0
141364,undefined,0,35,0,0,0,0,6,2,16514,undefined,undefined
143121,undefined,0,42.2,0,0,0,0,1,0,184042,undefined,undefined
143489,1240679260667,1240679362941,0,0,0,0,0,0,0,47445,4,0
143538,undefined,0,156.8,0,0,0,0,2,15,1531,undefined,undefined
145896,1240680114749,1240680336121,0,202,1,202,479642,5,6,225840,9,2
14882,undefined,0,26.6,0,0,0,0,2,2,44987,undefined,undefined
152551,1240680516832,1240682448350,173.20000000000002,2879,12,300.9166666666667,0,1,0,135293,4,0
1531,undefined,0,78.4,0,0,0,0,2,13,12,undefined,undefined
157166,1240680463914,1240680499110,0,0,0,0,0,0,0,166074,1,0
157382,undefined,0,61.60000000000001,0,0,0,0,1,3,104955,undefined,undefined
157952,1240681079826,1240681405842,0,196,2,127.5,0,0,0,130627,3,0
159420,undefined,0,86.8,0,0,0,0,1,5,206649,undefined,undefined
16040,undefined,0,101.9,0,0,0,0,7,1,3,undefined,undefined
161355,1240683027848,1240683030450,0,0,0,0,0,0,0,54776,5,2
162209,1240679673995,1240679695083,0,0,0,0,0,0,0,0,1,null
167305,undefined,0,129.15,0,0,0,0,3,1,157382,undefined,undefined
168473,1240681094990,1240681398284,0,156,1,156,772383,8,0,180508,6,7
172373,1240682491777,1240682559948,0,0,0,0,0,0,0,0,1,null
176491,undefined,0,24.700000000000003,0,0,0,0,2,0,54776,undefined,undefined
180508,undefined,0,15.600000000000001,0,0,0,0,1,8,12791,undefined,undefined
181264,undefined,0,56.7,0,0,0,0,2,0,3812,undefined,undefined
181388,undefined,0,143.95000000000002,0,0,0,0,1,1,333875,undefined,undefined
18155,undefined,0,29.75,0,0,0,0,1,1,9651,undefined,undefined
182932,1240682553116,0,0,247,2,132,0,0,0,176491,1,0
184042,undefined,0,21.1,0,0,0,0,1,1,145006,undefined,undefined
190369,1240682262138,1240682309885,0,0,0,0,0,0,0,0,1,null
191407,1240682546307,0,0,0,0,0,0,0,0,0,1,0
193301,1240681670568,1240682722527,0,422,3,145.33333333333334,0,0,0,143121,2,1
20260,undefined,0,127.45000000000002,0,0,0,0,3,18,12,undefined,undefined
20731,1240679011503,0,0,1019,7,119.71428571428571,32314,1,0,16040,4,1
21506,1240682104713,0,0,314,2,157,0,0,0,0,1,0
217283,1240678874569,1240682622728,50.5,1736,7,246.71428571428572,0,11,12,57393,8,3
219402,1240682178768,0,0,422,4,120,0,0,0,548201,1,0
225840,undefined,0,20.200000000000003,0,0,0,0,1,5,7078,undefined,undefined
227438,1240680252004,1240680796482,0,69,1,69,0,0,0,141968,1,null
230517,1240682883685,1240682936473,0,0,0,0,0,0,0,0,1,null
251062,undefined,0,200.95000000000002,0,0,0,0,6,7,296361,undefined,undefined
256452,1240680955285,1240681105826,0,147,1,147,0,1,1,45129,3,0
259344,1240681353108,0,0,1568,11,142.54545454545453,223864,15,1,143538,8,2
261716,1240681634628,0,0,567,3,222.33333333333334,0,0,0,181264,1,0
269788,1240680846568,1240681025130,0,0,0,0,0,0,0,94819,1,null
282251,1240679788817,1240680150309,0,119,1,82,0,0,0,495443,1,null
2843,undefined,0,38.65,0,0,0,0,6,18,3383,undefined,undefined
3,undefined,0,50.95,0,0,0,0,2,7,383387,undefined,undefined
320910,1240681048719,1240681089791,0,0,0,0,0,0,0,295854,2,0
321699,1240682113103,1240682962378,0,532,4,133,0,0,0,348508,3,0
3344,1240682965200,1240683016863,0,0,0,0,0,0,0,20731,1,null
3383,undefined,0,16.35,0,0,0,0,4,6,12791,undefined,undefined
346096,1240682008502,0,0,0,0,0,0,1,0,227953,4,1
348508,undefined,0,53.2,0,0,0,0,2,0,14882,undefined,undefined
34987,undefined,0,51.650000000000006,0,0,0,0,2,9,8842,undefined,undefined
351598,undefined,0,356.3500000000001,0,0,0,0,1,19,359624,undefined,undefined
359624,undefined,0,174.75000000000003,0,0,0,0,3,1,201132,undefined,undefined
367411,undefined,0,110.45,0,0,0,0,1,1,131858,undefined,undefined
375444,undefined,0,22.05,0,0,0,0,3,9,12770,undefined,undefined
378323,1240680309040,1240681792733,0,441,2,146.5,0,0,0,380650,2,0
380650,undefined,0,44.1,0,0,0,0,2,0,375444,undefined,undefined
3812,undefined,0,28.35,0,0,0,0,1,2,65584,undefined,undefined
397835,undefined,0,45.400000000000006,0,0,0,0,5,5,47379,undefined,undefined
398860,1240680602570,1240680953500,0,0,0,0,0,0,0,349835,2,2
405197,1240681417654,1240681678396,0,135,1,136,0,0,0,419552,1,0
418923,undefined,0,6.75,0,0,0,0,2,1,402642,undefined,undefined
419552,undefined,0,13.5,0,0,0,0,1,0,418923,undefined,undefined
43344,1240681329511,1240681672170,0,92,1,92,0,0,0,0,1,null
44731,1240683033460,0,0,0,0,0,0,0,0,246356,2,0
45129,undefined,0,14.700000000000001,0,0,0,0,7,1,66842,undefined,undefined
47379,undefined,0,22.700000000000003,0,0,0,0,3,5,54776,undefined,undefined
495443,1240679196634,0,11.9,1232,6,243.83333333333334,167305,1,0,167305,4,0
50281,1240680454098,1240681066568,0,595,3,165.33333333333334,0,1,0,86723,4,0
510740,1240682733687,0,10.200000000000001,0,0,0,230164,47,30,534632,16,14
52685,1240681389543,1240681555225,0,0,0,0,0,0,0,258951,1,null
53030,1240681809904,0,0,4019,13,406.3076923076923,0,7,5,122907,12,3
533,undefined,0,313.15000000000003,0,0,0,0,5,7,20260,undefined,undefined
534632,undefined,0,5.1000000000000005,0,0,0,0,5,47,445660,undefined,undefined
54776,1240682850695,0,12.350000000000001,0,0,0,1062,29,17,89757,13,2
548201,1240682141635,0,42.2,117,1,113,0,1,0,217283,1,0
564162,undefined,0,70,0,0,0,0,2,0,141364,undefined,undefined
57393,undefined,0,188.29999999999998,0,0,0,0,5,11,159420,undefined,undefined
57717,undefined,0,72.35000000000001,0,0,0,0,4,6,110178,undefined,undefined
578918,1240682933387,1240682951902,0,0,0,0,0,0,0,179326,2,0
585619,1240680449635,1240680933490,0,0,0,0,0,0,0,0,1,null
586681,undefined,0,116.60000000000001,0,0,0,0,5,6,10642,undefined,undefined
619450,1240682809668,0,0,0,0,0,0,0,0,0,1,0
620394,1240681649141,0,0,327,3,104,0,1,0,2843,4,0
632943,1240682410760,1240682693717,0,0,0,0,0,0,0,0,1,null
639206,1240680883573,1240681110975,0,102,1,102,0,0,0,510740,1,null
643440,1240680924790,1240680965855,0,0,0,0,0,0,0,92509,1,null
66842,undefined,0,7.3500000000000005,0,0,0,0,1,7,153510,undefined,undefined
677168,1240683006677,1240683015891,0,0,0,0,0,0,0,0,1,null
687606,1240682697196,0,0,206,1,217,0,0,0,0,1,0
693855,1240680504769,1240680967436,0,522,2,94,0,0,0,0,1,null
7078,undefined,0,10.100000000000001,0,0,0,0,8,2,177916,undefined,undefined
70997,1240679051778,1240681519688,0,454,3,160.66666666666666,0,5,3,397835,6,1
713,undefined,0,124.6,0,0,0,0,9,9,12,undefined,undefined
72925,1240682037091,1240682627816,0,700,3,117.33333333333333,0,0,0,564162,1,null
73228,1240680198359,1240680489398,0,0,0,0,0,0,0,0,1,null
734404,1240682496281,1240682898245,0,116,1,120,0,0,0,81899,1,null
738418,1240679129035,1240679427813,0,119,1,109,0,0,0,75123,2,null
745631,1240682690036,1240682730853,0,0,0,0,0,0,0,0,1,null
75123,undefined,0,11.9,0,0,0,0,11,0,2843,undefined,undefined
751256,1240681580023,0,0,668,4,164,0,0,0,0,2,0
75463,1240682288845,1240682742150,0,99,1,99,0,0,0,0,1,null
764577,1240682618235,0,0,0,0,0,0,0,0,0,1,0
773108,undefined,0,37.35,0,0,0,0,4,1,510740,undefined,undefined
775158,1240680154749,1240680369652,0,79,1,79,0,0,0,0,1,null
782580,1240679393296,1240680703060,0,344,2,168.5,0,0,0,217283,2,null
783039,1240681672216,1240682013268,0,257,2,128.5,0,0,0,0,1,null
795945,1240682950238,1240682982229,0,0,0,0,0,0,0,0,1,null
797824,1240679534053,0,0,1447,7,214.85714285714286,574401,4,0,82321,4,2
802319,undefined,0,141.65000000000003,0,0,0,0,1,4,773108,undefined,undefined
813096,1240679156892,1240680284686,0,1033,6,139.33333333333334,0,0,0,120076,2,null
81899,1240679637636,0,133.9,747,5,113,0,4,3,802319,6,1
822585,1240680729083,1240680756371,0,0,0,0,0,0,0,0,1,null
82321,undefined,0,144.70000000000002,0,0,0,0,4,4,57717,undefined,undefined
829177,1240683011976,0,0,1165,6,121.83333333333333,0,0,0,113453,2,0
839004,1240678899916,1240679059769,0,0,0,0,0,0,0,0,1,null
842430,1240682679840,0,0,359,2,134,0,0,0,0,1,0
849362,1240681414101,1240682006802,0,187,2,93.5,0,0,0,0,1,null
85079,undefined,0,9.8,0,0,0,0,3,8,43402,undefined,undefined
852802,1240682811128,0,0,0,0,0,0,0,0,0,1,0
857653,1240680451542,1240682910033,0,1585,10,144.8,0,0,0,136892,2,null
859282,1240682993795,1240683001541,0,0,0,0,0,0,0,0,1,null
860271,1240682788670,1240682805759,0,0,0,0,0,0,0,346096,1,null
860820,1240680933806,0,0,1732,9,125.44444444444444,0,0,0,152551,2,0
861407,1240680223801,1240680610519,0,0,0,0,0,0,0,0,1,null
862513,1240682008778,1240682437287,0,111,1,111,0,0,0,0,1,null
862735,1240681341077,1240681360910,0,0,0,0,0,0,0,0,1,null
862766,1240682719782,0,0,217,2,100,0,0,0,0,1,0
865007,1240682642410,0,0,137,1,126,0,0,0,10642,1,0
865354,1240680447809,1240681035540,0,0,0,0,0,0,0,0,1,null
865399,1240681869500,1240682088577,0,0,0,0,0,0,0,0,1,null
86723,1240680433010,1240680439646,59.5,0,0,0,0,1,1,18155,3,0
90616,1240682898588,1240682995129,0,0,0,0,0,0,0,0,1,null
95479,1240679198065,1240679896554,0,1166,3,255,0,6,1,586681,4,null
95580,1240681314871,1240681323491,0,0,0,0,0,0,0,258951,3,0
<<<<EndTable

PlayersOnlineNow=30
PlayersOnlineEachMinute=0, 3, 5, 7, 7, 8, 10, 12, 13, 12, 12, 12, 13, 13, 15, 14, 14, 14, 13, 14, 14, 14, 15, 19, 20, 20, 20, 22, 20, 22, 22, 21, 19, 18, 20, 22, 20, 21, 19, 19, 19, 20, 23, 21, 22, 20, 20, 24, 24, 23, 22, 23, 24, 23, 24, 25, 27, 28, 29, 27, 29, 29, 33, 32, 30, 33, 33, 32, 34, 32
PlayersInEachFeedingGame=2, 2, 2, 2, 2, 2, 2, 2, 1, 2, 2, 1, 2, 2, 1, 2, 2, 1, 2, 2, 2, 2, 1, 1, 1, 2, 1, 1, 2, 1, 1, 1, 1, 1, 2, 1, 2, 2, 1, 1, 1, 1, 1, 2, 1, 1, 1, 2, 1, 2, 2, 1, 1, 2, 2, 2, 1, 1, 2, 2, 2, 2, 1, 1, 1, 2, 2, 2, 1, 2, 2, 1, 2, 2, 2, 2, 2, 2, 1, 2, 2, 2, 1, 1, 1, 2, 2, 2, 1, 2, 1, 2, 2, 1, 2, 2, 1, 2, 1, 2, 1, 2, 2, 2, 2
PlayersStarted=152
PlayersQuit=122
StatsStartTime=1240678835806
StatsDumpTime=1240683035978
<<<<EndStats
2009-04-25 11:10:38,423 ERROR: vampire.server.feeding.FeedingRecord sendPlayerStartGameMsg [playerId=219402, prey=false, _predatorIndex=]
2009-04-25 11:10:38,697 ERROR: vampire.server.feeding.FeedingRecord sendPlayerStartGameMsg [playerId=1062, prey=true, _predatorIndex=]
2009-04-25 11:10:38,698 ERROR: vampire.server.feeding.FeedingRecord sendPlayerStartGameMsg [playerId=81899, prey=false, _predatorIndex=]
2009-04-25 11:10:59,904 ERROR: vampire.server.feeding.FeedingRecord sendPlayerStartGameMsg [playerId=687606, prey=false, _predatorIndex=]
2009-04-25 11:11:04,529 ERROR: vampire.server.feeding.FeedingRecord sendPlayerStartGameMsg [playerId=191407, prey=false, _predatorIndex=191407]
2009-04-25 11:11:05,017 ERROR: vampire.server.feeding.FeedingRecord sendPlayerStartGameMsg [playerId=842430, prey=false, _predatorIndex=]
2009-04-25 11:11:33,261 ERROR: vampire.server.feeding.FeedingRecord sendPlayerStartGameMsg [playerId=548201, prey=true, _predatorIndex=]
2009-04-25 11:11:33,261 ERROR: vampire.server.feeding.FeedingRecord sendPlayerStartGameMsg [playerId=578918, prey=false, _predatorIndex=]
2009-04-25 11:12:10,207 ERROR: vampire.server.feeding.FeedingRecord sendPlayerStartGameMsg [playerId=53030, prey=true, _predatorIndex=]
2009-04-25 11:12:10,208 ERROR: vampire.server.feeding.FeedingRecord sendPlayerStartGameMsg [playerId=10642, prey=false, _predatorIndex=]
2009-04-25 11:12:14,492 ERROR: vampire.server.feeding.FeedingRecord sendPlayerStartGameMsg [playerId=182932, prey=false, _predatorIndex=842430]
2009-04-25 11:13:12,138 ERROR: vampire.server.feeding.FeedingRecord sendPlayerStartGameMsg [playerId=20731, prey=true, _predatorIndex=]
2009-04-25 11:13:12,139 ERROR: vampire.server.feeding.FeedingRecord sendPlayerStartGameMsg [playerId=3344, prey=false, _predatorIndex=]
2009-04-25 11:13:18,794 ERROR: vampire.server.feeding.FeedingRecord sendPlayerStartGameMsg [playerId=157106, prey=false, _predatorIndex=]
2009-04-25 11:13:42,668 ERROR: vampire.server.feeding.FeedingRecord sendPlayerStartGameMsg [playerId=44731, prey=false, _predatorIndex=]
2009-04-25 11:13:58,724 ERROR: vampire.server.feeding.FeedingRecord sendPlayerStartGameMsg [playerId=687606, prey=false, _predatorIndex=]
2009-04-25 11:14:17,653 ERROR: vampire.server.feeding.FeedingRecord sendPlayerStartGameMsg [playerId=161355, prey=true, _predatorIndex=]
2009-04-25 11:14:17,665 ERROR: vampire.server.feeding.FeedingRecord sendPlayerStartGameMsg [playerId=156489, prey=false, _predatorIndex=]
2009-04-25 11:16:56,080 ERROR: vampire.server.feeding.FeedingRecord sendPlayerStartGameMsg [playerId=157106, prey=false, _predatorIndex=]
2009-04-25 11:18:44,981 ERROR: vampire.server.feeding.FeedingRecord sendPlayerStartGameMsg [playerId=687606, prey=true, _predatorIndex=]
2009-04-25 11:18:44,982 ERROR: vampire.server.feeding.FeedingRecord sendPlayerStartGameMsg [playerId=797824, prey=false, _predatorIndex=]
2009-04-25 11:18:46,846 ERROR: vampire.server.feeding.FeedingRecord sendPlayerStartGameMsg [playerId=132008, prey=false, _predatorIndex=]
2009-04-25 11:19:22,126 ERROR: vampire.server.feeding.FeedingRecord sendPlayerStartGameMsg [playerId=262409, prey=false, _predatorIndex=]
2009-04-25 11:20:00,618 ERROR: vampire.server.feeding.FeedingRecord sendPlayerStartGameMsg [playerId=157106, prey=true, _predatorIndex=]
2009-04-25 11:20:00,619 ERROR: vampire.server.feeding.FeedingRecord sendPlayerStartGameMsg [playerId=10642, prey=false, _predatorIndex=]
2009-04-25 11:20:11,635 ERROR: vampire.server.feeding.FeedingRecord sendPlayerStartGameMsg [playerId=261716, prey=true, _predatorIndex=]
2009-04-25 11:20:11,636 ERROR: vampire.server.feeding.FeedingRecord sendPlayerStartGameMsg [playerId=16825, prey=false, _predatorIndex=]

>>>>BeginStats

>>>>BeginTable
PlayerId, StartTime, EndTime, ProgenyPayout, XPFromFeeding, FeedingGames, MeanFeedingScore, BloodBond, Progeny, GrandProgeny, Sire, Level, Invites
103033,1240680903564,0,0,1223,6,248,767143,3,0,81899,4,0
1062,1240683434616,1240683484866,0,1331,6,330.5,54776,6,5,713,13,2
10642,1240683422518,0,72,3984,10,534.6,447249,19,23,351598,13,2
113453,1240681974612,1240682376183,116.5,2549,9,218.88888888888889,0,7,0,533,5,1
12,undefined,0,83.1,0,0,0,0,19,27,383387,undefined,undefined
120076,undefined,0,103.30000000000001,0,0,0,0,9,0,34987,undefined,undefined
121984,1240680366030,1240680728265,0,0,0,0,384781,4,5,166,10,2
122907,undefined,0,450.80000000000007,0,0,0,0,6,7,251062,undefined,undefined
1265,1240680522085,1240680740011,0,0,0,0,713,5,15,12,15,3
12791,undefined,0,7.800000000000001,0,0,0,0,2,5,12,undefined,undefined
128013,1240682885280,1240683004511,0,0,0,0,0,3,2,254152,4,1
130627,undefined,0,19.6,0,0,0,0,8,1,85079,undefined,undefined
131748,1240680096215,1240680114078,0,0,0,0,0,0,0,297380,2,0
131858,undefined,0,21.6,0,0,0,0,1,1,130627,undefined,undefined
132008,1240683433653,0,0,0,0,0,0,0,0,0,1,0
133118,1240682688988,1240682698569,0,0,0,0,0,3,0,121984,3,null
134050,1240682455606,1240682467403,0,0,0,0,0,0,0,468188,1,null
135293,undefined,0,377.3500000000001,0,0,0,0,1,1,181388,undefined,undefined
136892,1240682208953,1240682919286,134.5,432,2,145,0,1,0,367411,1,0
140573,1240680158237,1240680246938,0,0,0,0,0,0,0,178528,3,0
141364,undefined,0,35,0,0,0,0,6,2,16514,undefined,undefined
143121,undefined,0,42.2,0,0,0,0,1,0,184042,undefined,undefined
143489,1240679260667,1240679362941,0,0,0,0,0,0,0,47445,4,0
143538,undefined,0,252.10000000000005,0,0,0,0,2,15,1531,undefined,undefined
145896,1240680114749,1240680336121,0,202,1,202,479642,5,6,225840,9,2
14882,undefined,0,26.6,0,0,0,0,2,2,44987,undefined,undefined
152551,1240680516832,1240682448350,178.9,2879,12,300.9166666666667,0,1,0,135293,4,0
1531,undefined,0,126.05000000000003,0,0,0,0,2,13,12,undefined,undefined
156489,1240683228397,1240683465970,0,331,1,346,154238,12,18,713,5,1
157106,1240683181904,0,0,291,2,145.5,0,0,0,0,1,0
157166,1240680463914,1240680499110,0,0,0,0,0,0,0,166074,1,0
157382,undefined,0,61.60000000000001,0,0,0,0,1,3,104955,undefined,undefined
157952,1240681079826,1240681405842,0,196,2,127.5,0,0,0,130627,3,0
159420,undefined,0,86.8,0,0,0,0,1,5,206649,undefined,undefined
16040,undefined,0,127.95,0,0,0,0,7,1,3,undefined,undefined
161355,1240683123698,0,0,331,1,315,0,0,0,54776,5,2
162209,1240679673995,1240679695083,0,0,0,0,0,0,0,0,1,null
167305,undefined,0,129.15,0,0,0,0,3,1,157382,undefined,undefined
16825,1240683090229,0,0,0,0,0,0,5,2,4139,4,1
168473,1240681094990,1240681398284,0,156,1,156,772383,8,0,180508,6,7
172373,1240682491777,1240682559948,0,0,0,0,0,0,0,0,1,null
176491,undefined,0,24.700000000000003,0,0,0,0,2,0,54776,undefined,undefined
179326,undefined,0,13.100000000000001,0,0,0,0,2,0,185581,undefined,undefined
180508,undefined,0,15.600000000000001,0,0,0,0,1,8,12791,undefined,undefined
181264,undefined,0,69.5,0,0,0,0,2,0,3812,undefined,undefined
181388,undefined,0,143.95000000000002,0,0,0,0,1,1,333875,undefined,undefined
18155,undefined,0,29.75,0,0,0,0,1,1,9651,undefined,undefined
182932,1240682553116,0,0,247,2,132,0,0,0,176491,1,0
184042,undefined,0,21.1,0,0,0,0,1,1,145006,undefined,undefined
185581,undefined,0,6.550000000000001,0,0,0,0,1,2,209656,undefined,undefined
190369,1240682262138,1240682309885,0,0,0,0,0,0,0,0,1,null
191407,1240682546307,1240683278857,0,26,1,52,0,0,0,0,1,null
193301,1240681670568,1240682722527,0,422,3,145.33333333333334,0,0,0,143121,2,1
20260,undefined,0,127.45000000000002,0,0,0,0,3,18,12,undefined,undefined
20731,1240679011503,0,13.700000000000001,1211,9,118.77777777777777,32314,1,0,16040,4,1
21506,1240682104713,0,0,314,2,157,0,0,0,0,1,0
217283,1240683384879,0,69.35,1736,7,246.71428571428572,0,11,12,57393,8,3
219402,1240682178768,1240683174785,0,537,5,119,0,0,0,548201,1,null
225840,undefined,0,20.200000000000003,0,0,0,0,1,5,7078,undefined,undefined
227438,1240680252004,1240680796482,0,69,1,69,0,0,0,141968,1,null
230517,1240682883685,1240682936473,0,0,0,0,0,0,0,0,1,null
246356,undefined,0,28.3,0,0,0,0,4,3,54776,undefined,undefined
247014,1240683265535,1240683335442,0,0,0,0,0,1,1,85417,3,0
251062,undefined,0,225.40000000000003,0,0,0,0,6,7,296361,undefined,undefined
256452,1240680955285,1240681105826,0,147,1,147,0,1,1,45129,3,0
259344,1240681353108,0,0,2521,16,157.56249999999994,223864,15,1,143538,8,2
261716,1240681634628,0,0,695,4,203.75,0,0,0,181264,1,0
262409,1240683556544,0,0,0,0,0,0,0,0,110006,1,0
269788,1240680846568,1240681025130,0,0,0,0,0,0,0,94819,1,null
282251,1240679788817,1240680150309,0,119,1,82,0,0,0,495443,1,null
2843,undefined,0,51.45,0,0,0,0,6,18,3383,undefined,undefined
3,undefined,0,60.550000000000004,0,0,0,0,2,7,383387,undefined,undefined
311783,1240683521205,0,0,0,0,0,0,5,1,11460,7,3
312297,1240683213402,1240683524152,0,0,0,0,0,0,0,0,1,null
320910,1240681048719,1240681089791,0,0,0,0,0,0,0,295854,2,0
321699,1240682113103,1240682962378,0,532,4,133,0,0,0,348508,3,0
330793,1240683299019,1240683335349,0,0,0,0,0,0,0,112093,6,2
3344,1240683111185,0,0,137,1,151,0,0,0,20731,1,0
3383,undefined,0,22.75,0,0,0,0,4,6,12791,undefined,undefined
346096,1240682008502,0,0,0,0,0,0,1,0,227953,4,1
348508,undefined,0,53.2,0,0,0,0,2,0,14882,undefined,undefined
34987,undefined,0,51.650000000000006,0,0,0,0,2,9,8842,undefined,undefined
351598,undefined,0,405.2500000000001,0,0,0,0,1,19,359624,undefined,undefined
359624,undefined,0,199.20000000000005,0,0,0,0,3,1,201132,undefined,undefined
367411,undefined,0,110.45,0,0,0,0,1,1,131858,undefined,undefined
375444,undefined,0,22.05,0,0,0,0,3,9,12770,undefined,undefined
378323,1240680309040,1240681792733,0,441,2,146.5,0,0,0,380650,2,0
380650,undefined,0,44.1,0,0,0,0,2,0,375444,undefined,undefined
3812,undefined,0,34.75,0,0,0,0,1,2,65584,undefined,undefined
397835,undefined,0,45.400000000000006,0,0,0,0,5,5,47379,undefined,undefined
398860,1240680602570,1240680953500,0,0,0,0,0,0,0,349835,2,2
405197,1240681417654,1240681678396,0,135,1,136,0,0,0,419552,1,0
418923,undefined,0,6.75,0,0,0,0,2,1,402642,undefined,undefined
419552,undefined,0,13.5,0,0,0,0,1,0,418923,undefined,undefined
43344,1240681329511,1240681672170,0,92,1,92,0,0,0,0,1,null
434511,1240683608146,0,0,0,0,0,0,0,0,0,1,0
44731,1240683200677,0,0,283,2,141.5,0,0,0,246356,2,0
45129,undefined,0,14.700000000000001,0,0,0,0,7,1,66842,undefined,undefined
47379,undefined,0,22.700000000000003,0,0,0,0,3,5,54776,undefined,undefined
495443,1240679196634,0,11.9,1232,6,243.83333333333334,167305,1,0,167305,4,0
50281,1240680454098,1240681066568,0,595,3,165.33333333333334,0,1,0,86723,4,0
510740,1240682733687,1240683418706,10.200000000000001,0,0,0,230164,47,30,534632,16,14
52685,1240681389543,1240681555225,0,0,0,0,0,0,0,258951,1,null
53030,1240681809904,1240683372169,0,4508,14,414.7142857142857,0,7,5,122907,12,3
533,undefined,0,313.15000000000003,0,0,0,0,5,7,20260,undefined,undefined
534632,undefined,0,5.1000000000000005,0,0,0,0,5,47,445660,undefined,undefined
54776,1240682850695,1240683354114,59.60000000000001,0,0,0,1062,29,17,89757,13,2
548201,1240682141635,0,53.7,248,2,108,0,1,0,217283,1,0
564162,undefined,0,70,0,0,0,0,2,0,141364,undefined,undefined
57393,undefined,0,194.85,0,0,0,0,5,12,159420,undefined,undefined
57717,undefined,0,72.35000000000001,0,0,0,0,4,6,110178,undefined,undefined
578918,1240683060721,0,0,131,1,159,0,0,0,179326,2,0
585619,1240680449635,1240680933490,0,0,0,0,0,0,0,0,1,null
586681,undefined,0,116.60000000000001,0,0,0,0,5,6,10642,undefined,undefined
619450,1240682809668,1240683151949,0,0,0,0,0,0,0,0,1,null
620394,1240681649141,1240683118930,0,455,4,105,0,1,0,2843,4,null
625991,1240683061281,1240683155657,0,0,0,0,0,0,0,585199,1,null
632943,1240682410760,1240682693717,0,0,0,0,0,0,0,0,1,null
639206,1240680883573,1240681110975,0,102,1,102,0,0,0,510740,1,null
643440,1240680924790,1240680965855,0,0,0,0,0,0,0,92509,1,null
66842,undefined,0,7.3500000000000005,0,0,0,0,1,7,153510,undefined,undefined
677168,1240683006677,1240683015891,0,0,0,0,0,0,0,0,1,null
687606,1240682697196,0,0,496,3,169,0,0,0,0,1,0
693855,1240680504769,1240680967436,0,522,2,94,0,0,0,0,1,null
699985,1240683259794,1240683360081,0,0,0,0,0,0,0,0,1,null
7078,undefined,0,10.100000000000001,0,0,0,0,8,3,177916,undefined,undefined
70997,1240679051778,1240681519688,0,454,3,160.66666666666666,0,5,3,397835,6,1
713,undefined,0,166.2,0,0,0,0,9,31,12,undefined,undefined
71724,1240683314731,1240683468793,0,0,0,0,3200,8,1,94103,10,4
72925,1240682037091,1240682627816,0,700,3,117.33333333333333,0,0,0,564162,1,null
73228,1240680198359,1240680489398,0,0,0,0,0,0,0,0,1,null
734404,1240682496281,1240682898245,0,116,1,120,0,0,0,81899,1,null
738418,1240679129035,1240679427813,0,119,1,109,0,0,0,75123,2,null
745631,1240682690036,1240682730853,0,0,0,0,0,0,0,0,1,null
75123,undefined,0,11.9,0,0,0,0,11,0,2843,undefined,undefined
751256,1240681580023,0,0,668,4,164,0,0,0,0,2,0
75463,1240682288845,1240682742150,0,99,1,99,0,0,0,0,1,null
764577,1240682618235,1240683278749,0,0,0,0,0,0,0,0,1,null
767143,1240683573954,0,0,0,0,0,103033,2,0,355917,4,0
773108,undefined,0,37.35,0,0,0,0,4,1,510740,undefined,undefined
775158,1240680154749,1240680369652,0,79,1,79,0,0,0,0,1,null
782580,1240679393296,1240680703060,0,344,2,168.5,0,0,0,217283,2,null
783039,1240681672216,1240682013268,0,257,2,128.5,0,0,0,0,1,null
795945,1240682950238,1240682982229,0,0,0,0,0,0,0,0,1,null
797824,1240679534053,0,0,1447,7,214.85714285714286,574401,4,0,82321,4,2
802319,undefined,0,141.65000000000003,0,0,0,0,1,4,773108,undefined,undefined
813096,1240679156892,1240680284686,0,1033,6,139.33333333333334,0,0,0,120076,2,null
81899,1240679637636,1240683219657,133.9,747,5,113,0,4,3,802319,6,1
822585,1240680729083,1240680756371,0,0,0,0,0,0,0,0,1,null
82321,undefined,0,144.70000000000002,0,0,0,0,4,4,57717,undefined,undefined
829177,1240683011976,1240683106410,0,1165,6,121.83333333333333,0,0,0,113453,2,null
839004,1240678899916,1240679059769,0,0,0,0,0,0,0,0,1,null
842430,1240682679840,1240683247057,0,499,3,136,0,0,0,0,1,null
849362,1240681414101,1240682006802,0,187,2,93.5,0,0,0,0,1,null
85079,undefined,0,9.8,0,0,0,0,3,8,43402,undefined,undefined
852802,1240682811128,1240683344945,0,0,0,0,0,0,0,0,1,null
857653,1240680451542,1240682910033,0,1585,10,144.8,0,0,0,136892,2,null
859282,1240682993795,1240683001541,0,0,0,0,0,0,0,0,1,null
860271,1240682788670,1240682805759,0,0,0,0,0,0,0,346096,1,null
860820,1240680933806,1240683305992,0,1789,10,124.2,0,0,0,152551,2,null
861407,1240680223801,1240680610519,0,0,0,0,0,0,0,0,1,null
862513,1240682008778,1240682437287,0,111,1,111,0,0,0,0,1,null
862735,1240681341077,1240681360910,0,0,0,0,0,0,0,0,1,null
862766,1240682719782,1240683261381,0,217,2,100,0,0,0,0,1,null
865007,1240682642410,0,0,137,1,126,0,0,0,10642,1,0
865354,1240680447809,1240681035540,0,0,0,0,0,0,0,0,1,null
865399,1240681869500,1240682088577,0,0,0,0,0,0,0,0,1,null
86723,1240680433010,1240680439646,59.5,0,0,0,0,1,1,18155,3,0
89757,undefined,0,16.55,0,0,0,0,3,29,20260,undefined,undefined
90616,1240682898588,1240682995129,0,0,0,0,0,0,0,0,1,null
95479,1240679198065,1240679896554,0,1166,3,255,0,6,1,586681,4,null
95580,1240681314871,1240681323491,0,0,0,0,0,0,0,258951,3,0
<<<<EndTable

PlayersOnlineNow=26
PlayersOnlineEachMinute=0, 3, 5, 7, 7, 8, 10, 12, 13, 12, 12, 12, 13, 13, 15, 14, 14, 14, 13, 14, 14, 14, 15, 19, 20, 20, 20, 22, 20, 22, 22, 21, 19, 18, 20, 22, 20, 21, 19, 19, 19, 20, 23, 21, 22, 20, 20, 24, 24, 23, 22, 23, 24, 23, 24, 25, 27, 28, 29, 27, 29, 29, 33, 32, 30, 33, 33, 32, 34, 32, 30, 32, 30, 32, 33, 27, 24, 26, 23, 25
PlayersInEachFeedingGame=2, 2, 2, 2, 2, 2, 2, 2, 1, 2, 2, 1, 2, 2, 1, 2, 2, 1, 2, 2, 2, 2, 1, 1, 1, 2, 1, 1, 2, 1, 1, 1, 1, 1, 2, 1, 2, 2, 1, 1, 1, 1, 1, 2, 1, 1, 1, 2, 1, 2, 2, 1, 1, 2, 2, 2, 1, 1, 2, 2, 2, 2, 1, 1, 1, 2, 2, 2, 1, 2, 2, 1, 2, 2, 2, 2, 2, 2, 1, 2, 2, 2, 1, 1, 1, 2, 2, 2, 1, 2, 1, 2, 2, 1, 2, 2, 1, 2, 1, 2, 1, 2, 2, 2, 2, 2, 1, 1, 1, 2, 2, 1, 2, 1, 1, 2, 1, 2, 1, 1, 2, 2
PlayersStarted=175
PlayersQuit=149
StatsStartTime=1240678835806
StatsDumpTime=1240683636006
<<<<EndStats
2009-04-25 11:21:25,577 ERROR: vampire.server.feeding.FeedingRecord sendPlayerStartGameMsg [playerId=797824, prey=true, _predatorIndex=]
2009-04-25 11:21:25,578 ERROR: vampire.server.feeding.FeedingRecord sendPlayerStartGameMsg [playerId=687606, prey=false, _predatorIndex=]
2009-04-25 11:22:33,922 ERROR: vampire.server.feeding.FeedingRecord sendPlayerStartGameMsg [playerId=133118, prey=true, _predatorIndex=]
2009-04-25 11:22:33,922 ERROR: vampire.server.feeding.FeedingRecord sendPlayerStartGameMsg [playerId=538286, prey=false, _predatorIndex=]
2009-04-25 11:24:13,653 ERROR: vampire.server.feeding.FeedingRecord sendPlayerStartGameMsg [playerId=311783, prey=true, _predatorIndex=]
2009-04-25 11:24:13,654 ERROR: vampire.server.feeding.FeedingRecord sendPlayerStartGameMsg [playerId=132008, prey=false, _predatorIndex=]
2009-04-25 11:25:51,559 ERROR: vampire.server.feeding.FeedingRecord sendPlayerStartGameMsg [playerId=10642, prey=true, _predatorIndex=]
2009-04-25 11:25:51,560 ERROR: vampire.server.feeding.FeedingRecord sendPlayerStartGameMsg [playerId=262409, prey=false, _predatorIndex=]
2009-04-25 11:26:35,288 ERROR: vampire.server.feeding.FeedingRecord sendPlayerStartGameMsg [playerId=16825, prey=true, _predatorIndex=]
2009-04-25 11:26:35,289 ERROR: vampire.server.feeding.FeedingRecord sendPlayerStartGameMsg [playerId=593248, prey=false, _predatorIndex=]
2009-04-25 11:26:59,029 ERROR: vampire.server.feeding.FeedingRecord sendPlayerStartGameMsg [playerId=132008, prey=false, _predatorIndex=262409]
2009-04-25 11:27:06,237 ERROR: vampire.server.feeding.FeedingRecord sendPlayerStartGameMsg [playerId=247468, prey=true, _predatorIndex=]
2009-04-25 11:27:06,238 ERROR: vampire.server.feeding.FeedingRecord sendPlayerStartGameMsg [playerId=261716, prey=false, _predatorIndex=]
2009-04-25 11:27:13,815 ERROR: vampire.server.feeding.FeedingRecord sendPlayerStartGameMsg [playerId=859282, prey=false, _predatorIndex=]
2009-04-25 11:27:45,784 ERROR: vampire.server.feeding.FeedingRecord sendPlayerStartGameMsg [playerId=3344, prey=true, _predatorIndex=]
2009-04-25 11:27:45,784 ERROR: vampire.server.feeding.FeedingRecord sendPlayerStartGameMsg [playerId=20731, prey=false, _predatorIndex=]
2009-04-25 11:28:01,650 ERROR: vampire.server.feeding.FeedingRecord sendPlayerStartGameMsg [playerId=21506, prey=true, _predatorIndex=]
2009-04-25 11:28:01,651 ERROR: vampire.server.feeding.FeedingRecord sendPlayerStartGameMsg [playerId=132008, prey=false, _predatorIndex=]
2009-04-25 11:28:23,810 ERROR: vampire.server.feeding.FeedingRecord sendPlayerStartGameMsg [playerId=835888, prey=false, _predatorIndex=262409,132008]
2009-04-25 11:28:30,773 ERROR: vampire.server.feeding.FeedingRecord sendPlayerStartGameMsg [playerId=133118, prey=true, _predatorIndex=]
2009-04-25 11:28:30,773 ERROR: vampire.server.feeding.FeedingRecord sendPlayerStartGameMsg [playerId=538286, prey=false, _predatorIndex=]
2009-04-25 11:29:49,274 ERROR: vampire.server.feeding.FeedingRecord sendPlayerStartGameMsg [playerId=857627, prey=true, _predatorIndex=]
2009-04-25 11:29:49,274 ERROR: vampire.server.feeding.FeedingRecord sendPlayerStartGameMsg [playerId=835888, prey=false, _predatorIndex=]
2009-04-25 11:30:03,005 ERROR: vampire.server.feeding.FeedingRecord sendPlayerStartGameMsg [playerId=247468, prey=false, _predatorIndex=132008]
2009-04-25 11:30:07,717 ERROR: vampire.server.feeding.FeedingRecord sendPlayerStartGameMsg [playerId=751256, prey=true, _predatorIndex=]
2009-04-25 11:30:07,718 ERROR: vampire.server.feeding.FeedingRecord sendPlayerStartGameMsg [playerId=311783, prey=false, _predatorIndex=]
2009-04-25 11:30:23,473 ERROR: vampire.server.feeding.FeedingRecord sendPlayerStartGameMsg [playerId=132008, prey=true, _predatorIndex=]
2009-04-25 11:30:23,473 ERROR: vampire.server.feeding.FeedingRecord sendPlayerStartGameMsg [playerId=247468, prey=false, _predatorIndex=]

>>>>BeginStats

>>>>BeginTable
PlayerId, StartTime, EndTime, ProgenyPayout, XPFromFeeding, FeedingGames, MeanFeedingScore, BloodBond, Progeny, GrandProgeny, Sire, Level, Invites
103033,1240680903564,0,0,1223,6,248,767143,3,0,81899,4,0
1062,1240683434616,1240683484866,0,1331,6,330.5,54776,6,5,713,13,2
10642,1240684117798,0,72,4523,12,501.8333333333333,447249,19,23,351598,13,2
110006,undefined,0,98.70000000000002,0,0,0,0,3,0,321365,undefined,undefined
113453,1240681974612,1240682376183,116.5,2549,9,218.88888888888889,0,7,0,533,5,1
114053,1240684126300,1240684151814,0,0,0,0,0,0,0,0,1,null
11460,undefined,0,39.85,0,0,0,0,1,6,41022,undefined,undefined
12,undefined,0,83.1,0,0,0,0,19,28,383387,undefined,undefined
120076,undefined,0,103.30000000000001,0,0,0,0,9,0,34987,undefined,undefined
121938,1240684148497,0,0,0,0,0,0,0,0,0,1,0
121984,1240680366030,1240680728265,77.55,0,0,0,384781,4,6,166,10,2
122907,undefined,0,450.80000000000007,0,0,0,0,6,7,251062,undefined,undefined
1265,1240680522085,1240680740011,0,0,0,0,713,5,15,12,15,3
12791,undefined,0,7.800000000000001,0,0,0,0,2,5,12,undefined,undefined
128013,1240682885280,1240683004511,0,0,0,0,0,3,2,254152,4,1
130627,undefined,0,19.6,0,0,0,0,8,1,85079,undefined,undefined
131748,1240680096215,1240680114078,0,0,0,0,0,0,0,297380,2,0
131858,undefined,0,21.6,0,0,0,0,1,1,130627,undefined,undefined
132008,1240683433653,0,0,852,4,204.75,0,0,0,311783,1,0
133118,1240683695327,0,51.7,517,3,199.66666666666666,0,4,0,121984,3,0
134050,1240682455606,1240682467403,0,0,0,0,0,0,0,468188,1,null
135293,undefined,0,377.3500000000001,0,0,0,0,1,1,181388,undefined,undefined
136892,1240682208953,1240682919286,134.5,432,2,145,0,1,0,367411,1,0
140573,1240680158237,1240680246938,0,0,0,0,0,0,0,178528,3,0
141364,undefined,0,35,0,0,0,0,6,2,16514,undefined,undefined
143121,undefined,0,42.2,0,0,0,0,1,0,184042,undefined,undefined
143489,1240679260667,1240679362941,0,0,0,0,0,0,0,47445,4,0
143538,undefined,0,323.90000000000003,0,0,0,0,2,15,1531,undefined,undefined
145896,1240680114749,1240680336121,0,202,1,202,479642,5,6,225840,9,2
14882,undefined,0,26.6,0,0,0,0,2,2,44987,undefined,undefined
152551,1240680516832,1240682448350,178.9,2879,12,300.9166666666667,0,1,0,135293,4,0
1531,undefined,0,161.95000000000002,0,0,0,0,2,13,12,undefined,undefined
156489,1240683228397,1240683465970,0,331,1,346,154238,12,18,713,5,1
157106,1240683181904,1240683810309,0,518,3,148.33333333333334,0,0,0,0,1,null
157166,1240680463914,1240680499110,0,0,0,0,0,0,0,166074,1,0
157382,undefined,0,61.60000000000001,0,0,0,0,1,3,104955,undefined,undefined
157952,1240681079826,1240681405842,0,196,2,127.5,0,0,0,130627,3,0
159420,undefined,0,86.8,0,0,0,0,1,5,206649,undefined,undefined
16040,undefined,0,156.6,0,0,0,0,7,1,3,undefined,undefined
161355,1240683123698,1240684079620,0,331,1,315,0,0,0,54776,5,2
162209,1240679673995,1240679695083,0,0,0,0,0,0,0,0,1,null
166,undefined,0,25.85,0,0,0,0,5,4,578,undefined,undefined
167305,undefined,0,129.15,0,0,0,0,3,1,157382,undefined,undefined
16825,1240683090229,0,16.3,728,3,282.3333333333333,0,6,2,4139,4,1
168473,1240681094990,1240681398284,0,156,1,156,772383,8,0,180508,6,7
172373,1240682491777,1240682559948,0,0,0,0,0,0,0,0,1,null
176491,undefined,0,24.700000000000003,0,0,0,0,2,0,54776,undefined,undefined
179326,undefined,0,13.100000000000001,0,0,0,0,2,0,185581,undefined,undefined
180508,undefined,0,15.600000000000001,0,0,0,0,1,8,12791,undefined,undefined
181264,undefined,0,126,0,0,0,0,2,0,3812,undefined,undefined
181388,undefined,0,143.95000000000002,0,0,0,0,1,1,333875,undefined,undefined
18155,undefined,0,29.75,0,0,0,0,1,1,9651,undefined,undefined
182932,1240682553116,1240683884099,0,247,2,132,0,0,0,176491,1,0
184042,undefined,0,21.1,0,0,0,0,1,1,145006,undefined,undefined
185581,undefined,0,6.550000000000001,0,0,0,0,1,2,209656,undefined,undefined
190369,1240682262138,1240682309885,0,0,0,0,0,0,0,0,1,null
191407,1240682546307,1240683278857,0,26,1,52,0,0,0,0,1,null
193301,1240681670568,1240682722527,0,422,3,145.33333333333334,0,0,0,143121,2,1
20260,undefined,0,127.45000000000002,0,0,0,0,3,18,12,undefined,undefined
20731,1240679011503,0,32.800000000000004,1402,10,118.5,32314,1,0,16040,4,1
21506,1240682104713,0,0,568,3,187.33333333333334,0,0,0,0,1,0
217283,1240683384879,1240683847866,69.35,1736,7,246.71428571428572,0,11,12,57393,8,3
219402,1240682178768,1240683174785,0,537,5,119,0,0,0,548201,1,null
225840,undefined,0,20.200000000000003,0,0,0,0,1,5,7078,undefined,undefined
227438,1240680252004,1240680796482,0,69,1,69,0,0,0,141968,1,null
230517,1240682883685,1240682936473,0,0,0,0,0,0,0,0,1,null
246356,undefined,0,28.3,0,0,0,0,4,3,54776,undefined,undefined
247014,1240683265535,1240683335442,0,0,0,0,0,1,1,85417,3,0
247468,1240683981503,0,0,0,0,0,0,0,0,147608,2,0
251062,undefined,0,225.40000000000003,0,0,0,0,6,7,296361,undefined,undefined
256452,1240680955285,1240681105826,0,147,1,147,0,1,1,45129,3,0
259344,1240681353108,0,0,3239,21,154.23809523809518,223864,15,1,143538,8,2
261716,1240681634628,0,0,1260,6,221.83333333333334,0,0,0,181264,2,0
262409,1240683556544,0,0,987,4,256.5,0,0,0,110006,2,0
269788,1240680846568,1240681025130,0,0,0,0,0,0,0,94819,1,null
282251,1240679788817,1240680150309,0,119,1,82,0,0,0,495443,1,null
2843,undefined,0,51.45,0,0,0,0,6,18,3383,undefined,undefined
292209,1240684123455,1240684165184,0,0,0,0,0,0,0,202328,3,0
3,undefined,0,70.10000000000001,0,0,0,0,2,7,383387,undefined,undefined
311783,1240683521205,0,43.5,181,1,219,0,6,1,11460,7,3
312297,1240683213402,1240683524152,0,0,0,0,0,0,0,0,1,null
320910,1240681048719,1240681089791,0,0,0,0,0,0,0,295854,2,0
321365,undefined,0,49.35000000000001,0,0,0,0,3,3,317371,undefined,undefined
321699,1240682113103,1240682962378,0,532,4,133,0,0,0,348508,3,0
330793,1240683299019,1240683335349,0,0,0,0,0,0,0,112093,6,2
3344,1240683111185,0,0,328,2,208.5,0,0,0,20731,1,0
3383,undefined,0,22.75,0,0,0,0,4,6,12791,undefined,undefined
346096,1240682008502,1240684016925,0,0,0,0,0,1,0,227953,4,1
348508,undefined,0,53.2,0,0,0,0,2,0,14882,undefined,undefined
34987,undefined,0,51.650000000000006,0,0,0,0,2,9,8842,undefined,undefined
351598,undefined,0,459.1500000000001,0,0,0,0,1,19,359624,undefined,undefined
359624,undefined,0,226.15000000000003,0,0,0,0,3,1,201132,undefined,undefined
367411,undefined,0,110.45,0,0,0,0,1,1,131858,undefined,undefined
375444,undefined,0,22.05,0,0,0,0,3,9,12770,undefined,undefined
378323,1240680309040,1240681792733,0,441,2,146.5,0,0,0,380650,2,0
380650,undefined,0,44.1,0,0,0,0,2,0,375444,undefined,undefined
3812,undefined,0,63,0,0,0,0,1,2,65584,undefined,undefined
397835,undefined,0,45.400000000000006,0,0,0,0,5,5,47379,undefined,undefined
398860,1240680602570,1240680953500,0,0,0,0,0,0,0,349835,2,2
405197,1240681417654,1240681678396,0,135,1,136,0,0,0,419552,1,0
41022,undefined,0,9.05,0,0,0,0,1,1,412796,undefined,undefined
4139,undefined,0,80.95,0,0,0,0,11,6,713,undefined,undefined
418923,undefined,0,6.75,0,0,0,0,2,1,402642,undefined,undefined
419552,undefined,0,13.5,0,0,0,0,1,0,418923,undefined,undefined
43344,1240681329511,1240681672170,0,92,1,92,0,0,0,0,1,null
434511,1240683608146,1240683637462,0,0,0,0,0,0,0,0,1,0
44731,1240683200677,1240684088275,0,283,2,141.5,0,0,0,246356,2,0
45129,undefined,0,14.700000000000001,0,0,0,0,7,1,66842,undefined,undefined
47379,undefined,0,22.700000000000003,0,0,0,0,3,5,54776,undefined,undefined
495443,1240679196634,0,11.9,1232,6,243.83333333333334,167305,1,0,167305,4,0
50281,1240680454098,1240681066568,0,595,3,165.33333333333334,0,1,0,86723,4,0
510740,1240682733687,1240683418706,10.200000000000001,0,0,0,230164,47,30,534632,16,14
52685,1240681389543,1240681555225,0,0,0,0,0,0,0,258951,1,null
53030,1240681809904,1240683372169,0,4508,14,414.7142857142857,0,7,5,122907,12,3
533,undefined,0,313.15000000000003,0,0,0,0,5,7,20260,undefined,undefined
534632,undefined,0,5.1000000000000005,0,0,0,0,5,47,445660,undefined,undefined
538286,1240683726102,0,0,517,3,144.33333333333334,0,0,0,133118,1,0
54776,1240682850695,1240683354114,59.60000000000001,0,0,0,1062,29,17,89757,13,2
548201,1240682141635,1240683643445,53.7,248,2,108,0,1,0,217283,1,null
564162,undefined,0,70,0,0,0,0,2,0,141364,undefined,undefined
57393,undefined,0,194.85,0,0,0,0,5,12,159420,undefined,undefined
57717,undefined,0,88.7,0,0,0,0,4,6,110178,undefined,undefined
578918,1240683060721,0,0,131,1,159,0,0,0,179326,2,0
585619,1240680449635,1240680933490,0,0,0,0,0,0,0,0,1,null
586681,undefined,0,116.60000000000001,0,0,0,0,5,6,10642,undefined,undefined
593248,1240683790388,0,0,163,1,92,0,0,0,16825,1,0
619450,1240682809668,1240683151949,0,0,0,0,0,0,0,0,1,null
620394,1240681649141,1240683118930,0,455,4,105,0,1,0,2843,4,null
625991,1240683061281,1240683155657,0,0,0,0,0,0,0,585199,1,null
632943,1240682410760,1240682693717,0,0,0,0,0,0,0,0,1,null
639206,1240680883573,1240681110975,0,102,1,102,0,0,0,510740,1,null
643440,1240680924790,1240680965855,0,0,0,0,0,0,0,92509,1,null
645535,1240684153097,1240684171199,0,0,0,0,0,0,0,311783,1,null
66842,undefined,0,7.3500000000000005,0,0,0,0,1,7,153510,undefined,undefined
677168,1240683006677,1240683015891,0,0,0,0,0,0,0,0,1,null
687606,1240682697196,1240683960241,0,823,5,153.6,0,0,0,797824,1,null
693855,1240680504769,1240680967436,0,522,2,94,0,0,0,0,1,null
699985,1240683259794,1240683360081,0,0,0,0,0,0,0,0,1,null
7078,undefined,0,10.100000000000001,0,0,0,0,8,3,177916,undefined,undefined
70997,1240679051778,1240681519688,0,454,3,160.66666666666666,0,5,3,397835,6,1
713,undefined,0,202.6,0,0,0,0,9,31,12,undefined,undefined
71724,1240683314731,1240683468793,0,0,0,0,3200,8,1,94103,10,4
72925,1240682037091,1240682627816,0,700,3,117.33333333333333,0,0,0,564162,1,null
73228,1240680198359,1240680489398,0,0,0,0,0,0,0,0,1,null
734404,1240682496281,1240682898245,0,116,1,120,0,0,0,81899,1,null
738418,1240679129035,1240679427813,0,119,1,109,0,0,0,75123,2,null
745631,1240682690036,1240682730853,0,0,0,0,0,0,0,0,1,null
75123,undefined,0,11.9,0,0,0,0,11,0,2843,undefined,undefined
751256,1240681580023,0,0,668,4,164,0,0,0,0,2,0
75463,1240682288845,1240682742150,0,99,1,99,0,0,0,0,1,null
764577,1240682618235,1240683278749,0,0,0,0,0,0,0,0,1,null
767143,1240683573954,1240683849597,0,0,0,0,103033,3,0,355917,4,null
773108,undefined,0,37.35,0,0,0,0,4,1,510740,undefined,undefined
775158,1240680154749,1240680369652,0,79,1,79,0,0,0,0,1,null
782580,1240679393296,1240680703060,0,344,2,168.5,0,0,0,217283,2,null
783039,1240681672216,1240682013268,0,257,2,128.5,0,0,0,0,1,null
79110,1240683708218,1240684114428,0,0,0,0,0,0,0,0,1,null
791358,1240684072172,1240684079835,0,0,0,0,0,0,0,387496,4,null
795945,1240682950238,1240682982229,0,0,0,0,0,0,0,0,1,null
797824,1240679534053,0,15,1774,9,210.66666666666666,574401,5,0,82321,4,2
802319,undefined,0,141.65000000000003,0,0,0,0,1,4,773108,undefined,undefined
813096,1240679156892,1240680284686,0,1033,6,139.33333333333334,0,0,0,120076,2,null
815527,1240683772995,1240683960370,0,0,0,0,0,0,0,0,1,null
81899,1240679637636,1240683219657,133.9,747,5,113,0,4,3,802319,6,1
822585,1240680729083,1240680756371,0,0,0,0,0,0,0,0,1,null
82321,undefined,0,184.9,0,0,0,0,4,5,57717,undefined,undefined
829177,1240683011976,1240683106410,0,1165,6,121.83333333333333,0,0,0,113453,2,null
835888,1240684066314,0,0,0,0,0,0,0,0,0,1,0
839004,1240678899916,1240679059769,0,0,0,0,0,0,0,0,1,null
842430,1240682679840,1240683247057,0,499,3,136,0,0,0,0,1,null
849362,1240681414101,1240682006802,0,187,2,93.5,0,0,0,0,1,null
85079,undefined,0,9.8,0,0,0,0,3,8,43402,undefined,undefined
852802,1240682811128,1240683344945,0,0,0,0,0,0,0,0,1,null
857627,1240684019907,0,0,0,0,0,0,0,0,0,1,0
857653,1240680451542,1240682910033,0,1585,10,144.8,0,0,0,136892,2,null
859282,1240684026340,0,0,112,1,112,0,0,0,0,1,0
860271,1240682788670,1240682805759,0,0,0,0,0,0,0,346096,1,null
860820,1240680933806,1240683305992,0,1789,10,124.2,0,0,0,152551,2,null
861407,1240680223801,1240680610519,0,0,0,0,0,0,0,0,1,null
862513,1240682008778,1240682437287,0,111,1,111,0,0,0,0,1,null
862735,1240681341077,1240681360910,0,0,0,0,0,0,0,0,1,null
862766,1240682719782,1240683261381,0,217,2,100,0,0,0,0,1,null
864791,1240683915905,1240684025572,0,0,0,0,0,0,0,0,1,null
865007,1240682642410,1240683897115,0,137,1,126,0,0,0,10642,1,null
865354,1240680447809,1240681035540,0,0,0,0,0,0,0,0,1,null
865399,1240681869500,1240682088577,0,0,0,0,0,0,0,0,1,null
86723,1240680433010,1240680439646,59.5,0,0,0,0,1,1,18155,3,0
869259,1240684165387,0,0,0,0,0,0,0,0,767143,1,0
89757,undefined,0,16.55,0,0,0,0,3,29,20260,undefined,undefined
90616,1240682898588,1240682995129,0,0,0,0,0,0,0,0,1,null
95479,1240679198065,1240679896554,0,1166,3,255,0,6,1,586681,4,null
95580,1240681314871,1240681323491,0,0,0,0,0,0,0,258951,3,0
<<<<EndTable

PlayersOnlineNow=24
PlayersOnlineEachMinute=0, 3, 5, 7, 7, 8, 10, 12, 13, 12, 12, 12, 13, 13, 15, 14, 14, 14, 13, 14, 14, 14, 15, 19, 20, 20, 20, 22, 20, 22, 22, 21, 19, 18, 20, 22, 20, 21, 19, 19, 19, 20, 23, 21, 22, 20, 20, 24, 24, 23, 22, 23, 24, 23, 24, 25, 27, 28, 29, 27, 29, 29, 33, 32, 30, 33, 33, 32, 34, 32, 30, 32, 30, 32, 33, 27, 24, 26, 23, 25, 26, 25, 28, 28, 27, 26, 24, 25, 22, 24
PlayersInEachFeedingGame=2, 2, 2, 2, 2, 2, 2, 2, 1, 2, 2, 1, 2, 2, 1, 2, 2, 1, 2, 2, 2, 2, 1, 1, 1, 2, 1, 1, 2, 1, 1, 1, 1, 1, 2, 1, 2, 2, 1, 1, 1, 1, 1, 2, 1, 1, 1, 2, 1, 2, 2, 1, 1, 2, 2, 2, 1, 1, 2, 2, 2, 2, 1, 1, 1, 2, 2, 2, 1, 2, 2, 1, 2, 2, 2, 2, 2, 2, 1, 2, 2, 2, 1, 1, 1, 2, 2, 2, 1, 2, 1, 2, 2, 1, 2, 2, 1, 2, 1, 2, 1, 2, 2, 2, 2, 2, 1, 1, 1, 2, 2, 1, 2, 1, 1, 2, 1, 2, 1, 1, 2, 2, 2, 2, 2, 2, 2, 1, 2, 2, 2, 2, 2, 2
PlayersStarted=197
PlayersQuit=173
StatsStartTime=1240678835806
StatsDumpTime=1240684236023
<<<<EndStats
2009-04-25 11:30:44,496 ERROR: vampire.server.feeding.FeedingRecord sendPlayerStartGameMsg [playerId=261716, prey=true, _predatorIndex=]
2009-04-25 11:30:44,497 ERROR: vampire.server.feeding.FeedingRecord sendPlayerStartGameMsg [playerId=859282, prey=false, _predatorIndex=]
2009-04-25 11:32:57,583 ERROR: vampire.server.feeding.FeedingRecord sendPlayerStartGameMsg [playerId=366522, prey=true, _predatorIndex=]
2009-04-25 11:32:57,584 ERROR: vampire.server.feeding.FeedingRecord sendPlayerStartGameMsg [playerId=538286, prey=false, _predatorIndex=]
2009-04-25 11:34:00,261 ERROR: vampire.server.feeding.FeedingRecord sendPlayerStartGameMsg [playerId=21506, prey=false, _predatorIndex=]
2009-04-25 11:34:12,663 ERROR: vampire.server.feeding.FeedingRecord sendPlayerStartGameMsg [playerId=171513, prey=false, _predatorIndex=]
2009-04-25 11:34:25,520 ERROR: vampire.server.feeding.FeedingRecord sendPlayerStartGameMsg [playerId=578918, prey=true, _predatorIndex=]
2009-04-25 11:34:25,521 ERROR: vampire.server.feeding.FeedingRecord sendPlayerStartGameMsg [playerId=651110, prey=false, _predatorIndex=]
2009-04-25 11:34:26,873 ERROR: vampire.server.feeding.FeedingRecord sendPlayerStartGameMsg [playerId=140983, prey=true, _predatorIndex=]
2009-04-25 11:34:26,874 ERROR: vampire.server.feeding.FeedingRecord sendPlayerStartGameMsg [playerId=121938, prey=false, _predatorIndex=]
2009-04-25 11:34:26,969 ERROR: vampire.server.feeding.FeedingRecord sendPlayerStartGameMsg [playerId=169627, prey=false, _predatorIndex=121938]
2009-04-25 11:34:50,646 ERROR: vampire.server.feeding.FeedingRecord sendPlayerStartGameMsg [playerId=20731, prey=true, _predatorIndex=]
2009-04-25 11:34:50,647 ERROR: vampire.server.feeding.FeedingRecord sendPlayerStartGameMsg [playerId=417472, prey=false, _predatorIndex=]
2009-04-25 11:36:09,915 ERROR: vampire.server.feeding.FeedingRecord sendPlayerStartGameMsg [playerId=625991, prey=false, _predatorIndex=]
2009-04-25 11:36:10,645 ERROR: vampire.server.feeding.FeedingRecord sendPlayerStartGameMsg [playerId=857627, prey=true, _predatorIndex=]
2009-04-25 11:36:10,646 ERROR: vampire.server.feeding.FeedingRecord sendPlayerStartGameMsg [playerId=835888, prey=false, _predatorIndex=]
2009-04-25 11:36:49,916 ERROR: vampire.server.feeding.FeedingRecord sendPlayerStartGameMsg [playerId=121938, prey=true, _predatorIndex=]
2009-04-25 11:36:49,916 ERROR: vampire.server.feeding.FeedingRecord sendPlayerStartGameMsg [playerId=169627, prey=false, _predatorIndex=]
2009-04-25 11:37:04,647 ERROR: vampire.server.feeding.FeedingRecord sendPlayerStartGameMsg [playerId=98686, prey=true, _predatorIndex=]
2009-04-25 11:37:04,648 ERROR: vampire.server.feeding.FeedingRecord sendPlayerStartGameMsg [playerId=95010, prey=false, _predatorIndex=]
2009-04-25 11:37:08,948 ERROR: vampire.server.feeding.FeedingRecord sendPlayerStartGameMsg [playerId=859282, prey=true, _predatorIndex=]
2009-04-25 11:37:08,949 ERROR: vampire.server.feeding.FeedingRecord sendPlayerStartGameMsg [playerId=261716, prey=false, _predatorIndex=]
2009-04-25 11:37:22,583 ERROR: vampire.server.feeding.FeedingRecord sendPlayerStartGameMsg [playerId=262409, prey=false, _predatorIndex=261716]
2009-04-25 11:37:28,671 ERROR: vampire.server.feeding.FeedingRecord sendPlayerStartGameMsg [playerId=651110, prey=false, _predatorIndex=95010]
2009-04-25 11:37:52,413 ERROR: vampire.server.feeding.FeedingRecord sendPlayerStartGameMsg [playerId=10642, prey=true, _predatorIndex=]
2009-04-25 11:37:52,414 ERROR: vampire.server.feeding.FeedingRecord sendPlayerStartGameMsg [playerId=262409, prey=false, _predatorIndex=]
2009-04-25 11:38:26,773 ERROR: vampire.server.feeding.FeedingRecord sendPlayerStartGameMsg [playerId=538286, prey=true, _predatorIndex=]
2009-04-25 11:38:26,774 ERROR: vampire.server.feeding.FeedingRecord sendPlayerStartGameMsg [playerId=133118, prey=false, _predatorIndex=]
2009-04-25 11:38:50,764 ERROR: vampire.server.feeding.FeedingRecord sendPlayerStartGameMsg [playerId=140983, prey=true, _predatorIndex=]
2009-04-25 11:38:50,765 ERROR: vampire.server.feeding.FeedingRecord sendPlayerStartGameMsg [playerId=625991, prey=false, _predatorIndex=]
2009-04-25 11:39:05,998 ERROR: vampire.server.feeding.FeedingRecord sendPlayerStartGameMsg [playerId=20731, prey=true, _predatorIndex=]
2009-04-25 11:39:05,998 ERROR: vampire.server.feeding.FeedingRecord sendPlayerStartGameMsg [playerId=171513, prey=false, _predatorIndex=]
2009-04-25 11:39:44,847 ERROR: vampire.server.feeding.FeedingRecord sendPlayerStartGameMsg [playerId=132008, prey=true, _predatorIndex=]
2009-04-25 11:39:44,848 ERROR: vampire.server.feeding.FeedingRecord sendPlayerStartGameMsg [playerId=767143, prey=false, _predatorIndex=]
2009-04-25 11:40:17,618 ERROR: vampire.server.feeding.FeedingRecord sendPlayerStartGameMsg [playerId=95010, prey=false, _predatorIndex=262409]
2009-04-25 11:40:33,417 ERROR: vampire.server.feeding.FeedingRecord sendPlayerStartGameMsg [playerId=16825, prey=true, _predatorIndex=]
2009-04-25 11:40:33,418 ERROR: vampire.server.feeding.FeedingRecord sendPlayerStartGameMsg [playerId=751256, prey=false, _predatorIndex=]

>>>>BeginStats

>>>>BeginTable
PlayerId, StartTime, EndTime, ProgenyPayout, XPFromFeeding, FeedingGames, MeanFeedingScore, BloodBond, Progeny, GrandProgeny, Sire, Level, Invites
103033,1240680903564,0,0,1223,6,248,767143,3,0,81899,4,0
1062,1240683434616,1240683484866,0,1331,6,330.5,54776,6,5,713,13,2
10642,1240684270744,0,72,4849,13,495.53846153846155,447249,19,23,351598,13,2
110006,undefined,0,131.3,0,0,0,0,3,0,321365,undefined,undefined
113453,1240681974612,1240682376183,116.5,2549,9,218.88888888888889,0,7,0,533,5,1
114053,1240684126300,1240684151814,0,0,0,0,0,0,0,0,1,null
11460,undefined,0,73.15,0,0,0,0,1,6,41022,undefined,undefined
12,undefined,0,83.1,0,0,0,0,19,29,383387,undefined,undefined
120076,undefined,0,103.30000000000001,0,0,0,0,9,0,34987,undefined,undefined
121938,1240684148497,0,0,97,1,94,0,0,0,0,1,0
121984,1240680366030,1240680728265,123.75,0,0,0,384781,4,6,166,10,2
122907,undefined,0,450.80000000000007,0,0,0,0,6,7,251062,undefined,undefined
1265,1240680522085,1240680740011,0,0,0,0,713,5,15,12,15,3
12791,undefined,0,7.800000000000001,0,0,0,0,2,5,12,undefined,undefined
128013,1240682885280,1240683004511,0,0,0,0,0,3,2,254152,4,1
130627,undefined,0,19.6,0,0,0,0,8,1,85079,undefined,undefined
131355,1240684285704,1240684302864,0,0,0,0,0,1,2,461901,4,0
131748,1240680096215,1240680114078,0,0,0,0,0,0,0,297380,2,0
131858,undefined,0,21.6,0,0,0,0,1,1,130627,undefined,undefined
132008,1240683433653,0,0,1110,6,186.83333333333334,0,0,0,311783,2,0
133118,1240683695327,0,96.10000000000001,757,4,229.25,0,4,0,121984,3,0
134050,1240682455606,1240682467403,0,0,0,0,0,0,0,468188,1,null
135293,undefined,0,377.3500000000001,0,0,0,0,1,1,181388,undefined,undefined
136892,1240682208953,1240682919286,134.5,432,2,145,0,1,0,367411,1,0
140573,1240680158237,1240680246938,0,0,0,0,0,0,0,178528,3,0
140983,1240684264618,0,0,0,0,0,0,0,0,117857,3,0
141364,undefined,0,35,0,0,0,0,6,2,16514,undefined,undefined
143121,undefined,0,42.2,0,0,0,0,1,0,184042,undefined,undefined
143489,1240679260667,1240679362941,0,0,0,0,0,0,0,47445,4,0
143538,undefined,0,376.3,0,0,0,0,2,15,1531,undefined,undefined
145896,1240680114749,1240680336121,0,202,1,202,479642,5,6,225840,9,2
147608,undefined,0,25.8,0,0,0,0,6,0,502119,undefined,undefined
147988,1240684414357,0,0,0,0,0,170446,7,7,307477,6,2
14882,undefined,0,26.6,0,0,0,0,2,2,44987,undefined,undefined
149021,undefined,0,7.6000000000000005,0,0,0,0,4,0,94693,undefined,undefined
152551,1240680516832,1240682448350,178.9,2879,12,300.9166666666667,0,1,0,135293,4,0
1531,undefined,0,188.15,0,0,0,0,2,13,12,undefined,undefined
156489,1240683228397,1240683465970,0,331,1,346,154238,12,18,713,5,1
157106,1240683181904,1240683810309,0,518,3,148.33333333333334,0,0,0,0,1,null
157166,1240680463914,1240680499110,0,0,0,0,0,0,0,166074,1,0
157382,undefined,0,61.60000000000001,0,0,0,0,1,3,104955,undefined,undefined
157952,1240681079826,1240681405842,0,196,2,127.5,0,0,0,130627,3,0
159420,undefined,0,86.8,0,0,0,0,1,5,206649,undefined,undefined
16040,undefined,0,174.75,0,0,0,0,7,2,3,undefined,undefined
161355,1240683123698,1240684079620,0,331,1,315,0,0,0,54776,5,2
162209,1240679673995,1240679695083,0,0,0,0,0,0,0,0,1,null
166,undefined,0,37.85,0,0,0,0,5,4,578,undefined,undefined
167305,undefined,0,129.15,0,0,0,0,3,1,157382,undefined,undefined
16825,1240683090229,0,33.6,901,4,281,0,6,2,4139,4,1
168473,1240681094990,1240681398284,0,156,1,156,772383,8,0,180508,6,7
169627,1240684377388,0,0,97,1,99,0,0,0,0,1,0
170191,undefined,0,54.5,0,0,0,0,2,6,202873,undefined,undefined
171513,1240684382610,0,0,545,2,272.5,0,6,6,170191,9,2
172373,1240682491777,1240682559948,0,0,0,0,0,0,0,0,1,null
176491,undefined,0,24.700000000000003,0,0,0,0,2,0,54776,undefined,undefined
179326,undefined,0,36.5,0,0,0,0,2,1,185581,undefined,undefined
180508,undefined,0,15.600000000000001,0,0,0,0,1,8,12791,undefined,undefined
181264,undefined,0,166.20000000000002,0,0,0,0,2,1,3812,undefined,undefined
181388,undefined,0,143.95000000000002,0,0,0,0,1,1,333875,undefined,undefined
18155,undefined,0,29.75,0,0,0,0,1,1,9651,undefined,undefined
182932,1240682553116,1240683884099,0,247,2,132,0,0,0,176491,1,0
184042,undefined,0,21.1,0,0,0,0,1,1,145006,undefined,undefined
185581,undefined,0,14.350000000000001,0,0,0,0,2,3,209656,undefined,undefined
190369,1240682262138,1240682309885,0,0,0,0,0,0,0,0,1,null
191407,1240682546307,1240683278857,0,26,1,52,0,0,0,0,1,null
193301,1240681670568,1240682722527,0,422,3,145.33333333333334,0,0,0,143121,2,1
20260,undefined,0,127.45000000000002,0,0,0,0,3,18,12,undefined,undefined
202873,undefined,0,27.25,0,0,0,0,1,2,341164,undefined,undefined
20731,1240679011503,0,44.900000000000006,1523,11,118.54545454545455,32314,2,0,16040,4,1
21506,1240684709824,0,0,706,4,175,0,0,0,0,1,0
217283,1240683384879,1240683847866,69.35,1736,7,246.71428571428572,0,11,12,57393,8,3
219402,1240682178768,1240683174785,0,537,5,119,0,0,0,548201,1,null
225840,undefined,0,20.200000000000003,0,0,0,0,1,5,7078,undefined,undefined
227438,1240680252004,1240680796482,0,69,1,69,0,0,0,141968,1,null
230517,1240682883685,1240682936473,0,0,0,0,0,0,0,0,1,null
246356,undefined,0,28.3,0,0,0,0,4,3,54776,undefined,undefined
247014,1240683265535,1240683335442,0,0,0,0,0,1,1,85417,3,0
247468,1240683981503,1240684617475,0,258,2,106.5,0,0,0,147608,2,0
251062,undefined,0,225.40000000000003,0,0,0,0,6,7,296361,undefined,undefined
256452,1240680955285,1240681105826,0,147,1,147,0,1,1,45129,3,0
259344,1240681353108,0,0,3763,26,144.7307692307692,223864,15,1,143538,8,2
261716,1240681634628,0,26.8,1528,8,199.875,0,1,0,181264,2,0
262409,1240684507787,0,0,1313,5,251.6,0,0,0,110006,2,0
269788,1240680846568,1240681025130,0,0,0,0,0,0,0,94819,1,null
282251,1240679788817,1240680150309,0,119,1,82,0,0,0,495443,1,null
2843,undefined,0,51.45,0,0,0,0,6,18,3383,undefined,undefined
292209,1240684123455,1240684165184,0,0,0,0,0,0,0,202328,3,0
3,undefined,0,76.15,0,0,0,0,2,7,383387,undefined,undefined
311783,1240683521205,0,69.3,385,2,229,0,6,1,11460,7,3
312297,1240683213402,1240683524152,0,0,0,0,0,0,0,0,1,null
320910,1240681048719,1240681089791,0,0,0,0,0,0,0,295854,2,0
321365,undefined,0,65.65,0,0,0,0,3,3,317371,undefined,undefined
321699,1240682113103,1240682962378,0,532,4,133,0,0,0,348508,3,0
330793,1240683299019,1240683335349,0,0,0,0,0,0,0,112093,6,2
3344,1240683111185,0,0,328,2,208.5,0,0,0,20731,1,0
3383,undefined,0,22.75,0,0,0,0,4,6,12791,undefined,undefined
346096,1240682008502,1240684016925,0,0,0,0,0,1,0,227953,4,1
348508,undefined,0,53.2,0,0,0,0,2,0,14882,undefined,undefined
34987,undefined,0,51.650000000000006,0,0,0,0,2,9,8842,undefined,undefined
351598,undefined,0,491.7500000000001,0,0,0,0,1,19,359624,undefined,undefined
359624,undefined,0,242.45000000000005,0,0,0,0,3,1,201132,undefined,undefined
366522,1240684279502,1240684774289,0,116,1,99,0,0,0,0,1,null
367411,undefined,0,110.45,0,0,0,0,1,1,131858,undefined,undefined
375444,undefined,0,22.05,0,0,0,0,3,9,12770,undefined,undefined
378323,1240680309040,1240681792733,0,441,2,146.5,0,0,0,380650,2,0
380650,undefined,0,44.1,0,0,0,0,2,0,375444,undefined,undefined
3812,undefined,0,76.4,0,0,0,0,1,2,65584,undefined,undefined
397835,undefined,0,45.400000000000006,0,0,0,0,5,5,47379,undefined,undefined
398860,1240680602570,1240680953500,0,0,0,0,0,0,0,349835,2,2
405197,1240681417654,1240681678396,0,135,1,136,0,0,0,419552,1,0
41022,undefined,0,19.25,0,0,0,0,1,1,412796,undefined,undefined
4139,undefined,0,106.9,0,0,0,0,11,6,713,undefined,undefined
417472,1240684348395,0,0,121,1,123,0,0,0,20731,1,0
418923,undefined,0,6.75,0,0,0,0,2,1,402642,undefined,undefined
419552,undefined,0,13.5,0,0,0,0,1,0,418923,undefined,undefined
43344,1240681329511,1240681672170,0,92,1,92,0,0,0,0,1,null
434511,1240683608146,1240683637462,0,0,0,0,0,0,0,0,1,0
44731,1240683200677,1240684088275,0,283,2,141.5,0,0,0,246356,2,0
45129,undefined,0,14.700000000000001,0,0,0,0,7,1,66842,undefined,undefined
47379,undefined,0,22.700000000000003,0,0,0,0,3,5,54776,undefined,undefined
495443,1240679196634,0,11.9,1232,6,243.83333333333334,167305,1,0,167305,4,0
502119,undefined,0,12.9,0,0,0,0,6,6,22707,undefined,undefined
50281,1240680454098,1240681066568,0,595,3,165.33333333333334,0,1,0,86723,4,0
510740,1240682733687,1240683418706,10.200000000000001,0,0,0,230164,47,30,534632,16,14
52685,1240681389543,1240681555225,0,0,0,0,0,0,0,258951,1,null
53030,1240681809904,1240683372169,0,4508,14,414.7142857142857,0,7,5,122907,12,3
533,undefined,0,313.15000000000003,0,0,0,0,5,7,20260,undefined,undefined
534632,undefined,0,5.1000000000000005,0,0,0,0,5,47,445660,undefined,undefined
538286,1240683726102,0,0,961,6,150.5,0,0,0,133118,1,0
54776,1240682850695,1240683354114,59.60000000000001,0,0,0,1062,29,17,89757,13,2
548201,1240682141635,1240683643445,53.7,248,2,108,0,1,0,217283,1,null
564162,undefined,0,70,0,0,0,0,2,0,141364,undefined,undefined
57393,undefined,0,194.85,0,0,0,0,5,13,159420,undefined,undefined
57717,undefined,0,88.7,0,0,0,0,4,6,110178,undefined,undefined
578918,1240683060721,0,15.600000000000001,287,2,166,0,1,0,179326,2,0
585619,1240680449635,1240680933490,0,0,0,0,0,0,0,0,1,null
586681,undefined,0,116.60000000000001,0,0,0,0,5,6,10642,undefined,undefined
593248,1240683790388,1240684454102,0,336,2,80.5,0,0,0,16825,1,null
619450,1240682809668,1240683151949,0,0,0,0,0,0,0,0,1,null
620394,1240681649141,1240683118930,0,455,4,105,0,1,0,2843,4,null
625991,1240684537748,0,0,137,1,137,0,0,0,585199,1,0
632943,1240682410760,1240682693717,0,0,0,0,0,0,0,0,1,null
639206,1240680883573,1240681110975,0,102,1,102,0,0,0,510740,1,null
643440,1240680924790,1240680965855,0,0,0,0,0,0,0,92509,1,null
645535,1240684153097,1240684171199,0,0,0,0,0,0,0,311783,1,null
651110,1240684261321,1240684680320,0,156,1,139,0,0,0,578918,1,null
66842,undefined,0,7.3500000000000005,0,0,0,0,1,7,153510,undefined,undefined
677168,1240683006677,1240683015891,0,0,0,0,0,0,0,0,1,null
687606,1240682697196,1240683960241,0,823,5,153.6,0,0,0,797824,1,null
693855,1240680504769,1240680967436,0,522,2,94,0,0,0,0,1,null
699985,1240683259794,1240683360081,0,0,0,0,0,0,0,0,1,null
7078,undefined,0,10.100000000000001,0,0,0,0,8,3,177916,undefined,undefined
70997,1240679051778,1240681519688,0,454,3,160.66666666666666,0,5,3,397835,6,1
713,undefined,0,211.25,0,0,0,0,9,31,12,undefined,undefined
71724,1240683314731,1240683468793,0,0,0,0,3200,8,1,94103,10,4
72925,1240682037091,1240682627816,0,700,3,117.33333333333333,0,0,0,564162,1,null
73228,1240680198359,1240680489398,0,0,0,0,0,0,0,0,1,null
734404,1240682496281,1240682898245,0,116,1,120,0,0,0,81899,1,null
738418,1240679129035,1240679427813,0,119,1,109,0,0,0,75123,2,null
745631,1240682690036,1240682730853,0,0,0,0,0,0,0,0,1,null
75123,undefined,0,11.9,0,0,0,0,11,0,2843,undefined,undefined
751256,1240684761578,0,0,872,5,164.8,0,0,0,0,2,0
75463,1240682288845,1240682742150,0,99,1,99,0,0,0,0,1,null
764577,1240682618235,1240683278749,0,0,0,0,0,0,0,0,1,null
767143,1240684485873,0,0,0,0,0,103033,3,0,355917,4,1
773108,undefined,0,37.35,0,0,0,0,4,1,510740,undefined,undefined
775158,1240680154749,1240680369652,0,79,1,79,0,0,0,0,1,null
782580,1240679393296,1240680703060,0,344,2,168.5,0,0,0,217283,2,null
783039,1240681672216,1240682013268,0,257,2,128.5,0,0,0,0,1,null
79110,1240683708218,1240684114428,0,0,0,0,0,0,0,0,1,null
791358,1240684072172,1240684079835,0,0,0,0,0,0,0,387496,4,null
795945,1240682950238,1240682982229,0,0,0,0,0,0,0,0,1,null
797824,1240679534053,0,15,1774,9,210.66666666666666,574401,5,0,82321,4,2
802319,undefined,0,141.65000000000003,0,0,0,0,1,4,773108,undefined,undefined
813096,1240679156892,1240680284686,0,1033,6,139.33333333333334,0,0,0,120076,2,null
815527,1240683772995,1240683960370,0,0,0,0,0,0,0,0,1,null
81899,1240679637636,1240683219657,133.9,747,5,113,0,4,3,802319,6,1
822585,1240680729083,1240680756371,0,0,0,0,0,0,0,0,1,null
82321,undefined,0,184.9,0,0,0,0,4,5,57717,undefined,undefined
829177,1240683011976,1240683106410,0,1165,6,121.83333333333333,0,0,0,113453,2,null
835888,1240684066314,0,0,481,4,115.75,0,0,0,0,1,0
839004,1240678899916,1240679059769,0,0,0,0,0,0,0,0,1,null
842430,1240682679840,1240683247057,0,499,3,136,0,0,0,0,1,null
849362,1240681414101,1240682006802,0,187,2,93.5,0,0,0,0,1,null
85079,undefined,0,9.8,0,0,0,0,3,8,43402,undefined,undefined
852802,1240682811128,1240683344945,0,0,0,0,0,0,0,0,1,null
857627,1240684019907,0,0,481,4,124.25,0,0,0,0,1,0
857653,1240680451542,1240682910033,0,1585,10,144.8,0,0,0,136892,2,null
859282,1240684026340,0,0,380,3,126.33333333333333,0,0,0,261716,2,0
860271,1240682788670,1240682805759,0,0,0,0,0,0,0,346096,1,null
860820,1240680933806,1240683305992,0,1789,10,124.2,0,0,0,152551,2,null
861407,1240680223801,1240680610519,0,0,0,0,0,0,0,0,1,null
862513,1240682008778,1240682437287,0,111,1,111,0,0,0,0,1,null
862735,1240681341077,1240681360910,0,0,0,0,0,0,0,0,1,null
862766,1240682719782,1240683261381,0,217,2,100,0,0,0,0,1,null
864791,1240683915905,1240684025572,0,0,0,0,0,0,0,0,1,null
865007,1240682642410,1240683897115,0,137,1,126,0,0,0,10642,1,null
865354,1240680447809,1240681035540,0,0,0,0,0,0,0,0,1,null
865399,1240681869500,1240682088577,0,0,0,0,0,0,0,0,1,null
86723,1240680433010,1240680439646,59.5,0,0,0,0,1,1,18155,3,0
869259,1240684165387,1240684371758,0,0,0,0,0,0,0,767143,1,null
89757,undefined,0,16.55,0,0,0,0,3,29,20260,undefined,undefined
90616,1240682898588,1240682995129,0,0,0,0,0,0,0,0,1,null
94693,undefined,0,3.8000000000000003,0,0,0,0,1,4,383230,undefined,undefined
95010,1240684575390,0,0,76,1,152,439277,0,0,149021,5,1
95479,1240679198065,1240679896554,0,1166,3,255,0,6,1,586681,4,null
95580,1240681314871,1240681323491,0,0,0,0,0,0,0,258951,3,0
98686,1240684476728,1240684727203,0,0,0,0,0,0,0,0,1,null
<<<<EndTable

PlayersOnlineNow=29
PlayersOnlineEachMinute=0, 3, 5, 7, 7, 8, 10, 12, 13, 12, 12, 12, 13, 13, 15, 14, 14, 14, 13, 14, 14, 14, 15, 19, 20, 20, 20, 22, 20, 22, 22, 21, 19, 18, 20, 22, 20, 21, 19, 19, 19, 20, 23, 21, 22, 20, 20, 24, 24, 23, 22, 23, 24, 23, 24, 25, 27, 28, 29, 27, 29, 29, 33, 32, 30, 33, 33, 32, 34, 32, 30, 32, 30, 32, 33, 27, 24, 26, 23, 25, 26, 25, 28, 28, 27, 26, 24, 25, 22, 24, 24, 29, 28, 30, 29, 31, 33, 32, 31, 29
PlayersInEachFeedingGame=2, 2, 2, 2, 2, 2, 2, 2, 1, 2, 2, 1, 2, 2, 1, 2, 2, 1, 2, 2, 2, 2, 1, 1, 1, 2, 1, 1, 2, 1, 1, 1, 1, 1, 2, 1, 2, 2, 1, 1, 1, 1, 1, 2, 1, 1, 1, 2, 1, 2, 2, 1, 1, 2, 2, 2, 1, 1, 2, 2, 2, 2, 1, 1, 1, 2, 2, 2, 1, 2, 2, 1, 2, 2, 2, 2, 2, 2, 1, 2, 2, 2, 1, 1, 1, 2, 2, 2, 1, 2, 1, 2, 2, 1, 2, 2, 1, 2, 1, 2, 1, 2, 2, 2, 2, 2, 1, 1, 1, 2, 2, 1, 2, 1, 1, 2, 1, 2, 1, 1, 2, 2, 2, 2, 2, 2, 2, 1, 2, 2, 2, 2, 2, 2, 2, 2, 1, 1, 2, 2, 2, 1, 2, 2, 2, 2, 2, 2, 2
PlayersStarted=215
PlayersQuit=186
StatsStartTime=1240678835806
StatsDumpTime=1240684836075
<<<<EndStats
2009-04-25 11:40:47,492 ERROR: vampire.server.feeding.FeedingRecord sendPlayerStartGameMsg [playerId=859282, prey=true, _predatorIndex=]
2009-04-25 11:40:47,492 ERROR: vampire.server.feeding.FeedingRecord sendPlayerStartGameMsg [playerId=95010, prey=false, _predatorIndex=]
2009-04-25 11:41:28,472 ERROR: vampire.server.feeding.FeedingRecord sendPlayerStartGameMsg [playerId=262409, prey=false, _predatorIndex=]
2009-04-25 11:41:57,590 ERROR: vampire.server.feeding.FeedingRecord sendPlayerStartGameMsg [playerId=148695, prey=true, _predatorIndex=]
2009-04-25 11:41:57,591 ERROR: vampire.server.feeding.FeedingRecord sendPlayerStartGameMsg [playerId=171513, prey=false, _predatorIndex=]
2009-04-25 11:42:22,632 ERROR: vampire.server.feeding.FeedingRecord sendPlayerStartGameMsg [playerId=870174, prey=false, _predatorIndex=]
2009-04-25 11:43:32,428 ERROR: vampire.server.feeding.FeedingRecord sendPlayerStartGameMsg [playerId=95010, prey=true, _predatorIndex=]
2009-04-25 11:43:32,429 ERROR: vampire.server.feeding.FeedingRecord sendPlayerStartGameMsg [playerId=21506, prey=false, _predatorIndex=]
2009-04-25 11:43:39,086 ERROR: vampire.server.feeding.FeedingRecord sendPlayerStartGameMsg [playerId=20731, prey=true, _predatorIndex=]
2009-04-25 11:43:39,086 ERROR: vampire.server.feeding.FeedingRecord sendPlayerStartGameMsg [playerId=3344, prey=false, _predatorIndex=]
2009-04-25 11:44:24,544 ERROR: vampire.server.feeding.FeedingRecord sendPlayerStartGameMsg [playerId=95010, prey=false, _predatorIndex=]
2009-04-25 11:44:51,045 ERROR: vampire.server.feeding.FeedingRecord sendPlayerStartGameMsg [playerId=10642, prey=true, _predatorIndex=]

