
>>>>BeginStats

>>>>BeginTable
PlayerId, StartTime, EndTime, ProgenyPayout, XPFromFeeding, FeedingGames, MeanFeedingScore, BloodBond, Progeny, GrandProgeny, Sire, Level, Invites
1005670, , , 11.600000000000001, 0, 0, 0, 0, 4, 3, 327756, , 
101052, 1241418136627, 1241421156706, 0, 508, 2, 167, 336524, 5, 0, 552702, 7, 2
1012813, , , 590.1500000000001, 0, 0, 0, 0, 6, 17, 54776, , 
1021278, , , 13.700000000000001, 0, 0, 0, 0, 2, 2, 452296, , 
10260, 1241418694505, 1241420928628, 0, 1269, 4, 345.25, 1101, 7, 8, 713, 13, 2
102796, 1241404929304, 1241405268319, 0, 179, 1, 228, 82254, 0, 0, 209610, 4, 0
102929, , , 90.8, 0, 0, 0, 0, 2, 2, 71724, , 
103033, 1241406303737, 1241406568211, 1637.35, 1979, 8, 206.125, 767143, 8, 10, 81899, 5, 1
103144, , , 336.1, 0, 0, 0, 0, 5, 16, 116005, , 
1032421, 1241411089713, 1241412067700, 0, 198, 2, 148.5, 0, 6, 1, 990799, 6, 1
1032648, , , 735.2499999999995, 0, 0, 0, 0, 4, 1, 234337, , 
1032874, 1241419915798, 1241420273642, 0, 76, 1, 57, 0, 0, 0, 0, 1, 
1043, 1241412056143, , 0, 4220, 6, 848.3333333333334, 453, 5, 2, 12, 13, 3
1046367, 1241417939072, 1241418132127, 0, 0, 0, 0, 0, 0, 0, 0, 1, 
1055910, 1241404984170, 1241407880276, 19, 2719, 12, 143.16666666666666, 0, 1, 0, 63415, 3, 
106069, , , 10.05, 0, 0, 0, 0, 14, 11, 236834, , 
1062853, 1241420737963, 1241422273167, 165.80000000000004, 7305, 22, 399.04545454545456, 1138895, 8, 8, 1124214, 6, 2
1063955, 1241403206454, 1241403326609, 0, 0, 0, 0, 0, 0, 0, 0, 1, 
10642, , , 71.9, 0, 0, 0, 0, 29, 15, 351598, , 
1069237, 1241420598605, 1241420720385, 0, 0, 0, 0, 0, 0, 0, 0, 1, 
1073254, 1241408509852, 1241408982160, 0, 217, 2, 104.5, 0, 0, 0, 20260, 1, 
1079371, 1241411124738, 1241411862000, 0, 0, 0, 0, 131625, 0, 0, 187381, 3, 
108782, 1241412160217, 1241413087292, 33, 776, 5, 146.8, 0, 1, 0, 223887, 4, 0
1088614, 1241405910226, 1241406515542, 0, 629, 2, 258.5, 0, 0, 0, 208217, 1, 
1090131, 1241415418014, 1241415651470, 0, 0, 0, 0, 0, 0, 0, 555728, 1, 
1090611, 1241417827676, 1241419360972, 36.5, 7170, 43, 136.88372093023256, 0, 1, 0, 1032648, 4, 
1092321, , , 262.65, 0, 0, 0, 0, 23, 20, 35568, , 
1092861, 1241406929130, 1241408292240, 0, 615, 5, 122.8, 0, 0, 0, 1055910, 1, 
1094114, 1241403517647, 1241403551661, 0, 0, 0, 0, 0, 0, 0, 153097, 1, 
110178, , , 5.75, 0, 0, 0, 0, 6, 11, 12770, , 
1103506, 1241408287983, 1241408535303, 0, 168, 1, 200, 0, 0, 0, 1062853, 2, 
111249, , , 139.4, 0, 0, 0, 0, 2, 9, 188370, , 
1117799, 1241410383518, 1241410457949, 0, 4250, 13, 345.46153846153845, 0, 1, 0, 592692, 4, 
1120660, 1241403684940, 1241406654264, 0, 2241, 10, 278.2, 0, 2, 0, 0, 2, 2
1120983, 1241413332053, 1241414546350, 0, 1197, 7, 119.42857142857143, 0, 0, 0, 70997, 2, 
1122449, , , 644.2500000000001, 0, 0, 0, 0, 5, 5, 555728, , 
1123495, 1241406759388, 1241406871170, 0, 0, 0, 0, 0, 0, 0, 635003, 1, 
1124156, 1241410835943, 1241414283493, 0, 9981, 37, 316.1081081081081, 269484, 0, 0, 184671, 4, 
1124214, , , 813.4, 0, 0, 0, 0, 5, 8, 1122449, , 
112535, 1241414346363, 1241414361462, 0, 1374, 4, 263.5, 0, 1, 1, 430717, 4, 0
1127083, 1241417572353, 1241419144473, 341.70000000000005, 1943, 9, 170.44444444444446, 998652, 6, 0, 998652, 4, 
1131837, 1241410414048, 1241410560246, 0, 0, 0, 0, 0, 0, 0, 0, 1, 
114461, 1241407983064, 1241408472263, 0, 190, 1, 151, 0, 0, 0, 390995, 4, 0
11460, , , 587.55, 0, 0, 0, 0, 1, 8, 41022, , 
1148098, 1241403058996, 1241403432171, 11.350000000000001, 137, 1, 164, 0, 2, 1, 1021278, 4, 
1148755, 1241422501867, , 110, 1762, 6, 316.3333333333333, 0, 10, 1, 1092321, 4, 3
1152211, , , 15.8, 0, 0, 0, 0, 1, 0, 452296, , 
1158271, 1241420984438, 1241421374343, 0, 236, 1, 150, 0, 0, 0, 301548, 1, 
116005, , , 142.45000000000002, 0, 0, 0, 0, 6, 9, 130627, , 
1160652, 1241403787472, 1241404392065, 0, 449, 3, 113.33333333333333, 0, 0, 0, 1207233, 2, 
1162172, 1241418867340, 1241419004100, 0, 0, 0, 0, 0, 0, 0, 0, 1, 
1163187, 1241406002337, 1241406146444, 0, 0, 0, 0, 0, 0, 0, 0, 1, 
1165562, 1241421964368, 1241422388955, 0, 160, 2, 80, 0, 0, 0, 0, 1, 
116826, 1241420928435, 1241421026142, 0, 0, 0, 0, 0, 0, 0, 0, 1, 
1174220, 1241410149289, 1241410754750, 0, 768, 3, 176, 0, 0, 0, 0, 1, 
1177337, 1241417440795, 1241417454413, 0, 0, 0, 0, 0, 0, 0, 0, 1, 
1178152, 1241404954368, 1241406132118, 0, 1015, 4, 162.5, 0, 0, 0, 1120660, 2, 
1178608, 1241404180159, 1241404253341, 0, 0, 0, 0, 0, 0, 0, 0, 1, 
1180132, 1241405746314, 1241406138348, 0, 699, 3, 156.66666666666666, 0, 0, 0, 1120660, 1, 
1180268, 1241421643026, 1241422098494, 0, 386, 2, 193, 0, 0, 0, 3383, 2, 
1180332, 1241421686396, 1241422872824, 0, 1100, 6, 148.33333333333334, 0, 0, 0, 1148755, 2, 
1180567, 1241412109323, 1241412612178, 0, 330, 2, 159.5, 0, 0, 0, 108782, 1, 
1181915, 1241417493728, 1241418912051, 0, 754, 4, 176.5, 0, 0, 0, 311783, 1, 
1182151, 1241421862101, 1241422603426, 0, 516, 3, 129.33333333333334, 0, 0, 0, 0, 1, 
1184139, 1241412336657, 1241413260418, 0, 59, 1, 59, 0, 0, 0, 146580, 1, 
118417, , , 5.75, 0, 0, 0, 0, 4, 3, 12, , 
1184842, 1241419999962, 1241420275151, 0, 76, 1, 94, 0, 0, 0, 0, 1, 
1185629, 1241422777839, , 0, 699, 3, 101, 0, 0, 0, 146580, 1, 0
1192337, 1241413385293, 1241415983239, 0, 5268, 15, 283.8, 1146252, 12, 4, 1012813, 4, 
12, , , 1942.15, 0, 0, 0, 0, 20, 124, 383387, , 
1202977, 1241403696530, 1241404054080, 0, 85, 1, 85, 0, 0, 0, 54776, 2, 
1203117, 1241414244304, 1241414747779, 0, 309, 2, 171, 1215840, 2, 0, 152578, 4, 1
1203874, 1241405717293, 1241407471972, 0, 1427, 7, 123.57142857142857, 0, 0, 0, 929303, 2, 
1207233, 1241403150668, 1241406372124, 35, 1473, 10, 119.5, 0, 1, 0, 239111, 2, 
1210956, 1241423311046, 1241423320818, 0, 0, 0, 0, 0, 0, 0, 0, 1, 
1214279, 1241409407928, 1241410861458, 0, 158, 1, 178, 0, 0, 0, 1152211, 2, 
1222108, 1241403345165, 1241403492165, 0, 0, 0, 0, 0, 0, 0, 0, 1, 
1223024, 1241403138231, 1241406126768, 22.700000000000003, 0, 0, 0, 0, 1, 0, 1148098, 1, 1
1223946, 1241403036373, 1241405180583, 0, 227, 2, 99.5, 0, 0, 0, 1223024, 1, 
1225819, 1241412507265, 1241412603842, 0, 0, 0, 0, 0, 0, 0, 0, 1, 
1225912, 1241403036384, 1241403676500, 0, 249, 2, 124.5, 0, 0, 0, 0, 1, 
1226117, 1241412428635, 1241413447773, 0, 637, 4, 162.75, 0, 0, 0, 0, 1, 
1226131, 1241405676503, 1241405688397, 0, 0, 0, 0, 0, 0, 0, 0, 1, 
1226259, 1241406737475, 1241408819346, 0, 1797, 9, 166.88888888888889, 0, 0, 0, 452296, 2, 
1226297, 1241405032158, 1241405112177, 0, 0, 0, 0, 0, 0, 0, 0, 1, 
1226640, 1241407774578, 1241407813373, 0, 0, 0, 0, 0, 0, 0, 0, 1, 
1227107, 1241422333975, 1241422343480, 0, 0, 0, 0, 0, 0, 0, 0, 1, 
1227160, 1241409951497, 1241410212164, 0, 0, 0, 0, 0, 0, 0, 0, 1, 
1227574, 1241410542385, 1241410573435, 0, 0, 0, 0, 0, 0, 0, 0, 1, 
1227905, 1241409734941, 1241413502012, 0, 0, 0, 0, 0, 0, 0, 1137484, 1, 
1228272, 1241413395065, 1241413998488, 0, 182, 1, 77, 0, 0, 0, 70997, 1, 
1228525, 1241412700544, 1241413133177, 0, 0, 0, 0, 0, 0, 0, 0, 1, 
1228845, 1241415148156, 1241415171093, 0, 0, 0, 0, 0, 0, 0, 0, 1, 
1228994, 1241415167627, 1241415287368, 0, 0, 0, 0, 0, 0, 0, 0, 1, 
1229, 1241419743078, , 206.9, 2977, 8, 415.875, 0, 5, 9, 713, 12, 3
122907, , , 420.8, 0, 0, 0, 0, 6, 10, 251062, , 
1229210, 1241420109372, 1241422001072, 0, 1255, 7, 143, 0, 0, 0, 258951, 2, 
1229509, 1241418019176, 1241419331437, 0, 741, 9, 88.44444444444444, 0, 0, 0, 1090611, 1, 
1229552, 1241419933703, 1241419960337, 0, 0, 0, 0, 0, 0, 0, 0, 1, 
1229853, 1241419796441, 1241420292079, 0, 327, 1, 145, 0, 0, 0, 8401, 1, 
1229854, 1241420749882, , 0, 2948, 13, 260.9230769230769, 0, 0, 0, 8401, 2, 0
1229948, 1241420031790, 1241420108202, 0, 0, 0, 0, 0, 0, 0, 0, 1, 
1230069, 1241420708026, 1241420738649, 0, 0, 0, 0, 0, 0, 0, 0, 1, 
1230378, 1241422104068, 1241422401791, 0, 269, 1, 105, 0, 0, 0, 338409, 1, 
124119, 1241420727207, , 0, 2488, 14, 148, 0, 0, 0, 1127083, 2, 0
125774, , , 11.5, 0, 0, 0, 0, 1, 0, 110178, , 
1265, , , 417.7, 0, 0, 0, 0, 14, 33, 12, , 
12770, , , 11.850000000000001, 0, 0, 0, 0, 23, 76, 383387, , 
12791, , , 19.3, 0, 0, 0, 0, 13, 22, 12, , 
130244, , , 770.0500000000001, 0, 0, 0, 0, 3, 10, 237967, , 
132403, , , 50.800000000000004, 0, 0, 0, 0, 5, 1, 172848, , 
132832, 1241404582705, 1241404940766, 0, 201, 2, 100.5, 0, 1, 2, 92388, 3, 0
132921, 1241413495779, 1241413504595, 0, 0, 0, 0, 0, 7, 0, 211601, 6, 2
133482, , , 31.400000000000002, 0, 0, 0, 0, 5, 12, 180951, , 
135411, 1241410437921, 1241410541909, 0, 0, 0, 0, 0, 0, 0, 0, 1, 
136291, 1241407008366, 1241407570748, 0, 270, 2, 108.5, 0, 0, 0, 0, 1, 
137784, 1241414799226, 1241416174515, 0, 0, 0, 0, 0, 0, 0, 153510, 2, 0
139168, 1241405617818, 1241406132119, 0, 908, 3, 278.6666666666667, 0, 2, 0, 102929, 4, 
141364, , , 27.400000000000002, 0, 0, 0, 0, 6, 3, 16514, , 
143268, 1241408126999, 1241409423932, 0, 302, 3, 100.66666666666667, 0, 0, 0, 0, 1, 
145006, , , 489.20000000000005, 0, 0, 0, 0, 3, 4, 245338, , 
145552, 1241404419700, 1241405324524, 0, 312, 2, 123, 0, 0, 0, 171151, 2, 
145609, 1241403611059, 1241404162914, 0, 664, 3, 234.66666666666666, 369307, 5, 4, 92300, 4, 0
146580, 1241422971611, , 32.1, 473, 2, 284.5, 0, 3, 0, 1012813, 4, 0
147988, 1241404469801, 1241404494457, 0, 0, 0, 0, 170446, 7, 8, 307477, 6, 2
150179, 1241406121560, 1241406741235, 0, 513, 3, 171, 0, 1, 0, 10642, 4, 0
150469, 1241408575695, 1241413451586, 12.5, 1103, 3, 180.66666666666666, 0, 3, 8, 57393, 4, 0
152578, , , 30.9, 0, 0, 0, 0, 3, 4, 208699, , 
153097, 1241405050228, 1241408574735, 0, 1490, 5, 337.8, 0, 7, 0, 1062853, 3, 7
155004, 1241405360824, 1241405376118, 0, 0, 0, 0, 0, 1, 0, 145497, 2, 
156005, 1241421799595, 1241421914501, 0, 0, 0, 0, 0, 0, 0, 0, 1, 
156489, , , 71.4, 0, 0, 0, 0, 12, 22, 713, , 
159420, , , 55.15, 0, 0, 0, 0, 1, 5, 206649, , 
160138, , , 25, 0, 0, 0, 0, 7, 11, 150469, , 
160801, , , 15.4, 0, 0, 0, 0, 5, 2, 166371, , 
161972, , , 77.39999999999999, 0, 0, 0, 0, 1, 0, 323488, , 
16352, 1241419314579, 1241419592219, 0, 221, 1, 203, 0, 0, 0, 0, 1, 
16514, , , 13.700000000000001, 0, 0, 0, 0, 5, 8, 1062, , 
166371, , , 1764.4499999999998, 0, 0, 0, 0, 4, 10, 267622, , 
169321, , , 113.2, 0, 0, 0, 0, 1, 1, 224647, , 
170191, , , 535.4499999999999, 0, 0, 0, 0, 3, 8, 202873, , 
171151, 1241403771121, 1241407692211, 31.200000000000003, 2389, 9, 263, 77, 36, 17, 21067, 13, 3
171513, 1241408406789, 1241409081722, 688, 4071, 15, 251.13333333333327, 0, 7, 7, 170191, 11, 2
172848, , , 25.400000000000002, 0, 0, 0, 0, 3, 5, 359624, , 
177695, 1241418740316, 1241418746765, 0, 0, 0, 0, 0, 0, 0, 0, 1, 
180951, , , 15.700000000000001, 0, 0, 0, 0, 2, 7, 153510, , 
181652, 1241408268549, 1241408872042, 0, 115, 1, 140, 68793, 0, 0, 125774, 4, 0
181827, 1241421488010, 1241421521900, 0, 1020, 10, 95.9, 0, 0, 0, 1127083, 2, 
182851, 1241415970363, 1241416502391, 0, 1132, 5, 336.6, 0, 1, 0, 169321, 4, 0
184042, 1241422629880, , 0, 4892, 21, 198.1904761904762, 0, 1, 1, 145006, 4, 0
184671, 1241422891960, , 862.6000000000001, 2697, 17, 121.82352941176471, 0, 1, 0, 171513, 3, 0
185363, 1241404175892, 1241405188698, 0, 997, 4, 142.5, 0, 0, 0, 187171, 2, 0
185390, 1241404960348, 1241406075456, 0, 282, 2, 116, 0, 0, 0, 0, 1, 
185650, , , 33.2, 0, 0, 0, 0, 2, 1, 185697, , 
187171, , , 99.7, 0, 0, 0, 0, 1, 0, 85021, , 
187571, 1241416772314, 1241417352202, 0, 250, 2, 115, 0, 0, 0, 160138, 2, 0
188370, , , 67.25, 0, 0, 0, 0, 2, 3, 163484, , 
189871, , , 71.35000000000001, 0, 0, 0, 0, 1, 3, 351626, , 
190461, 1241410579269, 1241410840197, 0, 0, 0, 0, 0, 0, 0, 366650, 1, 
190687, , , 48.25, 0, 0, 0, 0, 7, 9, 383937, , 
191252, , , 3.9000000000000004, 0, 0, 0, 0, 2, 0, 227147, , 
195736, , , 43.6, 0, 0, 0, 0, 6, 26, 334835, , 
195855, , , 8.950000000000001, 0, 0, 0, 0, 1, 2, 169869, , 
198681, 1241407932347, 1241408642625, 0, 217, 2, 108.5, 0, 0, 0, 0, 1, 
200145, , , 361.20000000000005, 0, 0, 0, 0, 1, 4, 209656, , 
201458, , , 11.5, 0, 0, 0, 0, 1, 0, 118417, , 
20260, 1241414379072, , 170.45000000000002, 2121, 6, 401.5, 17790, 18, 42, 12, 17, 13
202873, , , 203.55, 0, 0, 0, 0, 1, 3, 341164, , 
205446, 1241403229166, 1241405144052, 0, 2408, 6, 158.66666666666666, 96675, 0, 0, 96675, 3, 
208217, , , 62.900000000000006, 0, 0, 0, 0, 2, 0, 1092321, , 
208699, , , 15.45, 0, 0, 0, 0, 4, 8, 36200, , 
208867, 1241403156851, 1241405192373, 0, 1345, 6, 211.33333333333334, 0, 0, 0, 111249, 3, 0
209610, , , 17.900000000000002, 0, 0, 0, 0, 2, 0, 195855, , 
209656, , , 120.4, 0, 0, 0, 0, 6, 10, 167153, , 
210163, , , 614.4999999999999, 0, 0, 0, 0, 12, 4, 255725, , 
21067, , , 254.50000000000003, 0, 0, 0, 0, 2, 36, 302907, , 
21727, 1241409602554, 1241410212162, 0, 154, 1, 154, 0, 0, 0, 160801, 1, 
217505, , , 14.600000000000001, 0, 0, 0, 0, 5, 5, 3653, , 
223887, , , 94.10000000000001, 0, 0, 0, 0, 3, 2, 310109, , 
224647, , , 56.6, 0, 0, 0, 0, 1, 1, 234337, , 
227147, 1241405404501, 1241405441293, 1.9500000000000002, 0, 0, 0, 0, 6, 4, 238782, 5, 2
229059, 1241414783759, 1241414868058, 0, 0, 0, 0, 0, 1, 9, 80072, 11, 11
230164, 1241418993138, 1241419217250, 0, 965, 4, 287.5, 510740, 11, 9, 250837, 18, 2
234337, , , 358.49999999999983, 0, 0, 0, 0, 5, 5, 97523, , 
237967, , , 297.80000000000007, 0, 0, 0, 0, 3, 7, 336228, , 
239111, , , 164.80000000000004, 0, 0, 0, 0, 1, 1, 439277, , 
245338, , , 244.60000000000002, 0, 0, 0, 0, 9, 12, 77353, , 
249250, 1241403036376, 1241403573316, 0, 276, 2, 138, 0, 0, 0, 510740, 1, 
250107, 1241408573667, 1241408821103, 0, 0, 0, 0, 333736, 6, 1, 193558, 8, 2
250837, , , 96.5, 0, 0, 0, 0, 1, 11, 190687, , 
251062, , , 210.4, 0, 0, 0, 0, 6, 18, 296361, , 
25453, 1241410984231, 1241411210531, 0, 111, 1, 104, 0, 0, 0, 0, 1, 
255725, , , 307.24999999999994, 0, 0, 0, 0, 1, 12, 309124, , 
256593, 1241416932754, 1241416953993, 0, 0, 0, 0, 0, 0, 0, 147608, 2, 0
256746, , , 78.35, 0, 0, 0, 0, 5, 30, 61984, , 
258951, 1241420328541, 1241422404911, 395.6000000000001, 2199, 7, 481.42857142857144, 318242, 22, 26, 1265, 11, 17
2606, 1241422622437, 1241422683059, 0, 852, 3, 341.3333333333333, 0, 6, 2, 307471, 6, 1
267622, , , 857.3499999999999, 0, 0, 0, 0, 2, 5, 1632, , 
269484, 1241422464068, , 84.1, 17147, 59, 317.2881355932204, 1124156, 3, 0, 166371, 4, 0
280766, 1241403195201, 1241406497099, 0, 3859, 17, 186.23529411764707, 269484, 0, 0, 83959, 3, 0
283305, , , 212.5, 0, 0, 0, 0, 1, 8, 497122, , 
283870, 1241413014358, 1241413129039, 0, 0, 0, 0, 0, 0, 0, 101282, 4, 0
288860, , , 317.30000000000007, 0, 0, 0, 0, 5, 10, 20260, , 
296658, , , 80.1, 0, 0, 0, 0, 9, 11, 299646, , 
297380, 1241419947401, 1241420059217, 0, 0, 0, 0, 0, 7, 3, 90015, 4, 2
298666, 1241413284570, 1241413910171, 0, 0, 0, 0, 868186, 6, 0, 259344, 7, 1
299646, , , 40.05, 0, 0, 0, 0, 4, 11, 69257, , 
301548, 1241422510373, , 23.6, 5515, 21, 272.9047619047619, 0, 2, 0, 634607, 4, 1
302907, , , 119.45000000000002, 0, 0, 0, 0, 2, 3, 283855, , 
307471, , , 85.2, 0, 0, 0, 0, 6, 16, 12, , 
310109, , , 38.800000000000004, 0, 0, 0, 0, 4, 6, 309096, , 
311783, 1241406309221, 1241420623219, 61.50000000000001, 5568, 18, 401.22222222222223, 0, 8, 2, 11460, 9, 4
316089, 1241409370191, 1241411392090, 0, 3173, 7, 427.2857142857143, 288860, 8, 1, 288860, 7, 5
32169, 1241417575304, 1241417654138, 0, 0, 0, 0, 219, 7, 0, 10260, 12, 4
323488, , , 38.699999999999996, 0, 0, 0, 0, 1, 1, 94571, , 
327756, , , 5.800000000000001, 0, 0, 0, 0, 1, 4, 336524, , 
330095, 1241407242725, 1241407462176, 0, 98, 1, 96, 0, 0, 0, 430891, 3, 0
334835, , , 21.8, 0, 0, 0, 0, 2, 7, 143501, , 
335072, 1241413699679, 1241413872225, 0, 0, 0, 0, 0, 0, 0, 155161, 3, 0
336228, 1241422953718, 1241422960299, 85.3, 0, 0, 0, 351430, 9, 18, 307471, 12, 4
336524, 1241417934581, 1241421680180, 0, 436, 1, 322, 101052, 18, 6, 195736, 11, 2
3383, , , 38.6, 0, 0, 0, 0, 6, 10, 12791, , 
338409, 1241421835808, 1241423404700, 26.900000000000002, 2236, 7, 447.57142857142856, 0, 5, 4, 65584, 6, 3
341266, , , 29.8, 0, 0, 0, 0, 1, 17, 178409, , 
351430, , , 170.6, 0, 0, 0, 0, 11, 45, 336228, , 
351598, , , 35.95, 0, 0, 0, 0, 1, 29, 359624, , 
351626, , , 111.80000000000003, 0, 0, 0, 0, 7, 12, 183403, , 
35568, 1241410481361, 1241413290022, 88.10000000000001, 2807, 8, 163.75, 438751, 1, 23, 258951, 4, 
365218, , , 15.600000000000001, 0, 0, 0, 0, 3, 1, 551, , 
3653, , , 7.300000000000001, 0, 0, 0, 0, 15, 28, 86951, , 
383387, , , 785.6999999999999, 0, 0, 0, 0, 6, 56, 0, , 
388615, , , 9.5, 0, 0, 0, 0, 1, 2, 395687, , 
390995, , , 19, 0, 0, 0, 0, 2, 0, 388615, , 
39180, 1241406016069, 1241406196712, 26.1, 237, 1, 188, 0, 7, 15, 68619, 7, 1
396113, , , 587.9999999999999, 0, 0, 0, 0, 2, 7, 44987, , 
397835, , , 122.9, 0, 0, 0, 0, 5, 27, 47379, , 
402647, 1241412949672, 1241413259518, 0, 4952, 17, 293.5882352941176, 483162, 11, 3, 408501, 11, 6
403501, , , 192.95000000000002, 0, 0, 0, 0, 5, 3, 124503, , 
408501, , , 495.2000000000001, 0, 0, 0, 0, 6, 15, 637936, , 
41022, , , 278.4, 0, 0, 0, 0, 1, 1, 412796, , 
413254, 1241416777038, 1241423329433, 124.80000000000001, 7000, 25, 251.16000000000003, 8401, 1, 0, 8401, 4, 0
414404, 1241419106799, 1241419865636, 0, 146, 1, 134, 0, 0, 0, 217505, 2, 0
415271, 1241421646146, 1241421959648, 0, 0, 0, 0, 0, 10, 2, 66689, 4, 0
42736, 1241407345506, 1241407349207, 0, 0, 0, 0, 93562, 2, 3, 133482, 4, 1
430717, , , 156.7, 0, 0, 0, 0, 30, 1, 256746, , 
430891, , , 9.8, 0, 0, 0, 0, 9, 5, 111249, , 
43386, 1241412526246, 1241414415953, 348.90000000000003, 5956, 19, 347.7368421052632, 106210, 4, 2, 130244, 8, 4
438751, 1241417348036, 1241417753108, 0, 6145, 20, 422.75, 35568, 4, 1, 210163, 6, 1
439277, , , 73.65, 0, 0, 0, 0, 7, 1, 208602, , 
440521, 1241409658221, 1241409673646, 0, 0, 0, 0, 0, 0, 0, 58643, 1, 0
44987, , , 293.99999999999994, 0, 0, 0, 0, 17, 18, 12770, , 
452296, 1241407478708, 1241408788915, 117.15, 2849, 6, 742.1666666666666, 0, 9, 5, 103144, 5, 2
462408, 1241404513534, 1241404782581, 0, 0, 0, 0, 121604, 4, 1, 191950, 10, 2
462700, 1241409283823, 1241410054834, 0, 650, 3, 152, 0, 0, 0, 269484, 1, 0
47379, , , 22.05, 0, 0, 0, 0, 4, 5, 54776, , 
49732, 1241416474310, 1241417112181, 0, 261, 1, 308, 0, 4, 9, 39180, 10, 3
505544, 1241421437116, 1241421783405, 0, 0, 0, 0, 0, 3, 0, 211715, 2, 0
507149, 1241403286428, 1241403684545, 0, 0, 0, 0, 0, 0, 0, 0, 1, 
510740, , , 27.6, 0, 0, 0, 0, 66, 3, 534632, , 
5212, 1241421948740, 1241422434264, 59.6, 714, 2, 482.5, 2843, 17, 16, 156489, 14, 2
522658, 1241418864222, 1241420843474, 0, 206, 1, 196, 0, 6, 4, 10642, 4, 0
53030, 1241415644060, 1241417380715, 0, 4208, 9, 669.7777777777778, 501908, 9, 6, 122907, 13, 3
533, , , 69.5, 0, 0, 0, 0, 7, 11, 20260, , 
534632, , , 13.8, 0, 0, 0, 0, 7, 79, 445660, , 
535, 1241416972183, 1241419304425, 0, 0, 0, 0, 533, 3, 2, 147628, 11, 3
538369, 1241404934784, 1241406329888, 0, 1706, 5, 492.8, 203784, 2, 0, 351430, 8, 1
538428, 1241412564144, 1241414439331, 0, 2384, 8, 303, 0, 1, 0, 43386, 3, 0
538748, , , 10.55, 0, 0, 0, 0, 1, 5, 53030, , 
545644, 1241410355582, 1241412903803, 0, 774, 6, 108.83333333333333, 0, 0, 0, 161972, 1, 0
547342, 1241411993940, 1241412612180, 0, 62, 1, 62, 0, 0, 0, 0, 1, 
54776, 1241414444340, 1241414530465, 670.4, 0, 0, 0, 1062, 71, 32, 89757, 15, 3
55022, , , 21.1, 0, 0, 0, 0, 5, 1, 538748, , 
551, , , 7.800000000000001, 0, 0, 0, 0, 3, 3, 713, , 
552702, , , 50.800000000000004, 0, 0, 0, 0, 5, 5, 92894, , 
554320, 1241414584241, 1241415097078, 0, 801, 3, 267, 366307, 9, 6, 296658, 5, 1
555437, 1241421681525, 1241422134600, 0, 0, 0, 0, 0, 0, 0, 0, 1, 
555728, , , 139.50000000000003, 0, 0, 0, 0, 16, 5, 1101, , 
564162, 1241404009763, 1241404453274, 0, 274, 2, 137, 176275, 3, 0, 141364, 6, 2
56633, 1241403480843, 1241403715297, 0, 156, 1, 197, 0, 0, 0, 365218, 2, 0
573658, 1241415269251, 1241415612151, 0, 116, 1, 67, 0, 3, 2, 1005670, 4, 1
57393, , , 110.3, 0, 0, 0, 0, 5, 56, 159420, , 
57431, 1241419491687, 1241420641072, 0, 1248, 6, 166.5, 0, 0, 0, 413254, 2, 
575140, 1241403084677, 1241403112844, 0, 0, 0, 0, 0, 2, 0, 603011, 2, 
57717, , , 37.55, 0, 0, 0, 0, 4, 10, 110178, , 
58859, 1241415119337, 1241416455090, 0, 5880, 14, 585.7142857142857, 43017, 7, 4, 396113, 13, 2
592692, , , 425, 0, 0, 0, 0, 8, 8, 283305, , 
603011, 1241415706216, 1241416451607, 0, 0, 0, 0, 0, 4, 4, 562788, 5, 1
60640, 1241409873810, 1241410751369, 0, 508, 4, 128.75, 0, 1, 3, 132403, 4, 0
60835, 1241406953615, 1241407692213, 0, 162, 2, 81, 0, 0, 0, 0, 1, 
61045, , , 90.7, 0, 0, 0, 0, 6, 2, 74372, , 
618696, 1241403818886, 1241403972121, 0, 0, 0, 0, 0, 0, 0, 336524, 2, 
61984, 1241404579035, 1241405892154, 0, 907, 4, 280.25, 77060, 2, 5, 61045, 8, 2
629321, 1241411797765, 1241412418638, 0, 0, 0, 0, 0, 0, 0, 0, 1, 
63415, , , 281.4, 0, 0, 0, 0, 6, 1, 8938, , 
634607, 1241409227970, 1241410042650, 563.3000000000001, 991, 6, 165.16666666666666, 0, 2, 2, 54776, 4, 
637936, , , 247.60000000000005, 0, 0, 0, 0, 3, 6, 217283, , 
639538, 1241415443604, 1241415654024, 0, 0, 0, 0, 0, 0, 0, 171720, 1, 
645187, 1241407524705, 1241408004852, 0, 235, 2, 120, 0, 0, 0, 0, 1, 
65584, , , 237.05000000000004, 0, 0, 0, 0, 4, 5, 351626, , 
65812, 1241415345170, 1241416173980, 0, 0, 0, 0, 80094, 0, 0, 80094, 4, 
673, 1241419715244, , 0, 2069, 6, 202.66666666666666, 0, 0, 0, 1229, 2, 0
677003, , , 139, 0, 0, 0, 0, 2, 1, 533, , 
67941, 1241408845426, 1241409725655, 0, 596, 5, 119.2, 0, 0, 0, 5212, 2, 0
68619, , , 36.75, 0, 0, 0, 0, 8, 10, 12770, , 
68793, 1241408363516, 1241408897149, 0, 115, 1, 89, 181652, 0, 0, 201458, 4, 0
696029, 1241412282033, 1241412902423, 0, 193, 2, 98, 0, 0, 0, 430717, 2, 
701624, 1241411064605, 1241411169099, 0, 0, 0, 0, 0, 0, 0, 98629, 2, 
70997, 1241412889228, 1241414263601, 157.60000000000002, 441, 3, 190, 1010692, 27, 29, 397835, 11, 2
711685, 1241422941282, 1241423043987, 0, 0, 0, 0, 0, 0, 0, 0, 1, 
713, 1241410137968, , 563.7499999999999, 8992, 20, 381.55, 1265, 10, 66, 12, 18, 6
71724, , , 45.4, 0, 0, 0, 0, 13, 4, 94103, , 
74372, , , 45.35, 0, 0, 0, 0, 4, 10, 336024, , 
785, 1241416559471, 1241419463968, 0, 2790, 11, 231, 0, 0, 0, 1122449, 4, 
797824, 1241409626628, 1241411613522, 0, 751, 3, 334, 574401, 15, 4, 82321, 7, 5
798148, 1241423414899, , 0, 0, 0, 0, 24814, 4, 0, 32314, 5, 3
80094, 1241422562972, , 0, 197, 1, 181, 65812, 9, 0, 70997, 6, 4
802319, , , 98.95, 0, 0, 0, 0, 2, 5, 773108, , 
81899, , , 781.3499999999998, 0, 0, 0, 0, 5, 8, 802319, , 
820146, 1241410720121, 1241410997498, 0, 53, 1, 105, 0, 0, 0, 0, 1, 
82254, 1241409896651, 1241410117902, 0, 314, 2, 200.5, 102796, 3, 0, 133482, 5, 1
82321, , , 75.1, 0, 0, 0, 0, 6, 35, 57717, , 
836417, , , 14.4, 0, 0, 0, 0, 3, 5, 582081, , 
83959, , , 385.90000000000003, 0, 0, 0, 0, 1, 0, 403501, , 
8401, 1241422197039, , 1003.2999999999997, 11669, 36, 300.8333333333334, 413254, 4, 1, 103033, 5, 3
84564, 1241403084673, 1241403246075, 0, 0, 0, 0, 0, 0, 0, 0, 1, 
85021, , , 49.85, 0, 0, 0, 0, 2, 1, 17790, , 
865090, 1241409847406, 1241410734752, 0, 211, 1, 169, 0, 1, 0, 55022, 3, 
8938, , , 135.95, 0, 0, 0, 0, 14, 6, 541655, , 
89757, , , 53.800000000000004, 0, 0, 0, 0, 3, 74, 20260, , 
898051, 1241419824666, 1241420172058, 0, 412, 1, 379, 0, 0, 0, 0, 1, 
92300, , , 66.4, 0, 0, 0, 0, 1, 5, 185650, , 
92388, , , 20.1, 0, 0, 0, 0, 1, 1, 106069, , 
92894, , , 25.400000000000002, 0, 0, 0, 0, 1, 5, 106082, , 
929303, , , 142.70000000000002, 0, 0, 0, 0, 3, 0, 189871, , 
933369, 1241403114590, , 0, 331, 3, 96.66666666666667, 0, 0, 0, 0, 1, 0
937109, 1241413307449, 1241414441454, 0, 1105, 4, 116, 0, 1, 0, 43386, 2, 
940573, 1241406287618, 1241406677345, 0, 0, 0, 0, 0, 0, 0, 757, 1, 
94204, 1241407097889, 1241407724841, 0, 39, 1, 78, 0, 0, 0, 191252, 1, 0
96675, 1241403036382, 1241405416021, 240.8, 2408, 6, 643.5, 205446, 4, 3, 200145, 4, 0
98068, 1241412280229, 1241412340996, 0, 191, 1, 110, 0, 0, 0, 269484, 1, 
990799, , , 125.95000000000002, 0, 0, 0, 0, 5, 9, 836417, , 
993787, 1241415204609, 1241416204858, 0, 247, 2, 123.5, 0, 0, 0, 0, 1, 
995, 1241415892674, 1241421382783, 0, 381, 2, 190.5, 12, 11, 23, 12, 14, 5
996135, 1241410561372, 1241413253491, 0, 1390, 10, 133.7, 0, 1, 0, 677003, 2, 
998652, 1241411205764, 1241411772191, 365.15000000000003, 90, 1, 90, 1127083, 3, 7, 990799, 3, 
<<<<EndTable

PlayersOnlineNow=18
PlayersOnlineEachMinute=0, 10, 12, 16, 19, 18, 22, 22, 21, 20, 20, 18, 18, 20, 21, 22, 22, 21, 21, 20, 22, 21, 21, 21, 22, 21, 23, 24, 23, 24, 24, 24, 27, 29, 30, 28, 24, 25, 23, 21, 19, 18, 17, 18, 19, 20, 24, 24, 25, 25, 27, 25, 22, 22, 23, 25, 24, 25, 23, 22, 22, 20, 19, 20, 20, 21, 23, 24, 27, 26, 25, 28, 26, 24, 20, 22, 21, 20, 18, 17, 17, 15, 17, 18, 17, 18, 18, 17, 18, 19, 21, 20, 22, 23, 22, 20, 20, 17, 15, 15, 14, 13, 11, 11, 13, 14, 16, 16, 16, 15, 17, 15, 17, 15, 17, 19, 21, 19, 18, 20, 18, 18, 20, 22, 24, 24, 24, 24, 23, 20, 21, 20, 20, 20, 21, 23, 23, 23, 23, 23, 20, 20, 20, 20, 22, 20, 19, 19, 19, 19, 21, 22, 22, 23, 24, 26, 26, 25, 25, 27, 24, 23, 23, 24, 24, 23, 24, 26, 24, 22, 22, 19, 21, 22, 21, 20, 20, 21, 22, 22, 22, 21, 20, 19, 19, 19, 19, 20, 17, 17, 14, 14, 13, 16, 15, 15, 15, 14, 14, 12, 12, 11, 14, 15, 18, 16, 18, 19, 19, 19, 18, 16, 17, 17, 16, 17, 17, 17, 17, 15, 14, 14, 14, 14, 13, 12, 13, 13, 13, 15, 15, 14, 14, 15, 15, 14, 13, 14, 15, 13, 14, 14, 15, 18, 16, 15, 15, 16, 15, 19, 18, 19, 18, 18, 18, 19, 19, 19, 19, 19, 19, 20, 19, 19, 21, 20, 21, 20, 21, 20, 19, 19, 17, 18, 16, 18, 16, 18, 18, 18, 21, 20, 22, 23, 24, 24, 22, 23, 20, 21, 21, 21, 20, 22, 20, 21, 22, 21, 21, 22, 22, 22, 20, 20, 20, 20, 18, 19, 19, 18, 18, 21, 22, 21, 22, 21, 21, 21, 21, 20, 21, 21, 21, 16, 14, 16, 18, 19, 19, 18, 18, 18, 19, 20, 19, 19, 19, 19, 19, 18
PlayersInEachFeedingGame=1, 1, 3, 1, 1, 1, 2, 1, 1, 2, 2, 2, 2, 2, 2, 1, 2, 2, 1, 2, 1, 1, 3, 2, 2, 2, 1, 1, 2, 2, 2, 2, 1, 2, 1, 1, 2, 2, 1, 1, 2, 2, 1, 1, 2, 2, 2, 2, 2, 1, 2, 2, 2, 2, 2, 1, 1, 2, 1, 3, 2, 1, 2, 1, 2, 1, 3, 2, 2, 1, 2, 1, 2, 1, 2, 2, 2, 1, 2, 1, 2, 1, 2, 1, 1, 1, 2, 2, 1, 1, 1, 2, 2, 2, 1, 2, 1, 1, 1, 1, 2, 3, 1, 2, 2, 2, 2, 2, 1, 1, 2, 1, 2, 1, 1, 2, 1, 1, 2, 3, 1, 2, 1, 2, 2, 1, 3, 2, 1, 2, 1, 1, 2, 2, 2, 2, 2, 1, 1, 2, 2, 1, 1, 1, 1, 2, 1, 1, 1, 2, 1, 2, 1, 1, 1, 2, 1, 1, 2, 2, 1, 1, 2, 1, 2, 2, 2, 2, 1, 1, 1, 2, 2, 2, 1, 2, 2, 2, 2, 1, 2, 1, 2, 1, 2, 2, 1, 1, 1, 2, 2, 1, 2, 2, 2, 2, 2, 1, 1, 2, 2, 1, 2, 2, 2, 2, 2, 1, 2, 1, 2, 2, 2, 2, 2, 2, 2, 2, 2, 3, 1, 1, 1, 2, 2, 1, 1, 1, 1, 1, 2, 1, 2, 2, 2, 2, 1, 1, 2, 1, 2, 1, 1, 2, 1, 1, 2, 1, 1, 1, 1, 2, 2, 1, 2, 1, 2, 1, 2, 1, 2, 1, 2, 2, 2, 1, 2, 1, 1, 3, 1, 2, 1, 2, 1, 1, 1, 1, 2, 2, 1, 1, 1, 1, 2, 2, 2, 1, 2, 1, 2, 2, 2, 2, 2, 1, 1, 1, 2, 1, 2, 2, 2, 2, 2, 2, 1, 1, 2, 2, 2, 2, 2, 1, 2, 2, 2, 1, 1, 2, 1, 1, 1, 2, 2, 1, 2, 2, 1, 2, 2, 1, 2, 2, 2, 2, 1, 1, 2, 1, 2, 2, 1, 2, 2, 2, 3, 1, 1, 1, 2, 1, 3, 3, 2
PlayersStarted=376
PlayersQuit=358
StatsStartTime=1241403035209
StatsDumpTime=1241423437046
<<<<EndStats
2009-05-04 00:51:34,207 ERROR: vampire.server.feeding.FeedingRecord sendPlayerStartGameMsg [playerId=301548, prey=true, _predatorIndex=]
2009-05-04 00:51:34,208 ERROR: vampire.server.feeding.FeedingRecord sendPlayerStartGameMsg [playerId=798148, prey=false, _predatorIndex=]
2009-05-04 00:52:03,446 ERROR: vampire.server.feeding.FeedingRecord sendPlayerStartGameMsg [playerId=146580, prey=false, _predatorIndex=1229854]
2009-05-04 00:52:31,228 ERROR: vampire.server.feeding.FeedingRecord sendPlayerStartGameMsg [playerId=1185629, prey=true, _predatorIndex=]
2009-05-04 00:52:31,229 ERROR: vampire.server.feeding.FeedingRecord sendPlayerStartGameMsg [playerId=146580, prey=false, _predatorIndex=]
2009-05-04 00:52:42,489 ERROR: vampire.server.feeding.FeedingRecord sendPlayerStartGameMsg [playerId=798148, prey=true, _predatorIndex=]
2009-05-04 00:52:42,490 ERROR: vampire.server.feeding.FeedingRecord sendPlayerStartGameMsg [playerId=1229854, prey=false, _predatorIndex=]
2009-05-04 00:53:39,392 ERROR: vampire.server.feeding.FeedingRecord sendPlayerStartGameMsg [playerId=301548, prey=false, _predatorIndex=]
2009-05-04 00:54:02,064 ERROR: vampire.server.feeding.FeedingRecord sendPlayerStartGameMsg [playerId=124119, prey=false, _predatorIndex=]
2009-05-04 00:54:59,588 ERROR: vampire.server.feeding.FeedingRecord sendPlayerStartGameMsg [playerId=146580, prey=true, _predatorIndex=]
2009-05-04 00:54:59,589 ERROR: vampire.server.feeding.FeedingRecord sendPlayerStartGameMsg [playerId=8401, prey=false, _predatorIndex=]
2009-05-04 00:55:16,815 ERROR: vampire.server.feeding.FeedingRecord sendPlayerStartGameMsg [playerId=80094, prey=true, _predatorIndex=]
2009-05-04 00:55:16,816 ERROR: vampire.server.feeding.FeedingRecord sendPlayerStartGameMsg [playerId=798148, prey=false, _predatorIndex=]
2009-05-04 00:55:52,571 ERROR: vampire.server.feeding.FeedingRecord sendPlayerStartGameMsg [playerId=1229854, prey=true, _predatorIndex=]
2009-05-04 00:55:52,572 ERROR: vampire.server.feeding.FeedingRecord sendPlayerStartGameMsg [playerId=184671, prey=false, _predatorIndex=]
2009-05-04 00:56:18,825 ERROR: vampire.server.feeding.FeedingRecord sendPlayerStartGameMsg [playerId=301548, prey=false, _predatorIndex=]
2009-05-04 00:57:44,281 ERROR: vampire.server.feeding.FeedingRecord sendPlayerStartGameMsg [playerId=8401, prey=true, _predatorIndex=]
2009-05-04 00:57:44,282 ERROR: vampire.server.feeding.FeedingRecord sendPlayerStartGameMsg [playerId=146580, prey=false, _predatorIndex=]
2009-05-04 00:58:25,571 ERROR: vampire.server.feeding.FeedingRecord sendPlayerStartGameMsg [playerId=1148755, prey=true, _predatorIndex=]
2009-05-04 00:58:25,580 ERROR: vampire.server.feeding.FeedingRecord sendPlayerStartGameMsg [playerId=1229854, prey=false, _predatorIndex=]
2009-05-04 00:59:45,760 ERROR: vampire.server.feeding.FeedingRecord sendPlayerStartGameMsg [playerId=798148, prey=true, _predatorIndex=]
2009-05-04 00:59:45,761 ERROR: vampire.server.feeding.FeedingRecord sendPlayerStartGameMsg [playerId=156005, prey=false, _predatorIndex=]
2009-05-04 00:59:57,731 ERROR: vampire.server.feeding.FeedingRecord sendPlayerStartGameMsg [playerId=8401, prey=false, _predatorIndex=1229854]
2009-05-04 01:00:15,334 ERROR: vampire.server.feeding.FeedingRecord sendPlayerStartGameMsg [playerId=146580, prey=false, _predatorIndex=156005]

>>>>BeginStats

>>>>BeginTable
PlayerId, StartTime, EndTime, ProgenyPayout, XPFromFeeding, FeedingGames, MeanFeedingScore, BloodBond, Progeny, GrandProgeny, Sire, Level, Invites
1005670, , , 11.600000000000001, 0, 0, 0, 0, 4, 3, 327756, , 
101052, 1241418136627, 1241421156706, 0, 508, 2, 167, 336524, 5, 0, 552702, 7, 2
1012813, , , 713.2500000000001, 0, 0, 0, 0, 6, 17, 54776, , 
1021278, , , 13.700000000000001, 0, 0, 0, 0, 2, 2, 452296, , 
10260, 1241418694505, 1241420928628, 0, 1269, 4, 345.25, 1101, 7, 8, 713, 13, 2
102796, 1241404929304, 1241405268319, 0, 179, 1, 228, 82254, 0, 0, 209610, 4, 0
102929, , , 90.8, 0, 0, 0, 0, 2, 2, 71724, , 
103033, 1241406303737, 1241406568211, 1771.8999999999996, 1979, 8, 206.125, 767143, 8, 10, 81899, 5, 1
103144, , , 336.1, 0, 0, 0, 0, 5, 16, 116005, , 
1032421, 1241411089713, 1241412067700, 0, 198, 2, 148.5, 0, 6, 1, 990799, 6, 1
1032648, , , 735.2499999999995, 0, 0, 0, 0, 4, 1, 234337, , 
1032874, 1241419915798, 1241420273642, 0, 76, 1, 57, 0, 0, 0, 0, 1, 
1043, 1241412056143, , 0, 4220, 6, 848.3333333333334, 453, 5, 2, 12, 13, 3
1046367, 1241417939072, 1241418132127, 0, 0, 0, 0, 0, 0, 0, 0, 1, 
1055910, 1241404984170, 1241407880276, 19, 2719, 12, 143.16666666666666, 0, 1, 0, 63415, 3, 
106069, , , 10.05, 0, 0, 0, 0, 14, 11, 236834, , 
1062853, 1241420737963, 1241422273167, 165.80000000000004, 7305, 22, 399.04545454545456, 1138895, 8, 8, 1124214, 6, 2
1063955, 1241403206454, 1241403326609, 0, 0, 0, 0, 0, 0, 0, 0, 1, 
10642, , , 71.9, 0, 0, 0, 0, 29, 15, 351598, , 
1069237, 1241420598605, 1241420720385, 0, 0, 0, 0, 0, 0, 0, 0, 1, 
1073254, 1241408509852, 1241408982160, 0, 217, 2, 104.5, 0, 0, 0, 20260, 1, 
1079371, 1241411124738, 1241411862000, 0, 0, 0, 0, 131625, 0, 0, 187381, 3, 
108782, 1241412160217, 1241413087292, 33, 776, 5, 146.8, 0, 1, 0, 223887, 4, 0
1088614, 1241405910226, 1241406515542, 0, 629, 2, 258.5, 0, 0, 0, 208217, 1, 
1090131, 1241415418014, 1241415651470, 0, 0, 0, 0, 0, 0, 0, 555728, 1, 
1090611, 1241417827676, 1241419360972, 36.5, 7170, 43, 136.88372093023256, 0, 1, 0, 1032648, 4, 
1092321, , , 293.75, 0, 0, 0, 0, 23, 21, 35568, , 
1092861, 1241406929130, 1241408292240, 0, 615, 5, 122.8, 0, 0, 0, 1055910, 1, 
1094114, 1241403517647, 1241403551661, 0, 0, 0, 0, 0, 0, 0, 153097, 1, 
110178, , , 5.75, 0, 0, 0, 0, 6, 11, 12770, , 
1103506, 1241408287983, 1241408535303, 0, 168, 1, 200, 0, 0, 0, 1062853, 2, 
111249, , , 139.4, 0, 0, 0, 0, 2, 9, 188370, , 
1117799, 1241410383518, 1241410457949, 0, 4250, 13, 345.46153846153845, 0, 1, 0, 592692, 4, 
1120660, 1241403684940, 1241406654264, 0, 2241, 10, 278.2, 0, 2, 0, 0, 2, 2
1120983, 1241413332053, 1241414546350, 0, 1197, 7, 119.42857142857143, 0, 0, 0, 70997, 2, 
1122449, , , 644.2500000000001, 0, 0, 0, 0, 5, 5, 555728, , 
1123495, 1241406759388, 1241406871170, 0, 0, 0, 0, 0, 0, 0, 635003, 1, 
1124156, 1241410835943, 1241414283493, 0, 9981, 37, 316.1081081081081, 269484, 0, 0, 184671, 4, 
1124214, , , 813.4, 0, 0, 0, 0, 5, 8, 1122449, , 
112535, 1241414346363, 1241414361462, 0, 1374, 4, 263.5, 0, 1, 1, 430717, 4, 0
1127083, 1241417572353, 1241419144473, 361.6, 1943, 9, 170.44444444444446, 998652, 6, 0, 998652, 4, 
1131837, 1241410414048, 1241410560246, 0, 0, 0, 0, 0, 0, 0, 0, 1, 
114461, 1241407983064, 1241408472263, 0, 190, 1, 151, 0, 0, 0, 390995, 4, 0
11460, , , 587.55, 0, 0, 0, 0, 1, 8, 41022, , 
1148098, 1241403058996, 1241403432171, 11.350000000000001, 137, 1, 164, 0, 2, 1, 1021278, 4, 
1148755, 1241422501867, , 110, 2073, 7, 322.57142857142856, 0, 11, 1, 1092321, 5, 4
1152211, , , 15.8, 0, 0, 0, 0, 1, 0, 452296, , 
1158271, 1241420984438, 1241421374343, 0, 236, 1, 150, 0, 0, 0, 301548, 1, 
116005, , , 142.45000000000002, 0, 0, 0, 0, 6, 9, 130627, , 
1160652, 1241403787472, 1241404392065, 0, 449, 3, 113.33333333333333, 0, 0, 0, 1207233, 2, 
1162172, 1241418867340, 1241419004100, 0, 0, 0, 0, 0, 0, 0, 0, 1, 
1163187, 1241406002337, 1241406146444, 0, 0, 0, 0, 0, 0, 0, 0, 1, 
1165562, 1241421964368, 1241422388955, 0, 160, 2, 80, 0, 0, 0, 0, 1, 
116826, 1241420928435, 1241421026142, 0, 0, 0, 0, 0, 0, 0, 0, 1, 
1174220, 1241410149289, 1241410754750, 0, 768, 3, 176, 0, 0, 0, 0, 1, 
1177337, 1241417440795, 1241417454413, 0, 0, 0, 0, 0, 0, 0, 0, 1, 
1178152, 1241404954368, 1241406132118, 0, 1015, 4, 162.5, 0, 0, 0, 1120660, 2, 
1178608, 1241404180159, 1241404253341, 0, 0, 0, 0, 0, 0, 0, 0, 1, 
1180132, 1241405746314, 1241406138348, 0, 699, 3, 156.66666666666666, 0, 0, 0, 1120660, 1, 
1180268, 1241421643026, 1241422098494, 0, 386, 2, 193, 0, 0, 0, 3383, 2, 
1180332, 1241421686396, 1241422872824, 0, 1100, 6, 148.33333333333334, 0, 0, 0, 1148755, 2, 
1180567, 1241412109323, 1241412612178, 0, 330, 2, 159.5, 0, 0, 0, 108782, 1, 
1181915, 1241417493728, 1241418912051, 0, 754, 4, 176.5, 0, 0, 0, 311783, 1, 
1182151, 1241421862101, 1241422603426, 0, 516, 3, 129.33333333333334, 0, 0, 0, 0, 1, 
1184139, 1241412336657, 1241413260418, 0, 59, 1, 59, 0, 0, 0, 146580, 1, 
118417, , , 5.75, 0, 0, 0, 0, 4, 3, 12, , 
1184842, 1241419999962, 1241420275151, 0, 76, 1, 94, 0, 0, 0, 0, 1, 
1185629, 1241422777839, 1241423659598, 0, 699, 3, 101, 0, 0, 0, 146580, 1, 
1192337, 1241413385293, 1241415983239, 0, 5268, 15, 283.8, 1146252, 12, 4, 1012813, 4, 
12, , , 1942.15, 0, 0, 0, 0, 20, 124, 383387, , 
1202977, 1241403696530, 1241404054080, 0, 85, 1, 85, 0, 0, 0, 54776, 2, 
1203117, 1241414244304, 1241414747779, 0, 309, 2, 171, 1215840, 2, 0, 152578, 4, 1
1203874, 1241405717293, 1241407471972, 0, 1427, 7, 123.57142857142857, 0, 0, 0, 929303, 2, 
1207233, 1241403150668, 1241406372124, 35, 1473, 10, 119.5, 0, 1, 0, 239111, 2, 
1210956, 1241423777703, 1241423786790, 0, 0, 0, 0, 0, 0, 0, 0, 1, 
1214279, 1241409407928, 1241410861458, 0, 158, 1, 178, 0, 0, 0, 1152211, 2, 
1222108, 1241403345165, 1241403492165, 0, 0, 0, 0, 0, 0, 0, 0, 1, 
1223024, 1241403138231, 1241406126768, 22.700000000000003, 0, 0, 0, 0, 1, 0, 1148098, 1, 1
1223946, 1241403036373, 1241405180583, 0, 227, 2, 99.5, 0, 0, 0, 1223024, 1, 
1225819, 1241412507265, 1241412603842, 0, 0, 0, 0, 0, 0, 0, 0, 1, 
1225912, 1241403036384, 1241403676500, 0, 249, 2, 124.5, 0, 0, 0, 0, 1, 
1226117, 1241412428635, 1241413447773, 0, 637, 4, 162.75, 0, 0, 0, 0, 1, 
1226131, 1241405676503, 1241405688397, 0, 0, 0, 0, 0, 0, 0, 0, 1, 
1226259, 1241406737475, 1241408819346, 0, 1797, 9, 166.88888888888889, 0, 0, 0, 452296, 2, 
1226297, 1241405032158, 1241405112177, 0, 0, 0, 0, 0, 0, 0, 0, 1, 
1226640, 1241407774578, 1241407813373, 0, 0, 0, 0, 0, 0, 0, 0, 1, 
1227107, 1241422333975, 1241422343480, 0, 0, 0, 0, 0, 0, 0, 0, 1, 
1227160, 1241409951497, 1241410212164, 0, 0, 0, 0, 0, 0, 0, 0, 1, 
1227574, 1241410542385, 1241410573435, 0, 0, 0, 0, 0, 0, 0, 0, 1, 
1227905, 1241409734941, 1241413502012, 0, 0, 0, 0, 0, 0, 0, 1137484, 1, 
1228272, 1241413395065, 1241413998488, 0, 182, 1, 77, 0, 0, 0, 70997, 1, 
1228525, 1241412700544, 1241413133177, 0, 0, 0, 0, 0, 0, 0, 0, 1, 
1228845, 1241415148156, 1241415171093, 0, 0, 0, 0, 0, 0, 0, 0, 1, 
1228994, 1241415167627, 1241415287368, 0, 0, 0, 0, 0, 0, 0, 0, 1, 
1229, 1241419743078, , 206.9, 2977, 8, 415.875, 0, 5, 9, 713, 12, 3
122907, , , 420.8, 0, 0, 0, 0, 6, 10, 251062, , 
1229210, 1241420109372, 1241422001072, 0, 1255, 7, 143, 0, 0, 0, 258951, 2, 
1229509, 1241418019176, 1241419331437, 0, 741, 9, 88.44444444444444, 0, 0, 0, 1090611, 1, 
1229552, 1241419933703, 1241419960337, 0, 0, 0, 0, 0, 0, 0, 0, 1, 
1229853, 1241419796441, 1241420292079, 0, 327, 1, 145, 0, 0, 0, 8401, 1, 
1229854, 1241420749882, , 0, 3779, 16, 254.875, 0, 0, 0, 8401, 3, 0
1229948, 1241420031790, 1241420108202, 0, 0, 0, 0, 0, 0, 0, 0, 1, 
1230069, 1241420708026, 1241420738649, 0, 0, 0, 0, 0, 0, 0, 0, 1, 
1230378, 1241422104068, 1241422401791, 0, 269, 1, 105, 0, 0, 0, 338409, 1, 
1230471, 1241423897514, 1241423931610, 0, 0, 0, 0, 0, 0, 0, 0, 1, 
124119, 1241420727207, , 0, 2687, 15, 151.4, 0, 0, 0, 1127083, 2, 0
125774, , , 11.5, 0, 0, 0, 0, 1, 0, 110178, , 
1265, , , 417.7, 0, 0, 0, 0, 14, 33, 12, , 
12729, 1241423593453, 1241423615334, 0, 0, 0, 0, 0, 0, 0, 0, 1, 
12770, , , 11.850000000000001, 0, 0, 0, 0, 23, 76, 383387, , 
12791, , , 19.3, 0, 0, 0, 0, 13, 22, 12, , 
130244, , , 770.0500000000001, 0, 0, 0, 0, 3, 10, 237967, , 
132403, , , 50.800000000000004, 0, 0, 0, 0, 5, 1, 172848, , 
132832, 1241404582705, 1241404940766, 0, 201, 2, 100.5, 0, 1, 2, 92388, 3, 0
132921, 1241413495779, 1241413504595, 0, 0, 0, 0, 0, 7, 0, 211601, 6, 2
133482, , , 31.400000000000002, 0, 0, 0, 0, 5, 12, 180951, , 
135411, 1241410437921, 1241410541909, 0, 0, 0, 0, 0, 0, 0, 0, 1, 
136291, 1241407008366, 1241407570748, 0, 270, 2, 108.5, 0, 0, 0, 0, 1, 
137784, 1241414799226, 1241416174515, 0, 0, 0, 0, 0, 0, 0, 153510, 2, 0
139168, 1241405617818, 1241406132119, 0, 908, 3, 278.6666666666667, 0, 2, 0, 102929, 4, 
141364, , , 27.400000000000002, 0, 0, 0, 0, 6, 3, 16514, , 
143268, 1241408126999, 1241409423932, 0, 302, 3, 100.66666666666667, 0, 0, 0, 0, 1, 
145006, , , 563, 0, 0, 0, 0, 3, 5, 245338, , 
145552, 1241404419700, 1241405324524, 0, 312, 2, 123, 0, 0, 0, 171151, 2, 
145609, 1241403611059, 1241404162914, 0, 664, 3, 234.66666666666666, 369307, 5, 4, 92300, 4, 0
146580, 1241422971611, , 32.1, 1704, 6, 331.6666666666667, 0, 3, 0, 1012813, 4, 0
147988, 1241404469801, 1241404494457, 0, 0, 0, 0, 170446, 7, 8, 307477, 6, 2
150179, 1241406121560, 1241406741235, 0, 513, 3, 171, 0, 1, 0, 10642, 4, 0
150469, 1241408575695, 1241413451586, 12.5, 1103, 3, 180.66666666666666, 0, 3, 8, 57393, 4, 0
152578, , , 30.9, 0, 0, 0, 0, 3, 4, 208699, , 
153097, 1241405050228, 1241408574735, 0, 1490, 5, 337.8, 0, 7, 0, 1062853, 3, 7
155004, 1241405360824, 1241405376118, 0, 0, 0, 0, 0, 1, 0, 145497, 2, 
156005, 1241423948187, , 0, 0, 0, 0, 0, 0, 0, 1148755, 1, 0
156489, , , 71.4, 0, 0, 0, 0, 12, 22, 713, , 
159420, , , 55.15, 0, 0, 0, 0, 1, 5, 206649, , 
160138, , , 25, 0, 0, 0, 0, 7, 11, 150469, , 
160801, , , 15.4, 0, 0, 0, 0, 5, 2, 166371, , 
161972, , , 77.39999999999999, 0, 0, 0, 0, 1, 0, 323488, , 
16352, 1241419314579, 1241419592219, 0, 221, 1, 203, 0, 0, 0, 0, 1, 
16514, , , 13.700000000000001, 0, 0, 0, 0, 5, 8, 1062, , 
166371, , , 1838.2499999999998, 0, 0, 0, 0, 4, 10, 267622, , 
169321, , , 113.2, 0, 0, 0, 0, 1, 1, 224647, , 
170191, , , 572.3499999999999, 0, 0, 0, 0, 3, 8, 202873, , 
171151, 1241403771121, 1241407692211, 31.200000000000003, 2389, 9, 263, 77, 36, 17, 21067, 13, 3
171513, 1241408406789, 1241409081722, 761.8, 4071, 15, 251.13333333333327, 0, 7, 7, 170191, 11, 2
172848, , , 25.400000000000002, 0, 0, 0, 0, 3, 5, 359624, , 
177695, 1241418740316, 1241418746765, 0, 0, 0, 0, 0, 0, 0, 0, 1, 
180951, , , 15.700000000000001, 0, 0, 0, 0, 2, 7, 153510, , 
181652, 1241408268549, 1241408872042, 0, 115, 1, 140, 68793, 0, 0, 125774, 4, 0
181827, 1241421488010, 1241421521900, 0, 1020, 10, 95.9, 0, 0, 0, 1127083, 2, 
182851, 1241415970363, 1241416502391, 0, 1132, 5, 336.6, 0, 1, 0, 169321, 4, 0
184042, 1241422629880, 1241423947230, 0, 5630, 23, 204.52173913043478, 0, 2, 1, 145006, 4, 1
184671, 1241422891960, , 862.6000000000001, 3435, 19, 126.10526315789474, 0, 1, 0, 171513, 3, 0
185363, 1241404175892, 1241405188698, 0, 997, 4, 142.5, 0, 0, 0, 187171, 2, 0
185390, 1241404960348, 1241406075456, 0, 282, 2, 116, 0, 0, 0, 0, 1, 
185650, , , 33.2, 0, 0, 0, 0, 2, 1, 185697, , 
187171, , , 99.7, 0, 0, 0, 0, 1, 0, 85021, , 
187571, 1241416772314, 1241417352202, 0, 250, 2, 115, 0, 0, 0, 160138, 2, 0
188370, , , 67.25, 0, 0, 0, 0, 2, 3, 163484, , 
1892, 1241423896728, , 0, 0, 0, 0, 33511, 20, 6, 995, 11, 2
189871, , , 71.35000000000001, 0, 0, 0, 0, 1, 3, 351626, , 
190461, 1241410579269, 1241410840197, 0, 0, 0, 0, 0, 0, 0, 366650, 1, 
190687, , , 48.25, 0, 0, 0, 0, 7, 9, 383937, , 
191252, , , 3.9000000000000004, 0, 0, 0, 0, 2, 0, 227147, , 
195736, , , 43.6, 0, 0, 0, 0, 6, 26, 334835, , 
195855, , , 8.950000000000001, 0, 0, 0, 0, 1, 2, 169869, , 
198681, 1241407932347, 1241408642625, 0, 217, 2, 108.5, 0, 0, 0, 0, 1, 
200145, , , 361.20000000000005, 0, 0, 0, 0, 1, 4, 209656, , 
201458, , , 11.5, 0, 0, 0, 0, 1, 0, 118417, , 
20260, 1241414379072, , 170.45000000000002, 2121, 6, 401.5, 17790, 18, 42, 12, 17, 13
202873, , , 203.55, 0, 0, 0, 0, 1, 3, 341164, , 
205446, 1241403229166, 1241405144052, 0, 2408, 6, 158.66666666666666, 96675, 0, 0, 96675, 3, 
208217, , , 62.900000000000006, 0, 0, 0, 0, 2, 0, 1092321, , 
208699, , , 15.45, 0, 0, 0, 0, 4, 8, 36200, , 
208867, 1241403156851, 1241405192373, 0, 1345, 6, 211.33333333333334, 0, 0, 0, 111249, 3, 0
209610, , , 17.900000000000002, 0, 0, 0, 0, 2, 0, 195855, , 
209656, , , 120.4, 0, 0, 0, 0, 6, 10, 167153, , 
210163, , , 614.4999999999999, 0, 0, 0, 0, 12, 4, 255725, , 
21067, , , 254.50000000000003, 0, 0, 0, 0, 2, 36, 302907, , 
21727, 1241409602554, 1241410212162, 0, 154, 1, 154, 0, 0, 0, 160801, 1, 
217505, , , 14.600000000000001, 0, 0, 0, 0, 5, 5, 3653, , 
223887, , , 94.10000000000001, 0, 0, 0, 0, 3, 2, 310109, , 
224647, , , 56.6, 0, 0, 0, 0, 1, 1, 234337, , 
227147, 1241405404501, 1241405441293, 1.9500000000000002, 0, 0, 0, 0, 6, 4, 238782, 5, 2
229059, 1241414783759, 1241414868058, 0, 0, 0, 0, 0, 1, 9, 80072, 11, 11
230164, 1241418993138, 1241419217250, 0, 965, 4, 287.5, 510740, 11, 9, 250837, 18, 2
234337, , , 358.49999999999983, 0, 0, 0, 0, 5, 5, 97523, , 
237967, , , 297.80000000000007, 0, 0, 0, 0, 3, 7, 336228, , 
239111, , , 164.80000000000004, 0, 0, 0, 0, 1, 1, 439277, , 
241206, 1241423827922, 1241423905929, 0, 0, 0, 0, 0, 0, 0, 184042, 1, 
245338, , , 281.5, 0, 0, 0, 0, 9, 12, 77353, , 
249250, 1241403036376, 1241403573316, 0, 276, 2, 138, 0, 0, 0, 510740, 1, 
250107, 1241408573667, 1241408821103, 0, 0, 0, 0, 333736, 6, 1, 193558, 8, 2
250837, , , 96.5, 0, 0, 0, 0, 1, 11, 190687, , 
251062, , , 210.4, 0, 0, 0, 0, 6, 18, 296361, , 
25453, 1241410984231, 1241411210531, 0, 111, 1, 104, 0, 0, 0, 0, 1, 
255725, , , 307.24999999999994, 0, 0, 0, 0, 1, 12, 309124, , 
256593, 1241416932754, 1241416953993, 0, 0, 0, 0, 0, 0, 0, 147608, 2, 0
256746, , , 78.35, 0, 0, 0, 0, 5, 30, 61984, , 
258951, 1241420328541, 1241422404911, 395.6000000000001, 2199, 7, 481.42857142857144, 318242, 22, 26, 1265, 11, 17
2606, 1241422622437, 1241422683059, 0, 852, 3, 341.3333333333333, 0, 6, 2, 307471, 6, 1
267622, , , 894.2499999999999, 0, 0, 0, 0, 2, 5, 1632, , 
269484, 1241422464068, , 84.1, 17885, 61, 328.93442622950823, 1124156, 3, 0, 166371, 4, 0
280766, 1241403195201, 1241406497099, 0, 3859, 17, 186.23529411764707, 269484, 0, 0, 83959, 3, 0
283305, , , 212.5, 0, 0, 0, 0, 1, 8, 497122, , 
283870, 1241413014358, 1241413129039, 0, 0, 0, 0, 0, 0, 0, 101282, 4, 0
288860, , , 317.30000000000007, 0, 0, 0, 0, 5, 10, 20260, , 
296658, , , 80.1, 0, 0, 0, 0, 9, 11, 299646, , 
297380, 1241419947401, 1241420059217, 0, 0, 0, 0, 0, 7, 3, 90015, 4, 2
298666, 1241413284570, 1241413910171, 0, 0, 0, 0, 868186, 6, 0, 259344, 7, 1
299646, , , 40.05, 0, 0, 0, 0, 4, 11, 69257, , 
301548, 1241422510373, 1241423984721, 23.6, 5988, 23, 269.7391304347826, 0, 2, 0, 634607, 4, 1
302907, , , 119.45000000000002, 0, 0, 0, 0, 2, 3, 283855, , 
307471, , , 85.2, 0, 0, 0, 0, 6, 16, 12, , 
310109, , , 38.800000000000004, 0, 0, 0, 0, 4, 6, 309096, , 
311783, 1241406309221, 1241420623219, 61.50000000000001, 5568, 18, 401.22222222222223, 0, 8, 2, 11460, 9, 4
316089, 1241409370191, 1241411392090, 0, 3173, 7, 427.2857142857143, 288860, 8, 1, 288860, 7, 5
32169, 1241417575304, 1241417654138, 0, 0, 0, 0, 219, 7, 0, 10260, 12, 4
32314, , , 58, 0, 0, 0, 0, 10, 14, 40508, , 
323488, , , 38.699999999999996, 0, 0, 0, 0, 1, 1, 94571, , 
327756, , , 5.800000000000001, 0, 0, 0, 0, 1, 4, 336524, , 
330095, 1241407242725, 1241407462176, 0, 98, 1, 96, 0, 0, 0, 430891, 3, 0
334835, , , 21.8, 0, 0, 0, 0, 2, 7, 143501, , 
335072, 1241413699679, 1241413872225, 0, 0, 0, 0, 0, 0, 0, 155161, 3, 0
336228, 1241422953718, 1241422960299, 85.3, 0, 0, 0, 351430, 9, 18, 307471, 12, 4
336524, 1241417934581, 1241421680180, 0, 436, 1, 322, 101052, 18, 6, 195736, 11, 2
3383, , , 38.6, 0, 0, 0, 0, 6, 10, 12791, , 
338409, 1241421835808, 1241423404700, 26.900000000000002, 2236, 7, 447.57142857142856, 0, 5, 4, 65584, 6, 3
341266, , , 29.8, 0, 0, 0, 0, 1, 17, 178409, , 
351430, , , 170.6, 0, 0, 0, 0, 11, 45, 336228, , 
351598, , , 35.95, 0, 0, 0, 0, 1, 29, 359624, , 
351626, , , 111.80000000000003, 0, 0, 0, 0, 7, 12, 183403, , 
35568, 1241410481361, 1241413290022, 103.65, 2807, 8, 163.75, 438751, 1, 23, 258951, 4, 
365218, , , 15.600000000000001, 0, 0, 0, 0, 3, 1, 551, , 
3653, , , 7.300000000000001, 0, 0, 0, 0, 15, 28, 86951, , 
383387, , , 785.6999999999999, 0, 0, 0, 0, 6, 56, 0, , 
388615, , , 9.5, 0, 0, 0, 0, 1, 2, 395687, , 
390995, , , 19, 0, 0, 0, 0, 2, 0, 388615, , 
39180, 1241406016069, 1241406196712, 26.1, 237, 1, 188, 0, 7, 15, 68619, 7, 1
396113, , , 587.9999999999999, 0, 0, 0, 0, 2, 7, 44987, , 
397835, , , 141.8, 0, 0, 0, 0, 5, 27, 47379, , 
402647, 1241412949672, 1241413259518, 0, 4952, 17, 293.5882352941176, 483162, 11, 3, 408501, 11, 6
403501, , , 192.95000000000002, 0, 0, 0, 0, 5, 3, 124503, , 
40508, , , 29, 0, 0, 0, 0, 4, 12, 23340, , 
408501, , , 495.2000000000001, 0, 0, 0, 0, 6, 15, 637936, , 
41022, , , 278.4, 0, 0, 0, 0, 1, 1, 412796, , 
413254, 1241416777038, 1241423329433, 124.80000000000001, 7000, 25, 251.16000000000003, 8401, 1, 0, 8401, 4, 0
414404, 1241419106799, 1241419865636, 0, 146, 1, 134, 0, 0, 0, 217505, 2, 0
415271, 1241421646146, 1241421959648, 0, 0, 0, 0, 0, 10, 2, 66689, 4, 0
417202, 1241423593361, 1241423616010, 0, 0, 0, 0, 0, 0, 0, 57395, 4, 0
42736, 1241407345506, 1241407349207, 0, 0, 0, 0, 93562, 2, 3, 133482, 4, 1
430717, , , 156.7, 0, 0, 0, 0, 30, 1, 256746, , 
430891, , , 9.8, 0, 0, 0, 0, 9, 5, 111249, , 
43386, 1241412526246, 1241414415953, 348.90000000000003, 5956, 19, 347.7368421052632, 106210, 4, 2, 130244, 8, 4
438751, 1241417348036, 1241417753108, 0, 6145, 20, 422.75, 35568, 4, 1, 210163, 6, 1
439277, , , 73.65, 0, 0, 0, 0, 7, 1, 208602, , 
440521, 1241409658221, 1241409673646, 0, 0, 0, 0, 0, 0, 0, 58643, 1, 0
44987, , , 293.99999999999994, 0, 0, 0, 0, 17, 18, 12770, , 
452296, 1241407478708, 1241408788915, 117.15, 2849, 6, 742.1666666666666, 0, 9, 5, 103144, 5, 2
462408, 1241404513534, 1241404782581, 0, 0, 0, 0, 121604, 4, 1, 191950, 10, 2
462700, 1241409283823, 1241410054834, 0, 650, 3, 152, 0, 0, 0, 269484, 1, 0
47379, , , 22.05, 0, 0, 0, 0, 4, 5, 54776, , 
49732, 1241416474310, 1241417112181, 0, 261, 1, 308, 0, 4, 9, 39180, 10, 3
505544, 1241421437116, 1241421783405, 0, 0, 0, 0, 0, 3, 0, 211715, 2, 0
507149, 1241403286428, 1241403684545, 0, 0, 0, 0, 0, 0, 0, 0, 1, 
510740, , , 27.6, 0, 0, 0, 0, 66, 3, 534632, , 
5212, 1241421948740, 1241422434264, 59.6, 714, 2, 482.5, 2843, 17, 16, 156489, 14, 2
522658, 1241418864222, 1241420843474, 0, 206, 1, 196, 0, 6, 4, 10642, 4, 0
53030, 1241415644060, 1241417380715, 0, 4208, 9, 669.7777777777778, 501908, 9, 6, 122907, 13, 3
533, , , 69.5, 0, 0, 0, 0, 7, 11, 20260, , 
534632, , , 13.8, 0, 0, 0, 0, 7, 79, 445660, , 
535, 1241416972183, 1241419304425, 0, 0, 0, 0, 533, 3, 2, 147628, 11, 3
538369, 1241404934784, 1241406329888, 0, 1706, 5, 492.8, 203784, 2, 0, 351430, 8, 1
538428, 1241412564144, 1241414439331, 0, 2384, 8, 303, 0, 1, 0, 43386, 3, 0
538748, , , 10.55, 0, 0, 0, 0, 1, 5, 53030, , 
545644, 1241410355582, 1241412903803, 0, 774, 6, 108.83333333333333, 0, 0, 0, 161972, 1, 0
547342, 1241411993940, 1241412612180, 0, 62, 1, 62, 0, 0, 0, 0, 1, 
54776, 1241414444340, 1241414530465, 755.5999999999998, 0, 0, 0, 1062, 71, 32, 89757, 15, 3
55022, , , 21.1, 0, 0, 0, 0, 5, 1, 538748, , 
551, , , 7.800000000000001, 0, 0, 0, 0, 3, 3, 713, , 
552702, , , 50.800000000000004, 0, 0, 0, 0, 5, 5, 92894, , 
554320, 1241414584241, 1241415097078, 0, 801, 3, 267, 366307, 9, 6, 296658, 5, 1
555437, 1241421681525, 1241422134600, 0, 0, 0, 0, 0, 0, 0, 0, 1, 
555728, , , 139.50000000000003, 0, 0, 0, 0, 16, 5, 1101, , 
564162, 1241404009763, 1241404453274, 0, 274, 2, 137, 176275, 3, 0, 141364, 6, 2
56633, 1241403480843, 1241403715297, 0, 156, 1, 197, 0, 0, 0, 365218, 2, 0
573658, 1241415269251, 1241415612151, 0, 116, 1, 67, 0, 3, 2, 1005670, 4, 1
57393, , , 110.3, 0, 0, 0, 0, 5, 56, 159420, , 
57431, 1241419491687, 1241420641072, 0, 1248, 6, 166.5, 0, 0, 0, 413254, 2, 
575140, 1241403084677, 1241403112844, 0, 0, 0, 0, 0, 2, 0, 603011, 2, 
57717, , , 37.55, 0, 0, 0, 0, 4, 10, 110178, , 
58859, 1241415119337, 1241416455090, 0, 5880, 14, 585.7142857142857, 43017, 7, 4, 396113, 13, 2
58997, 1241423776746, 1241423873221, 0, 0, 0, 0, 0, 0, 0, 0, 1, 
592692, , , 425, 0, 0, 0, 0, 8, 8, 283305, , 
603011, 1241415706216, 1241416451607, 0, 0, 0, 0, 0, 4, 4, 562788, 5, 1
60640, 1241409873810, 1241410751369, 0, 508, 4, 128.75, 0, 1, 3, 132403, 4, 0
60835, 1241406953615, 1241407692213, 0, 162, 2, 81, 0, 0, 0, 0, 1, 
61045, , , 90.7, 0, 0, 0, 0, 6, 2, 74372, , 
618696, 1241403818886, 1241403972121, 0, 0, 0, 0, 0, 0, 0, 336524, 2, 
61984, 1241404579035, 1241405892154, 0, 907, 4, 280.25, 77060, 2, 5, 61045, 8, 2
629321, 1241411797765, 1241412418638, 0, 0, 0, 0, 0, 0, 0, 0, 1, 
63415, , , 281.4, 0, 0, 0, 0, 6, 1, 8938, , 
634607, 1241409227970, 1241410042650, 610.6, 991, 6, 165.16666666666666, 0, 2, 2, 54776, 4, 
637936, , , 247.60000000000005, 0, 0, 0, 0, 3, 6, 217283, , 
639538, 1241415443604, 1241415654024, 0, 0, 0, 0, 0, 0, 0, 171720, 1, 
645187, 1241407524705, 1241408004852, 0, 235, 2, 120, 0, 0, 0, 0, 1, 
65584, , , 237.05000000000004, 0, 0, 0, 0, 4, 5, 351626, , 
65812, 1241415345170, 1241416173980, 0, 0, 0, 0, 80094, 0, 0, 80094, 4, 
673, 1241419715244, , 0, 2069, 6, 202.66666666666666, 0, 0, 0, 1229, 2, 0
677003, , , 139, 0, 0, 0, 0, 2, 1, 533, , 
67941, 1241408845426, 1241409725655, 0, 596, 5, 119.2, 0, 0, 0, 5212, 2, 0
68619, , , 36.75, 0, 0, 0, 0, 8, 10, 12770, , 
68793, 1241408363516, 1241408897149, 0, 115, 1, 89, 181652, 0, 0, 201458, 4, 0
696029, 1241412282033, 1241412902423, 0, 193, 2, 98, 0, 0, 0, 430717, 2, 
701624, 1241411064605, 1241411169099, 0, 0, 0, 0, 0, 0, 0, 98629, 2, 
70997, 1241412889228, 1241414263601, 195.40000000000003, 441, 3, 190, 1010692, 27, 29, 397835, 11, 2
711685, 1241422941282, 1241423043987, 0, 0, 0, 0, 0, 0, 0, 0, 1, 
713, 1241410137968, , 563.7499999999999, 8992, 20, 381.55, 1265, 10, 66, 12, 18, 6
71724, , , 45.4, 0, 0, 0, 0, 13, 4, 94103, , 
74372, , , 45.35, 0, 0, 0, 0, 4, 10, 336024, , 
785, 1241416559471, 1241419463968, 0, 2790, 11, 231, 0, 0, 0, 1122449, 4, 
797824, 1241409626628, 1241411613522, 0, 751, 3, 334, 574401, 15, 4, 82321, 7, 5
798148, 1241423414899, , 0, 580, 2, 429.5, 24814, 4, 0, 32314, 5, 3
80094, 1241422562972, 1241423952177, 0, 575, 2, 244.5, 65812, 9, 0, 70997, 6, 4
802319, , , 98.95, 0, 0, 0, 0, 2, 5, 773108, , 
81899, , , 827.8499999999997, 0, 0, 0, 0, 5, 8, 802319, , 
820146, 1241410720121, 1241410997498, 0, 53, 1, 105, 0, 0, 0, 0, 1, 
82254, 1241409896651, 1241410117902, 0, 314, 2, 200.5, 102796, 3, 0, 133482, 5, 1
82321, , , 75.1, 0, 0, 0, 0, 6, 35, 57717, , 
836417, , , 14.4, 0, 0, 0, 0, 3, 5, 582081, , 
83959, , , 385.90000000000003, 0, 0, 0, 0, 1, 0, 403501, , 
8401, 1241422197039, , 1086.3999999999996, 12599, 39, 302.5897435897437, 413254, 4, 1, 103033, 5, 3
84564, 1241403084673, 1241403246075, 0, 0, 0, 0, 0, 0, 0, 0, 1, 
85021, , , 49.85, 0, 0, 0, 0, 2, 1, 17790, , 
865090, 1241409847406, 1241410734752, 0, 211, 1, 169, 0, 1, 0, 55022, 3, 
8938, , , 135.95, 0, 0, 0, 0, 14, 6, 541655, , 
89757, , , 53.800000000000004, 0, 0, 0, 0, 3, 74, 20260, , 
898051, 1241419824666, 1241420172058, 0, 412, 1, 379, 0, 0, 0, 0, 1, 
92300, , , 66.4, 0, 0, 0, 0, 1, 5, 185650, , 
92388, , , 20.1, 0, 0, 0, 0, 1, 1, 106069, , 
92894, , , 25.400000000000002, 0, 0, 0, 0, 1, 5, 106082, , 
929303, , , 142.70000000000002, 0, 0, 0, 0, 3, 0, 189871, , 
933369, 1241403114590, , 0, 331, 3, 96.66666666666667, 0, 0, 0, 0, 1, 0
937109, 1241413307449, 1241414441454, 0, 1105, 4, 116, 0, 1, 0, 43386, 2, 
940573, 1241406287618, 1241406677345, 0, 0, 0, 0, 0, 0, 0, 757, 1, 
94204, 1241407097889, 1241407724841, 0, 39, 1, 78, 0, 0, 0, 191252, 1, 0
96675, 1241403036382, 1241405416021, 240.8, 2408, 6, 643.5, 205446, 4, 3, 200145, 4, 0
98068, 1241412280229, 1241412340996, 0, 191, 1, 110, 0, 0, 0, 269484, 1, 
990799, , , 125.95000000000002, 0, 0, 0, 0, 5, 9, 836417, , 
993787, 1241415204609, 1241416204858, 0, 247, 2, 123.5, 0, 0, 0, 0, 1, 
995, 1241415892674, 1241421382783, 0, 381, 2, 190.5, 12, 11, 23, 12, 14, 5
996135, 1241410561372, 1241413253491, 0, 1390, 10, 133.7, 0, 1, 0, 677003, 2, 
998652, 1241411205764, 1241411772191, 375.1, 90, 1, 90, 1127083, 3, 7, 990799, 3, 
<<<<EndTable

PlayersOnlineNow=16
PlayersOnlineEachMinute=0, 10, 12, 16, 19, 18, 22, 22, 21, 20, 20, 18, 18, 20, 21, 22, 22, 21, 21, 20, 22, 21, 21, 21, 22, 21, 23, 24, 23, 24, 24, 24, 27, 29, 30, 28, 24, 25, 23, 21, 19, 18, 17, 18, 19, 20, 24, 24, 25, 25, 27, 25, 22, 22, 23, 25, 24, 25, 23, 22, 22, 20, 19, 20, 20, 21, 23, 24, 27, 26, 25, 28, 26, 24, 20, 22, 21, 20, 18, 17, 17, 15, 17, 18, 17, 18, 18, 17, 18, 19, 21, 20, 22, 23, 22, 20, 20, 17, 15, 15, 14, 13, 11, 11, 13, 14, 16, 16, 16, 15, 17, 15, 17, 15, 17, 19, 21, 19, 18, 20, 18, 18, 20, 22, 24, 24, 24, 24, 23, 20, 21, 20, 20, 20, 21, 23, 23, 23, 23, 23, 20, 20, 20, 20, 22, 20, 19, 19, 19, 19, 21, 22, 22, 23, 24, 26, 26, 25, 25, 27, 24, 23, 23, 24, 24, 23, 24, 26, 24, 22, 22, 19, 21, 22, 21, 20, 20, 21, 22, 22, 22, 21, 20, 19, 19, 19, 19, 20, 17, 17, 14, 14, 13, 16, 15, 15, 15, 14, 14, 12, 12, 11, 14, 15, 18, 16, 18, 19, 19, 19, 18, 16, 17, 17, 16, 17, 17, 17, 17, 15, 14, 14, 14, 14, 13, 12, 13, 13, 13, 15, 15, 14, 14, 15, 15, 14, 13, 14, 15, 13, 14, 14, 15, 18, 16, 15, 15, 16, 15, 19, 18, 19, 18, 18, 18, 19, 19, 19, 19, 19, 19, 20, 19, 19, 21, 20, 21, 20, 21, 20, 19, 19, 17, 18, 16, 18, 16, 18, 18, 18, 21, 20, 22, 23, 24, 24, 22, 23, 20, 21, 21, 21, 20, 22, 20, 21, 22, 21, 21, 22, 22, 22, 20, 20, 20, 20, 18, 19, 19, 18, 18, 21, 22, 21, 22, 21, 21, 21, 21, 20, 21, 21, 21, 16, 14, 16, 18, 19, 19, 18, 18, 18, 19, 20, 19, 19, 19, 19, 19, 18, 18, 19, 19, 19, 19, 18, 19, 20, 19, 17
PlayersInEachFeedingGame=1, 1, 3, 1, 1, 1, 2, 1, 1, 2, 2, 2, 2, 2, 2, 1, 2, 2, 1, 2, 1, 1, 3, 2, 2, 2, 1, 1, 2, 2, 2, 2, 1, 2, 1, 1, 2, 2, 1, 1, 2, 2, 1, 1, 2, 2, 2, 2, 2, 1, 2, 2, 2, 2, 2, 1, 1, 2, 1, 3, 2, 1, 2, 1, 2, 1, 3, 2, 2, 1, 2, 1, 2, 1, 2, 2, 2, 1, 2, 1, 2, 1, 2, 1, 1, 1, 2, 2, 1, 1, 1, 2, 2, 2, 1, 2, 1, 1, 1, 1, 2, 3, 1, 2, 2, 2, 2, 2, 1, 1, 2, 1, 2, 1, 1, 2, 1, 1, 2, 3, 1, 2, 1, 2, 2, 1, 3, 2, 1, 2, 1, 1, 2, 2, 2, 2, 2, 1, 1, 2, 2, 1, 1, 1, 1, 2, 1, 1, 1, 2, 1, 2, 1, 1, 1, 2, 1, 1, 2, 2, 1, 1, 2, 1, 2, 2, 2, 2, 1, 1, 1, 2, 2, 2, 1, 2, 2, 2, 2, 1, 2, 1, 2, 1, 2, 2, 1, 1, 1, 2, 2, 1, 2, 2, 2, 2, 2, 1, 1, 2, 2, 1, 2, 2, 2, 2, 2, 1, 2, 1, 2, 2, 2, 2, 2, 2, 2, 2, 2, 3, 1, 1, 1, 2, 2, 1, 1, 1, 1, 1, 2, 1, 2, 2, 2, 2, 1, 1, 2, 1, 2, 1, 1, 2, 1, 1, 2, 1, 1, 1, 1, 2, 2, 1, 2, 1, 2, 1, 2, 1, 2, 1, 2, 2, 2, 1, 2, 1, 1, 3, 1, 2, 1, 2, 1, 1, 1, 1, 2, 2, 1, 1, 1, 1, 2, 2, 2, 1, 2, 1, 2, 2, 2, 2, 2, 1, 1, 1, 2, 1, 2, 2, 2, 2, 2, 2, 1, 1, 2, 2, 2, 2, 2, 1, 2, 2, 2, 1, 1, 2, 1, 1, 1, 2, 2, 1, 2, 2, 1, 2, 2, 1, 2, 2, 2, 2, 1, 1, 2, 1, 2, 2, 1, 2, 2, 2, 3, 1, 1, 1, 2, 1, 3, 3, 2, 2, 2, 1, 1, 2, 2, 1, 2, 2, 2
PlayersStarted=387
PlayersQuit=371
StatsStartTime=1241403035209
StatsDumpTime=1241424037117
<<<<EndStats
2009-05-04 01:01:10,267 ERROR: vampire.server.feeding.FeedingRecord sendPlayerStartGameMsg [playerId=124119, prey=false, _predatorIndex=]
2009-05-04 01:01:11,077 ERROR: vampire.server.feeding.FeedingRecord sendPlayerStartGameMsg [playerId=8401, prey=false, _predatorIndex=]
2009-05-04 01:03:33,815 ERROR: vampire.server.feeding.FeedingRecord sendPlayerStartGameMsg [playerId=8401, prey=true, _predatorIndex=]
2009-05-04 01:03:33,817 ERROR: vampire.server.feeding.FeedingRecord sendPlayerStartGameMsg [playerId=1892, prey=false, _predatorIndex=]
2009-05-04 01:03:34,283 ERROR: vampire.server.feeding.FeedingRecord sendPlayerStartGameMsg [playerId=146580, prey=false, _predatorIndex=]
2009-05-04 01:03:37,819 ERROR: vampire.server.feeding.FeedingRecord sendPlayerStartGameMsg [playerId=603011, prey=true, _predatorIndex=]
2009-05-04 01:03:37,820 ERROR: vampire.server.feeding.FeedingRecord sendPlayerStartGameMsg [playerId=158346, prey=false, _predatorIndex=]
2009-05-04 01:04:06,004 ERROR: vampire.server.feeding.FeedingRecord sendPlayerStartGameMsg [playerId=269484, prey=false, _predatorIndex=158346]
2009-05-04 01:04:23,900 ERROR: vampire.server.feeding.FeedingRecord sendPlayerStartGameMsg [playerId=798148, prey=true, _predatorIndex=]
2009-05-04 01:04:23,901 ERROR: vampire.server.feeding.FeedingRecord sendPlayerStartGameMsg [playerId=269484, prey=false, _predatorIndex=]
2009-05-04 01:05:42,842 ERROR: vampire.server.feeding.FeedingRecord sendPlayerStartGameMsg [playerId=401176, prey=false, _predatorIndex=]
2009-05-04 01:06:05,972 ERROR: vampire.server.feeding.FeedingRecord sendPlayerStartGameMsg [playerId=146580, prey=false, _predatorIndex=401176]
2009-05-04 01:06:59,972 ERROR: vampire.server.feeding.FeedingRecord sendPlayerStartGameMsg [playerId=158346, prey=true, _predatorIndex=]
2009-05-04 01:06:59,972 ERROR: vampire.server.feeding.FeedingRecord sendPlayerStartGameMsg [playerId=269484, prey=false, _predatorIndex=]
2009-05-04 01:07:50,225 ERROR: vampire.server.feeding.FeedingRecord sendPlayerStartGameMsg [playerId=124119, prey=false, _predatorIndex=]
2009-05-04 01:08:06,836 ERROR: vampire.server.feeding.FeedingRecord sendPlayerStartGameMsg [playerId=124119, prey=true, _predatorIndex=]
2009-05-04 01:08:06,837 ERROR: vampire.server.feeding.FeedingRecord sendPlayerStartGameMsg [playerId=146580, prey=false, _predatorIndex=]
2009-05-04 01:08:38,260 ERROR: vampire.server.feeding.FeedingRecord sendPlayerStartGameMsg [playerId=798148, prey=false, _predatorIndex=269484]
2009-05-04 01:08:43,639 ERROR: vampire.server.feeding.FeedingRecord sendPlayerStartGameMsg [playerId=1229854, prey=true, _predatorIndex=]
2009-05-04 01:08:43,639 ERROR: vampire.server.feeding.FeedingRecord sendPlayerStartGameMsg [playerId=32314, prey=false, _predatorIndex=]
2009-05-04 01:08:50,084 ERROR: vampire.server.feeding.FeedingRecord sendPlayerStartGameMsg [playerId=798148, prey=false, _predatorIndex=]
2009-05-04 01:09:19,429 ERROR: vampire.server.feeding.FeedingRecord sendPlayerStartGameMsg [playerId=158346, prey=true, _predatorIndex=]
2009-05-04 01:09:19,430 ERROR: vampire.server.feeding.FeedingRecord sendPlayerStartGameMsg [playerId=32314, prey=false, _predatorIndex=]
2009-05-04 01:09:58,156 ERROR: vampire.server.feeding.FeedingRecord sendPlayerStartGameMsg [playerId=1229854, prey=false, _predatorIndex=]

