
>>>>BeginStats

>>>>BeginTable
PlayerId, StartTime, EndTime, ProgenyPayout, XPFromFeeding, FeedingGames, MeanFeedingScore, BloodBond, Progeny, GrandProgeny, Sire, Level, Invites
100300, 1241474579079, , 0, 3240, 16, 213.4375, 0, 0, 0, 0, 3, 0
1010692, , , 23.950000000000003, 0, 0, 0, 0, 15, 14, 70997, , 
1019248, , , 115.7, 0, 0, 0, 0, 1, 0, 210163, , 
1020260, 1241469745796, 1241470616923, 0, 1157, 4, 269.25, 0, 0, 0, 1019248, 3, 
1021250, 1241471001392, 1241471505811, 0, 95, 1, 95, 0, 0, 0, 0, 1, 
1021278, 1241473509678, 1241474936951, 19.5, 696, 4, 107.25, 0, 2, 2, 452296, 3, 
1022386, 1241468831066, 1241469716949, 0, 203, 2, 119.5, 0, 0, 0, 182431, 1, 
10260, 1241467906952, , 469.70000000000005, 6958, 15, 430.6, 1101, 7, 8, 713, 13, 2
102613, , , 33.2, 0, 0, 0, 0, 1, 0, 39171, , 
102770, , , 6.8500000000000005, 0, 0, 0, 0, 2, 10, 7078, , 
103033, , , 472.05000000000007, 0, 0, 0, 0, 8, 8, 81899, , 
103144, , , 162.90000000000003, 0, 0, 0, 0, 5, 15, 116005, , 
1032421, 1241476067388, , 0, 867, 3, 320.6666666666667, 0, 6, 1, 990799, 6, 1
1044730, 1241467517806, 1241467715104, 47.900000000000006, 0, 0, 0, 0, 12, 1, 1010692, 6, 3
1047756, 1241476153913, 1241476160031, 0, 0, 0, 0, 0, 0, 0, 0, 1, 
1051628, 1241469001320, 1241469018694, 0, 0, 0, 0, 0, 0, 0, 0, 1, 
1059336, 1241468166029, 1241468410063, 0, 105, 1, 105, 0, 0, 0, 0, 1, 
1059384, 1241471349400, 1241473120459, 0, 657, 8, 80.125, 0, 0, 0, 462408, 1, 
1060546, 1241476435231, 1241476480459, 0, 0, 0, 0, 0, 0, 0, 1047840, 1, 
1062, 1241474210107, 1241476889251, 137.7, 3503, 13, 285.6923076923077, 54776, 9, 7, 713, 15, 2
10628, 1241466921900, 1241468007243, 0, 206, 1, 121, 0, 0, 0, 1265, 4, 0
1062853, , , 19.900000000000002, 0, 0, 0, 0, 9, 11, 1124214, , 
10642, 1241473557050, 1241476038543, 235.54999999999998, 9688, 13, 668.3846153846154, 447249, 30, 46, 351598, 15, 2
1077614, 1241470548146, 1241470561321, 0, 0, 0, 0, 0, 1, 0, 836050, 3, 
1079046, 1241475865270, 1241476593390, 0, 237, 1, 237, 0, 0, 0, 0, 3, 
1082674, 1241472932637, 1241473839651, 0, 324, 2, 138.5, 0, 0, 0, 366650, 1, 
1082840, 1241466203558, 1241466513986, 0, 0, 0, 0, 0, 0, 0, 0, 1, 
1084434, 1241473281471, 1241473409161, 0, 0, 0, 0, 0, 0, 0, 54776, 2, 
1085689, 1241476286031, , 0, 1139, 6, 98.16666666666667, 0, 0, 0, 1148755, 2, 0
1086242, 1241472779648, 1241476008598, 45.6, 2515, 12, 207.58333333333334, 0, 1, 0, 39030, 4, 
1088402, 1241475083973, , 0, 709, 4, 208.25, 0, 0, 0, 43386, 3, 0
1088614, 1241470295995, 1241471125322, 0, 0, 0, 0, 0, 0, 0, 208217, 1, 
1089041, 1241475818239, 1241476344324, 0, 135, 1, 85, 0, 0, 0, 0, 1, 
1092321, 1241476446247, , 539.2500000000001, 160, 1, 109, 208217, 24, 25, 35568, 6, 2
110117, 1241466874508, 1241467208877, 0, 236, 1, 236, 0, 0, 0, 129764, 1, 
1109070, 1241475030662, 1241475217529, 0, 892, 3, 145.33333333333334, 0, 0, 0, 1092321, 2, 
1110327, 1241469341764, 1241469416988, 0, 0, 0, 0, 0, 0, 0, 0, 1, 
1110484, 1241469168001, 1241469656961, 0, 398, 2, 199, 153097, 0, 0, 153097, 3, 
1111437, 1241468450543, 1241472252322, 34.5, 655, 5, 88.8, 0, 1, 0, 70997, 1, 
1112884, 1241468984569, 1241470916942, 0, 0, 0, 0, 0, 0, 0, 1148755, 2, 
111395, 1241473101449, 1241474618623, 0, 1328, 7, 115.28571428571429, 0, 1, 0, 1892, 4, 1
1114188, 1241473139278, 1241475326517, 0, 713, 6, 95, 0, 0, 0, 1086242, 1, 
1114474, 1241471776291, 1241471852413, 0, 0, 0, 0, 0, 0, 0, 0, 1, 
1116105, 1241471270341, 1241471447817, 0, 0, 0, 0, 0, 0, 0, 303737, 2, 
1116360, 1241474805371, 1241474821906, 0, 0, 0, 0, 0, 0, 0, 0, 1, 
1122449, , , 59.10000000000001, 0, 0, 0, 0, 5, 5, 555728, , 
1123103, 1241472289304, 1241472750638, 0, 0, 0, 0, 0, 0, 0, 1127473, 1, 
1124214, 1241472299728, 1241472922822, 0, 591, 2, 249.5, 0, 5, 9, 1122449, 4, 
113237, , , 673.8999999999997, 0, 0, 0, 0, 9, 13, 10642, , 
114128, 1241467998418, 1241468143990, 0, 0, 0, 0, 0, 0, 0, 0, 1, 
1143633, 1241471452090, 1241472125342, 0, 186, 1, 143, 0, 0, 0, 130730, 1, 
1143768, 1241470426520, 1241470441555, 0, 0, 0, 0, 0, 0, 0, 0, 1, 
11460, , , 79, 0, 0, 0, 0, 1, 8, 41022, , 
1146252, 1241475502493, 1241475518898, 0, 885, 3, 239.66666666666666, 1192337, 1, 0, 3811, 5, 1
1147059, 1241474366919, 1241474417405, 0, 0, 0, 0, 0, 0, 0, 0, 1, 
1148098, 1241467760304, 1241468149272, 0, 195, 1, 173, 0, 2, 1, 1021278, 4, 
1148755, 1241475450234, , 113.90000000000002, 3300, 10, 386.4, 0, 13, 1, 1092321, 5, 5
1152211, , , 30.8, 0, 0, 0, 0, 1, 0, 452296, , 
115913, 1241476519924, 1241476561613, 0, 0, 0, 0, 0, 0, 0, 0, 1, 
1159167, 1241470934990, 1241471864377, 0, 743, 3, 168, 0, 0, 0, 8401, 1, 
1159463, 1241476365724, , 0, 648, 2, 173.5, 0, 0, 0, 37261, 1, 0
116005, , , 64.05000000000001, 0, 0, 0, 0, 6, 5, 130627, , 
1163822, 1241476541272, 1241476587669, 0, 0, 0, 0, 0, 0, 0, 1164090, 1, 
1164090, 1241470033384, 1241470645137, 0, 0, 0, 0, 0, 2, 0, 175754, 1, 
116762, , , 34.6, 0, 0, 0, 0, 2, 0, 356893, , 
1173838, 1241468386641, 1241468876949, 0, 182, 2, 60, 0, 0, 0, 0, 1, 
117675, 1241474424181, 1241474564316, 0, 0, 0, 0, 0, 0, 0, 286697, 1, 0
1191936, 1241476089787, 1241476328760, 0, 326, 1, 326, 0, 0, 0, 0, 1, 
1193591, 1241467137330, 1241467141413, 0, 0, 0, 0, 0, 0, 0, 0, 1, 
1194247, 1241472473433, 1241472968446, 0, 117, 1, 156, 0, 0, 0, 308635, 2, 
1196189, 1241466297330, 1241466837000, 0, 525, 2, 147, 0, 0, 0, 533, 1, 
12, , , 3603.85, 0, 0, 0, 0, 20, 88, 383387, , 
1203484, 1241466692935, 1241467161403, 0, 473, 3, 124.33333333333333, 0, 0, 0, 30152, 2, 
1207233, 1241474585407, 1241474700613, 0, 0, 0, 0, 0, 1, 0, 239111, 2, 
1208580, 1241476964489, , 0, 297, 2, 121, 0, 0, 0, 885698, 1, 0
1213302, 1241474612111, 1241474665210, 0, 0, 0, 0, 0, 0, 0, 0, 1, 
1214279, 1241476421125, , 0, 308, 1, 191, 0, 0, 0, 1152211, 2, 0
1214750, 1241468453200, 1241468866670, 0, 0, 0, 0, 0, 0, 0, 0, 1, 
1216946, 1241473859023, 1241475236979, 0, 78, 1, 78, 0, 0, 0, 836050, 1, 
1217870, 1241470348400, 1241471069278, 0, 299, 2, 118, 0, 0, 0, 0, 1, 
122012, 1241469572929, 1241469610020, 0, 0, 0, 0, 0, 0, 0, 217283, 1, 
122194, , , 5.8500000000000005, 0, 0, 0, 0, 1, 12, 170316, , 
1222327, 1241469076435, 1241471318788, 0, 1463, 8, 165.5, 0, 0, 0, 0, 2, 
122401, 1241471219869, 1241471750608, 0, 346, 1, 192, 0, 0, 0, 116762, 3, 0
1225103, 1241474754051, 1241475558951, 0, 385, 3, 79.33333333333333, 0, 0, 0, 54776, 1, 
1225520, 1241474302608, 1241474773949, 0, 119, 2, 61, 0, 0, 0, 0, 1, 
1225761, 1241472972140, 1241473208090, 0, 0, 0, 0, 0, 0, 0, 8401, 1, 
1226436, 1241473665531, 1241473725450, 0, 0, 0, 0, 0, 0, 0, 0, 1, 
1228337, 1241471776826, 1241472242583, 0, 321, 2, 160.5, 0, 0, 0, 0, 1, 
1231958, 1241473957308, 1241474125226, 0, 0, 0, 0, 0, 0, 0, 943783, 1, 
1232593, 1241475578111, 1241476268060, 0, 1541, 5, 144.2, 0, 0, 0, 885698, 2, 
1235003, 1241471780024, 1241471809671, 0, 0, 0, 0, 0, 0, 0, 0, 1, 
1237789, , , 324.90000000000003, 0, 0, 0, 0, 1, 1, 510740, , 
124503, , , 13.200000000000001, 0, 0, 0, 0, 3, 7, 170934, , 
1245435, 1241468646083, 1241469606986, 0, 345, 3, 121, 0, 0, 0, 1111437, 1, 
1248514, 1241475708120, 1241475736106, 0, 0, 0, 0, 0, 0, 0, 0, 1, 
1249160, 1241474245767, 1241474725560, 0, 136, 1, 136, 0, 0, 0, 0, 1, 
1249173, 1241470424451, 1241472416960, 0, 147, 2, 91, 0, 0, 0, 0, 1, 
1249303, 1241469778303, 1241470016940, 0, 914, 6, 126.83333333333333, 0, 0, 0, 0, 1, 
1249365, 1241466975111, 1241466994518, 0, 0, 0, 0, 0, 0, 0, 0, 1, 
1249506, 1241470956441, 1241473047437, 0, 292, 3, 76.66666666666667, 0, 0, 0, 90041, 1, 
1249764, 1241470154044, 1241470846451, 0, 0, 0, 0, 0, 0, 0, 0, 1, 
1249823, 1241475123812, 1241476637382, 0, 1005, 8, 126.625, 0, 0, 0, 0, 2, 
1250100, 1241469616135, 1241469645643, 0, 0, 0, 0, 0, 0, 0, 0, 1, 
1250809, 1241470909325, 1241470979374, 0, 0, 0, 0, 0, 0, 0, 33995, 1, 
1250868, 1241471062171, 1241471085617, 0, 0, 0, 0, 0, 0, 0, 0, 1, 
1251884, 1241474275643, 1241474816934, 0, 0, 0, 0, 0, 0, 0, 0, 1, 
1251928, 1241474181292, 1241474542389, 0, 0, 0, 0, 0, 0, 0, 0, 1, 
1252394, 1241475610931, 1241476026668, 0, 84, 1, 84, 0, 0, 0, 0, 1, 
1252426, 1241476177434, 1241476187216, 0, 0, 0, 0, 0, 0, 0, 0, 1, 
1252511, 1241475973466, 1241476006259, 0, 0, 0, 0, 0, 0, 0, 0, 1, 
1252800, 1241476870243, 1241476973580, 0, 0, 0, 0, 0, 0, 0, 0, 1, 
1265, 1241469128264, 1241470447340, 303.7, 6555, 11, 768.6363636363636, 713, 15, 34, 12, 16, 3
127632, 1241468497012, 1241468855530, 0, 278, 1, 80, 0, 0, 0, 0, 1, 
127763, , , 255.55, 0, 0, 0, 0, 2, 6, 143278, , 
127818, , , 8.25, 0, 0, 0, 0, 1, 2, 506686, , 
12791, 1241473998055, 1241474007350, 441.45000000000005, 4174, 8, 677.375, 0, 13, 22, 12, 12, 2
128794, , , 50.150000000000006, 0, 0, 0, 0, 2, 4, 93202, , 
129764, , , 23.6, 0, 0, 0, 0, 10, 0, 370341, , 
130244, , , 35.45, 0, 0, 0, 0, 3, 9, 237967, , 
130457, 1241472116531, 1241472604037, 0, 0, 0, 0, 0, 1, 0, 341164, 3, 0
130627, 1241475811896, 1241475837630, 0, 0, 0, 0, 0, 8, 22, 85079, 11, 5
130730, 1241469825414, 1241472882561, 18.6, 1214, 10, 110.2, 0, 1, 0, 402642, 2, 1
131355, 1241466996512, 1241467344818, 0, 0, 0, 0, 0, 1, 2, 461901, 4, 0
132334, , , 13.600000000000001, 0, 0, 0, 0, 3, 1, 66842, , 
133625, 1241474550102, 1241474900535, 0, 101, 1, 101, 0, 0, 0, 0, 1, 
136131, 1241473843817, 1241473969592, 0, 0, 0, 0, 1089370, 1, 0, 403501, 4, 0
139864, 1241475887536, , 0, 188, 1, 113, 0, 0, 0, 205658, 4, 0
142178, , , 36.7, 0, 0, 0, 0, 2, 17, 73621, , 
143278, , , 63.45, 0, 0, 0, 0, 8, 2, 137000, , 
143528, 1241470583864, 1241470621357, 0, 0, 0, 0, 0, 0, 0, 561343, 1, 1
143734, 1241469274628, 1241469896984, 0, 584, 1, 190, 0, 0, 0, 0, 1, 
143937, 1241466442323, 1241468035333, 0, 627, 3, 188, 0, 0, 0, 7078, 4, 0
145609, 1241476637881, 1241476726420, 0, 0, 0, 0, 369307, 5, 4, 92300, 4, 0
147246, 1241469020602, 1241470676922, 0, 948, 6, 188.5, 0, 0, 0, 68390, 1, 
147628, , , 38.5, 0, 0, 0, 0, 6, 0, 63846, , 
149684, , , 8.1, 0, 0, 0, 0, 3, 4, 184167, , 
152169, 1241476543366, , 0, 318, 2, 71, 0, 0, 0, 0, 1, 0
153097, , , 39.800000000000004, 0, 0, 0, 0, 11, 0, 1062853, , 
1531, 1241467474324, 1241472058097, 203.60000000000002, 4756, 10, 502, 503, 5, 14, 12, 14, 3
154004, 1241474358319, 1241474363814, 0, 0, 0, 0, 561706, 8, 5, 90041, 4, 0
156489, , , 129.05, 0, 0, 0, 0, 12, 22, 713, , 
157404, 1241470702085, 1241471105010, 0, 229, 2, 106.5, 0, 0, 0, 0, 1, 
163975, 1241476149617, 1241476159046, 0, 0, 0, 0, 0, 0, 0, 403501, 2, 0
164243, , , 100.30000000000001, 0, 0, 0, 0, 4, 2, 128794, , 
16514, 1241475460897, , 0, 1377, 5, 270, 44929, 5, 8, 1062, 4, 0
16825, , , 20.65, 0, 0, 0, 0, 14, 7, 4139, , 
168395, 1241469265182, 1241469484840, 0, 383, 2, 202, 0, 0, 0, 46604, 4, 
168473, , , 105.45, 0, 0, 0, 0, 10, 4, 180508, , 
170191, , , 22.5, 0, 0, 0, 0, 3, 7, 202873, , 
170316, , , 883.35, 0, 0, 0, 0, 4, 5, 210210, , 
1704, , , 139.64999999999998, 0, 0, 0, 0, 2, 6, 33541, , 
170934, , , 4.4, 0, 0, 0, 0, 7, 4, 49732, , 
171513, 1241469549136, 1241469771735, 0, 225, 1, 225, 0, 7, 7, 170191, 11, 2
172214, 1241475991075, 1241476366669, 0, 0, 0, 0, 0, 1, 0, 133482, 1, 1
174845, 1241468228637, 1241470291090, 0, 1986, 6, 222.5, 0, 0, 0, 52206, 4, 0
177916, , , 31.35, 0, 0, 0, 0, 4, 9, 202501, , 
18, 1241468663709, 1241470171080, 0, 1062, 5, 236.2, 0, 0, 0, 383387, 2, 0
1802, 1241475643525, 1241476496963, 0, 1281, 3, 426.3333333333333, 995, 6, 2, 103144, 11, 2
180508, , , 40.050000000000004, 0, 0, 0, 0, 1, 10, 12791, , 
182431, 1241469065684, 1241469518965, 8.8, 88, 1, 51, 0, 1, 0, 124503, 3, 0
185653, 1241476872145, 1241476878137, 0, 0, 0, 0, 0, 1, 1, 117857, 3, 0
187326, 1241477023552, , 0, 137, 1, 164, 0, 0, 0, 194202, 5, 1
187381, 1241470253531, 1241471799040, 0, 873, 4, 193.75, 211710, 7, 4, 2843, 8, 1
1892, 1241473207547, , 352.59999999999997, 4552, 19, 295.7368421052632, 33511, 20, 6, 995, 12, 2
191950, , , 426.8, 0, 0, 0, 0, 1, 6, 191984, , 
191984, 1241467325060, 1241472776987, 190.80000000000004, 367, 1, 166, 191950, 17, 5, 142178, 9, 9
19205, 1241470710638, 1241471369791, 0, 4072, 9, 527.1111111111111, 0, 3, 2, 8842, 8, 1
194024, 1241477219288, , 0, 0, 0, 0, 0, 0, 0, 0, 1, 0
194202, , , 13.700000000000001, 0, 0, 0, 0, 2, 0, 102770, , 
196018, 1241476889228, , 0, 479, 2, 239.5, 0, 0, 0, 1044730, 1, 0
196462, , , 125.75, 0, 0, 0, 0, 2, 10, 392944, , 
198149, , , 18.6, 0, 0, 0, 0, 1, 7, 380604, , 
199427, , , 1659.6000000000001, 0, 0, 0, 0, 1, 3, 208602, , 
202327, 1241466737510, 1241469044378, 0, 69, 1, 22, 166836, 3, 3, 249362, 6, 1
20260, , , 302.65, 0, 0, 0, 0, 18, 14, 12, , 
202873, , , 11.25, 0, 0, 0, 0, 1, 3, 341164, , 
203405, 1241476869099, 1241476989039, 0, 0, 0, 0, 0, 0, 0, 195722, 4, 0
205059, 1241474691132, 1241474936953, 0, 0, 0, 0, 0, 0, 0, 185505, 4, 0
205658, , , 18.8, 0, 0, 0, 0, 1, 0, 37832, , 
206799, 1241471157873, 1241471171752, 0, 0, 0, 0, 0, 0, 0, 0, 1, 
208602, , , 829.8000000000001, 0, 0, 0, 0, 7, 3, 351626, , 
209166, 1241471210704, 1241471682566, 0, 125, 1, 125, 0, 0, 0, 0, 1, 
210163, , , 57.85, 0, 0, 0, 0, 12, 1, 255725, , 
210210, , , 421.65000000000003, 0, 0, 0, 0, 4, 4, 381607, , 
2108, 1241470929779, 1241471086856, 0, 0, 0, 0, 198620, 4, 0, 1090442, 4, 
212304, 1241472267476, 1241473394386, 0, 631, 3, 295.6666666666667, 0, 0, 0, 1092321, 4, 0
214539, , , 27.85, 0, 0, 0, 0, 1, 2, 72070, , 
215287, 1241473764875, 1241474500532, 0, 0, 0, 0, 32314, 0, 0, 195736, 4, 0
217283, 1241471033603, 1241471086385, 47.60000000000001, 0, 0, 0, 532467, 48, 21, 57393, 12, 15
218183, 1241467879101, 1241467887042, 0, 0, 0, 0, 0, 0, 0, 0, 1, 
218716, 1241474844320, 1241475236981, 0, 0, 0, 0, 0, 13, 2, 188229, 9, 8
218766, 1241473104602, , 0, 2793, 12, 196.33333333333334, 0, 1, 0, 369681, 4, 0
220964, , , 38.550000000000004, 0, 0, 0, 0, 5, 7, 143501, , 
222826, , , 99.3, 0, 0, 0, 0, 1, 1, 102942, , 
223494, , , 48.85, 0, 0, 0, 0, 1, 1, 179687, , 
224560, 1241473290635, 1241473748858, 0, 136, 1, 120, 0, 1, 0, 132334, 3, 0
224790, 1241470055332, 1241470067836, 0, 0, 0, 0, 0, 0, 0, 0, 1, 0
22707, 1241472975178, 1241473003884, 0, 0, 0, 0, 0, 7, 14, 8842, 10, 5
228824, 1241476591333, 1241476655726, 0, 0, 0, 0, 0, 0, 0, 0, 1, 
23340, 1241470813097, 1241471305185, 0, 907, 2, 453.5, 0, 10, 14, 383387, 20, 11
238, 1241468056199, 1241468291052, 0, 297, 1, 297, 0, 0, 0, 12791, 4, 0
246356, , , 148.20000000000002, 0, 0, 0, 0, 4, 3, 54776, , 
247084, 1241469749682, 1241470976945, 0, 2198, 11, 174.0909090909091, 0, 0, 0, 1892, 4, 0
247992, , , 95.05, 0, 0, 0, 0, 2, 4, 214539, , 
249362, , , 6.9, 0, 0, 0, 0, 1, 3, 12791, , 
254186, 1241466983169, 1241467406080, 0, 360, 2, 199, 268558, 3, 0, 477335, 7, 1
258951, , , 584.6, 0, 0, 0, 0, 22, 28, 1265, , 
280455, 1241469232554, 1241470096706, 0, 771, 2, 364, 0, 0, 0, 386780, 3, 0
283054, 1241468251686, 1241468324846, 0, 0, 0, 0, 0, 0, 0, 220457, 1, 0
2843, , , 238.20000000000002, 0, 0, 0, 0, 8, 33, 3383, , 
284839, 1241469428990, 1241470349214, 0, 102, 1, 111, 0, 0, 0, 340930, 3, 0
295964, 1241468042854, 1241468253910, 0, 0, 0, 0, 0, 0, 0, 70997, 2, 
30152, 1241467029436, 1241467325520, 47.300000000000004, 0, 0, 0, 0, 4, 0, 40683, 6, 4
308635, , , 11.700000000000001, 0, 0, 0, 0, 12, 0, 122194, , 
30940, 1241467846732, 1241467915883, 0, 0, 0, 0, 0, 0, 0, 8842, 2, 
311783, 1241474101165, , 0, 790, 3, 341, 0, 8, 2, 11460, 9, 4
314564, 1241477262767, , 0, 0, 0, 0, 0, 0, 0, 0, 1, 0
3195, 1241473732798, 1241473847683, 0, 0, 0, 0, 0, 0, 0, 878, 4, 1
32169, 1241468823544, 1241472369687, 0, 4697, 10, 365.2, 219, 7, 0, 10260, 12, 4
32654, 1241473783391, 1241474171442, 0, 0, 0, 0, 294285, 3, 0, 25664, 7, 1
33511, 1241475515067, 1241475686703, 0, 1482, 9, 106.88888888888889, 1892, 1, 0, 246356, 9, 4
33541, 1241473721890, 1241474874363, 0, 4602, 10, 394.1, 0, 1, 2, 12, 8, 1
336228, , , 30.55, 0, 0, 0, 0, 9, 13, 307471, , 
3383, 1241469698615, 1241469721245, 119.10000000000001, 4083, 6, 511.6666666666667, 8842, 6, 10, 12791, 15, 2
3399, 1241473620236, 1241473634896, 0, 0, 0, 0, 0, 1, 1, 24890, 4, 0
340930, , , 10.200000000000001, 0, 0, 0, 0, 1, 0, 52887, , 
34108, , , 16.2, 0, 0, 0, 0, 4, 0, 149684, , 
349289, 1241469664580, 1241469949572, 0, 135, 1, 136, 0, 0, 0, 68390, 1, 
351430, , , 61.1, 0, 0, 0, 0, 11, 9, 336228, , 
351598, , , 968.8000000000002, 0, 0, 0, 0, 1, 30, 359624, , 
35568, 1241475268836, 1241475296972, 257.15, 0, 0, 0, 438751, 1, 24, 258951, 4, 
356893, , , 17.3, 0, 0, 0, 0, 1, 2, 395656, , 
359624, , , 484.4000000000001, 0, 0, 0, 0, 3, 1, 201132, , 
363519, 1241477105821, , 0, 0, 0, 0, 0, 0, 0, 90041, 1, 0
365721, 1241470313171, 1241470323267, 0, 0, 0, 0, 0, 0, 0, 423714, 3, 1
366412, 1241474992480, 1241475413241, 0, 0, 0, 0, 0, 0, 0, 58643, 1, 
366650, 1241469675110, 1241474516928, 80.1, 8433, 33, 277.1515151515152, 52818, 4, 0, 170316, 5, 2
367452, 1241474830141, , 257.3, 1269, 4, 369.75, 0, 5, 4, 127763, 5, 3
369681, , , 279.29999999999995, 0, 0, 0, 0, 2, 1, 1704, , 
370341, , , 11.8, 0, 0, 0, 0, 1, 10, 326885, , 
371764, 1241475629760, 1241475865572, 0, 0, 0, 0, 0, 0, 0, 398860, 1, 0
372191, 1241469458816, 1241469741106, 70.9, 0, 0, 0, 0, 6, 4, 425071, 5, 1
37261, 1241474920402, , 64.80000000000001, 2925, 11, 276.72727272727275, 0, 1, 0, 1237789, 4, 0
37832, , , 9.4, 0, 0, 0, 0, 1, 1, 72070, , 
380604, , , 9.3, 0, 0, 0, 0, 4, 4, 375444, , 
3811, , , 88.5, 0, 0, 0, 0, 2, 1, 452296, , 
381339, , , 16.5, 0, 0, 0, 0, 2, 0, 127818, , 
383387, , , 1282.1, 0, 0, 0, 0, 7, 56, 0, , 
386780, , , 77.10000000000001, 0, 0, 0, 0, 7, 0, 220964, , 
39030, , , 274.3, 0, 0, 0, 0, 10, 1, 196462, , 
39171, , , 16.6, 0, 0, 0, 0, 8, 1, 102770, , 
396113, , , 270.55000000000007, 0, 0, 0, 0, 2, 8, 44987, , 
397835, , , 435.45, 0, 0, 0, 0, 5, 29, 47379, , 
402642, 1241470485938, 1241471672492, 87.99999999999999, 557, 4, 134.25, 0, 4, 4, 247992, 4, 0
404364, 1241468388963, 1241469900114, 0, 706, 6, 123.83333333333333, 0, 0, 0, 0, 1, 
40683, , , 23.650000000000002, 0, 0, 0, 0, 1, 4, 388185, , 
408501, 1241475328501, 1241475709668, 0, 574, 1, 1031, 0, 6, 16, 637936, 9, 2
41022, , , 39.5, 0, 0, 0, 0, 2, 1, 412796, , 
4139, 1241476122855, , 0, 7318, 15, 493.6666666666667, 44987, 21, 23, 713, 17, 3
4141, 1241467846758, 1241468083931, 0, 0, 0, 0, 0, 0, 0, 2796, 1, 
425071, , , 35.45, 0, 0, 0, 0, 6, 6, 3653, , 
42736, 1241466525725, 1241466528247, 0, 0, 0, 0, 93562, 2, 3, 133482, 4, 1
43386, , , 70.9, 0, 0, 0, 0, 4, 0, 130244, , 
447249, 1241470341348, 1241475138828, 0, 16596, 24, 735.0416666666666, 10642, 3, 3, 199427, 14, 2
44987, , , 132.90000000000003, 0, 0, 0, 0, 1, 2, 12770, , 
452296, , , 139, 0, 0, 0, 0, 9, 5, 103144, , 
462408, 1241470123484, 1241474801608, 90.4, 3816, 15, 325.1333333333333, 121604, 6, 1, 191950, 10, 2
46604, , , 38.3, 0, 0, 0, 0, 2, 0, 921283, , 
47379, , , 185.05, 0, 0, 0, 0, 4, 5, 54776, , 
477335, , , 36, 0, 0, 0, 0, 2, 3, 88917, , 
480591, 1241474785890, 1241474923010, 0, 0, 0, 0, 0, 0, 0, 128013, 2, 0
482345, 1241476947155, 1241476962472, 0, 0, 0, 0, 0, 0, 0, 995, 2, 0
497122, , , 6.75, 0, 0, 0, 0, 3, 4, 82321, , 
503425, 1241470661624, 1241470854294, 0, 0, 0, 0, 430717, 0, 0, 39171, 4, 0
504046, 1241476056400, 1241476857772, 0, 165, 1, 140, 0, 0, 0, 381339, 1, 0
510740, , , 146.25000000000003, 0, 0, 0, 0, 68, 11, 534632, , 
5212, , , 258.1, 0, 0, 0, 0, 17, 16, 156489, , 
521723, 1241476287231, , 0, 709, 4, 145.5, 0, 0, 0, 372191, 2, 0
52206, , , 198.6, 0, 0, 0, 0, 1, 0, 222826, , 
52818, 1241468009634, 1241471996960, 0, 2573, 9, 285.8888888888889, 366650, 3, 0, 367452, 4, 0
52887, , , 5.1000000000000005, 0, 0, 0, 0, 3, 1, 237967, , 
533, 1241475422408, 1241475497925, 52.5, 1752, 4, 487, 535, 9, 11, 20260, 12, 2
538286, 1241476134025, 1241476140510, 0, 0, 0, 0, 0, 0, 0, 133118, 3, 0
540887, 1241469643838, 1241469846696, 0, 385, 2, 138.5, 0, 0, 0, 147628, 2, 
545771, 1241466844050, 1241467052294, 0, 162, 1, 163, 0, 0, 0, 34108, 3, 0
546037, 1241470905396, 1241472814250, 0, 615, 4, 103.5, 0, 0, 0, 462408, 1, 
546954, 1241469926357, 1241470550779, 0, 325, 1, 82, 0, 0, 0, 836050, 1, 
5477, 1241470431891, 1241470895175, 0, 67, 1, 58, 0, 0, 0, 68390, 1, 
54776, 1241475583980, , 105.4, 2024, 6, 460.5, 1062, 73, 32, 89757, 15, 3
550104, 1241476611196, 1241476771980, 0, 135, 1, 135, 0, 0, 0, 563949, 2, 0
55022, 1241472197572, 1241472402089, 0, 0, 0, 0, 0, 5, 1, 538748, 3, 
555728, , , 29.550000000000004, 0, 0, 0, 0, 16, 5, 1101, , 
562060, 1241476211519, 1241476870683, 0, 0, 0, 0, 0, 5, 0, 592692, 4, 
563949, , , 13.5, 0, 0, 0, 0, 1, 0, 497122, , 
565767, 1241466342866, 1241466542108, 0, 0, 0, 0, 0, 0, 0, 0, 1, 
57393, , , 9.450000000000001, 0, 0, 0, 0, 5, 52, 159420, , 
57717, , , 14.9, 0, 0, 0, 0, 4, 6, 110178, , 
586681, , , 49.800000000000004, 0, 0, 0, 0, 6, 8, 10642, , 
58859, 1241474444340, 1241476342477, 9.5, 2658, 8, 422.875, 43017, 8, 4, 396113, 14, 2
59431, 1241467077152, 1241467090458, 0, 0, 0, 0, 0, 0, 0, 0, 1, 0
611789, 1241474916306, 1241475275926, 0, 413, 2, 189, 939852, 3, 0, 642041, 4, 
624485, 1241469120467, 1241469237798, 0, 0, 0, 0, 0, 0, 0, 562953, 1, 
62799, 1241475661427, 1241476436945, 0, 354, 2, 125, 0, 0, 0, 885698, 1, 
632862, 1241475656256, 1241476045055, 0, 165, 1, 101, 0, 0, 0, 0, 1, 
637936, , , 57.400000000000006, 0, 0, 0, 0, 3, 6, 217283, , 
63846, , , 19.25, 0, 0, 0, 0, 1, 6, 65246, , 
642041, , , 41.3, 0, 0, 0, 0, 1, 3, 16825, , 
66498, 1241476485047, 1241476578267, 0, 0, 0, 0, 0, 0, 0, 900329, 1, 
66842, , , 6.800000000000001, 0, 0, 0, 0, 1, 3, 153510, , 
67941, 1241476540303, 1241476973124, 0, 2581, 16, 123.6875, 0, 0, 0, 5212, 3, 0
68390, 1241469524404, 1241470997371, 50.7, 801, 7, 117, 0, 3, 0, 168473, 2, 
7078, , , 62.7, 0, 0, 0, 0, 9, 6, 177916, , 
70816, 1241472320599, 1241472954081, 0, 1399, 7, 130.71428571428572, 0, 0, 0, 366650, 2, 
70997, 1241469653568, 1241472034119, 147.95000000000002, 3701, 10, 590.5, 1010692, 29, 31, 397835, 11, 2
713, 1241467595785, , 2081.6, 1617, 3, 457.3333333333333, 1265, 10, 66, 12, 18, 6
71724, 1241475634954, 1241477085977, 0, 977, 3, 285.6666666666667, 3200, 14, 4, 94103, 12, 4
73306, 1241470706535, , 0, 0, 0, 0, 0, 0, 0, 39030, 2, 0
73481, 1241467235327, 1241468568645, 0, 1003, 5, 192.2, 0, 2, 1, 164243, 4, 0
73621, , , 18.35, 0, 0, 0, 0, 2, 2, 112194, , 
74412, 1241473703654, 1241474545657, 0, 332, 2, 166, 171193, 0, 0, 102613, 4, 0
75123, 1241466816352, 1241476136891, 0, 1509, 3, 467.6666666666667, 101358, 14, 14, 2843, 12, 4
77, 1241469088743, 1241469122433, 0, 0, 0, 0, 171151, 11, 2, 12770, 14, 2
797824, 1241471910490, 1241472592311, 0, 298, 1, 298, 574401, 15, 4, 82321, 7, 5
79942, 1241474006731, 1241475296971, 0, 186, 2, 103, 633051, 7, 5, 198149, 6, 2
80646, 1241472113810, 1241473916977, 0, 0, 0, 0, 204792, 1, 0, 1148755, 4, 
81899, , , 217.45000000000002, 0, 0, 0, 0, 5, 8, 802319, , 
820185, 1241473121348, 1241473359186, 0, 95, 1, 181, 0, 0, 0, 58859, 1, 
82321, , , 29.8, 0, 0, 0, 0, 6, 18, 57717, , 
836050, 1241476726955, , 580.35, 4213, 12, 481.9166666666667, 592692, 13, 4, 113237, 7, 2
836417, , , 43.35, 0, 0, 0, 0, 3, 5, 582081, , 
8401, 1241470309485, 1241472558844, 74.30000000000001, 4349, 14, 330.92857142857144, 413254, 7, 1, 103033, 6, 4
8527, 1241470423641, 1241470473798, 0, 0, 0, 0, 0, 1, 0, 503, 8, 1
87714, 1241466143672, 1241471676736, 0, 611, 2, 340, 0, 9, 3, 351430, 9, 6
8842, , , 407.20000000000005, 0, 0, 0, 0, 12, 22, 1531, , 
885698, 1241476864030, , 150.3, 4074, 16, 336.125, 891151, 3, 0, 836050, 4, 0
88917, , , 18, 0, 0, 0, 0, 3, 2, 372191, , 
89322, 1241470366504, 1241472567823, 0, 2447, 6, 251.5, 0, 0, 0, 70997, 2, 
8938, 1241472756698, 1241472774871, 0, 0, 0, 0, 0, 19, 7, 541655, 6, 1
89757, , , 218.05000000000004, 0, 0, 0, 0, 3, 73, 20260, , 
90041, 1241475422766, , 20.8, 5662, 20, 337.4, 175933, 8, 8, 258951, 12, 13
921283, 1241474238386, 1241474576950, 19.15, 0, 0, 0, 0, 4, 2, 338409, 4, 
926905, 1241468402538, 1241468405693, 0, 0, 0, 0, 0, 0, 0, 0, 1, 
94103, , , 97.7, 0, 0, 0, 0, 1, 14, 223494, , 
942433, 1241473774463, 1241473856946, 0, 0, 0, 0, 0, 0, 0, 1164090, 1, 
94255, 1241475960617, 1241475967821, 0, 0, 0, 0, 0, 0, 0, 143278, 1, 0
942791, 1241473890840, , 0, 189, 1, 141, 0, 0, 0, 217283, 3, 0
94801, 1241471632689, 1241471676336, 0, 0, 0, 0, 0, 0, 0, 0, 1, 
95038, 1241473659082, 1241474337836, 0, 668, 3, 127.66666666666667, 0, 0, 0, 836050, 1, 
95479, 1241469365927, 1241469658070, 0, 498, 2, 290.5, 0, 8, 2, 586681, 6, 1
977713, 1241467586280, 1241467598809, 0, 0, 0, 0, 0, 0, 0, 0, 1, 
990799, , , 86.7, 0, 0, 0, 0, 5, 6, 836417, , 
995, , , 631.5000000000001, 0, 0, 0, 0, 11, 20, 12, , 
<<<<EndTable

PlayersOnlineNow=32
PlayersOnlineEachMinute=0, 3, 4, 6, 6, 8, 8, 8, 9, 11, 13, 12, 11, 11, 13, 14, 16, 16, 17, 19, 22, 22, 20, 21, 21, 21, 19, 21, 22, 24, 27, 25, 25, 27, 28, 28, 28, 26, 25, 25, 24, 22, 24, 24, 25, 24, 24, 25, 25, 26, 26, 26, 26, 26, 28, 30, 32, 34, 34, 36, 38, 39, 40, 38, 40, 33, 37, 36, 33, 34, 34, 36, 35, 36, 39, 41, 44, 42, 41, 41, 39, 41, 41, 41, 41, 43, 43, 39, 38, 39, 41, 39, 38, 38, 37, 37, 39, 33, 33, 34, 32, 33, 32, 30, 30, 29, 30, 30, 34, 33, 32, 32, 30, 29, 29, 26, 26, 25, 24, 24, 23, 26, 27, 26, 28, 27, 25, 24, 26, 26, 26, 29, 31, 28, 30, 31, 32, 32, 32, 35, 40, 40, 40, 40, 38, 34, 36, 39, 36, 35, 34, 31, 33, 34, 34, 34, 30, 28, 27, 26, 29, 27, 28, 33, 34, 32, 34, 35, 34, 33, 32, 35, 33, 34, 36, 33, 33, 32, 36, 34, 33, 33, 31, 30, 31, 30, 30, 29, 30, 31
PlayersInEachFeedingGame=2, 2, 1, 2, 1, 2, 2, 1, 1, 2, 2, 2, 1, 1, 2, 1, 2, 1, 2, 1, 2, 1, 2, 1, 2, 2, 2, 2, 2, 2, 1, 1, 2, 1, 1, 2, 1, 1, 2, 2, 2, 2, 2, 1, 1, 2, 2, 2, 2, 2, 1, 2, 2, 1, 1, 1, 2, 2, 2, 1, 2, 2, 2, 2, 1, 2, 2, 2, 2, 2, 2, 2, 2, 2, 2, 2, 1, 2, 6, 2, 2, 2, 1, 2, 2, 2, 2, 1, 2, 2, 1, 3, 1, 2, 2, 1, 1, 1, 2, 2, 1, 2, 2, 1, 1, 2, 2, 2, 2, 1, 2, 2, 2, 2, 1, 2, 2, 1, 2, 1, 1, 2, 2, 1, 1, 2, 1, 2, 2, 1, 2, 2, 1, 2, 2, 1, 2, 2, 2, 2, 1, 1, 2, 2, 2, 2, 1, 1, 2, 1, 1, 2, 1, 1, 2, 2, 1, 2, 2, 2, 1, 2, 2, 2, 1, 1, 1, 2, 2, 2, 2, 1, 2, 1, 2, 1, 1, 2, 1, 2, 2, 3, 2, 2, 1, 2, 2, 1, 2, 1, 1, 2, 2, 2, 2, 1, 2, 3, 1, 1, 1, 2, 2, 2, 1, 2, 2, 1, 1, 2, 1, 2, 1, 1, 1, 2, 2, 2, 2, 1, 2, 2, 1, 1, 2, 1, 2, 2, 2, 1, 1, 1, 2, 2, 1, 2, 2, 1, 2, 1, 2, 2, 2, 1, 1, 3, 1, 2, 2, 1, 1, 2, 1, 1, 1, 2, 2, 1, 2, 2, 1, 2, 2, 1, 2, 2, 1, 2, 2, 2, 2, 1, 2, 1, 2, 1, 1, 2, 2, 2, 1, 2, 1, 2, 2, 2, 1, 1, 1, 2, 1, 2, 1, 2, 2, 2, 1, 1, 2, 2, 2, 2, 2, 1, 2, 2, 2, 2, 1, 2, 1, 2, 1, 1, 2, 2
PlayersStarted=401
PlayersQuit=369
StatsStartTime=1241465875689
StatsDumpTime=1241477276834
<<<<EndStats
2009-05-04 15:48:25,707 ERROR: vampire.server.feeding.FeedingRecord sendPlayerStartGameMsg [playerId=1092321, prey=false, _predatorIndex=194024]
2009-05-04 15:49:00,184 ERROR: vampire.server.feeding.FeedingRecord sendPlayerStartGameMsg [playerId=37261, prey=true, _predatorIndex=]
2009-05-04 15:49:00,185 ERROR: vampire.server.feeding.FeedingRecord sendPlayerStartGameMsg [playerId=1092321, prey=false, _predatorIndex=]
2009-05-04 15:49:02,322 ERROR: vampire.server.feeding.FeedingRecord sendPlayerStartGameMsg [playerId=367452, prey=false, _predatorIndex=1092321]
2009-05-04 15:49:43,432 ERROR: vampire.server.feeding.FeedingRecord sendPlayerStartGameMsg [playerId=70816, prey=false, _predatorIndex=100300]
2009-05-04 15:49:44,817 ERROR: vampire.server.feeding.FeedingRecord sendPlayerStartGameMsg [playerId=533, prey=false, _predatorIndex=]
2009-05-04 15:49:57,809 ERROR: vampire.server.feeding.FeedingRecord sendPlayerStartGameMsg [playerId=70816, prey=false, _predatorIndex=100300,70816]
2009-05-04 15:50:03,404 ERROR: vampire.server.feeding.FeedingRecord sendPlayerStartGameMsg [playerId=70816, prey=false, _predatorIndex=]
2009-05-04 15:50:04,150 ERROR: vampire.server.feeding.FeedingRecord sendPlayerStartGameMsg [playerId=196018, prey=false, _predatorIndex=]
2009-05-04 15:50:18,154 ERROR: vampire.server.feeding.FeedingRecord sendPlayerStartGameMsg [playerId=54776, prey=true, _predatorIndex=]
2009-05-04 15:50:18,155 ERROR: vampire.server.feeding.FeedingRecord sendPlayerStartGameMsg [playerId=1114188, prey=false, _predatorIndex=]
2009-05-04 15:50:41,335 ERROR: vampire.server.feeding.FeedingRecord sendPlayerStartGameMsg [playerId=212225, prey=false, _predatorIndex=]
2009-05-04 15:50:57,296 ERROR: vampire.server.feeding.FeedingRecord sendPlayerStartGameMsg [playerId=1214279, prey=true, _predatorIndex=]
2009-05-04 15:50:57,297 ERROR: vampire.server.feeding.FeedingRecord sendPlayerStartGameMsg [playerId=90041, prey=false, _predatorIndex=]
2009-05-04 15:51:03,969 ERROR: vampire.server.feeding.FeedingRecord sendPlayerStartGameMsg [playerId=152551, prey=false, _predatorIndex=212225]
2009-05-04 15:51:29,692 ERROR: vampire.server.feeding.FeedingRecord sendPlayerStartGameMsg [playerId=4139, prey=true, _predatorIndex=]
2009-05-04 15:51:29,693 ERROR: vampire.server.feeding.FeedingRecord sendPlayerStartGameMsg [playerId=10260, prey=false, _predatorIndex=]
2009-05-04 15:51:38,340 ERROR: vampire.server.feeding.FeedingRecord sendPlayerStartGameMsg [playerId=1148755, prey=true, _predatorIndex=]
2009-05-04 15:51:38,341 ERROR: vampire.server.feeding.FeedingRecord sendPlayerStartGameMsg [playerId=314564, prey=false, _predatorIndex=]
2009-05-04 15:51:46,396 ERROR: vampire.server.feeding.FeedingRecord sendPlayerStartGameMsg [playerId=1173190, prey=false, _predatorIndex=]
2009-05-04 15:52:35,153 ERROR: vampire.server.feeding.FeedingRecord sendPlayerStartGameMsg [playerId=70816, prey=false, _predatorIndex=100300,70816]
2009-05-04 15:52:44,379 ERROR: vampire.server.feeding.FeedingRecord sendPlayerStartGameMsg [playerId=1114188, prey=false, _predatorIndex=]
2009-05-04 15:52:46,005 ERROR: vampire.server.feeding.FeedingRecord sendPlayerStartGameMsg [playerId=139864, prey=true, _predatorIndex=]
2009-05-04 15:52:46,005 ERROR: vampire.server.feeding.FeedingRecord sendPlayerStartGameMsg [playerId=70816, prey=false, _predatorIndex=]
2009-05-04 15:52:54,321 ERROR: vampire.server.feeding.FeedingRecord sendPlayerStartGameMsg [playerId=37261, prey=true, _predatorIndex=]
2009-05-04 15:52:54,322 ERROR: vampire.server.feeding.FeedingRecord sendPlayerStartGameMsg [playerId=152169, prey=false, _predatorIndex=]
2009-05-04 15:53:38,757 ERROR: vampire.server.feeding.FeedingRecord sendPlayerStartGameMsg [playerId=196018, prey=false, _predatorIndex=152169]
2009-05-04 15:55:32,361 ERROR: vampire.server.feeding.FeedingRecord sendPlayerStartGameMsg [playerId=152169, prey=true, _predatorIndex=]
2009-05-04 15:55:32,361 ERROR: vampire.server.feeding.FeedingRecord sendPlayerStartGameMsg [playerId=37261, prey=false, _predatorIndex=]
2009-05-04 15:55:50,794 ERROR: vampire.server.feeding.FeedingRecord sendPlayerStartGameMsg [playerId=70816, prey=false, _predatorIndex=]
2009-05-04 15:55:56,218 ERROR: vampire.server.feeding.FeedingRecord sendPlayerStartGameMsg [playerId=100300, prey=false, _predatorIndex=]
2009-05-04 15:56:08,376 ERROR: vampire.server.feeding.FeedingRecord sendPlayerStartGameMsg [playerId=212225, prey=false, _predatorIndex=]
2009-05-04 15:56:08,645 ERROR: vampire.server.feeding.FeedingRecord sendPlayerStartGameMsg [playerId=30735, prey=true, _predatorIndex=]
2009-05-04 15:56:08,645 ERROR: vampire.server.feeding.FeedingRecord sendPlayerStartGameMsg [playerId=79021, prey=false, _predatorIndex=]
2009-05-04 15:56:40,808 ERROR: vampire.server.feeding.FeedingRecord sendPlayerStartGameMsg [playerId=599105, prey=true, _predatorIndex=]
2009-05-04 15:56:40,809 ERROR: vampire.server.feeding.FeedingRecord sendPlayerStartGameMsg [playerId=367452, prey=false, _predatorIndex=]
2009-05-04 15:57:31,656 ERROR: vampire.server.feeding.FeedingRecord sendPlayerStartGameMsg [playerId=885698, prey=true, _predatorIndex=]
2009-05-04 15:57:31,657 ERROR: vampire.server.feeding.FeedingRecord sendPlayerStartGameMsg [playerId=152551, prey=false, _predatorIndex=]

>>>>BeginStats

>>>>BeginTable
PlayerId, StartTime, EndTime, ProgenyPayout, XPFromFeeding, FeedingGames, MeanFeedingScore, BloodBond, Progeny, GrandProgeny, Sire, Level, Invites
100300, 1241474579079, , 0, 3930, 19, 216.05263157894737, 0, 0, 0, 0, 3, 0
1010692, , , 42.95, 0, 0, 0, 0, 15, 14, 70997, , 
1019248, , , 115.7, 0, 0, 0, 0, 1, 0, 210163, , 
1020260, 1241469745796, 1241470616923, 0, 1157, 4, 269.25, 0, 0, 0, 1019248, 3, 
1021130, 1241477410314, 1241477476864, 0, 0, 0, 0, 0, 0, 0, 865399, 2, 
1021250, 1241471001392, 1241471505811, 0, 95, 1, 95, 0, 0, 0, 0, 1, 
1021278, 1241473509678, 1241474936951, 19.5, 696, 4, 107.25, 0, 2, 2, 452296, 3, 
1022386, 1241468831066, 1241469716949, 0, 203, 2, 119.5, 0, 0, 0, 182431, 1, 
10260, 1241467906952, , 469.70000000000005, 7952, 18, 400.6111111111111, 1101, 7, 8, 713, 13, 2
102613, , , 33.2, 0, 0, 0, 0, 1, 0, 39171, , 
102770, , , 6.8500000000000005, 0, 0, 0, 0, 2, 10, 7078, , 
103033, , , 472.05000000000007, 0, 0, 0, 0, 8, 8, 81899, , 
103144, , , 162.90000000000003, 0, 0, 0, 0, 5, 15, 116005, , 
1032421, 1241476067388, , 0, 1303, 5, 302, 0, 6, 1, 990799, 6, 1
1044730, 1241467517806, 1241467715104, 85.9, 0, 0, 0, 0, 12, 1, 1010692, 6, 3
1047756, 1241476153913, 1241476160031, 0, 0, 0, 0, 0, 0, 0, 0, 1, 
1051628, 1241469001320, 1241469018694, 0, 0, 0, 0, 0, 0, 0, 0, 1, 
105867, 1241477578852, , 0, 0, 0, 0, 0, 0, 0, 0, 1, 0
1059336, 1241468166029, 1241468410063, 0, 105, 1, 105, 0, 0, 0, 0, 1, 
1059384, 1241471349400, 1241473120459, 0, 657, 8, 80.125, 0, 0, 0, 462408, 1, 
1060546, 1241476435231, 1241476480459, 0, 0, 0, 0, 0, 0, 0, 1047840, 1, 
1062, 1241474210107, 1241476889251, 137.7, 3503, 13, 285.6923076923077, 54776, 9, 7, 713, 15, 2
10628, 1241466921900, 1241468007243, 0, 206, 1, 121, 0, 0, 0, 1265, 4, 0
1062853, , , 19.900000000000002, 0, 0, 0, 0, 9, 11, 1124214, , 
10642, 1241473557050, 1241476038543, 235.54999999999998, 9688, 13, 668.3846153846154, 447249, 30, 46, 351598, 15, 2
1077614, 1241470548146, 1241470561321, 0, 0, 0, 0, 0, 1, 0, 836050, 3, 
1079046, 1241475865270, 1241476593390, 0, 237, 1, 237, 0, 0, 0, 0, 3, 
1082674, 1241472932637, 1241473839651, 0, 324, 2, 138.5, 0, 0, 0, 366650, 1, 
1082840, 1241466203558, 1241466513986, 0, 0, 0, 0, 0, 0, 0, 0, 1, 
1084434, 1241473281471, 1241473409161, 0, 0, 0, 0, 0, 0, 0, 54776, 2, 
1085689, 1241476286031, , 0, 1139, 6, 98.16666666666667, 0, 0, 0, 1148755, 2, 0
1086242, 1241472779648, 1241476008598, 65, 2515, 12, 207.58333333333334, 0, 1, 0, 39030, 4, 
1088402, 1241475083973, , 0, 949, 6, 195.16666666666666, 0, 0, 0, 43386, 3, 0
1088614, 1241470295995, 1241471125322, 0, 0, 0, 0, 0, 0, 0, 208217, 1, 
1089041, 1241475818239, 1241476344324, 0, 135, 1, 85, 0, 0, 0, 0, 1, 
1092321, 1241476446247, , 606.9000000000002, 559, 2, 199, 208217, 24, 27, 35568, 6, 2
110117, 1241466874508, 1241467208877, 0, 236, 1, 236, 0, 0, 0, 129764, 1, 
1109070, 1241475030662, 1241475217529, 0, 892, 3, 145.33333333333334, 0, 0, 0, 1092321, 2, 
1110327, 1241469341764, 1241469416988, 0, 0, 0, 0, 0, 0, 0, 0, 1, 
1110484, 1241469168001, 1241469656961, 0, 398, 2, 199, 153097, 0, 0, 153097, 3, 
1111437, 1241477393272, 1241477714861, 34.5, 655, 5, 88.8, 0, 1, 0, 70997, 1, 
1112884, 1241468984569, 1241470916942, 0, 0, 0, 0, 0, 0, 0, 1148755, 2, 
111395, 1241473101449, 1241474618623, 0, 1328, 7, 115.28571428571429, 0, 1, 0, 1892, 4, 1
1114188, 1241477390422, , 0, 907, 8, 86.875, 0, 0, 0, 1086242, 1, 0
1114474, 1241471776291, 1241471852413, 0, 0, 0, 0, 0, 0, 0, 0, 1, 
1116105, 1241471270341, 1241471447817, 0, 0, 0, 0, 0, 0, 0, 303737, 2, 
1116360, 1241474805371, 1241474821906, 0, 0, 0, 0, 0, 0, 0, 0, 1, 
1122449, , , 59.10000000000001, 0, 0, 0, 0, 5, 5, 555728, , 
1123103, 1241472289304, 1241472750638, 0, 0, 0, 0, 0, 0, 0, 1127473, 1, 
1124214, 1241472299728, 1241472922822, 0, 591, 2, 249.5, 0, 5, 9, 1122449, 4, 
113237, , , 673.8999999999997, 0, 0, 0, 0, 9, 18, 10642, , 
114128, 1241467998418, 1241468143990, 0, 0, 0, 0, 0, 0, 0, 0, 1, 
1143633, 1241471452090, 1241472125342, 0, 186, 1, 143, 0, 0, 0, 130730, 1, 
1143768, 1241470426520, 1241470441555, 0, 0, 0, 0, 0, 0, 0, 0, 1, 
11460, , , 79, 0, 0, 0, 0, 1, 8, 41022, , 
1146252, 1241475502493, 1241475518898, 0, 885, 3, 239.66666666666666, 1192337, 1, 0, 3811, 5, 1
1147059, 1241474366919, 1241474417405, 0, 0, 0, 0, 0, 0, 0, 0, 1, 
1148098, 1241467760304, 1241468149272, 0, 195, 1, 173, 0, 2, 1, 1021278, 4, 
1148755, 1241475450234, , 159.00000000000003, 3751, 12, 376.5, 0, 15, 1, 1092321, 5, 5
1152211, , , 78.80000000000001, 0, 0, 0, 0, 1, 0, 452296, , 
115913, 1241477801535, 1241477871952, 0, 0, 0, 0, 0, 0, 0, 0, 1, 
1159167, 1241470934990, 1241471864377, 0, 743, 3, 168, 0, 0, 0, 8401, 1, 
1159463, 1241476365724, 1241477679010, 0, 1084, 4, 167.75, 0, 0, 0, 37261, 2, 
116005, , , 64.05000000000001, 0, 0, 0, 0, 6, 5, 130627, , 
1163822, 1241476541272, 1241476587669, 0, 0, 0, 0, 0, 0, 0, 1164090, 1, 
1164090, 1241470033384, 1241470645137, 0, 0, 0, 0, 0, 2, 0, 175754, 1, 
116762, , , 34.6, 0, 0, 0, 0, 2, 0, 356893, , 
1173190, 1241477409295, 1241477826115, 0, 91, 1, 91, 0, 0, 0, 0, 1, 
1173838, 1241468386641, 1241468876949, 0, 182, 2, 60, 0, 0, 0, 0, 1, 
117675, 1241474424181, 1241474564316, 0, 0, 0, 0, 0, 0, 0, 286697, 1, 0
1191936, 1241476089787, 1241476328760, 0, 326, 1, 326, 0, 0, 0, 0, 1, 
1193591, 1241467137330, 1241467141413, 0, 0, 0, 0, 0, 0, 0, 0, 1, 
1194247, 1241472473433, 1241472968446, 0, 117, 1, 156, 0, 0, 0, 308635, 2, 
1196189, 1241466297330, 1241466837000, 0, 525, 2, 147, 0, 0, 0, 533, 1, 
12, , , 3799.6000000000004, 0, 0, 0, 0, 20, 88, 383387, , 
1203484, 1241466692935, 1241467161403, 0, 473, 3, 124.33333333333333, 0, 0, 0, 30152, 2, 
1207233, 1241474585407, 1241474700613, 0, 0, 0, 0, 0, 1, 0, 239111, 2, 
1208580, 1241476964489, 1241477396972, 0, 297, 2, 121, 0, 0, 0, 885698, 1, 
1213302, 1241474612111, 1241474665210, 0, 0, 0, 0, 0, 0, 0, 0, 1, 
1214279, 1241476421125, , 0, 788, 3, 190.33333333333334, 0, 0, 0, 1152211, 3, 0
1214750, 1241468453200, 1241468866670, 0, 0, 0, 0, 0, 0, 0, 0, 1, 
1216946, 1241473859023, 1241475236979, 0, 78, 1, 78, 0, 0, 0, 836050, 1, 
1217870, 1241470348400, 1241471069278, 0, 299, 2, 118, 0, 0, 0, 0, 1, 
122012, 1241469572929, 1241469610020, 0, 0, 0, 0, 0, 0, 0, 217283, 1, 
122194, , , 5.8500000000000005, 0, 0, 0, 0, 1, 12, 170316, , 
1222327, 1241469076435, 1241471318788, 0, 1463, 8, 165.5, 0, 0, 0, 0, 2, 
122401, 1241471219869, 1241471750608, 0, 346, 1, 192, 0, 0, 0, 116762, 3, 0
1225103, 1241474754051, 1241475558951, 0, 385, 3, 79.33333333333333, 0, 0, 0, 54776, 1, 
1225520, 1241474302608, 1241474773949, 0, 119, 2, 61, 0, 0, 0, 0, 1, 
1225761, 1241472972140, 1241473208090, 0, 0, 0, 0, 0, 0, 0, 8401, 1, 
1226436, 1241473665531, 1241473725450, 0, 0, 0, 0, 0, 0, 0, 0, 1, 
1228337, 1241471776826, 1241472242583, 0, 321, 2, 160.5, 0, 0, 0, 0, 1, 
1231958, 1241473957308, 1241474125226, 0, 0, 0, 0, 0, 0, 0, 943783, 1, 
1232593, 1241475578111, 1241476268060, 0, 1541, 5, 144.2, 0, 0, 0, 885698, 2, 
1235003, 1241471780024, 1241471809671, 0, 0, 0, 0, 0, 0, 0, 0, 1, 
1237789, , , 465.95, 0, 0, 0, 0, 1, 2, 510740, , 
124503, , , 13.200000000000001, 0, 0, 0, 0, 3, 7, 170934, , 
1245435, 1241468646083, 1241469606986, 0, 345, 3, 121, 0, 0, 0, 1111437, 1, 
1248514, 1241475708120, 1241475736106, 0, 0, 0, 0, 0, 0, 0, 0, 1, 
1249109, 1241477653650, 1241477658050, 0, 0, 0, 0, 0, 0, 0, 0, 1, 
1249160, 1241474245767, 1241474725560, 0, 136, 1, 136, 0, 0, 0, 0, 1, 
1249173, 1241470424451, 1241472416960, 0, 147, 2, 91, 0, 0, 0, 0, 1, 
1249303, 1241469778303, 1241470016940, 0, 914, 6, 126.83333333333333, 0, 0, 0, 0, 1, 
1249365, 1241466975111, 1241466994518, 0, 0, 0, 0, 0, 0, 0, 0, 1, 
1249506, 1241470956441, 1241473047437, 0, 292, 3, 76.66666666666667, 0, 0, 0, 90041, 1, 
1249764, 1241470154044, 1241470846451, 0, 0, 0, 0, 0, 0, 0, 0, 1, 
1249823, 1241475123812, 1241476637382, 0, 1005, 8, 126.625, 0, 0, 0, 0, 2, 
1250100, 1241469616135, 1241469645643, 0, 0, 0, 0, 0, 0, 0, 0, 1, 
1250809, 1241470909325, 1241470979374, 0, 0, 0, 0, 0, 0, 0, 33995, 1, 
1250868, 1241471062171, 1241471085617, 0, 0, 0, 0, 0, 0, 0, 0, 1, 
1251884, 1241474275643, 1241474816934, 0, 0, 0, 0, 0, 0, 0, 0, 1, 
1251928, 1241474181292, 1241474542389, 0, 0, 0, 0, 0, 0, 0, 0, 1, 
1252394, 1241475610931, 1241476026668, 0, 84, 1, 84, 0, 0, 0, 0, 1, 
1252426, 1241476177434, 1241476187216, 0, 0, 0, 0, 0, 0, 0, 0, 1, 
1252511, 1241475973466, 1241476006259, 0, 0, 0, 0, 0, 0, 0, 0, 1, 
1252800, 1241476870243, 1241476973580, 0, 0, 0, 0, 0, 0, 0, 0, 1, 
1252827, 1241477446557, 1241477450059, 0, 0, 0, 0, 0, 0, 0, 0, 1, 
1253030, 1241477813475, , 0, 0, 0, 0, 0, 0, 0, 0, 1, 0
1265, 1241469128264, 1241470447340, 333.1, 6555, 11, 768.6363636363636, 713, 15, 34, 12, 16, 3
127632, 1241468497012, 1241468855530, 0, 278, 1, 80, 0, 0, 0, 0, 1, 
127763, , , 295.45000000000005, 0, 0, 0, 0, 2, 6, 143278, , 
127818, , , 8.25, 0, 0, 0, 0, 1, 2, 506686, , 
12791, 1241473998055, 1241474007350, 441.45000000000005, 4174, 8, 677.375, 0, 13, 22, 12, 12, 2
128794, , , 50.150000000000006, 0, 0, 0, 0, 2, 4, 93202, , 
129764, , , 23.6, 0, 0, 0, 0, 10, 0, 370341, , 
130244, , , 47.45, 0, 0, 0, 0, 3, 9, 237967, , 
130457, 1241472116531, 1241472604037, 0, 0, 0, 0, 0, 1, 0, 341164, 3, 0
130627, 1241475811896, 1241475837630, 0, 0, 0, 0, 0, 8, 22, 85079, 11, 5
130730, 1241469825414, 1241472882561, 18.6, 1214, 10, 110.2, 0, 1, 0, 402642, 2, 1
131355, 1241466996512, 1241467344818, 0, 0, 0, 0, 0, 1, 2, 461901, 4, 0
132334, , , 13.600000000000001, 0, 0, 0, 0, 3, 1, 66842, , 
133625, 1241474550102, 1241474900535, 0, 101, 1, 101, 0, 0, 0, 0, 1, 
135293, , , 35.300000000000004, 0, 0, 0, 0, 1, 1, 181388, , 
136131, 1241473843817, 1241473969592, 0, 0, 0, 0, 1089370, 1, 0, 403501, 4, 0
139864, 1241475887536, 1241477636974, 0, 188, 1, 113, 0, 0, 0, 205658, 4, 0
142178, , , 36.7, 0, 0, 0, 0, 2, 17, 73621, , 
143278, , , 83.4, 0, 0, 0, 0, 8, 2, 137000, , 
143528, 1241470583864, 1241470621357, 0, 0, 0, 0, 0, 0, 0, 561343, 1, 1
143734, 1241469274628, 1241469896984, 0, 584, 1, 190, 0, 0, 0, 0, 1, 
143937, 1241466442323, 1241468035333, 0, 627, 3, 188, 0, 0, 0, 7078, 4, 0
145609, 1241476637881, 1241476726420, 0, 0, 0, 0, 369307, 5, 4, 92300, 4, 0
147246, 1241469020602, 1241470676922, 0, 948, 6, 188.5, 0, 0, 0, 68390, 1, 
147628, , , 38.5, 0, 0, 0, 0, 6, 0, 63846, , 
149684, , , 8.1, 0, 0, 0, 0, 3, 4, 184167, , 
152169, 1241476543366, , 0, 617, 5, 53.6, 0, 0, 0, 37261, 1, 0
152551, 1241477437865, , 0, 353, 2, 237.5, 0, 1, 0, 135293, 4, 0
153097, , , 39.800000000000004, 0, 0, 0, 0, 11, 0, 1062853, , 
1531, 1241467474324, 1241472058097, 203.60000000000002, 4756, 10, 502, 503, 5, 14, 12, 14, 3
154004, 1241474358319, 1241474363814, 0, 0, 0, 0, 561706, 8, 5, 90041, 4, 0
156489, , , 129.05, 0, 0, 0, 0, 12, 22, 713, , 
157404, 1241470702085, 1241471105010, 0, 229, 2, 106.5, 0, 0, 0, 0, 1, 
163975, 1241476149617, 1241476159046, 0, 0, 0, 0, 0, 0, 0, 403501, 2, 0
164243, , , 100.30000000000001, 0, 0, 0, 0, 4, 2, 128794, , 
16514, 1241475460897, 1241477314477, 0, 1377, 5, 270, 44929, 5, 8, 1062, 4, 0
16825, , , 20.65, 0, 0, 0, 0, 14, 7, 4139, , 
168395, 1241469265182, 1241469484840, 0, 383, 2, 202, 0, 0, 0, 46604, 4, 
168473, , , 105.45, 0, 0, 0, 0, 10, 4, 180508, , 
170191, , , 22.5, 0, 0, 0, 0, 3, 7, 202873, , 
170316, , , 902.5000000000001, 0, 0, 0, 0, 4, 5, 210210, , 
1704, , , 139.64999999999998, 0, 0, 0, 0, 2, 6, 33541, , 
170934, , , 4.4, 0, 0, 0, 0, 7, 4, 49732, , 
171513, 1241469549136, 1241469771735, 0, 225, 1, 225, 0, 7, 7, 170191, 11, 2
172214, 1241475991075, 1241476366669, 0, 0, 0, 0, 0, 1, 0, 133482, 1, 1
174845, 1241468228637, 1241470291090, 0, 1986, 6, 222.5, 0, 0, 0, 52206, 4, 0
177916, , , 31.35, 0, 0, 0, 0, 4, 9, 202501, , 
18, 1241468663709, 1241470171080, 0, 1062, 5, 236.2, 0, 0, 0, 383387, 2, 0
1802, 1241475643525, 1241476496963, 0, 1281, 3, 426.3333333333333, 995, 6, 2, 103144, 11, 2
180508, , , 40.050000000000004, 0, 0, 0, 0, 1, 10, 12791, , 
181388, , , 17.650000000000002, 0, 0, 0, 0, 1, 1, 333875, , 
182431, 1241469065684, 1241469518965, 8.8, 88, 1, 51, 0, 1, 0, 124503, 3, 0
185653, 1241476872145, 1241476878137, 0, 0, 0, 0, 0, 1, 1, 117857, 3, 0
187326, 1241477634774, , 0, 137, 1, 164, 0, 0, 0, 194202, 5, 1
187381, 1241470253531, 1241471799040, 0, 873, 4, 193.75, 211710, 7, 4, 2843, 8, 1
1892, 1241473207547, , 352.59999999999997, 4552, 19, 295.7368421052632, 33511, 20, 6, 995, 12, 2
191950, , , 426.8, 0, 0, 0, 0, 1, 6, 191984, , 
191984, 1241467325060, 1241472776987, 190.80000000000004, 367, 1, 166, 191950, 17, 5, 142178, 9, 9
19205, 1241470710638, 1241471369791, 0, 4072, 9, 527.1111111111111, 0, 3, 2, 8842, 8, 1
194024, 1241477219288, 1241477728419, 0, 137, 1, 110, 0, 0, 0, 1148755, 1, 
194202, , , 13.700000000000001, 0, 0, 0, 0, 2, 0, 102770, , 
196018, 1241476889228, 1241477764648, 0, 859, 4, 214.75, 0, 0, 0, 1044730, 2, 
196462, , , 125.75, 0, 0, 0, 0, 2, 10, 392944, , 
198149, , , 18.6, 0, 0, 0, 0, 1, 7, 380604, , 
199427, , , 1659.6000000000001, 0, 0, 0, 0, 1, 3, 208602, , 
202327, 1241466737510, 1241469044378, 0, 69, 1, 22, 166836, 3, 3, 249362, 6, 1
20260, , , 500.99999999999994, 0, 0, 0, 0, 18, 14, 12, , 
202873, , , 11.25, 0, 0, 0, 0, 1, 3, 341164, , 
203405, 1241476869099, 1241476989039, 0, 0, 0, 0, 0, 0, 0, 195722, 4, 0
205059, 1241474691132, 1241474936953, 0, 0, 0, 0, 0, 0, 0, 185505, 4, 0
205658, , , 18.8, 0, 0, 0, 0, 1, 0, 37832, , 
206799, 1241471157873, 1241471171752, 0, 0, 0, 0, 0, 0, 0, 0, 1, 
208602, , , 829.8000000000001, 0, 0, 0, 0, 7, 3, 351626, , 
209166, 1241471210704, 1241471682566, 0, 125, 1, 125, 0, 0, 0, 0, 1, 
209976, 1241477786269, 1241477789085, 0, 0, 0, 0, 0, 0, 0, 0, 1, 
210163, , , 57.85, 0, 0, 0, 0, 12, 1, 255725, , 
210210, , , 421.65000000000003, 0, 0, 0, 0, 4, 4, 381607, , 
2108, 1241470929779, 1241471086856, 0, 0, 0, 0, 198620, 4, 0, 1090442, 4, 
212225, 1241477347665, , 0, 379, 2, 128, 0, 0, 0, 0, 1, 0
212304, 1241472267476, 1241473394386, 0, 631, 3, 295.6666666666667, 0, 0, 0, 1092321, 4, 0
214539, , , 27.85, 0, 0, 0, 0, 1, 2, 72070, , 
215287, 1241473764875, 1241474500532, 0, 0, 0, 0, 32314, 0, 0, 195736, 4, 0
217283, 1241471033603, 1241471086385, 47.60000000000001, 0, 0, 0, 532467, 48, 21, 57393, 12, 15
218183, 1241467879101, 1241467887042, 0, 0, 0, 0, 0, 0, 0, 0, 1, 
218716, 1241474844320, 1241475236981, 0, 0, 0, 0, 0, 13, 2, 188229, 9, 8
218766, 1241473104602, , 0, 2793, 12, 196.33333333333334, 0, 1, 0, 369681, 4, 0
220964, , , 38.550000000000004, 0, 0, 0, 0, 5, 7, 143501, , 
222826, , , 99.3, 0, 0, 0, 0, 1, 1, 102942, , 
223494, , , 48.85, 0, 0, 0, 0, 1, 1, 179687, , 
224560, 1241473290635, 1241473748858, 0, 136, 1, 120, 0, 1, 0, 132334, 3, 0
224790, 1241470055332, 1241470067836, 0, 0, 0, 0, 0, 0, 0, 0, 1, 0
22707, 1241472975178, 1241473003884, 0, 0, 0, 0, 0, 7, 14, 8842, 10, 5
228824, 1241476591333, 1241476655726, 0, 0, 0, 0, 0, 0, 0, 0, 1, 
23340, 1241470813097, 1241471305185, 0, 907, 2, 453.5, 0, 10, 14, 383387, 20, 11
238, 1241468056199, 1241468291052, 0, 297, 1, 297, 0, 0, 0, 12791, 4, 0
246356, , , 148.20000000000002, 0, 0, 0, 0, 4, 3, 54776, , 
247084, 1241469749682, 1241470976945, 0, 2198, 11, 174.0909090909091, 0, 0, 0, 1892, 4, 0
247992, , , 95.05, 0, 0, 0, 0, 2, 4, 214539, , 
249362, , , 6.9, 0, 0, 0, 0, 1, 3, 12791, , 
254186, 1241466983169, 1241467406080, 0, 360, 2, 199, 268558, 3, 0, 477335, 7, 1
258951, , , 672.1500000000001, 0, 0, 0, 0, 22, 28, 1265, , 
280455, 1241469232554, 1241470096706, 0, 771, 2, 364, 0, 0, 0, 386780, 3, 0
283054, 1241468251686, 1241468324846, 0, 0, 0, 0, 0, 0, 0, 220457, 1, 0
2843, , , 238.20000000000002, 0, 0, 0, 0, 8, 33, 3383, , 
284839, 1241469428990, 1241470349214, 0, 102, 1, 111, 0, 0, 0, 340930, 3, 0
295964, 1241468042854, 1241468253910, 0, 0, 0, 0, 0, 0, 0, 70997, 2, 
30152, 1241467029436, 1241467325520, 47.300000000000004, 0, 0, 0, 0, 4, 0, 40683, 6, 4
30735, 1241477698679, 1241477856949, 0, 0, 0, 0, 0, 5, 2, 124656, 7, 1
308635, , , 11.700000000000001, 0, 0, 0, 0, 12, 0, 122194, , 
30940, 1241467846732, 1241467915883, 0, 0, 0, 0, 0, 0, 0, 8842, 2, 
311783, 1241474101165, , 0, 790, 3, 341, 0, 8, 2, 11460, 9, 4
314564, 1241477262767, 1241477681570, 0, 314, 1, 138, 0, 0, 0, 1148755, 1, 
3195, 1241473732798, 1241473847683, 0, 0, 0, 0, 0, 0, 0, 878, 4, 1
32169, 1241468823544, 1241472369687, 0, 4697, 10, 365.2, 219, 7, 0, 10260, 12, 4
32654, 1241473783391, 1241474171442, 0, 0, 0, 0, 294285, 3, 0, 25664, 7, 1
33511, 1241475515067, 1241475686703, 0, 1482, 9, 106.88888888888889, 1892, 1, 0, 246356, 9, 4
33541, 1241473721890, 1241474874363, 0, 4602, 10, 394.1, 0, 1, 2, 12, 8, 1
336228, , , 30.55, 0, 0, 0, 0, 9, 13, 307471, , 
3383, 1241469698615, 1241469721245, 119.10000000000001, 4083, 6, 511.6666666666667, 8842, 6, 10, 12791, 15, 2
3399, 1241473620236, 1241473634896, 0, 0, 0, 0, 0, 1, 1, 24890, 4, 0
340930, , , 10.200000000000001, 0, 0, 0, 0, 1, 0, 52887, , 
34108, , , 16.2, 0, 0, 0, 0, 4, 0, 149684, , 
349289, 1241469664580, 1241469949572, 0, 135, 1, 136, 0, 0, 0, 68390, 1, 
351430, , , 61.1, 0, 0, 0, 0, 11, 9, 336228, , 
351598, , , 968.8000000000002, 0, 0, 0, 0, 1, 30, 359624, , 
35568, 1241477457228, 1241477540702, 319.59999999999997, 0, 0, 0, 438751, 1, 24, 258951, 4, 
356893, , , 17.3, 0, 0, 0, 0, 1, 2, 395656, , 
359624, , , 484.4000000000001, 0, 0, 0, 0, 3, 1, 201132, , 
363519, 1241477105821, 1241477816990, 0, 176, 1, 137, 0, 0, 0, 90041, 1, 
365721, 1241470313171, 1241470323267, 0, 0, 0, 0, 0, 0, 0, 423714, 3, 1
366412, 1241474992480, 1241475413241, 0, 0, 0, 0, 0, 0, 0, 58643, 1, 
366650, 1241469675110, 1241474516928, 118.4, 8433, 33, 277.1515151515152, 52818, 4, 0, 170316, 5, 2
367452, 1241474830141, , 257.3, 1668, 5, 385.6, 0, 5, 4, 127763, 5, 3
369681, , , 279.29999999999995, 0, 0, 0, 0, 2, 1, 1704, , 
370341, , , 11.8, 0, 0, 0, 0, 1, 10, 326885, , 
371764, 1241475629760, 1241475865572, 0, 0, 0, 0, 0, 0, 0, 398860, 1, 0
372191, 1241469458816, 1241469741106, 85.2, 0, 0, 0, 0, 6, 4, 425071, 5, 1
37261, 1241474920402, , 131.5, 4002, 15, 287.3333333333333, 0, 2, 0, 1237789, 4, 0
37832, , , 9.4, 0, 0, 0, 0, 1, 1, 72070, , 
380604, , , 9.3, 0, 0, 0, 0, 4, 4, 375444, , 
3811, , , 88.5, 0, 0, 0, 0, 2, 1, 452296, , 
381339, , , 16.5, 0, 0, 0, 0, 2, 0, 127818, , 
383387, , , 1282.1, 0, 0, 0, 0, 7, 56, 0, , 
386780, , , 77.10000000000001, 0, 0, 0, 0, 7, 0, 220964, , 
39030, , , 284, 0, 0, 0, 0, 10, 1, 196462, , 
39171, , , 16.6, 0, 0, 0, 0, 8, 1, 102770, , 
396113, , , 270.55000000000007, 0, 0, 0, 0, 2, 8, 44987, , 
397835, , , 435.45, 0, 0, 0, 0, 5, 29, 47379, , 
402642, 1241470485938, 1241471672492, 87.99999999999999, 557, 4, 134.25, 0, 4, 4, 247992, 4, 0
404364, 1241468388963, 1241469900114, 0, 706, 6, 123.83333333333333, 0, 0, 0, 0, 1, 
40683, , , 23.650000000000002, 0, 0, 0, 0, 1, 4, 388185, , 
408501, 1241475328501, 1241475709668, 0, 574, 1, 1031, 0, 6, 16, 637936, 9, 2
41022, , , 39.5, 0, 0, 0, 0, 2, 1, 412796, , 
4139, 1241476122855, , 0, 8312, 18, 479.94444444444446, 44987, 21, 23, 713, 17, 3
4141, 1241467846758, 1241468083931, 0, 0, 0, 0, 0, 0, 0, 2796, 1, 
425071, , , 42.6, 0, 0, 0, 0, 6, 6, 3653, , 
42736, 1241466525725, 1241466528247, 0, 0, 0, 0, 93562, 2, 3, 133482, 4, 1
43386, , , 94.9, 0, 0, 0, 0, 4, 0, 130244, , 
447249, 1241470341348, 1241475138828, 0, 16596, 24, 735.0416666666666, 10642, 3, 3, 199427, 14, 2
44987, , , 132.90000000000003, 0, 0, 0, 0, 1, 2, 12770, , 
452296, , , 163, 0, 0, 0, 0, 9, 5, 103144, , 
462408, 1241470123484, 1241474801608, 90.4, 3816, 15, 325.1333333333333, 121604, 6, 1, 191950, 10, 2
46604, , , 38.3, 0, 0, 0, 0, 2, 0, 921283, , 
47379, , , 185.05, 0, 0, 0, 0, 4, 5, 54776, , 
477335, , , 36, 0, 0, 0, 0, 2, 3, 88917, , 
480591, 1241474785890, 1241474923010, 0, 0, 0, 0, 0, 0, 0, 128013, 2, 0
482345, 1241476947155, 1241476962472, 0, 0, 0, 0, 0, 0, 0, 995, 2, 0
497122, , , 6.75, 0, 0, 0, 0, 3, 4, 82321, , 
503425, 1241470661624, 1241470854294, 0, 0, 0, 0, 430717, 0, 0, 39171, 4, 0
504046, 1241476056400, 1241476857772, 0, 165, 1, 140, 0, 0, 0, 381339, 1, 0
510740, , , 200.10000000000002, 0, 0, 0, 0, 68, 11, 534632, , 
5212, , , 258.1, 0, 0, 0, 0, 17, 16, 156489, , 
521723, 1241476287231, 1241477410630, 0, 852, 5, 144.6, 0, 0, 0, 372191, 2, 0
52206, , , 198.6, 0, 0, 0, 0, 1, 0, 222826, , 
52818, 1241468009634, 1241471996960, 0, 2573, 9, 285.8888888888889, 366650, 3, 0, 367452, 4, 0
52887, , , 5.1000000000000005, 0, 0, 0, 0, 3, 1, 237967, , 
533, 1241477372933, , 52.5, 3679, 7, 553.5714285714286, 535, 9, 11, 20260, 12, 2
538286, 1241476134025, 1241476140510, 0, 0, 0, 0, 0, 0, 0, 133118, 3, 0
540887, 1241469643838, 1241469846696, 0, 385, 2, 138.5, 0, 0, 0, 147628, 2, 
545771, 1241466844050, 1241467052294, 0, 162, 1, 163, 0, 0, 0, 34108, 3, 0
546037, 1241470905396, 1241472814250, 0, 615, 4, 103.5, 0, 0, 0, 462408, 1, 
546954, 1241469926357, 1241470550779, 0, 325, 1, 82, 0, 0, 0, 836050, 1, 
5477, 1241470431891, 1241470895175, 0, 67, 1, 58, 0, 0, 0, 68390, 1, 
54776, 1241477599525, , 105.4, 2137, 7, 420.7142857142857, 1062, 73, 32, 89757, 15, 3
550104, 1241476611196, 1241476771980, 0, 135, 1, 135, 0, 0, 0, 563949, 2, 0
55022, 1241472197572, 1241472402089, 0, 0, 0, 0, 0, 5, 1, 538748, 3, 
555728, , , 29.550000000000004, 0, 0, 0, 0, 16, 5, 1101, , 
562060, 1241476211519, 1241476870683, 0, 0, 0, 0, 0, 5, 0, 592692, 4, 
563949, , , 13.5, 0, 0, 0, 0, 1, 0, 497122, , 
565767, 1241466342866, 1241466542108, 0, 0, 0, 0, 0, 0, 0, 0, 1, 
57393, , , 9.450000000000001, 0, 0, 0, 0, 5, 52, 159420, , 
57717, , , 14.9, 0, 0, 0, 0, 4, 6, 110178, , 
586681, , , 49.800000000000004, 0, 0, 0, 0, 6, 8, 10642, , 
58859, 1241474444340, 1241476342477, 9.5, 2658, 8, 422.875, 43017, 8, 4, 396113, 14, 2
59431, 1241467077152, 1241467090458, 0, 0, 0, 0, 0, 0, 0, 0, 1, 0
599105, 1241477718600, , 0, 0, 0, 0, 0, 0, 0, 0, 1, 0
611789, 1241474916306, 1241475275926, 0, 413, 2, 189, 939852, 3, 0, 642041, 4, 
624485, 1241469120467, 1241469237798, 0, 0, 0, 0, 0, 0, 0, 562953, 1, 
62799, 1241475661427, 1241476436945, 0, 354, 2, 125, 0, 0, 0, 885698, 1, 
632862, 1241475656256, 1241476045055, 0, 165, 1, 101, 0, 0, 0, 0, 1, 
637936, , , 57.400000000000006, 0, 0, 0, 0, 3, 6, 217283, , 
63846, , , 19.25, 0, 0, 0, 0, 1, 6, 65246, , 
642041, , , 41.3, 0, 0, 0, 0, 1, 3, 16825, , 
66498, 1241476485047, 1241476578267, 0, 0, 0, 0, 0, 0, 0, 900329, 1, 
66842, , , 6.800000000000001, 0, 0, 0, 0, 1, 3, 153510, , 
67941, 1241476540303, 1241476973124, 0, 2581, 16, 123.6875, 0, 0, 0, 5212, 3, 0
68390, 1241469524404, 1241470997371, 50.7, 801, 7, 117, 0, 3, 0, 168473, 2, 
7078, , , 62.7, 0, 0, 0, 0, 9, 6, 177916, , 
70816, 1241477317976, , 0, 1782, 10, 137.2, 0, 0, 0, 366650, 2, 0
70997, 1241469653568, 1241472034119, 147.95000000000002, 3701, 10, 590.5, 1010692, 29, 31, 397835, 11, 2
713, 1241467595785, , 2280.4, 1617, 3, 457.3333333333333, 1265, 10, 66, 12, 18, 6
71724, 1241475634954, 1241477085977, 0, 977, 3, 285.6666666666667, 3200, 14, 4, 94103, 12, 4
73306, 1241470706535, , 0, 0, 0, 0, 0, 0, 0, 39030, 2, 0
73481, 1241467235327, 1241468568645, 0, 1003, 5, 192.2, 0, 2, 1, 164243, 4, 0
73621, , , 18.35, 0, 0, 0, 0, 2, 2, 112194, , 
74412, 1241473703654, 1241474545657, 0, 332, 2, 166, 171193, 0, 0, 102613, 4, 0
75123, 1241466816352, 1241476136891, 0, 1509, 3, 467.6666666666667, 101358, 14, 14, 2843, 12, 4
77, 1241469088743, 1241469122433, 0, 0, 0, 0, 171151, 11, 2, 12770, 14, 2
79021, 1241477648728, 1241477866690, 0, 0, 0, 0, 0, 0, 0, 5842, 2, 0
797824, 1241471910490, 1241472592311, 0, 298, 1, 298, 574401, 15, 4, 82321, 7, 5
79942, 1241474006731, 1241475296971, 0, 186, 2, 103, 633051, 7, 5, 198149, 6, 2
80646, 1241472113810, 1241473916977, 0, 0, 0, 0, 204792, 1, 0, 1148755, 4, 
81899, , , 217.45000000000002, 0, 0, 0, 0, 5, 8, 802319, , 
820185, 1241473121348, 1241473359186, 0, 95, 1, 181, 0, 0, 0, 58859, 1, 
82321, , , 29.8, 0, 0, 0, 0, 6, 18, 57717, , 
836050, 1241476726955, , 580.35, 4213, 12, 481.9166666666667, 592692, 13, 4, 113237, 7, 2
836417, , , 65.15, 0, 0, 0, 0, 3, 5, 582081, , 
8401, 1241470309485, 1241472558844, 74.30000000000001, 4349, 14, 330.92857142857144, 413254, 7, 1, 103033, 6, 4
8527, 1241470423641, 1241470473798, 0, 0, 0, 0, 0, 1, 0, 503, 8, 1
87714, 1241466143672, 1241471676736, 0, 611, 2, 340, 0, 9, 3, 351430, 9, 6
8842, , , 407.20000000000005, 0, 0, 0, 0, 12, 22, 1531, , 
885698, 1241476864030, , 150.3, 4074, 16, 336.125, 891151, 3, 0, 836050, 4, 0
88917, , , 18, 0, 0, 0, 0, 3, 2, 372191, , 
89322, 1241470366504, 1241472567823, 0, 2447, 6, 251.5, 0, 0, 0, 70997, 2, 
8938, 1241472756698, 1241472774871, 0, 0, 0, 0, 0, 19, 7, 541655, 6, 1
89757, , , 229.35000000000005, 0, 0, 0, 0, 3, 73, 20260, , 
90041, 1241475422766, , 38.400000000000006, 6250, 22, 341.6818181818182, 175933, 8, 8, 258951, 12, 13
921283, 1241474238386, 1241474576950, 19.15, 0, 0, 0, 0, 4, 2, 338409, 4, 
926905, 1241468402538, 1241468405693, 0, 0, 0, 0, 0, 0, 0, 0, 1, 
94103, , , 97.7, 0, 0, 0, 0, 1, 14, 223494, , 
942433, 1241473774463, 1241473856946, 0, 0, 0, 0, 0, 0, 0, 1164090, 1, 
94255, 1241475960617, 1241475967821, 0, 0, 0, 0, 0, 0, 0, 143278, 1, 0
942791, 1241473890840, , 0, 189, 1, 141, 0, 0, 0, 217283, 3, 0
94801, 1241471632689, 1241471676336, 0, 0, 0, 0, 0, 0, 0, 0, 1, 
95038, 1241473659082, 1241474337836, 0, 668, 3, 127.66666666666667, 0, 0, 0, 836050, 1, 
95479, 1241469365927, 1241469658070, 0, 498, 2, 290.5, 0, 8, 2, 586681, 6, 1
977713, 1241467586280, 1241467598809, 0, 0, 0, 0, 0, 0, 0, 0, 1, 
990799, , , 130.3, 0, 0, 0, 0, 5, 6, 836417, , 
995, , , 631.5000000000001, 0, 0, 0, 0, 11, 20, 12, , 
<<<<EndTable

PlayersOnlineNow=31
PlayersOnlineEachMinute=0, 3, 4, 6, 6, 8, 8, 8, 9, 11, 13, 12, 11, 11, 13, 14, 16, 16, 17, 19, 22, 22, 20, 21, 21, 21, 19, 21, 22, 24, 27, 25, 25, 27, 28, 28, 28, 26, 25, 25, 24, 22, 24, 24, 25, 24, 24, 25, 25, 26, 26, 26, 26, 26, 28, 30, 32, 34, 34, 36, 38, 39, 40, 38, 40, 33, 37, 36, 33, 34, 34, 36, 35, 36, 39, 41, 44, 42, 41, 41, 39, 41, 41, 41, 41, 43, 43, 39, 38, 39, 41, 39, 38, 38, 37, 37, 39, 33, 33, 34, 32, 33, 32, 30, 30, 29, 30, 30, 34, 33, 32, 32, 30, 29, 29, 26, 26, 25, 24, 24, 23, 26, 27, 26, 28, 27, 25, 24, 26, 26, 26, 29, 31, 28, 30, 31, 32, 32, 32, 35, 40, 40, 40, 40, 38, 34, 36, 39, 36, 35, 34, 31, 33, 34, 34, 34, 30, 28, 27, 26, 29, 27, 28, 33, 34, 32, 34, 35, 34, 33, 32, 35, 33, 34, 36, 33, 33, 32, 36, 34, 33, 33, 31, 30, 31, 30, 30, 29, 30, 31, 32, 31, 34, 37, 36, 34, 38, 35, 35, 35
PlayersInEachFeedingGame=2, 2, 1, 2, 1, 2, 2, 1, 1, 2, 2, 2, 1, 1, 2, 1, 2, 1, 2, 1, 2, 1, 2, 1, 2, 2, 2, 2, 2, 2, 1, 1, 2, 1, 1, 2, 1, 1, 2, 2, 2, 2, 2, 1, 1, 2, 2, 2, 2, 2, 1, 2, 2, 1, 1, 1, 2, 2, 2, 1, 2, 2, 2, 2, 1, 2, 2, 2, 2, 2, 2, 2, 2, 2, 2, 2, 1, 2, 6, 2, 2, 2, 1, 2, 2, 2, 2, 1, 2, 2, 1, 3, 1, 2, 2, 1, 1, 1, 2, 2, 1, 2, 2, 1, 1, 2, 2, 2, 2, 1, 2, 2, 2, 2, 1, 2, 2, 1, 2, 1, 1, 2, 2, 1, 1, 2, 1, 2, 2, 1, 2, 2, 1, 2, 2, 1, 2, 2, 2, 2, 1, 1, 2, 2, 2, 2, 1, 1, 2, 1, 1, 2, 1, 1, 2, 2, 1, 2, 2, 2, 1, 2, 2, 2, 1, 1, 1, 2, 2, 2, 2, 1, 2, 1, 2, 1, 1, 2, 1, 2, 2, 3, 2, 2, 1, 2, 2, 1, 2, 1, 1, 2, 2, 2, 2, 1, 2, 3, 1, 1, 1, 2, 2, 2, 1, 2, 2, 1, 1, 2, 1, 2, 1, 1, 1, 2, 2, 2, 2, 1, 2, 2, 1, 1, 2, 1, 2, 2, 2, 1, 1, 1, 2, 2, 1, 2, 2, 1, 2, 1, 2, 2, 2, 1, 1, 3, 1, 2, 2, 1, 1, 2, 1, 1, 1, 2, 2, 1, 2, 2, 1, 2, 2, 1, 2, 2, 1, 2, 2, 2, 2, 1, 2, 1, 2, 1, 1, 2, 2, 2, 1, 2, 1, 2, 2, 2, 1, 1, 1, 2, 1, 2, 1, 2, 2, 2, 1, 1, 2, 2, 2, 2, 2, 1, 2, 2, 2, 2, 1, 2, 1, 2, 1, 1, 2, 2, 2, 3, 1, 1, 1, 2, 1, 2, 2, 1, 2, 1, 2, 2, 2, 1, 1, 1, 2
PlayersStarted=429
PlayersQuit=398
StatsStartTime=1241465875689
StatsDumpTime=1241477876903
<<<<EndStats
2009-05-04 15:58:08,334 ERROR: vampire.server.feeding.FeedingRecord sendPlayerStartGameMsg [playerId=1088402, prey=true, _predatorIndex=]
2009-05-04 15:58:08,335 ERROR: vampire.server.feeding.FeedingRecord sendPlayerStartGameMsg [playerId=1085689, prey=false, _predatorIndex=]
2009-05-04 15:59:01,387 ERROR: vampire.server.feeding.FeedingRecord sendPlayerStartGameMsg [playerId=311783, prey=true, _predatorIndex=]
2009-05-04 15:59:01,388 ERROR: vampire.server.feeding.FeedingRecord sendPlayerStartGameMsg [playerId=836050, prey=false, _predatorIndex=]
2009-05-04 15:59:29,662 ERROR: vampire.server.feeding.FeedingRecord sendPlayerStartGameMsg [playerId=599105, prey=true, _predatorIndex=]
2009-05-04 15:59:29,662 ERROR: vampire.server.feeding.FeedingRecord sendPlayerStartGameMsg [playerId=54776, prey=false, _predatorIndex=]
2009-05-04 15:59:37,074 ERROR: vampire.server.feeding.FeedingRecord sendPlayerStartGameMsg [playerId=152169, prey=true, _predatorIndex=]
2009-05-04 15:59:37,074 ERROR: vampire.server.feeding.FeedingRecord sendPlayerStartGameMsg [playerId=37261, prey=false, _predatorIndex=]
2009-05-04 15:59:37,127 ERROR: vampire.server.feeding.FeedingRecord sendPlayerStartGameMsg [playerId=10260, prey=false, _predatorIndex=]
2009-05-04 15:59:56,961 ERROR: vampire.server.feeding.FeedingRecord sendPlayerStartGameMsg [playerId=70816, prey=false, _predatorIndex=]
2009-05-04 16:00:56,034 ERROR: vampire.server.feeding.FeedingRecord sendPlayerStartGameMsg [playerId=100300, prey=false, _predatorIndex=10260]
2009-05-04 16:01:01,899 ERROR: vampire.server.feeding.FeedingRecord sendPlayerStartGameMsg [playerId=1092321, prey=false, _predatorIndex=1114188]
2009-05-04 16:01:08,631 ERROR: vampire.server.feeding.FeedingRecord sendPlayerStartGameMsg [playerId=212225, prey=false, _predatorIndex=70816]
2009-05-04 16:01:23,229 ERROR: vampire.server.feeding.FeedingRecord sendPlayerStartGameMsg [playerId=212225, prey=false, _predatorIndex=]
2009-05-04 16:01:24,690 ERROR: vampire.server.feeding.FeedingRecord sendPlayerStartGameMsg [playerId=100300, prey=false, _predatorIndex=]
2009-05-04 16:01:28,669 ERROR: vampire.server.feeding.FeedingRecord sendPlayerStartGameMsg [playerId=367452, prey=false, _predatorIndex=54776]
2009-05-04 16:01:57,819 ERROR: vampire.server.feeding.FeedingRecord sendPlayerStartGameMsg [playerId=307477, prey=false, _predatorIndex=]
2009-05-04 16:02:11,374 ERROR: vampire.server.feeding.FeedingRecord sendPlayerStartGameMsg [playerId=10260, prey=false, _predatorIndex=]
2009-05-04 16:02:36,541 ERROR: vampire.server.feeding.FeedingRecord sendPlayerStartGameMsg [playerId=71724, prey=true, _predatorIndex=]
2009-05-04 16:02:36,542 ERROR: vampire.server.feeding.FeedingRecord sendPlayerStartGameMsg [playerId=307477, prey=false, _predatorIndex=]
2009-05-04 16:03:12,019 ERROR: vampire.server.feeding.FeedingRecord sendPlayerStartGameMsg [playerId=49222, prey=true, _predatorIndex=]
2009-05-04 16:03:12,021 ERROR: vampire.server.feeding.FeedingRecord sendPlayerStartGameMsg [playerId=367452, prey=false, _predatorIndex=]
2009-05-04 16:03:19,137 ERROR: vampire.server.feeding.FeedingRecord sendPlayerStartGameMsg [playerId=70816, prey=false, _predatorIndex=]
2009-05-04 16:03:32,664 ERROR: vampire.server.feeding.FeedingRecord sendPlayerStartGameMsg [playerId=696029, prey=false, _predatorIndex=]
2009-05-04 16:04:04,808 ERROR: vampire.server.feeding.FeedingRecord sendPlayerStartGameMsg [playerId=212225, prey=false, _predatorIndex=70816]
2009-05-04 16:04:16,013 ERROR: vampire.server.feeding.FeedingRecord sendPlayerStartGameMsg [playerId=212225, prey=false, _predatorIndex=]
2009-05-04 16:04:34,664 ERROR: vampire.server.feeding.FeedingRecord sendPlayerStartGameMsg [playerId=1092321, prey=true, _predatorIndex=]
2009-05-04 16:04:34,665 ERROR: vampire.server.feeding.FeedingRecord sendPlayerStartGameMsg [playerId=105867, prey=false, _predatorIndex=]
2009-05-04 16:05:09,616 ERROR: vampire.server.feeding.FeedingRecord sendPlayerStartGameMsg [playerId=1253030, prey=false, _predatorIndex=]
2009-05-04 16:05:15,808 ERROR: vampire.server.feeding.FeedingRecord sendPlayerStartGameMsg [playerId=510740, prey=false, _predatorIndex=]
Error! Your code is broken! Unable to call a host method, perhaps you've been shut down? [msg=Room not in game [roomId=1373397], trace=Error: Room not in game [roomId=1373397]
	at com.threerings.msoy.avrg.client::ThaneAVRGameController/getRoomProps()[/export/bamboo/bamboo-home/xml-data/build-dir/WHIRLED-PROD/src/as/com/threerings/msoy/avrg/client/ThaneAVRGameController.as:182]
	at com.threerings.msoy.avrg.client::ThaneAVRGameBackend/room_sendMessage_v1()[/export/bamboo/bamboo-home/xml-data/build-dir/WHIRLED-PROD/src/as/com/threerings/msoy/avrg/client/ThaneAVRGameBackend.as:540]
	at Function/http://adobe.com/AS3/2006/builtin::apply()
	at com.whirled::AbstractControl/callHostCode()
	at Function/http://adobe.com/AS3/2006/builtin::apply()
	at com.whirled::AbstractSubControl/callHostCode()
	at Function/http://adobe.com/AS3/2006/builtin::apply()
	at com.whirled::TargetedSubControl/callHostCode()
	at com.whirled.avrg::RoomSubControlServer/sendMessage()
	at vampire.feeding.server::ServerCtx/sendMessage()
	at vampire.feeding.server::ServerGameMode/onTimeOver()
	at flash.events::EventDispatcher/dispatchEvent()
	at flash.utils::Timer/expire()
	at flash.utils::Timer$/heartbeat()
	at Thane$/heartbeat()
	at Thane$/heartbeat()].
2009-05-04 16:05:53,744 ERROR: vampire.server.feeding.FeedingRecord sendPlayerStartGameMsg [playerId=1088402, prey=true, _predatorIndex=]
2009-05-04 16:05:53,745 ERROR: vampire.server.feeding.FeedingRecord sendPlayerStartGameMsg [playerId=71724, prey=false, _predatorIndex=]
2009-05-04 16:06:10,118 ERROR: vampire.server.feeding.FeedingRecord sendPlayerStartGameMsg [playerId=867669, prey=true, _predatorIndex=]
2009-05-04 16:06:10,119 ERROR: vampire.server.feeding.FeedingRecord sendPlayerStartGameMsg [playerId=99802, prey=false, _predatorIndex=]
2009-05-04 16:06:32,028 ERROR: vampire.server.feeding.FeedingRecord sendPlayerStartGameMsg [playerId=212225, prey=false, _predatorIndex=]
2009-05-04 16:06:39,784 ERROR: vampire.server.feeding.FeedingRecord sendPlayerStartGameMsg [playerId=70816, prey=false, _predatorIndex=]
2009-05-04 16:06:50,211 ERROR: vampire.server.feeding.FeedingRecord sendPlayerStartGameMsg [playerId=1085689, prey=false, _predatorIndex=]
2009-05-04 16:06:55,099 ERROR: vampire.server.feeding.FeedingRecord sendPlayerStartGameMsg [playerId=1251045, prey=false, _predatorIndex=]
2009-05-04 16:07:33,271 ERROR: vampire.server.feeding.FeedingRecord sendPlayerStartGameMsg [playerId=44987, prey=true, _predatorIndex=]
--- buffer full ---

