
>>>>BeginStats

>>>>BeginTable
PlayerId, StartTime, EndTime, ProgenyPayout, XPFromFeeding, FeedingGames, MeanFeedingScore, BloodBond, Progeny, GrandProgeny, Sire, Level, Invites
103144,1240614823368,1240615093416,0,175,1,133,0,5,5,116005,4,0
106069,undefined,0,115.45000000000002,0,0,0,0,13,3,236834,undefined,undefined
109238,1240615020335,1240616258529,0,498,4,103.75,0,0,0,630671,1,null
1101,undefined,0,90.75000000000001,0,0,0,0,2,6,239981,undefined,undefined
11460,undefined,0,59.50000000000001,0,0,0,0,1,5,41022,undefined,undefined
114914,1240615750222,0,0,438,4,108.25,0,0,0,0,1,0
116005,undefined,0,17.5,0,0,0,0,6,5,130627,undefined,undefined
117857,undefined,0,44.8,0,0,0,0,3,0,146211,undefined,undefined
12,undefined,0,142.85000000000002,0,0,0,0,19,33,383387,undefined,undefined
121984,undefined,0,23.900000000000002,0,0,0,0,4,0,166,undefined,undefined
123961,1240613284201,1240615038403,22.5,1830,8,278.75,878,5,17,713,12,2
124503,undefined,0,14.350000000000001,0,0,0,0,3,3,170934,undefined,undefined
125207,1240613406262,1240613446203,0,0,0,0,273503,0,0,544643,4,0
127942,1240615998859,0,0,698,5,160,0,5,4,133611,5,6
130627,undefined,0,8.75,0,0,0,0,8,7,85079,undefined,undefined
130736,1240615453178,1240615980315,0,369,2,151,0,0,0,797824,1,null
131676,1240616620519,1240616626603,0,0,0,0,0,1,1,40508,4,0
132921,undefined,0,55.95,0,0,0,0,5,2,211601,undefined,undefined
133118,1240616859349,0,0,515,3,133.66666666666666,0,0,0,121984,1,0
133611,undefined,0,69.80000000000001,0,0,0,0,5,5,168422,undefined,undefined
136131,1240613294527,1240613962374,15.4,287,2,156,390071,1,0,403501,4,0
140983,1240613274340,1240614491553,0,448,2,112,0,0,0,117857,3,0
141288,1240616773840,0,0,0,0,0,0,2,0,510740,4,0
143538,undefined,0,152,0,0,0,0,2,8,1531,undefined,undefined
146211,undefined,0,22.4,0,0,0,0,2,3,258951,undefined,undefined
147733,1240614472943,1240614722298,0,256,1,256,80835,1,1,80835,4,0
149220,undefined,0,51.8,0,0,0,0,1,1,430717,undefined,undefined
150469,undefined,0,67.00000000000001,0,0,0,0,2,5,57393,undefined,undefined
1531,undefined,0,70.65,0,0,0,0,1,2,12,undefined,undefined
154238,undefined,0,56.60000000000001,0,0,0,0,4,3,45129,undefined,undefined
159505,1240615837406,1240616131171,0,98,1,85,0,0,0,0,1,null
160138,undefined,0,138.9,0,0,0,0,5,4,150469,undefined,undefined
161355,1240615020495,1240615214188,0,0,0,0,0,0,0,54776,4,2
16187,1240613643796,1240613849690,0,111,1,105,0,0,0,0,1,null
162016,1240613634094,1240613684659,0,0,0,0,0,0,0,0,1,null
164310,1240614523136,1240614727594,0,0,0,0,0,0,0,0,1,null
166,undefined,0,11.950000000000001,0,0,0,0,5,4,578,undefined,undefined
167921,1240615789051,1240616488130,0,327,3,109,0,0,0,0,1,null
16825,1240616416715,0,0,1074,6,206.16666666666666,0,0,0,4139,3,0
168422,undefined,0,34.900000000000006,0,0,0,0,1,5,181695,undefined,undefined
168743,1240616241848,0,0,518,2,305.5,149220,1,0,149220,6,1
170191,1240615700770,1240616094936,0,0,0,0,0,2,6,202873,9,1
174936,undefined,0,12.8,0,0,0,0,2,1,256746,undefined,undefined
1892,1240615494947,1240615856389,120.8,187,1,260,455390,14,5,995,9,1
191354,1240615377599,1240615485082,0,0,0,0,0,0,0,261567,2,0
192644,1240613872877,1240614321263,0,214,2,129,0,0,0,259344,1,null
192883,1240615751059,0,42.400000000000006,249,1,360,0,8,2,210210,6,5
201158,1240614761964,1240615244948,0,309,2,166,0,0,0,0,1,null
210210,undefined,0,46.1,0,0,0,0,4,8,381607,undefined,undefined
211601,undefined,0,17.950000000000003,0,0,0,0,1,5,7078,undefined,undefined
212370,undefined,0,10.200000000000001,0,0,0,0,8,2,105778,undefined,undefined
2224,1240615136749,0,0,2313,6,504.8333333333333,57184,0,0,0,4,0
223864,1240615363878,0,9.8,1166,6,136.33333333333334,259344,4,9,160138,7,1
233517,undefined,0,20.400000000000002,0,0,0,0,2,3,212370,undefined,undefined
234299,1240616654043,0,0,0,0,0,0,0,0,81597,2,0
235393,undefined,0,17.400000000000002,0,0,0,0,7,3,377629,undefined,undefined
241707,1240616188173,1240616232056,0,0,0,0,0,0,0,154238,1,0
259344,1240613463184,1240615299336,21.4,1413,7,261.42857142857144,223864,8,1,143538,6,2
28100,1240613844869,1240613960278,0,0,0,0,0,0,0,0,1,0
2843,undefined,0,67,0,0,0,0,6,12,3383,undefined,undefined
287541,1240615329749,1240615534557,0,174,1,107,0,0,0,160138,2,0
297380,1240616223178,1240616751809,0,0,0,0,0,2,1,90015,4,2
298388,1240616805478,0,0,0,0,0,0,2,2,246356,4,2
308890,1240616597506,0,0,0,0,0,0,0,0,0,1,0
311783,1240614366891,0,0,595,2,333,0,5,1,11460,7,3
3200,1240614466710,1240614802538,0,98,1,196,71724,8,0,223864,11,2
3383,undefined,0,33.5,0,0,0,0,4,6,12791,undefined,undefined
377629,undefined,0,8.700000000000001,0,0,0,0,5,11,75123,undefined,undefined
381139,1240616819199,1240616842356,0,0,0,0,0,0,0,101358,2,0
381607,undefined,0,12.450000000000001,0,0,0,0,1,4,153510,undefined,undefined
383387,undefined,0,21,0,0,0,0,3,44,0,undefined,undefined
38851,1240616771239,0,0,0,0,0,0,2,1,390071,4,1
396113,undefined,0,56.10000000000001,0,0,0,0,2,3,44987,undefined,undefined
403501,undefined,0,36.400000000000006,0,0,0,0,3,1,124503,undefined,undefined
407244,1240613671356,1240613803432,0,0,0,0,0,1,0,72894,4,0
409656,undefined,0,34.6,0,0,0,0,6,1,384703,undefined,undefined
41022,undefined,0,29.750000000000004,0,0,0,0,1,1,412796,undefined,undefined
4139,undefined,0,107.4,0,0,0,0,11,2,713,undefined,undefined
416503,1240615523273,1240616399700,42.300000000000004,680,5,151.2,0,3,0,82321,2,1
430717,undefined,0,25.9,0,0,0,0,1,1,256746,undefined,undefined
44,1240614775769,1240616780297,100.20000000000002,2309,11,245.1818181818182,0,10,2,72176,5,1
445660,undefined,0,9.15,0,0,0,0,4,4,54812,undefined,undefined
44987,undefined,0,28.050000000000004,0,0,0,0,2,7,12770,undefined,undefined
510740,1240614812807,1240615080464,186.95000000000005,183,1,331,230164,46,29,534632,15,14
521870,1240616095395,1240616109771,0,0,0,0,0,0,0,0,1,0
53030,1240613290385,1240613302721,0,0,0,0,0,6,5,122907,11,3
534632,undefined,0,82.15,0,0,0,0,4,46,445660,undefined,undefined
537491,1240615882543,0,10.600000000000001,750,6,108.83333333333333,0,1,0,7314,2,0
547939,1240615526345,1240615717891,0,0,0,0,0,1,0,510740,2,0
555728,undefined,0,181.50000000000003,0,0,0,0,6,0,1101,undefined,undefined
562788,undefined,0,123.85,0,0,0,0,1,3,409656,undefined,undefined
57184,1240614859463,0,0,2313,6,265.3333333333333,2224,0,0,0,4,0
574307,1240615764342,1240616359530,0,351,3,126.66666666666667,0,0,0,416503,1,null
57717,undefined,0,114.4,0,0,0,0,4,4,110178,undefined,undefined
5842,undefined,0,37.5,0,0,0,0,11,9,344937,undefined,undefined
58859,1240616364779,0,0,561,2,418.5,43017,3,1,396113,11,2
597005,1240613343430,0,0,1093,4,262,0,0,0,603011,4,0
597367,1240614230620,1240615169608,0,225,3,70.66666666666667,0,0,0,123961,1,null
603011,1240613621058,1240616669425,109.30000000000001,692,3,245.33333333333334,0,3,0,562788,4,0
624616,1240616071957,1240616243115,0,0,0,0,0,1,0,104252,2,null
625005,1240615518520,1240615523224,0,0,0,0,0,0,0,0,1,null
627367,1240615633404,0,0,156,1,145,0,0,0,755785,1,0
630671,1240615363752,1240615742681,40.1,359,2,178.5,0,2,0,132921,3,null
630821,1240616345320,0,0,193,2,92,0,0,0,537491,1,0
637788,1240614104288,1240615716159,0,1815,10,145.9,555728,0,0,555728,3,null
638592,1240615686604,1240616093089,0,424,2,156.5,0,0,0,192883,1,null
639099,1240614479758,1240614653489,0,0,0,0,0,0,0,0,1,null
63924,1240614149013,1240614367220,0,204,2,105,0,3,1,233517,3,null
66347,1240616795373,1240616806918,0,0,0,0,0,0,0,0,1,null
699109,1240615854101,0,96.60000000000001,966,6,158.66666666666666,0,2,0,510740,2,0
713,undefined,0,247.95000000000005,0,0,0,0,9,18,12,undefined,undefined
72176,undefined,0,281.00000000000006,0,0,0,0,3,10,106069,undefined,undefined
72721,1240615523033,1240616588228,0,475,4,106.25,0,0,0,416503,1,null
730587,1240613280989,1240614973324,0,1132,6,200.66666666666666,0,0,0,735743,3,null
7314,undefined,0,80.3,0,0,0,0,8,1,5842,undefined,undefined
735743,undefined,0,113.20000000000002,0,0,0,0,3,0,154238,undefined,undefined
746772,1240613866184,1240613892387,0,0,0,0,0,0,0,1892,1,null
75123,1240613288304,1240614296952,0,670,2,308,101358,11,12,2843,12,3
751259,1240613298823,1240613475801,0,0,0,0,0,0,0,0,1,null
755785,1240616021902,0,15.600000000000001,1130,6,157.16666666666666,0,1,0,1892,2,0
759961,1240614601260,1240615000466,0,245,1,111,0,0,0,0,1,null
768411,1240615773992,0,0,966,6,147.33333333333334,0,0,0,699109,1,0
772113,1240615831784,0,0,311,2,167.5,0,0,0,510740,2,0
772383,1240614849419,1240616072672,0,174,1,241,168473,0,0,235393,3,null
773108,undefined,0,29.300000000000004,0,0,0,0,4,1,510740,undefined,undefined
776785,1240616849974,0,0,0,0,0,0,2,0,96722,4,0
797824,1240613288309,1240616619074,36.900000000000006,1608,6,229.16666666666666,574401,2,0,82321,4,null
802319,1240613422230,1240613797681,14.8,219,1,219,0,1,1,773108,3,null
80835,undefined,0,25.6,0,0,0,0,1,1,174936,undefined,undefined
818077,1240614315128,1240614339976,0,0,0,0,0,0,0,0,1,null
81899,1240614713288,0,0,148,1,134,0,1,0,802319,5,1
821078,1240613343544,1240613354147,0,0,0,0,0,0,0,0,1,null
821129,1240614140783,1240614431121,0,1002,4,291,0,0,0,44,2,null
821335,1240613880927,1240614144625,0,131,1,131,0,0,0,0,1,null
822833,1240616191010,1240616221564,0,0,0,0,0,0,0,0,1,null
823060,1240616048978,1240616347159,0,137,1,135,0,0,0,0,1,null
82321,undefined,0,268.40000000000003,0,0,0,0,4,5,57717,undefined,undefined
823386,1240616766676,1240616786330,0,0,0,0,0,0,0,0,1,null
92509,1240615228353,1240615250849,0,0,0,0,0,3,0,5212,5,3
98867,1240613315755,1240613478482,0,154,1,128,0,0,0,136131,1,null
995,1240613296167,0,75.2,420,1,702,12,11,17,12,13,5
<<<<EndTable

PlayersOnlineNow=27
PlayersOnlineEachMinute=0, 11, 15, 17, 16, 17, 18, 20, 19, 19, 20, 18, 17, 18, 19, 19, 20, 20, 18, 18, 20, 19, 18, 19, 20, 19, 21, 22, 22, 21, 22, 19, 18, 16, 15, 18, 18, 19, 21, 20, 22, 22, 26, 28, 28, 28, 29, 29, 27, 29, 26, 26, 26, 26, 25, 26, 25, 24, 23, 25
PlayersInEachFeedingGame=2, 1, 2, 1, 1, 2, 1, 1, 1, 2, 1, 1, 1, 2, 2, 1, 2, 2, 2, 1, 1, 2, 1, 2, 1, 1, 2, 1, 2, 1, 2, 2, 1, 1, 2, 2, 1, 1, 2, 1, 2, 2, 2, 3, 1, 2, 1, 1, 2, 1, 2, 1, 2, 1, 2, 2, 2, 1, 2, 1, 1, 2, 1, 1, 2, 1, 1, 1, 2, 2, 1, 2, 2, 1, 3, 2, 1, 2, 1, 2, 2, 1, 1, 2, 2, 1, 2, 1
PlayersStarted=138
PlayersQuit=111
StatsStartTime=1240613274178
StatsDumpTime=1240616874366
<<<<EndStats
2009-04-24 16:48:16,915 ERROR: vampire.server.feeding.FeedingRecord sendPlayerStartGameMsg [playerId=38851, prey=true, _predatorIndex=]
2009-04-24 16:48:16,916 ERROR: vampire.server.feeding.FeedingRecord sendPlayerStartGameMsg [playerId=58859, prey=false, _predatorIndex=]
2009-04-24 16:49:32,698 ERROR: vampire.server.feeding.FeedingRecord sendPlayerStartGameMsg [playerId=168743, prey=false, _predatorIndex=57184]
2009-04-24 16:49:51,607 ERROR: vampire.server.feeding.FeedingRecord sendPlayerStartGameMsg [playerId=776785, prey=false, _predatorIndex=]
2009-04-24 16:50:19,949 ERROR: vampire.server.feeding.FeedingRecord sendPlayerStartGameMsg [playerId=772113, prey=false, _predatorIndex=776785]
2009-04-24 16:50:36,521 ERROR: vampire.server.feeding.FeedingRecord sendPlayerStartGameMsg [playerId=259344, prey=false, _predatorIndex=]
2009-04-24 16:50:53,964 ERROR: vampire.server.feeding.FeedingRecord sendPlayerStartGameMsg [playerId=38851, prey=false, _predatorIndex=768411,168743]
2009-04-24 16:50:56,799 ERROR: vampire.server.feeding.FeedingRecord sendPlayerStartGameMsg [playerId=133118, prey=false, _predatorIndex=]
2009-04-24 16:51:23,498 ERROR: vampire.server.feeding.FeedingRecord sendPlayerStartGameMsg [playerId=72721, prey=false, _predatorIndex=]
2009-04-24 16:51:28,271 ERROR: vampire.server.feeding.FeedingRecord sendPlayerStartGameMsg [playerId=38851, prey=true, _predatorIndex=]
2009-04-24 16:51:28,272 ERROR: vampire.server.feeding.FeedingRecord sendPlayerStartGameMsg [playerId=772113, prey=false, _predatorIndex=]
2009-04-24 16:52:43,822 ERROR: vampire.server.feeding.FeedingRecord sendPlayerStartGameMsg [playerId=139864, prey=false, _predatorIndex=]
2009-04-24 16:53:00,040 ERROR: vampire.server.feeding.FeedingRecord sendPlayerStartGameMsg [playerId=234299, prey=true, _predatorIndex=]
2009-04-24 16:53:00,040 ERROR: vampire.server.feeding.FeedingRecord sendPlayerStartGameMsg [playerId=127942, prey=false, _predatorIndex=]
2009-04-24 16:53:17,722 ERROR: vampire.server.feeding.FeedingRecord sendPlayerStartGameMsg [playerId=308890, prey=true, _predatorIndex=]
2009-04-24 16:53:17,723 ERROR: vampire.server.feeding.FeedingRecord sendPlayerStartGameMsg [playerId=259344, prey=false, _predatorIndex=]
2009-04-24 16:53:42,090 ERROR: vampire.server.feeding.FeedingRecord sendPlayerStartGameMsg [playerId=114914, prey=false, _predatorIndex=]
2009-04-24 16:53:43,986 ERROR: vampire.server.feeding.FeedingRecord sendPlayerStartGameMsg [playerId=257369, prey=false, _predatorIndex=]
2009-04-24 16:53:53,407 ERROR: vampire.server.feeding.FeedingRecord sendPlayerStartGameMsg [playerId=311783, prey=false, _predatorIndex=139864]
2009-04-24 16:53:57,610 ERROR: vampire.server.feeding.FeedingRecord sendPlayerStartGameMsg [playerId=72721, prey=true, _predatorIndex=]
2009-04-24 16:53:57,610 ERROR: vampire.server.feeding.FeedingRecord sendPlayerStartGameMsg [playerId=755785, prey=false, _predatorIndex=]
2009-04-24 16:54:52,623 ERROR: vampire.server.feeding.FeedingRecord sendPlayerStartGameMsg [playerId=110157, prey=false, _predatorIndex=]
2009-04-24 16:56:26,138 ERROR: vampire.server.feeding.FeedingRecord sendPlayerStartGameMsg [playerId=141288, prey=true, _predatorIndex=]
2009-04-24 16:56:26,140 ERROR: vampire.server.feeding.FeedingRecord sendPlayerStartGameMsg [playerId=259344, prey=false, _predatorIndex=]
2009-04-24 16:56:31,701 ERROR: vampire.server.feeding.FeedingRecord sendPlayerStartGameMsg [playerId=133118, prey=false, _predatorIndex=139864,311783]
2009-04-24 16:56:51,408 ERROR: vampire.server.feeding.FeedingRecord sendPlayerStartGameMsg [playerId=168743, prey=false, _predatorIndex=]
2009-04-24 16:57:30,043 ERROR: vampire.server.feeding.FeedingRecord sendPlayerStartGameMsg [playerId=234299, prey=true, _predatorIndex=]
2009-04-24 16:57:30,043 ERROR: vampire.server.feeding.FeedingRecord sendPlayerStartGameMsg [playerId=133118, prey=false, _predatorIndex=]
2009-04-24 16:57:33,672 ERROR: vampire.server.feeding.FeedingRecord sendPlayerStartGameMsg [playerId=127942, prey=false, _predatorIndex=139864,311783,133118]

>>>>BeginStats

>>>>BeginTable
PlayerId, StartTime, EndTime, ProgenyPayout, XPFromFeeding, FeedingGames, MeanFeedingScore, BloodBond, Progeny, GrandProgeny, Sire, Level, Invites
103144,1240614823368,1240615093416,0,175,1,133,0,5,5,116005,4,0
106069,undefined,0,115.45000000000002,0,0,0,0,13,3,236834,undefined,undefined
109238,1240615020335,1240616258529,0,498,4,103.75,0,0,0,630671,1,null
1101,undefined,0,90.75000000000001,0,0,0,0,2,6,239981,undefined,undefined
110157,1240617240780,0,0,111,1,111,0,0,0,196626,1,0
11460,undefined,0,75.4,0,0,0,0,1,5,41022,undefined,undefined
114914,1240615750222,0,0,546,5,108.2,0,0,0,0,1,0
116005,undefined,0,17.5,0,0,0,0,6,5,130627,undefined,undefined
117857,undefined,0,44.8,0,0,0,0,3,0,146211,undefined,undefined
12,undefined,0,142.85000000000002,0,0,0,0,19,34,383387,undefined,undefined
121984,undefined,0,55,0,0,0,0,4,0,166,undefined,undefined
123961,1240613284201,1240615038403,22.5,1830,8,278.75,878,5,17,713,12,2
124503,undefined,0,14.350000000000001,0,0,0,0,3,3,170934,undefined,undefined
125207,1240613406262,1240613446203,0,0,0,0,273503,0,0,544643,4,0
127942,1240615998859,0,0,1162,6,212.16666666666666,0,5,4,133611,5,6
130627,undefined,0,8.75,0,0,0,0,8,7,85079,undefined,undefined
130736,1240615453178,1240615980315,0,369,2,151,0,0,0,797824,1,null
131676,1240616620519,1240616626603,0,0,0,0,0,1,1,40508,4,0
132921,undefined,0,55.95,0,0,0,0,5,2,211601,undefined,undefined
133118,1240617043711,0,0,826,5,142.4,0,0,0,121984,1,0
133611,undefined,0,116.20000000000002,0,0,0,0,5,5,168422,undefined,undefined
136131,1240613294527,1240613962374,15.4,287,2,156,390071,1,0,403501,4,0
138676,1240617442074,0,0,0,0,0,506522,1,0,194104,2,0
139864,1240617086780,1240617467191,0,147,1,147,0,0,0,205658,4,0
140983,1240613274340,1240614491553,0,448,2,112,0,0,0,117857,3,0
141288,1240616773840,0,0,0,0,0,0,2,0,510740,4,0
143538,undefined,0,179,0,0,0,0,2,8,1531,undefined,undefined
143752,1240617347749,1240617353517,0,0,0,0,0,0,0,195654,2,0
146211,undefined,0,22.4,0,0,0,0,2,3,258951,undefined,undefined
147733,1240614472943,1240614722298,0,256,1,256,80835,1,1,80835,4,0
149220,undefined,0,71.9,0,0,0,0,1,1,430717,undefined,undefined
150469,undefined,0,67.00000000000001,0,0,0,0,2,5,57393,undefined,undefined
1531,undefined,0,84.15,0,0,0,0,1,2,12,undefined,undefined
154238,undefined,0,56.60000000000001,0,0,0,0,4,3,45129,undefined,undefined
159505,1240615837406,1240616131171,0,98,1,85,0,0,0,0,1,null
160138,undefined,0,138.9,0,0,0,0,5,4,150469,undefined,undefined
161355,1240615020495,1240615214188,0,0,0,0,0,0,0,54776,4,2
16187,1240613643796,1240613849690,0,111,1,105,0,0,0,0,1,null
162016,1240613634094,1240613684659,0,0,0,0,0,0,0,0,1,null
162782,1240617327976,0,0,0,0,0,430717,5,0,36377,8,1
164310,1240614523136,1240614727594,0,0,0,0,0,0,0,0,1,null
166,undefined,0,27.5,0,0,0,0,5,4,578,undefined,undefined
167921,1240615789051,1240616488130,0,327,3,109,0,0,0,0,1,null
16825,1240616416715,1240616897675,0,1074,6,206.16666666666666,0,0,0,4139,3,null
168422,undefined,0,58.10000000000001,0,0,0,0,1,5,181695,undefined,undefined
168743,1240616241848,0,0,719,3,270.6666666666667,149220,1,0,149220,6,1
170191,1240615700770,1240616094936,0,0,0,0,0,2,6,202873,9,1
174936,undefined,0,12.8,0,0,0,0,2,1,256746,undefined,undefined
1892,1240615494947,1240615856389,132.1,187,1,260,455390,14,5,995,9,1
191354,1240615377599,1240615485082,0,0,0,0,0,0,0,261567,2,0
192644,1240613872877,1240614321263,0,214,2,129,0,0,0,259344,1,null
192883,1240615751059,0,42.400000000000006,249,1,360,0,8,2,210210,6,5
196626,undefined,0,11.100000000000001,0,0,0,0,1,0,204260,undefined,undefined
201158,1240614761964,1240615244948,0,309,2,166,0,0,0,0,1,null
204260,undefined,0,5.550000000000001,0,0,0,0,1,1,145896,undefined,undefined
205658,undefined,0,14.700000000000001,0,0,0,0,1,0,37832,undefined,undefined
210210,undefined,0,46.1,0,0,0,0,4,8,381607,undefined,undefined
211601,undefined,0,17.950000000000003,0,0,0,0,1,5,7078,undefined,undefined
212370,undefined,0,10.200000000000001,0,0,0,0,8,2,105778,undefined,undefined
2224,1240615136749,0,0,2313,6,504.8333333333333,57184,0,0,0,4,0
223864,1240615363878,1240616940155,9.8,1166,6,136.33333333333334,259344,4,9,160138,7,1
233517,undefined,0,20.400000000000002,0,0,0,0,2,3,212370,undefined,undefined
234299,1240616654043,0,0,464,1,455,0,0,0,81597,2,0
235393,undefined,0,17.400000000000002,0,0,0,0,7,3,377629,undefined,undefined
241707,1240616188173,1240616232056,0,0,0,0,0,0,0,154238,1,0
257369,1240617172540,0,0,105,1,105,0,0,0,0,1,0
259344,1240616984545,0,21.4,1683,9,249.22222222222223,223864,8,1,143538,6,2
28100,1240613844869,1240613960278,0,0,0,0,0,0,0,0,1,0
2843,undefined,0,67,0,0,0,0,6,12,3383,undefined,undefined
287541,1240615329749,1240615534557,0,174,1,107,0,0,0,160138,2,0
297380,1240616223178,1240616751809,0,0,0,0,0,2,1,90015,4,2
298388,1240616805478,1240616968813,0,0,0,0,0,2,2,246356,4,2
304356,1240616914678,1240617026877,0,0,0,0,0,0,0,115410,3,0
308890,1240616597506,0,0,0,0,0,0,0,0,0,1,0
311783,1240614366891,0,0,754,3,275,0,5,1,11460,7,3
3200,1240614466710,1240614802538,0,98,1,196,71724,8,0,223864,11,2
3383,undefined,0,33.5,0,0,0,0,4,6,12791,undefined,undefined
377629,undefined,0,8.700000000000001,0,0,0,0,5,11,75123,undefined,undefined
37832,undefined,0,7.3500000000000005,0,0,0,0,1,1,72070,undefined,undefined
381139,1240616819199,1240616842356,0,0,0,0,0,0,0,101358,2,0
381607,undefined,0,12.450000000000001,0,0,0,0,1,4,153510,undefined,undefined
383387,undefined,0,21,0,0,0,0,3,44,0,undefined,undefined
38851,1240616771239,1240617357480,0,428,3,100,0,2,1,390071,4,1
390071,undefined,0,42.8,0,0,0,0,2,2,4139,undefined,undefined
396113,undefined,0,72.60000000000001,0,0,0,0,2,3,44987,undefined,undefined
403501,undefined,0,36.400000000000006,0,0,0,0,3,1,124503,undefined,undefined
407244,1240613671356,1240613803432,0,0,0,0,0,1,0,72894,4,0
409656,undefined,0,34.6,0,0,0,0,6,1,384703,undefined,undefined
41022,undefined,0,37.7,0,0,0,0,1,1,412796,undefined,undefined
4139,undefined,0,128.8,0,0,0,0,11,2,713,undefined,undefined
416503,1240615523273,1240616399700,64.7,680,5,151.2,0,3,0,82321,2,1
430717,undefined,0,35.95,0,0,0,0,2,2,256746,undefined,undefined
44,1240614775769,1240616780297,100.20000000000002,2309,11,245.1818181818182,0,10,2,72176,5,1
445660,undefined,0,9.15,0,0,0,0,4,4,54812,undefined,undefined
44987,undefined,0,59.50000000000001,0,0,0,0,2,7,12770,undefined,undefined
510740,1240614812807,1240615080464,239.10000000000008,183,1,331,230164,46,29,534632,15,14
521870,1240616095395,1240616109771,0,0,0,0,0,0,0,0,1,0
53030,1240613290385,1240613302721,0,0,0,0,0,6,5,122907,11,3
534632,undefined,0,104.85000000000002,0,0,0,0,4,46,445660,undefined,undefined
537491,1240615882543,1240616892661,10.600000000000001,750,6,108.83333333333333,0,1,0,7314,2,null
547939,1240615526345,1240615717891,0,0,0,0,0,1,0,510740,2,0
555728,undefined,0,181.50000000000003,0,0,0,0,6,0,1101,undefined,undefined
562788,undefined,0,123.85,0,0,0,0,1,3,409656,undefined,undefined
57184,1240614859463,0,0,2313,6,265.3333333333333,2224,0,0,0,4,0
574307,1240615764342,1240616359530,0,351,3,126.66666666666667,0,0,0,416503,1,null
57706,1240617410503,0,0,0,0,0,0,0,0,23989,1,0
57717,undefined,0,114.4,0,0,0,0,4,4,110178,undefined,undefined
5842,undefined,0,37.5,0,0,0,0,11,9,344937,undefined,undefined
58859,1240616364779,1240617047605,0,726,3,356.3333333333333,43017,3,1,396113,11,2
597005,1240613343430,0,0,1093,4,262,0,0,0,603011,4,0
597367,1240614230620,1240615169608,0,225,3,70.66666666666667,0,0,0,123961,1,null
600642,1240617447899,0,0,0,0,0,0,0,0,196269,1,0
603011,1240613621058,1240616669425,109.30000000000001,692,3,245.33333333333334,0,3,0,562788,4,0
617569,1240616982845,1240617192041,0,0,0,0,0,0,0,154004,2,null
624616,1240616071957,1240616243115,0,0,0,0,0,1,0,104252,2,null
624920,1240616970590,1240617220238,0,0,0,0,0,0,0,0,1,null
625005,1240615518520,1240615523224,0,0,0,0,0,0,0,0,1,null
627367,1240615633404,1240617213092,0,156,1,145,0,0,0,755785,1,null
63026,1240617468148,0,0,0,0,0,0,0,0,63924,1,0
630671,1240615363752,1240615742681,40.1,359,2,178.5,0,2,0,132921,3,null
630821,1240616345320,1240616932698,0,193,2,92,0,0,0,537491,1,null
637788,1240614104288,1240615716159,0,1815,10,145.9,555728,0,0,555728,3,null
638592,1240615686604,1240616093089,0,424,2,156.5,0,0,0,192883,1,null
639099,1240614479758,1240614653489,0,0,0,0,0,0,0,0,1,null
63924,1240614149013,1240614367220,0,204,2,105,0,3,1,233517,3,null
66347,1240617120089,1240617225294,0,0,0,0,0,0,0,0,1,null
699109,1240615854101,1240617179229,110.10000000000001,1094,8,132.375,0,2,0,510740,2,null
713,undefined,0,247.95000000000005,0,0,0,0,9,18,12,undefined,undefined
72176,undefined,0,281.00000000000006,0,0,0,0,3,10,106069,undefined,undefined
72721,1240617075219,0,0,699,6,106.16666666666667,0,0,0,416503,1,0
730587,1240613280989,1240614973324,0,1132,6,200.66666666666666,0,0,0,735743,3,null
7314,undefined,0,80.3,0,0,0,0,8,1,5842,undefined,undefined
735743,undefined,0,113.20000000000002,0,0,0,0,3,0,154238,undefined,undefined
746772,1240613866184,1240613892387,0,0,0,0,0,0,0,1892,1,null
75123,1240613288304,1240614296952,0,670,2,308,101358,11,12,2843,12,3
751259,1240613298823,1240613475801,0,0,0,0,0,0,0,0,1,null
755785,1240616021902,0,15.600000000000001,1243,7,152.42857142857142,0,1,0,1892,2,0
759961,1240614601260,1240615000466,0,245,1,111,0,0,0,0,1,null
76195,1240617285598,0,0,0,0,0,0,0,0,0,1,0
768411,1240615773992,0,0,1101,9,116.11111111111111,0,0,0,699109,2,0
772113,1240615831784,0,0,637,5,156.6,0,0,0,510740,2,0
772383,1240614849419,1240616072672,0,174,1,241,168473,0,0,235393,3,null
773108,undefined,0,29.300000000000004,0,0,0,0,4,1,510740,undefined,undefined
776785,1240616849974,1240617404535,0,373,2,186.5,0,2,0,96722,4,null
797824,1240613288309,1240616619074,36.900000000000006,1608,6,229.16666666666666,574401,2,0,82321,4,null
802319,1240613422230,1240613797681,14.8,219,1,219,0,1,1,773108,3,null
80835,undefined,0,25.6,0,0,0,0,1,1,174936,undefined,undefined
81597,undefined,0,46.400000000000006,0,0,0,0,5,0,44987,undefined,undefined
818077,1240614315128,1240614339976,0,0,0,0,0,0,0,0,1,null
81899,1240614713288,0,0,148,1,134,0,1,0,802319,5,1
821078,1240613343544,1240613354147,0,0,0,0,0,0,0,0,1,null
821129,1240614140783,1240614431121,0,1002,4,291,0,0,0,44,2,null
821335,1240613880927,1240614144625,0,131,1,131,0,0,0,0,1,null
822627,1240617284580,1240617306880,0,0,0,0,0,0,0,0,1,null
822833,1240616191010,1240616221564,0,0,0,0,0,0,0,0,1,null
823060,1240616048978,1240616347159,0,137,1,135,0,0,0,0,1,null
82321,undefined,0,279.6,0,0,0,0,4,5,57717,undefined,undefined
823386,1240616766676,1240616786330,0,0,0,0,0,0,0,0,1,null
824354,1240616966409,1240616991239,0,0,0,0,0,0,0,0,1,null
92509,1240615228353,1240615250849,0,0,0,0,0,3,0,5212,5,3
96722,undefined,0,37.300000000000004,0,0,0,0,2,2,99126,undefined,undefined
98867,1240613315755,1240613478482,0,154,1,128,0,0,0,136131,1,null
99126,undefined,0,18.650000000000002,0,0,0,0,3,2,47445,undefined,undefined
995,1240613296167,1240617003064,80.85000000000001,420,1,702,12,11,17,12,13,5
<<<<EndTable

PlayersOnlineNow=26
PlayersOnlineEachMinute=0, 11, 15, 17, 16, 17, 18, 20, 19, 19, 20, 18, 17, 18, 19, 19, 20, 20, 18, 18, 20, 19, 18, 19, 20, 19, 21, 22, 22, 21, 22, 19, 18, 16, 15, 18, 18, 19, 21, 20, 22, 22, 26, 28, 28, 28, 29, 29, 27, 29, 26, 26, 26, 26, 25, 26, 25, 24, 23, 25, 27, 25, 25, 23, 26, 27, 22, 26, 25, 24
PlayersInEachFeedingGame=2, 1, 2, 1, 1, 2, 1, 1, 1, 2, 1, 1, 1, 2, 2, 1, 2, 2, 2, 1, 1, 2, 1, 2, 1, 1, 2, 1, 2, 1, 2, 2, 1, 1, 2, 2, 1, 1, 2, 1, 2, 2, 2, 3, 1, 2, 1, 1, 2, 1, 2, 1, 2, 1, 2, 2, 2, 1, 2, 1, 1, 2, 1, 1, 2, 1, 1, 1, 2, 2, 1, 2, 2, 1, 3, 2, 1, 2, 1, 2, 2, 1, 1, 2, 2, 1, 2, 1, 2, 1, 1, 1, 2, 1, 1, 2, 2, 1, 1, 2, 1, 2, 1, 2
PlayersStarted=163
PlayersQuit=137
StatsStartTime=1240613274178
StatsDumpTime=1240617474384
<<<<EndStats
2009-04-24 16:58:12,590 ERROR: vampire.server.feeding.FeedingRecord sendPlayerStartGameMsg [playerId=597005, prey=true, _predatorIndex=]
2009-04-24 16:58:12,591 ERROR: vampire.server.feeding.FeedingRecord sendPlayerStartGameMsg [playerId=138676, prey=false, _predatorIndex=]
2009-04-24 16:58:21,544 ERROR: vampire.server.feeding.FeedingRecord sendPlayerStartGameMsg [playerId=63026, prey=false, _predatorIndex=]
2009-04-24 16:59:18,924 ERROR: vampire.server.feeding.FeedingRecord sendPlayerStartGameMsg [playerId=141288, prey=true, _predatorIndex=]
2009-04-24 16:59:18,925 ERROR: vampire.server.feeding.FeedingRecord sendPlayerStartGameMsg [playerId=168743, prey=false, _predatorIndex=]
2009-04-24 17:00:15,171 ERROR: vampire.server.feeding.FeedingRecord sendPlayerStartGameMsg [playerId=772113, prey=true, _predatorIndex=]
2009-04-24 17:00:15,171 ERROR: vampire.server.feeding.FeedingRecord sendPlayerStartGameMsg [playerId=259344, prey=false, _predatorIndex=]
2009-04-24 17:00:20,246 ERROR: vampire.server.feeding.FeedingRecord sendPlayerStartGameMsg [playerId=110157, prey=true, _predatorIndex=]
2009-04-24 17:00:20,247 ERROR: vampire.server.feeding.FeedingRecord sendPlayerStartGameMsg [playerId=193439, prey=false, _predatorIndex=]
2009-04-24 17:00:30,588 ERROR: vampire.server.feeding.FeedingRecord sendPlayerStartGameMsg [playerId=257369, prey=true, _predatorIndex=]
2009-04-24 17:00:30,589 ERROR: vampire.server.feeding.FeedingRecord sendPlayerStartGameMsg [playerId=130736, prey=false, _predatorIndex=]
2009-04-24 17:01:39,952 ERROR: vampire.server.feeding.FeedingRecord sendPlayerStartGameMsg [playerId=168743, prey=true, _predatorIndex=]
2009-04-24 17:01:39,954 ERROR: vampire.server.feeding.FeedingRecord sendPlayerStartGameMsg [playerId=63026, prey=false, _predatorIndex=]
2009-04-24 17:01:41,593 ERROR: vampire.server.feeding.FeedingRecord sendPlayerStartGameMsg [playerId=451927, prey=false, _predatorIndex=138676]
2009-04-24 17:03:26,076 ERROR: vampire.server.feeding.FeedingRecord sendPlayerStartGameMsg [playerId=16825, prey=true, _predatorIndex=]
2009-04-24 17:03:26,077 ERROR: vampire.server.feeding.FeedingRecord sendPlayerStartGameMsg [playerId=339217, prey=false, _predatorIndex=]
2009-04-24 17:03:47,295 ERROR: vampire.server.feeding.FeedingRecord sendPlayerStartGameMsg [playerId=10642, prey=false, _predatorIndex=]
2009-04-24 17:04:22,937 ERROR: vampire.server.feeding.FeedingRecord sendPlayerStartGameMsg [playerId=168743, prey=true, _predatorIndex=]
2009-04-24 17:04:22,937 ERROR: vampire.server.feeding.FeedingRecord sendPlayerStartGameMsg [playerId=141288, prey=false, _predatorIndex=]
2009-04-24 17:04:29,384 ERROR: vampire.server.feeding.FeedingRecord sendPlayerStartGameMsg [playerId=182928, prey=false, _predatorIndex=]
2009-04-24 17:04:39,137 ERROR: vampire.server.feeding.FeedingRecord sendPlayerStartGameMsg [playerId=133118, prey=false, _predatorIndex=]
2009-04-24 17:04:55,449 ERROR: vampire.server.feeding.FeedingRecord sendPlayerStartGameMsg [playerId=114914, prey=true, _predatorIndex=]
2009-04-24 17:04:55,450 ERROR: vampire.server.feeding.FeedingRecord sendPlayerStartGameMsg [playerId=63026, prey=false, _predatorIndex=]
2009-04-24 17:05:03,974 ERROR: vampire.server.feeding.FeedingRecord sendPlayerStartGameMsg [playerId=64152, prey=true, _predatorIndex=]
2009-04-24 17:05:03,974 ERROR: vampire.server.feeding.FeedingRecord sendPlayerStartGameMsg [playerId=817673, prey=false, _predatorIndex=]
2009-04-24 17:05:05,386 ERROR: vampire.server.feeding.FeedingRecord sendPlayerStartGameMsg [playerId=755785, prey=true, _predatorIndex=]
2009-04-24 17:05:05,387 ERROR: vampire.server.feeding.FeedingRecord sendPlayerStartGameMsg [playerId=630671, prey=false, _predatorIndex=]
2009-04-24 17:05:22,593 ERROR: vampire.server.feeding.FeedingRecord sendPlayerStartGameMsg [playerId=772113, prey=false, _predatorIndex=]
2009-04-24 17:05:38,129 ERROR: vampire.server.feeding.FeedingRecord sendPlayerStartGameMsg [playerId=257369, prey=true, _predatorIndex=]
2009-04-24 17:05:38,129 ERROR: vampire.server.feeding.FeedingRecord sendPlayerStartGameMsg [playerId=103033, prey=false, _predatorIndex=]
2009-04-24 17:05:48,005 ERROR: vampire.server.feeding.FeedingRecord sendPlayerStartGameMsg [playerId=259344, prey=false, _predatorIndex=]
2009-04-24 17:06:04,411 ERROR: vampire.server.feeding.FeedingRecord sendPlayerStartGameMsg [playerId=821321, prey=false, _predatorIndex=103033]
2009-04-24 17:06:17,760 ERROR: vampire.server.feeding.FeedingRecord sendPlayerStartGameMsg [playerId=339217, prey=false, _predatorIndex=]
2009-04-24 17:06:25,027 ERROR: vampire.server.feeding.FeedingRecord sendPlayerStartGameMsg [playerId=160801, prey=true, _predatorIndex=]
2009-04-24 17:06:25,028 ERROR: vampire.server.feeding.FeedingRecord sendPlayerStartGameMsg [playerId=10642, prey=false, _predatorIndex=]
Error! Your code is broken! Unable to call a host method, perhaps you've been shut down? [msg=Room not in game [roomId=710888], trace=Error: Room not in game [roomId=710888]
	at com.threerings.msoy.avrg.client::ThaneAVRGameController/getRoomProps()[/export/bamboo/bamboo-home/xml-data/build-dir/WHIRLED-PROD/src/as/com/threerings/msoy/avrg/client/ThaneAVRGameController.as:182]
	at com.threerings.msoy.avrg.client::ThaneAVRGameBackend/room_sendMessage_v1()[/export/bamboo/bamboo-home/xml-data/build-dir/WHIRLED-PROD/src/as/com/threerings/msoy/avrg/client/ThaneAVRGameBackend.as:540]
	at Function/http://adobe.com/AS3/2006/builtin::apply()
	at com.whirled::AbstractControl/callHostCode()
	at Function/http://adobe.com/AS3/2006/builtin::apply()
	at com.whirled::AbstractSubControl/callHostCode()
	at Function/http://adobe.com/AS3/2006/builtin::apply()
	at com.whirled::TargetedSubControl/callHostCode()
	at com.whirled.avrg::RoomSubControlServer/sendMessage()
	at vampire.feeding.server::ServerCtx/sendMessage()
	at vampire.feeding.server::ServerGameMode/onTimeOver()
	at flash.events::EventDispatcher/dispatchEvent()
	at flash.utils::Timer/expire()
	at flash.utils::Timer$/heartbeat()
	at Thane$/heartbeat()
	at Thane$/heartbeat()].
2009-04-24 17:06:42,138 ERROR: vampire.server.feeding.FeedingRecord sendPlayerStartGameMsg [playerId=133118, prey=true, _predatorIndex=]
2009-04-24 17:06:42,139 ERROR: vampire.server.feeding.FeedingRecord sendPlayerStartGameMsg [playerId=825259, prey=false, _predatorIndex=]
2009-04-24 17:06:58,089 ERROR: vampire.server.feeding.LogicFeeding handleFeedRequestMessage [player=Player [playerId=66878, name=?? Nightengail ??, roomId=null, xp=1027.3, level=2, bloodbond=0, sire=75123, progeny=183163], e=FeedRequestMsg: player=66878, targetPlayerId=108554]
2009-04-24 17:07:12,220 ERROR: vampire.server.feeding.LogicFeeding handleFeedRequestMessage [player=Player [playerId=66878, name=?? Nightengail ??, roomId=null, xp=1027.3, level=2, bloodbond=0, sire=75123, progeny=183163], e=FeedRequestMsg: player=66878, targetPlayerId=108554]
2009-04-24 17:07:20,764 ERROR: vampire.server.feeding.FeedingRecord sendPlayerStartGameMsg [playerId=168743, prey=false, _predatorIndex=817673]

>>>>BeginStats

>>>>BeginTable
PlayerId, StartTime, EndTime, ProgenyPayout, XPFromFeeding, FeedingGames, MeanFeedingScore, BloodBond, Progeny, GrandProgeny, Sire, Level, Invites
103033,1240617906417,0,0,154,1,186,0,0,0,0,1,0
103144,1240614823368,1240615093416,0,175,1,133,0,5,5,116005,4,0
106069,undefined,0,115.45000000000002,0,0,0,0,13,3,236834,undefined,undefined
10642,1240617749991,0,0,240,1,240,447249,15,23,351598,13,2
108338,undefined,0,45.300000000000004,0,0,0,0,1,4,288860,undefined,undefined
109238,1240615020335,1240616258529,0,498,4,103.75,0,0,0,630671,1,null
1101,undefined,0,90.75000000000001,0,0,0,0,2,6,239981,undefined,undefined
110157,1240617240780,1240617727789,0,111,1,111,0,0,0,196626,1,null
11460,undefined,0,86.30000000000001,0,0,0,0,1,5,41022,undefined,undefined
114914,1240615750222,0,0,719,7,99.42857142857143,0,0,0,0,1,0
116005,undefined,0,17.5,0,0,0,0,6,5,130627,undefined,undefined
117857,undefined,0,44.8,0,0,0,0,3,0,146211,undefined,undefined
12,undefined,0,142.85000000000002,0,0,0,0,19,37,383387,undefined,undefined
121984,undefined,0,108.7,0,0,0,0,4,0,166,undefined,undefined
123961,1240613284201,1240615038403,22.5,1830,8,278.75,878,5,17,713,12,2
124503,undefined,0,14.350000000000001,0,0,0,0,3,3,170934,undefined,undefined
125207,1240613406262,1240613446203,0,0,0,0,273503,0,0,544643,4,0
127942,1240615998859,1240617564836,0,1162,6,212.16666666666666,0,5,4,133611,5,6
130627,undefined,0,8.75,0,0,0,0,8,7,85079,undefined,undefined
130736,1240617613936,0,0,523,3,156.66666666666666,0,0,0,797824,1,0
131676,1240616620519,1240616626603,0,0,0,0,0,1,1,40508,4,0
132921,undefined,0,69.75,0,0,0,0,5,2,211601,undefined,undefined
133118,1240617968211,0,0,1363,8,157.25,0,0,0,121984,2,0
133611,undefined,0,116.20000000000002,0,0,0,0,5,5,168422,undefined,undefined
136131,1240613294527,1240613962374,15.4,287,2,156,390071,1,0,403501,4,0
138676,1240617442074,1240618046081,0,248,2,156,506522,1,0,597005,3,null
139864,1240617086780,1240617467191,0,147,1,147,0,0,0,205658,4,0
140983,1240613274340,1240614491553,0,448,2,112,0,0,0,117857,3,0
141288,1240616773840,0,0,906,3,166.33333333333334,0,2,0,510740,4,0
143538,undefined,0,247.1,0,0,0,0,2,8,1531,undefined,undefined
143752,1240617347749,1240617353517,0,0,0,0,0,0,0,195654,2,0
146211,undefined,0,22.4,0,0,0,0,2,3,258951,undefined,undefined
147733,1240614472943,1240614722298,0,256,1,256,80835,1,1,80835,4,0
149220,undefined,0,160.2,0,0,0,0,1,1,430717,undefined,undefined
150469,undefined,0,67.00000000000001,0,0,0,0,2,5,57393,undefined,undefined
1531,undefined,0,118.2,0,0,0,0,2,13,12,undefined,undefined
154238,undefined,0,56.60000000000001,0,0,0,0,4,3,45129,undefined,undefined
159505,1240615837406,1240616131171,0,98,1,85,0,0,0,0,1,null
160138,undefined,0,138.9,0,0,0,0,5,4,150469,undefined,undefined
160801,1240617873588,0,0,0,0,0,0,1,1,166371,3,0
161355,1240615020495,1240615214188,0,0,0,0,0,0,0,54776,4,2
16187,1240613643796,1240613849690,0,111,1,105,0,0,0,0,1,null
162016,1240613634094,1240613684659,0,0,0,0,0,0,0,0,1,null
162782,1240617327976,1240617588455,0,0,0,0,430717,5,0,36377,8,1
164310,1240614523136,1240614727594,0,0,0,0,0,0,0,0,1,null
166,undefined,0,54.35,0,0,0,0,5,4,578,undefined,undefined
167921,1240615789051,1240616488130,0,327,3,109,0,0,0,0,1,null
16825,1240617706474,0,0,1240,7,206.14285714285714,0,0,0,4139,3,0
168422,undefined,0,58.10000000000001,0,0,0,0,1,5,181695,undefined,undefined
168743,1240616241848,0,0,1602,7,265.42857142857144,149220,1,0,149220,6,1
170191,1240615700770,1240616094936,0,0,0,0,0,2,6,202873,9,1
174936,undefined,0,12.8,0,0,0,0,2,1,256746,undefined,undefined
180571,1240617883546,0,0,0,0,0,0,1,2,163836,4,0
182928,1240617841832,0,0,0,0,0,0,1,0,284150,4,0
1892,1240615494947,1240615856389,159.5,187,1,260,455390,14,5,995,9,1
191354,1240615377599,1240615485082,0,0,0,0,0,0,0,261567,2,0
192644,1240613872877,1240614321263,0,214,2,129,0,0,0,259344,1,null
192883,1240615751059,0,42.400000000000006,249,1,360,0,8,2,210210,6,5
193439,1240617477735,1240617653011,0,0,0,0,0,0,0,168473,1,null
196626,undefined,0,11.100000000000001,0,0,0,0,1,0,204260,undefined,undefined
201158,1240614761964,1240615244948,0,309,2,166,0,0,0,0,1,null
204260,undefined,0,5.550000000000001,0,0,0,0,1,1,145896,undefined,undefined
205658,undefined,0,14.700000000000001,0,0,0,0,1,0,37832,undefined,undefined
210210,undefined,0,46.1,0,0,0,0,4,8,381607,undefined,undefined
211601,undefined,0,24.85,0,0,0,0,1,5,7078,undefined,undefined
212370,undefined,0,10.200000000000001,0,0,0,0,8,2,105778,undefined,undefined
2224,1240615136749,0,0,2313,6,504.8333333333333,57184,0,0,0,4,0
223864,1240615363878,1240616940155,9.8,1166,6,136.33333333333334,259344,4,9,160138,7,1
233517,undefined,0,42.900000000000006,0,0,0,0,2,3,212370,undefined,undefined
234299,1240616654043,0,0,1001,4,245.5,0,0,0,81597,2,0
235393,undefined,0,17.400000000000002,0,0,0,0,7,3,377629,undefined,undefined
241707,1240616188173,1240616232056,0,0,0,0,0,0,0,154238,1,0
257369,1240617172540,0,0,542,4,123.75,0,0,0,0,1,0
259344,1240618065492,0,21.4,2364,11,295.6363636363636,223864,8,1,143538,7,2
28100,1240613844869,1240613960278,0,0,0,0,0,0,0,0,1,0
2843,undefined,0,67,0,0,0,0,6,12,3383,undefined,undefined
287541,1240615329749,1240615534557,0,174,1,107,0,0,0,160138,2,0
288860,undefined,0,15.100000000000001,0,0,0,0,5,1,20260,undefined,undefined
297380,1240616223178,1240616751809,0,0,0,0,0,2,1,90015,4,2
298388,1240616805478,1240616968813,0,0,0,0,0,2,2,246356,4,2
304356,1240616914678,1240617026877,0,0,0,0,0,0,0,115410,3,0
308890,1240616597506,0,0,0,0,0,0,0,0,0,1,0
311783,1240614366891,1240617945942,0,863,4,233.5,0,5,1,11460,7,3
3200,1240614466710,1240614802538,0,98,1,196,71724,8,0,223864,11,2
3383,undefined,0,33.5,0,0,0,0,4,6,12791,undefined,undefined
339217,1240617783351,0,0,166,1,126,0,1,0,76673,2,0
351598,undefined,0,24,0,0,0,0,1,15,359624,undefined,undefined
359624,undefined,0,12,0,0,0,0,3,1,201132,undefined,undefined
377629,undefined,0,8.700000000000001,0,0,0,0,5,11,75123,undefined,undefined
37832,undefined,0,7.3500000000000005,0,0,0,0,1,1,72070,undefined,undefined
381139,1240616819199,1240616842356,0,0,0,0,0,0,0,101358,2,0
381607,undefined,0,12.450000000000001,0,0,0,0,1,4,153510,undefined,undefined
383387,undefined,0,21,0,0,0,0,3,44,0,undefined,undefined
38851,1240616771239,1240617357480,0,428,3,100,0,2,1,390071,4,1
390071,undefined,0,42.8,0,0,0,0,2,2,4139,undefined,undefined
396113,undefined,0,72.60000000000001,0,0,0,0,2,3,44987,undefined,undefined
403501,undefined,0,36.400000000000006,0,0,0,0,3,1,124503,undefined,undefined
407244,1240613671356,1240613803432,0,0,0,0,0,1,0,72894,4,0
409656,undefined,0,34.6,0,0,0,0,6,1,384703,undefined,undefined
41022,undefined,0,43.150000000000006,0,0,0,0,1,1,412796,undefined,undefined
4139,undefined,0,145.4,0,0,0,0,11,2,713,undefined,undefined
416503,1240615523273,1240616399700,78.30000000000001,680,5,151.2,0,3,0,82321,2,1
430717,undefined,0,80.1,0,0,0,0,2,2,256746,undefined,undefined
44,1240614775769,1240616780297,100.20000000000002,2309,11,245.1818181818182,0,10,2,72176,5,1
445660,undefined,0,9.15,0,0,0,0,4,4,54812,undefined,undefined
44987,undefined,0,86.35000000000001,0,0,0,0,2,7,12770,undefined,undefined
45129,1240617877971,0,0,0,0,0,64152,7,6,66842,10,3
451927,1240617661536,1240617840076,0,0,0,0,0,0,0,0,1,null
510740,1240614812807,1240615080464,364.90000000000003,183,1,331,230164,46,29,534632,15,14
521870,1240616095395,1240616109771,0,0,0,0,0,0,0,0,1,0
53030,1240613290385,1240613302721,0,0,0,0,0,6,5,122907,11,3
534632,undefined,0,167.75,0,0,0,0,4,46,445660,undefined,undefined
537491,1240615882543,1240616892661,10.600000000000001,750,6,108.83333333333333,0,1,0,7314,2,null
547939,1240615526345,1240615717891,0,0,0,0,0,1,0,510740,2,0
555728,undefined,0,181.50000000000003,0,0,0,0,6,0,1101,undefined,undefined
562788,undefined,0,136.25,0,0,0,0,1,3,409656,undefined,undefined
57184,1240614859463,0,0,2313,6,265.3333333333333,2224,0,0,0,4,0
574307,1240615764342,1240616359530,0,351,3,126.66666666666667,0,0,0,416503,1,null
57706,1240617410503,1240617633088,0,0,0,0,0,0,0,23989,1,null
57717,undefined,0,114.4,0,0,0,0,4,4,110178,undefined,undefined
5842,undefined,0,37.5,0,0,0,0,11,9,344937,undefined,undefined
58859,1240616364779,1240617047605,0,726,3,356.3333333333333,43017,3,1,396113,11,2
597005,1240613343430,0,24.800000000000004,1341,6,205.16666666666666,0,1,1,603011,4,0
597367,1240614230620,1240615169608,0,225,3,70.66666666666667,0,0,0,123961,1,null
600642,1240617491568,1240617550724,0,0,0,0,0,0,0,196269,1,null
603011,1240617952023,0,146.50000000000003,692,3,245.33333333333334,0,3,1,562788,4,0
616095,1240617904079,0,0,0,0,0,0,0,0,351430,1,0
617569,1240616982845,1240617192041,0,0,0,0,0,0,0,154004,2,null
624616,1240616071957,1240616243115,0,0,0,0,0,1,0,104252,2,null
624920,1240616970590,1240617220238,0,0,0,0,0,0,0,0,1,null
625005,1240615518520,1240615523224,0,0,0,0,0,0,0,0,1,null
627367,1240615633404,1240617213092,0,156,1,145,0,0,0,755785,1,null
63026,1240617491007,0,0,450,3,137.33333333333334,0,0,0,63924,1,0
630671,1240617793697,0,40.1,497,3,178.33333333333334,0,2,0,132921,3,0
630821,1240616345320,1240616932698,0,193,2,92,0,0,0,537491,1,null
637788,1240614104288,1240615716159,0,1815,10,145.9,555728,0,0,555728,3,null
638592,1240615686604,1240616093089,0,424,2,156.5,0,0,0,192883,1,null
639099,1240614479758,1240614653489,0,0,0,0,0,0,0,0,1,null
63924,1240614149013,1240614367220,45,204,2,105,0,3,1,233517,3,null
64152,1240617810139,0,30.200000000000003,302,1,470,45129,4,0,108338,10,3
66347,1240617120089,1240617225294,0,0,0,0,0,0,0,0,1,null
66878,1240617528169,0,0,0,0,0,0,1,0,75123,2,0
699109,1240615854101,1240617179229,110.10000000000001,1094,8,132.375,0,2,0,510740,2,null
713,undefined,0,256.25000000000006,0,0,0,0,9,18,12,undefined,undefined
72176,undefined,0,281.00000000000006,0,0,0,0,3,10,106069,undefined,undefined
72721,1240617075219,1240617693945,0,835,7,106.85714285714286,0,0,0,416503,1,null
730587,1240613280989,1240614973324,0,1132,6,200.66666666666666,0,0,0,735743,3,null
7314,undefined,0,80.3,0,0,0,0,8,1,5842,undefined,undefined
735743,undefined,0,113.20000000000002,0,0,0,0,3,0,154238,undefined,undefined
746772,1240613866184,1240613892387,0,0,0,0,0,0,0,1892,1,null
75123,1240613288304,1240614296952,0,670,2,308,101358,11,12,2843,12,3
751259,1240613298823,1240613475801,0,0,0,0,0,0,0,0,1,null
755785,1240616021902,0,15.600000000000001,1517,9,147.11111111111111,0,1,0,1892,2,0
756570,1240618020586,0,0,0,0,0,0,0,0,0,2,0
759961,1240614601260,1240615000466,0,245,1,111,0,0,0,0,1,null
76195,1240617285598,1240617566643,0,0,0,0,0,0,0,0,1,null
76673,undefined,0,16.6,0,0,0,0,5,1,81597,undefined,undefined
768411,1240615773992,1240617789666,0,1101,9,116.11111111111111,0,0,0,699109,2,null
772113,1240615831784,0,0,989,7,157.85714285714286,0,0,0,510740,2,0
772383,1240614849419,1240616072672,0,174,1,241,168473,0,0,235393,3,null
773108,undefined,0,29.300000000000004,0,0,0,0,4,1,510740,undefined,undefined
776785,1240616849974,1240617404535,0,373,2,186.5,0,2,0,96722,4,null
797824,1240613288309,1240616619074,52.300000000000004,1608,6,229.16666666666666,574401,2,0,82321,4,null
802319,1240613422230,1240613797681,14.8,219,1,219,0,1,1,773108,3,null
80835,undefined,0,25.6,0,0,0,0,1,1,174936,undefined,undefined
81597,undefined,0,108.4,0,0,0,0,5,5,44987,undefined,undefined
817673,1240617852700,0,0,302,1,134,0,0,0,64152,1,0
818077,1240614315128,1240614339976,0,0,0,0,0,0,0,0,1,null
81899,1240614713288,1240617627560,0,148,1,134,0,1,0,802319,5,1
821078,1240613343544,1240613354147,0,0,0,0,0,0,0,0,1,null
821129,1240614140783,1240614431121,0,1002,4,291,0,0,0,44,2,null
821321,1240617867767,1240618026405,0,0,0,0,0,0,0,0,1,null
821335,1240613880927,1240614144625,0,131,1,131,0,0,0,0,1,null
822627,1240617284580,1240617306880,0,0,0,0,0,0,0,0,1,null
822833,1240616191010,1240616221564,0,0,0,0,0,0,0,0,1,null
823060,1240616048978,1240616347159,0,137,1,135,0,0,0,0,1,null
82321,undefined,0,294.1,0,0,0,0,4,5,57717,undefined,undefined
823386,1240616766676,1240616786330,0,0,0,0,0,0,0,0,1,null
823522,1240617684434,1240617723446,0,0,0,0,0,0,0,0,1,null
824354,1240616966409,1240616991239,0,0,0,0,0,0,0,0,1,null
825259,1240617924954,0,0,0,0,0,0,0,0,0,1,0
92509,1240615228353,1240615250849,0,0,0,0,0,3,0,5212,5,3
96722,undefined,0,37.300000000000004,0,0,0,0,2,2,99126,undefined,undefined
98867,1240613315755,1240613478482,0,154,1,128,0,0,0,136131,1,null
99126,undefined,0,18.650000000000002,0,0,0,0,3,2,47445,undefined,undefined
995,1240613296167,1240617003064,94.55000000000001,420,1,702,12,11,17,12,13,5
<<<<EndTable

PlayersOnlineNow=32
PlayersOnlineEachMinute=0, 11, 15, 17, 16, 17, 18, 20, 19, 19, 20, 18, 17, 18, 19, 19, 20, 20, 18, 18, 20, 19, 18, 19, 20, 19, 21, 22, 22, 21, 22, 19, 18, 16, 15, 18, 18, 19, 21, 20, 22, 22, 26, 28, 28, 28, 29, 29, 27, 29, 26, 26, 26, 26, 25, 26, 25, 24, 23, 25, 27, 25, 25, 23, 26, 27, 22, 26, 25, 24, 26, 29, 24, 22, 24, 23, 25, 30, 32, 33
PlayersInEachFeedingGame=2, 1, 2, 1, 1, 2, 1, 1, 1, 2, 1, 1, 1, 2, 2, 1, 2, 2, 2, 1, 1, 2, 1, 2, 1, 1, 2, 1, 2, 1, 2, 2, 1, 1, 2, 2, 1, 1, 2, 1, 2, 2, 2, 3, 1, 2, 1, 1, 2, 1, 2, 1, 2, 1, 2, 2, 2, 1, 2, 1, 1, 2, 1, 1, 2, 1, 1, 1, 2, 2, 1, 2, 2, 1, 3, 2, 1, 2, 1, 2, 2, 1, 1, 2, 2, 1, 2, 1, 2, 1, 1, 1, 2, 1, 1, 2, 2, 1, 1, 2, 1, 2, 1, 2, 2, 1, 2, 2, 2, 2, 2, 1, 2, 1, 1, 2, 2, 2, 1, 2, 1, 1, 2, 2
PlayersStarted=191
PlayersQuit=159
StatsStartTime=1240613274178
StatsDumpTime=1240618074458
<<<<EndStats
2009-04-24 17:08:14,576 ERROR: vampire.server.feeding.FeedingRecord sendPlayerStartGameMsg [playerId=755785, prey=false, _predatorIndex=]
2009-04-24 17:08:47,307 ERROR: vampire.server.feeding.FeedingRecord sendPlayerStartGameMsg [playerId=630671, prey=true, _predatorIndex=]
2009-04-24 17:08:47,308 ERROR: vampire.server.feeding.FeedingRecord sendPlayerStartGameMsg [playerId=141288, prey=false, _predatorIndex=]
2009-04-24 17:08:48,718 ERROR: vampire.server.feeding.FeedingRecord sendPlayerStartGameMsg [playerId=10642, prey=true, _predatorIndex=]
2009-04-24 17:08:48,718 ERROR: vampire.server.feeding.FeedingRecord sendPlayerStartGameMsg [playerId=63026, prey=false, _predatorIndex=]
2009-04-24 17:09:28,362 ERROR: vampire.server.feeding.FeedingRecord sendPlayerStartGameMsg [playerId=16825, prey=false, _predatorIndex=103033,821321]
2009-04-24 17:09:39,787 ERROR: vampire.server.feeding.FeedingRecord sendPlayerStartGameMsg [playerId=756570, prey=true, _predatorIndex=]
2009-04-24 17:09:39,787 ERROR: vampire.server.feeding.FeedingRecord sendPlayerStartGameMsg [playerId=341424, prey=false, _predatorIndex=]
2009-04-24 17:09:56,819 ERROR: vampire.server.feeding.FeedingRecord sendPlayerStartGameMsg [playerId=772113, prey=false, _predatorIndex=]
2009-04-24 17:11:02,759 ERROR: vampire.server.feeding.FeedingRecord sendPlayerStartGameMsg [playerId=160801, prey=true, _predatorIndex=]
2009-04-24 17:11:02,759 ERROR: vampire.server.feeding.FeedingRecord sendPlayerStartGameMsg [playerId=114914, prey=false, _predatorIndex=]
2009-04-24 17:12:02,739 ERROR: vampire.server.feeding.FeedingRecord sendPlayerStartGameMsg [playerId=133118, prey=true, _predatorIndex=]
2009-04-24 17:12:02,740 ERROR: vampire.server.feeding.FeedingRecord sendPlayerStartGameMsg [playerId=259344, prey=false, _predatorIndex=]
2009-04-24 17:12:08,379 ERROR: vampire.server.feeding.FeedingRecord sendPlayerStartGameMsg [playerId=341424, prey=false, _predatorIndex=]
2009-04-24 17:12:40,842 ERROR: vampire.server.feeding.FeedingRecord sendPlayerStartGameMsg [playerId=817673, prey=false, _predatorIndex=]
2009-04-24 17:13:08,008 ERROR: vampire.server.feeding.FeedingRecord sendPlayerStartGameMsg [playerId=103033, prey=false, _predatorIndex=259344]
2009-04-24 17:13:12,860 ERROR: vampire.server.feeding.FeedingRecord sendPlayerStartGameMsg [playerId=756570, prey=false, _predatorIndex=259344,103033]
2009-04-24 17:13:15,790 ERROR: vampire.server.feeding.FeedingRecord sendPlayerStartGameMsg [playerId=81899, prey=true, _predatorIndex=]
2009-04-24 17:13:15,791 ERROR: vampire.server.feeding.FeedingRecord sendPlayerStartGameMsg [playerId=162643, prey=false, _predatorIndex=]
2009-04-24 17:13:26,226 ERROR: vampire.server.feeding.FeedingRecord sendPlayerStartGameMsg [playerId=103033, prey=true, _predatorIndex=]
2009-04-24 17:13:26,227 ERROR: vampire.server.feeding.FeedingRecord sendPlayerStartGameMsg [playerId=755785, prey=false, _predatorIndex=]
2009-04-24 17:13:39,206 ERROR: vampire.server.feeding.FeedingRecord sendPlayerStartGameMsg [playerId=578918, prey=false, _predatorIndex=755785]
2009-04-24 17:13:59,934 ERROR: vampire.server.feeding.FeedingRecord sendPlayerStartGameMsg [playerId=257369, prey=true, _predatorIndex=]
2009-04-24 17:13:59,935 ERROR: vampire.server.feeding.FeedingRecord sendPlayerStartGameMsg [playerId=578918, prey=false, _predatorIndex=]
2009-04-24 17:14:26,755 ERROR: vampire.server.feeding.LogicFeeding handleFeedRequestMessage [player=Player [playerId=192883, name=Noen, roomId=null, xp=28779.548333333336, level=6, bloodbond=0, sire=210210, progeny=162239,184414,184754,396122,638592,638759,64442,707254], e=FeedRequestMsg: player=192883, targetPlayerId=351430]
2009-04-24 17:14:34,933 ERROR: vampire.server.feeding.LogicFeeding handleFeedRequestMessage [player=Player [playerId=192883, name=Noen, roomId=null, xp=28779.548333333336, level=6, bloodbond=0, sire=210210, progeny=162239,184414,184754,396122,638592,638759,64442,707254], e=FeedRequestMsg: player=192883, targetPlayerId=351430]
2009-04-24 17:14:55,328 ERROR: vampire.server.feeding.LogicFeeding handleFeedRequestMessage [player=Player [playerId=192883, name=Noen, roomId=null, xp=28779.548333333336, level=6, bloodbond=0, sire=210210, progeny=162239,184414,184754,396122,638592,638759,64442,707254], e=FeedRequestMsg: player=192883, targetPlayerId=351430]
2009-04-24 17:15:10,320 ERROR: vampire.server.feeding.FeedingRecord sendPlayerStartGameMsg [playerId=141288, prey=false, _predatorIndex=341424]
2009-04-24 17:15:21,881 ERROR: vampire.server.feeding.FeedingRecord sendPlayerStartGameMsg [playerId=141288, prey=false, _predatorIndex=341424,141288]
2009-04-24 17:15:29,627 ERROR: vampire.server.feeding.FeedingRecord sendPlayerStartGameMsg [playerId=192883, prey=false, _predatorIndex=]
2009-04-24 17:15:37,974 ERROR: vampire.server.feeding.FeedingRecord sendPlayerStartGameMsg [playerId=772113, prey=true, _predatorIndex=]
2009-04-24 17:15:37,974 ERROR: vampire.server.feeding.FeedingRecord sendPlayerStartGameMsg [playerId=10642, prey=false, _predatorIndex=]
2009-04-24 17:17:16,908 ERROR: vampire.server.feeding.FeedingRecord sendPlayerStartGameMsg [playerId=8842, prey=true, _predatorIndex=]
2009-04-24 17:17:16,909 ERROR: vampire.server.feeding.FeedingRecord sendPlayerStartGameMsg [playerId=503, prey=false, _predatorIndex=]
2009-04-24 17:17:29,759 ERROR: vampire.server.feeding.FeedingRecord sendPlayerStartGameMsg [playerId=104037, prey=true, _predatorIndex=]
2009-04-24 17:17:29,760 ERROR: vampire.server.feeding.FeedingRecord sendPlayerStartGameMsg [playerId=16825, prey=false, _predatorIndex=]
2009-04-24 17:17:38,166 ERROR: vampire.server.feeding.FeedingRecord sendPlayerStartGameMsg [playerId=817545, prey=true, _predatorIndex=]
2009-04-24 17:17:38,167 ERROR: vampire.server.feeding.FeedingRecord sendPlayerStartGameMsg [playerId=748583, prey=false, _predatorIndex=]
2009-04-24 17:17:43,409 ERROR: vampire.server.feeding.FeedingRecord sendPlayerStartGameMsg [playerId=259344, prey=true, _predatorIndex=]
2009-04-24 17:17:43,409 ERROR: vampire.server.feeding.FeedingRecord sendPlayerStartGameMsg [playerId=141288, prey=false, _predatorIndex=]
2009-04-24 17:17:43,480 ERROR: vampire.server.feeding.FeedingRecord sendPlayerStartGameMsg [playerId=755785, prey=false, _predatorIndex=141288]
2009-04-24 17:17:43,483 ERROR: vampire.server.feeding.FeedingRecord sendPlayerStartGameMsg [playerId=133118, prey=false, _predatorIndex=141288,755785]

