
>>>>BeginStats

>>>>BeginTable
PlayerId, StartTime, EndTime, ProgenyPayout, XPFromFeeding, FeedingGames, MeanFeedingScore, BloodBond, Progeny, GrandProgeny, Sire, Level, Invites
1007244, 1241802695609, 1241802718645, 0, 0, 0, 0, 0, 0, 0, 0, 1, 
1023595, 1241798826063, 1241799480374, 0, 378, 4, 94.5, 0, 0, 0, 1092321, 2, 
10260, , , 26.900000000000002, 0, 0, 0, 0, 10, 0, 713, , 
106239, 1241798375384, 1241798423045, 0, 0, 0, 0, 0, 0, 0, 5842, 4, 2
1062853, , , 65.95, 0, 0, 0, 0, 9, 1, 1124214, , 
10634, 1241801495302, 1241801741313, 0, 1885, 7, 198, 11600, 2, 0, 713, 5, 2
10642, 1241800405139, 1241801750004, 0, 7560, 9, 763.1111111111111, 447249, 32, 46, 351598, 16, 2
1089041, 1241799831666, 1241801957973, 0, 269, 3, 86, 0, 0, 0, 10260, 3, 
1092321, , , 37.800000000000004, 0, 0, 0, 0, 30, 0, 35568, , 
1119385, 1241803017071, , 0, 639, 3, 134, 0, 0, 0, 3200, 2, 0
113162, 1241802737141, , 0, 509, 2, 120, 0, 0, 0, 154004, 2, 0
1133427, 1241800167168, 1241800459034, 0, 109, 1, 95, 0, 0, 0, 0, 1, 
1138221, 1241801103779, 1241801423206, 0, 0, 0, 0, 1283799, 0, 0, 269484, 4, 
11460, , , 121.50000000000001, 0, 0, 0, 0, 1, 12, 41022, , 
118975, 1241801485293, 1241801638131, 0, 0, 0, 0, 0, 1, 1, 160138, 12, 2
12, , , 2734.2999999999997, 0, 0, 0, 0, 20, 66, 383387, , 
1207080, 1241803233695, , 0, 135, 1, 115, 0, 0, 0, 0, 1, 0
1207373, 1241800295157, 1241800517322, 0, 135, 1, 140, 0, 0, 0, 0, 1, 
1209405, 1241799743477, 1241800043348, 0, 179, 1, 103, 0, 0, 0, 3200, 1, 
1239706, 1241799761605, 1241800488359, 0, 652, 3, 129.33333333333334, 0, 0, 0, 447249, 2, 
124119, 1241803111325, 1241803254590, 0, 0, 0, 0, 0, 0, 0, 1127083, 3, 
1241857, 1241801195939, 1241803240458, 0, 3356, 12, 395, 261567, 4, 3, 259344, 8, 1
1267242, 1241802564250, , 0, 951, 6, 103.5, 0, 0, 0, 642041, 1, 0
1271614, 1241803144094, 1241803155079, 0, 0, 0, 0, 0, 0, 0, 0, 1, 
1274154, 1241802564075, 1241802634696, 0, 0, 0, 0, 0, 0, 0, 642041, 1, 
12791, , , 1012.05, 0, 0, 0, 0, 15, 6, 12, , 
1288202, 1241802222155, 1241802235504, 0, 0, 0, 0, 0, 0, 0, 1285504, 1, 
1311203, 1241799610036, 1241799864733, 0, 0, 0, 0, 0, 0, 0, 1284093, 1, 
132921, , , 11, 0, 0, 0, 0, 9, 0, 211601, , 
133697, 1241799755620, 1241800978156, 0, 482, 4, 148, 0, 2, 0, 510740, 3, 0
1343542, 1241801527762, 1241802666799, 0, 551, 3, 115.66666666666667, 0, 0, 0, 447249, 1, 
1344192, 1241801222221, 1241801456718, 0, 0, 0, 0, 0, 0, 0, 0, 1, 
1345092, 1241803661873, , 0, 0, 0, 0, 0, 0, 0, 0, 1, 0
1345251, 1241801177776, 1241801220603, 0, 0, 0, 0, 0, 0, 0, 0, 1, 
1345315, 1241800209393, 1241800223393, 0, 0, 0, 0, 0, 0, 0, 0, 1, 
1346063, 1241803621434, , 0, 1916, 9, 148.33333333333334, 0, 0, 0, 54776, 2, 0
1346468, 1241802061409, 1241802097550, 0, 0, 0, 0, 0, 0, 0, 1285504, 1, 
1346597, 1241802409739, 1241802444565, 0, 0, 0, 0, 0, 0, 0, 1285504, 1, 
141194, 1241802308023, 1241802830837, 0, 370, 2, 117.5, 0, 0, 0, 80094, 1, 
142301, 1241803616438, , 0, 0, 0, 0, 0, 0, 0, 241925, 1, 0
143538, , , 167.8, 0, 0, 0, 0, 2, 25, 1531, , 
145497, , , 131.9, 0, 0, 0, 0, 1, 2, 1062853, , 
1531, 1241801394101, , 0, 13185, 20, 637.75, 503, 6, 14, 12, 15, 3
154004, , , 50.900000000000006, 0, 0, 0, 0, 10, 0, 90041, , 
155004, 1241798278109, 1241799288147, 0, 1319, 6, 219.83333333333334, 0, 2, 0, 145497, 3, 
156489, 1241801899471, 1241802343210, 0, 662, 2, 435, 154238, 16, 23, 713, 9, 1
160138, , , 38.45, 0, 0, 0, 0, 7, 8, 150469, , 
16825, , , 174.75000000000003, 0, 0, 0, 0, 14, 9, 4139, , 
170191, , , 123.19999999999999, 0, 0, 0, 0, 3, 10, 202873, , 
170316, , , 68.3, 0, 0, 0, 0, 4, 1, 210210, , 
1704, , , 59.900000000000006, 0, 0, 0, 0, 2, 5, 33541, , 
171513, 1241803109425, 1241803664057, 0, 1232, 3, 383.6666666666667, 0, 10, 7, 170191, 12, 2
181164, 1241803188461, 1241803195872, 0, 0, 0, 0, 0, 0, 0, 0, 1, 
183913, 1241799708971, 1241799766564, 0, 0, 0, 0, 0, 0, 0, 447249, 2, 
188678, 1241802917127, , 0, 1460, 1, 1729, 0, 0, 0, 0, 2, 0
1892, , , 18.35, 0, 0, 0, 0, 20, 1, 995, , 
196462, , , 14.350000000000001, 0, 0, 0, 0, 2, 12, 392944, , 
199427, , , 836.5000000000001, 0, 0, 0, 0, 1, 9, 208602, , 
20260, , , 354.74999999999994, 0, 0, 0, 0, 18, 15, 12, , 
202873, , , 61.599999999999994, 0, 0, 0, 0, 1, 3, 341164, , 
208602, , , 403.35, 0, 0, 0, 0, 7, 1, 351626, , 
210003, 1241802605573, 1241803078201, 0, 287, 1, 268, 0, 0, 0, 39030, 1, 
210210, , , 34.15, 0, 0, 0, 0, 4, 4, 381607, , 
21067, 1241799735203, 1241800994808, 0, 1152, 4, 341, 0, 2, 45, 302907, 8, 4
211527, 1241799140160, 1241800613630, 0, 0, 0, 0, 0, 1, 0, 197740, 3, 
211601, , , 5.5, 0, 0, 0, 0, 1, 9, 7078, , 
211715, , , 6.75, 0, 0, 0, 0, 2, 3, 299646, , 
217283, , , 36.7, 0, 0, 0, 0, 64, 3, 57393, , 
223864, , , 117.80000000000001, 0, 0, 0, 0, 7, 36, 160138, , 
259344, , , 368.3, 0, 0, 0, 0, 23, 21, 143538, , 
269092, 1241800127350, , 0, 683, 5, 122.8, 0, 1, 2, 170316, 4, 1
271936, 1241800647935, 1241801781915, 0, 587, 1, 185, 0, 3, 0, 887964, 4, 
2779, 1241800102276, 1241800756797, 0, 387, 3, 129, 0, 0, 0, 0, 1, 
2796, , , 65.4, 0, 0, 0, 0, 5, 0, 259344, , 
282780, 1241799387786, 1241799804366, 0, 95, 1, 95, 0, 0, 0, 0, 1, 
283855, , , 57.60000000000001, 0, 0, 0, 0, 1, 2, 98128, , 
2843, 1241799845032, 1241800603528, 0, 2379, 5, 475.8, 5212, 8, 33, 3383, 13, 11
285870, 1241803021479, , 0, 1460, 1, 1191, 0, 0, 0, 0, 2, 0
294591, 1241799932587, 1241799951340, 0, 0, 0, 0, 0, 0, 0, 0, 1, 
302907, , , 115.20000000000002, 0, 0, 0, 0, 2, 2, 283855, , 
307471, 1241802007614, , 0, 676, 2, 524, 0, 6, 19, 12, 10, 4
311783, 1241800169216, 1241802478160, 0, 1215, 6, 255.66666666666666, 0, 12, 3, 11460, 10, 7
3200, 1241800624908, 1241800673761, 81.80000000000001, 769, 3, 369.3333333333333, 71724, 36, 21, 223864, 13, 2
33541, , , 29.950000000000003, 0, 0, 0, 0, 1, 2, 12, , 
3383, 1241799398775, 1241801549120, 237.9, 8931, 13, 585.0769230769232, 8842, 6, 10, 12791, 15, 2
351598, , , 756, 0, 0, 0, 0, 1, 32, 359624, , 
35568, , , 18.900000000000002, 0, 0, 0, 0, 3, 30, 258951, , 
359624, , , 378, 0, 0, 0, 0, 4, 1, 201132, , 
383387, , , 693.05, 0, 0, 0, 0, 7, 57, 0, , 
39030, , , 28.700000000000003, 0, 0, 0, 0, 12, 0, 196462, , 
397835, , , 115.89999999999999, 0, 0, 0, 0, 5, 35, 47379, , 
41022, , , 60.75000000000001, 0, 0, 0, 0, 2, 1, 412796, , 
4139, 1241798308133, 1241803416978, 63.6, 13185, 20, 746.3, 44987, 25, 23, 713, 19, 3
4141, 1241802492995, , 0, 654, 4, 208.25, 0, 0, 0, 2796, 3, 0
438480, 1241801956210, 1241802022927, 0, 0, 0, 0, 0, 0, 0, 0, 1, 
43915, 1241802355610, 1241802361112, 0, 0, 0, 0, 0, 0, 0, 61984, 2, 0
447249, 1241799501900, 1241802240492, 59.60000000000001, 8067, 12, 741.6666666666666, 10642, 9, 5, 199427, 15, 2
505544, , , 13.5, 0, 0, 0, 0, 3, 0, 211715, , 
510740, , , 48.2, 0, 0, 0, 0, 70, 3, 534632, , 
52818, 1241802568566, 1241803233081, 0, 0, 0, 0, 1118266, 4, 1, 367452, 4, 0
533, 1241798881134, , 0, 2301, 4, 575.25, 535, 10, 11, 20260, 14, 2
534632, , , 24.1, 0, 0, 0, 0, 7, 70, 445660, , 
541655, , , 187.85000000000002, 0, 0, 0, 0, 1, 22, 126451, , 
54776, 1241801605561, , 124.4, 2493, 7, 479.85714285714283, 1062, 80, 33, 89757, 16, 3
561864, , , 36.7, 0, 0, 0, 0, 1, 0, 1892, , 
57393, , , 18.35, 0, 0, 0, 0, 6, 68, 159420, , 
57825, 1241802417062, 1241802450303, 0, 0, 0, 0, 0, 0, 0, 8938, 1, 
613661, 1241800805911, 1241803202364, 0, 367, 2, 222, 0, 0, 0, 561864, 3, 0
624632, 1241800226072, 1241800661481, 0, 135, 1, 129, 0, 0, 0, 505544, 2, 
63415, 1241800910571, 1241803246221, 0, 3757, 10, 379.8, 0, 11, 1, 8938, 6, 3
642041, 1241801759109, , 95.10000000000002, 1272, 6, 148.66666666666666, 0, 3, 3, 16825, 3, 1
643236, 1241800511990, 1241800793036, 0, 110, 1, 92, 0, 0, 0, 132921, 2, 
70997, , , 250.29999999999998, 0, 0, 0, 0, 35, 10, 397835, , 
713, , , 1586.6500000000003, 0, 0, 0, 0, 11, 53, 12, , 
782580, 1241800803636, 1241801551095, 0, 367, 2, 144.5, 0, 0, 0, 217283, 2, 
80094, 1241800678577, , 37, 2318, 7, 340, 65812, 10, 1, 70997, 6, 4
887964, , , 58.7, 0, 0, 0, 0, 2, 3, 919861, , 
8938, 1241802602050, 1241802954041, 375.70000000000005, 0, 0, 0, 0, 22, 13, 541655, 6, 3
89757, , , 311.5, 0, 0, 0, 0, 3, 80, 20260, , 
90041, , , 25.450000000000003, 0, 0, 0, 0, 1, 10, 258951, , 
913234, 1241800694237, 1241800824484, 0, 0, 0, 0, 0, 0, 0, 0, 1, 
919861, , , 29.35, 0, 0, 0, 0, 1, 2, 171151, , 
968, 1241801818938, 1241802616524, 0, 599, 2, 166.5, 0, 5, 3, 1704, 11, 2
<<<<EndTable

PlayersOnlineNow=17
PlayersOnlineEachMinute=0, 2, 4, 3, 5, 5, 5, 4, 4, 4, 5, 6, 6, 6, 7, 8, 7, 8, 8, 10, 10, 11, 11, 13, 12, 15, 15, 15, 15, 16, 14, 16, 18, 19, 20, 20, 20, 18, 18, 16, 16, 19, 17, 19, 19, 20, 18, 17, 19, 20, 20, 18, 20, 20, 20, 19, 18, 20, 18, 17, 18, 19, 17, 18, 19, 18, 19, 17, 18, 18, 17, 16, 19, 19, 19, 20, 18, 18, 18, 18, 20, 22, 21, 17, 17, 17, 15, 15, 15, 16
PlayersInEachFeedingGame=1, 2, 1, 1, 1, 1, 1, 2, 1, 1, 2, 2, 2, 1, 2, 1, 1, 1, 1, 2, 2, 2, 1, 2, 2, 1, 2, 2, 4, 1, 2, 2, 2, 2, 1, 2, 2, 2, 2, 2, 2, 1, 2, 2, 2, 1, 1, 1, 2, 2, 1, 2, 2, 1, 2, 2, 2, 2, 1, 2, 2, 2, 2, 1, 2, 2, 1, 1, 2, 1, 2, 2, 2, 2, 2, 2, 2, 2
PlayersStarted=106
PlayersQuit=89
StatsStartTime=1241798276021
StatsDumpTime=1241803676262
<<<<EndStats
2009-05-08 10:28:10,185 ERROR: vampire.server.feeding.FeedingRecord sendPlayerStartGameMsg [playerId=80094, prey=true, _predatorIndex=]
2009-05-08 10:28:10,185 ERROR: vampire.server.feeding.FeedingRecord sendPlayerStartGameMsg [playerId=642041, prey=false, _predatorIndex=]
2009-05-08 10:28:10,944 ERROR: vampire.server.feeding.FeedingRecord sendPlayerStartGameMsg [playerId=1346063, prey=true, _predatorIndex=]
2009-05-08 10:28:10,944 ERROR: vampire.server.feeding.FeedingRecord sendPlayerStartGameMsg [playerId=171513, prey=false, _predatorIndex=]
2009-05-08 10:28:12,790 ERROR: vampire.server.feeding.FeedingRecord sendPlayerStartGameMsg [playerId=307471, prey=false, _predatorIndex=171513]
2009-05-08 10:29:51,978 ERROR: vampire.server.feeding.FeedingRecord sendPlayerStartGameMsg [playerId=113162, prey=true, _predatorIndex=]
2009-05-08 10:29:51,979 ERROR: vampire.server.feeding.FeedingRecord sendPlayerStartGameMsg [playerId=1267242, prey=false, _predatorIndex=]
2009-05-08 10:30:09,412 ERROR: vampire.server.feeding.FeedingRecord sendPlayerStartGameMsg [playerId=1267242, prey=false, _predatorIndex=642041]
2009-05-08 10:30:56,534 ERROR: vampire.server.feeding.FeedingRecord sendPlayerStartGameMsg [playerId=311783, prey=true, _predatorIndex=]
2009-05-08 10:30:56,540 ERROR: vampire.server.feeding.FeedingRecord sendPlayerStartGameMsg [playerId=113162, prey=false, _predatorIndex=]
2009-05-08 10:30:56,754 ERROR: vampire.server.feeding.FeedingRecord sendPlayerStartGameMsg [playerId=4141, prey=false, _predatorIndex=113162]
2009-05-08 10:31:17,054 ERROR: vampire.server.feeding.FeedingRecord sendPlayerStartGameMsg [playerId=1345092, prey=true, _predatorIndex=]
2009-05-08 10:31:17,055 ERROR: vampire.server.feeding.FeedingRecord sendPlayerStartGameMsg [playerId=642041, prey=false, _predatorIndex=]
2009-05-08 10:31:33,858 ERROR: vampire.server.feeding.FeedingRecord sendPlayerStartGameMsg [playerId=1119385, prey=false, _predatorIndex=]
2009-05-08 10:31:40,654 ERROR: vampire.server.feeding.FeedingRecord sendPlayerStartGameMsg [playerId=1267242, prey=true, _predatorIndex=]
2009-05-08 10:31:40,655 ERROR: vampire.server.feeding.FeedingRecord sendPlayerStartGameMsg [playerId=54776, prey=false, _predatorIndex=]
2009-05-08 10:33:20,661 ERROR: vampire.server.feeding.FeedingRecord sendPlayerStartGameMsg [playerId=307471, prey=true, _predatorIndex=]
2009-05-08 10:33:20,661 ERROR: vampire.server.feeding.FeedingRecord sendPlayerStartGameMsg [playerId=1279761, prey=false, _predatorIndex=]
2009-05-08 10:33:49,556 ERROR: vampire.server.feeding.FeedingRecord sendPlayerStartGameMsg [playerId=642041, prey=true, _predatorIndex=]
2009-05-08 10:33:49,557 ERROR: vampire.server.feeding.FeedingRecord sendPlayerStartGameMsg [playerId=113162, prey=false, _predatorIndex=]
2009-05-08 10:34:17,319 ERROR: vampire.server.feeding.FeedingRecord sendPlayerStartGameMsg [playerId=311783, prey=true, _predatorIndex=]
2009-05-08 10:34:17,320 ERROR: vampire.server.feeding.FeedingRecord sendPlayerStartGameMsg [playerId=1345092, prey=false, _predatorIndex=]
2009-05-08 10:34:26,183 ERROR: vampire.server.feeding.FeedingRecord sendPlayerStartGameMsg [playerId=1267242, prey=false, _predatorIndex=1345092]
2009-05-08 10:34:44,485 ERROR: vampire.server.feeding.FeedingRecord sendPlayerStartGameMsg [playerId=285870, prey=true, _predatorIndex=]
2009-05-08 10:34:44,486 ERROR: vampire.server.feeding.FeedingRecord sendPlayerStartGameMsg [playerId=188678, prey=false, _predatorIndex=]
2009-05-08 10:34:58,058 ERROR: vampire.server.feeding.FeedingRecord sendPlayerStartGameMsg [playerId=54776, prey=true, _predatorIndex=]
2009-05-08 10:34:58,059 ERROR: vampire.server.feeding.FeedingRecord sendPlayerStartGameMsg [playerId=4141, prey=false, _predatorIndex=]
2009-05-08 10:35:32,686 ERROR: vampire.server.feeding.FeedingRecord sendPlayerStartGameMsg [playerId=1119385, prey=false, _predatorIndex=]
2009-05-08 10:35:49,088 ERROR: vampire.server.feeding.FeedingRecord sendPlayerStartGameMsg [playerId=1279761, prey=true, _predatorIndex=]
2009-05-08 10:35:49,089 ERROR: vampire.server.feeding.FeedingRecord sendPlayerStartGameMsg [playerId=1267242, prey=false, _predatorIndex=]
2009-05-08 10:36:30,767 ERROR: vampire.server.feeding.FeedingRecord sendPlayerStartGameMsg [playerId=307471, prey=true, _predatorIndex=]
2009-05-08 10:36:30,768 ERROR: vampire.server.feeding.FeedingRecord sendPlayerStartGameMsg [playerId=1323699, prey=false, _predatorIndex=]
2009-05-08 10:36:54,267 ERROR: vampire.server.feeding.FeedingRecord sendPlayerStartGameMsg [playerId=1119385, prey=false, _predatorIndex=]
2009-05-08 10:37:27,768 ERROR: vampire.server.feeding.FeedingRecord sendPlayerStartGameMsg [playerId=54776, prey=true, _predatorIndex=]
2009-05-08 10:37:27,769 ERROR: vampire.server.feeding.FeedingRecord sendPlayerStartGameMsg [playerId=1345092, prey=false, _predatorIndex=]
2009-05-08 10:37:31,361 ERROR: vampire.server.feeding.FeedingRecord sendPlayerStartGameMsg [playerId=285870, prey=true, _predatorIndex=]
2009-05-08 10:37:31,362 ERROR: vampire.server.feeding.FeedingRecord sendPlayerStartGameMsg [playerId=188678, prey=false, _predatorIndex=]
Error! Your code is broken! Unable to call a host method, perhaps you've been shut down? [msg=Room not in game [roomId=1258916], trace=Error: Room not in game [roomId=1258916]
	at com.threerings.msoy.avrg.client::ThaneAVRGameController/getRoomProps()[/export/bamboo/bamboo-home/xml-data/build-dir/WHIRLED-PROD/src/as/com/threerings/msoy/avrg/client/ThaneAVRGameController.as:182]
	at com.threerings.msoy.avrg.client::ThaneAVRGameBackend/room_sendMessage_v1()[/export/bamboo/bamboo-home/xml-data/build-dir/WHIRLED-PROD/src/as/com/threerings/msoy/avrg/client/ThaneAVRGameBackend.as:540]
	at Function/http://adobe.com/AS3/2006/builtin::apply()
	at com.whirled::AbstractControl/callHostCode()
	at Function/http://adobe.com/AS3/2006/builtin::apply()
	at com.whirled::AbstractSubControl/callHostCode()
	at Function/http://adobe.com/AS3/2006/builtin::apply()
	at com.whirled::TargetedSubControl/callHostCode()
	at com.whirled.avrg::RoomSubControlServer/sendMessage()
	at vampire.feeding.server::ServerCtx/sendMessage()
	at vampire.feeding.server::ServerGameMode/onTimeOver()
	at flash.events::EventDispatcher/dispatchEvent()
	at flash.utils::Timer/expire()
	at flash.utils::Timer$/heartbeat()
	at Thane$/heartbeat()
	at Thane$/heartbeat()].
2009-05-08 10:37:42,273 ERROR: vampire.server.feeding.FeedingRecord sendPlayerStartGameMsg [playerId=113162, prey=true, _predatorIndex=]
2009-05-08 10:37:42,274 ERROR: vampire.server.feeding.FeedingRecord sendPlayerStartGameMsg [playerId=4141, prey=false, _predatorIndex=]
2009-05-08 10:37:45,346 ERROR: vampire.server.feeding.FeedingRecord sendPlayerStartGameMsg [playerId=285870, prey=true, _predatorIndex=]
2009-05-08 10:37:45,347 ERROR: vampire.server.feeding.FeedingRecord sendPlayerStartGameMsg [playerId=188678, prey=false, _predatorIndex=]

>>>>BeginStats

>>>>BeginTable
PlayerId, StartTime, EndTime, ProgenyPayout, XPFromFeeding, FeedingGames, MeanFeedingScore, BloodBond, Progeny, GrandProgeny, Sire, Level, Invites
1007244, 1241802695609, 1241802718645, 0, 0, 0, 0, 0, 0, 0, 0, 1, 
1023595, 1241798826063, 1241799480374, 0, 378, 4, 94.5, 0, 0, 0, 1092321, 2, 
10260, , , 26.900000000000002, 0, 0, 0, 0, 10, 0, 713, , 
106239, 1241798375384, 1241798423045, 0, 0, 0, 0, 0, 0, 0, 5842, 4, 2
1062853, , , 65.95, 0, 0, 0, 0, 9, 1, 1124214, , 
10634, 1241801495302, 1241801741313, 0, 1885, 7, 198, 11600, 2, 0, 713, 5, 2
10642, 1241800405139, 1241801750004, 0, 7560, 9, 763.1111111111111, 447249, 32, 46, 351598, 16, 2
1089041, 1241799831666, 1241801957973, 0, 269, 3, 86, 0, 0, 0, 10260, 3, 
1092321, , , 37.800000000000004, 0, 0, 0, 0, 30, 0, 35568, , 
1119385, 1241803017071, , 0, 1045, 5, 134.6, 0, 0, 0, 3200, 2, 0
113162, 1241802737141, , 0, 865, 4, 117.75, 0, 0, 0, 154004, 2, 0
1133427, 1241800167168, 1241800459034, 0, 109, 1, 95, 0, 0, 0, 0, 1, 
1138221, 1241801103779, 1241801423206, 0, 0, 0, 0, 1283799, 0, 0, 269484, 4, 
11460, , , 182.95000000000002, 0, 0, 0, 0, 1, 13, 41022, , 
118975, 1241801485293, 1241801638131, 0, 0, 0, 0, 0, 1, 1, 160138, 12, 2
12, , , 2823.5, 0, 0, 0, 0, 20, 66, 383387, , 
1207080, 1241803233695, 1241803686120, 0, 135, 1, 115, 0, 0, 0, 0, 1, 
1207373, 1241800295157, 1241800517322, 0, 135, 1, 140, 0, 0, 0, 0, 1, 
1209405, 1241799743477, 1241800043348, 0, 179, 1, 103, 0, 0, 0, 3200, 1, 
1239706, 1241799761605, 1241800488359, 0, 652, 3, 129.33333333333334, 0, 0, 0, 447249, 2, 
124119, 1241803111325, 1241803254590, 0, 0, 0, 0, 0, 0, 0, 1127083, 3, 
1241857, 1241801195939, 1241803240458, 0, 3356, 12, 395, 261567, 4, 3, 259344, 8, 1
1267242, 1241802564250, , 0, 1425, 9, 105.88888888888889, 0, 0, 0, 642041, 2, 0
1271614, 1241803144094, 1241803155079, 0, 0, 0, 0, 0, 0, 0, 0, 1, 
1274154, 1241802564075, 1241802634696, 0, 0, 0, 0, 0, 0, 0, 642041, 1, 
12791, , , 1012.05, 0, 0, 0, 0, 15, 6, 12, , 
1279761, 1241803990303, , 0, 295, 2, 102, 0, 0, 0, 171513, 3, 0
1288202, 1241802222155, 1241802235504, 0, 0, 0, 0, 0, 0, 0, 1285504, 1, 
1311203, 1241799610036, 1241799864733, 0, 0, 0, 0, 0, 0, 0, 1284093, 1, 
1320175, 1241803743029, 1241803811104, 0, 0, 0, 0, 0, 0, 0, 0, 1, 
1323699, 1241803975030, , 0, 0, 0, 0, 0, 0, 0, 0, 1, 0
132921, , , 11, 0, 0, 0, 0, 9, 0, 211601, , 
133697, 1241799755620, 1241800978156, 0, 482, 4, 148, 0, 2, 0, 510740, 3, 0
1343542, 1241801527762, 1241802666799, 0, 551, 3, 115.66666666666667, 0, 0, 0, 447249, 1, 
1344192, 1241801222221, 1241801456718, 0, 0, 0, 0, 0, 0, 0, 0, 1, 
1345092, 1241803768394, , 0, 387, 2, 143.5, 0, 0, 0, 311783, 1, 0
1345251, 1241801177776, 1241801220603, 0, 0, 0, 0, 0, 0, 0, 0, 1, 
1345315, 1241800209393, 1241800223393, 0, 0, 0, 0, 0, 0, 0, 0, 1, 
1346063, 1241803621434, 1241803958153, 0, 2620, 11, 139.8181818181818, 0, 0, 0, 54776, 2, 
1346468, 1241802061409, 1241802097550, 0, 0, 0, 0, 0, 0, 0, 1285504, 1, 
1346597, 1241802409739, 1241802444565, 0, 0, 0, 0, 0, 0, 0, 1285504, 1, 
1347608, 1241804222283, , 0, 0, 0, 0, 0, 0, 0, 0, 1, 0
141194, 1241802308023, 1241802830837, 0, 370, 2, 117.5, 0, 0, 0, 80094, 1, 
142301, 1241803616438, 1241803864755, 0, 0, 0, 0, 0, 0, 0, 241925, 1, 
143538, , , 167.8, 0, 0, 0, 0, 2, 25, 1531, , 
145497, , , 131.9, 0, 0, 0, 0, 1, 2, 1062853, , 
1531, 1241801394101, , 0, 13185, 20, 637.75, 503, 6, 14, 12, 15, 3
154004, , , 86.50000000000001, 0, 0, 0, 0, 10, 0, 90041, , 
155004, 1241798278109, 1241799288147, 0, 1319, 6, 219.83333333333334, 0, 2, 0, 145497, 3, 
156489, 1241801899471, 1241802343210, 0, 662, 2, 435, 154238, 16, 23, 713, 9, 1
160138, , , 38.45, 0, 0, 0, 0, 7, 8, 150469, , 
16825, , , 243.05, 0, 0, 0, 0, 14, 9, 4139, , 
170191, , , 208.35, 0, 0, 0, 0, 3, 10, 202873, , 
170316, , , 68.3, 0, 0, 0, 0, 4, 1, 210210, , 
1704, , , 59.900000000000006, 0, 0, 0, 0, 2, 5, 33541, , 
171513, 1241803677491, 1241803965367, 29.5, 1936, 5, 346.2, 0, 10, 7, 170191, 12, 2
181164, 1241803188461, 1241803195872, 0, 0, 0, 0, 0, 0, 0, 0, 1, 
183913, 1241799708971, 1241799766564, 0, 0, 0, 0, 0, 0, 0, 447249, 2, 
188678, 1241803985971, , 0, 4728, 4, 1311, 0, 0, 0, 0, 3, 0
1892, , , 18.35, 0, 0, 0, 0, 20, 1, 995, , 
196462, , , 14.350000000000001, 0, 0, 0, 0, 2, 12, 392944, , 
199427, , , 836.5000000000001, 0, 0, 0, 0, 1, 9, 208602, , 
20260, , , 402.6499999999999, 0, 0, 0, 0, 18, 15, 12, , 
202873, , , 96.8, 0, 0, 0, 0, 1, 3, 341164, , 
208602, , , 403.35, 0, 0, 0, 0, 7, 1, 351626, , 
210003, 1241802605573, 1241803078201, 0, 287, 1, 268, 0, 0, 0, 39030, 1, 
210210, , , 34.15, 0, 0, 0, 0, 4, 4, 381607, , 
21067, 1241799735203, 1241800994808, 0, 1152, 4, 341, 0, 2, 45, 302907, 8, 4
211527, 1241799140160, 1241800613630, 0, 0, 0, 0, 0, 1, 0, 197740, 3, 
211601, , , 5.5, 0, 0, 0, 0, 1, 9, 7078, , 
211715, , , 6.75, 0, 0, 0, 0, 2, 3, 299646, , 
217283, , , 36.7, 0, 0, 0, 0, 64, 3, 57393, , 
223864, , , 138.1, 0, 0, 0, 0, 7, 36, 160138, , 
259344, , , 412.8, 0, 0, 0, 0, 23, 21, 143538, , 
269092, 1241800127350, 1241803858240, 0, 683, 5, 122.8, 0, 1, 2, 170316, 4, 1
271936, 1241800647935, 1241801781915, 0, 587, 1, 185, 0, 3, 0, 887964, 4, 
2779, 1241800102276, 1241800756797, 0, 387, 3, 129, 0, 0, 0, 0, 1, 
2796, , , 154.40000000000003, 0, 0, 0, 0, 5, 0, 259344, , 
282780, 1241799387786, 1241799804366, 0, 95, 1, 95, 0, 0, 0, 0, 1, 
283855, , , 57.60000000000001, 0, 0, 0, 0, 1, 2, 98128, , 
2843, 1241799845032, 1241800603528, 0, 2379, 5, 475.8, 5212, 8, 33, 3383, 13, 11
285870, 1241803960446, , 0, 4728, 4, 1053, 0, 0, 0, 0, 3, 0
294591, 1241799932587, 1241799951340, 0, 0, 0, 0, 0, 0, 0, 0, 1, 
302907, , , 115.20000000000002, 0, 0, 0, 0, 2, 2, 283855, , 
307471, 1241802007614, , 0, 1568, 5, 529, 0, 6, 19, 12, 10, 4
311783, 1241803806267, , 24.700000000000003, 1706, 8, 282.625, 0, 13, 3, 11460, 10, 7
3200, 1241800624908, 1241800673761, 122.40000000000002, 769, 3, 369.3333333333333, 71724, 36, 21, 223864, 13, 2
33541, , , 29.950000000000003, 0, 0, 0, 0, 1, 2, 12, , 
3383, 1241799398775, 1241801549120, 237.9, 8931, 13, 585.0769230769232, 8842, 6, 10, 12791, 15, 2
351598, , , 756, 0, 0, 0, 0, 1, 32, 359624, , 
35568, , , 18.900000000000002, 0, 0, 0, 0, 3, 30, 258951, , 
359624, , , 378, 0, 0, 0, 0, 4, 1, 201132, , 
383387, , , 737.6499999999999, 0, 0, 0, 0, 7, 57, 0, , 
39030, , , 28.700000000000003, 0, 0, 0, 0, 12, 0, 196462, , 
397835, , , 125.6, 0, 0, 0, 0, 5, 35, 47379, , 
41022, , , 85.30000000000001, 0, 0, 0, 0, 2, 1, 412796, , 
4139, 1241803732165, , 85.89999999999999, 13185, 20, 746.3, 44987, 25, 23, 713, 19, 3
4141, 1241802492995, , 0, 1544, 7, 235.14285714285714, 0, 0, 0, 2796, 3, 0
438480, 1241801956210, 1241802022927, 0, 0, 0, 0, 0, 0, 0, 0, 1, 
43915, 1241802355610, 1241802361112, 0, 0, 0, 0, 0, 0, 0, 61984, 2, 0
447249, 1241803767569, , 59.60000000000001, 8067, 12, 741.6666666666666, 10642, 9, 5, 199427, 15, 2
505544, , , 13.5, 0, 0, 0, 0, 3, 0, 211715, , 
510740, , , 48.2, 0, 0, 0, 0, 70, 3, 534632, , 
52818, 1241802568566, 1241803233081, 0, 0, 0, 0, 1118266, 4, 1, 367452, 4, 0
533, 1241804135510, , 0, 2301, 4, 575.25, 535, 10, 11, 20260, 14, 2
534632, , , 24.1, 0, 0, 0, 0, 7, 70, 445660, , 
541655, , , 187.85000000000002, 0, 0, 0, 0, 1, 22, 126451, , 
54776, 1241801605561, , 194.8, 3451, 10, 464.4, 1062, 80, 33, 89757, 16, 3
561864, , , 36.7, 0, 0, 0, 0, 1, 0, 1892, , 
57393, , , 18.35, 0, 0, 0, 0, 6, 68, 159420, , 
57825, 1241802417062, 1241802450303, 0, 0, 0, 0, 0, 0, 0, 8938, 1, 
613661, 1241800805911, 1241803202364, 0, 367, 2, 222, 0, 0, 0, 561864, 3, 0
624632, 1241800226072, 1241800661481, 0, 135, 1, 129, 0, 0, 0, 505544, 2, 
63415, 1241800910571, 1241803246221, 0, 3757, 10, 379.8, 0, 11, 1, 8938, 6, 3
642041, 1241801759109, , 142.5, 1718, 9, 141.55555555555554, 0, 3, 3, 16825, 4, 1
643236, 1241800511990, 1241800793036, 0, 110, 1, 92, 0, 0, 0, 132921, 2, 
70997, , , 269.7, 0, 0, 0, 0, 35, 10, 397835, , 
713, , , 1586.6500000000003, 0, 0, 0, 0, 11, 53, 12, , 
782580, 1241800803636, 1241801551095, 0, 367, 2, 144.5, 0, 0, 0, 217283, 2, 
80094, 1241800678577, 1241803853532, 37, 2512, 8, 331.875, 65812, 10, 1, 70997, 6, 4
887964, , , 58.7, 0, 0, 0, 0, 2, 3, 919861, , 
8938, 1241802602050, 1241802954041, 375.70000000000005, 0, 0, 0, 0, 22, 13, 541655, 6, 3
89757, , , 442.5, 0, 0, 0, 0, 3, 80, 20260, , 
90041, , , 43.25000000000001, 0, 0, 0, 0, 1, 10, 258951, , 
913234, 1241800694237, 1241800824484, 0, 0, 0, 0, 0, 0, 0, 0, 1, 
919861, , , 29.35, 0, 0, 0, 0, 1, 2, 171151, , 
968, 1241801818938, 1241802616524, 0, 599, 2, 166.5, 0, 5, 3, 1704, 11, 2
<<<<EndTable

PlayersOnlineNow=18
PlayersOnlineEachMinute=0, 2, 4, 3, 5, 5, 5, 4, 4, 4, 5, 6, 6, 6, 7, 8, 7, 8, 8, 10, 10, 11, 11, 13, 12, 15, 15, 15, 15, 16, 14, 16, 18, 19, 20, 20, 20, 18, 18, 16, 16, 19, 17, 19, 19, 20, 18, 17, 19, 20, 20, 18, 20, 20, 20, 19, 18, 20, 18, 17, 18, 19, 17, 18, 19, 18, 19, 17, 18, 18, 17, 16, 19, 19, 19, 20, 18, 18, 18, 18, 20, 22, 21, 17, 17, 17, 15, 15, 15, 16, 17, 17, 20, 19, 17, 15, 17, 16, 17, 17
PlayersInEachFeedingGame=1, 2, 1, 1, 1, 1, 1, 2, 1, 1, 2, 2, 2, 1, 2, 1, 1, 1, 1, 2, 2, 2, 1, 2, 2, 1, 2, 2, 4, 1, 2, 2, 2, 2, 1, 2, 2, 2, 2, 2, 2, 1, 2, 2, 2, 1, 1, 1, 2, 2, 1, 2, 2, 1, 2, 2, 2, 2, 1, 2, 2, 2, 2, 1, 2, 2, 1, 1, 2, 1, 2, 2, 2, 2, 2, 2, 2, 2, 2, 3, 3, 2, 1, 2, 2, 2, 2, 2, 2, 1, 2, 2, 1, 2, 2, 2
PlayersStarted=120
PlayersQuit=102
StatsStartTime=1241798276021
StatsDumpTime=1241804276295
<<<<EndStats
2009-05-08 10:38:15,149 ERROR: vampire.server.feeding.FeedingRecord sendPlayerStartGameMsg [playerId=311783, prey=true, _predatorIndex=]
2009-05-08 10:38:15,149 ERROR: vampire.server.feeding.FeedingRecord sendPlayerStartGameMsg [playerId=1279761, prey=false, _predatorIndex=]
2009-05-08 10:39:03,077 ERROR: vampire.server.feeding.FeedingRecord sendPlayerStartGameMsg [playerId=1323699, prey=true, _predatorIndex=]
2009-05-08 10:39:03,078 ERROR: vampire.server.feeding.FeedingRecord sendPlayerStartGameMsg [playerId=307471, prey=false, _predatorIndex=]
2009-05-08 10:40:30,864 ERROR: vampire.server.feeding.FeedingRecord sendPlayerStartGameMsg [playerId=1267242, prey=false, _predatorIndex=]
2009-05-08 10:40:33,947 ERROR: vampire.server.feeding.FeedingRecord sendPlayerStartGameMsg [playerId=113162, prey=true, _predatorIndex=]
2009-05-08 10:40:33,948 ERROR: vampire.server.feeding.FeedingRecord sendPlayerStartGameMsg [playerId=1279761, prey=false, _predatorIndex=]
2009-05-08 10:40:38,093 ERROR: vampire.server.feeding.FeedingRecord sendPlayerStartGameMsg [playerId=1119385, prey=false, _predatorIndex=]
2009-05-08 10:43:38,275 ERROR: vampire.server.feeding.FeedingRecord sendPlayerStartGameMsg [playerId=1323699, prey=true, _predatorIndex=]
2009-05-08 10:43:38,297 ERROR: vampire.server.feeding.FeedingRecord sendPlayerStartGameMsg [playerId=632287, prey=false, _predatorIndex=]
2009-05-08 10:45:10,061 ERROR: vampire.server.feeding.FeedingRecord sendPlayerStartGameMsg [playerId=1331190, prey=true, _predatorIndex=]
2009-05-08 10:45:10,062 ERROR: vampire.server.feeding.FeedingRecord sendPlayerStartGameMsg [playerId=113162, prey=false, _predatorIndex=]
2009-05-08 10:47:04,847 ERROR: vampire.server.feeding.FeedingRecord sendPlayerStartGameMsg [playerId=307471, prey=true, _predatorIndex=]
2009-05-08 10:47:04,848 ERROR: vampire.server.feeding.FeedingRecord sendPlayerStartGameMsg [playerId=642041, prey=false, _predatorIndex=]
2009-05-08 10:47:28,007 ERROR: vampire.server.feeding.FeedingRecord sendPlayerStartGameMsg [playerId=1119385, prey=false, _predatorIndex=]
2009-05-08 10:47:37,971 ERROR: vampire.server.feeding.FeedingRecord sendPlayerStartGameMsg [playerId=1323699, prey=true, _predatorIndex=]
2009-05-08 10:47:37,972 ERROR: vampire.server.feeding.FeedingRecord sendPlayerStartGameMsg [playerId=113162, prey=false, _predatorIndex=]
2009-05-08 10:47:54,845 ERROR: vampire.server.feeding.FeedingRecord sendPlayerStartGameMsg [playerId=1331190, prey=true, _predatorIndex=]
2009-05-08 10:47:54,845 ERROR: vampire.server.feeding.FeedingRecord sendPlayerStartGameMsg [playerId=92600, prey=false, _predatorIndex=]

>>>>BeginStats

>>>>BeginTable
PlayerId, StartTime, EndTime, ProgenyPayout, XPFromFeeding, FeedingGames, MeanFeedingScore, BloodBond, Progeny, GrandProgeny, Sire, Level, Invites
1007244, 1241802695609, 1241802718645, 0, 0, 0, 0, 0, 0, 0, 0, 1, 
1023595, 1241798826063, 1241799480374, 0, 378, 4, 94.5, 0, 0, 0, 1092321, 2, 
10260, , , 26.900000000000002, 0, 0, 0, 0, 10, 0, 713, , 
106239, 1241798375384, 1241798423045, 0, 0, 0, 0, 0, 0, 0, 5842, 4, 2
1062853, , , 65.95, 0, 0, 0, 0, 9, 1, 1124214, , 
10634, 1241801495302, 1241801741313, 0, 1885, 7, 198, 11600, 2, 0, 713, 5, 2
10642, 1241800405139, 1241801750004, 0, 7560, 9, 763.1111111111111, 447249, 32, 46, 351598, 16, 2
1085269, 1241804547820, 1241804573791, 0, 0, 0, 0, 0, 0, 0, 0, 1, 
1089041, 1241799831666, 1241801957973, 0, 269, 3, 86, 0, 0, 0, 10260, 3, 
1092321, , , 37.800000000000004, 0, 0, 0, 0, 30, 0, 35568, , 
1119385, 1241803017071, , 0, 1296, 7, 132, 0, 0, 0, 3200, 3, 0
113162, 1241802737141, , 0, 1255, 7, 109.42857142857143, 0, 0, 0, 154004, 2, 0
1133427, 1241800167168, 1241800459034, 0, 109, 1, 95, 0, 0, 0, 0, 1, 
1138221, 1241801103779, 1241801423206, 0, 0, 0, 0, 1283799, 0, 0, 269484, 4, 
11460, , , 222.75000000000003, 0, 0, 0, 0, 1, 13, 41022, , 
118975, 1241801485293, 1241801638131, 0, 0, 0, 0, 0, 1, 1, 160138, 12, 2
12, , , 2897.7, 0, 0, 0, 0, 20, 67, 383387, , 
1207080, 1241803233695, 1241803686120, 0, 135, 1, 115, 0, 0, 0, 0, 1, 
1207373, 1241800295157, 1241800517322, 0, 135, 1, 140, 0, 0, 0, 0, 1, 
1209405, 1241799743477, 1241800043348, 0, 179, 1, 103, 0, 0, 0, 3200, 1, 
1239706, 1241799761605, 1241800488359, 0, 652, 3, 129.33333333333334, 0, 0, 0, 447249, 2, 
124119, 1241803111325, 1241803254590, 0, 0, 0, 0, 0, 0, 0, 1127083, 3, 
1241857, 1241801195939, 1241803240458, 0, 3356, 12, 395, 261567, 4, 3, 259344, 8, 1
1267242, 1241802564250, 1241804699387, 0, 1544, 10, 107.2, 0, 0, 0, 642041, 2, 
1271614, 1241803144094, 1241803155079, 0, 0, 0, 0, 0, 0, 0, 0, 1, 
1274154, 1241802564075, 1241802634696, 0, 0, 0, 0, 0, 0, 0, 642041, 1, 
12791, , , 1012.05, 0, 0, 0, 0, 15, 6, 12, , 
1279761, 1241803990303, 1241804684579, 0, 622, 4, 115.5, 0, 0, 0, 171513, 3, 
1288202, 1241802222155, 1241802235504, 0, 0, 0, 0, 0, 0, 0, 1285504, 1, 
1311203, 1241799610036, 1241799864733, 0, 0, 0, 0, 0, 0, 0, 1284093, 1, 
1320175, 1241803743029, 1241803811104, 0, 0, 0, 0, 0, 0, 0, 0, 1, 
1323699, 1241803975030, , 0, 558, 3, 101.66666666666667, 0, 0, 0, 307471, 1, 0
132921, , , 11, 0, 0, 0, 0, 9, 0, 211601, , 
1331190, 1241804645508, , 0, 129, 1, 152, 0, 0, 0, 0, 1, 0
133697, 1241799755620, 1241800978156, 0, 482, 4, 148, 0, 2, 0, 510740, 3, 0
1343542, 1241801527762, 1241802666799, 0, 551, 3, 115.66666666666667, 0, 0, 0, 447249, 1, 
1344192, 1241801222221, 1241801456718, 0, 0, 0, 0, 0, 0, 0, 0, 1, 
1345092, 1241803768394, 1241804468184, 0, 747, 3, 177.33333333333334, 0, 0, 0, 311783, 1, 
1345251, 1241801177776, 1241801220603, 0, 0, 0, 0, 0, 0, 0, 0, 1, 
1345315, 1241800209393, 1241800223393, 0, 0, 0, 0, 0, 0, 0, 0, 1, 
1346063, 1241803621434, 1241803958153, 0, 2620, 11, 139.8181818181818, 0, 0, 0, 54776, 2, 
1346468, 1241802061409, 1241802097550, 0, 0, 0, 0, 0, 0, 0, 1285504, 1, 
1346522, 1241804864470, , 0, 0, 0, 0, 0, 0, 0, 0, 1, 0
1346597, 1241802409739, 1241802444565, 0, 0, 0, 0, 0, 0, 0, 1285504, 1, 
1347608, 1241804222283, 1241804385030, 0, 0, 0, 0, 0, 0, 0, 0, 1, 
141194, 1241802308023, 1241802830837, 0, 370, 2, 117.5, 0, 0, 0, 80094, 1, 
142301, 1241803616438, 1241803864755, 0, 0, 0, 0, 0, 0, 0, 241925, 1, 
143538, , , 167.8, 0, 0, 0, 0, 2, 25, 1531, , 
145497, , , 131.9, 0, 0, 0, 0, 1, 2, 1062853, , 
1531, 1241801394101, , 0, 13185, 20, 637.75, 503, 6, 14, 12, 15, 3
154004, , , 130.25000000000003, 0, 0, 0, 0, 10, 6, 90041, , 
155004, 1241798278109, 1241799288147, 0, 1319, 6, 219.83333333333334, 0, 2, 0, 145497, 3, 
156489, 1241801899471, 1241802343210, 0, 662, 2, 435, 154238, 16, 23, 713, 9, 1
160138, , , 38.45, 0, 0, 0, 0, 7, 8, 150469, , 
16825, , , 249, 0, 0, 0, 0, 14, 9, 4139, , 
170191, , , 224.7, 0, 0, 0, 0, 3, 10, 202873, , 
170316, , , 68.3, 0, 0, 0, 0, 4, 1, 210210, , 
1704, , , 59.900000000000006, 0, 0, 0, 0, 2, 5, 33541, , 
171513, 1241803677491, 1241803965367, 62.199999999999996, 1936, 5, 346.2, 0, 10, 7, 170191, 12, 2
181164, 1241803188461, 1241803195872, 0, 0, 0, 0, 0, 0, 0, 0, 1, 
183913, 1241799708971, 1241799766564, 0, 0, 0, 0, 0, 0, 0, 447249, 2, 
188678, 1241803985971, 1241804439521, 0, 5606, 5, 1262.6, 0, 0, 0, 0, 3, 
1892, , , 18.35, 0, 0, 0, 0, 20, 1, 995, , 
196462, , , 14.350000000000001, 0, 0, 0, 0, 2, 12, 392944, , 
199427, , , 836.5000000000001, 0, 0, 0, 0, 1, 9, 208602, , 
20260, , , 420.6499999999999, 0, 0, 0, 0, 18, 15, 12, , 
202873, , , 96.8, 0, 0, 0, 0, 1, 3, 341164, , 
208602, , , 403.35, 0, 0, 0, 0, 7, 1, 351626, , 
210003, 1241802605573, 1241803078201, 0, 287, 1, 268, 0, 0, 0, 39030, 1, 
210210, , , 34.15, 0, 0, 0, 0, 4, 4, 381607, , 
21067, 1241799735203, 1241800994808, 0, 1152, 4, 341, 0, 2, 45, 302907, 8, 4
211527, 1241799140160, 1241800613630, 0, 0, 0, 0, 0, 1, 0, 197740, 3, 
211601, , , 5.5, 0, 0, 0, 0, 1, 9, 7078, , 
211715, , , 6.75, 0, 0, 0, 0, 2, 3, 299646, , 
217283, , , 36.7, 0, 0, 0, 0, 64, 3, 57393, , 
223864, , , 150.64999999999998, 0, 0, 0, 0, 7, 36, 160138, , 
259344, , , 420.40000000000003, 0, 0, 0, 0, 23, 21, 143538, , 
269092, 1241800127350, 1241803858240, 0, 683, 5, 122.8, 0, 1, 2, 170316, 4, 1
271936, 1241800647935, 1241801781915, 0, 587, 1, 185, 0, 3, 0, 887964, 4, 
2779, 1241800102276, 1241800756797, 0, 387, 3, 129, 0, 0, 0, 0, 1, 
2796, , , 169.60000000000002, 0, 0, 0, 0, 5, 0, 259344, , 
282780, 1241799387786, 1241799804366, 0, 95, 1, 95, 0, 0, 0, 0, 1, 
283855, , , 57.60000000000001, 0, 0, 0, 0, 1, 2, 98128, , 
2843, 1241799845032, 1241800603528, 0, 2379, 5, 475.8, 5212, 8, 33, 3383, 13, 11
285205, , , 9.5, 0, 0, 0, 0, 6, 0, 154004, , 
285870, 1241803960446, 1241804423267, 0, 5606, 5, 979.6, 0, 0, 0, 0, 3, 
294591, 1241799932587, 1241799951340, 0, 0, 0, 0, 0, 0, 0, 0, 1, 
302907, , , 115.20000000000002, 0, 0, 0, 0, 2, 2, 283855, , 
307471, 1241802007614, , 55.800000000000004, 2031, 7, 480.7142857142857, 0, 7, 19, 12, 10, 4
311783, 1241803806267, , 60.7, 1924, 9, 284.3333333333333, 0, 13, 3, 11460, 10, 7
3200, 1241800624908, 1241800673761, 147.5, 769, 3, 369.3333333333333, 71724, 36, 21, 223864, 13, 2
33541, , , 29.950000000000003, 0, 0, 0, 0, 1, 2, 12, , 
3383, 1241799398775, 1241801549120, 237.9, 8931, 13, 585.0769230769232, 8842, 6, 10, 12791, 15, 2
351598, , , 756, 0, 0, 0, 0, 1, 32, 359624, , 
35568, , , 18.900000000000002, 0, 0, 0, 0, 3, 30, 258951, , 
359624, , , 378, 0, 0, 0, 0, 4, 1, 201132, , 
383387, , , 760.8, 0, 0, 0, 0, 7, 57, 0, , 
39030, , , 28.700000000000003, 0, 0, 0, 0, 12, 0, 196462, , 
397835, , , 125.6, 0, 0, 0, 0, 5, 35, 47379, , 
41022, , , 96.20000000000002, 0, 0, 0, 0, 2, 1, 412796, , 
4139, 1241803732165, 1241804622613, 85.89999999999999, 13185, 20, 746.3, 44987, 25, 23, 713, 19, 3
4141, 1241802492995, 1241804758140, 0, 1696, 8, 232, 0, 0, 0, 2796, 3, 
438480, 1241801956210, 1241802022927, 0, 0, 0, 0, 0, 0, 0, 0, 1, 
43915, 1241802355610, 1241802361112, 0, 0, 0, 0, 0, 0, 0, 61984, 2, 0
447249, 1241803767569, , 59.60000000000001, 8067, 12, 741.6666666666666, 10642, 9, 5, 199427, 15, 2
505544, , , 13.5, 0, 0, 0, 0, 3, 0, 211715, , 
510740, , , 48.2, 0, 0, 0, 0, 70, 3, 534632, , 
52818, 1241802568566, 1241803233081, 0, 0, 0, 0, 1118266, 4, 1, 367452, 4, 0
533, 1241804135510, 1241804726475, 0, 2301, 4, 575.25, 535, 10, 11, 20260, 14, 2
534632, , , 24.1, 0, 0, 0, 0, 7, 70, 445660, , 
541655, , , 187.85000000000002, 0, 0, 0, 0, 1, 22, 126451, , 
54776, 1241801605561, , 194.8, 3811, 11, 465.3636363636364, 1062, 80, 33, 89757, 16, 3
561864, , , 36.7, 0, 0, 0, 0, 1, 0, 1892, , 
57393, , , 18.35, 0, 0, 0, 0, 6, 68, 159420, , 
57825, 1241802417062, 1241802450303, 0, 0, 0, 0, 0, 0, 0, 8938, 1, 
613661, 1241800805911, 1241803202364, 0, 367, 2, 222, 0, 0, 0, 561864, 3, 0
624632, 1241800226072, 1241800661481, 0, 135, 1, 129, 0, 0, 0, 505544, 2, 
632287, 1241804539701, 1241804872318, 0, 95, 1, 89, 0, 0, 0, 285205, 1, 
63415, 1241800910571, 1241803246221, 0, 3757, 10, 379.8, 0, 11, 1, 8938, 6, 3
642041, 1241801759109, , 154.4, 1718, 9, 141.55555555555554, 0, 3, 3, 16825, 4, 1
643236, 1241800511990, 1241800793036, 0, 110, 1, 92, 0, 0, 0, 132921, 2, 
70997, , , 269.7, 0, 0, 0, 0, 35, 10, 397835, , 
713, , , 1586.6500000000003, 0, 0, 0, 0, 11, 54, 12, , 
782580, 1241800803636, 1241801551095, 0, 367, 2, 144.5, 0, 0, 0, 217283, 2, 
80094, 1241800678577, 1241803853532, 37, 2512, 8, 331.875, 65812, 10, 1, 70997, 6, 4
887964, , , 58.7, 0, 0, 0, 0, 2, 3, 919861, , 
8938, 1241802602050, 1241802954041, 375.70000000000005, 0, 0, 0, 0, 22, 13, 541655, 6, 3
89757, , , 478.5, 0, 0, 0, 0, 3, 80, 20260, , 
90041, , , 62.750000000000014, 0, 0, 0, 0, 1, 10, 258951, , 
913234, 1241800694237, 1241800824484, 0, 0, 0, 0, 0, 0, 0, 0, 1, 
919861, , , 29.35, 0, 0, 0, 0, 1, 2, 171151, , 
92600, 1241804828252, , 0, 0, 0, 0, 0, 1, 0, 43402, 3, 0
968, 1241801818938, 1241802616524, 0, 599, 2, 166.5, 0, 5, 3, 1704, 11, 2
<<<<EndTable

PlayersOnlineNow=12
PlayersOnlineEachMinute=0, 2, 4, 3, 5, 5, 5, 4, 4, 4, 5, 6, 6, 6, 7, 8, 7, 8, 8, 10, 10, 11, 11, 13, 12, 15, 15, 15, 15, 16, 14, 16, 18, 19, 20, 20, 20, 18, 18, 16, 16, 19, 17, 19, 19, 20, 18, 17, 19, 20, 20, 18, 20, 20, 20, 19, 18, 20, 18, 17, 18, 19, 17, 18, 19, 18, 19, 17, 18, 18, 17, 16, 19, 19, 19, 20, 18, 18, 18, 18, 20, 22, 21, 17, 17, 17, 15, 15, 15, 16, 17, 17, 20, 19, 17, 15, 17, 16, 17, 17, 18, 18, 17, 15, 14, 15, 14, 14, 12, 11
PlayersInEachFeedingGame=1, 2, 1, 1, 1, 1, 1, 2, 1, 1, 2, 2, 2, 1, 2, 1, 1, 1, 1, 2, 2, 2, 1, 2, 2, 1, 2, 2, 4, 1, 2, 2, 2, 2, 1, 2, 2, 2, 2, 2, 2, 1, 2, 2, 2, 1, 1, 1, 2, 2, 1, 2, 2, 1, 2, 2, 2, 2, 1, 2, 2, 2, 2, 1, 2, 2, 1, 1, 2, 1, 2, 2, 2, 2, 2, 2, 2, 2, 2, 3, 3, 2, 1, 2, 2, 2, 2, 2, 2, 1, 2, 2, 1, 2, 2, 2, 2, 2, 1, 2, 1, 2, 2, 1, 2
PlayersStarted=125
PlayersQuit=113
StatsStartTime=1241798276021
StatsDumpTime=1241804876324
<<<<EndStats
2009-05-08 10:50:02,736 ERROR: vampire.server.feeding.FeedingRecord sendPlayerStartGameMsg [playerId=1323699, prey=false, _predatorIndex=]
2009-05-08 10:50:24,712 ERROR: vampire.server.feeding.FeedingRecord sendPlayerStartGameMsg [playerId=311783, prey=true, _predatorIndex=]
2009-05-08 10:50:24,712 ERROR: vampire.server.feeding.FeedingRecord sendPlayerStartGameMsg [playerId=92600, prey=false, _predatorIndex=]
2009-05-08 10:50:27,485 ERROR: vampire.server.feeding.FeedingRecord sendPlayerStartGameMsg [playerId=113162, prey=false, _predatorIndex=]
2009-05-08 10:50:37,845 ERROR: vampire.server.feeding.FeedingRecord sendPlayerStartGameMsg [playerId=1346522, prey=false, _predatorIndex=]
2009-05-08 10:50:57,428 ERROR: vampire.server.feeding.FeedingRecord sendPlayerStartGameMsg [playerId=1119385, prey=false, _predatorIndex=]
2009-05-08 10:51:37,400 ERROR: vampire.server.feeding.FeedingRecord sendPlayerStartGameMsg [playerId=1331190, prey=true, _predatorIndex=]
2009-05-08 10:51:37,401 ERROR: vampire.server.feeding.FeedingRecord sendPlayerStartGameMsg [playerId=54776, prey=false, _predatorIndex=]
2009-05-08 10:53:20,012 ERROR: vampire.server.feeding.FeedingRecord sendPlayerStartGameMsg [playerId=1119385, prey=false, _predatorIndex=54776]
2009-05-08 10:53:35,935 ERROR: vampire.server.feeding.FeedingRecord sendPlayerStartGameMsg [playerId=1119385, prey=false, _predatorIndex=54776,1119385]
2009-05-08 10:53:48,104 ERROR: vampire.server.feeding.FeedingRecord sendPlayerStartGameMsg [playerId=1346597, prey=true, _predatorIndex=]
2009-05-08 10:53:48,105 ERROR: vampire.server.feeding.FeedingRecord sendPlayerStartGameMsg [playerId=92600, prey=false, _predatorIndex=]
2009-05-08 10:54:00,384 ERROR: vampire.server.feeding.FeedingRecord sendPlayerStartGameMsg [playerId=311783, prey=false, _predatorIndex=1346522]
2009-05-08 10:54:20,495 ERROR: vampire.server.feeding.FeedingRecord sendPlayerStartGameMsg [playerId=559, prey=true, _predatorIndex=]
2009-05-08 10:54:20,496 ERROR: vampire.server.feeding.FeedingRecord sendPlayerStartGameMsg [playerId=311783, prey=false, _predatorIndex=]
2009-05-08 10:55:43,007 ERROR: vampire.server.feeding.FeedingRecord sendPlayerStartGameMsg [playerId=1346522, prey=true, _predatorIndex=]
2009-05-08 10:55:43,007 ERROR: vampire.server.feeding.FeedingRecord sendPlayerStartGameMsg [playerId=249619, prey=false, _predatorIndex=]
2009-05-08 10:57:02,652 ERROR: vampire.server.feeding.FeedingRecord sendPlayerStartGameMsg [playerId=1119385, prey=true, _predatorIndex=]
2009-05-08 10:57:02,652 ERROR: vampire.server.feeding.FeedingRecord sendPlayerStartGameMsg [playerId=1331190, prey=false, _predatorIndex=]

>>>>BeginStats

>>>>BeginTable
PlayerId, StartTime, EndTime, ProgenyPayout, XPFromFeeding, FeedingGames, MeanFeedingScore, BloodBond, Progeny, GrandProgeny, Sire, Level, Invites
1007244, 1241802695609, 1241802718645, 0, 0, 0, 0, 0, 0, 0, 0, 1, 
1023595, 1241798826063, 1241799480374, 0, 378, 4, 94.5, 0, 0, 0, 1092321, 2, 
10260, , , 26.900000000000002, 0, 0, 0, 0, 10, 0, 713, , 
106239, 1241798375384, 1241798423045, 0, 0, 0, 0, 0, 0, 0, 5842, 4, 2
1062853, , , 65.95, 0, 0, 0, 0, 9, 1, 1124214, , 
10634, 1241801495302, 1241801741313, 0, 1885, 7, 198, 11600, 2, 0, 713, 5, 2
10642, 1241800405139, 1241801750004, 11.3, 7560, 9, 763.1111111111111, 447249, 32, 46, 351598, 16, 2
1085269, 1241804547820, 1241804573791, 0, 0, 0, 0, 0, 0, 0, 0, 1, 
1089041, 1241799831666, 1241801957973, 0, 269, 3, 86, 0, 0, 0, 10260, 3, 
1092321, , , 37.800000000000004, 0, 0, 0, 0, 30, 0, 35568, , 
1119385, 1241803017071, , 0, 1571, 9, 128.22222222222223, 0, 0, 0, 3200, 3, 0
113162, 1241802737141, 1241805302116, 0, 1342, 8, 106.625, 0, 0, 0, 154004, 2, 
1133427, 1241800167168, 1241800459034, 0, 109, 1, 95, 0, 0, 0, 0, 1, 
1138221, 1241801103779, 1241801423206, 0, 0, 0, 0, 1283799, 0, 0, 269484, 4, 
11460, , , 272.15000000000003, 0, 0, 0, 0, 1, 13, 41022, , 
118975, 1241801485293, 1241801638131, 0, 0, 0, 0, 0, 1, 1, 160138, 12, 2
12, , , 2926.7999999999997, 0, 0, 0, 0, 20, 68, 383387, , 
1207080, 1241803233695, 1241803686120, 0, 135, 1, 115, 0, 0, 0, 0, 1, 
1207373, 1241800295157, 1241800517322, 0, 135, 1, 140, 0, 0, 0, 0, 1, 
1209405, 1241799743477, 1241800043348, 0, 179, 1, 103, 0, 0, 0, 3200, 1, 
123961, , , 34.650000000000006, 0, 0, 0, 0, 1, 12, 713, , 
1239706, 1241799761605, 1241800488359, 0, 652, 3, 129.33333333333334, 0, 0, 0, 447249, 2, 
124119, 1241803111325, 1241803254590, 0, 0, 0, 0, 0, 0, 0, 1127083, 3, 
1241857, 1241801195939, 1241803240458, 10.8, 3356, 12, 395, 261567, 4, 3, 259344, 8, 1
1267242, 1241802564250, 1241804699387, 0, 1544, 10, 107.2, 0, 0, 0, 642041, 2, 
1271614, 1241803144094, 1241803155079, 0, 0, 0, 0, 0, 0, 0, 0, 1, 
1274154, 1241802564075, 1241802634696, 0, 0, 0, 0, 0, 0, 0, 642041, 1, 
12791, , , 1012.05, 0, 0, 0, 0, 15, 6, 12, , 
1279761, 1241803990303, 1241804684579, 0, 622, 4, 115.5, 0, 0, 0, 171513, 3, 
1285504, , , 21.6, 0, 0, 0, 0, 3, 0, 1241857, , 
1288202, 1241802222155, 1241802235504, 0, 0, 0, 0, 0, 0, 0, 1285504, 1, 
1311203, 1241799610036, 1241799864733, 0, 0, 0, 0, 0, 0, 0, 1284093, 1, 
1320175, 1241803743029, 1241803811104, 0, 0, 0, 0, 0, 0, 0, 0, 1, 
1323699, 1241803975030, 1241805063269, 0, 558, 3, 101.66666666666667, 0, 0, 0, 307471, 1, 
132921, , , 11, 0, 0, 0, 0, 9, 0, 211601, , 
1331190, 1241804645508, , 0, 750, 4, 209.5, 0, 0, 0, 0, 1, 0
133697, 1241799755620, 1241800978156, 0, 482, 4, 148, 0, 2, 0, 510740, 3, 0
1343542, 1241801527762, 1241802666799, 0, 551, 3, 115.66666666666667, 0, 0, 0, 447249, 1, 
1344192, 1241801222221, 1241801456718, 0, 0, 0, 0, 0, 0, 0, 0, 1, 
1345092, 1241803768394, 1241804468184, 0, 747, 3, 177.33333333333334, 0, 0, 0, 311783, 1, 
1345251, 1241801177776, 1241801220603, 0, 0, 0, 0, 0, 0, 0, 0, 1, 
1345315, 1241800209393, 1241800223393, 0, 0, 0, 0, 0, 0, 0, 0, 1, 
1346063, 1241803621434, 1241803958153, 0, 2620, 11, 139.8181818181818, 0, 0, 0, 54776, 2, 
1346468, 1241802061409, 1241802097550, 0, 0, 0, 0, 0, 0, 0, 1285504, 1, 
1346522, 1241804864470, , 0, 303, 3, 105.66666666666667, 0, 0, 0, 0, 1, 0
1346597, 1241805163679, , 0, 216, 1, 207, 0, 0, 0, 1285504, 1, 0
1347608, 1241804222283, 1241804385030, 0, 0, 0, 0, 0, 0, 0, 0, 1, 
141194, 1241802308023, 1241802830837, 0, 370, 2, 117.5, 0, 0, 0, 80094, 1, 
142301, 1241803616438, 1241803864755, 0, 0, 0, 0, 0, 0, 0, 241925, 1, 
143538, , , 167.8, 0, 0, 0, 0, 2, 25, 1531, , 
145497, , , 131.9, 0, 0, 0, 0, 1, 2, 1062853, , 
1531, 1241801394101, , 0, 13185, 20, 637.75, 503, 6, 14, 12, 15, 3
154004, , , 138.95000000000002, 0, 0, 0, 0, 10, 6, 90041, , 
155004, 1241798278109, 1241799288147, 0, 1319, 6, 219.83333333333334, 0, 2, 0, 145497, 3, 
156489, 1241801899471, 1241802343210, 0, 662, 2, 435, 154238, 16, 23, 713, 9, 1
160138, , , 38.45, 0, 0, 0, 0, 7, 8, 150469, , 
16825, , , 278.1, 0, 0, 0, 0, 14, 9, 4139, , 
170191, , , 224.7, 0, 0, 0, 0, 3, 10, 202873, , 
170316, , , 68.3, 0, 0, 0, 0, 4, 1, 210210, , 
1704, , , 59.900000000000006, 0, 0, 0, 0, 2, 5, 33541, , 
171513, 1241803677491, 1241803965367, 62.199999999999996, 1936, 5, 346.2, 0, 10, 7, 170191, 12, 2
181164, 1241803188461, 1241803195872, 0, 0, 0, 0, 0, 0, 0, 0, 1, 
183913, 1241799708971, 1241799766564, 0, 0, 0, 0, 0, 0, 0, 447249, 2, 
188678, 1241803985971, 1241804439521, 0, 5606, 5, 1262.6, 0, 0, 0, 0, 3, 
1892, , , 18.35, 0, 0, 0, 0, 20, 1, 995, , 
196462, , , 14.350000000000001, 0, 0, 0, 0, 2, 12, 392944, , 
199427, , , 836.5000000000001, 0, 0, 0, 0, 1, 9, 208602, , 
20260, , , 434.2999999999999, 0, 0, 0, 0, 18, 15, 12, , 
202873, , , 96.8, 0, 0, 0, 0, 1, 3, 341164, , 
208602, , , 403.35, 0, 0, 0, 0, 7, 1, 351626, , 
210003, 1241802605573, 1241803078201, 0, 287, 1, 268, 0, 0, 0, 39030, 1, 
210210, , , 34.15, 0, 0, 0, 0, 4, 4, 381607, , 
21067, 1241799735203, 1241800994808, 0, 1152, 4, 341, 0, 2, 45, 302907, 8, 4
211527, 1241799140160, 1241800613630, 0, 0, 0, 0, 0, 1, 0, 197740, 3, 
211601, , , 5.5, 0, 0, 0, 0, 1, 9, 7078, , 
211715, , , 6.75, 0, 0, 0, 0, 2, 3, 299646, , 
217283, , , 36.7, 0, 0, 0, 0, 64, 3, 57393, , 
223864, , , 164.39999999999998, 0, 0, 0, 0, 7, 36, 160138, , 
249619, 1241805053317, , 0, 104, 1, 89, 0, 0, 0, 298666, 1, 0
259344, , , 425.6, 0, 0, 0, 0, 23, 22, 143538, , 
269092, 1241800127350, 1241803858240, 0, 683, 5, 122.8, 0, 1, 2, 170316, 4, 1
271936, 1241800647935, 1241801781915, 0, 587, 1, 185, 0, 3, 0, 887964, 4, 
2779, 1241800102276, 1241800756797, 0, 387, 3, 129, 0, 0, 0, 0, 1, 
2796, , , 169.60000000000002, 0, 0, 0, 0, 5, 0, 259344, , 
282780, 1241799387786, 1241799804366, 0, 95, 1, 95, 0, 0, 0, 0, 1, 
283855, , , 57.60000000000001, 0, 0, 0, 0, 1, 2, 98128, , 
2843, 1241799845032, 1241800603528, 0, 2379, 5, 475.8, 5212, 8, 33, 3383, 13, 11
285205, , , 9.5, 0, 0, 0, 0, 6, 0, 154004, , 
285870, 1241803960446, 1241804423267, 0, 5606, 5, 979.6, 0, 0, 0, 0, 3, 
294591, 1241799932587, 1241799951340, 0, 0, 0, 0, 0, 0, 0, 0, 1, 
298666, , , 10.4, 0, 0, 0, 0, 8, 0, 259344, , 
302907, , , 115.20000000000002, 0, 0, 0, 0, 2, 2, 283855, , 
307471, 1241802007614, , 55.800000000000004, 2322, 8, 478.75, 0, 7, 19, 12, 10, 4
311783, 1241803806267, , 60.7, 2418, 11, 291.54545454545456, 0, 13, 3, 11460, 10, 7
3200, 1241800624908, 1241800673761, 175, 769, 3, 369.3333333333333, 71724, 36, 21, 223864, 13, 2
33541, , , 29.950000000000003, 0, 0, 0, 0, 1, 2, 12, , 
3383, 1241799398775, 1241801549120, 237.9, 8931, 13, 585.0769230769232, 8842, 6, 10, 12791, 15, 2
351598, , , 756, 0, 0, 0, 0, 1, 32, 359624, , 
35568, , , 18.900000000000002, 0, 0, 0, 0, 3, 30, 258951, , 
359624, , , 378, 0, 0, 0, 0, 4, 1, 201132, , 
383387, , , 775.3499999999999, 0, 0, 0, 0, 7, 57, 0, , 
39030, , , 28.700000000000003, 0, 0, 0, 0, 12, 0, 196462, , 
397835, , , 125.6, 0, 0, 0, 0, 5, 35, 47379, , 
41022, , , 120.90000000000002, 0, 0, 0, 0, 2, 1, 412796, , 
4139, 1241803732165, 1241804622613, 100.44999999999999, 13185, 20, 746.3, 44987, 25, 23, 713, 19, 3
4141, 1241802492995, 1241804758140, 0, 1696, 8, 232, 0, 0, 0, 2796, 3, 
43402, , , 69.30000000000001, 0, 0, 0, 0, 12, 1, 123961, , 
438480, 1241801956210, 1241802022927, 0, 0, 0, 0, 0, 0, 0, 0, 1, 
43915, 1241802355610, 1241802361112, 0, 0, 0, 0, 0, 0, 0, 61984, 2, 0
447249, 1241803767569, , 59.60000000000001, 8067, 12, 741.6666666666666, 10642, 9, 5, 199427, 15, 2
505544, , , 13.5, 0, 0, 0, 0, 3, 0, 211715, , 
510740, , , 48.2, 0, 0, 0, 0, 70, 3, 534632, , 
522658, , , 22.6, 0, 0, 0, 0, 6, 4, 10642, , 
52818, 1241802568566, 1241803233081, 0, 0, 0, 0, 1118266, 4, 1, 367452, 4, 0
533, 1241804135510, 1241804726475, 0, 2301, 4, 575.25, 535, 10, 11, 20260, 14, 2
534632, , , 24.1, 0, 0, 0, 0, 7, 70, 445660, , 
541655, , , 187.85000000000002, 0, 0, 0, 0, 1, 22, 126451, , 
54776, 1241801605561, , 194.8, 4084, 12, 451.5833333333333, 1062, 80, 33, 89757, 16, 3
55009, 1241805271272, , 0, 0, 0, 0, 0, 1, 3, 309096, 4, 0
559, 1241805230405, 1241805420869, 0, 226, 1, 183, 0, 4, 0, 522658, 4, 
561864, , , 36.7, 0, 0, 0, 0, 1, 0, 1892, , 
57393, , , 18.35, 0, 0, 0, 0, 6, 68, 159420, , 
57825, 1241802417062, 1241802450303, 0, 0, 0, 0, 0, 0, 0, 8938, 1, 
613661, 1241800805911, 1241803202364, 0, 367, 2, 222, 0, 0, 0, 561864, 3, 0
624632, 1241800226072, 1241800661481, 0, 135, 1, 129, 0, 0, 0, 505544, 2, 
632287, 1241804539701, 1241804872318, 0, 95, 1, 89, 0, 0, 0, 285205, 1, 
63415, 1241800910571, 1241803246221, 0, 3757, 10, 379.8, 0, 11, 1, 8938, 6, 3
642041, 1241801759109, , 154.4, 2009, 10, 139.1, 0, 3, 3, 16825, 4, 1
643236, 1241800511990, 1241800793036, 0, 110, 1, 92, 0, 0, 0, 132921, 2, 
70997, , , 269.7, 0, 0, 0, 0, 35, 10, 397835, , 
713, , , 1586.6500000000003, 0, 0, 0, 0, 11, 54, 12, , 
782580, 1241800803636, 1241801551095, 0, 367, 2, 144.5, 0, 0, 0, 217283, 2, 
80094, 1241800678577, 1241803853532, 37, 2512, 8, 331.875, 65812, 10, 1, 70997, 6, 4
887964, , , 58.7, 0, 0, 0, 0, 2, 3, 919861, , 
8938, 1241802602050, 1241802954041, 375.70000000000005, 0, 0, 0, 0, 22, 13, 541655, 6, 3
89757, , , 505.8, 0, 0, 0, 0, 3, 80, 20260, , 
90041, , , 67.10000000000001, 0, 0, 0, 0, 1, 10, 258951, , 
913234, 1241800694237, 1241800824484, 0, 0, 0, 0, 0, 0, 0, 0, 1, 
919861, , , 29.35, 0, 0, 0, 0, 1, 2, 171151, , 
92600, 1241804828252, , 0, 693, 3, 180.66666666666666, 0, 1, 0, 43402, 3, 0
968, 1241801818938, 1241802616524, 0, 599, 2, 166.5, 0, 5, 3, 1704, 11, 2
<<<<EndTable

PlayersOnlineNow=13
PlayersOnlineEachMinute=0, 2, 4, 3, 5, 5, 5, 4, 4, 4, 5, 6, 6, 6, 7, 8, 7, 8, 8, 10, 10, 11, 11, 13, 12, 15, 15, 15, 15, 16, 14, 16, 18, 19, 20, 20, 20, 18, 18, 16, 16, 19, 17, 19, 19, 20, 18, 17, 19, 20, 20, 18, 20, 20, 20, 19, 18, 20, 18, 17, 18, 19, 17, 18, 19, 18, 19, 17, 18, 18, 17, 16, 19, 19, 19, 20, 18, 18, 18, 18, 20, 22, 21, 17, 17, 17, 15, 15, 15, 16, 17, 17, 20, 19, 17, 15, 17, 16, 17, 17, 18, 18, 17, 15, 14, 15, 14, 14, 12, 11, 12, 13, 12, 13, 12, 13, 14, 15, 14, 14
PlayersInEachFeedingGame=1, 2, 1, 1, 1, 1, 1, 2, 1, 1, 2, 2, 2, 1, 2, 1, 1, 1, 1, 2, 2, 2, 1, 2, 2, 1, 2, 2, 4, 1, 2, 2, 2, 2, 1, 2, 2, 2, 2, 2, 2, 1, 2, 2, 2, 1, 1, 1, 2, 2, 1, 2, 2, 1, 2, 2, 2, 2, 1, 2, 2, 2, 2, 1, 2, 2, 1, 1, 2, 1, 2, 2, 2, 2, 2, 2, 2, 2, 2, 3, 3, 2, 1, 2, 2, 2, 2, 2, 2, 1, 2, 2, 1, 2, 2, 2, 2, 2, 1, 2, 1, 2, 2, 1, 2, 2, 2, 1, 1, 1, 2, 2, 2, 2, 2
PlayersStarted=130
PlayersQuit=117
StatsStartTime=1241798276021
StatsDumpTime=1241805476359
<<<<EndStats
2009-05-08 10:59:03,853 ERROR: vampire.server.feeding.FeedingRecord sendPlayerStartGameMsg [playerId=92600, prey=true, _predatorIndex=]
2009-05-08 10:59:03,854 ERROR: vampire.server.feeding.FeedingRecord sendPlayerStartGameMsg [playerId=1346597, prey=false, _predatorIndex=]
2009-05-08 10:59:51,962 ERROR: vampire.server.feeding.FeedingRecord sendPlayerStartGameMsg [playerId=63415, prey=false, _predatorIndex=]
2009-05-08 11:00:04,505 ERROR: vampire.server.feeding.FeedingRecord sendPlayerStartGameMsg [playerId=1346522, prey=true, _predatorIndex=]
2009-05-08 11:00:04,506 ERROR: vampire.server.feeding.FeedingRecord sendPlayerStartGameMsg [playerId=1119385, prey=false, _predatorIndex=]
2009-05-08 11:00:19,666 ERROR: vampire.server.feeding.FeedingRecord sendPlayerStartGameMsg [playerId=1346522, prey=true, _predatorIndex=]
2009-05-08 11:00:19,666 ERROR: vampire.server.feeding.FeedingRecord sendPlayerStartGameMsg [playerId=1119385, prey=false, _predatorIndex=]
2009-05-08 11:01:03,799 ERROR: vampire.server.feeding.FeedingRecord sendPlayerStartGameMsg [playerId=54776, prey=true, _predatorIndex=]
2009-05-08 11:01:03,799 ERROR: vampire.server.feeding.FeedingRecord sendPlayerStartGameMsg [playerId=249619, prey=false, _predatorIndex=]
2009-05-08 11:02:57,340 ERROR: vampire.server.feeding.FeedingRecord sendPlayerStartGameMsg [playerId=92600, prey=true, _predatorIndex=]
2009-05-08 11:02:57,340 ERROR: vampire.server.feeding.FeedingRecord sendPlayerStartGameMsg [playerId=1346597, prey=false, _predatorIndex=]
2009-05-08 11:03:33,309 ERROR: vampire.server.feeding.FeedingRecord sendPlayerStartGameMsg [playerId=249619, prey=true, _predatorIndex=]
2009-05-08 11:03:33,310 ERROR: vampire.server.feeding.FeedingRecord sendPlayerStartGameMsg [playerId=55009, prey=false, _predatorIndex=]
2009-05-08 11:04:04,507 ERROR: vampire.server.feeding.FeedingRecord sendPlayerStartGameMsg [playerId=1119385, prey=false, _predatorIndex=63415]
2009-05-08 11:05:14,251 ERROR: vampire.server.feeding.FeedingRecord sendPlayerStartGameMsg [playerId=1346857, prey=true, _predatorIndex=]
2009-05-08 11:05:14,252 ERROR: vampire.server.feeding.FeedingRecord sendPlayerStartGameMsg [playerId=54776, prey=false, _predatorIndex=]
2009-05-08 11:06:30,763 ERROR: vampire.server.feeding.FeedingRecord sendPlayerStartGameMsg [playerId=307471, prey=true, _predatorIndex=]
2009-05-08 11:06:30,763 ERROR: vampire.server.feeding.FeedingRecord sendPlayerStartGameMsg [playerId=249619, prey=false, _predatorIndex=]

>>>>BeginStats

>>>>BeginTable
PlayerId, StartTime, EndTime, ProgenyPayout, XPFromFeeding, FeedingGames, MeanFeedingScore, BloodBond, Progeny, GrandProgeny, Sire, Level, Invites
1007244, 1241802695609, 1241802718645, 0, 0, 0, 0, 0, 0, 0, 0, 1, 
1023595, 1241798826063, 1241799480374, 0, 378, 4, 94.5, 0, 0, 0, 1092321, 2, 
10260, , , 26.900000000000002, 0, 0, 0, 0, 10, 0, 713, , 
106239, 1241798375384, 1241798423045, 0, 0, 0, 0, 0, 0, 0, 5842, 4, 2
1062853, , , 65.95, 0, 0, 0, 0, 9, 1, 1124214, , 
10634, 1241801495302, 1241801741313, 0, 1885, 7, 198, 11600, 2, 0, 713, 5, 2
10642, 1241800405139, 1241801750004, 11.3, 7560, 9, 763.1111111111111, 447249, 32, 46, 351598, 16, 2
1085269, 1241804547820, 1241804573791, 0, 0, 0, 0, 0, 0, 0, 0, 1, 
1089041, 1241799831666, 1241801957973, 0, 269, 3, 86, 0, 0, 0, 10260, 3, 
1092321, , , 37.800000000000004, 0, 0, 0, 0, 30, 0, 35568, , 
1119385, 1241803017071, , 11.8, 2059, 12, 130.50000000000003, 0, 1, 0, 3200, 3, 0
113162, 1241802737141, 1241805302116, 0, 1342, 8, 106.625, 0, 0, 0, 154004, 2, 
1133427, 1241800167168, 1241800459034, 0, 109, 1, 95, 0, 0, 0, 0, 1, 
1138221, 1241801103779, 1241801423206, 0, 0, 0, 0, 1283799, 0, 0, 269484, 4, 
11460, , , 272.15000000000003, 0, 0, 0, 0, 1, 13, 41022, , 
118975, 1241801485293, 1241801638131, 0, 0, 0, 0, 0, 1, 1, 160138, 12, 2
12, , , 2926.7999999999997, 0, 0, 0, 0, 20, 68, 383387, , 
1207080, 1241803233695, 1241803686120, 0, 135, 1, 115, 0, 0, 0, 0, 1, 
1207373, 1241800295157, 1241800517322, 0, 135, 1, 140, 0, 0, 0, 0, 1, 
1209405, 1241799743477, 1241800043348, 0, 179, 1, 103, 0, 0, 0, 3200, 1, 
123961, , , 91.95000000000002, 0, 0, 0, 0, 1, 12, 713, , 
1239706, 1241799761605, 1241800488359, 0, 652, 3, 129.33333333333334, 0, 0, 0, 447249, 2, 
124119, 1241803111325, 1241803254590, 0, 0, 0, 0, 0, 0, 0, 1127083, 3, 
1241857, 1241801195939, 1241803240458, 68.10000000000001, 3356, 12, 395, 261567, 4, 3, 259344, 8, 1
1267242, 1241802564250, 1241804699387, 0, 1544, 10, 107.2, 0, 0, 0, 642041, 2, 
1271614, 1241803144094, 1241803155079, 0, 0, 0, 0, 0, 0, 0, 0, 1, 
1274154, 1241802564075, 1241802634696, 0, 0, 0, 0, 0, 0, 0, 642041, 1, 
12791, , , 1012.05, 0, 0, 0, 0, 15, 6, 12, , 
1279761, 1241803990303, 1241804684579, 0, 622, 4, 115.5, 0, 0, 0, 171513, 3, 
1285504, , , 136.20000000000002, 0, 0, 0, 0, 3, 0, 1241857, , 
1288202, 1241802222155, 1241802235504, 0, 0, 0, 0, 0, 0, 0, 1285504, 1, 
1288210, 1241805639212, 1241806018121, 0, 0, 0, 0, 0, 0, 0, 0, 1, 
1311203, 1241799610036, 1241799864733, 0, 0, 0, 0, 0, 0, 0, 1284093, 1, 
1320175, 1241803743029, 1241803811104, 0, 0, 0, 0, 0, 0, 0, 0, 1, 
1323699, 1241803975030, 1241805063269, 0, 558, 3, 101.66666666666667, 0, 0, 0, 307471, 1, 
132921, , , 11, 0, 0, 0, 0, 9, 0, 211601, , 
1331190, 1241804645508, 1241805596154, 0, 868, 5, 188.4, 0, 0, 0, 1119385, 1, 
133697, 1241799755620, 1241800978156, 0, 482, 4, 148, 0, 2, 0, 510740, 3, 0
1343542, 1241801527762, 1241802666799, 0, 551, 3, 115.66666666666667, 0, 0, 0, 447249, 1, 
1344192, 1241801222221, 1241801456718, 0, 0, 0, 0, 0, 0, 0, 0, 1, 
1345092, 1241803768394, 1241804468184, 0, 747, 3, 177.33333333333334, 0, 0, 0, 311783, 1, 
1345251, 1241801177776, 1241801220603, 0, 0, 0, 0, 0, 0, 0, 0, 1, 
1345315, 1241800209393, 1241800223393, 0, 0, 0, 0, 0, 0, 0, 0, 1, 
1346063, 1241803621434, 1241803958153, 0, 2620, 11, 139.8181818181818, 0, 0, 0, 54776, 2, 
1346176, 1241805572560, 1241805618954, 0, 0, 0, 0, 0, 0, 0, 0, 1, 
1346468, 1241802061409, 1241802097550, 0, 0, 0, 0, 0, 0, 0, 1285504, 1, 
1346522, 1241804864470, 1241805764264, 0, 426, 4, 108.75, 0, 0, 0, 0, 1, 
1346597, 1241805163679, , 0, 1362, 5, 153, 0, 0, 0, 1285504, 2, 0
1346857, 1241805610231, , 0, 361, 1, 158, 0, 0, 0, 0, 1, 0
1347608, 1241804222283, 1241804385030, 0, 0, 0, 0, 0, 0, 0, 0, 1, 
141194, 1241802308023, 1241802830837, 0, 370, 2, 117.5, 0, 0, 0, 80094, 1, 
142301, 1241803616438, 1241803864755, 0, 0, 0, 0, 0, 0, 0, 241925, 1, 
143538, , , 167.8, 0, 0, 0, 0, 2, 25, 1531, , 
145497, , , 131.9, 0, 0, 0, 0, 1, 2, 1062853, , 
1531, 1241801394101, , 0, 13185, 20, 637.75, 503, 6, 14, 12, 15, 3
154004, , , 138.95000000000002, 0, 0, 0, 0, 10, 6, 90041, , 
155004, 1241798278109, 1241799288147, 0, 1319, 6, 219.83333333333334, 0, 2, 0, 145497, 3, 
156489, 1241801899471, 1241802343210, 0, 662, 2, 435, 154238, 16, 23, 713, 9, 1
160138, , , 38.45, 0, 0, 0, 0, 7, 8, 150469, , 
16825, , , 278.1, 0, 0, 0, 0, 14, 9, 4139, , 
170191, , , 224.7, 0, 0, 0, 0, 3, 10, 202873, , 
170316, , , 68.3, 0, 0, 0, 0, 4, 1, 210210, , 
1704, , , 59.900000000000006, 0, 0, 0, 0, 2, 5, 33541, , 
171513, 1241803677491, 1241803965367, 62.199999999999996, 1936, 5, 346.2, 0, 10, 7, 170191, 12, 2
181164, 1241803188461, 1241803195872, 0, 0, 0, 0, 0, 0, 0, 0, 1, 
183913, 1241799708971, 1241799766564, 0, 0, 0, 0, 0, 0, 0, 447249, 2, 
188678, 1241803985971, 1241804439521, 0, 5606, 5, 1262.6, 0, 0, 0, 0, 3, 
1892, , , 18.35, 0, 0, 0, 0, 20, 1, 995, , 
192120, , , 7.300000000000001, 0, 0, 0, 0, 2, 7, 209500, , 
196462, , , 14.350000000000001, 0, 0, 0, 0, 2, 12, 392944, , 
199427, , , 836.5000000000001, 0, 0, 0, 0, 1, 9, 208602, , 
20260, , , 460.44999999999993, 0, 0, 0, 0, 18, 15, 12, , 
202873, , , 96.8, 0, 0, 0, 0, 1, 3, 341164, , 
208602, , , 403.35, 0, 0, 0, 0, 7, 1, 351626, , 
210003, 1241802605573, 1241803078201, 0, 287, 1, 268, 0, 0, 0, 39030, 1, 
210210, , , 34.15, 0, 0, 0, 0, 4, 4, 381607, , 
21067, 1241799735203, 1241800994808, 0, 1152, 4, 341, 0, 2, 45, 302907, 8, 4
211527, 1241799140160, 1241800613630, 0, 0, 0, 0, 0, 1, 0, 197740, 3, 
211601, , , 5.5, 0, 0, 0, 0, 1, 9, 7078, , 
211715, , , 6.75, 0, 0, 0, 0, 2, 3, 299646, , 
217283, , , 36.7, 0, 0, 0, 0, 64, 3, 57393, , 
223864, , , 188.79999999999998, 0, 0, 0, 0, 7, 36, 160138, , 
249619, 1241805053317, , 0, 412, 3, 98.33333333333333, 0, 0, 0, 298666, 1, 0
259344, , , 441.00000000000006, 0, 0, 0, 0, 23, 22, 143538, , 
269092, 1241800127350, 1241803858240, 0, 683, 5, 122.8, 0, 1, 2, 170316, 4, 1
271936, 1241800647935, 1241801781915, 0, 587, 1, 185, 0, 3, 0, 887964, 4, 
2779, 1241800102276, 1241800756797, 0, 387, 3, 129, 0, 0, 0, 0, 1, 
2796, , , 169.60000000000002, 0, 0, 0, 0, 5, 0, 259344, , 
282780, 1241799387786, 1241799804366, 0, 95, 1, 95, 0, 0, 0, 0, 1, 
283855, , , 57.60000000000001, 0, 0, 0, 0, 1, 2, 98128, , 
2843, 1241799845032, 1241800603528, 0, 2379, 5, 475.8, 5212, 8, 33, 3383, 13, 11
285205, , , 9.5, 0, 0, 0, 0, 6, 0, 154004, , 
285870, 1241803960446, 1241804423267, 0, 5606, 5, 979.6, 0, 0, 0, 0, 3, 
294591, 1241799932587, 1241799951340, 0, 0, 0, 0, 0, 0, 0, 0, 1, 
298666, , , 41.2, 0, 0, 0, 0, 8, 0, 259344, , 
302907, , , 115.20000000000002, 0, 0, 0, 0, 2, 2, 283855, , 
307471, 1241802007614, , 55.800000000000004, 2322, 8, 478.75, 0, 7, 19, 12, 10, 4
309096, , , 14.600000000000001, 0, 0, 0, 0, 7, 1, 192120, , 
311783, 1241803806267, 1241805941126, 60.7, 2418, 11, 291.54545454545456, 0, 13, 3, 11460, 10, 7
3200, 1241800624908, 1241800673761, 229.70000000000005, 769, 3, 369.3333333333333, 71724, 36, 22, 223864, 13, 2
33541, , , 29.950000000000003, 0, 0, 0, 0, 1, 2, 12, , 
3383, 1241799398775, 1241801549120, 237.9, 8931, 13, 585.0769230769232, 8842, 6, 10, 12791, 15, 2
351598, , , 756, 0, 0, 0, 0, 1, 32, 359624, , 
35568, , , 18.900000000000002, 0, 0, 0, 0, 3, 30, 258951, , 
359624, , , 378, 0, 0, 0, 0, 4, 1, 201132, , 
383387, , , 775.3499999999999, 0, 0, 0, 0, 7, 57, 0, , 
39030, , , 28.700000000000003, 0, 0, 0, 0, 12, 0, 196462, , 
397835, , , 125.6, 0, 0, 0, 0, 5, 35, 47379, , 
41022, , , 120.90000000000002, 0, 0, 0, 0, 2, 1, 412796, , 
4139, 1241805966670, , 100.44999999999999, 13185, 20, 746.3, 44987, 25, 23, 713, 19, 3
4141, 1241802492995, 1241804758140, 0, 1696, 8, 232, 0, 0, 0, 2796, 3, 
43402, , , 183.90000000000003, 0, 0, 0, 0, 12, 1, 123961, , 
438480, 1241801956210, 1241802022927, 0, 0, 0, 0, 0, 0, 0, 0, 1, 
43915, 1241802355610, 1241802361112, 0, 0, 0, 0, 0, 0, 0, 61984, 2, 0
447249, 1241803767569, 1241805556719, 59.60000000000001, 8067, 12, 741.6666666666666, 10642, 9, 5, 199427, 15, 2
505544, , , 13.5, 0, 0, 0, 0, 3, 0, 211715, , 
510740, , , 48.2, 0, 0, 0, 0, 70, 3, 534632, , 
522658, , , 22.6, 0, 0, 0, 0, 6, 4, 10642, , 
52818, 1241802568566, 1241803233081, 0, 0, 0, 0, 1118266, 4, 1, 367452, 4, 0
533, 1241805954298, , 0, 2301, 4, 575.25, 535, 10, 11, 20260, 14, 2
534632, , , 24.1, 0, 0, 0, 0, 7, 70, 445660, , 
541655, , , 228.85, 0, 0, 0, 0, 1, 22, 126451, , 
54776, 1241801605561, , 194.8, 4607, 14, 444, 1062, 80, 33, 89757, 16, 3
55009, 1241805271272, , 0, 146, 1, 175, 0, 1, 3, 309096, 4, 0
559, 1241805230405, 1241805420869, 0, 226, 1, 183, 0, 4, 0, 522658, 4, 
561864, , , 36.7, 0, 0, 0, 0, 1, 0, 1892, , 
57393, , , 18.35, 0, 0, 0, 0, 6, 68, 159420, , 
57825, 1241802417062, 1241802450303, 0, 0, 0, 0, 0, 0, 0, 8938, 1, 
613661, 1241800805911, 1241803202364, 0, 367, 2, 222, 0, 0, 0, 561864, 3, 0
624616, 1241805941753, 1241805943871, 0, 0, 0, 0, 0, 1, 0, 104252, 2, 
624632, 1241800226072, 1241800661481, 0, 135, 1, 129, 0, 0, 0, 505544, 2, 
632287, 1241804539701, 1241804872318, 0, 95, 1, 89, 0, 0, 0, 285205, 1, 
63415, 1241805572175, , 0, 4577, 13, 362.46153846153845, 0, 11, 1, 8938, 6, 3
642041, 1241801759109, , 154.4, 2009, 10, 139.1, 0, 3, 3, 16825, 4, 1
643236, 1241800511990, 1241800793036, 0, 110, 1, 92, 0, 0, 0, 132921, 2, 
70997, , , 269.7, 0, 0, 0, 0, 35, 10, 397835, , 
713, , , 1586.6500000000003, 0, 0, 0, 0, 11, 54, 12, , 
782580, 1241800803636, 1241801551095, 0, 367, 2, 144.5, 0, 0, 0, 217283, 2, 
80094, 1241800678577, 1241803853532, 37, 2512, 8, 331.875, 65812, 10, 1, 70997, 6, 4
887964, , , 58.7, 0, 0, 0, 0, 2, 3, 919861, , 
8938, 1241802602050, 1241802954041, 457.7, 0, 0, 0, 0, 22, 13, 541655, 6, 3
89757, , , 558.1, 0, 0, 0, 0, 3, 80, 20260, , 
90041, , , 67.10000000000001, 0, 0, 0, 0, 1, 10, 258951, , 
913234, 1241800694237, 1241800824484, 0, 0, 0, 0, 0, 0, 0, 0, 1, 
919861, , , 29.35, 0, 0, 0, 0, 1, 2, 171151, , 
92600, 1241804828252, , 0, 1839, 7, 325, 0, 1, 0, 43402, 3, 0
968, 1241801818938, 1241802616524, 0, 599, 2, 166.5, 0, 5, 3, 1704, 11, 2
<<<<EndTable

PlayersOnlineNow=13
PlayersOnlineEachMinute=0, 2, 4, 3, 5, 5, 5, 4, 4, 4, 5, 6, 6, 6, 7, 8, 7, 8, 8, 10, 10, 11, 11, 13, 12, 15, 15, 15, 15, 16, 14, 16, 18, 19, 20, 20, 20, 18, 18, 16, 16, 19, 17, 19, 19, 20, 18, 17, 19, 20, 20, 18, 20, 20, 20, 19, 18, 20, 18, 17, 18, 19, 17, 18, 19, 18, 19, 17, 18, 18, 17, 16, 19, 19, 19, 20, 18, 18, 18, 18, 20, 22, 21, 17, 17, 17, 15, 15, 15, 16, 17, 17, 20, 19, 17, 15, 17, 16, 17, 17, 18, 18, 17, 15, 14, 15, 14, 14, 12, 11, 12, 13, 12, 13, 12, 13, 14, 15, 14, 14, 13, 13, 13, 14, 14, 13, 13, 13, 13, 14
PlayersInEachFeedingGame=1, 2, 1, 1, 1, 1, 1, 2, 1, 1, 2, 2, 2, 1, 2, 1, 1, 1, 1, 2, 2, 2, 1, 2, 2, 1, 2, 2, 4, 1, 2, 2, 2, 2, 1, 2, 2, 2, 2, 2, 2, 1, 2, 2, 2, 1, 1, 1, 2, 2, 1, 2, 2, 1, 2, 2, 2, 2, 1, 2, 2, 2, 2, 1, 2, 2, 1, 1, 2, 1, 2, 2, 2, 2, 2, 2, 2, 2, 2, 3, 3, 2, 1, 2, 2, 2, 2, 2, 2, 1, 2, 2, 1, 2, 2, 2, 2, 2, 1, 2, 1, 2, 2, 1, 2, 2, 2, 1, 1, 1, 2, 2, 2, 2, 2, 2, 1, 2, 2, 2, 2, 2, 2
PlayersStarted=137
PlayersQuit=124
StatsStartTime=1241798276021
StatsDumpTime=1241806076415
<<<<EndStats
2009-05-08 11:08:42,642 ERROR: vampire.server.feeding.FeedingRecord sendPlayerStartGameMsg [playerId=54776, prey=true, _predatorIndex=]
2009-05-08 11:08:42,643 ERROR: vampire.server.feeding.FeedingRecord sendPlayerStartGameMsg [playerId=1119385, prey=false, _predatorIndex=]
2009-05-08 11:08:50,204 ERROR: vampire.server.feeding.FeedingRecord sendPlayerStartGameMsg [playerId=55009, prey=true, _predatorIndex=]
2009-05-08 11:08:50,205 ERROR: vampire.server.feeding.FeedingRecord sendPlayerStartGameMsg [playerId=63415, prey=false, _predatorIndex=]
2009-05-08 11:10:41,030 ERROR: vampire.server.feeding.FeedingRecord sendPlayerStartGameMsg [playerId=1346597, prey=true, _predatorIndex=]

