
>>>>BeginStats

>>>>BeginTable
PlayerId, StartTime, EndTime, ProgenyPayout, XPFromFeeding, FeedingGames, MeanFeedingScore, BloodBond, Progeny, GrandProgeny, Sire, Level, Invites
101128,1240780286540,1240780579640,0,482,3,110.66666666666667,0,0,0,271936,1,null
103033,1240779687339,0,0,294,1,181,767143,5,3,81899,4,0
10642,1240777049791,1240778004344,134.3,1119,3,494,447249,24,30,351598,13,2
106870,1240775767746,1240777745746,0,686,5,149.2,0,0,0,87198,3,null
109372,1240781065233,1240781490122,0,220,1,146,0,0,0,71724,1,null
111249,1240779061156,1240779157617,0,0,0,0,0,2,9,188370,8,3
113237,1240779530606,1240779551284,154.8,569,2,284.5,0,6,0,10642,4,null
114336,1240780166063,1240780623549,0,0,0,0,0,0,0,0,1,null
11460,undefined,0,19.3,0,0,0,0,1,6,41022,undefined,undefined
115195,1240777649882,1240778261630,0,800,7,72.28571428571429,0,0,0,218716,1,0
118794,1240778496923,1240778749354,0,0,0,0,0,0,0,172329,2,0
12,undefined,0,3844.899999999998,0,0,0,0,19,85,383387,undefined,undefined
120076,1240777546727,1240777968529,0,1990,6,273.1666666666667,0,9,2,34987,5,1
122907,undefined,0,335.5,0,0,0,0,6,9,251062,undefined,undefined
123961,1240776759176,1240779057524,0,5447,13,532.3076923076923,878,5,18,713,13,2
124516,1240777791526,1240778119026,0,0,0,0,0,0,0,159201,4,0
1265,1240776460074,0,0,11874,21,699.5714285714286,713,9,17,12,15,3
126987,1240777658026,1240777669888,0,0,0,0,0,0,0,41022,2,0
127666,undefined,0,46.55,0,0,0,0,3,1,294313,undefined,undefined
12791,undefined,0,1028.5,0,0,0,0,9,5,12,undefined,undefined
128639,undefined,0,45.400000000000006,0,0,0,0,1,1,20731,undefined,undefined
129222,1240778058817,1240778074416,0,0,0,0,0,0,0,261567,1,0
131355,1240775641638,1240776016828,0,0,0,0,0,1,2,461901,4,0
132646,undefined,0,27.3,0,0,0,0,8,1,202501,undefined,undefined
132921,undefined,0,41.7,0,0,0,0,6,2,211601,undefined,undefined
133482,undefined,0,185,0,0,0,0,5,2,180951,undefined,undefined
135238,1240780032899,1240780049232,0,0,0,0,0,0,0,0,1,0
135504,1240775888113,1240775952915,4.7,0,0,0,139439,2,1,75123,4,0
139625,1240775654137,1240779321181,0,4921,26,190.3846153846154,0,0,0,415376,4,0
140573,1240777605896,1240778402450,0,0,0,0,0,0,0,178528,3,0
140986,1240777450388,1240778775349,10.700000000000001,346,3,114,0,4,0,187381,3,null
141461,1240777860938,0,0,3010,10,384.8,0,2,0,468188,5,1
142178,undefined,0,198.00000000000003,0,0,0,0,2,14,73621,undefined,undefined
143023,1240776913432,1240777154252,0,199,1,75,0,0,0,510740,1,null
143309,1240778429281,1240778439862,0,0,0,0,0,0,0,1265,3,0
143501,1240779793521,1240780154774,0,0,0,0,0,3,8,326885,8,2
144124,1240775633370,1240775964084,0,368,2,122,0,0,0,304536,2,0
145609,1240779820238,0,0,311,1,311,369307,5,4,92300,4,0
148695,1240779331574,1240780708615,0,674,3,220,306511,8,6,161896,9,4
151709,1240776331132,1240778470799,0,0,0,0,475837,2,1,510740,3,null
1531,undefined,0,96.60000000000001,0,0,0,0,3,11,12,undefined,undefined
154004,1240778966052,1240778987226,0,0,0,0,561706,6,0,90041,4,0
156489,undefined,0,36.800000000000004,0,0,0,0,12,19,713,undefined,undefined
159194,1240777615558,1240778592700,0,0,0,0,0,0,0,178269,4,3
159888,1240775657231,1240775699134,0,0,0,0,0,0,0,300612,1,null
16040,undefined,0,99.4,0,0,0,0,7,10,3,undefined,undefined
163435,1240775864731,1240775927766,0,0,0,0,0,0,0,0,1,null
164290,undefined,0,9.4,0,0,0,0,1,0,135504,undefined,undefined
166074,1240775615233,1240778167051,0,686,3,245,301294,4,0,308219,5,2
167609,1240776059194,1240777272024,0,454,3,122,0,1,0,128639,2,null
168234,undefined,0,21.700000000000003,0,0,0,0,6,1,100080,undefined,undefined
16825,1240780773128,0,27.1,554,2,195,0,14,6,4139,5,1
170191,1240780982388,0,89.20000000000002,0,0,0,403403,2,6,202873,9,1
171151,1240776152232,1240777032558,27.95,0,0,0,77,30,17,21067,13,3
171513,1240776588199,1240776612628,6.300000000000001,892,3,306,0,6,6,170191,10,2
172214,1240776499935,1240776589282,0,0,0,0,0,1,0,133482,1,1
172743,1240777260415,1240777387008,0,0,0,0,0,0,0,148695,4,0
173395,undefined,0,19.650000000000002,0,0,0,0,5,5,130244,undefined,undefined
176491,1240778634473,1240778701591,0,0,0,0,0,2,0,54776,5,2
176511,undefined,0,246.04999999999998,0,0,0,0,2,1,154346,undefined,undefined
17790,1240776468793,1240777848085,0,4773,8,579.5,20260,11,10,20260,13,3
179326,undefined,0,40.800000000000004,0,0,0,0,2,2,185581,undefined,undefined
18026,undefined,0,48.6,0,0,0,0,2,3,67662,undefined,undefined
180951,undefined,0,92.5,0,0,0,0,1,5,153510,undefined,undefined
181264,undefined,0,343.8,0,0,0,0,2,0,3812,undefined,undefined
183759,1240778824981,1240779533005,0,160,1,126,0,0,0,0,1,0
185581,undefined,0,20.400000000000002,0,0,0,0,1,2,209656,undefined,undefined
185650,undefined,0,15.55,0,0,0,0,2,1,185697,undefined,undefined
187381,undefined,0,39.95,0,0,0,0,6,4,2843,undefined,undefined
188114,undefined,0,34.3,0,0,0,0,2,1,261567,undefined,undefined
188229,undefined,0,83.4,0,0,0,0,1,5,168234,undefined,undefined
1892,1240780073859,1240780680211,11,1382,6,274,455390,15,6,995,10,2
191354,1240775886237,1240776284803,0,434,2,142.5,0,0,0,261567,2,0
191984,1240781023694,0,4.4,1958,6,440.5,191950,14,4,142178,8,6
192472,1240775540239,1240775718473,0,0,0,0,0,0,0,163514,3,1
192883,1240777508429,1240777637163,0,0,0,0,0,8,2,210210,7,5
196543,1240780406117,1240780894748,225.50000000000003,1492,11,149.63636363636363,0,4,0,32314,3,1
196663,1240775749345,1240778463237,0,2193,14,146.64285714285714,0,0,0,60542,2,0
202328,undefined,0,58.95,0,0,0,0,5,4,173395,undefined,undefined
202501,undefined,0,13.65,0,0,0,0,5,12,1265,undefined,undefined
20260,1240776473412,1240777781419,661.35,5001,9,595.4444444444445,17790,15,35,12,16,13
202873,undefined,0,44.60000000000001,0,0,0,0,1,2,341164,undefined,undefined
20731,undefined,0,22.700000000000003,0,0,0,0,6,1,16040,undefined,undefined
208837,1240781017258,0,0,503,2,155,0,0,0,802319,2,0
20899,1240775878086,1240777956716,0,0,0,0,0,1,0,55922,2,0
209187,1240777233218,1240778189271,0,44,1,87,0,0,0,191984,1,null
210163,undefined,0,65.80000000000001,0,0,0,0,8,1,255725,undefined,undefined
211601,undefined,0,20.85,0,0,0,0,1,6,7078,undefined,undefined
217283,undefined,0,91.5,0,0,0,0,19,1,57393,undefined,undefined
218716,1240775863048,1240777962209,80,434,2,425,0,5,1,188229,8,5
220964,1240781163744,1240781476092,0,0,0,0,0,5,13,143501,4,1
223494,undefined,0,11,0,0,0,0,1,1,179687,undefined,undefined
228878,1240775874432,1240775906102,0,0,0,0,0,0,0,0,1,null
233517,1240781146469,0,0,0,0,0,0,2,4,212370,3,0
234191,1240776133144,1240776155954,0,0,0,0,0,0,0,121984,2,0
237231,undefined,0,394.79999999999995,0,0,0,0,2,25,20260,undefined,undefined
240065,1240775908784,1240776084951,0,0,0,0,0,0,0,167153,3,0
251062,undefined,0,167.75,0,0,0,0,6,8,296361,undefined,undefined
255725,undefined,0,32.900000000000006,0,0,0,0,1,8,309124,undefined,undefined
256746,undefined,0,85.8,0,0,0,0,5,28,61984,undefined,undefined
258951,1240776825425,1240777243168,0,0,0,0,555644,10,14,1265,11,8
2606,1240779020383,1240779095788,0,0,0,0,0,4,2,307471,5,1
261567,1240777942128,1240780460305,53.400000000000006,3681,10,347.8,0,25,5,237231,12,12
271936,1240775623213,1240777642786,37.5,372,3,107,0,1,0,887964,1,null
283305,undefined,0,158.8,0,0,0,0,1,0,497122,undefined,undefined
283723,1240780012414,1240780570739,0,0,0,0,0,0,0,188376,1,0
2843,undefined,0,17.3,0,0,0,0,7,18,3383,undefined,undefined
294313,undefined,0,9.450000000000001,0,0,0,0,3,3,39403,undefined,undefined
299874,1240776112500,1240776120634,0,0,0,0,0,0,0,69257,2,0
3,undefined,0,49.7,0,0,0,0,2,7,383387,undefined,undefined
300612,1240775542285,1240775629035,16.3,0,0,0,0,3,0,610359,3,0
304455,1240777622016,1240777629639,0,0,0,0,0,0,0,317371,4,0
304536,undefined,0,36.800000000000004,0,0,0,0,4,0,39171,undefined,undefined
306241,1240777653401,1240777658560,0,0,0,0,0,0,0,586681,1,null
308219,undefined,0,68.6,0,0,0,0,1,4,188114,undefined,undefined
308635,undefined,0,10.05,0,0,0,0,10,1,122194,undefined,undefined
311783,1240781145077,0,0,193,1,193,0,6,2,11460,8,3
317383,undefined,0,4.2,0,0,0,0,1,2,344937,undefined,undefined
322248,1240777056340,1240777167084,0,0,0,0,0,2,3,124493,4,0
32314,undefined,0,261.95000000000005,0,0,0,0,10,4,40508,undefined,undefined
329201,1240775998426,1240776434819,0,163,2,81.5,0,0,0,300612,1,null
329560,1240780589204,1240780819923,0,100,1,100,0,0,0,261567,2,null
3383,1240780038522,1240780439102,0,10285,19,415.57894736842104,968,4,9,12791,14,2
338667,1240781154755,0,0,0,0,0,0,0,0,173628,1,0
341832,1240779747890,1240780320036,0,553,2,265.5,0,0,0,356090,2,0
349835,undefined,0,8.450000000000001,0,0,0,0,4,1,140094,undefined,undefined
34987,undefined,0,199.00000000000003,0,0,0,0,2,10,8842,undefined,undefined
351430,undefined,0,150.50000000000003,0,0,0,0,1,15,336228,undefined,undefined
351598,undefined,0,140.35000000000002,0,0,0,0,1,24,359624,undefined,undefined
35169,1240777093132,1240777317250,0,0,0,0,0,0,0,0,1,null
356090,1240779902400,1240780368347,55.3,189,1,211,0,1,0,127666,2,2
359624,undefined,0,55.95,0,0,0,0,3,1,201132,undefined,undefined
367641,1240775702296,1240776054914,0,0,0,0,0,0,0,300612,1,null
371343,1240776320285,1240781502433,0,0,0,0,0,3,2,220964,5,2
3812,undefined,0,171.9,0,0,0,0,1,2,65584,undefined,undefined
383387,undefined,0,1056.35,0,0,0,0,4,47,0,undefined,undefined
387496,undefined,0,5.6000000000000005,0,0,0,0,1,0,82377,undefined,undefined
39171,undefined,0,18.400000000000002,0,0,0,0,8,4,102770,undefined,undefined
396113,undefined,0,198.35000000000002,0,0,0,0,2,4,44987,undefined,undefined
398860,undefined,0,16.900000000000002,0,0,0,0,1,0,349835,undefined,undefined
40508,undefined,0,74.60000000000001,0,0,0,0,4,10,23340,undefined,undefined
41022,undefined,0,9.65,0,0,0,0,2,1,412796,undefined,undefined
4139,1240778899559,0,68.95,7821,16,605.4375,16040,11,21,713,14,3
415376,undefined,0,492.09999999999997,0,0,0,0,1,0,176511,undefined,undefined
430717,undefined,0,207.25,0,0,0,0,28,3,256746,undefined,undefined
432820,1240780176051,0,0,3438,8,188,0,0,0,181264,4,0
445660,undefined,0,132,0,0,0,0,4,5,54812,undefined,undefined
44987,undefined,0,43.1,0,0,0,0,2,8,12770,undefined,undefined
456649,1240780486084,1240780749474,0,0,0,0,0,0,0,0,1,null
468188,undefined,0,301.00000000000006,0,0,0,0,15,2,351430,undefined,undefined
475837,undefined,0,71.30000000000001,0,0,0,0,1,0,430717,undefined,undefined
478872,1240777746915,1240777870192,0,0,0,0,0,0,0,157229,1,0
483143,1240775566933,1240775923947,0,126,1,126,0,0,0,797824,1,null
486760,1240777525596,1240777576542,0,84,1,84,0,0,0,57395,4,0
497122,undefined,0,79.4,0,0,0,0,1,1,82321,undefined,undefined
501908,1240781524554,0,31.3,2243,7,398.57142857142856,0,1,0,58859,4,0
503,undefined,0,397,0,0,0,0,4,1,12,undefined,undefined
510740,1240776078473,0,19.900000000000002,2640,8,465,230164,51,37,534632,16,15
518342,1240777817079,1240778257870,0,658,2,129.5,0,1,0,210163,2,null
520592,undefined,0,97.2,0,0,0,0,3,0,18026,undefined,undefined
5212,1240781046741,1240781333590,0,368,1,516,2843,14,10,156489,14,2
52818,1240780784605,1240780853395,0,0,0,0,0,3,0,367452,4,0
53030,1240780993598,0,0,3355,7,683,0,8,5,122907,12,3
534632,undefined,0,273.95,0,0,0,0,5,51,445660,undefined,undefined
54084,1240779377261,1240779928327,0,422,2,144.5,0,0,0,196543,1,null
545157,1240775578079,1240775896404,0,169,1,226,0,0,0,398860,2,0
546231,undefined,0,12.600000000000001,0,0,0,0,4,0,171513,undefined,undefined
5477,1240778139901,1240778279835,0,0,0,0,0,0,0,0,1,null
548201,1240776388409,1240777091313,0,0,0,0,0,1,0,217283,2,null
554187,1240781258861,0,0,0,0,0,0,0,0,0,1,0
559150,1240780716647,1240781111503,0,0,0,0,0,0,0,5212,2,1
57393,undefined,0,45.75,0,0,0,0,5,22,159420,undefined,undefined
57395,undefined,0,8.4,0,0,0,0,2,0,317383,undefined,undefined
57717,undefined,0,128.20000000000002,0,0,0,0,4,4,110178,undefined,undefined
578918,1240778928374,1240780277895,0,408,3,126.33333333333333,0,2,0,179326,3,0
58022,1240780626110,1240780684079,0,0,0,0,0,3,5,175065,4,0
586681,1240777851862,1240778100233,0,0,0,0,0,6,7,10642,4,6
58859,1240778607173,1240779241032,239.95000000000005,862,3,458.3333333333333,43017,4,3,396113,12,2
592692,1240779226701,0,0,1588,7,319,0,0,0,283305,3,0
60542,1240776542499,1240778955098,219.3,3457,12,365.1666666666667,167153,2,0,63964,8,1
610359,undefined,0,8.15,0,0,0,0,1,3,21457,undefined,undefined
618828,1240775933035,1240775966733,0,0,0,0,0,0,0,518207,2,null
63047,1240775860777,1240778684599,0,980,9,100.88888888888889,0,0,0,887964,2,null
630671,1240776533416,1240777044048,0,417,3,157.66666666666666,0,2,0,132921,4,null
639206,1240776547648,1240776555200,0,0,0,0,0,0,0,510740,1,null
63964,undefined,0,455.35,0,0,0,0,4,2,79181,undefined,undefined
641729,1240776265430,1240776678592,0,126,1,99,0,0,0,546231,1,null
642046,1240780624327,1240780792400,0,0,0,0,0,0,0,0,1,null
643827,1240777609390,1240777623187,0,0,0,0,0,0,0,0,1,null
66513,1240779022932,1240780464462,0,972,6,185.66666666666666,0,0,0,520592,3,0
66540,1240777759222,1240779947891,0,1962,9,125,0,0,0,196543,2,null
678064,1240780722166,1240780930246,0,0,0,0,0,0,0,0,1,null
691188,1240775540236,1240775755163,0,85,1,85,161236,1,2,16825,3,null
691604,1240778305240,1240778313805,0,0,0,0,0,0,0,81597,1,null
695030,1240777981670,1240778105373,0,0,0,0,0,0,0,0,1,null
695975,1240780788587,1240781433422,0,499,5,99.8,0,0,0,0,1,null
69841,1240781225593,0,0,186,1,201,0,0,0,16825,1,0
713,1240781177495,0,1372.9,4252,8,380.375,1265,9,49,12,15,6
71724,1240781472412,0,22,220,1,294,3200,9,1,94103,11,4
718536,1240776457096,1240776981189,39.300000000000004,393,1,489,720155,4,1,202328,5,1
720155,1240776509808,1240776977069,0,393,1,297,718536,0,0,718536,4,null
730587,1240780312599,0,0,0,0,0,0,1,0,735743,4,0
73621,undefined,0,97.9,0,0,0,0,2,2,112194,undefined,undefined
738746,1240780345610,1240780440489,0,0,0,0,0,0,0,0,1,null
74274,1240779948581,1240780119758,0,0,0,0,0,0,0,132958,1,0
755785,1240777412460,1240777776405,0,110,1,220,0,1,0,1892,3,null
755876,1240781304031,1240781384236,0,0,0,0,0,0,0,54776,2,null
756874,1240781413158,1240781429626,0,0,0,0,0,0,0,0,1,null
764326,1240777690595,1240777901692,0,411,2,135,0,0,0,140986,1,null
767143,undefined,0,34.3,0,0,0,0,7,2,355917,undefined,undefined
769463,1240781191017,1240781481873,0,1716,11,141.72727272727272,0,0,0,430717,3,null
77,1240778584740,1240778843224,0,0,0,0,171151,10,2,12770,13,2
773108,undefined,0,25.15,0,0,0,0,9,2,510740,undefined,undefined
77969,undefined,0,20.1,0,0,0,0,1,0,308635,undefined,undefined
78815,1240780414820,1240780583435,0,0,0,0,0,0,0,36282,1,null
791358,1240780302751,1240780571453,0,56,1,112,0,0,0,387496,4,null
79181,undefined,0,172.85,0,0,0,0,2,4,116005,undefined,undefined
79279,1240777272606,1240778122609,0,330,3,110,0,0,0,133482,1,null
79532,1240781327300,0,0,0,0,0,0,0,0,0,1,0
797824,1240775868761,1240781022208,12.600000000000001,2564,10,235.9,574401,6,1,82321,5,2
802319,undefined,0,50.3,0,0,0,0,2,4,773108,undefined,undefined
809490,1240775833218,1240776169324,0,0,0,0,0,0,0,821335,1,null
82254,1240778279109,1240780479186,0,1580,4,252,102796,1,0,133482,4,0
82321,undefined,0,262.7,0,0,0,0,4,7,57717,undefined,undefined
82377,undefined,0,2.8000000000000003,0,0,0,0,1,1,184167,undefined,undefined
828032,1240780858164,1240781035090,0,313,1,106,0,0,0,501908,1,null
836050,1240780385175,0,0,1548,6,156.33333333333334,0,0,0,113237,2,0
8527,1240776797898,1240778829689,0,3970,7,335.42857142857144,2090,1,0,503,6,1
870091,1240776495914,1240776615587,0,0,0,0,0,0,0,0,1,null
87198,undefined,0,68.6,0,0,0,0,2,0,767143,undefined,undefined
873537,1240775821422,1240775976459,0,0,0,0,0,0,0,0,1,null
875906,1240779886069,1240780101906,0,219,1,219,0,0,0,0,1,null
878678,1240777156711,1240777191541,0,0,0,0,0,0,0,0,1,null
879079,1240779713026,1240780269883,0,133,1,139,0,0,0,196543,1,null
880558,1240781344058,0,0,94,1,111,0,0,0,164290,1,0
881391,1240778815764,1240779202263,0,201,3,65.33333333333333,0,0,0,77969,2,null
881995,1240780703816,1240780728779,0,0,0,0,0,0,0,0,1,null
8842,1240778161751,0,99.50000000000001,966,2,552.5,22707,11,18,1531,13,6
887964,1240775555090,1240776827148,153.95000000000002,559,5,104,0,2,1,919861,2,null
890052,1240777455898,1240777627254,0,713,6,122.66666666666667,0,0,0,475837,2,null
896436,1240778941898,1240778949936,0,915,2,156,0,0,0,217283,2,null
902911,1240775722338,1240775732291,0,0,0,0,0,0,0,0,1,null
90312,1240780220266,1240780261099,0,0,0,0,0,0,0,505644,1,null
905316,1240776012990,1240776068271,0,0,0,0,0,0,0,0,1,null
9093,1240780172404,0,0,994,2,659,0,4,0,16040,5,3
911565,1240779575753,1240779594942,0,0,0,0,0,0,0,0,1,null
915649,1240781205698,1240781231430,0,0,0,0,0,0,0,0,1,null
918685,1240781347461,0,0,0,0,0,0,0,0,0,1,0
919861,undefined,0,123.5,0,0,0,0,1,2,171151,undefined,undefined
921625,1240780568043,1240781064664,0,0,0,0,0,0,0,0,1,null
921826,1240776019563,1240776094039,0,0,0,0,0,0,0,0,1,null
92300,undefined,0,31.1,0,0,0,0,1,5,185650,undefined,undefined
923270,1240778933060,1240779363181,0,273,1,123,0,0,0,132646,1,null
925922,1240777477875,1240777905641,0,0,0,0,0,0,0,0,1,null
926511,1240779725317,0,0,46,1,92,0,0,0,0,1,0
926876,1240777246385,1240777250679,0,0,0,0,0,0,0,0,1,null
927720,1240779602864,1240779618561,0,0,0,0,0,0,0,0,1,null
928850,1240780884599,1240781064666,0,0,0,0,0,0,0,0,1,null
930175,1240780819137,1240780873296,0,0,0,0,0,0,0,0,1,null
930370,1240781098071,0,0,94,1,77,0,0,0,0,1,0
930696,1240781205339,1240781212253,0,0,0,0,0,0,0,0,1,null
931245,1240781347241,0,0,0,0,0,0,0,0,0,1,0
94103,undefined,0,33,0,0,0,0,1,9,223494,undefined,undefined
95872,1240777591566,1240778264464,0,204,2,102,0,0,0,0,1,null
995,undefined,0,143.70000000000002,0,0,0,0,11,15,12,undefined,undefined
<<<<EndTable

PlayersOnlineNow=31
PlayersOnlineEachMinute=0, 9, 15, 17, 18, 21, 30, 29, 27, 28, 28, 29, 29, 27, 32, 30, 33, 38, 39, 36, 34, 35, 36, 37, 36, 36, 36, 37, 36, 38, 35, 33, 34, 36, 38, 40, 38, 37, 37, 39, 36, 34, 34, 31, 30, 29, 25, 26, 25, 26, 27, 28, 30, 28, 27, 27, 25, 28, 27, 29, 28, 27, 25, 26, 26, 27, 27, 26, 26, 26, 27, 28, 31, 32, 32, 32, 34, 33, 35, 34, 32, 32, 33, 33, 35, 31, 31, 31, 33, 33, 30, 28, 28, 27, 30, 33, 33, 37, 36, 34
PlayersInEachFeedingGame=1, 1, 2, 2, 1, 2, 1, 1, 2, 2, 3, 2, 1, 1, 2, 1, 1, 1, 2, 1, 1, 1, 1, 1, 1, 2, 2, 2, 2, 2, 1, 2, 2, 3, 1, 2, 2, 1, 2, 2, 2, 1, 2, 2, 2, 1, 2, 1, 2, 1, 2, 2, 2, 2, 1, 1, 1, 2, 1, 2, 1, 2, 1, 1, 2, 1, 1, 1, 2, 1, 2, 1, 1, 1, 1, 2, 1, 2, 1, 2, 1, 2, 2, 1, 2, 1, 1, 2, 1, 1, 2, 2, 2, 1, 2, 2, 2, 2, 1, 2, 2, 1, 2, 2, 3, 2, 1, 2, 2, 2, 2, 2, 1, 2, 2, 2, 3, 2, 2, 3, 1, 2, 2, 1, 2, 2, 2, 2, 2, 2, 1, 2, 2, 1, 1, 2, 1, 2, 2, 2, 2, 2, 1, 1, 2, 2, 1, 2, 1, 1, 2, 1, 1, 2, 2, 1, 1, 1, 2, 2, 1, 1, 1, 2, 2, 2, 1, 1, 2, 2, 2, 2, 2, 2, 2, 2, 1
PlayersStarted=274
PlayersQuit=243
StatsStartTime=1240775529676
StatsDumpTime=1240781530061
<<<<EndStats
2009-04-26 14:32:23,934 ERROR: vampire.server.feeding.FeedingRecord sendPlayerStartGameMsg [playerId=930370, prey=true, _predatorIndex=]
2009-04-26 14:32:23,935 ERROR: vampire.server.feeding.FeedingRecord sendPlayerStartGameMsg [playerId=880558, prey=false, _predatorIndex=]
2009-04-26 14:32:27,561 ERROR: vampire.server.feeding.FeedingRecord sendPlayerStartGameMsg [playerId=53030, prey=false, _predatorIndex=501908,53030]
2009-04-26 14:33:08,112 ERROR: vampire.server.feeding.FeedingRecord sendPlayerStartGameMsg [playerId=16825, prey=true, _predatorIndex=]
2009-04-26 14:33:08,113 ERROR: vampire.server.feeding.FeedingRecord sendPlayerStartGameMsg [playerId=554187, prey=false, _predatorIndex=]
2009-04-26 14:33:51,085 ERROR: vampire.server.feeding.FeedingRecord sendPlayerStartGameMsg [playerId=9093, prey=true, _predatorIndex=]
2009-04-26 14:33:51,085 ERROR: vampire.server.feeding.FeedingRecord sendPlayerStartGameMsg [playerId=713, prey=false, _predatorIndex=]
2009-04-26 14:34:31,915 ERROR: vampire.server.feeding.FeedingRecord sendPlayerStartGameMsg [playerId=69841, prey=true, _predatorIndex=]
2009-04-26 14:34:31,916 ERROR: vampire.server.feeding.FeedingRecord sendPlayerStartGameMsg [playerId=16825, prey=false, _predatorIndex=]
2009-04-26 14:35:38,371 ERROR: vampire.server.feeding.FeedingRecord sendPlayerStartGameMsg [playerId=501908, prey=true, _predatorIndex=]
2009-04-26 14:35:38,372 ERROR: vampire.server.feeding.FeedingRecord sendPlayerStartGameMsg [playerId=53030, prey=false, _predatorIndex=]
2009-04-26 14:35:58,223 ERROR: vampire.server.feeding.FeedingRecord sendPlayerStartGameMsg [playerId=191984, prey=true, _predatorIndex=]
2009-04-26 14:35:58,224 ERROR: vampire.server.feeding.FeedingRecord sendPlayerStartGameMsg [playerId=880558, prey=false, _predatorIndex=]
2009-04-26 14:35:58,273 ERROR: vampire.server.feeding.FeedingRecord sendPlayerStartGameMsg [playerId=829825, prey=false, _predatorIndex=]
2009-04-26 14:36:03,257 ERROR: vampire.server.feeding.FeedingRecord sendPlayerStartGameMsg [playerId=208469, prey=true, _predatorIndex=]
2009-04-26 14:36:03,258 ERROR: vampire.server.feeding.FeedingRecord sendPlayerStartGameMsg [playerId=930370, prey=false, _predatorIndex=]
2009-04-26 14:36:44,547 ERROR: vampire.server.feeding.FeedingRecord sendPlayerStartGameMsg [playerId=208837, prey=false, _predatorIndex=880558]
2009-04-26 14:36:54,176 ERROR: vampire.server.feeding.FeedingRecord sendPlayerStartGameMsg [playerId=2843, prey=false, _predatorIndex=713]
2009-04-26 14:37:21,214 ERROR: vampire.server.feeding.FeedingRecord sendPlayerStartGameMsg [playerId=141461, prey=true, _predatorIndex=]
2009-04-26 14:37:21,214 ERROR: vampire.server.feeding.FeedingRecord sendPlayerStartGameMsg [playerId=208837, prey=false, _predatorIndex=]
2009-04-26 14:37:35,956 ERROR: vampire.server.feeding.FeedingRecord sendPlayerStartGameMsg [playerId=69841, prey=true, _predatorIndex=]
2009-04-26 14:37:35,957 ERROR: vampire.server.feeding.FeedingRecord sendPlayerStartGameMsg [playerId=16825, prey=false, _predatorIndex=]
2009-04-26 14:38:23,706 ERROR: vampire.server.feeding.FeedingRecord sendPlayerStartGameMsg [playerId=314811, prey=true, _predatorIndex=]
2009-04-26 14:38:23,707 ERROR: vampire.server.feeding.FeedingRecord sendPlayerStartGameMsg [playerId=63047, prey=false, _predatorIndex=]
2009-04-26 14:38:36,494 ERROR: vampire.server.feeding.FeedingRecord sendPlayerStartGameMsg [playerId=208469, prey=false, _predatorIndex=]
2009-04-26 14:38:44,579 ERROR: vampire.server.feeding.FeedingRecord sendPlayerStartGameMsg [playerId=4139, prey=false, _predatorIndex=713,2843]
2009-04-26 14:39:21,755 ERROR: vampire.server.feeding.FeedingRecord sendPlayerStartGameMsg [playerId=1265, prey=false, _predatorIndex=713,2843,4139]
2009-04-26 14:39:43,900 ERROR: vampire.server.feeding.FeedingRecord sendPlayerStartGameMsg [playerId=338667, prey=true, _predatorIndex=]
2009-04-26 14:39:43,900 ERROR: vampire.server.feeding.FeedingRecord sendPlayerStartGameMsg [playerId=71724, prey=false, _predatorIndex=]
2009-04-26 14:39:56,738 ERROR: vampire.server.feeding.FeedingRecord sendPlayerStartGameMsg [playerId=1265, prey=false, _predatorIndex=713,2843,4139,1265]
2009-04-26 14:39:58,049 ERROR: vampire.server.feeding.FeedingRecord sendPlayerStartGameMsg [playerId=880558, prey=true, _predatorIndex=]
2009-04-26 14:39:58,049 ERROR: vampire.server.feeding.FeedingRecord sendPlayerStartGameMsg [playerId=141461, prey=false, _predatorIndex=]
2009-04-26 14:40:05,996 ERROR: vampire.server.feeding.FeedingRecord sendPlayerStartGameMsg [playerId=208837, prey=false, _predatorIndex=53030]
2009-04-26 14:40:50,967 ERROR: vampire.server.feeding.FeedingRecord sendPlayerStartGameMsg [playerId=930370, prey=true, _predatorIndex=]
2009-04-26 14:40:50,967 ERROR: vampire.server.feeding.FeedingRecord sendPlayerStartGameMsg [playerId=79532, prey=false, _predatorIndex=]

>>>>BeginStats

>>>>BeginTable
PlayerId, StartTime, EndTime, ProgenyPayout, XPFromFeeding, FeedingGames, MeanFeedingScore, BloodBond, Progeny, GrandProgeny, Sire, Level, Invites
101128,1240780286540,1240780579640,0,482,3,110.66666666666667,0,0,0,271936,1,null
103033,1240779687339,1240781637742,0,294,1,181,767143,5,3,81899,4,null
10642,1240777049791,1240778004344,134.3,1119,3,494,447249,24,30,351598,13,2
106870,1240775767746,1240777745746,0,686,5,149.2,0,0,0,87198,3,null
109372,1240781065233,1240781490122,0,220,1,146,0,0,0,71724,1,null
111249,1240779061156,1240779157617,0,0,0,0,0,2,9,188370,8,3
113237,1240779530606,1240779551284,154.8,569,2,284.5,0,6,0,10642,4,null
114336,1240780166063,1240780623549,0,0,0,0,0,0,0,0,1,null
11460,undefined,0,19.3,0,0,0,0,1,6,41022,undefined,undefined
115195,1240777649882,1240778261630,0,800,7,72.28571428571429,0,0,0,218716,1,0
118794,1240778496923,1240778749354,0,0,0,0,0,0,0,172329,2,0
12,undefined,0,4019.899999999998,0,0,0,0,19,85,383387,undefined,undefined
120076,1240777546727,1240777968529,0,1990,6,273.1666666666667,0,9,2,34987,5,1
122907,undefined,0,431.3,0,0,0,0,6,9,251062,undefined,undefined
123961,1240776759176,1240779057524,0,5447,13,532.3076923076923,878,5,18,713,13,2
124516,1240777791526,1240778119026,0,0,0,0,0,0,0,159201,4,0
1265,1240776460074,0,0,11874,21,699.5714285714286,713,9,17,12,15,3
126987,1240777658026,1240777669888,0,0,0,0,0,0,0,41022,2,0
127666,undefined,0,46.55,0,0,0,0,3,1,294313,undefined,undefined
12791,undefined,0,1057.2,0,0,0,0,9,5,12,undefined,undefined
128639,undefined,0,45.400000000000006,0,0,0,0,1,1,20731,undefined,undefined
129222,1240778058817,1240778074416,0,0,0,0,0,0,0,261567,1,0
131355,1240775641638,1240776016828,0,0,0,0,0,1,2,461901,4,0
132646,undefined,0,27.3,0,0,0,0,8,1,202501,undefined,undefined
132921,undefined,0,41.7,0,0,0,0,6,2,211601,undefined,undefined
133482,undefined,0,185,0,0,0,0,5,2,180951,undefined,undefined
135238,1240780032899,1240780049232,0,0,0,0,0,0,0,0,1,0
135504,1240775888113,1240775952915,36.35,0,0,0,139439,2,1,75123,4,0
139625,1240775654137,1240779321181,0,4921,26,190.3846153846154,0,0,0,415376,4,0
140573,1240777605896,1240778402450,0,0,0,0,0,0,0,178528,3,0
140986,1240777450388,1240778775349,10.700000000000001,346,3,114,0,4,0,187381,3,null
141461,1240777860938,0,0,3528,12,381.8333333333333,0,2,0,468188,5,1
142178,undefined,0,230.30000000000004,0,0,0,0,2,14,73621,undefined,undefined
143023,1240776913432,1240777154252,0,199,1,75,0,0,0,510740,1,null
143309,1240778429281,1240778439862,0,0,0,0,0,0,0,1265,3,0
143501,1240779793521,1240780154774,0,0,0,0,0,3,8,326885,8,2
144124,1240775633370,1240775964084,0,368,2,122,0,0,0,304536,2,0
145609,1240779820238,0,0,311,1,311,369307,5,4,92300,4,0
148695,1240779331574,1240780708615,0,674,3,220,306511,8,6,161896,9,4
151709,1240776331132,1240778470799,0,0,0,0,475837,2,1,510740,3,null
1531,undefined,0,96.60000000000001,0,0,0,0,3,11,12,undefined,undefined
154004,1240778966052,1240778987226,0,0,0,0,561706,6,0,90041,4,0
15580,undefined,0,14.2,0,0,0,0,4,1,20260,undefined,undefined
156162,1240781779031,1240781806933,0,0,0,0,0,0,0,0,1,null
156489,undefined,0,36.800000000000004,0,0,0,0,12,19,713,undefined,undefined
159194,1240777615558,1240778592700,0,0,0,0,0,0,0,178269,4,3
159888,1240775657231,1240775699134,0,0,0,0,0,0,0,300612,1,null
16040,undefined,0,231.80000000000004,0,0,0,0,7,10,3,undefined,undefined
163435,1240775864731,1240775927766,0,0,0,0,0,0,0,0,1,null
164290,undefined,0,72.7,0,0,0,0,1,0,135504,undefined,undefined
166074,1240775615233,1240778167051,0,686,3,245,301294,4,0,308219,5,2
167609,1240776059194,1240777272024,0,454,3,122,0,1,0,128639,2,null
168234,undefined,0,21.700000000000003,0,0,0,0,6,1,100080,undefined,undefined
16825,1240780773128,0,142.9,1712,5,440,0,14,6,4139,5,1
170191,1240780982388,1240781683619,89.20000000000002,0,0,0,403403,2,6,202873,9,1
171151,1240776152232,1240777032558,27.95,0,0,0,77,30,17,21067,13,3
171513,1240776588199,1240776612628,6.300000000000001,892,3,306,0,6,6,170191,10,2
172214,1240776499935,1240776589282,0,0,0,0,0,1,0,133482,1,1
172743,1240777260415,1240777387008,0,0,0,0,0,0,0,148695,4,0
173395,undefined,0,19.650000000000002,0,0,0,0,5,5,130244,undefined,undefined
176491,1240778634473,1240778701591,0,0,0,0,0,2,0,54776,5,2
176511,undefined,0,246.04999999999998,0,0,0,0,2,1,154346,undefined,undefined
17790,1240776468793,1240777848085,0,4773,8,579.5,20260,11,10,20260,13,3
179326,undefined,0,40.800000000000004,0,0,0,0,2,2,185581,undefined,undefined
18026,undefined,0,48.6,0,0,0,0,2,3,67662,undefined,undefined
180951,undefined,0,92.5,0,0,0,0,1,5,153510,undefined,undefined
181264,undefined,0,360,0,0,0,0,2,0,3812,undefined,undefined
183759,1240778824981,1240779533005,0,160,1,126,0,0,0,0,1,0
185581,undefined,0,20.400000000000002,0,0,0,0,1,2,209656,undefined,undefined
185650,undefined,0,15.55,0,0,0,0,2,1,185697,undefined,undefined
187381,undefined,0,39.95,0,0,0,0,6,4,2843,undefined,undefined
188114,undefined,0,34.3,0,0,0,0,2,1,261567,undefined,undefined
188229,undefined,0,83.4,0,0,0,0,1,5,168234,undefined,undefined
1892,1240780073859,1240780680211,11,1382,6,274,455390,15,6,995,10,2
191354,1240775886237,1240776284803,0,434,2,142.5,0,0,0,261567,2,0
191984,1240781023694,0,4.4,2281,7,452.57142857142856,191950,14,4,142178,8,6
192472,1240775540239,1240775718473,0,0,0,0,0,0,0,163514,3,1
192883,1240777508429,1240777637163,0,0,0,0,0,8,2,210210,7,5
196543,1240780406117,1240780894748,225.50000000000003,1492,11,149.63636363636363,0,4,0,32314,3,1
196663,1240775749345,1240778463237,0,2193,14,146.64285714285714,0,0,0,60542,2,0
202328,undefined,0,58.95,0,0,0,0,5,4,173395,undefined,undefined
202501,undefined,0,13.65,0,0,0,0,5,12,1265,undefined,undefined
20260,1240776473412,1240777781419,661.35,5001,9,595.4444444444445,17790,15,36,12,16,13
202873,undefined,0,44.60000000000001,0,0,0,0,1,2,341164,undefined,undefined
20731,undefined,0,22.700000000000003,0,0,0,0,6,1,16040,undefined,undefined
208469,1240781751324,0,16,284,2,151.5,0,1,0,277945,2,0
208837,1240781017258,0,0,823,3,157.33333333333334,0,0,0,802319,2,0
20899,1240775878086,1240777956716,0,0,0,0,0,1,0,55922,2,0
209187,1240777233218,1240778189271,0,44,1,87,0,0,0,191984,1,null
210163,undefined,0,65.80000000000001,0,0,0,0,8,1,255725,undefined,undefined
211601,undefined,0,20.85,0,0,0,0,1,6,7078,undefined,undefined
217283,undefined,0,91.5,0,0,0,0,19,2,57393,undefined,undefined
218716,1240775863048,1240777962209,80,434,2,425,0,5,1,188229,8,5
220964,1240781163744,1240781476092,0,0,0,0,0,5,13,143501,4,1
223494,undefined,0,16.7,0,0,0,0,1,1,179687,undefined,undefined
228878,1240775874432,1240775906102,0,0,0,0,0,0,0,0,1,null
233517,1240781146469,1240781732405,0,0,0,0,0,2,4,212370,3,0
234191,1240776133144,1240776155954,0,0,0,0,0,0,0,121984,2,0
237231,undefined,0,394.79999999999995,0,0,0,0,2,25,20260,undefined,undefined
240065,1240775908784,1240776084951,0,0,0,0,0,0,0,167153,3,0
251062,undefined,0,215.65,0,0,0,0,6,8,296361,undefined,undefined
255725,undefined,0,32.900000000000006,0,0,0,0,1,8,309124,undefined,undefined
256746,undefined,0,85.8,0,0,0,0,5,28,61984,undefined,undefined
258951,1240776825425,1240777243168,0,0,0,0,555644,10,14,1265,11,8
2606,1240779020383,1240779095788,0,0,0,0,0,4,2,307471,5,1
261567,1240777942128,1240780460305,53.400000000000006,3681,10,347.8,0,25,5,237231,12,12
271936,1240775623213,1240777642786,37.5,372,3,107,0,1,0,887964,1,null
277945,undefined,0,36.4,0,0,0,0,1,1,15580,undefined,undefined
283305,undefined,0,158.8,0,0,0,0,1,0,497122,undefined,undefined
283723,1240780012414,1240780570739,0,0,0,0,0,0,0,188376,1,0
2843,1240781763916,0,17.3,574,1,856,5212,7,28,3383,12,11
294313,undefined,0,9.450000000000001,0,0,0,0,3,3,39403,undefined,undefined
299874,1240776112500,1240776120634,0,0,0,0,0,0,0,69257,2,0
3,undefined,0,115.90000000000002,0,0,0,0,2,7,383387,undefined,undefined
300612,1240775542285,1240775629035,16.3,0,0,0,0,3,0,610359,3,0
304455,1240777622016,1240777629639,0,0,0,0,0,0,0,317371,4,0
304536,undefined,0,36.800000000000004,0,0,0,0,4,0,39171,undefined,undefined
306241,1240777653401,1240777658560,0,0,0,0,0,0,0,586681,1,null
308219,undefined,0,68.6,0,0,0,0,1,4,188114,undefined,undefined
308635,undefined,0,10.05,0,0,0,0,10,1,122194,undefined,undefined
311783,1240781145077,1240781614867,0,193,1,193,0,6,2,11460,8,3
314811,1240781808467,0,0,0,0,0,0,0,0,0,1,0
317383,undefined,0,4.2,0,0,0,0,1,2,344937,undefined,undefined
322248,1240777056340,1240777167084,0,0,0,0,0,2,3,124493,4,0
32314,undefined,0,261.95000000000005,0,0,0,0,10,4,40508,undefined,undefined
329201,1240775998426,1240776434819,0,163,2,81.5,0,0,0,300612,1,null
329560,1240780589204,1240780819923,0,100,1,100,0,0,0,261567,2,null
3383,1240780038522,1240780439102,57.400000000000006,10285,19,415.57894736842104,968,4,9,12791,14,2
338667,1240781154755,0,0,0,0,0,0,0,0,173628,1,0
341832,1240779747890,1240780320036,0,553,2,265.5,0,0,0,356090,2,0
349835,undefined,0,8.450000000000001,0,0,0,0,4,1,140094,undefined,undefined
34987,undefined,0,199.00000000000003,0,0,0,0,2,10,8842,undefined,undefined
351430,undefined,0,176.40000000000003,0,0,0,0,1,15,336228,undefined,undefined
351598,undefined,0,140.35000000000002,0,0,0,0,1,24,359624,undefined,undefined
35169,1240777093132,1240777317250,0,0,0,0,0,0,0,0,1,null
356090,1240779902400,1240780368347,55.3,189,1,211,0,1,0,127666,2,2
359624,undefined,0,55.95,0,0,0,0,3,1,201132,undefined,undefined
367641,1240775702296,1240776054914,0,0,0,0,0,0,0,300612,1,null
371343,1240776320285,1240781502433,0,0,0,0,0,3,2,220964,5,2
3812,undefined,0,180,0,0,0,0,1,2,65584,undefined,undefined
383387,undefined,0,1136.75,0,0,0,0,4,47,0,undefined,undefined
387496,undefined,0,5.6000000000000005,0,0,0,0,1,0,82377,undefined,undefined
39171,undefined,0,18.400000000000002,0,0,0,0,8,4,102770,undefined,undefined
396113,undefined,0,246.25000000000003,0,0,0,0,2,4,44987,undefined,undefined
398860,undefined,0,16.900000000000002,0,0,0,0,1,0,349835,undefined,undefined
40508,undefined,0,74.60000000000001,0,0,0,0,4,10,23340,undefined,undefined
41022,undefined,0,9.65,0,0,0,0,2,1,412796,undefined,undefined
4139,1240778899559,0,242.65,8105,17,589.2352941176471,16040,11,21,713,14,3
415376,undefined,0,492.09999999999997,0,0,0,0,1,0,176511,undefined,undefined
430717,undefined,0,207.25,0,0,0,0,28,3,256746,undefined,undefined
432820,1240780176051,1240781663720,0,3600,9,185.11111111111111,0,0,0,181264,4,0
445660,undefined,0,132,0,0,0,0,4,5,54812,undefined,undefined
44987,undefined,0,43.1,0,0,0,0,2,8,12770,undefined,undefined
456649,1240780486084,1240780749474,0,0,0,0,0,0,0,0,1,null
468188,undefined,0,352.80000000000007,0,0,0,0,15,2,351430,undefined,undefined
475837,undefined,0,71.30000000000001,0,0,0,0,1,0,430717,undefined,undefined
478872,1240777746915,1240777870192,0,0,0,0,0,0,0,157229,1,0
483143,1240775566933,1240775923947,0,126,1,126,0,0,0,797824,1,null
484953,1240781809538,1240781888049,0,0,0,0,408501,0,0,408501,2,null
485536,1240781602854,1240781825479,0,0,0,0,0,0,0,129679,1,null
486760,1240777525596,1240777576542,0,84,1,84,0,0,0,57395,4,0
497122,undefined,0,79.4,0,0,0,0,1,1,82321,undefined,undefined
501908,1240781524554,0,31.3,3201,9,356.44444444444446,0,1,0,58859,4,0
503,undefined,0,397,0,0,0,0,4,1,12,undefined,undefined
510740,1240776078473,0,19.900000000000002,2640,8,465,230164,51,37,534632,16,15
518342,1240777817079,1240778257870,0,658,2,129.5,0,1,0,210163,2,null
520592,undefined,0,97.2,0,0,0,0,3,0,18026,undefined,undefined
5212,1240781046741,1240781333590,0,368,1,516,2843,14,10,156489,14,2
52818,1240780784605,1240780853395,0,0,0,0,0,3,0,367452,4,0
53030,1240780993598,0,0,4313,9,697.4444444444445,0,8,5,122907,12,3
534632,undefined,0,273.95,0,0,0,0,5,51,445660,undefined,undefined
54084,1240779377261,1240779928327,0,422,2,144.5,0,0,0,196543,1,null
545157,1240775578079,1240775896404,0,169,1,226,0,0,0,398860,2,0
546231,undefined,0,12.600000000000001,0,0,0,0,4,0,171513,undefined,undefined
5477,1240778139901,1240778279835,0,0,0,0,0,0,0,0,1,null
548201,1240776388409,1240777091313,0,0,0,0,0,1,0,217283,2,null
554187,1240781258861,1240781604916,0,0,0,0,0,0,0,0,1,null
559150,1240780716647,1240781111503,0,0,0,0,0,0,0,5212,2,1
57393,undefined,0,45.75,0,0,0,0,5,22,159420,undefined,undefined
57395,undefined,0,8.4,0,0,0,0,2,0,317383,undefined,undefined
57717,undefined,0,128.20000000000002,0,0,0,0,4,4,110178,undefined,undefined
578918,1240778928374,1240780277895,0,408,3,126.33333333333333,0,2,0,179326,3,0
58022,1240780626110,1240780684079,0,0,0,0,0,3,5,175065,4,0
586681,1240777851862,1240778100233,0,0,0,0,0,6,7,10642,4,6
58859,1240778607173,1240779241032,335.75000000000006,862,3,458.3333333333333,43017,4,3,396113,12,2
592692,1240779226701,0,0,1588,7,319,0,0,0,283305,3,0
59830,1240782106400,0,0,0,0,0,0,0,0,0,1,0
60542,1240776542499,1240778955098,219.3,3457,12,365.1666666666667,167153,2,0,63964,8,1
610359,undefined,0,8.15,0,0,0,0,1,3,21457,undefined,undefined
618828,1240775933035,1240775966733,0,0,0,0,0,0,0,518207,2,null
63047,1240781844201,0,0,1033,10,101.3,0,0,0,887964,2,0
630671,1240776533416,1240777044048,0,417,3,157.66666666666666,0,2,0,132921,4,null
639206,1240776547648,1240776555200,0,0,0,0,0,0,0,510740,1,null
63964,undefined,0,455.35,0,0,0,0,4,2,79181,undefined,undefined
641729,1240776265430,1240776678592,0,126,1,99,0,0,0,546231,1,null
642046,1240780624327,1240780792400,0,0,0,0,0,0,0,0,1,null
643827,1240777609390,1240777623187,0,0,0,0,0,0,0,0,1,null
66513,1240779022932,1240780464462,0,972,6,185.66666666666666,0,0,0,520592,3,0
66540,1240777759222,1240779947891,0,1962,9,125,0,0,0,196543,2,null
678064,1240780722166,1240780930246,0,0,0,0,0,0,0,0,1,null
691188,1240775540236,1240775755163,0,85,1,85,161236,1,2,16825,3,null
691604,1240778305240,1240778313805,0,0,0,0,0,0,0,81597,1,null
695030,1240777981670,1240778105373,0,0,0,0,0,0,0,0,1,null
695975,1240780788587,1240781433422,0,499,5,99.8,0,0,0,0,1,null
69841,1240781225593,0,0,1344,4,176.5,0,0,0,16825,2,0
713,1240781177495,0,1459.2,5860,12,372.9166666666667,1265,9,49,12,15,6
71724,1240781933312,0,22,334,2,261,3200,9,1,94103,11,4
718536,1240776457096,1240776981189,39.300000000000004,393,1,489,720155,4,1,202328,5,1
720155,1240776509808,1240776977069,0,393,1,297,718536,0,0,718536,4,null
730587,1240780312599,1240782103151,0,0,0,0,0,1,0,735743,4,null
73621,undefined,0,114.05000000000001,0,0,0,0,2,2,112194,undefined,undefined
738746,1240780345610,1240780440489,0,0,0,0,0,0,0,0,1,null
74274,1240779948581,1240780119758,0,0,0,0,0,0,0,132958,1,0
755785,1240777412460,1240777776405,0,110,1,220,0,1,0,1892,3,null
755876,1240781304031,1240781384236,0,0,0,0,0,0,0,54776,2,null
756874,1240781413158,1240781429626,0,0,0,0,0,0,0,0,1,null
764326,1240777690595,1240777901692,0,411,2,135,0,0,0,140986,1,null
767143,undefined,0,34.3,0,0,0,0,7,2,355917,undefined,undefined
769463,1240781191017,1240781481873,0,1716,11,141.72727272727272,0,0,0,430717,3,null
77,1240778584740,1240778843224,0,0,0,0,171151,10,2,12770,13,2
773108,undefined,0,41.15,0,0,0,0,9,2,510740,undefined,undefined
77969,undefined,0,20.1,0,0,0,0,1,0,308635,undefined,undefined
78815,1240780414820,1240780583435,0,0,0,0,0,0,0,36282,1,null
791358,1240780302751,1240780571453,0,56,1,112,0,0,0,387496,4,null
79181,undefined,0,172.85,0,0,0,0,2,4,116005,undefined,undefined
79279,1240777272606,1240778122609,0,330,3,110,0,0,0,133482,1,null
79532,1240781327300,0,0,116,1,116,0,0,0,0,1,0
797824,1240775868761,1240781022208,12.600000000000001,2564,10,235.9,574401,6,1,82321,5,2
802319,undefined,0,82.3,0,0,0,0,2,4,773108,undefined,undefined
809490,1240775833218,1240776169324,0,0,0,0,0,0,0,821335,1,null
82254,1240778279109,1240780479186,0,1580,4,252,102796,1,0,133482,4,0
82321,undefined,0,262.7,0,0,0,0,4,7,57717,undefined,undefined
82377,undefined,0,2.8000000000000003,0,0,0,0,1,1,184167,undefined,undefined
828032,1240780858164,1240781035090,0,313,1,106,0,0,0,501908,1,null
829825,1240781725508,1240781921542,0,71,1,71,0,0,0,0,1,null
836050,1240780385175,0,0,1548,6,156.33333333333334,0,0,0,113237,2,0
8527,1240776797898,1240778829689,0,3970,7,335.42857142857144,2090,1,0,503,6,1
870091,1240776495914,1240776615587,0,0,0,0,0,0,0,0,1,null
87198,undefined,0,68.6,0,0,0,0,2,0,767143,undefined,undefined
873537,1240775821422,1240775976459,0,0,0,0,0,0,0,0,1,null
875906,1240779886069,1240780101906,0,219,1,219,0,0,0,0,1,null
878678,1240777156711,1240777191541,0,0,0,0,0,0,0,0,1,null
879079,1240779713026,1240780269883,0,133,1,139,0,0,0,196543,1,null
880558,1240781344058,0,0,727,4,123,0,0,0,164290,2,0
881391,1240778815764,1240779202263,0,201,3,65.33333333333333,0,0,0,77969,2,null
881995,1240780703816,1240780728779,0,0,0,0,0,0,0,0,1,null
8842,1240778161751,0,99.50000000000001,966,2,552.5,22707,11,18,1531,13,6
887964,1240775555090,1240776827148,159.25000000000003,559,5,104,0,2,1,919861,2,null
890052,1240777455898,1240777627254,0,713,6,122.66666666666667,0,0,0,475837,2,null
896436,1240778941898,1240778949936,0,915,2,156,0,0,0,217283,2,null
902911,1240775722338,1240775732291,0,0,0,0,0,0,0,0,1,null
90312,1240780220266,1240780261099,0,0,0,0,0,0,0,505644,1,null
905316,1240776012990,1240776068271,0,0,0,0,0,0,0,0,1,null
9093,1240780172404,0,0,2318,5,497.8,0,4,0,16040,5,3
911565,1240779575753,1240779594942,0,0,0,0,0,0,0,0,1,null
912064,1240782048361,1240782119921,0,0,0,0,0,0,0,0,1,null
915649,1240781205698,1240781231430,0,0,0,0,0,0,0,0,1,null
918685,1240781347461,1240781534434,0,0,0,0,0,0,0,0,1,null
919487,1240781786884,1240781808327,0,0,0,0,0,0,0,0,1,null
919861,undefined,0,126.15,0,0,0,0,1,2,171151,undefined,undefined
921625,1240780568043,1240781064664,0,0,0,0,0,0,0,0,1,null
921826,1240776019563,1240776094039,0,0,0,0,0,0,0,0,1,null
92300,undefined,0,31.1,0,0,0,0,1,5,185650,undefined,undefined
923270,1240778933060,1240779363181,0,273,1,123,0,0,0,132646,1,null
925922,1240777477875,1240777905641,0,0,0,0,0,0,0,0,1,null
926511,1240779725317,0,0,46,1,92,0,0,0,0,1,0
926876,1240777246385,1240777250679,0,0,0,0,0,0,0,0,1,null
927720,1240779602864,1240779618561,0,0,0,0,0,0,0,0,1,null
928850,1240780884599,1240781064666,0,0,0,0,0,0,0,0,1,null
930175,1240780819137,1240780873296,0,0,0,0,0,0,0,0,1,null
930370,1240781098071,0,0,366,3,106.66666666666667,0,0,0,208469,1,0
930696,1240781205339,1240781212253,0,0,0,0,0,0,0,0,1,null
931245,1240781347241,1240781600772,0,116,1,115,0,0,0,0,1,null
931582,1240781698161,1240781709378,0,0,0,0,0,0,0,0,1,null
94103,undefined,0,44.4,0,0,0,0,1,9,223494,undefined,undefined
95872,1240777591566,1240778264464,0,204,2,102,0,0,0,0,1,null
995,undefined,0,143.70000000000002,0,0,0,0,11,15,12,undefined,undefined
<<<<EndTable

PlayersOnlineNow=27
PlayersOnlineEachMinute=0, 9, 15, 17, 18, 21, 30, 29, 27, 28, 28, 29, 29, 27, 32, 30, 33, 38, 39, 36, 34, 35, 36, 37, 36, 36, 36, 37, 36, 38, 35, 33, 34, 36, 38, 40, 38, 37, 37, 39, 36, 34, 34, 31, 30, 29, 25, 26, 25, 26, 27, 28, 30, 28, 27, 27, 25, 28, 27, 29, 28, 27, 25, 26, 26, 27, 27, 26, 26, 26, 27, 28, 31, 32, 32, 32, 34, 33, 35, 34, 32, 32, 33, 33, 35, 31, 31, 31, 33, 33, 30, 28, 28, 27, 30, 33, 33, 37, 36, 34, 31, 29, 27, 25, 27, 28, 28, 27, 27, 29
PlayersInEachFeedingGame=1, 1, 2, 2, 1, 2, 1, 1, 2, 2, 3, 2, 1, 1, 2, 1, 1, 1, 2, 1, 1, 1, 1, 1, 1, 2, 2, 2, 2, 2, 1, 2, 2, 3, 1, 2, 2, 1, 2, 2, 2, 1, 2, 2, 2, 1, 2, 1, 2, 1, 2, 2, 2, 2, 1, 1, 1, 2, 1, 2, 1, 2, 1, 1, 2, 1, 1, 1, 2, 1, 2, 1, 1, 1, 1, 2, 1, 2, 1, 2, 1, 2, 2, 1, 2, 1, 1, 2, 1, 1, 2, 2, 2, 1, 2, 2, 2, 2, 1, 2, 2, 1, 2, 2, 3, 2, 1, 2, 2, 2, 2, 2, 1, 2, 2, 2, 3, 2, 2, 3, 1, 2, 2, 1, 2, 2, 2, 2, 2, 2, 1, 2, 2, 1, 1, 2, 1, 2, 2, 2, 2, 2, 1, 1, 2, 2, 1, 2, 1, 1, 2, 1, 1, 2, 2, 1, 1, 1, 2, 2, 1, 1, 1, 2, 2, 2, 1, 1, 2, 2, 2, 2, 2, 2, 2, 2, 1, 2, 2, 2, 2, 2, 1, 2, 2, 2, 2, 1, 2, 2, 2
PlayersStarted=291
PlayersQuit=264
StatsStartTime=1240775529676
StatsDumpTime=1240782130149
<<<<EndStats
2009-04-26 14:42:13,673 ERROR: vampire.server.feeding.FeedingRecord sendPlayerStartGameMsg [playerId=191984, prey=true, _predatorIndex=]
2009-04-26 14:42:13,674 ERROR: vampire.server.feeding.FeedingRecord sendPlayerStartGameMsg [playerId=208837, prey=false, _predatorIndex=]
2009-04-26 14:43:06,282 ERROR: vampire.server.feeding.FeedingRecord sendPlayerStartGameMsg [playerId=818036, prey=true, _predatorIndex=]
2009-04-26 14:43:06,283 ERROR: vampire.server.feeding.FeedingRecord sendPlayerStartGameMsg [playerId=59830, prey=false, _predatorIndex=]
2009-04-26 14:43:27,096 ERROR: vampire.server.feeding.FeedingRecord sendPlayerStartGameMsg [playerId=63047, prey=false, _predatorIndex=59830]
2009-04-26 14:43:58,642 ERROR: vampire.server.feeding.FeedingRecord sendPlayerStartGameMsg [playerId=79532, prey=true, _predatorIndex=]
2009-04-26 14:43:58,643 ERROR: vampire.server.feeding.FeedingRecord sendPlayerStartGameMsg [playerId=63047, prey=false, _predatorIndex=]
2009-04-26 14:44:26,192 ERROR: vampire.server.feeding.FeedingRecord sendPlayerStartGameMsg [playerId=16825, prey=false, _predatorIndex=63047]
2009-04-26 14:44:51,116 ERROR: vampire.server.feeding.FeedingRecord sendPlayerStartGameMsg [playerId=880558, prey=false, _predatorIndex=208837]
2009-04-26 14:45:19,045 ERROR: vampire.server.feeding.FeedingRecord sendPlayerStartGameMsg [playerId=141461, prey=true, _predatorIndex=]
2009-04-26 14:45:19,045 ERROR: vampire.server.feeding.FeedingRecord sendPlayerStartGameMsg [playerId=880558, prey=false, _predatorIndex=]
2009-04-26 14:45:44,146 ERROR: vampire.server.feeding.FeedingRecord sendPlayerStartGameMsg [playerId=338667, prey=true, _predatorIndex=]
2009-04-26 14:45:44,147 ERROR: vampire.server.feeding.FeedingRecord sendPlayerStartGameMsg [playerId=54776, prey=false, _predatorIndex=]
2009-04-26 14:46:06,860 ERROR: vampire.server.feeding.FeedingRecord sendPlayerStartGameMsg [playerId=69841, prey=true, _predatorIndex=]
2009-04-26 14:46:06,861 ERROR: vampire.server.feeding.FeedingRecord sendPlayerStartGameMsg [playerId=1892, prey=false, _predatorIndex=]
2009-04-26 14:48:11,718 ERROR: vampire.server.feeding.FeedingRecord sendPlayerStartGameMsg [playerId=926511, prey=false, _predatorIndex=1892]
2009-04-26 14:48:28,742 ERROR: vampire.server.feeding.FeedingRecord sendPlayerStartGameMsg [playerId=59830, prey=false, _predatorIndex=]
2009-04-26 14:48:36,361 ERROR: vampire.server.feeding.FeedingRecord sendPlayerStartGameMsg [playerId=1892, prey=true, _predatorIndex=]
2009-04-26 14:48:36,362 ERROR: vampire.server.feeding.FeedingRecord sendPlayerStartGameMsg [playerId=54776, prey=false, _predatorIndex=]
2009-04-26 14:48:56,249 ERROR: vampire.server.feeding.FeedingRecord sendPlayerStartGameMsg [playerId=818036, prey=false, _predatorIndex=]
2009-04-26 14:49:27,272 ERROR: vampire.server.feeding.FeedingRecord sendPlayerStartGameMsg [playerId=930370, prey=true, _predatorIndex=]
2009-04-26 14:49:27,274 ERROR: vampire.server.feeding.FeedingRecord sendPlayerStartGameMsg [playerId=208837, prey=false, _predatorIndex=]
2009-04-26 14:49:40,978 ERROR: vampire.server.feeding.FeedingRecord sendPlayerStartGameMsg [playerId=926511, prey=true, _predatorIndex=]
2009-04-26 14:49:40,979 ERROR: vampire.server.feeding.FeedingRecord sendPlayerStartGameMsg [playerId=385851, prey=false, _predatorIndex=]
2009-04-26 14:50:37,649 ERROR: vampire.server.feeding.FeedingRecord sendPlayerStartGameMsg [playerId=836050, prey=true, _predatorIndex=]
2009-04-26 14:50:37,650 ERROR: vampire.server.feeding.FeedingRecord sendPlayerStartGameMsg [playerId=592692, prey=false, _predatorIndex=]
2009-04-26 14:51:06,517 ERROR: vampire.server.feeding.FeedingRecord sendPlayerStartGameMsg [playerId=54776, prey=true, _predatorIndex=]
2009-04-26 14:51:06,517 ERROR: vampire.server.feeding.FeedingRecord sendPlayerStartGameMsg [playerId=16825, prey=false, _predatorIndex=]
2009-04-26 14:51:33,898 ERROR: vampire.server.feeding.FeedingRecord sendPlayerStartGameMsg [playerId=432820, prey=true, _predatorIndex=]
2009-04-26 14:51:33,899 ERROR: vampire.server.feeding.FeedingRecord sendPlayerStartGameMsg [playerId=769463, prey=false, _predatorIndex=]
2009-04-26 14:51:52,698 ERROR: vampire.server.feeding.FeedingRecord sendPlayerStartGameMsg [playerId=1892, prey=true, _predatorIndex=]
2009-04-26 14:51:52,699 ERROR: vampire.server.feeding.FeedingRecord sendPlayerStartGameMsg [playerId=625266, prey=false, _predatorIndex=]

