
>>>>BeginStats

>>>>BeginTable
PlayerId, StartTime, EndTime, ProgenyPayout, XPFromFeeding, FeedingGames, MeanFeedingScore, BloodBond, Progeny, GrandProgeny, Sire, Level, Invites
101493,1240676231645,1240676251930,0,0,0,0,0,2,2,52887,4,0
103033,undefined,0,123.10000000000001,0,0,0,0,3,0,81899,undefined,undefined
103263,1240668972920,1240668986066,0,0,0,0,0,0,0,181594,1,null
103987,1240668587009,1240669108405,0,152,2,94.5,0,0,0,0,1,null
104507,undefined,0,21.1,0,0,0,0,2,6,57393,undefined,undefined
105402,1240669636785,1240670838044,0,298,3,99.33333333333333,0,0,0,0,1,null
106069,undefined,0,13.9,0,0,0,0,13,0,236834,undefined,undefined
106231,undefined,0,32.8,0,0,0,0,1,0,116005,undefined,undefined
10642,1240673994012,1240675816514,226.65,0,0,0,447249,18,23,351598,13,2
107,undefined,0,99.75000000000001,0,0,0,0,1,5,12770,undefined,undefined
110006,1240673129586,1240674920726,0,301,2,191.5,0,3,3,321365,4,0
112535,1240671284753,1240671437180,0,0,0,0,0,1,1,430717,4,0
112787,1240675471953,0,0,351,3,111.66666666666667,96722,2,1,96722,2,0
11315,1240670567370,1240670839535,0,0,0,0,0,7,6,12,12,4
113203,undefined,0,40,0,0,0,0,1,0,553865,undefined,undefined
114698,1240669189952,1240670375918,0,842,6,138.16666666666666,0,0,0,384125,2,null
115375,1240676174295,0,0,0,0,0,0,0,0,12628,2,0
11600,1240673171736,1240673615340,0,0,0,0,497122,6,0,171581,7,7
116005,undefined,0,16.4,0,0,0,0,1,1,130627,undefined,undefined
116395,1240669793479,1240670745970,0,400,3,97.66666666666667,0,0,0,113203,2,null
117857,undefined,0,10.3,0,0,0,0,3,4,146211,undefined,undefined
12,undefined,0,187.60000000000002,0,0,0,0,19,63,383387,undefined,undefined
121291,1240672131793,1240672137787,0,0,0,0,0,0,0,0,1,null
121984,1240668683618,1240668979942,0,185,1,185,384781,4,5,166,10,2
122907,undefined,0,5.2,0,0,0,0,6,7,251062,undefined,undefined
124503,undefined,0,4.5,0,0,0,0,4,4,170934,undefined,undefined
126451,1240670134477,1240670685866,0,108,1,215,0,2,0,77874,7,1
1265,undefined,0,48.300000000000004,0,0,0,0,5,11,12,undefined,undefined
12770,undefined,0,33.2,0,0,0,0,19,19,383387,undefined,undefined
129222,1240669264552,1240669269700,0,0,0,0,0,0,0,261567,1,0
129494,1240670167435,1240670193216,0,0,0,0,0,0,0,468188,1,null
130244,undefined,0,54.25,0,0,0,0,3,6,237967,undefined,undefined
131355,1240673426763,1240673759800,8.5,278,1,194,0,1,2,461901,4,0
132921,1240668823595,1240670757491,0,149,1,194,0,6,2,211601,6,1
133372,undefined,0,42.2,0,0,0,0,3,0,104507,undefined,undefined
135112,1240672080656,1240672245852,0,0,0,0,0,0,0,0,1,null
135167,1240668173126,1240669394440,0,194,1,215,0,0,0,147608,2,0
140986,1240668241869,1240670258789,0,0,0,0,0,3,0,187381,2,null
141819,1240676314225,1240676353573,0,0,0,0,0,0,0,0,1,null
144829,1240670367838,1240671547452,0,309,3,94.33333333333333,0,0,0,0,1,null
145896,1240676048019,0,164.64999999999998,1741,8,250.12499999999997,479642,5,6,225840,9,2
146211,undefined,0,5.15,0,0,0,0,2,3,258951,undefined,undefined
147608,undefined,0,19.400000000000002,0,0,0,0,7,1,502119,undefined,undefined
147988,undefined,0,5.6000000000000005,0,0,0,0,8,0,307477,undefined,undefined
148760,1240672131159,1240672155015,0,0,0,0,0,0,0,194270,1,0
149684,undefined,0,41,0,0,0,0,4,1,184167,undefined,undefined
149763,1240669469994,1240669999209,0,0,0,0,0,0,0,150179,1,0
151630,1240670185051,1240670195551,0,0,0,0,0,0,0,256746,2,2
155428,1240676171241,0,0,0,0,0,0,0,0,158722,1,0
156489,1240674128615,1240674462738,36.95,705,2,384,154238,12,18,713,5,1
158274,1240674153115,1240674233670,0,1132,7,186.85714285714286,0,0,0,32314,3,null
158608,1240673396054,1240673834692,0,0,0,0,0,0,0,0,1,null
16040,undefined,0,41.800000000000004,0,0,0,0,7,0,3,undefined,undefined
161283,1240667591614,1240668574337,0,103,2,88,0,4,1,117857,4,0
161403,1240671457021,1240674055169,0,703,6,124.5,0,0,0,199278,4,0
163484,undefined,0,5.4,0,0,0,0,11,3,206649,undefined,undefined
164466,1240667797470,1240667803339,0,0,0,0,0,1,1,120307,5,2
166,undefined,0,18.5,0,0,0,0,5,4,578,undefined,undefined
16600,undefined,0,6.800000000000001,0,0,0,0,1,1,209258,undefined,undefined
166157,1240675065529,1240675505503,0,370,2,125,0,0,0,256930,1,null
167153,1240673285887,1240673550431,0,158,1,158,60542,8,16,12,10,5
168158,1240670494026,1240670673139,0,422,3,141,0,0,0,133372,3,2
16825,1240673467878,0,207.65000000000003,66,1,68,0,5,2,4139,4,1
170191,1240669036483,1240670141995,0,796,3,386,0,2,6,202873,9,1
170934,undefined,0,2.25,0,0,0,0,4,10,49732,undefined,undefined
171151,1240667610148,1240668023559,24.700000000000003,247,1,380,77,25,14,21067,13,3
171720,undefined,0,46.25,0,0,0,0,2,1,128013,undefined,undefined
173395,undefined,0,81.25,0,0,0,0,4,3,130244,undefined,undefined
175591,1240674263047,1240676064082,38.1,367,4,85.5,0,2,0,691188,1,null
176491,undefined,0,53.7,0,0,0,0,2,0,54776,undefined,undefined
179423,1240671008748,1240671429730,0,91,1,91,134168,0,0,5212,3,null
182431,1240676044185,0,0,45,1,89,0,0,0,124503,3,0
182932,1240674111743,1240674623367,0,537,4,95,0,0,0,176491,1,0
183040,undefined,0,22.5,0,0,0,0,1,0,53963,undefined,undefined
184167,undefined,0,11.25,0,0,0,0,4,5,113794,undefined,undefined
188109,1240670645079,1240670777549,0,0,0,0,0,0,0,0,1,null
188927,1240673352736,1240673952584,0,328,2,269.5,0,0,0,106231,3,0
190626,1240671823893,1240671829777,0,0,0,0,0,0,0,261567,1,0
191347,1240667466041,1240668356185,0,309,3,100.66666666666667,0,0,0,0,1,null
192080,1240669370802,1240669435965,0,0,0,0,283908,2,7,220964,8,2
19282,1240667910440,1240668297550,0,85,1,85,0,0,0,0,1,null
192883,1240676293868,0,68.80000000000001,0,0,0,0,8,2,210210,7,5
193800,1240672330787,1240672356691,0,0,0,0,0,0,0,20260,3,0
194438,1240673980416,1240674227267,0,0,0,0,0,0,0,109906,1,0
195670,1240667688215,1240667827569,0,0,0,0,0,0,0,328568,2,null
196149,1240672613499,1240672727993,0,0,0,0,0,0,0,185284,3,0
197080,undefined,0,12.55,0,0,0,0,3,1,110178,undefined,undefined
198190,1240673776138,1240674599184,0,242,1,298,0,0,0,0,1,null
199139,1240669499072,1240669519242,0,0,0,0,0,0,0,0,1,null
199166,1240674651592,0,0,744,7,117,0,0,0,175591,1,0
199278,undefined,0,70.30000000000001,0,0,0,0,2,0,322248,undefined,undefined
201089,1240673423225,1240673900493,0,0,0,0,0,0,0,0,1,null
201281,1240667904219,1240667985063,0,0,0,0,0,1,0,447249,3,0
202328,1240669565921,1240672471843,19.5,715,5,128,0,3,0,173395,4,0
202501,1240669724477,1240670127962,0,483,1,321,195736,5,11,1265,11,2
202873,undefined,0,79.60000000000001,0,0,0,0,1,2,341164,undefined,undefined
202994,1240672719671,1240672728309,0,0,0,0,0,0,0,210162,1,0
205330,undefined,0,8.55,0,0,0,0,1,2,273767,undefined,undefined
205535,1240671707829,1240672151108,0,581,2,330.5,0,1,0,95479,6,2
207284,1240676201570,0,0,0,0,0,0,1,1,190182,5,2
20731,1240676184507,0,0,418,3,146,32314,0,0,16040,4,0
208469,1240676220439,0,0,0,0,0,0,0,0,277945,2,0
210210,undefined,0,34.400000000000006,0,0,0,0,4,8,381607,undefined,undefined
21067,undefined,0,37.050000000000004,0,0,0,0,2,25,302907,undefined,undefined
211601,undefined,0,14.9,0,0,0,0,1,6,7078,undefined,undefined
213440,1240676200637,0,0,0,0,0,0,0,0,0,1,0
217312,1240674665772,1240674694040,0,0,0,0,0,0,0,55562,1,null
221787,1240675864049,1240675922501,0,0,0,0,0,0,0,0,1,null
225840,undefined,0,243.75,0,0,0,0,1,5,7078,undefined,undefined
22707,undefined,0,127.50000000000001,0,0,0,0,7,7,8842,undefined,undefined
227953,undefined,0,18.900000000000002,0,0,0,0,2,1,320570,undefined,undefined
228764,undefined,0,67.2,0,0,0,0,1,2,197080,undefined,undefined
22976,1240672132001,1240672151176,0,0,0,0,0,0,0,21751,2,0
23340,undefined,0,10,0,0,0,0,6,6,383387,undefined,undefined
236834,undefined,0,6.95,0,0,0,0,1,13,101493,undefined,undefined
237231,undefined,0,31.6,0,0,0,0,2,19,20260,undefined,undefined
256746,undefined,0,46,0,0,0,0,5,20,61984,undefined,undefined
256930,1240674844712,1240675371711,37,225,2,157,0,1,0,149684,1,0
2606,1240670192990,1240671205573,0,0,0,0,0,0,0,307471,4,0
260838,1240670685775,1240670763185,0,0,0,0,0,0,0,0,1,0
261272,1240671363799,1240672258698,0,195,2,96.5,0,0,0,202328,1,null
261567,undefined,0,63.2,0,0,0,0,19,0,237231,undefined,undefined
268601,1240670456238,1240671179322,0,143,1,143,0,0,0,406790,7,4
269576,1240672607620,1240673869120,0,0,0,0,0,0,0,180571,2,0
280346,undefined,0,50.50000000000001,0,0,0,0,1,5,245338,undefined,undefined
280634,undefined,0,198.0500000000001,0,0,0,0,5,2,280346,undefined,undefined
283899,1240672130915,1240672155018,0,0,0,0,0,0,0,232559,1,0
283908,1240669034403,1240669308001,0,0,0,0,192080,1,0,192080,4,0
2843,undefined,0,20,0,0,0,0,6,8,3383,undefined,undefined
289669,1240672094683,1240672101811,0,0,0,0,0,0,0,120076,1,null
296658,1240675879797,1240676178131,0,107,1,107,0,0,0,299646,2,0
299646,undefined,0,10.700000000000001,0,0,0,0,3,0,69257,undefined,undefined
299688,1240672114911,1240672421858,0,56,1,111,0,0,0,147988,1,null
3,undefined,0,20.900000000000002,0,0,0,0,2,11,383387,undefined,undefined
30158,1240671157862,1240674308491,194.10000000000005,1010,8,119.375,0,2,0,280634,3,null
302907,undefined,0,12.350000000000001,0,0,0,0,2,2,283855,undefined,undefined
304012,1240670880099,1240675289215,0,742,7,111.57142857142857,0,0,0,55982,1,null
304455,1240668804797,1240668859336,0,0,0,0,0,0,0,317371,4,0
306627,1240667515124,1240667524489,0,0,0,0,0,0,0,339642,3,0
307437,1240672172724,1240673984113,0,430,5,90.2,0,0,0,95479,1,null
307477,undefined,0,2.8000000000000003,0,0,0,0,1,8,336500,undefined,undefined
310068,1240669392213,1240669757450,0,51,1,51,0,0,0,94768,1,null
317371,undefined,0,15.05,0,0,0,0,3,3,104507,undefined,undefined
320570,undefined,0,6.300000000000001,0,0,0,0,3,2,17790,undefined,undefined
321365,undefined,0,30.1,0,0,0,0,3,3,317371,undefined,undefined
322248,undefined,0,35.150000000000006,0,0,0,0,2,2,124493,undefined,undefined
32314,1240674201635,1240674203852,113.20000000000002,200,1,287,20731,6,3,40508,12,2
327057,1240674136306,1240675179918,0,0,0,0,0,0,0,132403,3,0
328864,1240669130361,1240669886564,0,414,2,207,0,1,0,36432,5,1
3383,1240670203351,1240670784088,10,0,0,0,968,4,8,12791,13,2
339818,undefined,0,13.600000000000001,0,0,0,0,1,1,16600,undefined,undefined
341164,undefined,0,39.800000000000004,0,0,0,0,1,1,57393,undefined,undefined
346096,1240675764345,0,12.600000000000001,126,1,169,0,1,0,227953,4,1
349238,1240667850992,1240668608840,0,575,4,153,0,0,0,48126,1,null
355917,1240675987534,0,66.7,664,5,182.6,0,5,2,107,5,3
35890,1240668186167,1240670217607,0,462,3,136,0,0,0,567956,1,null
36432,undefined,0,121.10000000000001,0,0,0,0,3,3,44987,undefined,undefined
372617,1240668948571,1240669674012,0,797,3,377,612159,2,0,36432,6,1
376311,1240673039209,1240674019145,0,370,2,231,0,0,0,43386,4,0
380174,undefined,0,17.1,0,0,0,0,2,1,205330,undefined,undefined
380321,1240671296083,1240671653088,0,59,1,59,0,0,0,0,1,0
380351,1240676365368,0,0,0,0,0,0,0,0,0,1,0
380848,1240670474408,1240670595699,0,0,0,0,118789,1,1,130627,4,0
383387,undefined,0,64.1,0,0,0,0,4,46,0,undefined,undefined
384125,1240669325302,1240671901902,84.2,251,1,128,0,2,0,228764,2,0
384427,1240673712115,1240674598925,0,495,3,139.66666666666666,0,0,0,355917,1,null
387496,undefined,0,193,0,0,0,0,1,0,82377,undefined,undefined
390512,1240669417325,1240669627227,0,110,1,111,0,0,0,522658,3,0
402131,1240672137257,1240672155613,0,0,0,0,0,0,0,0,1,0
40508,undefined,0,76.60000000000002,0,0,0,0,4,6,23340,undefined,undefined
406790,undefined,0,14.3,0,0,0,0,1,0,75674,undefined,undefined
409748,1240675864779,1240675894295,0,0,0,0,0,1,1,65584,3,0
413580,undefined,0,22.400000000000002,0,0,0,0,5,0,94072,undefined,undefined
4139,undefined,0,101.25,0,0,0,0,11,5,713,undefined,undefined
43017,1240673231763,1240673386933,0,136,1,170,58859,1,1,339818,9,2
430717,1240670711316,1240671667323,0,460,2,319.5,0,20,9,256746,11,3
430891,1240670517294,1240671326519,0,0,0,0,0,7,4,111249,11,2
43386,undefined,0,37,0,0,0,0,2,0,130244,undefined,undefined
439887,1240675213726,1240675559931,0,224,1,333,0,0,0,413580,5,1
44987,undefined,0,60.550000000000004,0,0,0,0,10,4,12770,undefined,undefined
461901,undefined,0,27.8,0,0,0,0,1,1,968,undefined,undefined
463625,1240672131865,1240672155111,0,0,0,0,0,0,0,169345,1,null
472356,1240672766895,1240673602141,0,0,0,0,0,0,0,20899,1,0
47445,undefined,0,11.3,0,0,0,0,1,3,2843,undefined,undefined
480591,1240672681992,1240672734954,0,0,0,0,0,0,0,128013,1,0
48126,1240675769587,0,50.7,1393,7,220.42857142857142,0,4,1,145896,7,6
489435,1240670552864,1240670728916,0,85,1,85,0,0,0,0,1,null
502119,undefined,0,9.700000000000001,0,0,0,0,6,7,22707,undefined,undefined
510740,1240676138974,0,0,0,0,0,230164,47,30,534632,16,14
511861,1240675923585,0,0,0,0,0,0,0,0,94819,1,0
515651,1240675976032,0,0,0,0,0,0,0,0,0,1,0
520285,1240670721221,1240671082764,0,90,1,90,0,0,0,0,1,null
5212,undefined,0,73.9,0,0,0,0,13,10,156489,undefined,undefined
522658,undefined,0,11,0,0,0,0,5,3,10642,undefined,undefined
524702,1240672131402,1240672154293,0,0,0,0,0,0,0,0,1,null
53030,undefined,0,10.4,0,0,0,0,7,3,122907,undefined,undefined
53198,1240674157468,0,0,419,6,30.166666666666668,0,0,0,0,1,0
532642,1240672131737,1240672153046,0,0,0,0,0,0,0,0,1,null
533764,1240675900221,1240675910381,0,0,0,0,0,0,0,99802,1,0
537491,1240676116013,0,0,73,1,82,0,1,0,7314,2,0
53963,undefined,0,11.25,0,0,0,0,1,1,5842,undefined,undefined
54776,1240672924468,1240673263121,26.85,0,0,0,1062,29,17,89757,13,2
553865,undefined,0,20,0,0,0,0,1,1,174528,undefined,undefined
558132,1240672467186,1240672871443,0,0,0,0,0,0,0,0,1,null
559,1240671991912,1240672034395,0,0,0,0,533,3,0,522658,4,null
55982,1240670952928,1240673315615,74.2,904,9,95.55555555555556,0,1,0,22707,2,0
561972,1240672131304,1240672151727,0,0,0,0,0,1,0,1101,3,1
567956,1240672522279,1240675219240,46.2,925,8,127.5,0,1,0,687509,2,0
578,undefined,0,9.25,0,0,0,0,1,5,12770,undefined,undefined
5842,undefined,0,3.6500000000000004,0,0,0,0,11,11,344937,undefined,undefined
586681,undefined,0,526.9999999999999,0,0,0,0,5,6,10642,undefined,undefined
587627,1240668191668,1240668596008,0,0,0,0,0,0,0,0,1,null
596590,1240671861316,1240671897616,0,0,0,0,0,0,0,0,1,null
597005,1240675682147,1240675911668,0,0,0,0,0,1,1,603011,4,0
597435,1240672869811,1240672906271,0,0,0,0,0,0,0,0,1,null
59991,1240670548013,1240670645678,0,0,0,0,0,0,0,0,1,0
60269,1240669811526,1240670019067,0,0,0,0,0,0,0,0,1,null
610010,1240674699163,1240675527887,0,1231,13,90.84615384615384,0,0,0,103033,3,null
61984,undefined,0,23,0,0,0,0,1,5,61045,undefined,undefined
619967,1240668389889,1240668501770,0,0,0,0,0,0,0,156489,2,null
620394,1240668175036,1240670155260,0,200,1,112,0,1,0,2843,4,null
621,1240672441122,1240673327138,0,0,0,0,677,4,0,3,10,2
623970,1240675965870,0,0,203,2,58.5,0,0,0,95479,1,0
627002,1240672108915,1240672509551,0,304,2,152,0,0,0,0,2,null
631862,1240667483038,1240668811945,0,576,6,93.5,0,0,0,95479,2,null
635003,1240673044677,0,0,1607,14,117.35714285714286,0,0,0,30158,2,0
637686,1240674637192,1240674940510,0,0,0,0,0,0,0,0,1,null
637926,1240674283379,1240674706281,0,130,2,73.5,0,0,0,0,1,null
63810,1240674563838,1240675251670,0,225,2,112.5,0,0,0,183040,1,0
638759,1240669011365,1240669554404,0,688,2,231.5,0,0,0,192883,2,null
641729,1240672131711,1240672155115,0,0,0,0,0,0,0,546231,1,null
642644,1240676314881,1240676345010,0,0,0,0,0,0,0,0,1,null
643987,1240676172832,0,0,0,0,0,0,0,0,0,1,0
648930,1240672887524,1240673590130,0,369,3,103,0,0,0,355917,1,null
657291,1240672132355,1240672146247,0,0,0,0,0,0,0,0,1,null
668234,1240670078212,1240670089787,0,0,0,0,0,0,0,309885,1,null
682107,1240673113586,1240673380485,0,0,0,0,0,0,0,0,1,null
68238,1240675917364,0,0,171,2,81,0,1,0,380174,2,0
682863,1240671787052,1240673560484,0,713,7,95.57142857142857,0,0,0,0,2,null
685023,1240670073237,1240670075657,0,0,0,0,0,1,0,7314,2,null
685965,1240673006318,1240674511919,0,334,2,171.5,0,0,0,30158,1,null
687509,undefined,0,115.60000000000002,0,0,0,0,1,1,171720,undefined,undefined
691188,1240673683415,1240675059119,55.75000000000001,1473,16,85.375,0,1,2,16825,2,null
69257,undefined,0,5.3500000000000005,0,0,0,0,3,3,375444,undefined,undefined
696871,1240675854382,1240675874406,0,0,0,0,0,0,0,0,1,null
70151,1240668351144,1240670806811,0,591,4,177.25,0,0,0,797824,2,null
702557,1240673776133,1240674854433,0,648,4,198.75,0,2,0,5212,3,null
703094,1240667643400,1240667876606,0,104,1,104,0,0,0,53030,1,null
7078,undefined,0,94.5,0,0,0,0,8,4,177916,undefined,undefined
713,undefined,0,73.80000000000001,0,0,0,0,9,26,12,undefined,undefined
714910,1240668527455,1240668589670,0,0,0,0,0,0,0,0,1,null
71724,1240668861813,1240669026005,0,0,0,0,3200,8,1,94103,10,4
729225,undefined,0,17,0,0,0,0,2,0,131355,undefined,undefined
7314,undefined,0,7.300000000000001,0,0,0,0,8,2,5842,undefined,undefined
73342,1240668462610,1240668514580,0,0,0,0,0,0,0,199955,1,null
739731,1240670428942,1240670737586,0,111,1,111,0,0,0,0,1,null
74055,1240672800957,1240672823522,0,0,0,0,0,0,0,0,1,null
755876,1240673385879,1240673620668,0,0,0,0,0,0,0,54776,2,null
75674,undefined,0,7.15,0,0,0,0,1,1,53030,undefined,undefined
763835,1240670837420,1240670854632,0,0,0,0,0,0,0,0,1,null
765610,1240668444393,1240668742866,0,93,1,93,0,0,0,0,1,null
769463,1240676230529,1240676243099,0,0,0,0,0,0,0,0,1,null
773108,undefined,0,55.75,0,0,0,0,4,1,510740,undefined,undefined
775158,1240672131818,1240672155118,0,0,0,0,0,0,0,0,1,null
778166,1240673173099,1240673537901,0,170,1,203,0,0,0,729225,1,null
77874,undefined,0,10.8,0,0,0,0,1,2,163484,undefined,undefined
789031,1240667741077,1240668414970,0,95,1,102,0,0,0,95479,1,null
791358,1240675013759,1240675311680,0,1930,18,109.83333333333333,0,0,0,387496,3,null
794977,1240672131764,1240672155145,0,0,0,0,0,0,0,0,1,null
802319,1240675645717,0,111.5,0,0,0,0,1,3,773108,3,0
807113,1240674738170,1240675001762,0,0,0,0,0,0,0,0,1,null
80870,1240673449181,1240675641388,0,575,7,79.14285714285714,0,0,0,0,1,null
814516,1240670385672,1240670533629,0,0,0,0,0,0,0,47477,2,null
817545,1240669637742,1240669765896,0,0,0,0,0,0,0,0,1,null
817584,1240673368423,1240673798659,0,0,0,0,0,0,0,0,1,null
818983,1240675878126,1240675955294,0,0,0,0,0,0,0,0,1,null
81899,1240670552326,1240674504847,61.550000000000004,1115,6,124.66666666666667,0,3,4,802319,5,1
82377,undefined,0,96.5,0,0,0,0,1,1,184167,undefined,undefined
825997,1240672596029,1240674568359,0,84,1,84,0,0,0,0,1,null
827982,1240672885287,1240672938126,0,0,0,0,0,0,0,0,1,null
828071,1240669611576,1240670151077,0,107,1,107,0,0,0,0,1,null
829825,1240669469368,1240673333017,0,0,0,0,0,0,0,0,1,null
830619,1240674432135,1240674437456,0,0,0,0,0,0,0,0,1,null
835983,1240669673946,1240672596305,0,632,7,104.14285714285714,0,0,0,261567,2,null
847010,1240674125887,1240674777075,0,420,3,108.66666666666667,0,0,0,16825,2,null
848592,1240668852056,1240668871703,0,0,0,0,0,0,0,0,1,null
848881,1240670786072,1240672053547,0,955,6,162.33333333333334,0,0,0,0,1,null
849725,1240667569910,1240668049727,0,122,1,134,0,0,0,0,1,null
851271,1240668422864,1240668680231,0,163,1,153,0,0,0,0,1,null
851607,1240671427237,1240671460464,0,0,0,0,0,0,0,0,1,null
851695,1240668231123,1240668271214,0,0,0,0,0,0,0,0,1,null
852142,1240667372786,1240667995946,0,247,1,113,0,0,0,171151,1,null
853051,1240668465614,1240668478782,0,0,0,0,0,0,0,0,1,null
854667,1240669320182,1240669325210,0,0,0,0,0,0,0,0,1,null
855973,1240669935783,1240669988505,0,0,0,0,0,0,0,0,1,null
857837,1240673467321,1240673506977,0,0,0,0,0,0,0,0,1,null
857945,1240673593377,1240673641861,0,0,0,0,0,0,0,0,1,null
858884,1240673204214,1240673444739,0,0,0,0,0,0,0,16825,1,null
859190,1240673730214,1240673752730,0,0,0,0,0,0,0,0,1,null
859282,1240675490076,0,0,470,4,124.5,0,0,0,0,1,0
859427,1240674113873,1240674618677,0,118,1,132,0,0,0,0,1,null
859852,1240674587485,0,0,476,3,138.66666666666666,0,0,0,175591,1,0
860271,1240675383842,0,0,371,3,109,0,0,0,346096,1,0
88122,1240671123415,1240671177982,0,0,0,0,0,0,0,0,1,null
8842,undefined,0,45.2,0,0,0,0,11,8,1531,undefined,undefined
89496,1240671354138,1240671398872,0,0,0,0,0,1,0,437689,4,0
92388,1240675872821,0,0,139,2,106.5,0,0,0,106069,2,0
931,1240670342665,1240671177457,0,1124,5,343.4,0,3,3,12,11,3
94072,undefined,0,11.200000000000001,0,0,0,0,3,5,96987,undefined,undefined
94819,1240674151269,1240674204024,0,0,0,0,15346,2,0,5842,4,1
95010,1240671810298,1240671848372,0,0,0,0,439277,0,0,149021,5,1
95479,1240675475311,0,169.4,4423,23,205.7826086956522,0,6,1,586681,4,0
95654,1240674695376,1240675047549,0,36,1,71,0,0,0,0,1,null
96722,1240675545653,0,35.1,226,2,120.5,112787,3,4,99126,4,0
968,undefined,0,13.9,0,0,0,0,4,1,1704,undefined,undefined
99126,undefined,0,40.150000000000006,0,0,0,0,3,3,47445,undefined,undefined
<<<<EndTable

PlayersOnlineNow=32
PlayersOnlineEachMinute=0, 5, 7, 9, 10, 12, 14, 15, 14, 15, 16, 13, 13, 14, 17, 19, 17, 17, 19, 19, 19, 15, 16, 15, 16, 16, 15, 16, 18, 17, 16, 18, 18, 19, 20, 20, 20, 20, 22, 22, 18, 21, 20, 21, 19, 20, 18, 20, 17, 18, 19, 19, 23, 22, 26, 25, 24, 19, 18, 17, 18, 20, 19, 19, 16, 16, 18, 20, 18, 19, 18, 18, 16, 17, 19, 20, 18, 18, 18, 20, 20, 20, 18, 19, 18, 19, 18, 18, 21, 23, 22, 22, 23, 22, 22, 24, 27, 29, 30, 30, 30, 31, 33, 32, 28, 26, 28, 29, 27, 25, 23, 22, 21, 25, 28, 26, 27, 27, 27, 26, 24, 22, 24, 24, 23, 24, 23, 22, 21, 21, 20, 18, 16, 14, 14, 13, 14, 15, 15, 19, 22, 21, 24, 22, 24, 24, 25, 28, 32, 31
PlayersInEachFeedingGame=1, 1, 1, 1, 1, 2, 2, 2, 1, 2, 2, 1, 1, 2, 1, 1, 2, 1, 1, 1, 1, 2, 1, 2, 1, 1, 1, 2, 1, 1, 2, 2, 1, 1, 1, 2, 1, 2, 1, 2, 1, 2, 2, 2, 2, 1, 2, 1, 2, 1, 1, 1, 1, 2, 2, 1, 1, 1, 1, 2, 2, 1, 1, 2, 2, 1, 1, 2, 1, 2, 2, 2, 2, 1, 1, 2, 1, 1, 1, 1, 2, 1, 2, 2, 1, 1, 2, 1, 2, 1, 2, 1, 2, 2, 1, 2, 1, 2, 2, 1, 1, 1, 2, 2, 1, 1, 2, 1, 1, 2, 1, 2, 1, 1, 1, 1, 2, 1, 2, 2, 2, 1, 1, 2, 2, 1, 1, 1, 2, 2, 1, 1, 1, 1, 2, 2, 1, 1, 1, 2, 2, 1, 2, 1, 2, 1, 2, 2, 2, 1, 2, 2, 2, 1, 1, 1, 1, 2, 2, 1, 2, 2, 2, 2, 1, 2, 2, 1, 2, 1, 2, 1, 1, 2, 2, 1, 1, 2, 1, 2, 2, 2, 2, 2, 1, 2, 2, 2, 2, 1, 2, 1, 2, 1, 1, 2, 2, 1, 1, 1, 1, 1, 2, 2, 2, 1, 1, 1, 1, 1, 2, 1, 1, 1, 2, 1, 1, 2, 1, 1, 2, 1, 1, 2, 2, 2, 1, 2, 2, 1, 1, 1, 2, 1, 2, 2, 2, 2, 1, 2, 1, 1, 2, 2, 2
PlayersStarted=322
PlayersQuit=290
StatsStartTime=1240667368605
StatsDumpTime=1240676369103
<<<<EndStats
2009-04-25 09:19:39,283 ERROR: vampire.server.feeding.FeedingRecord sendPlayerStartGameMsg [playerId=859282, prey=false, _predatorIndex=]
2009-04-25 09:19:49,977 ERROR: vampire.server.feeding.FeedingRecord sendPlayerStartGameMsg [playerId=635003, prey=false, _predatorIndex=859282]
2009-04-25 09:20:00,579 ERROR: vampire.server.feeding.FeedingRecord sendPlayerStartGameMsg [playerId=635003, prey=false, _predatorIndex=859282,635003]
2009-04-25 09:20:08,355 ERROR: vampire.server.feeding.FeedingRecord sendPlayerStartGameMsg [playerId=199166, prey=false, _predatorIndex=96722]
2009-04-25 09:20:11,541 ERROR: vampire.server.feeding.FeedingRecord sendPlayerStartGameMsg [playerId=48126, prey=true, _predatorIndex=]
2009-04-25 09:20:11,542 ERROR: vampire.server.feeding.FeedingRecord sendPlayerStartGameMsg [playerId=860271, prey=false, _predatorIndex=]
2009-04-25 09:20:28,970 ERROR: vampire.server.feeding.FeedingRecord sendPlayerStartGameMsg [playerId=623970, prey=false, _predatorIndex=]
2009-04-25 09:20:35,996 ERROR: vampire.server.feeding.FeedingRecord sendPlayerStartGameMsg [playerId=199166, prey=false, _predatorIndex=115375]
2009-04-25 09:20:38,358 ERROR: vampire.server.feeding.FeedingRecord sendPlayerStartGameMsg [playerId=16825, prey=true, _predatorIndex=]
2009-04-25 09:20:38,359 ERROR: vampire.server.feeding.FeedingRecord sendPlayerStartGameMsg [playerId=859852, prey=false, _predatorIndex=]
2009-04-25 09:20:49,035 ERROR: vampire.server.feeding.FeedingRecord sendPlayerStartGameMsg [playerId=207284, prey=true, _predatorIndex=]
2009-04-25 09:20:49,035 ERROR: vampire.server.feeding.FeedingRecord sendPlayerStartGameMsg [playerId=355917, prey=false, _predatorIndex=]
2009-04-25 09:20:50,524 ERROR: vampire.server.feeding.FeedingRecord sendPlayerStartGameMsg [playerId=380351, prey=false, _predatorIndex=]
2009-04-25 09:20:51,296 ERROR: vampire.server.feeding.FeedingRecord sendPlayerStartGameMsg [playerId=155428, prey=true, _predatorIndex=]
2009-04-25 09:20:51,296 ERROR: vampire.server.feeding.FeedingRecord sendPlayerStartGameMsg [playerId=643987, prey=false, _predatorIndex=]
2009-04-25 09:20:59,031 ERROR: vampire.server.feeding.FeedingRecord sendPlayerStartGameMsg [playerId=537491, prey=false, _predatorIndex=567956,95654,63810,635003,92388,48126]
2009-04-25 09:21:14,674 ERROR: vampire.server.feeding.FeedingRecord sendPlayerStartGameMsg [playerId=802319, prey=false, _predatorIndex=859282,635003]
2009-04-25 09:21:31,856 ERROR: vampire.server.feeding.FeedingRecord sendPlayerStartGameMsg [playerId=199166, prey=false, _predatorIndex=96722,199166]
2009-04-25 09:21:31,972 ERROR: vampire.server.feeding.FeedingRecord sendPlayerStartGameMsg [playerId=791358, prey=false, _predatorIndex=859282,635003,802319]
2009-04-25 09:21:42,319 ERROR: vampire.server.feeding.FeedingRecord sendPlayerStartGameMsg [playerId=635003, prey=false, _predatorIndex=96722,199166]
2009-04-25 09:21:45,638 ERROR: vampire.server.feeding.FeedingRecord sendPlayerStartGameMsg [playerId=791358, prey=false, _predatorIndex=859282,635003,802319,791358]
2009-04-25 09:21:58,182 ERROR: vampire.server.feeding.FeedingRecord sendPlayerStartGameMsg [playerId=791358, prey=false, _predatorIndex=]
2009-04-25 09:22:21,610 ERROR: vampire.server.feeding.FeedingRecord sendPlayerStartGameMsg [playerId=597005, prey=false, _predatorIndex=380351]
2009-04-25 09:22:29,669 ERROR: vampire.server.feeding.FeedingRecord sendPlayerStartGameMsg [playerId=199166, prey=false, _predatorIndex=96722,199166,635003]
Error! Your code is broken! Unable to call a host method, perhaps you've been shut down? [msg=Room not in game [roomId=1052895], trace=Error: Room not in game [roomId=1052895]
	at com.threerings.msoy.avrg.client::ThaneAVRGameController/getRoomProps()[/export/bamboo/bamboo-home/xml-data/build-dir/WHIRLED-PROD/src/as/com/threerings/msoy/avrg/client/ThaneAVRGameController.as:182]
	at com.threerings.msoy.avrg.client::ThaneAVRGameBackend/room_sendMessage_v1()[/export/bamboo/bamboo-home/xml-data/build-dir/WHIRLED-PROD/src/as/com/threerings/msoy/avrg/client/ThaneAVRGameBackend.as:540]
	at Function/http://adobe.com/AS3/2006/builtin::apply()
	at com.whirled::AbstractControl/callHostCode()
	at Function/http://adobe.com/AS3/2006/builtin::apply()
	at com.whirled::AbstractSubControl/callHostCode()
	at Function/http://adobe.com/AS3/2006/builtin::apply()
	at com.whirled::TargetedSubControl/callHostCode()
	at com.whirled.avrg::RoomSubControlServer/sendMessage()
	at vampire.feeding.server::ServerCtx/sendMessage()
	at vampire.feeding.server::ServerGameMode/onTimeOver()
	at flash.events::EventDispatcher/dispatchEvent()
	at flash.utils::Timer/expire()
	at flash.utils::Timer$/heartbeat()
	at Thane$/heartbeat()
	at Thane$/heartbeat()].
2009-04-25 09:22:41,439 ERROR: vampire.server.feeding.FeedingRecord sendPlayerStartGameMsg [playerId=683540, prey=false, _predatorIndex=]
2009-04-25 09:23:07,556 ERROR: vampire.server.feeding.FeedingRecord sendPlayerStartGameMsg [playerId=48126, prey=false, _predatorIndex=380351,597005]
2009-04-25 09:23:32,539 ERROR: vampire.server.feeding.FeedingRecord sendPlayerStartGameMsg [playerId=537491, prey=false, _predatorIndex=]
2009-04-25 09:24:03,740 ERROR: vampire.server.feeding.FeedingRecord sendPlayerStartGameMsg [playerId=623970, prey=false, _predatorIndex=]
2009-04-25 09:24:03,962 ERROR: vampire.server.feeding.FeedingRecord sendPlayerStartGameMsg [playerId=53198, prey=true, _predatorIndex=]
2009-04-25 09:24:03,962 ERROR: vampire.server.feeding.FeedingRecord sendPlayerStartGameMsg [playerId=145896, prey=false, _predatorIndex=]
2009-04-25 09:24:10,845 ERROR: vampire.server.feeding.FeedingRecord sendPlayerStartGameMsg [playerId=791358, prey=false, _predatorIndex=]
2009-04-25 09:24:15,884 ERROR: vampire.server.feeding.FeedingRecord sendPlayerStartGameMsg [playerId=290644, prey=false, _predatorIndex=]
2009-04-25 09:24:19,320 ERROR: vampire.server.feeding.FeedingRecord sendPlayerStartGameMsg [playerId=791358, prey=false, _predatorIndex=]
2009-04-25 09:24:29,577 ERROR: vampire.server.feeding.FeedingRecord sendPlayerStartGameMsg [playerId=791358, prey=false, _predatorIndex=]
2009-04-25 09:24:30,302 ERROR: vampire.server.feeding.FeedingRecord sendPlayerStartGameMsg [playerId=859282, prey=false, _predatorIndex=]
2009-04-25 09:24:31,849 ERROR: vampire.server.feeding.FeedingRecord sendPlayerStartGameMsg [playerId=68238, prey=true, _predatorIndex=]
2009-04-25 09:24:31,849 ERROR: vampire.server.feeding.FeedingRecord sendPlayerStartGameMsg [playerId=597005, prey=false, _predatorIndex=]
2009-04-25 09:25:03,603 ERROR: vampire.server.feeding.FeedingRecord sendPlayerStartGameMsg [playerId=643987, prey=false, _predatorIndex=]
2009-04-25 09:25:34,773 ERROR: vampire.server.feeding.FeedingRecord sendPlayerStartGameMsg [playerId=199166, prey=false, _predatorIndex=96722,199166,635003]
2009-04-25 09:25:45,875 ERROR: vampire.server.feeding.FeedingRecord sendPlayerStartGameMsg [playerId=48126, prey=true, _predatorIndex=]
2009-04-25 09:25:45,876 ERROR: vampire.server.feeding.FeedingRecord sendPlayerStartGameMsg [playerId=424654, prey=false, _predatorIndex=]
2009-04-25 09:25:47,901 ERROR: vampire.server.feeding.FeedingRecord sendPlayerStartGameMsg [playerId=791358, prey=false, _predatorIndex=]
2009-04-25 09:26:01,137 ERROR: vampire.server.feeding.FeedingRecord sendPlayerStartGameMsg [playerId=791358, prey=false, _predatorIndex=]
2009-04-25 09:26:05,115 ERROR: vampire.server.feeding.FeedingRecord sendPlayerStartGameMsg [playerId=298666, prey=false, _predatorIndex=145896]
2009-04-25 09:26:08,404 ERROR: vampire.server.feeding.FeedingRecord sendPlayerStartGameMsg [playerId=199166, prey=true, _predatorIndex=]
2009-04-25 09:26:08,405 ERROR: vampire.server.feeding.FeedingRecord sendPlayerStartGameMsg [playerId=635003, prey=false, _predatorIndex=]
2009-04-25 09:26:27,165 ERROR: vampire.server.feeding.FeedingRecord sendPlayerStartGameMsg [playerId=537491, prey=true, _predatorIndex=]
2009-04-25 09:26:27,165 ERROR: vampire.server.feeding.FeedingRecord sendPlayerStartGameMsg [playerId=16825, prey=false, _predatorIndex=]
2009-04-25 09:26:45,135 ERROR: vampire.server.feeding.FeedingRecord sendPlayerStartGameMsg [playerId=4139, prey=true, _predatorIndex=]
2009-04-25 09:26:45,136 ERROR: vampire.server.feeding.FeedingRecord sendPlayerStartGameMsg [playerId=20731, prey=false, _predatorIndex=]
2009-04-25 09:27:14,999 ERROR: vampire.server.feeding.FeedingRecord sendPlayerStartGameMsg [playerId=424654, prey=true, _predatorIndex=]
2009-04-25 09:27:15,000 ERROR: vampire.server.feeding.FeedingRecord sendPlayerStartGameMsg [playerId=145896, prey=false, _predatorIndex=]
2009-04-25 09:27:15,732 ERROR: vampire.server.feeding.FeedingRecord sendPlayerStartGameMsg [playerId=597005, prey=false, _predatorIndex=145896]
2009-04-25 09:27:19,739 ERROR: vampire.server.feeding.FeedingRecord sendPlayerStartGameMsg [playerId=791358, prey=false, _predatorIndex=]
2009-04-25 09:27:25,257 ERROR: vampire.server.feeding.FeedingRecord sendPlayerStartGameMsg [playerId=199166, prey=false, _predatorIndex=]
2009-04-25 09:28:04,246 ERROR: vampire.server.feeding.FeedingRecord sendPlayerStartGameMsg [playerId=548201, prey=false, _predatorIndex=145896,597005]
2009-04-25 09:28:06,492 ERROR: vampire.server.feeding.FeedingRecord sendPlayerStartGameMsg [playerId=48126, prey=false, _predatorIndex=145896,597005,548201]
2009-04-25 09:28:38,119 ERROR: vampire.server.feeding.FeedingRecord sendPlayerStartGameMsg [playerId=859282, prey=false, _predatorIndex=]
Error! Your code is broken! Unable to call a host method, perhaps you've been shut down? [msg=Room not in game [roomId=362182], trace=Error: Room not in game [roomId=362182]
	at com.threerings.msoy.avrg.client::ThaneAVRGameController/getRoomProps()[/export/bamboo/bamboo-home/xml-data/build-dir/WHIRLED-PROD/src/as/com/threerings/msoy/avrg/client/ThaneAVRGameController.as:182]
	at com.threerings.msoy.avrg.client::ThaneAVRGameBackend/room_sendMessage_v1()[/export/bamboo/bamboo-home/xml-data/build-dir/WHIRLED-PROD/src/as/com/threerings/msoy/avrg/client/ThaneAVRGameBackend.as:540]
	at Function/http://adobe.com/AS3/2006/builtin::apply()
	at com.whirled::AbstractControl/callHostCode()
	at Function/http://adobe.com/AS3/2006/builtin::apply()
	at com.whirled::AbstractSubControl/callHostCode()
	at Function/http://adobe.com/AS3/2006/builtin::apply()
	at com.whirled::TargetedSubControl/callHostCode()
	at com.whirled.avrg::RoomSubControlServer/sendMessage()
	at vampire.feeding.server::ServerCtx/sendMessage()
	at vampire.feeding.server::ServerGameMode/onTimeOver()
	at flash.events::EventDispatcher/dispatchEvent()
	at flash.utils::Timer/expire()
	at flash.utils::Timer$/heartbeat()
	at Thane$/heartbeat()
	at Thane$/heartbeat()].

>>>>BeginStats

>>>>BeginTable
PlayerId, StartTime, EndTime, ProgenyPayout, XPFromFeeding, FeedingGames, MeanFeedingScore, BloodBond, Progeny, GrandProgeny, Sire, Level, Invites
101493,1240676231645,1240676251930,0,0,0,0,0,2,2,52887,4,0
103033,undefined,0,123.10000000000001,0,0,0,0,3,0,81899,undefined,undefined
103263,1240668972920,1240668986066,0,0,0,0,0,0,0,181594,1,null
103987,1240668587009,1240669108405,0,152,2,94.5,0,0,0,0,1,null
104507,undefined,0,21.1,0,0,0,0,2,6,57393,undefined,undefined
105402,1240669636785,1240670838044,0,298,3,99.33333333333333,0,0,0,0,1,null
106069,undefined,0,17.2,0,0,0,0,13,0,236834,undefined,undefined
106231,undefined,0,32.8,0,0,0,0,1,0,116005,undefined,undefined
10642,1240673994012,1240675816514,226.65,0,0,0,447249,18,23,351598,13,2
107,undefined,0,148.35000000000002,0,0,0,0,1,5,12770,undefined,undefined
110006,1240673129586,1240674920726,0,301,2,191.5,0,3,3,321365,4,0
112535,1240671284753,1240671437180,0,0,0,0,0,1,1,430717,4,0
112787,1240675471953,0,0,961,7,109.28571428571429,96722,2,1,96722,2,0
11315,1240670567370,1240670839535,0,0,0,0,0,7,6,12,12,4
113203,undefined,0,40,0,0,0,0,1,0,553865,undefined,undefined
114698,1240669189952,1240670375918,0,842,6,138.16666666666666,0,0,0,384125,2,null
115375,1240676174295,1240676589737,0,121,1,112,0,0,0,12628,2,0
11600,1240673171736,1240673615340,0,0,0,0,497122,6,0,171581,7,7
116005,undefined,0,16.4,0,0,0,0,1,1,130627,undefined,undefined
116395,1240669793479,1240670745970,0,400,3,97.66666666666667,0,0,0,113203,2,null
117857,undefined,0,10.3,0,0,0,0,3,4,146211,undefined,undefined
12,undefined,0,199.20000000000002,0,0,0,0,19,64,383387,undefined,undefined
121291,1240672131793,1240672137787,0,0,0,0,0,0,0,0,1,null
121984,1240668683618,1240668979942,0,185,1,185,384781,4,5,166,10,2
122907,undefined,0,5.2,0,0,0,0,6,7,251062,undefined,undefined
123249,1240676838918,0,0,0,0,0,0,0,0,204777,7,2
124503,undefined,0,4.5,0,0,0,0,4,4,170934,undefined,undefined
12628,undefined,0,12.100000000000001,0,0,0,0,3,0,296361,undefined,undefined
126451,1240670134477,1240670685866,0,108,1,215,0,2,0,77874,7,1
1265,undefined,0,48.300000000000004,0,0,0,0,5,11,12,undefined,undefined
12770,undefined,0,57.50000000000001,0,0,0,0,19,19,383387,undefined,undefined
129222,1240669264552,1240669269700,0,0,0,0,0,0,0,261567,1,0
129494,1240670167435,1240670193216,0,0,0,0,0,0,0,468188,1,null
130244,undefined,0,54.25,0,0,0,0,3,6,237967,undefined,undefined
131355,1240673426763,1240673759800,8.5,278,1,194,0,1,2,461901,4,0
132921,1240668823595,1240670757491,0,149,1,194,0,6,2,211601,6,1
133372,undefined,0,42.2,0,0,0,0,3,0,104507,undefined,undefined
135112,1240672080656,1240672245852,0,0,0,0,0,0,0,0,1,null
135167,1240668173126,1240669394440,0,194,1,215,0,0,0,147608,2,0
140986,1240668241869,1240670258789,0,0,0,0,0,3,0,187381,2,null
141819,1240676314225,1240676353573,0,0,0,0,0,0,0,0,1,null
143538,undefined,0,5.050000000000001,0,0,0,0,2,15,1531,undefined,undefined
144829,1240670367838,1240671547452,0,309,3,94.33333333333333,0,0,0,0,1,null
145896,1240676048019,0,199.04999999999995,2027,10,234,479642,5,6,225840,9,2
146211,undefined,0,5.15,0,0,0,0,2,3,258951,undefined,undefined
147608,undefined,0,19.400000000000002,0,0,0,0,7,1,502119,undefined,undefined
147988,undefined,0,5.6000000000000005,0,0,0,0,8,0,307477,undefined,undefined
148760,1240672131159,1240672155015,0,0,0,0,0,0,0,194270,1,0
149684,undefined,0,41,0,0,0,0,4,1,184167,undefined,undefined
149763,1240669469994,1240669999209,0,0,0,0,0,0,0,150179,1,0
151630,1240670185051,1240670195551,0,0,0,0,0,0,0,256746,2,2
155428,1240676171241,0,20.1,111,1,115,0,1,0,158722,1,0
156489,1240674128615,1240674462738,36.95,705,2,384,154238,12,18,713,5,1
158274,1240674153115,1240674233670,0,1132,7,186.85714285714286,0,0,0,32314,3,null
158608,1240673396054,1240673834692,0,0,0,0,0,0,0,0,1,null
158722,undefined,0,21.150000000000002,0,0,0,0,3,1,168234,undefined,undefined
16040,undefined,0,74.70000000000002,0,0,0,0,7,0,3,undefined,undefined
161283,1240667591614,1240668574337,0,103,2,88,0,4,1,117857,4,0
161403,1240671457021,1240674055169,0,703,6,124.5,0,0,0,199278,4,0
163484,undefined,0,5.4,0,0,0,0,11,3,206649,undefined,undefined
164466,1240667797470,1240667803339,0,0,0,0,0,1,1,120307,5,2
166,undefined,0,18.5,0,0,0,0,5,4,578,undefined,undefined
16600,undefined,0,6.800000000000001,0,0,0,0,1,1,209258,undefined,undefined
166157,1240675065529,1240675505503,0,370,2,125,0,0,0,256930,1,null
167153,1240673285887,1240673550431,0,158,1,158,60542,8,16,12,10,5
168158,1240670494026,1240670673139,0,422,3,141,0,0,0,133372,3,2
168234,undefined,0,5.550000000000001,0,0,0,0,5,3,100080,undefined,undefined
16825,1240673467878,0,207.65000000000003,371,3,146.66666666666666,0,5,2,4139,4,1
170191,1240669036483,1240670141995,0,796,3,386,0,2,6,202873,9,1
170934,undefined,0,2.25,0,0,0,0,4,10,49732,undefined,undefined
171151,1240667610148,1240668023559,24.700000000000003,247,1,380,77,25,14,21067,13,3
171720,undefined,0,46.25,0,0,0,0,2,1,128013,undefined,undefined
173395,undefined,0,81.25,0,0,0,0,4,3,130244,undefined,undefined
175591,1240674263047,1240676064082,57.800000000000004,367,4,85.5,0,2,0,691188,1,null
176491,undefined,0,53.7,0,0,0,0,2,0,54776,undefined,undefined
179423,1240671008748,1240671429730,0,91,1,91,134168,0,0,5212,3,null
182431,1240676044185,0,0,45,1,89,0,0,0,124503,3,0
182932,1240674111743,1240674623367,0,537,4,95,0,0,0,176491,1,0
183040,undefined,0,22.5,0,0,0,0,1,0,53963,undefined,undefined
184167,undefined,0,11.25,0,0,0,0,4,5,113794,undefined,undefined
188109,1240670645079,1240670777549,0,0,0,0,0,0,0,0,1,null
188927,1240673352736,1240673952584,0,328,2,269.5,0,0,0,106231,3,0
190182,undefined,0,48.60000000000001,0,0,0,0,1,1,73304,undefined,undefined
190626,1240671823893,1240671829777,0,0,0,0,0,0,0,261567,1,0
191347,1240667466041,1240668356185,0,309,3,100.66666666666667,0,0,0,0,1,null
192080,1240669370802,1240669435965,0,0,0,0,283908,2,7,220964,8,2
19282,1240667910440,1240668297550,0,85,1,85,0,0,0,0,1,null
192883,1240676293868,0,68.80000000000001,0,0,0,0,8,2,210210,7,5
193800,1240672330787,1240672356691,0,0,0,0,0,0,0,20260,3,0
194438,1240673980416,1240674227267,0,0,0,0,0,0,0,109906,1,0
195670,1240667688215,1240667827569,0,0,0,0,0,0,0,328568,2,null
196149,1240672613499,1240672727993,0,0,0,0,0,0,0,185284,3,0
197080,undefined,0,12.55,0,0,0,0,3,1,110178,undefined,undefined
198190,1240673776138,1240674599184,0,242,1,298,0,0,0,0,1,null
199139,1240669499072,1240669519242,0,0,0,0,0,0,0,0,1,null
199166,1240674651592,0,0,744,7,117,0,0,0,175591,1,0
199278,undefined,0,70.30000000000001,0,0,0,0,2,0,322248,undefined,undefined
199681,1240676735437,1240676750124,0,0,0,0,0,0,0,0,1,null
201089,1240673423225,1240673900493,0,0,0,0,0,0,0,0,1,null
201281,1240667904219,1240667985063,0,0,0,0,0,1,0,447249,3,0
202328,1240669565921,1240672471843,19.5,715,5,128,0,3,0,173395,4,0
202501,1240669724477,1240670127962,0,483,1,321,195736,5,11,1265,11,2
202873,undefined,0,79.60000000000001,0,0,0,0,1,2,341164,undefined,undefined
202994,1240672719671,1240672728309,0,0,0,0,0,0,0,210162,1,0
205330,undefined,0,12.850000000000001,0,0,0,0,1,2,273767,undefined,undefined
205535,1240671707829,1240672151108,0,581,2,330.5,0,1,0,95479,6,2
207284,1240676201570,1240676623541,0,486,2,252,0,1,1,190182,5,2
20731,1240676184507,0,0,747,5,138.4,32314,0,0,16040,4,0
208469,1240676220439,1240676603218,0,0,0,0,0,0,0,277945,2,0
210210,undefined,0,34.400000000000006,0,0,0,0,4,8,381607,undefined,undefined
21067,undefined,0,37.050000000000004,0,0,0,0,2,25,302907,undefined,undefined
211601,undefined,0,14.9,0,0,0,0,1,6,7078,undefined,undefined
213440,1240676200637,1240676523181,0,121,1,130,0,0,0,0,1,null
217283,1240676874659,0,0,0,0,0,0,9,11,57393,8,3
217312,1240674665772,1240674694040,0,0,0,0,0,0,0,55562,1,null
221787,1240675864049,1240675922501,0,0,0,0,0,0,0,0,1,null
225840,undefined,0,289.55000000000007,0,0,0,0,1,5,7078,undefined,undefined
22707,undefined,0,127.50000000000001,0,0,0,0,7,7,8842,undefined,undefined
227953,undefined,0,32.75,0,0,0,0,2,1,320570,undefined,undefined
228764,undefined,0,67.2,0,0,0,0,1,2,197080,undefined,undefined
22976,1240672132001,1240672151176,0,0,0,0,0,0,0,21751,2,0
23340,undefined,0,10,0,0,0,0,6,6,383387,undefined,undefined
236834,undefined,0,8.6,0,0,0,0,1,13,101493,undefined,undefined
237231,undefined,0,31.6,0,0,0,0,2,19,20260,undefined,undefined
23989,undefined,0,8.700000000000001,0,0,0,0,3,0,55009,undefined,undefined
256746,undefined,0,46,0,0,0,0,5,20,61984,undefined,undefined
256930,1240674844712,1240675371711,37,225,2,157,0,1,0,149684,1,0
259344,undefined,0,10.100000000000001,0,0,0,0,15,0,143538,undefined,undefined
2606,1240670192990,1240671205573,0,0,0,0,0,0,0,307471,4,0
260838,1240670685775,1240670763185,0,0,0,0,0,0,0,0,1,0
261272,1240671363799,1240672258698,0,195,2,96.5,0,0,0,202328,1,null
261567,undefined,0,63.2,0,0,0,0,19,0,237231,undefined,undefined
268601,1240670456238,1240671179322,0,143,1,143,0,0,0,406790,7,4
269576,1240672607620,1240673869120,0,0,0,0,0,0,0,180571,2,0
280346,undefined,0,50.50000000000001,0,0,0,0,1,5,245338,undefined,undefined
280634,undefined,0,213.1500000000001,0,0,0,0,5,2,280346,undefined,undefined
283899,1240672130915,1240672155018,0,0,0,0,0,0,0,232559,1,0
283908,1240669034403,1240669308001,0,0,0,0,192080,1,0,192080,4,0
2843,undefined,0,20,0,0,0,0,6,8,3383,undefined,undefined
289669,1240672094683,1240672101811,0,0,0,0,0,0,0,120076,1,null
290644,1240676517282,1240676957461,0,0,0,0,0,0,0,0,1,null
296361,undefined,0,6.050000000000001,0,0,0,0,3,9,180570,undefined,undefined
296658,1240675879797,1240676178131,0,107,1,107,0,0,0,299646,2,0
298666,1240676717230,0,0,101,1,111,0,0,0,259344,1,0
299646,undefined,0,10.700000000000001,0,0,0,0,3,0,69257,undefined,undefined
299688,1240672114911,1240672421858,0,56,1,111,0,0,0,147988,1,null
3,undefined,0,37.35000000000001,0,0,0,0,2,11,383387,undefined,undefined
30158,1240671157862,1240674308491,224.30000000000007,1010,8,119.375,0,2,0,280634,3,null
302907,undefined,0,12.350000000000001,0,0,0,0,2,2,283855,undefined,undefined
304012,1240670880099,1240675289215,0,742,7,111.57142857142857,0,0,0,55982,1,null
304455,1240668804797,1240668859336,0,0,0,0,0,0,0,317371,4,0
306627,1240667515124,1240667524489,0,0,0,0,0,0,0,339642,3,0
307437,1240672172724,1240673984113,0,430,5,90.2,0,0,0,95479,1,null
307477,undefined,0,2.8000000000000003,0,0,0,0,1,8,336500,undefined,undefined
310068,1240669392213,1240669757450,0,51,1,51,0,0,0,94768,1,null
317371,undefined,0,15.05,0,0,0,0,3,3,104507,undefined,undefined
320570,undefined,0,6.300000000000001,0,0,0,0,3,2,17790,undefined,undefined
321365,undefined,0,30.1,0,0,0,0,3,3,317371,undefined,undefined
322248,undefined,0,35.150000000000006,0,0,0,0,2,2,124493,undefined,undefined
32314,1240674201635,1240674203852,113.20000000000002,200,1,287,20731,6,3,40508,12,2
327057,1240674136306,1240675179918,0,0,0,0,0,0,0,132403,3,0
328864,1240669130361,1240669886564,0,414,2,207,0,1,0,36432,5,1
3383,1240670203351,1240670784088,10,0,0,0,968,4,8,12791,13,2
339818,undefined,0,13.600000000000001,0,0,0,0,1,1,16600,undefined,undefined
341164,undefined,0,39.800000000000004,0,0,0,0,1,1,57393,undefined,undefined
346096,1240675764345,1240676427707,40.300000000000004,126,1,169,0,1,0,227953,4,1
349238,1240667850992,1240668608840,0,575,4,153,0,0,0,48126,1,null
355917,1240675987534,0,66.7,1150,7,197.28571428571428,0,5,2,107,5,3
35890,1240668186167,1240670217607,0,462,3,136,0,0,0,567956,1,null
36432,undefined,0,121.10000000000001,0,0,0,0,3,3,44987,undefined,undefined
372617,1240668948571,1240669674012,0,797,3,377,612159,2,0,36432,6,1
376311,1240673039209,1240674019145,0,370,2,231,0,0,0,43386,4,0
380174,undefined,0,25.700000000000003,0,0,0,0,2,1,205330,undefined,undefined
380321,1240671296083,1240671653088,0,59,1,59,0,0,0,0,1,0
380351,1240676365368,1240676674773,0,88,1,88,0,0,0,0,1,null
380848,1240670474408,1240670595699,0,0,0,0,118789,1,1,130627,4,0
383387,undefined,0,64.1,0,0,0,0,4,46,0,undefined,undefined
384125,1240669325302,1240671901902,84.2,251,1,128,0,2,0,228764,2,0
384427,1240673712115,1240674598925,0,495,3,139.66666666666666,0,0,0,355917,1,null
387496,undefined,0,209.3,0,0,0,0,1,0,82377,undefined,undefined
390512,1240669417325,1240669627227,0,110,1,111,0,0,0,522658,3,0
402131,1240672137257,1240672155613,0,0,0,0,0,0,0,0,1,0
40508,undefined,0,76.60000000000002,0,0,0,0,4,6,23340,undefined,undefined
406790,undefined,0,14.3,0,0,0,0,1,0,75674,undefined,undefined
409748,1240675864779,1240675894295,0,0,0,0,0,1,1,65584,3,0
413580,undefined,0,22.400000000000002,0,0,0,0,5,0,94072,undefined,undefined
4139,1240676764897,0,131.75,232,1,327,16040,11,12,713,14,3
424654,1240676702162,0,0,116,1,103,0,0,0,0,1,0
43017,1240673231763,1240673386933,0,136,1,170,58859,1,1,339818,9,2
430717,1240670711316,1240671667323,0,460,2,319.5,0,20,9,256746,11,3
430891,1240670517294,1240671326519,0,0,0,0,0,7,4,111249,11,2
43386,undefined,0,37,0,0,0,0,2,0,130244,undefined,undefined
439887,1240675213726,1240675559931,0,224,1,333,0,0,0,413580,5,1
44987,undefined,0,60.550000000000004,0,0,0,0,10,4,12770,undefined,undefined
461901,undefined,0,27.8,0,0,0,0,1,1,968,undefined,undefined
463625,1240672131865,1240672155111,0,0,0,0,0,0,0,169345,1,null
472356,1240672766895,1240673602141,0,0,0,0,0,0,0,20899,1,0
47445,undefined,0,41.800000000000004,0,0,0,0,1,3,2843,undefined,undefined
480591,1240672681992,1240672734954,0,0,0,0,0,0,0,128013,1,0
48126,1240675769587,0,50.7,1737,9,206.11111111111111,0,4,1,145896,7,6
489435,1240670552864,1240670728916,0,85,1,85,0,0,0,0,1,null
502119,undefined,0,9.700000000000001,0,0,0,0,6,7,22707,undefined,undefined
510740,1240676138974,0,0,0,0,0,230164,47,30,534632,16,14
511861,1240675923585,0,0,0,0,0,0,0,0,94819,1,0
515651,1240675976032,1240676450436,0,0,0,0,0,0,0,0,1,0
520285,1240670721221,1240671082764,0,90,1,90,0,0,0,0,1,null
5212,undefined,0,73.9,0,0,0,0,13,10,156489,undefined,undefined
522658,undefined,0,11,0,0,0,0,5,3,10642,undefined,undefined
524702,1240672131402,1240672154293,0,0,0,0,0,0,0,0,1,null
53030,undefined,0,10.4,0,0,0,0,7,3,122907,undefined,undefined
53198,1240674157468,0,0,762,10,39.1,0,0,0,0,1,0
532642,1240672131737,1240672153046,0,0,0,0,0,0,0,0,1,null
533764,1240675900221,1240675910381,0,0,0,0,0,0,0,99802,1,0
537491,1240676116013,0,0,432,5,87.4,0,1,0,7314,2,0
53963,undefined,0,11.25,0,0,0,0,1,1,5842,undefined,undefined
54776,1240672924468,1240673263121,26.85,0,0,0,1062,29,17,89757,13,2
548201,1240676723169,0,0,0,0,0,0,0,0,0,1,0
55009,undefined,0,4.3500000000000005,0,0,0,0,1,3,309096,undefined,undefined
553865,undefined,0,20,0,0,0,0,1,1,174528,undefined,undefined
558132,1240672467186,1240672871443,0,0,0,0,0,0,0,0,1,null
559,1240671991912,1240672034395,0,0,0,0,533,3,0,522658,4,null
55982,1240670952928,1240673315615,74.2,904,9,95.55555555555556,0,1,0,22707,2,0
561972,1240672131304,1240672151727,0,0,0,0,0,1,0,1101,3,1
562788,undefined,0,10.100000000000001,0,0,0,0,1,3,409656,undefined,undefined
567956,1240672522279,1240675219240,46.2,925,8,127.5,0,1,0,687509,2,0
578,undefined,0,9.25,0,0,0,0,1,5,12770,undefined,undefined
578918,1240676669526,1240676673158,0,0,0,0,0,0,0,179326,2,0
5842,undefined,0,21.6,0,0,0,0,11,11,344937,undefined,undefined
586681,undefined,0,526.9999999999999,0,0,0,0,5,6,10642,undefined,undefined
587627,1240668191668,1240668596008,0,0,0,0,0,0,0,0,1,null
596590,1240671861316,1240671897616,0,0,0,0,0,0,0,0,1,null
597005,1240676481369,0,0,202,2,129.5,0,1,1,603011,4,0
597435,1240672869811,1240672906271,0,0,0,0,0,0,0,0,1,null
59991,1240670548013,1240670645678,0,0,0,0,0,0,0,0,1,0
60269,1240669811526,1240670019067,0,0,0,0,0,0,0,0,1,null
603011,undefined,0,20.200000000000003,0,0,0,0,3,1,562788,undefined,undefined
610010,1240674699163,1240675527887,0,1231,13,90.84615384615384,0,0,0,103033,3,null
61984,undefined,0,23,0,0,0,0,1,5,61045,undefined,undefined
619967,1240668389889,1240668501770,0,0,0,0,0,0,0,156489,2,null
620394,1240668175036,1240670155260,0,200,1,112,0,1,0,2843,4,null
621,1240672441122,1240673327138,0,0,0,0,677,4,0,3,10,2
623970,1240675965870,1240676731600,0,203,2,58.5,0,0,0,95479,1,null
627002,1240672108915,1240672509551,0,304,2,152,0,0,0,0,2,null
631862,1240667483038,1240668811945,0,576,6,93.5,0,0,0,95479,2,null
635003,1240673044677,0,0,1909,16,130.875,0,0,0,30158,2,0
637686,1240674637192,1240674940510,0,0,0,0,0,0,0,0,1,null
637926,1240674283379,1240674706281,0,130,2,73.5,0,0,0,0,1,null
63810,1240674563838,1240675251670,0,225,2,112.5,0,0,0,183040,1,0
638759,1240669011365,1240669554404,0,688,2,231.5,0,0,0,192883,2,null
641729,1240672131711,1240672155115,0,0,0,0,0,0,0,546231,1,null
642644,1240676314881,1240676345010,0,0,0,0,0,0,0,0,1,null
643987,1240676172832,1240676904300,0,201,2,98,0,0,0,155428,1,null
648930,1240672887524,1240673590130,0,369,3,103,0,0,0,355917,1,null
657291,1240672132355,1240672146247,0,0,0,0,0,0,0,0,1,null
668234,1240670078212,1240670089787,0,0,0,0,0,0,0,309885,1,null
677168,1240676923341,1240676954718,0,0,0,0,0,0,0,0,1,null
682107,1240673113586,1240673380485,0,0,0,0,0,0,0,0,1,null
68238,1240675917364,0,0,257,3,70.33333333333333,0,1,0,380174,2,0
682863,1240671787052,1240673560484,0,713,7,95.57142857142857,0,0,0,0,2,null
683540,1240676516223,0,0,87,1,87,72249,0,0,23989,3,0
685023,1240670073237,1240670075657,0,0,0,0,0,1,0,7314,2,null
685965,1240673006318,1240674511919,0,334,2,171.5,0,0,0,30158,1,null
687509,undefined,0,115.60000000000002,0,0,0,0,1,1,171720,undefined,undefined
691188,1240673683415,1240675059119,65.60000000000001,1473,16,85.375,0,1,2,16825,2,null
69257,undefined,0,5.3500000000000005,0,0,0,0,3,3,375444,undefined,undefined
696871,1240675854382,1240675874406,0,0,0,0,0,0,0,0,1,null
70151,1240668351144,1240670806811,0,591,4,177.25,0,0,0,797824,2,null
702557,1240673776133,1240674854433,0,648,4,198.75,0,2,0,5212,3,null
703094,1240667643400,1240667876606,0,104,1,104,0,0,0,53030,1,null
7078,undefined,0,108.8,0,0,0,0,8,4,177916,undefined,undefined
713,undefined,0,112.25000000000001,0,0,0,0,9,26,12,undefined,undefined
714910,1240668527455,1240668589670,0,0,0,0,0,0,0,0,1,null
71724,1240668861813,1240669026005,0,0,0,0,3200,8,1,94103,10,4
729225,undefined,0,17,0,0,0,0,2,0,131355,undefined,undefined
7314,undefined,0,43.2,0,0,0,0,8,2,5842,undefined,undefined
73304,undefined,0,24.300000000000004,0,0,0,0,2,2,53030,undefined,undefined
73342,1240668462610,1240668514580,0,0,0,0,0,0,0,199955,1,null
739731,1240670428942,1240670737586,0,111,1,111,0,0,0,0,1,null
74055,1240672800957,1240672823522,0,0,0,0,0,0,0,0,1,null
755876,1240673385879,1240673620668,0,0,0,0,0,0,0,54776,2,null
75674,undefined,0,7.15,0,0,0,0,1,1,53030,undefined,undefined
763835,1240670837420,1240670854632,0,0,0,0,0,0,0,0,1,null
765610,1240668444393,1240668742866,0,93,1,93,0,0,0,0,1,null
769463,1240676230529,1240676243099,0,0,0,0,0,0,0,0,1,null
773108,undefined,0,55.75,0,0,0,0,4,1,510740,undefined,undefined
775158,1240672131818,1240672155118,0,0,0,0,0,0,0,0,1,null
778166,1240673173099,1240673537901,0,170,1,203,0,0,0,729225,1,null
77874,undefined,0,10.8,0,0,0,0,1,2,163484,undefined,undefined
789031,1240667741077,1240668414970,0,95,1,102,0,0,0,95479,1,null
791358,1240676719726,0,0,2093,19,112.63157894736842,0,0,0,387496,3,0
794977,1240672131764,1240672155145,0,0,0,0,0,0,0,0,1,null
802319,1240675645717,0,111.5,0,0,0,0,1,3,773108,3,0
807113,1240674738170,1240675001762,0,0,0,0,0,0,0,0,1,null
80870,1240673449181,1240675641388,0,575,7,79.14285714285714,0,0,0,0,1,null
814516,1240670385672,1240670533629,0,0,0,0,0,0,0,47477,2,null
817545,1240669637742,1240669765896,0,0,0,0,0,0,0,0,1,null
817584,1240673368423,1240673798659,0,0,0,0,0,0,0,0,1,null
818983,1240675878126,1240675955294,0,0,0,0,0,0,0,0,1,null
81899,1240670552326,1240674504847,61.550000000000004,1115,6,124.66666666666667,0,3,4,802319,5,1
82377,undefined,0,104.65,0,0,0,0,1,1,184167,undefined,undefined
825997,1240672596029,1240674568359,0,84,1,84,0,0,0,0,1,null
827982,1240672885287,1240672938126,0,0,0,0,0,0,0,0,1,null
828071,1240669611576,1240670151077,0,107,1,107,0,0,0,0,1,null
829825,1240669469368,1240673333017,0,0,0,0,0,0,0,0,1,null
830619,1240674432135,1240674437456,0,0,0,0,0,0,0,0,1,null
835983,1240669673946,1240672596305,0,632,7,104.14285714285714,0,0,0,261567,2,null
836617,1240676381615,1240676391959,0,0,0,0,0,0,0,0,1,null
847010,1240674125887,1240674777075,0,420,3,108.66666666666667,0,0,0,16825,2,null
848592,1240668852056,1240668871703,0,0,0,0,0,0,0,0,1,null
848881,1240670786072,1240672053547,0,955,6,162.33333333333334,0,0,0,0,1,null
849725,1240667569910,1240668049727,0,122,1,134,0,0,0,0,1,null
851271,1240668422864,1240668680231,0,163,1,153,0,0,0,0,1,null
851607,1240671427237,1240671460464,0,0,0,0,0,0,0,0,1,null
851695,1240668231123,1240668271214,0,0,0,0,0,0,0,0,1,null
852142,1240667372786,1240667995946,0,247,1,113,0,0,0,171151,1,null
853051,1240668465614,1240668478782,0,0,0,0,0,0,0,0,1,null
854667,1240669320182,1240669325210,0,0,0,0,0,0,0,0,1,null
855973,1240669935783,1240669988505,0,0,0,0,0,0,0,0,1,null
857837,1240673467321,1240673506977,0,0,0,0,0,0,0,0,1,null
857945,1240673593377,1240673641861,0,0,0,0,0,0,0,0,1,null
858884,1240673204214,1240673444739,0,0,0,0,0,0,0,16825,1,null
859190,1240673730214,1240673752730,0,0,0,0,0,0,0,0,1,null
859282,1240675490076,0,0,677,6,117.5,0,0,0,0,1,0
859427,1240674113873,1240674618677,0,118,1,132,0,0,0,0,1,null
859852,1240674587485,1240676961516,0,673,4,139.5,0,0,0,175591,1,null
860271,1240675383842,0,0,648,4,175.25,0,0,0,346096,1,0
861993,1240676472244,1240676481321,0,0,0,0,0,0,0,0,1,null
862232,1240676850650,1240676885320,0,0,0,0,0,0,0,0,1,null
88122,1240671123415,1240671177982,0,0,0,0,0,0,0,0,1,null
8842,undefined,0,45.2,0,0,0,0,11,8,1531,undefined,undefined
89496,1240671354138,1240671398872,0,0,0,0,0,1,0,437689,4,0
92388,1240675872821,1240676532415,0,172,3,92,0,0,0,106069,2,null
931,1240670342665,1240671177457,0,1124,5,343.4,0,3,3,12,11,3
94072,undefined,0,11.200000000000001,0,0,0,0,3,5,96987,undefined,undefined
94819,1240674151269,1240674204024,0,0,0,0,15346,2,0,5842,4,1
95010,1240671810298,1240671848372,0,0,0,0,439277,0,0,149021,5,1
95479,1240676602302,1240676759139,169.4,4423,23,205.7826086956522,0,6,1,586681,4,null
95654,1240674695376,1240675047549,0,36,1,71,0,0,0,0,1,null
96722,1240675545653,0,96.10000000000001,836,6,169,112787,3,4,99126,4,0
968,undefined,0,13.9,0,0,0,0,4,1,1704,undefined,undefined
99126,undefined,0,131.65000000000003,0,0,0,0,3,3,47445,undefined,undefined
<<<<EndTable

PlayersOnlineNow=29
PlayersOnlineEachMinute=0, 5, 7, 9, 10, 12, 14, 15, 14, 15, 16, 13, 13, 14, 17, 19, 17, 17, 19, 19, 19, 15, 16, 15, 16, 16, 15, 16, 18, 17, 16, 18, 18, 19, 20, 20, 20, 20, 22, 22, 18, 21, 20, 21, 19, 20, 18, 20, 17, 18, 19, 19, 23, 22, 26, 25, 24, 19, 18, 17, 18, 20, 19, 19, 16, 16, 18, 20, 18, 19, 18, 18, 16, 17, 19, 20, 18, 18, 18, 20, 20, 20, 18, 19, 18, 19, 18, 18, 21, 23, 22, 22, 23, 22, 22, 24, 27, 29, 30, 30, 30, 31, 33, 32, 28, 26, 28, 29, 27, 25, 23, 22, 21, 25, 28, 26, 27, 27, 27, 26, 24, 22, 24, 24, 23, 24, 23, 22, 21, 21, 20, 18, 16, 14, 14, 13, 14, 15, 15, 19, 22, 21, 24, 22, 24, 24, 25, 28, 32, 31, 32, 31, 32, 31, 30, 30, 31, 30, 31, 31
PlayersInEachFeedingGame=1, 1, 1, 1, 1, 2, 2, 2, 1, 2, 2, 1, 1, 2, 1, 1, 2, 1, 1, 1, 1, 2, 1, 2, 1, 1, 1, 2, 1, 1, 2, 2, 1, 1, 1, 2, 1, 2, 1, 2, 1, 2, 2, 2, 2, 1, 2, 1, 2, 1, 1, 1, 1, 2, 2, 1, 1, 1, 1, 2, 2, 1, 1, 2, 2, 1, 1, 2, 1, 2, 2, 2, 2, 1, 1, 2, 1, 1, 1, 1, 2, 1, 2, 2, 1, 1, 2, 1, 2, 1, 2, 1, 2, 2, 1, 2, 1, 2, 2, 1, 1, 1, 2, 2, 1, 1, 2, 1, 1, 2, 1, 2, 1, 1, 1, 1, 2, 1, 2, 2, 2, 1, 1, 2, 2, 1, 1, 1, 2, 2, 1, 1, 1, 1, 2, 2, 1, 1, 1, 2, 2, 1, 2, 1, 2, 1, 2, 2, 2, 1, 2, 2, 2, 1, 1, 1, 1, 2, 2, 1, 2, 2, 2, 2, 1, 2, 2, 1, 2, 1, 2, 1, 1, 2, 2, 1, 1, 2, 1, 2, 2, 2, 2, 2, 1, 2, 2, 2, 2, 1, 2, 1, 2, 1, 1, 2, 2, 1, 1, 1, 1, 1, 2, 2, 2, 1, 1, 1, 1, 1, 2, 1, 1, 1, 2, 1, 1, 2, 1, 1, 2, 1, 1, 2, 2, 2, 1, 2, 2, 1, 1, 1, 2, 1, 2, 2, 2, 2, 1, 2, 1, 1, 2, 2, 2, 1, 2, 1, 2, 2, 1, 2, 1, 1, 1, 1, 2, 1, 2, 1, 1, 2, 2, 2, 2, 3, 1, 1
PlayersStarted=340
PlayersQuit=311
StatsStartTime=1240667368605
StatsDumpTime=1240676969173
<<<<EndStats
2009-04-25 09:29:41,966 ERROR: vampire.server.feeding.FeedingRecord sendPlayerStartGameMsg [playerId=635003, prey=false, _predatorIndex=16825]
2009-04-25 09:31:34,191 ERROR: vampire.server.feeding.FeedingRecord sendPlayerStartGameMsg [playerId=4139, prey=true, _predatorIndex=]
2009-04-25 09:31:34,192 ERROR: vampire.server.feeding.FeedingRecord sendPlayerStartGameMsg [playerId=635003, prey=false, _predatorIndex=]
2009-04-25 09:31:43,788 ERROR: vampire.server.feeding.FeedingRecord sendPlayerStartGameMsg [playerId=20731, prey=true, _predatorIndex=]
2009-04-25 09:31:43,789 ERROR: vampire.server.feeding.FeedingRecord sendPlayerStartGameMsg [playerId=108525, prey=false, _predatorIndex=]
2009-04-25 09:32:44,654 ERROR: vampire.server.feeding.FeedingRecord sendPlayerStartGameMsg [playerId=548201, prey=true, _predatorIndex=]
2009-04-25 09:32:44,654 ERROR: vampire.server.feeding.FeedingRecord sendPlayerStartGameMsg [playerId=298666, prey=false, _predatorIndex=]
2009-04-25 09:33:07,015 ERROR: vampire.server.feeding.FeedingRecord sendPlayerStartGameMsg [playerId=111656, prey=true, _predatorIndex=]
2009-04-25 09:33:07,016 ERROR: vampire.server.feeding.FeedingRecord sendPlayerStartGameMsg [playerId=818036, prey=false, _predatorIndex=]
2009-04-25 09:33:11,760 ERROR: vampire.server.feeding.FeedingRecord sendPlayerStartGameMsg [playerId=802319, prey=false, _predatorIndex=]
2009-04-25 09:33:19,426 ERROR: vampire.server.feeding.FeedingRecord sendPlayerStartGameMsg [playerId=791358, prey=false, _predatorIndex=]
2009-04-25 09:33:37,059 ERROR: vampire.server.feeding.FeedingRecord sendPlayerStartGameMsg [playerId=791358, prey=false, _predatorIndex=]
2009-04-25 09:34:17,844 ERROR: vampire.server.feeding.FeedingRecord sendPlayerStartGameMsg [playerId=48126, prey=false, _predatorIndex=]
2009-04-25 09:34:33,765 ERROR: vampire.server.feeding.FeedingRecord sendPlayerStartGameMsg [playerId=108525, prey=false, _predatorIndex=]
2009-04-25 09:35:28,814 ERROR: vampire.server.feeding.FeedingRecord sendPlayerStartGameMsg [playerId=96722, prey=true, _predatorIndex=]
2009-04-25 09:35:28,814 ERROR: vampire.server.feeding.FeedingRecord sendPlayerStartGameMsg [playerId=112787, prey=false, _predatorIndex=]
2009-04-25 09:35:36,933 ERROR: vampire.server.feeding.FeedingRecord sendPlayerStartGameMsg [playerId=818036, prey=false, _predatorIndex=48126]
2009-04-25 09:36:22,357 ERROR: vampire.server.feeding.FeedingRecord sendPlayerStartGameMsg [playerId=355917, prey=false, _predatorIndex=]
2009-04-25 09:36:25,927 ERROR: vampire.server.feeding.FeedingRecord sendPlayerStartGameMsg [playerId=16825, prey=true, _predatorIndex=]
2009-04-25 09:36:25,927 ERROR: vampire.server.feeding.FeedingRecord sendPlayerStartGameMsg [playerId=818036, prey=false, _predatorIndex=]
2009-04-25 09:36:46,919 ERROR: vampire.server.feeding.FeedingRecord sendPlayerStartGameMsg [playerId=111656, prey=true, _predatorIndex=]
2009-04-25 09:36:46,920 ERROR: vampire.server.feeding.FeedingRecord sendPlayerStartGameMsg [playerId=48126, prey=false, _predatorIndex=]
2009-04-25 09:37:18,530 ERROR: vampire.server.feeding.FeedingRecord sendPlayerStartGameMsg [playerId=548201, prey=false, _predatorIndex=]
2009-04-25 09:37:22,534 ERROR: vampire.server.feeding.FeedingRecord sendPlayerStartGameMsg [playerId=638657, prey=false, _predatorIndex=]
2009-04-25 09:37:33,072 ERROR: vampire.server.feeding.FeedingRecord sendPlayerStartGameMsg [playerId=117063, prey=false, _predatorIndex=]
2009-04-25 09:37:51,078 ERROR: vampire.server.feeding.FeedingRecord sendPlayerStartGameMsg [playerId=48126, prey=true, _predatorIndex=]
2009-04-25 09:37:51,079 ERROR: vampire.server.feeding.FeedingRecord sendPlayerStartGameMsg [playerId=791358, prey=false, _predatorIndex=]
2009-04-25 09:38:11,986 ERROR: vampire.server.feeding.FeedingRecord sendPlayerStartGameMsg [playerId=683540, prey=false, _predatorIndex=]
2009-04-25 09:38:13,985 ERROR: vampire.server.feeding.FeedingRecord sendPlayerStartGameMsg [playerId=860271, prey=false, _predatorIndex=]
2009-04-25 09:38:22,338 ERROR: vampire.server.feeding.FeedingRecord sendPlayerStartGameMsg [playerId=217283, prey=true, _predatorIndex=]
2009-04-25 09:38:22,339 ERROR: vampire.server.feeding.FeedingRecord sendPlayerStartGameMsg [playerId=548201, prey=false, _predatorIndex=]
2009-04-25 09:38:31,861 ERROR: vampire.server.feeding.FeedingRecord sendPlayerStartGameMsg [playerId=108525, prey=false, _predatorIndex=]
2009-04-25 09:38:42,854 ERROR: vampire.server.feeding.FeedingRecord sendPlayerStartGameMsg [playerId=117063, prey=false, _predatorIndex=860271]
2009-04-25 09:38:44,167 ERROR: vampire.server.feeding.FeedingRecord sendPlayerStartGameMsg [playerId=818036, prey=false, _predatorIndex=791358]
2009-04-25 09:38:48,594 ERROR: vampire.server.feeding.FeedingRecord sendPlayerStartGameMsg [playerId=703094, prey=false, _predatorIndex=]
2009-04-25 09:38:50,350 ERROR: vampire.server.feeding.FeedingRecord sendPlayerStartGameMsg [playerId=117063, prey=false, _predatorIndex=860271,117063]
2009-04-25 09:38:55,704 ERROR: vampire.server.feeding.FeedingRecord sendPlayerStartGameMsg [playerId=117063, prey=false, _predatorIndex=791358,818036]
2009-04-25 09:39:05,225 ERROR: vampire.server.feeding.FeedingRecord sendPlayerStartGameMsg [playerId=818036, prey=false, _predatorIndex=]
2009-04-25 09:39:05,954 ERROR: vampire.server.feeding.FeedingRecord sendPlayerStartGameMsg [playerId=117063, prey=false, _predatorIndex=860271,117063]
2009-04-25 09:39:23,335 ERROR: vampire.server.feeding.FeedingRecord sendPlayerStartGameMsg [playerId=355917, prey=false, _predatorIndex=]

