
>>>>BeginStats

>>>>BeginTable
PlayerId, StartTime, EndTime, ProgenyPayout, XPFromFeeding, FeedingGames, MeanFeedingScore, BloodBond, Progeny, GrandProgeny, Sire, Level, Invites
1012813, , , 189.00000000000003, 0, 0, 0, 0, 6, 22, 54776, , 
101551, 1241658978366, , 0, 399, 3, 116, 0, 0, 0, 147608, 1, 0
102595, 1241655438226, 1241656556966, 0, 623, 4, 141.75, 0, 0, 0, 1255618, 1, 
10260, 1241648191529, , 1135.1, 7952, 23, 285.04347826086956, 8527, 9, 9, 713, 15, 2
103033, 1241651083948, 1241653482702, 105.3, 954, 6, 133.5, 767143, 12, 13, 81899, 6, 1
1032421, 1241656721314, , 13.5, 2407, 8, 343.625, 0, 7, 1, 990799, 7, 1
1032648, , , 13.600000000000001, 0, 0, 0, 0, 4, 2, 234337, , 
104034, 1241656913236, 1241657055906, 0, 0, 0, 0, 0, 2, 2, 77353, 5, 2
1047840, 1241656045239, , 47.00000000000001, 599, 4, 178.25, 1106386, 4, 0, 408501, 5, 1
1049221, 1241655431118, 1241655475554, 0, 0, 0, 0, 0, 0, 0, 130730, 1, 
1054291, 1241657099678, 1241658166985, 0, 806, 4, 159, 0, 0, 0, 367452, 1, 
1062, 1241652159577, 1241654696972, 0, 6598, 16, 361.9375, 17790, 11, 7, 713, 16, 2
1062853, , , 29.950000000000003, 0, 0, 0, 0, 9, 1, 1124214, , 
10642, 1241654332823, 1241654711812, 0, 6556, 10, 724.6, 447249, 32, 46, 351598, 15, 2
1068802, 1241657233726, 1241657754480, 0, 851, 3, 129.33333333333334, 0, 0, 0, 0, 1, 
107444, 1241654076637, 1241654111156, 0, 0, 0, 0, 0, 0, 0, 10642, 1, 0
1077614, 1241655472609, 1241656023151, 70.2, 155, 1, 155, 0, 2, 2, 836050, 3, 1
107779, 1241657688004, 1241657900571, 0, 0, 0, 0, 0, 0, 0, 0, 1, 
108279, , , 73.8, 0, 0, 0, 0, 2, 1, 172623, , 
1085912, 1241648170425, 1241650144122, 0, 1223, 7, 187, 0, 0, 0, 16807, 3, 
1086242, , , 93.5, 0, 0, 0, 0, 1, 0, 39030, , 
1086396, 1241652972360, 1241653436171, 0, 0, 0, 0, 0, 0, 0, 1010692, 2, 
1089041, 1241654561255, 1241658223271, 0, 1578, 17, 85.29411764705883, 0, 0, 0, 10260, 3, 
1090147, 1241654501018, 1241654534938, 0, 0, 0, 0, 0, 0, 0, 0, 1, 
1090442, 1241658834328, 1241658871290, 0, 0, 0, 0, 0, 3, 5, 797824, 4, 
1090611, 1241653816043, , 0, 136, 1, 180, 1032874, 2, 0, 1032648, 4, 0
1092321, , , 189.35, 0, 0, 0, 0, 29, 31, 35568, , 
109238, 1241655389981, 1241655710953, 0, 393, 2, 118.5, 0, 0, 0, 592692, 1, 
1100116, 1241656862281, 1241657337210, 0, 341, 3, 114, 0, 0, 0, 103033, 2, 
1109831, 1241651571982, 1241651604096, 0, 0, 0, 0, 0, 0, 0, 0, 1, 
1110327, 1241657186353, 1241658416947, 0, 953, 4, 140.75, 0, 0, 0, 336524, 1, 
1111604, 1241658187132, , 0, 97, 1, 93, 1254726, 0, 0, 103033, 2, 0
1114188, 1241652775773, 1241654096994, 0, 935, 6, 87.16666666666667, 110446, 0, 0, 1086242, 3, 
1114884, 1241649489433, 1241649714156, 0, 0, 0, 0, 0, 1, 0, 998652, 2, 
1115706, 1241658317017, 1241658702844, 0, 0, 0, 0, 0, 0, 0, 0, 1, 
1117110, 1241653687922, 1241653698873, 0, 0, 0, 0, 0, 0, 0, 0, 1, 
1118266, 1241657574216, 1241658745102, 0, 878, 4, 137.5, 0, 0, 0, 52818, 1, 
1122449, , , 141.75, 0, 0, 0, 0, 10, 2, 555728, , 
1124156, 1241658973689, , 0, 210, 1, 291, 269484, 6, 2, 184671, 6, 1
1125502, 1241653585727, 1241654249778, 0, 157, 1, 157, 0, 0, 0, 193495, 1, 
1126061, 1241650932578, 1241651200958, 59.00000000000001, 229, 1, 229, 0, 2, 1, 52350, 3, 2
113162, 1241650013601, 1241651873528, 0, 621, 3, 92, 0, 0, 0, 154004, 1, 
113237, , , 7.75, 0, 0, 0, 0, 9, 19, 10642, , 
113794, , , 100.5, 0, 0, 0, 0, 3, 5, 94657, , 
1145581, 1241659299123, , 0, 590, 3, 154, 0, 0, 0, 1126061, 2, 0
1148755, , , 35.5, 0, 0, 0, 0, 21, 1, 1092321, , 
114959, 1241653955254, 1241654005895, 0, 0, 0, 0, 0, 0, 0, 0, 1, 
1154088, 1241650502302, 1241650506786, 0, 0, 0, 0, 0, 0, 0, 0, 1, 
11600, , , 98.1, 0, 0, 0, 0, 7, 0, 171581, , 
1162172, 1241659181566, , 0, 1991, 10, 193.4, 1181188, 0, 0, 835426, 3, 0
1162208, 1241658769297, 1241658782308, 0, 0, 0, 0, 0, 0, 0, 227007, 1, 
1164574, 1241656547720, 1241656601991, 0, 0, 0, 0, 0, 0, 0, 43386, 1, 
1167886, 1241655426774, 1241655663856, 0, 109, 1, 109, 0, 0, 0, 0, 1, 
1170170, 1241653243427, 1241653250194, 0, 0, 0, 0, 0, 0, 0, 0, 1, 
117382, 1241655977402, 1241657037011, 0, 702, 5, 133, 0, 0, 0, 1077614, 1, 
118011, 1241651377358, 1241655307775, 0, 2358, 11, 166.9090909090909, 0, 0, 0, 0, 4, 
1181188, 1241649108382, 1241653536699, 0, 6057, 27, 218.1851851851852, 1162172, 0, 0, 192883, 3, 
1192337, , , 385.50000000000006, 0, 0, 0, 0, 17, 21, 1012813, , 
1199648, 1241651040200, 1241653016985, 0, 222, 2, 121.5, 0, 1, 0, 394001, 3, 1
12, , , 1835.4500000000003, 0, 0, 0, 0, 20, 84, 383387, , 
1214060, 1241652758863, 1241653556992, 0, 307, 3, 96.66666666666667, 0, 0, 0, 0, 1, 
1217334, 1241659240166, , 0, 135, 1, 83, 0, 0, 0, 1032421, 2, 0
1219016, 1241651601093, 1241651613281, 0, 0, 0, 0, 0, 0, 0, 0, 1, 
1222623, 1241654692244, 1241656155850, 0, 615, 4, 158.75, 0, 0, 0, 103033, 2, 
1228272, 1241658579782, 1241659295895, 0, 467, 4, 152, 0, 0, 0, 70997, 3, 
1228337, 1241654109592, 1241654795411, 0, 259, 2, 128.5, 0, 0, 0, 142290, 1, 
122907, , , 95.7, 0, 0, 0, 0, 6, 10, 251062, , 
1239827, 1241658530560, 1241658548888, 0, 0, 0, 0, 0, 0, 0, 0, 1, 
1246027, 1241649182545, 1241649731335, 0, 511, 3, 128, 0, 0, 0, 155004, 1, 
1251045, 1241650652011, 1241650828276, 0, 0, 0, 0, 0, 0, 0, 54776, 1, 
125207, 1241652889655, 1241654139361, 0, 316, 2, 181, 273503, 1, 0, 544643, 4, 0
125347, 1241657654857, 1241657895087, 35.9, 359, 2, 185.5, 0, 1, 0, 561527, 1, 0
1254611, 1241650098812, 1241650866584, 0, 215, 2, 87, 0, 0, 0, 1148755, 2, 
1254826, 1241652608158, 1241652632551, 0, 0, 0, 0, 0, 0, 0, 0, 1, 
1255618, 1241654030281, , 108.10000000000001, 1711, 13, 106.38461538461539, 0, 2, 0, 206148, 3, 0
1257694, 1241656540749, 1241656589789, 0, 0, 0, 0, 0, 0, 0, 0, 1, 
126411, 1241648726895, 1241648876981, 0, 0, 0, 0, 0, 0, 0, 1261178, 1, 
1265, , , 297.75, 0, 0, 0, 0, 15, 29, 12, , 
127073, 1241657744852, 1241657869005, 0, 0, 0, 0, 0, 1, 0, 155161, 5, 1
1272291, 1241655315797, 1241655329644, 0, 0, 0, 0, 0, 0, 0, 0, 1, 
1273588, 1241648983967, 1241649054183, 0, 198, 1, 107, 0, 0, 0, 0, 1, 
1274543, 1241657574230, 1241657836082, 0, 359, 2, 172.5, 0, 0, 0, 125347, 1, 
1275512, 1241652083553, 1241653196977, 0, 987, 4, 208.5, 0, 0, 0, 0, 1, 
1275561, 1241656051761, 1241656258084, 0, 736, 4, 184.75, 0, 0, 0, 772113, 1, 
12770, , , 46.7, 0, 0, 0, 0, 23, 27, 383387, , 
127763, , , 397.15000000000003, 0, 0, 0, 0, 2, 6, 143278, , 
1278812, 1241656795424, , 0, 165, 1, 89, 0, 0, 0, 0, 1, 0
1278910, 1241656221694, 1241656277307, 0, 0, 0, 0, 0, 0, 0, 0, 1, 
1279627, 1241657968814, 1241658079366, 0, 981, 6, 123.83333333333333, 0, 0, 0, 524637, 1, 
1279761, 1241657929958, , 0, 1059, 5, 119.2, 0, 0, 0, 0, 2, 0
128013, 1241654538517, 1241654835343, 23.8, 238, 2, 97, 0, 4, 3, 254152, 4, 1
1281598, 1241650332521, 1241650870885, 0, 104, 1, 104, 0, 0, 0, 0, 1, 
1283799, 1241656519529, 1241656898061, 0, 167, 1, 132, 1138221, 0, 0, 971101, 2, 
1294083, 1241654600380, 1241654686759, 0, 0, 0, 0, 0, 0, 0, 0, 1, 
1296205, 1241653230148, 1241653313902, 0, 0, 0, 0, 0, 0, 0, 0, 1, 
1297898, 1241648394951, 1241648876990, 0, 76, 1, 152, 0, 0, 0, 0, 1, 
1299519, 1241649894416, 1241649940768, 0, 0, 0, 0, 0, 0, 0, 0, 1, 
1299564, 1241649345402, 1241649953399, 0, 605, 2, 123, 0, 0, 0, 0, 1, 
1299864, 1241654014695, 1241654025399, 0, 0, 0, 0, 0, 0, 0, 0, 1, 
1299968, 1241649285523, 1241650550784, 0, 0, 0, 0, 0, 0, 0, 0, 1, 
1300832, 1241650121667, 1241650133309, 0, 0, 0, 0, 0, 0, 0, 0, 1, 
1301041, 1241650384475, 1241650386187, 0, 0, 0, 0, 0, 0, 0, 0, 1, 
1301360, 1241654741407, 1241655586002, 0, 481, 4, 83.25, 0, 0, 0, 1255618, 1, 
1301749, 1241655960947, 1241656002671, 0, 0, 0, 0, 0, 0, 0, 0, 1, 
1302055, 1241655684120, 1241655725405, 0, 0, 0, 0, 0, 0, 0, 0, 1, 
1302207, 1241657792170, 1241657850312, 0, 0, 0, 0, 0, 0, 0, 0, 1, 
1302236, 1241655846749, 1241655852289, 0, 0, 0, 0, 0, 0, 0, 0, 1, 
1302314, 1241655956228, 1241655992082, 0, 0, 0, 0, 0, 0, 0, 0, 1, 
1302323, 1241658659275, 1241658708446, 0, 0, 0, 0, 0, 0, 0, 0, 1, 
130967, 1241650432722, 1241651568885, 0, 987, 5, 109.2, 0, 0, 0, 70997, 1, 
135526, , , 8.35, 0, 0, 0, 0, 11, 1, 162782, , 
1362, , , 51.7, 0, 0, 0, 0, 4, 1, 77353, , 
137127, , , 44.5, 0, 0, 0, 0, 1, 9, 2843, , 
138787, 1241658616810, 1241658781458, 0, 84, 1, 84, 0, 0, 0, 485223, 1, 0
140573, 1241656942757, 1241656986048, 0, 0, 0, 0, 0, 0, 0, 178528, 3, 0
142290, 1241651659313, 1241655521148, 11.200000000000001, 1543, 9, 156, 0, 2, 0, 296658, 3, 
143278, , , 157.95, 0, 0, 0, 0, 8, 7, 137000, , 
143501, 1241653812816, 1241653856977, 0, 1814, 8, 114.75, 0, 3, 8, 326885, 8, 2
145497, , , 85.45, 0, 0, 0, 0, 1, 2, 1062853, , 
145609, 1241656125632, 1241656316967, 0, 0, 0, 0, 369307, 5, 4, 92300, 4, 0
147608, , , 57.85, 0, 0, 0, 0, 8, 1, 502119, , 
14825, , , 14.4, 0, 0, 0, 0, 5, 0, 171151, , 
149486, 1241656348342, 1241658416963, 0, 566, 5, 97, 0, 0, 0, 1047840, 1, 
152578, , , 13.600000000000001, 0, 0, 0, 0, 3, 2, 208699, , 
154004, 1241654625622, 1241655272384, 35.6, 2300, 8, 419.875, 561706, 10, 6, 90041, 4, 0
155004, 1241649156502, 1241650014031, 51.10000000000001, 599, 4, 203, 0, 2, 0, 145497, 3, 
161001, 1241650970680, 1241653962932, 0, 505, 4, 126.25, 0, 1, 2, 377820, 4, 5
165133, 1241648107236, 1241648118495, 0, 0, 0, 0, 0, 0, 0, 206908, 2, 0
16514, 1241648434455, 1241649866816, 0, 0, 0, 0, 44929, 5, 8, 1062, 4, 0
166371, , , 261.7, 0, 0, 0, 0, 4, 11, 267622, , 
16807, 1241648224425, 1241649523211, 122.30000000000003, 258, 2, 85, 0, 2, 0, 592692, 4, 0
16825, 1241651195099, 1241651603590, 0, 0, 0, 0, 0, 14, 7, 4139, 6, 1
168422, 1241656039522, 1241656375967, 0, 0, 0, 0, 0, 1, 5, 181695, 4, 0
169491, 1241658107096, 1241658113090, 0, 0, 0, 0, 0, 0, 0, 36377, 3, 0
170046, 1241652971111, 1241653971356, 0, 738, 3, 248, 108279, 1, 0, 108279, 4, 2
170191, , , 102.30000000000001, 0, 0, 0, 0, 3, 8, 202873, , 
171151, , , 399.95000000000005, 0, 0, 0, 0, 39, 7, 21067, , 
171513, 1241659073697, , 10.5, 1023, 4, 301.5, 0, 8, 7, 170191, 12, 2
171581, , , 49.05, 0, 0, 0, 0, 1, 7, 73304, , 
172329, , , 11.9, 0, 0, 0, 0, 3, 2, 371496, , 
172623, , , 36.9, 0, 0, 0, 0, 2, 2, 144144, , 
175892, 1241654307514, 1241654321748, 0, 0, 0, 0, 0, 0, 0, 190545, 3, 0
17790, 1241658955120, , 0, 878, 1, 1111, 1062, 12, 13, 20260, 15, 3
18026, , , 81.25, 0, 0, 0, 0, 2, 3, 67662, , 
181264, , , 62.6, 0, 0, 0, 0, 2, 2, 3812, , 
181613, , , 29.900000000000002, 0, 0, 0, 0, 1, 0, 61609, , 
184167, , , 201, 0, 0, 0, 0, 5, 2, 113794, , 
184671, , , 21, 0, 0, 0, 0, 1, 6, 171513, , 
186023, 1241655936878, 1241655983542, 0, 0, 0, 0, 0, 0, 0, 0, 1, 
187326, 1241649561187, 1241649564335, 0, 0, 0, 0, 0, 2, 0, 194202, 5, 1
187381, 1241652285764, 1241654514953, 0, 1513, 5, 442, 211710, 7, 4, 2843, 8, 1
1892, 1241650945727, 1241651366191, 0, 455, 1, 287, 33511, 20, 6, 995, 12, 2
1923, 1241658771569, , 0, 0, 0, 0, 0, 0, 0, 995, 4, 0
192883, 1241650776955, 1241651711437, 415.6000000000001, 587, 2, 399.5, 0, 9, 3, 210210, 7, 5
193495, , , 15.700000000000001, 0, 0, 0, 0, 1, 0, 171151, , 
193673, 1241650656621, 1241650664555, 0, 0, 0, 0, 0, 0, 0, 366650, 1, 
195736, , , 130.55, 0, 0, 0, 0, 6, 30, 334835, , 
197740, , , 19.400000000000002, 0, 0, 0, 0, 2, 0, 208241, , 
198149, , , 35.5, 0, 0, 0, 0, 1, 7, 380604, , 
199427, , , 498.6000000000001, 0, 0, 0, 0, 1, 4, 208602, , 
201113, 1241655325253, 1241657246140, 0, 119, 1, 119, 0, 0, 0, 0, 1, 
20260, , , 482.25, 0, 0, 0, 0, 18, 17, 12, , 
202873, , , 51.150000000000006, 0, 0, 0, 0, 1, 3, 341164, , 
205535, 1241648566034, 1241648618575, 0, 0, 0, 0, 0, 2, 2, 95479, 7, 2
205624, 1241655643800, 1241655896296, 0, 197, 1, 126, 0, 0, 0, 543921, 2, 
206148, 1241648559350, 1241650184173, 225.14999999999995, 562, 3, 147.33333333333334, 0, 1, 2, 1122449, 3, 
208241, , , 9.700000000000001, 0, 0, 0, 0, 2, 2, 235686, , 
208379, 1241652195301, 1241652753851, 0, 179, 1, 159, 0, 0, 0, 0, 1, 
208531, 1241652173953, 1241652656975, 0, 281, 2, 150, 0, 0, 0, 0, 1, 
208602, , , 249.30000000000004, 0, 0, 0, 0, 7, 2, 351626, , 
208699, , , 6.800000000000001, 0, 0, 0, 0, 4, 3, 36200, , 
210163, , , 210.25, 0, 0, 0, 0, 12, 19, 255725, , 
210210, , , 266.5000000000001, 0, 0, 0, 0, 4, 13, 381607, , 
21067, , , 192.45, 0, 0, 0, 0, 2, 39, 302907, , 
211527, 1241650784293, 1241651516985, 0, 194, 1, 194, 0, 0, 0, 197740, 1, 
217283, 1241659111716, 1241659337488, 0, 0, 0, 0, 532467, 57, 25, 57393, 12, 22
22279, 1241654880880, 1241657043889, 0, 2295, 12, 166.08333333333334, 0, 0, 0, 0, 2, 
22707, , , 12.3, 0, 0, 0, 0, 2, 15, 8842, , 
23340, 1241659392124, , 0, 0, 0, 0, 0, 10, 14, 383387, 20, 11
234337, , , 6.800000000000001, 0, 0, 0, 0, 1, 4, 97523, , 
246356, , , 15.700000000000001, 0, 0, 0, 0, 5, 3, 54776, , 
247802, 1241651989390, 1241652229383, 0, 0, 0, 0, 0, 0, 0, 191984, 1, 
24814, 1241659271047, , 0, 136, 1, 144, 798148, 2, 0, 152578, 3, 0
254152, , , 35.7, 0, 0, 0, 0, 2, 4, 172329, , 
256297, 1241655625233, 1241656196946, 0, 0, 0, 0, 0, 1, 1, 367452, 3, 0
258951, 1241656752468, 1241659219036, 205.30000000000004, 2526, 7, 486.2857142857143, 318242, 23, 31, 1265, 12, 17
259344, , , 6, 0, 0, 0, 0, 23, 7, 143538, , 
267622, , , 110.9, 0, 0, 0, 0, 2, 4, 1632, , 
268217, 1241656649606, 1241656670616, 0, 0, 0, 0, 0, 0, 0, 0, 1, 0
268302, 1241648123210, 1241648600326, 0, 150, 1, 141, 0, 0, 0, 57748, 1, 
269484, 1241659029089, 1241659047907, 79.80000000000001, 2218, 8, 344, 1124156, 10, 0, 166371, 9, 2
271936, 1241657241168, 1241657756979, 0, 0, 0, 0, 0, 3, 0, 887964, 4, 
276660, 1241650536023, 1241651289211, 0, 114, 1, 140, 0, 0, 0, 380650, 2, 2
277396, 1241652820421, 1241654890299, 0, 0, 0, 0, 0, 0, 0, 0, 1, 
280766, 1241658847416, 1241658857824, 0, 0, 0, 0, 0, 0, 0, 83959, 4, 0
283305, 1241648169019, 1241655025874, 333.84999999999997, 2405, 8, 222, 544450, 3, 9, 497122, 8, 3
284188, 1241654397285, 1241655076412, 0, 247, 2, 64.5, 0, 0, 0, 283305, 1, 
2843, , , 151.3, 0, 0, 0, 0, 8, 8, 3383, , 
291108, 1241659258497, , 0, 121, 1, 141, 0, 0, 0, 0, 1, 0
296658, , , 159.9, 0, 0, 0, 0, 9, 2, 299646, , 
298666, , , 12, 0, 0, 0, 0, 7, 0, 259344, , 
299646, , , 77.15, 0, 0, 0, 0, 4, 9, 69257, , 
304929, , , 93.2, 0, 0, 0, 0, 9, 1, 137127, , 
304966, 1241651190634, 1241651609015, 0, 517, 2, 152.5, 0, 1, 0, 1362, 3, 1
307471, , , 320.45000000000005, 0, 0, 0, 0, 1, 10, 12, , 
30940, 1241648880965, 1241651204629, 0, 0, 0, 0, 0, 0, 0, 8842, 4, 
311622, 1241654340162, 1241656016958, 0, 0, 0, 0, 0, 0, 0, 0, 1, 
321365, , , 11.100000000000001, 0, 0, 0, 0, 3, 1, 317371, , 
32169, 1241656048812, , 0, 9773, 20, 588.7, 219, 8, 0, 10260, 14, 5
326885, , , 181.40000000000003, 0, 0, 0, 0, 2, 3, 68619, , 
32750, 1241654639733, 1241654984055, 0, 0, 0, 0, 0, 0, 0, 32169, 1, 
329542, 1241652971900, 1241652983490, 0, 0, 0, 0, 0, 0, 0, 0, 1, 0
33311, 1241653859848, 1241654588649, 0, 386, 3, 128.66666666666666, 0, 0, 0, 0, 1, 
334835, , , 41.45, 0, 0, 0, 0, 2, 7, 143501, , 
33511, 1241652099811, 1241652363354, 0, 157, 1, 124, 1892, 1, 0, 246356, 9, 4
336228, , , 695.6000000000001, 0, 0, 0, 0, 10, 15, 307471, , 
336524, 1241656720646, , 95.30000000000001, 829, 2, 513, 101052, 22, 6, 195736, 11, 2
3383, , , 75.65, 0, 0, 0, 0, 6, 8, 12791, , 
341047, 1241658698966, 1241659329745, 0, 0, 0, 0, 0, 2, 0, 0, 4, 6
344937, , , 47.3, 0, 0, 0, 0, 1, 12, 251062, , 
345939, 1241657443047, 1241658193287, 0, 0, 0, 0, 3811, 0, 0, 544450, 3, 0
351430, 1241654616309, 1241657303664, 109.4, 6409, 18, 380.72222222222223, 336228, 14, 46, 336228, 13, 2
351598, , , 655.5999999999999, 0, 0, 0, 0, 1, 32, 359624, , 
35568, , , 31.1, 0, 0, 0, 0, 2, 29, 258951, , 
359624, , , 327.79999999999995, 0, 0, 0, 0, 4, 1, 201132, , 
367452, 1241656229941, 1241658632880, 199.85, 3159, 10, 403.4, 0, 6, 5, 127763, 6, 3
37261, 1241658404329, 1241658557051, 0, 0, 0, 0, 0, 5, 0, 1237789, 5, 1
375444, , , 5.7, 0, 0, 0, 0, 3, 10, 12770, , 
377820, , , 50.50000000000001, 0, 0, 0, 0, 1, 1, 53030, , 
379621, 1241648449704, 1241648558242, 0, 0, 0, 0, 0, 0, 0, 92154, 2, 0
380248, 1241652547147, 1241652550434, 0, 0, 0, 0, 0, 0, 0, 250107, 3, 0
380604, , , 17.75, 0, 0, 0, 0, 4, 3, 375444, , 
380650, , , 11.4, 0, 0, 0, 0, 3, 0, 375444, , 
3812, , , 31.3, 0, 0, 0, 0, 1, 2, 65584, , 
381607, , , 29.35, 0, 0, 0, 0, 1, 4, 153510, , 
383387, , , 300.45, 0, 0, 0, 0, 7, 57, 0, , 
39030, , , 46.75, 0, 0, 0, 0, 12, 1, 196462, , 
392427, 1241658175253, 1241658204308, 0, 0, 0, 0, 0, 0, 0, 12791, 2, 0
394001, , , 22.200000000000003, 0, 0, 0, 0, 1, 1, 321365, , 
396113, , , 407.3, 0, 0, 0, 0, 2, 9, 44987, , 
397835, , , 373.7, 0, 0, 0, 0, 5, 34, 47379, , 
402647, 1241654554254, 1241654563094, 0, 0, 0, 0, 408501, 12, 3, 408501, 13, 6
408501, , , 83.4, 0, 0, 0, 0, 7, 16, 637936, , 
4139, 1241658838654, , 0, 980, 3, 274.6666666666667, 44987, 22, 23, 713, 18, 3
415271, , , 50.800000000000004, 0, 0, 0, 0, 10, 1, 66689, , 
418347, 1241648243361, 1241648807584, 0, 144, 1, 152, 0, 0, 0, 14825, 1, 
421572, 1241657896970, 1241658348819, 0, 120, 1, 43, 0, 0, 0, 298666, 2, 0
4297, 1241648148600, 1241648733857, 0, 771, 2, 329, 0, 1, 0, 475692, 5, 1
431598, 1241656557645, 1241656949865, 0, 0, 0, 0, 639914, 0, 0, 921283, 3, 0
432820, 1241652467782, 1241653136970, 0, 626, 3, 214.33333333333334, 0, 2, 1, 181264, 5, 2
43402, 1241649738653, 1241649744321, 0, 0, 0, 0, 29810, 12, 17, 123961, 11, 3
437233, , , 2.8000000000000003, 0, 0, 0, 0, 1, 3, 169408, , 
438751, , , 420.5, 0, 0, 0, 0, 19, 5, 210163, , 
447249, 1241649829152, 1241651915143, 0, 4986, 8, 577.875, 10642, 4, 4, 199427, 15, 2
44987, 1241656356880, , 203.65, 467, 1, 826, 4139, 17, 18, 12770, 14, 2
457756, 1241648526984, 1241649209631, 0, 508, 3, 147, 0, 1, 0, 415271, 4, 0
47379, 1241648107089, 1241648135974, 166.7, 0, 0, 0, 0, 4, 5, 54776, 6, 1
475692, , , 77.1, 0, 0, 0, 0, 6, 1, 477213, , 
477213, , , 38.55, 0, 0, 0, 0, 1, 6, 197452, , 
485223, 1241651167747, 1241653496989, 8.4, 890, 5, 149.8, 0, 1, 0, 304929, 3, 1
497122, , , 387.55, 0, 0, 0, 0, 14, 3, 82321, , 
502119, , , 44.55, 0, 0, 0, 0, 11, 13, 22707, , 
503, 1241657504924, , 623.5999999999998, 4778, 8, 430.125, 1531, 5, 4, 12, 10, 2
510740, , , 116.8, 0, 0, 0, 0, 70, 11, 534632, , 
520592, , , 162.5, 0, 0, 0, 0, 3, 0, 18026, , 
521723, 1241653605569, 1241653614807, 0, 0, 0, 0, 0, 0, 0, 372191, 2, 0
52350, , , 52.400000000000006, 0, 0, 0, 0, 5, 2, 674637, , 
524637, 1241655354873, 1241656563140, 40.5, 1116, 6, 173, 0, 1, 0, 83320, 3, 
52818, 1241656798124, , 74.7, 898, 4, 311.5, 366650, 4, 0, 367452, 4, 0
53030, , , 216.65, 0, 0, 0, 0, 10, 2, 122907, , 
534632, , , 40.00000000000001, 0, 0, 0, 0, 7, 70, 445660, , 
543921, , , 19.700000000000003, 0, 0, 0, 0, 8, 0, 1092321, , 
544450, , , 15.8, 0, 0, 0, 0, 7, 1, 439277, , 
544643, , , 31.6, 0, 0, 0, 0, 1, 1, 544450, , 
54776, 1241654840707, 1241656073180, 52.650000000000006, 7889, 20, 488.35, 0, 77, 33, 89757, 15, 3
548848, 1241655541023, 1241657402442, 0, 981, 5, 182.8, 0, 0, 0, 11600, 3, 0
551588, 1241653661485, 1241653674754, 0, 0, 0, 0, 0, 0, 0, 295942, 1, 0
555728, 1241651501905, 1241652379364, 28.1, 0, 0, 0, 828191, 16, 10, 1101, 4, 0
561527, , , 53.85, 0, 0, 0, 0, 1, 1, 147608, , 
562060, 1241648395022, 1241648565356, 0, 144, 1, 136, 0, 5, 0, 592692, 4, 
562953, , , 5.6000000000000005, 0, 0, 0, 0, 3, 0, 437233, , 
57748, 1241654600205, 1241655411565, 15, 3780, 13, 227.07692307692307, 0, 6, 0, 1192337, 4, 
5842, , , 94.6, 0, 0, 0, 0, 12, 5, 344937, , 
58859, 1241658346553, 1241658716260, 0, 4073, 9, 531.3333333333334, 43017, 9, 8, 396113, 14, 2
592692, 1241653579421, 1241656309066, 140.65, 2694, 8, 459.375, 836050, 9, 8, 283305, 8, 7
597005, 1241650366165, 1241650433513, 0, 0, 0, 0, 0, 2, 1, 603011, 4, 0
61609, , , 14.950000000000001, 0, 0, 0, 0, 4, 1, 22707, , 
624485, 1241658340456, , 0, 56, 1, 111, 0, 0, 0, 562953, 2, 0
630577, 1241648692213, 1241648717522, 0, 0, 0, 0, 0, 0, 0, 0, 1, 
636873, 1241650612489, 1241650878667, 0, 0, 0, 0, 0, 0, 0, 1892, 2, 
637936, , , 29.950000000000003, 0, 0, 0, 0, 3, 7, 217283, , 
63861, 1241651799070, 1241654125040, 0, 946, 6, 138, 0, 0, 0, 5842, 2, 0
66513, 1241653533345, 1241654996965, 0, 1625, 6, 309.1666666666667, 0, 0, 0, 520592, 4, 0
66689, , , 25.400000000000002, 0, 0, 0, 0, 4, 10, 124585, , 
674637, , , 11.450000000000001, 0, 0, 0, 0, 11, 6, 1192337, , 
675483, 1241651083640, 1241652655094, 0, 3849, 9, 432.77777777777777, 988642, 0, 0, 171151, 4, 
67553, 1241650430077, 1241650531800, 0, 0, 0, 0, 0, 0, 0, 0, 1, 
67947, 1241657801799, 1241658016392, 0, 299, 1, 267, 0, 0, 0, 181613, 2, 0
68523, 1241656642663, , 0, 1218, 8, 94.375, 0, 0, 0, 351430, 2, 0
68619, , , 90.70000000000002, 0, 0, 0, 0, 2, 9, 12770, , 
703094, 1241658363744, , 0, 1914, 10, 197.3, 0, 0, 0, 53030, 3, 0
70557, 1241649936520, 1241652601963, 0, 246, 1, 120, 0, 5, 24, 502119, 5, 2
70997, 1241649034331, 1241651812974, 80.60000000000001, 3334, 10, 563.6, 1010692, 34, 32, 397835, 12, 3
713, 1241648182954, 1241650145867, 2120.55, 764, 2, 458.5, 1265, 11, 75, 12, 18, 6
76981, 1241655463067, 1241655710652, 0, 142, 1, 142, 0, 0, 0, 0, 1, 
772113, 1241654575230, 1241655878010, 73.60000000000001, 800, 5, 174.2, 0, 1, 0, 510740, 4, 
77353, , , 25.85, 0, 0, 0, 0, 4, 6, 190687, , 
78233, 1241648433073, 1241649470454, 0, 448, 4, 104.75, 0, 0, 0, 54776, 2, 
79942, 1241649298140, 1241650976980, 0, 355, 2, 135, 633051, 7, 5, 198149, 6, 2
802319, 1241658381246, 1241658716835, 47.699999999999996, 0, 0, 0, 0, 2, 6, 773108, 4, 
80646, 1241656033713, 1241656449733, 0, 140, 1, 140, 204792, 1, 0, 1148755, 4, 
81899, , , 148.04999999999998, 0, 0, 0, 0, 6, 12, 802319, , 
82321, , , 120.24999999999999, 0, 0, 0, 0, 6, 29, 57717, , 
82377, 1241651774031, 1241654865130, 0, 2010, 9, 251.44444444444446, 0, 1, 1, 184167, 3, 0
826235, 1241654083118, 1241654168493, 0, 0, 0, 0, 0, 0, 0, 1138895, 1, 
83320, , , 131.85, 0, 0, 0, 0, 4, 1, 96838, , 
834357, 1241651470172, 1241651530070, 0, 0, 0, 0, 0, 0, 0, 0, 1, 
834972, 1241648836373, 1241648841217, 0, 0, 0, 0, 0, 0, 0, 0, 1, 
835426, , , 199.1, 0, 0, 0, 0, 2, 0, 1092321, , 
836050, , , 50.6, 0, 0, 0, 0, 13, 6, 113237, , 
836417, , , 120.35000000000001, 0, 0, 0, 0, 3, 5, 582081, , 
84787, 1241656296803, 1241656555750, 0, 102, 1, 102, 0, 0, 0, 0, 1, 0
8527, 1241659411402, , 0, 6236, 12, 593.9166666666666, 10260, 2, 0, 503, 10, 2
867669, 1241656503391, 1241656671870, 0, 0, 0, 0, 0, 0, 0, 227147, 2, 
88012, 1241657007473, 1241657145791, 0, 0, 0, 0, 413748, 0, 0, 357198, 4, 0
881995, 1241651894553, 1241653796971, 0, 622, 4, 124, 0, 0, 0, 1092321, 1, 
890314, 1241655577433, 1241656684801, 0, 185, 1, 117, 0, 0, 0, 269484, 1, 
89757, , , 811.3000000000001, 0, 0, 0, 0, 3, 77, 20260, , 
90041, 1241653702879, 1241653736969, 247.80000000000004, 903, 4, 241.5, 175933, 9, 10, 258951, 12, 14
90049, 1241656013643, 1241656626614, 0, 99, 1, 69, 0, 0, 0, 0, 1, 0
925735, 1241649166721, 1241649172243, 0, 0, 0, 0, 0, 0, 0, 0, 1, 
93532, 1241650426706, 1241650924223, 0, 238, 2, 141, 0, 0, 0, 128013, 1, 
945036, 1241655488457, 1241655490840, 0, 0, 0, 0, 0, 0, 0, 502119, 1, 
96211, 1241650548668, 1241650557967, 0, 0, 0, 0, 0, 0, 0, 0, 1, 
96422, 1241653766757, 1241654260037, 0, 613, 2, 163, 0, 0, 0, 269484, 1, 
96838, , , 55.800000000000004, 0, 0, 0, 0, 1, 4, 166371, , 
971101, , , 16.7, 0, 0, 0, 0, 1, 0, 135526, , 
988642, 1241650498184, 1241652614056, 0, 4205, 10, 415.6, 675483, 5, 0, 438751, 6, 2
990799, , , 247.45000000000002, 0, 0, 0, 0, 5, 10, 836417, , 
995, , , 45.5, 0, 0, 0, 0, 12, 20, 12, , 
<<<<EndTable

PlayersOnlineNow=29
PlayersOnlineEachMinute=0, 5, 11, 13, 13, 15, 18, 17, 19, 18, 18, 18, 17, 17, 17, 17, 17, 20, 23, 22, 22, 23, 24, 24, 25, 25, 25, 24, 23, 24, 23, 21, 21, 20, 21, 18, 19, 19, 24, 26, 27, 25, 26, 28, 30, 30, 29, 24, 25, 27, 29, 28, 29, 29, 29, 29, 29, 29, 28, 24, 25, 24, 25, 24, 23, 22, 22, 23, 25, 26, 27, 27, 27, 27, 27, 27, 23, 23, 25, 27, 27, 27, 28, 28, 27, 25, 26, 26, 26, 24, 22, 21, 23, 23, 23, 25, 27, 27, 26, 26, 27, 25, 24, 22, 26, 27, 26, 29, 27, 30, 28, 27, 25, 25, 24, 22, 22, 21, 19, 19, 19, 20, 21, 24, 25, 24, 25, 23, 22, 23, 19, 22, 20, 24, 24, 22, 23, 21, 22, 22, 22, 23, 20, 18, 21, 24, 25, 25, 23, 22, 22, 21, 22, 23, 21, 20, 21, 23, 25, 25, 27, 26, 29, 25, 25, 26, 25, 24, 25, 22, 23, 26, 26, 26, 26, 26, 27, 24, 22, 24, 22, 23, 26, 26, 27, 28, 29, 29, 28, 29
PlayersInEachFeedingGame=2, 1, 2, 2, 2, 2, 1, 2, 2, 1, 2, 3, 2, 2, 2, 2, 2, 2, 1, 2, 2, 2, 1, 1, 1, 2, 2, 2, 2, 2, 2, 2, 2, 2, 2, 1, 2, 2, 2, 2, 2, 2, 1, 2, 2, 2, 2, 2, 1, 1, 2, 2, 2, 1, 3, 1, 1, 2, 1, 2, 1, 1, 1, 1, 2, 2, 2, 2, 1, 2, 2, 1, 2, 2, 2, 2, 1, 2, 3, 1, 2, 1, 2, 1, 1, 1, 1, 2, 1, 2, 1, 2, 1, 1, 1, 1, 2, 1, 1, 1, 1, 2, 1, 2, 2, 2, 2, 1, 1, 2, 2, 2, 1, 1, 2, 2, 2, 2, 1, 1, 2, 2, 2, 2, 2, 2, 1, 2, 2, 2, 2, 2, 1, 1, 2, 2, 2, 1, 2, 1, 1, 1, 1, 1, 1, 1, 2, 1, 2, 2, 1, 1, 2, 1, 1, 2, 1, 2, 2, 1, 2, 2, 2, 2, 2, 1, 1, 1, 2, 2, 2, 1, 2, 2, 2, 1, 2, 2, 2, 1, 2, 2, 1, 2, 2, 2, 1, 1, 2, 2, 1, 2, 2, 1, 2, 1, 2, 2, 2, 2, 1, 1, 1, 2, 2, 1, 1, 1, 2, 2, 1, 1, 2, 1, 2, 2, 2, 2, 1, 2, 1, 2, 1, 1, 2, 1, 2, 1, 2, 2, 1, 2, 2, 2, 2, 2, 1, 2, 2, 1, 1, 2, 2, 2, 1, 2, 1, 2, 2, 3, 1, 2, 1, 1, 2, 2, 2, 1, 2, 2, 1, 1, 2, 1, 1, 2, 2, 1, 2, 2, 2, 2, 2, 2, 2, 2, 2, 1, 1, 1, 2, 1, 2, 1, 2, 2, 2, 2, 1, 2, 2, 2, 2
PlayersStarted=314
PlayersQuit=285
StatsStartTime=1241648105064
StatsDumpTime=1241659510507
<<<<EndStats
2009-05-06 18:25:31,088 ERROR: vampire.server.feeding.FeedingRecord sendPlayerStartGameMsg [playerId=171513, prey=true, _predatorIndex=]
2009-05-06 18:25:31,093 ERROR: vampire.server.feeding.FeedingRecord sendPlayerStartGameMsg [playerId=1279761, prey=false, _predatorIndex=]
2009-05-06 18:27:03,800 ERROR: vampire.server.feeding.FeedingRecord sendPlayerStartGameMsg [playerId=17790, prey=true, _predatorIndex=]
2009-05-06 18:27:03,803 ERROR: vampire.server.feeding.FeedingRecord sendPlayerStartGameMsg [playerId=1923, prey=false, _predatorIndex=]
2009-05-06 18:27:07,611 ERROR: vampire.server.feeding.FeedingRecord sendPlayerStartGameMsg [playerId=703094, prey=false, _predatorIndex=]
2009-05-06 18:28:22,392 ERROR: vampire.server.feeding.FeedingRecord sendPlayerStartGameMsg [playerId=703094, prey=false, _predatorIndex=]
2009-05-06 18:28:41,032 ERROR: vampire.server.feeding.FeedingRecord sendPlayerStartGameMsg [playerId=291108, prey=true, _predatorIndex=]
2009-05-06 18:28:41,034 ERROR: vampire.server.feeding.FeedingRecord sendPlayerStartGameMsg [playerId=171513, prey=false, _predatorIndex=]
2009-05-06 18:29:12,332 ERROR: vampire.server.feeding.FeedingRecord sendPlayerStartGameMsg [playerId=4139, prey=true, _predatorIndex=]
2009-05-06 18:29:12,335 ERROR: vampire.server.feeding.FeedingRecord sendPlayerStartGameMsg [playerId=493115, prey=false, _predatorIndex=]
2009-05-06 18:29:47,178 ERROR: vampire.server.feeding.FeedingRecord sendPlayerStartGameMsg [playerId=1124156, prey=false, _predatorIndex=703094]
2009-05-06 18:30:01,825 ERROR: vampire.server.feeding.FeedingRecord sendPlayerStartGameMsg [playerId=1124156, prey=false, _predatorIndex=703094,1124156]
2009-05-06 18:30:33,141 ERROR: vampire.server.feeding.FeedingRecord sendPlayerStartGameMsg [playerId=336524, prey=true, _predatorIndex=]
2009-05-06 18:30:33,142 ERROR: vampire.server.feeding.FeedingRecord sendPlayerStartGameMsg [playerId=1145581, prey=false, _predatorIndex=]
2009-05-06 18:31:11,861 ERROR: vampire.server.feeding.FeedingRecord sendPlayerStartGameMsg [playerId=68523, prey=true, _predatorIndex=]
2009-05-06 18:31:11,864 ERROR: vampire.server.feeding.FeedingRecord sendPlayerStartGameMsg [playerId=1124156, prey=false, _predatorIndex=]
2009-05-06 18:31:30,547 ERROR: vampire.server.feeding.FeedingRecord sendPlayerStartGameMsg [playerId=171513, prey=true, _predatorIndex=]
2009-05-06 18:31:30,553 ERROR: vampire.server.feeding.FeedingRecord sendPlayerStartGameMsg [playerId=291108, prey=false, _predatorIndex=]
2009-05-06 18:32:17,370 ERROR: vampire.server.feeding.FeedingRecord sendPlayerStartGameMsg [playerId=1276020, prey=false, _predatorIndex=]
2009-05-06 18:32:43,525 ERROR: vampire.server.feeding.FeedingRecord sendPlayerStartGameMsg [playerId=17790, prey=true, _predatorIndex=]
2009-05-06 18:32:43,527 ERROR: vampire.server.feeding.FeedingRecord sendPlayerStartGameMsg [playerId=44987, prey=false, _predatorIndex=]
2009-05-06 18:33:29,577 ERROR: vampire.server.feeding.FeedingRecord sendPlayerStartGameMsg [playerId=271936, prey=true, _predatorIndex=]
2009-05-06 18:33:29,583 ERROR: vampire.server.feeding.FeedingRecord sendPlayerStartGameMsg [playerId=1279761, prey=false, _predatorIndex=]
2009-05-06 18:33:58,769 ERROR: vampire.server.feeding.FeedingRecord sendPlayerStartGameMsg [playerId=1124156, prey=false, _predatorIndex=1276020]
2009-05-06 18:34:00,777 ERROR: vampire.server.feeding.FeedingRecord sendPlayerStartGameMsg [playerId=4139, prey=false, _predatorIndex=]

>>>>BeginStats

>>>>BeginTable
PlayerId, StartTime, EndTime, ProgenyPayout, XPFromFeeding, FeedingGames, MeanFeedingScore, BloodBond, Progeny, GrandProgeny, Sire, Level, Invites
1012813, , , 189.00000000000003, 0, 0, 0, 0, 6, 22, 54776, , 
101551, 1241658978366, 1241659667442, 0, 399, 3, 116, 0, 0, 0, 147608, 1, 
102595, 1241655438226, 1241656556966, 0, 623, 4, 141.75, 0, 0, 0, 1255618, 1, 
10260, 1241648191529, , 1141.8999999999999, 7952, 23, 285.04347826086956, 8527, 9, 9, 713, 15, 2
103033, 1241651083948, 1241653482702, 105.3, 954, 6, 133.5, 767143, 12, 13, 81899, 6, 1
1032421, 1241656721314, , 19.5, 2407, 8, 343.625, 0, 7, 1, 990799, 7, 1
1032648, , , 13.600000000000001, 0, 0, 0, 0, 4, 2, 234337, , 
104034, 1241656913236, 1241657055906, 0, 0, 0, 0, 0, 2, 2, 77353, 5, 2
1047840, 1241656045239, , 47.00000000000001, 599, 4, 178.25, 1106386, 4, 0, 408501, 5, 1
1049221, 1241655431118, 1241655475554, 0, 0, 0, 0, 0, 0, 0, 130730, 1, 
1054291, 1241657099678, 1241658166985, 0, 806, 4, 159, 0, 0, 0, 367452, 1, 
1062, 1241652159577, 1241654696972, 0, 6598, 16, 361.9375, 17790, 11, 7, 713, 16, 2
1062853, , , 29.950000000000003, 0, 0, 0, 0, 9, 1, 1124214, , 
10642, 1241654332823, 1241654711812, 0, 6556, 10, 724.6, 447249, 32, 46, 351598, 15, 2
1068802, 1241657233726, 1241657754480, 0, 851, 3, 129.33333333333334, 0, 0, 0, 0, 1, 
107444, 1241654076637, 1241654111156, 0, 0, 0, 0, 0, 0, 0, 10642, 1, 0
1077614, 1241655472609, 1241656023151, 70.2, 155, 1, 155, 0, 2, 2, 836050, 3, 1
107779, 1241657688004, 1241657900571, 0, 0, 0, 0, 0, 0, 0, 0, 1, 
108279, , , 73.8, 0, 0, 0, 0, 2, 1, 172623, , 
1085912, 1241648170425, 1241650144122, 0, 1223, 7, 187, 0, 0, 0, 16807, 3, 
1086242, , , 93.5, 0, 0, 0, 0, 1, 0, 39030, , 
1086396, 1241652972360, 1241653436171, 0, 0, 0, 0, 0, 0, 0, 1010692, 2, 
1089041, 1241654561255, 1241658223271, 0, 1578, 17, 85.29411764705883, 0, 0, 0, 10260, 3, 
1090147, 1241654501018, 1241654534938, 0, 0, 0, 0, 0, 0, 0, 0, 1, 
1090442, 1241658834328, 1241658871290, 0, 0, 0, 0, 0, 3, 5, 797824, 4, 
1090611, 1241653816043, 1241659561481, 0, 136, 1, 180, 1032874, 2, 0, 1032648, 4, 
1092321, , , 189.35, 0, 0, 0, 0, 29, 31, 35568, , 
109238, 1241655389981, 1241655710953, 0, 393, 2, 118.5, 0, 0, 0, 592692, 1, 
1100116, 1241656862281, 1241657337210, 0, 341, 3, 114, 0, 0, 0, 103033, 2, 
1109831, 1241651571982, 1241651604096, 0, 0, 0, 0, 0, 0, 0, 0, 1, 
1110327, 1241657186353, 1241658416947, 0, 953, 4, 140.75, 0, 0, 0, 336524, 1, 
1111604, 1241658187132, 1241659541942, 0, 97, 1, 93, 1254726, 0, 0, 103033, 2, 
1114188, 1241652775773, 1241654096994, 0, 935, 6, 87.16666666666667, 110446, 0, 0, 1086242, 3, 
1114884, 1241649489433, 1241649714156, 0, 0, 0, 0, 0, 1, 0, 998652, 2, 
1115706, 1241658317017, 1241658702844, 0, 0, 0, 0, 0, 0, 0, 0, 1, 
1117110, 1241653687922, 1241653698873, 0, 0, 0, 0, 0, 0, 0, 0, 1, 
1118266, 1241657574216, 1241658745102, 0, 878, 4, 137.5, 0, 0, 0, 52818, 1, 
1122449, , , 141.75, 0, 0, 0, 0, 10, 2, 555728, , 
1124156, 1241660109678, , 0, 627, 4, 215, 269484, 6, 2, 184671, 6, 1
1125502, 1241653585727, 1241654249778, 0, 157, 1, 157, 0, 0, 0, 193495, 1, 
1126061, 1241650932578, 1241651200958, 126.60000000000002, 229, 1, 229, 0, 2, 1, 52350, 3, 2
113162, 1241650013601, 1241651873528, 0, 621, 3, 92, 0, 0, 0, 154004, 1, 
113237, , , 7.75, 0, 0, 0, 0, 9, 19, 10642, , 
113794, , , 100.5, 0, 0, 0, 0, 3, 5, 94657, , 
1145581, 1241659299123, , 0, 1266, 6, 154.5, 0, 0, 0, 1126061, 3, 0
1148755, , , 35.5, 0, 0, 0, 0, 21, 1, 1092321, , 
114959, 1241653955254, 1241654005895, 0, 0, 0, 0, 0, 0, 0, 0, 1, 
1154088, 1241650502302, 1241650506786, 0, 0, 0, 0, 0, 0, 0, 0, 1, 
11600, , , 98.1, 0, 0, 0, 0, 7, 0, 171581, , 
1162172, 1241659181566, , 0, 1991, 10, 193.4, 1181188, 0, 0, 835426, 3, 0
1162208, 1241658769297, 1241658782308, 0, 0, 0, 0, 0, 0, 0, 227007, 1, 
1164574, 1241656547720, 1241656601991, 0, 0, 0, 0, 0, 0, 0, 43386, 1, 
1167886, 1241655426774, 1241655663856, 0, 109, 1, 109, 0, 0, 0, 0, 1, 
1170170, 1241653243427, 1241653250194, 0, 0, 0, 0, 0, 0, 0, 0, 1, 
117382, 1241655977402, 1241657037011, 0, 702, 5, 133, 0, 0, 0, 1077614, 1, 
118011, 1241651377358, 1241655307775, 0, 2358, 11, 166.9090909090909, 0, 0, 0, 0, 4, 
1181188, 1241649108382, 1241653536699, 0, 6057, 27, 218.1851851851852, 1162172, 0, 0, 192883, 3, 
1192337, , , 385.50000000000006, 0, 0, 0, 0, 17, 21, 1012813, , 
1199648, 1241651040200, 1241653016985, 0, 222, 2, 121.5, 0, 1, 0, 394001, 3, 1
12, , , 1921.45, 0, 0, 0, 0, 20, 84, 383387, , 
1214060, 1241652758863, 1241653556992, 0, 307, 3, 96.66666666666667, 0, 0, 0, 0, 1, 
1217334, 1241659240166, 1241659625574, 0, 195, 2, 101.5, 0, 0, 0, 1032421, 2, 
1219016, 1241651601093, 1241651613281, 0, 0, 0, 0, 0, 0, 0, 0, 1, 
1222623, 1241654692244, 1241656155850, 0, 615, 4, 158.75, 0, 0, 0, 103033, 2, 
1228272, 1241658579782, 1241659295895, 0, 467, 4, 152, 0, 0, 0, 70997, 3, 
1228337, 1241654109592, 1241654795411, 0, 259, 2, 128.5, 0, 0, 0, 142290, 1, 
122907, , , 105.2, 0, 0, 0, 0, 6, 10, 251062, , 
123961, 1241659997144, , 0, 0, 0, 0, 878, 5, 22, 713, 15, 2
1239827, 1241658530560, 1241658548888, 0, 0, 0, 0, 0, 0, 0, 0, 1, 
1246027, 1241649182545, 1241649731335, 0, 511, 3, 128, 0, 0, 0, 155004, 1, 
1251045, 1241650652011, 1241650828276, 0, 0, 0, 0, 0, 0, 0, 54776, 1, 
125207, 1241652889655, 1241654139361, 0, 316, 2, 181, 273503, 1, 0, 544643, 4, 0
125347, 1241657654857, 1241657895087, 35.9, 359, 2, 185.5, 0, 1, 0, 561527, 1, 0
1254611, 1241650098812, 1241650866584, 0, 215, 2, 87, 0, 0, 0, 1148755, 2, 
1254826, 1241652608158, 1241652632551, 0, 0, 0, 0, 0, 0, 0, 0, 1, 
1255618, 1241654030281, , 108.10000000000001, 1711, 13, 106.38461538461539, 0, 2, 0, 206148, 3, 0
1257694, 1241656540749, 1241656589789, 0, 0, 0, 0, 0, 0, 0, 0, 1, 
126411, 1241648726895, 1241648876981, 0, 0, 0, 0, 0, 0, 0, 1261178, 1, 
1265, , , 297.75, 0, 0, 0, 0, 15, 29, 12, , 
127073, 1241657744852, 1241657869005, 0, 0, 0, 0, 0, 1, 0, 155161, 5, 1
1272291, 1241655315797, 1241655329644, 0, 0, 0, 0, 0, 0, 0, 0, 1, 
1273588, 1241648983967, 1241649054183, 0, 198, 1, 107, 0, 0, 0, 0, 1, 
1274543, 1241657574230, 1241657836082, 0, 359, 2, 172.5, 0, 0, 0, 125347, 1, 
1275512, 1241652083553, 1241653196977, 0, 987, 4, 208.5, 0, 0, 0, 0, 1, 
1275561, 1241656051761, 1241656258084, 0, 736, 4, 184.75, 0, 0, 0, 772113, 1, 
1276020, 1241659909556, , 0, 91, 1, 91, 0, 0, 0, 0, 1, 0
12770, , , 113.80000000000001, 0, 0, 0, 0, 23, 27, 383387, , 
127763, , , 419.20000000000005, 0, 0, 0, 0, 2, 6, 143278, , 
1278812, 1241656795424, , 0, 165, 1, 89, 0, 0, 0, 0, 1, 0
1278910, 1241656221694, 1241656277307, 0, 0, 0, 0, 0, 0, 0, 0, 1, 
1279627, 1241657968814, 1241658079366, 0, 981, 6, 123.83333333333333, 0, 0, 0, 524637, 1, 
1279761, 1241657929958, , 0, 1214, 6, 120.66666666666667, 0, 0, 0, 171513, 2, 0
128013, 1241654538517, 1241654835343, 23.8, 238, 2, 97, 0, 4, 3, 254152, 4, 1
1281598, 1241650332521, 1241650870885, 0, 104, 1, 104, 0, 0, 0, 0, 1, 
1283799, 1241656519529, 1241656898061, 0, 167, 1, 132, 1138221, 0, 0, 971101, 2, 
1294083, 1241654600380, 1241654686759, 0, 0, 0, 0, 0, 0, 0, 0, 1, 
1296205, 1241653230148, 1241653313902, 0, 0, 0, 0, 0, 0, 0, 0, 1, 
1297898, 1241648394951, 1241648876990, 0, 76, 1, 152, 0, 0, 0, 0, 1, 
1299519, 1241649894416, 1241649940768, 0, 0, 0, 0, 0, 0, 0, 0, 1, 
1299564, 1241649345402, 1241649953399, 0, 605, 2, 123, 0, 0, 0, 0, 1, 
1299864, 1241654014695, 1241654025399, 0, 0, 0, 0, 0, 0, 0, 0, 1, 
1299968, 1241649285523, 1241650550784, 0, 0, 0, 0, 0, 0, 0, 0, 1, 
1300832, 1241650121667, 1241650133309, 0, 0, 0, 0, 0, 0, 0, 0, 1, 
1301041, 1241650384475, 1241650386187, 0, 0, 0, 0, 0, 0, 0, 0, 1, 
1301360, 1241654741407, 1241655586002, 0, 481, 4, 83.25, 0, 0, 0, 1255618, 1, 
1301749, 1241655960947, 1241656002671, 0, 0, 0, 0, 0, 0, 0, 0, 1, 
1302055, 1241655684120, 1241655725405, 0, 0, 0, 0, 0, 0, 0, 0, 1, 
1302207, 1241657792170, 1241657850312, 0, 0, 0, 0, 0, 0, 0, 0, 1, 
1302236, 1241655846749, 1241655852289, 0, 0, 0, 0, 0, 0, 0, 0, 1, 
1302314, 1241655956228, 1241655992082, 0, 0, 0, 0, 0, 0, 0, 0, 1, 
1302323, 1241658659275, 1241658708446, 0, 0, 0, 0, 0, 0, 0, 0, 1, 
130967, 1241650432722, 1241651568885, 0, 987, 5, 109.2, 0, 0, 0, 70997, 1, 
135526, , , 8.35, 0, 0, 0, 0, 11, 1, 162782, , 
1362, , , 51.7, 0, 0, 0, 0, 4, 1, 77353, , 
137127, , , 44.5, 0, 0, 0, 0, 1, 9, 2843, , 
138787, 1241658616810, 1241658781458, 0, 84, 1, 84, 0, 0, 0, 485223, 1, 0
140573, 1241656942757, 1241656986048, 0, 0, 0, 0, 0, 0, 0, 178528, 3, 0
142290, 1241651659313, 1241655521148, 11.200000000000001, 1543, 9, 156, 0, 2, 0, 296658, 3, 
143278, , , 157.95, 0, 0, 0, 0, 8, 7, 137000, , 
143501, 1241653812816, 1241653856977, 0, 1814, 8, 114.75, 0, 3, 8, 326885, 8, 2
145497, , , 85.45, 0, 0, 0, 0, 1, 2, 1062853, , 
145609, 1241656125632, 1241656316967, 0, 0, 0, 0, 369307, 5, 4, 92300, 4, 0
147608, , , 57.85, 0, 0, 0, 0, 8, 1, 502119, , 
14825, , , 14.4, 0, 0, 0, 0, 5, 0, 171151, , 
149486, 1241656348342, 1241658416963, 0, 566, 5, 97, 0, 0, 0, 1047840, 1, 
152578, , , 19.900000000000002, 0, 0, 0, 0, 3, 2, 208699, , 
154004, 1241654625622, 1241655272384, 35.6, 2300, 8, 419.875, 561706, 10, 6, 90041, 4, 0
155004, 1241649156502, 1241650014031, 51.10000000000001, 599, 4, 203, 0, 2, 0, 145497, 3, 
161001, 1241650970680, 1241653962932, 0, 505, 4, 126.25, 0, 1, 2, 377820, 4, 5
165133, 1241648107236, 1241648118495, 0, 0, 0, 0, 0, 0, 0, 206908, 2, 0
16514, 1241648434455, 1241649866816, 0, 0, 0, 0, 44929, 5, 8, 1062, 4, 0
166371, , , 261.7, 0, 0, 0, 0, 4, 11, 267622, , 
16807, 1241648224425, 1241649523211, 122.30000000000003, 258, 2, 85, 0, 2, 0, 592692, 4, 0
16825, 1241651195099, 1241651603590, 0, 0, 0, 0, 0, 14, 7, 4139, 6, 1
168422, 1241656039522, 1241656375967, 0, 0, 0, 0, 0, 1, 5, 181695, 4, 0
169491, 1241658107096, 1241658113090, 0, 0, 0, 0, 0, 0, 0, 36377, 3, 0
170046, 1241652971111, 1241653971356, 0, 738, 3, 248, 108279, 1, 0, 108279, 4, 2
170191, , , 195, 0, 0, 0, 0, 3, 10, 202873, , 
171151, , , 399.95000000000005, 0, 0, 0, 0, 39, 7, 21067, , 
171513, 1241659073697, , 72.35, 1745, 7, 299.57142857142856, 0, 10, 7, 170191, 12, 2
171581, , , 49.05, 0, 0, 0, 0, 1, 7, 73304, , 
172329, , , 11.9, 0, 0, 0, 0, 3, 2, 371496, , 
172623, , , 36.9, 0, 0, 0, 0, 2, 2, 144144, , 
175892, 1241654307514, 1241654321748, 0, 0, 0, 0, 0, 0, 0, 190545, 3, 0
17790, 1241658955120, , 0, 1886, 3, 662.6666666666666, 1062, 12, 13, 20260, 15, 3
18026, , , 81.25, 0, 0, 0, 0, 2, 3, 67662, , 
181264, , , 62.6, 0, 0, 0, 0, 2, 2, 3812, , 
181613, , , 29.900000000000002, 0, 0, 0, 0, 1, 0, 61609, , 
184167, , , 201, 0, 0, 0, 0, 5, 2, 113794, , 
184671, , , 62.7, 0, 0, 0, 0, 1, 6, 171513, , 
186023, 1241655936878, 1241655983542, 0, 0, 0, 0, 0, 0, 0, 0, 1, 
187326, 1241649561187, 1241649564335, 0, 0, 0, 0, 0, 2, 0, 194202, 5, 1
187381, 1241652285764, 1241654514953, 0, 1513, 5, 442, 211710, 7, 4, 2843, 8, 1
1892, 1241650945727, 1241651366191, 0, 455, 1, 287, 33511, 20, 6, 995, 12, 2
1923, 1241658771569, , 0, 337, 1, 341, 0, 0, 0, 995, 4, 0
192883, 1241650776955, 1241651711437, 415.6000000000001, 587, 2, 399.5, 0, 9, 3, 210210, 7, 5
193495, , , 15.700000000000001, 0, 0, 0, 0, 1, 0, 171151, , 
193673, 1241650656621, 1241650664555, 0, 0, 0, 0, 0, 0, 0, 366650, 1, 
195736, , , 154.05, 0, 0, 0, 0, 6, 30, 334835, , 
197740, , , 19.400000000000002, 0, 0, 0, 0, 2, 0, 208241, , 
198149, , , 35.5, 0, 0, 0, 0, 1, 7, 380604, , 
199427, , , 498.6000000000001, 0, 0, 0, 0, 1, 4, 208602, , 
201113, 1241655325253, 1241657246140, 0, 119, 1, 119, 0, 0, 0, 0, 1, 
20260, , , 583.0500000000001, 0, 0, 0, 0, 18, 17, 12, , 
202873, , , 87.25, 0, 0, 0, 0, 1, 3, 341164, , 
205535, 1241648566034, 1241648618575, 0, 0, 0, 0, 0, 2, 2, 95479, 7, 2
205624, 1241655643800, 1241655896296, 0, 197, 1, 126, 0, 0, 0, 543921, 2, 
206148, 1241648559350, 1241650184173, 225.14999999999995, 562, 3, 147.33333333333334, 0, 1, 2, 1122449, 3, 
208241, , , 9.700000000000001, 0, 0, 0, 0, 2, 2, 235686, , 
208379, 1241652195301, 1241652753851, 0, 179, 1, 159, 0, 0, 0, 0, 1, 
208531, 1241652173953, 1241652656975, 0, 281, 2, 150, 0, 0, 0, 0, 1, 
208602, , , 249.30000000000004, 0, 0, 0, 0, 7, 2, 351626, , 
208699, , , 9.950000000000001, 0, 0, 0, 0, 4, 3, 36200, , 
210163, , , 210.25, 0, 0, 0, 0, 12, 19, 255725, , 
210210, , , 266.5000000000001, 0, 0, 0, 0, 4, 13, 381607, , 
21067, , , 192.45, 0, 0, 0, 0, 2, 39, 302907, , 
211527, 1241650784293, 1241651516985, 0, 194, 1, 194, 0, 0, 0, 197740, 1, 
217283, 1241659111716, 1241659337488, 0, 0, 0, 0, 532467, 57, 25, 57393, 12, 22
22279, 1241654880880, 1241657043889, 0, 2295, 12, 166.08333333333334, 0, 0, 0, 0, 2, 
22707, , , 12.3, 0, 0, 0, 0, 7, 15, 8842, , 
23340, 1241659392124, 1241660001069, 0, 0, 0, 0, 0, 10, 14, 383387, 20, 11
234337, , , 6.800000000000001, 0, 0, 0, 0, 1, 4, 97523, , 
246356, , , 15.700000000000001, 0, 0, 0, 0, 5, 3, 54776, , 
247802, 1241651989390, 1241652229383, 0, 0, 0, 0, 0, 0, 0, 191984, 1, 
24814, 1241659271047, 1241659622664, 0, 199, 2, 134.5, 798148, 2, 0, 152578, 3, 
254152, , , 35.7, 0, 0, 0, 0, 2, 4, 172329, , 
256297, 1241655625233, 1241656196946, 0, 0, 0, 0, 0, 1, 1, 367452, 3, 0
258951, 1241656752468, 1241659219036, 205.30000000000004, 2526, 7, 486.2857142857143, 318242, 23, 31, 1265, 12, 17
259344, , , 6, 0, 0, 0, 0, 23, 7, 143538, , 
267622, , , 110.9, 0, 0, 0, 0, 2, 4, 1632, , 
268217, 1241656649606, 1241656670616, 0, 0, 0, 0, 0, 0, 0, 0, 1, 0
268302, 1241648123210, 1241648600326, 0, 150, 1, 141, 0, 0, 0, 57748, 1, 
269484, 1241659029089, 1241659047907, 79.80000000000001, 2218, 8, 344, 1124156, 10, 0, 166371, 9, 2
271936, 1241659967300, , 0, 0, 0, 0, 0, 3, 0, 887964, 4, 0
276660, 1241650536023, 1241651289211, 0, 114, 1, 140, 0, 0, 0, 380650, 2, 2
277396, 1241652820421, 1241654890299, 0, 0, 0, 0, 0, 0, 0, 0, 1, 
280766, 1241658847416, 1241658857824, 0, 0, 0, 0, 0, 0, 0, 83959, 4, 0
283059, 1241660070679, , 0, 0, 0, 0, 0, 0, 0, 0, 1, 0
283305, 1241648169019, 1241655025874, 333.84999999999997, 2405, 8, 222, 544450, 3, 9, 497122, 8, 3
284188, 1241654397285, 1241655076412, 0, 247, 2, 64.5, 0, 0, 0, 283305, 1, 
2843, , , 151.3, 0, 0, 0, 0, 8, 8, 3383, , 
291108, 1241659258497, , 0, 688, 3, 188, 0, 0, 0, 171513, 1, 0
296658, , , 159.9, 0, 0, 0, 0, 9, 2, 299646, , 
298666, , , 12, 0, 0, 0, 0, 7, 0, 259344, , 
299646, , , 77.15, 0, 0, 0, 0, 4, 9, 69257, , 
304929, , , 93.2, 0, 0, 0, 0, 9, 1, 137127, , 
304966, 1241651190634, 1241651609015, 0, 517, 2, 152.5, 0, 1, 0, 1362, 3, 1
307471, , , 320.45000000000005, 0, 0, 0, 0, 1, 10, 12, , 
30940, 1241648880965, 1241651204629, 0, 0, 0, 0, 0, 0, 0, 8842, 4, 
311622, 1241654340162, 1241656016958, 0, 0, 0, 0, 0, 0, 0, 0, 1, 
321365, , , 11.100000000000001, 0, 0, 0, 0, 3, 1, 317371, , 
32169, 1241656048812, , 0, 9773, 20, 588.7, 219, 8, 0, 10260, 14, 5
326885, , , 181.40000000000003, 0, 0, 0, 0, 2, 3, 68619, , 
32750, 1241654639733, 1241654984055, 0, 0, 0, 0, 0, 0, 0, 32169, 1, 
329542, 1241652971900, 1241652983490, 0, 0, 0, 0, 0, 0, 0, 0, 1, 0
33311, 1241653859848, 1241654588649, 0, 386, 3, 128.66666666666666, 0, 0, 0, 0, 1, 
334835, , , 53.2, 0, 0, 0, 0, 2, 7, 143501, , 
33511, 1241652099811, 1241652363354, 0, 157, 1, 124, 1892, 1, 0, 246356, 9, 4
336228, , , 716.4500000000002, 0, 0, 0, 0, 10, 15, 307471, , 
336524, 1241656720646, , 95.30000000000001, 1064, 3, 449.6666666666667, 101052, 22, 6, 195736, 11, 2
3383, , , 75.65, 0, 0, 0, 0, 6, 8, 12791, , 
341047, 1241658698966, 1241659329745, 0, 0, 0, 0, 0, 2, 0, 0, 4, 6
344937, , , 47.3, 0, 0, 0, 0, 1, 12, 251062, , 
345939, 1241657443047, 1241658193287, 0, 0, 0, 0, 3811, 0, 0, 544450, 3, 0
351430, 1241660046696, , 151.10000000000002, 6409, 18, 380.72222222222223, 336228, 14, 46, 336228, 13, 2
351598, , , 655.5999999999999, 0, 0, 0, 0, 1, 32, 359624, , 
35568, , , 31.1, 0, 0, 0, 0, 2, 29, 258951, , 
359624, , , 327.79999999999995, 0, 0, 0, 0, 4, 1, 201132, , 
367452, 1241656229941, 1241658632880, 243.95000000000002, 3159, 10, 403.4, 0, 6, 5, 127763, 6, 3
37261, 1241658404329, 1241658557051, 0, 0, 0, 0, 0, 5, 0, 1237789, 5, 1
375444, , , 5.7, 0, 0, 0, 0, 3, 10, 12770, , 
377820, , , 50.50000000000001, 0, 0, 0, 0, 1, 1, 53030, , 
379621, 1241648449704, 1241648558242, 0, 0, 0, 0, 0, 0, 0, 92154, 2, 0
380248, 1241652547147, 1241652550434, 0, 0, 0, 0, 0, 0, 0, 250107, 3, 0
380604, , , 17.75, 0, 0, 0, 0, 4, 3, 375444, , 
380650, , , 11.4, 0, 0, 0, 0, 3, 0, 375444, , 
3812, , , 31.3, 0, 0, 0, 0, 1, 2, 65584, , 
381607, , , 29.35, 0, 0, 0, 0, 1, 4, 153510, , 
383387, , , 334, 0, 0, 0, 0, 7, 57, 0, , 
39030, , , 46.75, 0, 0, 0, 0, 12, 1, 196462, , 
392427, 1241658175253, 1241658204308, 0, 0, 0, 0, 0, 0, 0, 12791, 2, 0
394001, , , 22.200000000000003, 0, 0, 0, 0, 1, 1, 321365, , 
396113, , , 407.3, 0, 0, 0, 0, 2, 9, 44987, , 
397835, , , 373.7, 0, 0, 0, 0, 5, 34, 47379, , 
402647, 1241654554254, 1241654563094, 0, 0, 0, 0, 408501, 12, 3, 408501, 13, 6
408501, , , 83.4, 0, 0, 0, 0, 7, 16, 637936, , 
4139, 1241658838654, , 0, 1355, 5, 303.8, 44987, 22, 23, 713, 18, 3
415271, , , 50.800000000000004, 0, 0, 0, 0, 10, 1, 66689, , 
418347, 1241648243361, 1241648807584, 0, 144, 1, 152, 0, 0, 0, 14825, 1, 
421572, 1241657896970, 1241658348819, 0, 120, 1, 43, 0, 0, 0, 298666, 2, 0
4297, 1241648148600, 1241648733857, 0, 771, 2, 329, 0, 1, 0, 475692, 5, 1
431598, 1241656557645, 1241656949865, 0, 0, 0, 0, 639914, 0, 0, 921283, 3, 0
432820, 1241652467782, 1241653136970, 0, 626, 3, 214.33333333333334, 0, 2, 1, 181264, 5, 2
43402, 1241649738653, 1241649744321, 0, 0, 0, 0, 29810, 12, 17, 123961, 11, 3
437233, , , 2.8000000000000003, 0, 0, 0, 0, 1, 3, 169408, , 
438751, , , 420.5, 0, 0, 0, 0, 19, 5, 210163, , 
447249, 1241649829152, 1241651915143, 0, 4986, 8, 577.875, 10642, 4, 4, 199427, 15, 2
44987, 1241656356880, , 203.65, 1138, 2, 811.5, 4139, 17, 18, 12770, 14, 2
452296, 1241659536869, 1241659811876, 0, 0, 0, 0, 0, 9, 6, 103144, 6, 2
457756, 1241648526984, 1241649209631, 0, 508, 3, 147, 0, 1, 0, 415271, 4, 0
47379, 1241648107089, 1241648135974, 166.7, 0, 0, 0, 0, 4, 5, 54776, 6, 1
475692, , , 77.1, 0, 0, 0, 0, 6, 1, 477213, , 
477213, , , 38.55, 0, 0, 0, 0, 1, 6, 197452, , 
485223, 1241651167747, 1241653496989, 8.4, 890, 5, 149.8, 0, 1, 0, 304929, 3, 1
493115, 1241659737495, 1241660035492, 0, 68, 1, 54, 0, 0, 0, 10260, 2, 0
497122, , , 387.55, 0, 0, 0, 0, 14, 3, 82321, , 
502119, 1241660000743, , 44.55, 0, 0, 0, 520359, 11, 14, 22707, 10, 2
503, 1241657504924, , 623.5999999999998, 4778, 8, 430.125, 1531, 5, 4, 12, 10, 2
510740, , , 116.8, 0, 0, 0, 0, 70, 11, 534632, , 
520592, , , 162.5, 0, 0, 0, 0, 3, 0, 18026, , 
521723, 1241653605569, 1241653614807, 0, 0, 0, 0, 0, 0, 0, 372191, 2, 0
52350, , , 86.2, 0, 0, 0, 0, 5, 2, 674637, , 
524637, 1241655354873, 1241656563140, 40.5, 1116, 6, 173, 0, 1, 0, 83320, 3, 
52818, 1241656798124, , 74.7, 1339, 6, 301.3333333333333, 366650, 4, 0, 367452, 4, 0
53030, , , 235.65, 0, 0, 0, 0, 10, 2, 122907, , 
534632, , , 40.00000000000001, 0, 0, 0, 0, 7, 70, 445660, , 
543921, , , 19.700000000000003, 0, 0, 0, 0, 8, 0, 1092321, , 
544450, , , 15.8, 0, 0, 0, 0, 7, 1, 439277, , 
544643, , , 31.6, 0, 0, 0, 0, 1, 1, 544450, , 
54776, 1241654840707, 1241656073180, 52.650000000000006, 7889, 20, 488.35, 0, 77, 33, 89757, 15, 3
548848, 1241655541023, 1241657402442, 0, 981, 5, 182.8, 0, 0, 0, 11600, 3, 0
551588, 1241653661485, 1241653674754, 0, 0, 0, 0, 0, 0, 0, 295942, 1, 0
555728, 1241651501905, 1241652379364, 28.1, 0, 0, 0, 828191, 16, 10, 1101, 4, 0
561527, , , 53.85, 0, 0, 0, 0, 1, 1, 147608, , 
562060, 1241648395022, 1241648565356, 0, 144, 1, 136, 0, 5, 0, 592692, 4, 
562953, , , 5.6000000000000005, 0, 0, 0, 0, 3, 0, 437233, , 
57748, 1241654600205, 1241655411565, 15, 3780, 13, 227.07692307692307, 0, 6, 0, 1192337, 4, 
5842, , , 94.6, 0, 0, 0, 0, 12, 5, 344937, , 
58859, 1241658346553, 1241658716260, 0, 4073, 9, 531.3333333333334, 43017, 9, 8, 396113, 14, 2
592692, 1241653579421, 1241656309066, 140.65, 2694, 8, 459.375, 836050, 9, 8, 283305, 8, 7
597005, 1241650366165, 1241650433513, 0, 0, 0, 0, 0, 2, 1, 603011, 4, 0
61609, , , 14.950000000000001, 0, 0, 0, 0, 4, 1, 22707, , 
624485, 1241658340456, 1241659532924, 0, 56, 1, 111, 0, 0, 0, 562953, 2, 
630577, 1241648692213, 1241648717522, 0, 0, 0, 0, 0, 0, 0, 0, 1, 
636873, 1241650612489, 1241650878667, 0, 0, 0, 0, 0, 0, 0, 1892, 2, 
637936, , , 29.950000000000003, 0, 0, 0, 0, 3, 7, 217283, , 
63861, 1241651799070, 1241654125040, 0, 946, 6, 138, 0, 0, 0, 5842, 2, 0
66513, 1241653533345, 1241654996965, 0, 1625, 6, 309.1666666666667, 0, 0, 0, 520592, 4, 0
66689, , , 25.400000000000002, 0, 0, 0, 0, 4, 10, 124585, , 
674637, , , 11.450000000000001, 0, 0, 0, 0, 11, 6, 1192337, , 
675483, 1241651083640, 1241652655094, 0, 3849, 9, 432.77777777777777, 988642, 0, 0, 171151, 4, 
67553, 1241650430077, 1241650531800, 0, 0, 0, 0, 0, 0, 0, 0, 1, 
67947, 1241657801799, 1241658016392, 0, 299, 1, 267, 0, 0, 0, 181613, 2, 0
68523, 1241656642663, , 0, 1635, 11, 92.45454545454545, 0, 0, 0, 351430, 2, 0
68619, , , 90.70000000000002, 0, 0, 0, 0, 2, 9, 12770, , 
703094, 1241658363744, , 0, 2104, 11, 196.63636363636363, 0, 0, 0, 53030, 3, 0
70557, 1241649936520, 1241652601963, 0, 246, 1, 120, 0, 5, 24, 502119, 5, 2
70997, 1241649034331, 1241651812974, 80.60000000000001, 3334, 10, 563.6, 1010692, 34, 32, 397835, 12, 3
713, 1241648182954, 1241650145867, 2161.4500000000003, 764, 2, 458.5, 1265, 11, 75, 12, 18, 6
72927, 1241660014335, 1241660018568, 0, 0, 0, 0, 0, 0, 0, 185505, 1, 0
76981, 1241655463067, 1241655710652, 0, 142, 1, 142, 0, 0, 0, 0, 1, 
772113, 1241654575230, 1241655878010, 73.60000000000001, 800, 5, 174.2, 0, 1, 0, 510740, 4, 
77353, , , 25.85, 0, 0, 0, 0, 4, 6, 190687, , 
78233, 1241648433073, 1241649470454, 0, 448, 4, 104.75, 0, 0, 0, 54776, 2, 
79942, 1241649298140, 1241650976980, 0, 355, 2, 135, 633051, 7, 5, 198149, 6, 2
802319, 1241658381246, 1241658716835, 47.699999999999996, 0, 0, 0, 0, 2, 6, 773108, 4, 
80646, 1241656033713, 1241656449733, 0, 140, 1, 140, 204792, 1, 0, 1148755, 4, 
81899, , , 148.04999999999998, 0, 0, 0, 0, 6, 12, 802319, , 
82321, , , 120.24999999999999, 0, 0, 0, 0, 6, 29, 57717, , 
82377, 1241651774031, 1241654865130, 0, 2010, 9, 251.44444444444446, 0, 1, 1, 184167, 3, 0
826235, 1241654083118, 1241654168493, 0, 0, 0, 0, 0, 0, 0, 1138895, 1, 
83320, , , 131.85, 0, 0, 0, 0, 4, 1, 96838, , 
834357, 1241651470172, 1241651530070, 0, 0, 0, 0, 0, 0, 0, 0, 1, 
834972, 1241648836373, 1241648841217, 0, 0, 0, 0, 0, 0, 0, 0, 1, 
835426, , , 199.1, 0, 0, 0, 0, 2, 0, 1092321, , 
836050, , , 50.6, 0, 0, 0, 0, 13, 6, 113237, , 
836417, , , 120.35000000000001, 0, 0, 0, 0, 3, 5, 582081, , 
84787, 1241656296803, 1241656555750, 0, 102, 1, 102, 0, 0, 0, 0, 1, 0
8527, 1241659745944, , 0, 6236, 12, 593.9166666666666, 10260, 2, 0, 503, 10, 2
867669, 1241656503391, 1241656671870, 0, 0, 0, 0, 0, 0, 0, 227147, 2, 
88012, 1241657007473, 1241657145791, 0, 0, 0, 0, 413748, 0, 0, 357198, 4, 0
881995, 1241651894553, 1241653796971, 0, 622, 4, 124, 0, 0, 0, 1092321, 1, 
890314, 1241655577433, 1241656684801, 0, 185, 1, 117, 0, 0, 0, 269484, 1, 
89757, , , 811.3000000000001, 0, 0, 0, 0, 3, 77, 20260, , 
90041, 1241653702879, 1241653736969, 247.80000000000004, 903, 4, 241.5, 175933, 9, 10, 258951, 12, 14
90049, 1241656013643, 1241656626614, 0, 99, 1, 69, 0, 0, 0, 0, 1, 0
925735, 1241649166721, 1241649172243, 0, 0, 0, 0, 0, 0, 0, 0, 1, 
93532, 1241650426706, 1241650924223, 0, 238, 2, 141, 0, 0, 0, 128013, 1, 
945036, 1241655488457, 1241655490840, 0, 0, 0, 0, 0, 0, 0, 502119, 1, 
96211, 1241650548668, 1241650557967, 0, 0, 0, 0, 0, 0, 0, 0, 1, 
96422, 1241653766757, 1241654260037, 0, 613, 2, 163, 0, 0, 0, 269484, 1, 
96838, , , 55.800000000000004, 0, 0, 0, 0, 1, 4, 166371, , 
971101, , , 16.7, 0, 0, 0, 0, 1, 0, 135526, , 
988642, 1241650498184, 1241652614056, 0, 4205, 10, 415.6, 675483, 5, 0, 438751, 6, 2
990799, , , 250.45000000000002, 0, 0, 0, 0, 5, 10, 836417, , 
995, , , 79.2, 0, 0, 0, 0, 12, 20, 12, , 
<<<<EndTable

PlayersOnlineNow=28
PlayersOnlineEachMinute=0, 5, 11, 13, 13, 15, 18, 17, 19, 18, 18, 18, 17, 17, 17, 17, 17, 20, 23, 22, 22, 23, 24, 24, 25, 25, 25, 24, 23, 24, 23, 21, 21, 20, 21, 18, 19, 19, 24, 26, 27, 25, 26, 28, 30, 30, 29, 24, 25, 27, 29, 28, 29, 29, 29, 29, 29, 29, 28, 24, 25, 24, 25, 24, 23, 22, 22, 23, 25, 26, 27, 27, 27, 27, 27, 27, 23, 23, 25, 27, 27, 27, 28, 28, 27, 25, 26, 26, 26, 24, 22, 21, 23, 23, 23, 25, 27, 27, 26, 26, 27, 25, 24, 22, 26, 27, 26, 29, 27, 30, 28, 27, 25, 25, 24, 22, 22, 21, 19, 19, 19, 20, 21, 24, 25, 24, 25, 23, 22, 23, 19, 22, 20, 24, 24, 22, 23, 21, 22, 22, 22, 23, 20, 18, 21, 24, 25, 25, 23, 22, 22, 21, 22, 23, 21, 20, 21, 23, 25, 25, 27, 26, 29, 25, 25, 26, 25, 24, 25, 22, 23, 26, 26, 26, 26, 26, 27, 24, 22, 24, 22, 23, 26, 26, 27, 28, 29, 29, 28, 29, 29, 27, 25, 24, 24, 25, 24, 25, 26, 27
PlayersInEachFeedingGame=2, 1, 2, 2, 2, 2, 1, 2, 2, 1, 2, 3, 2, 2, 2, 2, 2, 2, 1, 2, 2, 2, 1, 1, 1, 2, 2, 2, 2, 2, 2, 2, 2, 2, 2, 1, 2, 2, 2, 2, 2, 2, 1, 2, 2, 2, 2, 2, 1, 1, 2, 2, 2, 1, 3, 1, 1, 2, 1, 2, 1, 1, 1, 1, 2, 2, 2, 2, 1, 2, 2, 1, 2, 2, 2, 2, 1, 2, 3, 1, 2, 1, 2, 1, 1, 1, 1, 2, 1, 2, 1, 2, 1, 1, 1, 1, 2, 1, 1, 1, 1, 2, 1, 2, 2, 2, 2, 1, 1, 2, 2, 2, 1, 1, 2, 2, 2, 2, 1, 1, 2, 2, 2, 2, 2, 2, 1, 2, 2, 2, 2, 2, 1, 1, 2, 2, 2, 1, 2, 1, 1, 1, 1, 1, 1, 1, 2, 1, 2, 2, 1, 1, 2, 1, 1, 2, 1, 2, 2, 1, 2, 2, 2, 2, 2, 1, 1, 1, 2, 2, 2, 1, 2, 2, 2, 1, 2, 2, 2, 1, 2, 2, 1, 2, 2, 2, 1, 1, 2, 2, 1, 2, 2, 1, 2, 1, 2, 2, 2, 2, 1, 1, 1, 2, 2, 1, 1, 1, 2, 2, 1, 1, 2, 1, 2, 2, 2, 2, 1, 2, 1, 2, 1, 1, 2, 1, 2, 1, 2, 2, 1, 2, 2, 2, 2, 2, 1, 2, 2, 1, 1, 2, 2, 2, 1, 2, 1, 2, 2, 3, 1, 2, 1, 1, 2, 2, 2, 1, 2, 2, 1, 1, 2, 1, 1, 2, 2, 1, 2, 2, 2, 2, 2, 2, 2, 2, 2, 1, 1, 1, 2, 1, 2, 1, 2, 2, 2, 2, 1, 2, 2, 2, 2, 2, 2, 1, 2, 2, 2, 2, 2, 1, 2, 2, 1
PlayersStarted=328
PlayersQuit=300
StatsStartTime=1241648105064
StatsDumpTime=1241660111052
<<<<EndStats
2009-05-06 18:35:20,622 ERROR: vampire.server.feeding.FeedingRecord sendPlayerStartGameMsg [playerId=283059, prey=true, _predatorIndex=]
2009-05-06 18:35:20,625 ERROR: vampire.server.feeding.FeedingRecord sendPlayerStartGameMsg [playerId=1145581, prey=false, _predatorIndex=]
2009-05-06 18:36:17,715 ERROR: vampire.server.feeding.FeedingRecord sendPlayerStartGameMsg [playerId=351430, prey=false, _predatorIndex=1145581]
2009-05-06 18:36:33,028 ERROR: vampire.server.feeding.FeedingRecord sendPlayerStartGameMsg [playerId=44987, prey=true, _predatorIndex=]
2009-05-06 18:36:33,029 ERROR: vampire.server.feeding.FeedingRecord sendPlayerStartGameMsg [playerId=171513, prey=false, _predatorIndex=]
2009-05-06 18:37:41,558 ERROR: vampire.server.feeding.FeedingRecord sendPlayerStartGameMsg [playerId=351430, prey=true, _predatorIndex=]
2009-05-06 18:37:41,560 ERROR: vampire.server.feeding.FeedingRecord sendPlayerStartGameMsg [playerId=1145581, prey=false, _predatorIndex=]
2009-05-06 18:37:51,285 ERROR: vampire.server.feeding.FeedingRecord sendPlayerStartGameMsg [playerId=283059, prey=true, _predatorIndex=]
2009-05-06 18:37:51,287 ERROR: vampire.server.feeding.FeedingRecord sendPlayerStartGameMsg [playerId=291108, prey=false, _predatorIndex=]
2009-05-06 18:37:51,600 ERROR: vampire.server.feeding.FeedingRecord sendPlayerStartGameMsg [playerId=1124156, prey=true, _predatorIndex=]
2009-05-06 18:37:51,622 ERROR: vampire.server.feeding.FeedingRecord sendPlayerStartGameMsg [playerId=1089041, prey=false, _predatorIndex=]
2009-05-06 18:37:53,215 ERROR: vampire.server.feeding.FeedingRecord sendPlayerStartGameMsg [playerId=17790, prey=true, _predatorIndex=]
2009-05-06 18:37:53,217 ERROR: vampire.server.feeding.FeedingRecord sendPlayerStartGameMsg [playerId=502119, prey=false, _predatorIndex=]
2009-05-06 18:39:01,846 ERROR: vampire.server.feeding.FeedingRecord sendPlayerStartGameMsg [playerId=1214279, prey=false, _predatorIndex=291108]
2009-05-06 18:39:43,797 ERROR: vampire.server.feeding.FeedingRecord sendPlayerStartGameMsg [playerId=598460, prey=false, _predatorIndex=291108,1214279]
2009-05-06 18:40:16,504 ERROR: vampire.server.feeding.FeedingRecord sendPlayerStartGameMsg [playerId=336524, prey=true, _predatorIndex=]
2009-05-06 18:40:16,506 ERROR: vampire.server.feeding.FeedingRecord sendPlayerStartGameMsg [playerId=598460, prey=false, _predatorIndex=]
2009-05-06 18:40:35,112 ERROR: vampire.server.feeding.FeedingRecord sendPlayerStartGameMsg [playerId=1214279, prey=true, _predatorIndex=]
2009-05-06 18:40:35,112 ERROR: vampire.server.feeding.FeedingRecord sendPlayerStartGameMsg [playerId=291108, prey=false, _predatorIndex=]
2009-05-06 18:40:40,798 ERROR: vampire.server.feeding.FeedingRecord sendPlayerStartGameMsg [playerId=1279761, prey=true, _predatorIndex=]
2009-05-06 18:40:40,798 ERROR: vampire.server.feeding.FeedingRecord sendPlayerStartGameMsg [playerId=1089041, prey=false, _predatorIndex=]
2009-05-06 18:41:06,016 ERROR: vampire.server.feeding.FeedingRecord sendPlayerStartGameMsg [playerId=283059, prey=false, _predatorIndex=]
2009-05-06 18:41:13,618 ERROR: vampire.server.feeding.FeedingRecord sendPlayerStartGameMsg [playerId=44987, prey=true, _predatorIndex=]
2009-05-06 18:41:13,620 ERROR: vampire.server.feeding.FeedingRecord sendPlayerStartGameMsg [playerId=123961, prey=false, _predatorIndex=]
2009-05-06 18:41:18,322 ERROR: vampire.server.feeding.FeedingRecord sendPlayerStartGameMsg [playerId=68523, prey=false, _predatorIndex=1089041]
2009-05-06 18:41:51,270 ERROR: vampire.server.feeding.FeedingRecord sendPlayerStartGameMsg [playerId=168962, prey=false, _predatorIndex=]
2009-05-06 18:42:01,175 ERROR: vampire.server.feeding.FeedingRecord sendPlayerStartGameMsg [playerId=283059, prey=false, _predatorIndex=]
2009-05-06 18:42:20,519 ERROR: vampire.server.feeding.FeedingRecord sendPlayerStartGameMsg [playerId=103033, prey=true, _predatorIndex=]
2009-05-06 18:42:20,521 ERROR: vampire.server.feeding.FeedingRecord sendPlayerStartGameMsg [playerId=1145581, prey=false, _predatorIndex=]
2009-05-06 18:43:10,562 ERROR: vampire.server.feeding.FeedingRecord sendPlayerStartGameMsg [playerId=271936, prey=true, _predatorIndex=]
2009-05-06 18:43:10,567 ERROR: vampire.server.feeding.FeedingRecord sendPlayerStartGameMsg [playerId=1089041, prey=false, _predatorIndex=]
2009-05-06 18:43:17,489 ERROR: vampire.server.feeding.FeedingRecord sendPlayerStartGameMsg [playerId=1124156, prey=true, _predatorIndex=]
2009-05-06 18:43:17,491 ERROR: vampire.server.feeding.FeedingRecord sendPlayerStartGameMsg [playerId=171513, prey=false, _predatorIndex=]
2009-05-06 18:44:06,943 ERROR: vampire.server.feeding.FeedingRecord sendPlayerStartGameMsg [playerId=176940, prey=true, _predatorIndex=]
2009-05-06 18:44:06,946 ERROR: vampire.server.feeding.FeedingRecord sendPlayerStartGameMsg [playerId=283059, prey=false, _predatorIndex=]
2009-05-06 18:44:41,632 ERROR: vampire.server.feeding.FeedingRecord sendPlayerStartGameMsg [playerId=291108, prey=false, _predatorIndex=]
2009-05-06 18:44:47,660 ERROR: vampire.server.feeding.FeedingRecord sendPlayerStartGameMsg [playerId=1279627, prey=false, _predatorIndex=291108]

