
>>>>BeginStats

>>>>BeginTable
PlayerId, StartTime, EndTime, ProgenyPayout, XPFromFeeding, FeedingGames, MeanFeedingScore, BloodBond, Progeny, GrandProgeny, Sire, Level, Invites
1009928, 1241393533076, 1241393773162, 0, 0, 0, 0, 0, 0, 0, 1062853, 1, 
1012813, , , 44.900000000000006, 0, 0, 0, 0, 6, 16, 54776, , 
1021278, , , 61.900000000000006, 0, 0, 0, 0, 2, 1, 452296, , 
10260, 1241393172343, , 0, 0, 0, 0, 1101, 7, 8, 713, 13, 2
1030387, 1241395809809, 1241395873608, 0, 0, 0, 0, 0, 0, 0, 0, 1, 
1030890, 1241395899227, 1241395904025, 0, 0, 0, 0, 0, 0, 0, 0, 1, 
104515, 1241393990579, 1241394153489, 0, 166, 1, 166, 0, 0, 0, 112194, 3, 0
105859, 1241396309033, , 0, 244, 1, 244, 0, 0, 0, 231158, 4, 0
1060123, 1241394371959, 1241394390093, 0, 0, 0, 0, 0, 0, 0, 153097, 1, 
1062, , , 59.75, 0, 0, 0, 0, 9, 7, 713, , 
1062853, , , 19.700000000000003, 0, 0, 0, 0, 8, 6, 1124214, , 
10634, 1241393258500, 1241394601403, 0, 2626, 8, 315.125, 0, 2, 0, 713, 4, 2
10642, 1241394026157, 1241395032118, 172.05, 1330, 2, 591, 447249, 29, 46, 351598, 15, 2
1077614, 1241393067087, , 137.9, 2367, 10, 275.1, 0, 1, 0, 836050, 3, 0
10850, 1241393007931, 1241394717067, 0, 1695, 9, 133.88888888888889, 1203117, 0, 0, 1077614, 3, 
1088402, 1241393772264, , 0, 102, 1, 98, 0, 0, 0, 43386, 3, 0
1092321, , , 108.15, 0, 0, 0, 0, 23, 19, 35568, , 
112194, , , 16.6, 0, 0, 0, 0, 3, 3, 128693, , 
1124214, , , 9.850000000000001, 0, 0, 0, 0, 5, 8, 1122449, , 
113237, , , 221.75, 0, 0, 0, 0, 9, 11, 10642, , 
1148098, 1241396124522, 1241396387372, 0, 619, 2, 333.5, 0, 1, 0, 1021278, 3, 
1158803, 1241396397003, , 0, 107, 1, 58, 0, 0, 0, 58429, 1, 0
1161678, 1241396486828, , 0, 0, 0, 0, 0, 0, 0, 0, 1, 0
1168300, 1241394591085, 1241396361562, 0, 594, 5, 104, 0, 0, 0, 87714, 2, 
1173891, 1241393467749, 1241393925726, 0, 0, 0, 0, 0, 0, 0, 1044730, 1, 
1174455, 1241395633456, 1241396012868, 0, 0, 0, 0, 0, 0, 0, 70997, 3, 
1179627, 1241393629940, 1241395247575, 0, 1002, 6, 123.33333333333333, 0, 0, 0, 16514, 2, 
1186168, 1241394434743, 1241394622728, 0, 0, 0, 0, 0, 0, 0, 0, 1, 
1192337, , , 89.80000000000001, 0, 0, 0, 0, 12, 3, 1012813, , 
1193655, 1241396013219, 1241396463056, 0, 114, 1, 113, 0, 0, 0, 58429, 1, 
1199648, 1241396563108, , 0, 0, 0, 0, 0, 1, 0, 394001, 2, 1
1199666, 1241395629916, , 0, 307, 3, 104.66666666666667, 0, 0, 0, 0, 1, 0
12, , , 235.10000000000002, 0, 0, 0, 0, 20, 123, 383387, , 
1202977, 1241393809571, 1241394475136, 0, 446, 3, 137.66666666666666, 0, 0, 0, 54776, 1, 
1203117, 1241394093742, , 67.2, 815, 9, 98.66666666666667, 1215840, 2, 0, 152578, 3, 1
1206462, 1241393037008, 1241393532189, 0, 322, 2, 137.5, 0, 0, 0, 0, 1, 
1213901, 1241394692509, 1241394697001, 0, 0, 0, 0, 0, 0, 0, 0, 1, 
1215840, 1241395214439, , 0, 672, 7, 93.14285714285714, 1203117, 0, 0, 1203117, 1, 0
1217870, 1241395406099, , 0, 273, 3, 109.33333333333333, 0, 0, 0, 0, 1, 0
1218013, 1241393617427, 1241394250384, 0, 82, 1, 24, 0, 0, 0, 0, 1, 
1218245, 1241393907961, 1241393915016, 0, 0, 0, 0, 0, 0, 0, 0, 1, 
1222705, 1241396366768, , 0, 154, 1, 164, 0, 0, 0, 0, 1, 0
125218, 1241394620394, 1241394933814, 0, 0, 0, 0, 0, 0, 0, 0, 1, 
1265, 1241396086660, 1241396502270, 0, 0, 0, 0, 713, 14, 32, 12, 16, 3
128693, , , 8.3, 0, 0, 0, 0, 2, 4, 179386, , 
130244, , , 5.1000000000000005, 0, 0, 0, 0, 3, 10, 237967, , 
133482, , , 33.1, 0, 0, 0, 0, 5, 12, 180951, , 
139961, 1241393502746, 1241393772185, 0, 0, 0, 0, 0, 0, 0, 19945, 1, 0
145609, 1241393173412, 1241394368630, 0, 436, 3, 165, 369307, 5, 4, 92300, 4, 0
152578, , , 115.10000000000001, 0, 0, 0, 0, 3, 4, 208699, , 
153097, 1241396434429, , 0, 0, 0, 0, 0, 6, 0, 1062853, 3, 6
15469, 1241393387565, 1241394019352, 0, 0, 0, 0, 10490, 1, 0, 1892, 4, 1
157929, 1241394463128, 1241394852127, 0, 136, 1, 140, 0, 0, 0, 0, 1, 
161001, 1241395577113, , 0, 699, 5, 135.8, 0, 1, 1, 377820, 4, 5
16514, 1241394155179, 1241395115338, 47.9, 358, 2, 223.5, 44929, 5, 8, 1062, 4, 0
167153, , , 7.45, 0, 0, 0, 0, 8, 19, 12, , 
169726, 1241395052607, 1241396006777, 0, 898, 3, 216, 0, 0, 0, 1192337, 2, 
170316, , , 80.1, 0, 0, 0, 0, 4, 2, 210210, , 
171543, 1241394933812, 1241394937374, 0, 0, 0, 0, 0, 0, 0, 172419, 1, 
175754, 1241393087117, , 0, 1028, 4, 257, 0, 0, 0, 865090, 3, 0
177672, , , 46.300000000000004, 0, 0, 0, 0, 1, 0, 302907, , 
17790, 1241393083984, 1241393362783, 0, 0, 0, 0, 20260, 12, 11, 20260, 14, 3
180951, , , 16.55, 0, 0, 0, 0, 2, 7, 153510, , 
181512, 1241393848718, 1241393856825, 0, 0, 0, 0, 0, 0, 0, 179509, 1, 
182587, 1241393377206, 1241393416720, 0, 0, 0, 0, 0, 0, 0, 0, 1, 
185650, , , 21.8, 0, 0, 0, 0, 2, 1, 185697, , 
186457, 1241395658765, 1241395665177, 0, 0, 0, 0, 0, 0, 0, 0, 1, 0
187169, 1241394877505, 1241395009254, 0, 0, 0, 0, 0, 1, 0, 110178, 1, 1
188139, 1241394978504, 1241395465770, 0, 0, 0, 0, 0, 0, 0, 0, 1, 0
1892, 1241395542554, 1241395687760, 0, 0, 0, 0, 33511, 20, 6, 995, 11, 2
191950, , , 65.4, 0, 0, 0, 0, 1, 4, 191984, , 
191984, , , 32.7, 0, 0, 0, 0, 17, 5, 142178, , 
193108, 1241393206882, 1241394634058, 0, 182, 1, 169, 0, 0, 0, 0, 1, 
20260, 1241393127587, 1241393203532, 39.6, 0, 0, 0, 17790, 17, 42, 12, 17, 13
205624, 1241393696118, 1241393877162, 0, 193, 1, 111, 0, 0, 0, 543921, 2, 
208699, , , 40.75, 0, 0, 0, 0, 4, 8, 36200, , 
208867, 1241393087120, 1241393235317, 0, 0, 0, 0, 0, 0, 0, 111249, 2, 0
209500, , , 14.9, 0, 0, 0, 0, 3, 4, 167153, , 
210210, , , 40.05, 0, 0, 0, 0, 4, 14, 381607, , 
212304, 1241394296486, 1241395847329, 0, 985, 6, 201, 0, 0, 0, 1092321, 4, 0
217283, , , 30.200000000000003, 0, 0, 0, 0, 47, 20, 57393, , 
217505, , , 39, 0, 0, 0, 0, 4, 5, 3653, , 
231158, , , 24.400000000000002, 0, 0, 0, 0, 3, 0, 93202, , 
254961, 1241395335756, 1241396077027, 0, 463, 3, 147.66666666666666, 177672, 0, 0, 177672, 4, 0
283305, , , 121.50000000000001, 0, 0, 0, 0, 1, 8, 497122, , 
285842, 1241393729171, 1241393997662, 0, 106, 1, 96, 0, 0, 0, 0, 1, 0
289669, 1241393927905, 1241394018738, 0, 0, 0, 0, 0, 6, 0, 120076, 4, 
299087, , , 78, 0, 0, 0, 0, 2, 0, 217505, , 
299646, 1241393253051, 1241393276758, 0, 0, 0, 0, 0, 4, 11, 69257, 6, 1
302907, , , 23.150000000000002, 0, 0, 0, 0, 2, 3, 283855, , 
307471, 1241393568604, 1241394691094, 0, 682, 3, 247.33333333333334, 0, 6, 16, 12, 10, 4
31314, 1241396533991, , 0, 0, 0, 0, 0, 4, 0, 554320, 4, 0
317371, , , 3.5500000000000003, 0, 0, 0, 0, 3, 3, 104507, , 
321365, , , 7.1000000000000005, 0, 0, 0, 0, 3, 9, 317371, , 
336228, , , 118.4, 0, 0, 0, 0, 9, 18, 307471, , 
351430, , , 266.5, 0, 0, 0, 0, 11, 45, 336228, , 
351598, , , 187.64999999999998, 0, 0, 0, 0, 1, 29, 359624, , 
35568, , , 49.25, 0, 0, 0, 0, 1, 23, 258951, , 
359624, , , 66.5, 0, 0, 0, 0, 3, 5, 201132, , 
365394, 1241394905700, 1241395899381, 0, 780, 4, 114, 0, 0, 0, 299087, 2, 0
366650, 1241395532637, , 0, 801, 6, 126, 0, 0, 0, 170316, 1, 0
377820, , , 69.9, 0, 0, 0, 0, 1, 1, 53030, , 
383387, , , 34.1, 0, 0, 0, 0, 6, 56, 0, , 
394001, 1241394324478, 1241395495132, 0, 71, 1, 28, 0, 1, 1, 321365, 1, 0
396113, , , 100, 0, 0, 0, 0, 2, 7, 44987, , 
397835, , , 19.700000000000003, 0, 0, 0, 0, 5, 26, 47379, , 
402647, 1241393720546, 1241396494483, 61.7, 3573, 11, 430.27272727272725, 483162, 11, 3, 408501, 11, 6
408501, , , 388.15, 0, 0, 0, 0, 6, 15, 637936, , 
420341, 1241395586861, 1241395733378, 0, 0, 0, 0, 0, 0, 0, 0, 1, 0
42736, 1241395655976, , 0, 331, 1, 331, 93562, 2, 3, 133482, 4, 1
43386, , , 10.200000000000001, 0, 0, 0, 0, 4, 2, 130244, , 
445660, , , 23.35, 0, 0, 0, 0, 4, 7, 54812, , 
44987, , , 50, 0, 0, 0, 0, 17, 18, 12770, , 
452296, 1241394937846, 1241394942244, 30.950000000000003, 0, 0, 0, 0, 8, 4, 103144, 5, 2
462408, 1241393931145, 1241395872029, 0, 654, 3, 310, 121604, 4, 1, 191950, 10, 2
47379, , , 9.850000000000001, 0, 0, 0, 0, 4, 5, 54776, , 
483162, 1241394642068, , 0, 467, 2, 321, 402647, 11, 2, 534632, 11, 8
497122, , , 51.7, 0, 0, 0, 0, 14, 7, 82321, , 
521561, 1241393372061, 1241393389048, 0, 0, 0, 0, 0, 0, 0, 718536, 1, 
530166, 1241393903784, 1241393955020, 0, 0, 0, 0, 0, 0, 0, 0, 1, 
53030, , , 34.95, 0, 0, 0, 0, 9, 6, 122907, , 
534632, , , 46.7, 0, 0, 0, 0, 7, 78, 445660, , 
538748, , , 18.400000000000002, 0, 0, 0, 0, 1, 5, 53030, , 
541655, , , 92.25, 0, 0, 0, 0, 1, 14, 126451, , 
543921, , , 19.3, 0, 0, 0, 0, 8, 0, 1092321, , 
54776, 1241393779014, 1241395572634, 44.6, 792, 3, 285.3333333333333, 1062, 71, 32, 89757, 15, 3
55022, , , 88.20000000000002, 0, 0, 0, 0, 5, 1, 538748, , 
551, 1241395222944, 1241395856506, 0, 712, 2, 356, 0, 3, 3, 713, 5, 1
562060, 1241396110673, , 0, 362, 3, 111.66666666666667, 0, 5, 0, 592692, 4, 0
57393, , , 15.100000000000001, 0, 0, 0, 0, 5, 55, 159420, , 
58429, 1241393162944, , 22.1, 1093, 9, 120.33333333333333, 0, 7, 5, 10642, 4, 0
58859, 1241394358338, 1241394922193, 0, 1000, 2, 713, 43017, 7, 4, 396113, 13, 2
592692, 1241396125069, , 36.2, 1034, 2, 602, 836050, 8, 8, 283305, 8, 7
60142, 1241394022719, 1241394163894, 0, 0, 0, 0, 0, 0, 0, 102770, 2, 0
609643, 1241395397078, , 0, 302, 3, 110.66666666666667, 0, 0, 0, 217283, 2, 0
618376, , , 23.1, 0, 0, 0, 0, 5, 1, 900329, , 
623906, 1241395484144, 1241396042389, 0, 568, 2, 185, 0, 0, 0, 0, 1, 
63415, 1241393041098, 1241396298396, 0, 1845, 7, 288.85714285714283, 0, 5, 0, 8938, 4, 0
637936, , , 178.64999999999998, 0, 0, 0, 0, 3, 6, 217283, , 
673, 1241394575129, , 0, 308, 3, 104.33333333333333, 0, 0, 0, 0, 1, 0
68793, 1241394872662, 1241394877811, 0, 0, 0, 0, 181652, 0, 0, 201458, 4, 0
70997, 1241394237837, 1241394415318, 0, 197, 1, 244, 1010692, 26, 29, 397835, 11, 2
713, , , 351.70000000000005, 0, 0, 0, 0, 10, 65, 12, , 
82056, 1241393334056, 1241393962826, 0, 617, 3, 115.33333333333333, 0, 0, 0, 402647, 1, 
82995, 1241393770327, 1241394377623, 0, 197, 1, 154, 0, 0, 0, 1062853, 1, 
836050, 1241396038366, , 305.65000000000003, 1034, 2, 431.5, 592692, 11, 1, 113237, 6, 2
85462, 1241394020218, 1241394280944, 0, 149, 1, 149, 0, 2, 3, 209500, 4, 0
862232, 1241394834543, 1241394848488, 0, 0, 0, 0, 0, 0, 0, 0, 1, 
865090, 1241394723096, , 102.80000000000001, 368, 3, 138.66666666666666, 0, 1, 0, 55022, 3, 0
87714, 1241395914529, , 59.400000000000006, 2368, 6, 396, 0, 9, 3, 351430, 9, 6
88925, 1241394119624, 1241394133881, 0, 0, 0, 0, 0, 0, 0, 139168, 2, 
893561, 1241396293483, , 0, 64, 1, 64, 0, 0, 0, 0, 1, 0
8938, , , 184.5, 0, 0, 0, 0, 14, 5, 541655, , 
89757, , , 101.5, 0, 0, 0, 0, 3, 74, 20260, , 
900329, , , 11.55, 0, 0, 0, 0, 23, 5, 70557, , 
90965, 1241395301339, 1241395477267, 0, 0, 0, 0, 0, 0, 0, 76196, 1, 
916261, 1241393328678, 1241393902503, 0, 231, 2, 146.5, 0, 1, 0, 618376, 2, 
92300, , , 43.6, 0, 0, 0, 0, 1, 5, 185650, , 
93202, , , 12.200000000000001, 0, 0, 0, 0, 4, 7, 187565, , 
938403, 1241395612341, 1241395622750, 0, 0, 0, 0, 0, 0, 0, 0, 1, 
982742, 1241395835989, 1241395957371, 0, 0, 0, 0, 0, 0, 0, 0, 1, 
<<<<EndTable

PlayersOnlineNow=28
PlayersOnlineEachMinute=0, 7, 11, 15, 14, 15, 16, 18, 19, 20, 22, 24, 23, 26, 27, 26, 24, 24, 24, 26, 22, 22, 24, 25, 23, 24, 24, 25, 25, 25, 25, 25, 25, 24, 21, 22, 21, 23, 22, 23, 25, 24, 23, 26, 28, 28, 27, 28, 25, 25, 23, 23, 26, 26, 26, 26, 27, 27, 28, 27
PlayersInEachFeedingGame=2, 2, 1, 1, 1, 2, 1, 2, 2, 2, 2, 2, 1, 1, 2, 1, 2, 1, 2, 1, 2, 1, 1, 2, 2, 1, 2, 2, 2, 1, 2, 2, 2, 1, 2, 2, 2, 2, 2, 2, 1, 2, 2, 1, 2, 2, 1, 2, 2, 1, 2, 2, 2, 2, 1, 2, 2, 2, 1, 2, 2, 2, 2, 2, 2, 2, 2, 2, 2, 1, 2, 1, 2, 2, 1, 2, 2, 1, 2, 2, 1, 1, 1, 2, 1, 3, 2
PlayersStarted=131
PlayersQuit=103
StatsStartTime=1241393006624
StatsDumpTime=1241396606839
<<<<EndStats
2009-05-03 17:23:52,968 ERROR: vampire.server.feeding.FeedingRecord sendPlayerStartGameMsg [playerId=562060, prey=true, _predatorIndex=]
2009-05-03 17:23:52,968 ERROR: vampire.server.feeding.FeedingRecord sendPlayerStartGameMsg [playerId=105859, prey=false, _predatorIndex=]
2009-05-03 17:24:01,349 ERROR: vampire.server.feeding.FeedingRecord sendPlayerStartGameMsg [playerId=31314, prey=false, _predatorIndex=]
2009-05-03 17:24:44,277 ERROR: vampire.server.feeding.FeedingRecord sendPlayerStartGameMsg [playerId=1161678, prey=true, _predatorIndex=]
2009-05-03 17:24:44,278 ERROR: vampire.server.feeding.FeedingRecord sendPlayerStartGameMsg [playerId=1222705, prey=false, _predatorIndex=]
2009-05-03 17:25:05,505 ERROR: vampire.server.feeding.FeedingRecord sendPlayerStartGameMsg [playerId=1158803, prey=false, _predatorIndex=]
2009-05-03 17:25:10,191 ERROR: vampire.server.feeding.FeedingRecord sendPlayerStartGameMsg [playerId=836050, prey=true, _predatorIndex=]
2009-05-03 17:25:10,192 ERROR: vampire.server.feeding.FeedingRecord sendPlayerStartGameMsg [playerId=592692, prey=false, _predatorIndex=]
2009-05-03 17:25:34,915 ERROR: vampire.server.feeding.FeedingRecord sendPlayerStartGameMsg [playerId=609643, prey=true, _predatorIndex=]
2009-05-03 17:25:34,916 ERROR: vampire.server.feeding.FeedingRecord sendPlayerStartGameMsg [playerId=1199666, prey=false, _predatorIndex=]
2009-05-03 17:26:01,168 ERROR: vampire.server.feeding.FeedingRecord sendPlayerStartGameMsg [playerId=1217870, prey=false, _predatorIndex=]
2009-05-03 17:27:07,223 ERROR: vampire.server.feeding.FeedingRecord sendPlayerStartGameMsg [playerId=1215840, prey=true, _predatorIndex=]
2009-05-03 17:27:07,223 ERROR: vampire.server.feeding.FeedingRecord sendPlayerStartGameMsg [playerId=1203117, prey=false, _predatorIndex=]
2009-05-03 17:27:09,503 ERROR: vampire.server.feeding.FeedingRecord sendPlayerStartGameMsg [playerId=31314, prey=false, _predatorIndex=]
2009-05-03 17:27:47,353 ERROR: vampire.server.feeding.FeedingRecord sendPlayerStartGameMsg [playerId=63415, prey=true, _predatorIndex=]
2009-05-03 17:27:47,354 ERROR: vampire.server.feeding.FeedingRecord sendPlayerStartGameMsg [playerId=1161678, prey=false, _predatorIndex=]
2009-05-03 17:28:35,582 ERROR: vampire.server.feeding.FeedingRecord sendPlayerStartGameMsg [playerId=43386, prey=false, _predatorIndex=]
2009-05-03 17:29:40,207 ERROR: vampire.server.feeding.FeedingRecord sendPlayerStartGameMsg [playerId=592692, prey=true, _predatorIndex=]
2009-05-03 17:29:40,207 ERROR: vampire.server.feeding.FeedingRecord sendPlayerStartGameMsg [playerId=836050, prey=false, _predatorIndex=]
2009-05-03 17:29:55,194 ERROR: vampire.server.feeding.FeedingRecord sendPlayerStartGameMsg [playerId=885698, prey=false, _predatorIndex=836050]
2009-05-03 17:30:52,013 ERROR: vampire.server.feeding.FeedingRecord sendPlayerStartGameMsg [playerId=43386, prey=false, _predatorIndex=]
2009-05-03 17:31:09,794 ERROR: vampire.server.feeding.FeedingRecord sendPlayerStartGameMsg [playerId=1217870, prey=false, _predatorIndex=]
2009-05-03 17:31:52,432 ERROR: vampire.server.feeding.FeedingRecord sendPlayerStartGameMsg [playerId=1203117, prey=true, _predatorIndex=]
2009-05-03 17:31:52,433 ERROR: vampire.server.feeding.FeedingRecord sendPlayerStartGameMsg [playerId=1215840, prey=false, _predatorIndex=]
2009-05-03 17:31:58,115 ERROR: vampire.server.feeding.FeedingRecord sendPlayerStartGameMsg [playerId=609643, prey=false, _predatorIndex=]
2009-05-03 17:32:24,583 ERROR: vampire.server.feeding.FeedingRecord sendPlayerStartGameMsg [playerId=1199666, prey=false, _predatorIndex=609643]
2009-05-03 17:32:40,642 ERROR: vampire.server.feeding.FeedingRecord sendPlayerStartGameMsg [playerId=1199666, prey=false, _predatorIndex=609643,1199666]
2009-05-03 17:32:52,462 ERROR: vampire.server.feeding.FeedingRecord sendPlayerStartGameMsg [playerId=1086242, prey=false, _predatorIndex=]
2009-05-03 17:32:53,571 ERROR: vampire.server.feeding.FeedingRecord sendPlayerStartGameMsg [playerId=1199666, prey=false, _predatorIndex=609643,1199666]
2009-05-03 17:33:01,668 ERROR: vampire.server.feeding.FeedingRecord sendPlayerStartGameMsg [playerId=1200811, prey=false, _predatorIndex=]
2009-05-03 17:33:11,785 ERROR: vampire.server.feeding.FeedingRecord sendPlayerStartGameMsg [playerId=1214279, prey=true, _predatorIndex=]
2009-05-03 17:33:11,786 ERROR: vampire.server.feeding.FeedingRecord sendPlayerStartGameMsg [playerId=1152211, prey=false, _predatorIndex=]
2009-05-03 17:33:19,178 ERROR: vampire.server.feeding.FeedingRecord sendPlayerStartGameMsg [playerId=43386, prey=false, _predatorIndex=]
2009-05-03 17:33:19,782 ERROR: vampire.server.feeding.FeedingRecord sendPlayerStartGameMsg [playerId=1178576, prey=true, _predatorIndex=]
2009-05-03 17:33:19,783 ERROR: vampire.server.feeding.FeedingRecord sendPlayerStartGameMsg [playerId=77, prey=false, _predatorIndex=]

>>>>BeginStats

>>>>BeginTable
PlayerId, StartTime, EndTime, ProgenyPayout, XPFromFeeding, FeedingGames, MeanFeedingScore, BloodBond, Progeny, GrandProgeny, Sire, Level, Invites
1009928, 1241393533076, 1241393773162, 0, 0, 0, 0, 0, 0, 0, 1062853, 1, 
1012813, , , 44.900000000000006, 0, 0, 0, 0, 6, 16, 54776, , 
1021278, , , 61.900000000000006, 0, 0, 0, 0, 2, 1, 452296, , 
10260, 1241393172343, , 0, 0, 0, 0, 1101, 7, 8, 713, 13, 2
1030387, 1241395809809, 1241395873608, 0, 0, 0, 0, 0, 0, 0, 0, 1, 
1030890, 1241395899227, 1241395904025, 0, 0, 0, 0, 0, 0, 0, 0, 1, 
104515, 1241393990579, 1241394153489, 0, 166, 1, 166, 0, 0, 0, 112194, 3, 0
1047840, 1241396721858, , 0, 0, 0, 0, 0, 1, 0, 408501, 4, 0
105859, 1241396309033, 1241396802065, 0, 636, 3, 234.66666666666666, 0, 0, 0, 231158, 4, 0
1060123, 1241394371959, 1241394390093, 0, 0, 0, 0, 0, 0, 0, 153097, 1, 
1062, , , 59.75, 0, 0, 0, 0, 9, 7, 713, , 
1062853, , , 19.700000000000003, 0, 0, 0, 0, 8, 6, 1124214, , 
10634, 1241393258500, 1241394601403, 0, 2626, 8, 315.125, 0, 2, 0, 713, 4, 2
10642, 1241394026157, 1241395032118, 231.85000000000002, 1330, 2, 591, 447249, 29, 46, 351598, 15, 2
1077614, 1241393067087, , 137.9, 2367, 10, 275.1, 0, 1, 0, 836050, 3, 0
10850, 1241393007931, 1241394717067, 0, 1695, 9, 133.88888888888889, 1203117, 0, 0, 1077614, 3, 
1086242, 1241397131763, , 0, 0, 0, 0, 0, 0, 0, 0, 1, 0
1088402, 1241396956713, , 0, 102, 1, 98, 0, 0, 0, 43386, 3, 0
1092321, , , 108.15, 0, 0, 0, 0, 23, 19, 35568, , 
112194, , , 16.6, 0, 0, 0, 0, 3, 3, 128693, , 
1124214, , , 9.850000000000001, 0, 0, 0, 0, 5, 8, 1122449, , 
113237, , , 360.65000000000003, 0, 0, 0, 0, 9, 11, 10642, , 
1148098, 1241396124522, 1241396387372, 0, 619, 2, 333.5, 0, 1, 0, 1021278, 3, 
1152211, 1241397130450, , 0, 0, 0, 0, 0, 0, 0, 452296, 2, 0
1157419, 1241397134972, 1241397147024, 0, 0, 0, 0, 0, 0, 0, 0, 1, 
1158803, 1241396397003, 1241396832160, 0, 107, 1, 58, 0, 0, 0, 58429, 1, 
1161678, 1241396486828, 1241397129602, 0, 255, 2, 97, 0, 0, 0, 63415, 1, 
1167604, 1241397157984, 1241397189695, 0, 0, 0, 0, 1113365, 0, 0, 0, 3, 
1168300, 1241394591085, 1241396361562, 0, 594, 5, 104, 0, 0, 0, 87714, 2, 
1173891, 1241393467749, 1241393925726, 0, 0, 0, 0, 0, 0, 0, 1044730, 1, 
1174455, 1241395633456, 1241396012868, 0, 0, 0, 0, 0, 0, 0, 70997, 3, 
1178576, 1241397094980, , 0, 0, 0, 0, 0, 0, 0, 0, 1, 0
1179627, 1241393629940, 1241395247575, 0, 1002, 6, 123.33333333333333, 0, 0, 0, 16514, 2, 
1186168, 1241394434743, 1241394622728, 0, 0, 0, 0, 0, 0, 0, 0, 1, 
1192337, , , 89.80000000000001, 0, 0, 0, 0, 12, 3, 1012813, , 
1193655, 1241396013219, 1241396463056, 0, 114, 1, 113, 0, 0, 0, 58429, 1, 
1199648, 1241396563108, , 0, 0, 0, 0, 0, 1, 0, 394001, 2, 1
1199666, 1241395629916, , 0, 564, 5, 113.8, 0, 0, 0, 609643, 2, 0
12, , , 235.10000000000002, 0, 0, 0, 0, 20, 123, 383387, , 
1200811, 1241397148185, , 0, 0, 0, 0, 0, 0, 0, 0, 1, 0
1202977, 1241393809571, 1241394475136, 0, 446, 3, 137.66666666666666, 0, 0, 0, 54776, 1, 
1203117, 1241394093742, , 76.4, 907, 10, 99.8, 1215840, 2, 0, 152578, 3, 1
1206462, 1241393037008, 1241393532189, 0, 322, 2, 137.5, 0, 0, 0, 0, 1, 
1213901, 1241394692509, 1241394697001, 0, 0, 0, 0, 0, 0, 0, 0, 1, 
1214279, 1241397058252, , 0, 0, 0, 0, 0, 0, 0, 0, 1, 0
1215840, 1241395214439, , 0, 764, 8, 90.625, 1203117, 0, 0, 1203117, 1, 0
1217870, 1241395406099, , 0, 273, 3, 109.33333333333333, 0, 0, 0, 0, 1, 0
1218013, 1241393617427, 1241394250384, 0, 82, 1, 24, 0, 0, 0, 0, 1, 
1218245, 1241393907961, 1241393915016, 0, 0, 0, 0, 0, 0, 0, 0, 1, 
1222705, 1241396660135, 1241396892162, 0, 253, 2, 132, 0, 0, 0, 0, 1, 
125218, 1241394620394, 1241394933814, 0, 0, 0, 0, 0, 0, 0, 0, 1, 
1265, 1241396674692, 1241396691514, 0, 0, 0, 0, 713, 14, 32, 12, 16, 3
128693, , , 8.3, 0, 0, 0, 0, 2, 4, 179386, , 
130244, , , 51.400000000000006, 0, 0, 0, 0, 3, 10, 237967, , 
133482, 1241397130738, , 33.1, 0, 0, 0, 0, 5, 12, 180951, 5, 5
139961, 1241393502746, 1241393772185, 0, 0, 0, 0, 0, 0, 0, 19945, 1, 0
145609, 1241393173412, 1241394368630, 0, 436, 3, 165, 369307, 5, 4, 92300, 4, 0
152578, , , 128.9, 0, 0, 0, 0, 3, 4, 208699, , 
153097, 1241396434429, 1241396715079, 0, 0, 0, 0, 0, 6, 0, 1062853, 3, 6
15469, 1241393387565, 1241394019352, 0, 0, 0, 0, 10490, 1, 0, 1892, 4, 1
157929, 1241394463128, 1241394852127, 0, 136, 1, 140, 0, 0, 0, 0, 1, 
161001, 1241395577113, , 0, 854, 6, 139, 0, 1, 1, 377820, 4, 5
16514, 1241394155179, 1241395115338, 47.9, 358, 2, 223.5, 44929, 5, 8, 1062, 4, 0
167153, , , 7.45, 0, 0, 0, 0, 8, 19, 12, , 
169726, 1241395052607, 1241396006777, 0, 898, 3, 216, 0, 0, 0, 1192337, 2, 
170316, , , 138.2, 0, 0, 0, 0, 4, 2, 210210, , 
171543, 1241394933812, 1241394937374, 0, 0, 0, 0, 0, 0, 0, 172419, 1, 
175754, 1241393087117, , 0, 1028, 4, 257, 0, 0, 0, 865090, 3, 0
177672, , , 46.300000000000004, 0, 0, 0, 0, 1, 0, 302907, , 
17790, 1241393083984, 1241393362783, 0, 0, 0, 0, 20260, 12, 11, 20260, 14, 3
180951, , , 16.55, 0, 0, 0, 0, 2, 7, 153510, , 
181512, 1241393848718, 1241393856825, 0, 0, 0, 0, 0, 0, 0, 179509, 1, 
182587, 1241393377206, 1241393416720, 0, 0, 0, 0, 0, 0, 0, 0, 1, 
185650, , , 21.8, 0, 0, 0, 0, 2, 1, 185697, , 
186457, 1241395658765, 1241395665177, 0, 0, 0, 0, 0, 0, 0, 0, 1, 0
187169, 1241394877505, 1241395009254, 0, 0, 0, 0, 0, 1, 0, 110178, 1, 1
187381, 1241396690469, 1241397119250, 0, 0, 0, 0, 211710, 7, 4, 2843, 8, 1
188139, 1241394978504, 1241395465770, 0, 0, 0, 0, 0, 0, 0, 0, 1, 0
1892, 1241395542554, 1241395687760, 0, 0, 0, 0, 33511, 20, 6, 995, 11, 2
191950, , , 65.4, 0, 0, 0, 0, 1, 4, 191984, , 
191984, , , 32.7, 0, 0, 0, 0, 17, 5, 142178, , 
193108, 1241393206882, 1241394634058, 0, 182, 1, 169, 0, 0, 0, 0, 1, 
20260, 1241393127587, 1241393203532, 39.6, 0, 0, 0, 17790, 17, 42, 12, 17, 13
205624, 1241393696118, 1241393877162, 0, 193, 1, 111, 0, 0, 0, 543921, 2, 
208699, , , 45.35, 0, 0, 0, 0, 4, 8, 36200, , 
208867, 1241393087120, 1241393235317, 0, 0, 0, 0, 0, 0, 0, 111249, 2, 0
209500, , , 14.9, 0, 0, 0, 0, 3, 4, 167153, , 
210210, , , 69.1, 0, 0, 0, 0, 4, 14, 381607, , 
212304, 1241394296486, 1241395847329, 0, 985, 6, 201, 0, 0, 0, 1092321, 4, 0
217283, , , 61.300000000000004, 0, 0, 0, 0, 47, 21, 57393, , 
217505, , , 39, 0, 0, 0, 0, 4, 5, 3653, , 
231158, , , 63.6, 0, 0, 0, 0, 3, 0, 93202, , 
237967, , , 23.150000000000002, 0, 0, 0, 0, 3, 7, 336228, , 
254961, 1241395335756, 1241396077027, 0, 463, 3, 147.66666666666666, 177672, 0, 0, 177672, 4, 0
283305, , , 250.4, 0, 0, 0, 0, 1, 8, 497122, , 
285842, 1241393729171, 1241393997662, 0, 106, 1, 96, 0, 0, 0, 0, 1, 0
289669, 1241393927905, 1241394018738, 0, 0, 0, 0, 0, 6, 0, 120076, 4, 
296658, , , 11.600000000000001, 0, 0, 0, 0, 9, 11, 299646, , 
299087, , , 78, 0, 0, 0, 0, 2, 0, 217505, , 
299646, 1241393253051, 1241393276758, 0, 0, 0, 0, 0, 4, 11, 69257, 6, 1
302907, , , 23.150000000000002, 0, 0, 0, 0, 2, 3, 283855, , 
307471, 1241393568604, 1241394691094, 0, 682, 3, 247.33333333333334, 0, 6, 16, 12, 10, 4
31314, 1241396533991, 1241396965222, 0, 232, 2, 116, 0, 4, 0, 554320, 4, 
317371, , , 3.5500000000000003, 0, 0, 0, 0, 3, 3, 104507, , 
321365, , , 7.1000000000000005, 0, 0, 0, 0, 3, 9, 317371, , 
328372, 1241397179880, , 0, 0, 0, 0, 0, 1, 1, 48974, 3, 1
328403, 1241396856200, 1241396914854, 0, 0, 0, 0, 0, 0, 0, 227953, 1, 0
336228, , , 184.10000000000002, 0, 0, 0, 0, 9, 18, 307471, , 
351430, , , 397.9, 0, 0, 0, 0, 11, 45, 336228, , 
351598, , , 187.64999999999998, 0, 0, 0, 0, 1, 29, 359624, , 
35568, , , 49.25, 0, 0, 0, 0, 1, 23, 258951, , 
359624, , , 66.5, 0, 0, 0, 0, 3, 5, 201132, , 
365394, 1241394905700, 1241395899381, 0, 780, 4, 114, 0, 0, 0, 299087, 2, 0
366650, 1241395532637, , 0, 1382, 10, 133.7, 0, 0, 0, 170316, 2, 0
370946, 1241396942196, 1241397038518, 0, 0, 0, 0, 0, 1, 0, 172623, 2, 0
377820, , , 85.4, 0, 0, 0, 0, 1, 1, 53030, , 
383387, , , 34.1, 0, 0, 0, 0, 6, 56, 0, , 
394001, 1241394324478, 1241395495132, 0, 71, 1, 28, 0, 1, 1, 321365, 1, 0
396113, , , 100, 0, 0, 0, 0, 2, 7, 44987, , 
397835, , , 19.700000000000003, 0, 0, 0, 0, 5, 26, 47379, , 
402647, 1241396760585, 1241396779152, 61.7, 3573, 11, 430.27272727272725, 483162, 11, 3, 408501, 11, 6
408501, , , 388.15, 0, 0, 0, 0, 6, 15, 637936, , 
420341, 1241395586861, 1241395733378, 0, 0, 0, 0, 0, 0, 0, 0, 1, 0
42736, 1241395655976, 1241396911069, 0, 331, 1, 331, 93562, 2, 3, 133482, 4, 1
43386, 1241396840164, , 10.200000000000001, 463, 2, 231.5, 106210, 4, 2, 130244, 7, 4
445660, , , 23.35, 0, 0, 0, 0, 4, 7, 54812, , 
44987, , , 50, 0, 0, 0, 0, 17, 18, 12770, , 
452296, 1241394937846, 1241394942244, 30.950000000000003, 0, 0, 0, 0, 8, 4, 103144, 5, 2
462408, 1241393931145, 1241395872029, 0, 654, 3, 310, 121604, 4, 1, 191950, 10, 2
47379, , , 9.850000000000001, 0, 0, 0, 0, 4, 5, 54776, , 
483162, 1241394642068, , 0, 467, 2, 321, 402647, 11, 2, 534632, 11, 8
497122, , , 111.5, 0, 0, 0, 0, 14, 7, 82321, , 
521561, 1241393372061, 1241393389048, 0, 0, 0, 0, 0, 0, 0, 718536, 1, 
530166, 1241393903784, 1241393955020, 0, 0, 0, 0, 0, 0, 0, 0, 1, 
53030, , , 42.7, 0, 0, 0, 0, 9, 6, 122907, , 
534632, , , 46.7, 0, 0, 0, 0, 7, 78, 445660, , 
536243, 1241396749074, 1241396808368, 0, 0, 0, 0, 0, 1, 0, 217283, 1, 
538748, , , 18.400000000000002, 0, 0, 0, 0, 1, 5, 53030, , 
541655, , , 100.05, 0, 0, 0, 0, 1, 14, 126451, , 
543921, , , 19.3, 0, 0, 0, 0, 8, 0, 1092321, , 
54776, 1241396736368, , 44.6, 792, 3, 285.3333333333333, 1062, 71, 32, 89757, 15, 3
55022, , , 88.20000000000002, 0, 0, 0, 0, 5, 1, 538748, , 
551, 1241395222944, 1241395856506, 0, 712, 2, 356, 0, 3, 3, 713, 5, 1
554320, , , 23.200000000000003, 0, 0, 0, 0, 9, 6, 296658, , 
562060, 1241396110673, 1241396772875, 0, 548, 4, 113, 0, 5, 0, 592692, 4, 
57393, , , 27.950000000000003, 0, 0, 0, 0, 5, 55, 159420, , 
58429, 1241393162944, 1241396952146, 22.1, 1093, 9, 120.33333333333333, 0, 7, 5, 10642, 4, 
58859, 1241394358338, 1241394922193, 0, 1000, 2, 713, 43017, 7, 4, 396113, 13, 2
592692, 1241396125069, , 54.800000000000004, 2230, 4, 510.5, 836050, 8, 8, 283305, 8, 7
60142, 1241394022719, 1241394163894, 0, 0, 0, 0, 0, 0, 0, 102770, 2, 0
609643, 1241395397078, , 10.8, 559, 5, 118, 0, 1, 0, 217283, 2, 0
618376, , , 23.1, 0, 0, 0, 0, 5, 1, 900329, , 
623906, 1241395484144, 1241396042389, 0, 568, 2, 185, 0, 0, 0, 0, 1, 
63415, 1241396732687, , 15.600000000000001, 2001, 8, 279.75, 0, 6, 0, 8938, 4, 0
637936, , , 178.64999999999998, 0, 0, 0, 0, 3, 6, 217283, , 
673, 1241394575129, , 0, 308, 3, 104.33333333333333, 0, 0, 0, 0, 1, 0
68793, 1241397168177, , 0, 0, 0, 0, 181652, 0, 0, 201458, 4, 0
70997, 1241394237837, 1241394415318, 0, 197, 1, 244, 1010692, 26, 29, 397835, 11, 2
713, , , 351.70000000000005, 0, 0, 0, 0, 10, 65, 12, , 
77, 1241397087206, , 0, 0, 0, 0, 171151, 11, 2, 12770, 13, 2
82056, 1241393334056, 1241393962826, 0, 617, 3, 115.33333333333333, 0, 0, 0, 402647, 1, 
82995, 1241393770327, 1241394377623, 0, 197, 1, 154, 0, 0, 0, 1062853, 1, 
836050, 1241396038366, , 344.25000000000006, 2230, 4, 559.5, 592692, 11, 1, 113237, 7, 2
85462, 1241394020218, 1241394280944, 0, 149, 1, 149, 0, 2, 3, 209500, 4, 0
862232, 1241394834543, 1241394848488, 0, 0, 0, 0, 0, 0, 0, 0, 1, 
865090, 1241394723096, , 102.80000000000001, 368, 3, 138.66666666666666, 0, 1, 0, 55022, 3, 0
87714, 1241395914529, , 59.400000000000006, 3682, 8, 461.25, 0, 9, 3, 351430, 9, 6
885698, 1241396855907, , 0, 386, 1, 563, 891151, 0, 0, 836050, 4, 0
88925, 1241394119624, 1241394133881, 0, 0, 0, 0, 0, 0, 0, 139168, 2, 
893561, 1241396293483, 1241397143627, 0, 64, 1, 64, 0, 0, 0, 0, 1, 
8938, , , 207.9, 0, 0, 0, 0, 14, 6, 541655, , 
89757, , , 101.5, 0, 0, 0, 0, 3, 74, 20260, , 
900329, , , 11.55, 0, 0, 0, 0, 23, 5, 70557, , 
90965, 1241395301339, 1241395477267, 0, 0, 0, 0, 0, 0, 0, 76196, 1, 
916261, 1241393328678, 1241393902503, 0, 231, 2, 146.5, 0, 1, 0, 618376, 2, 
92300, , , 43.6, 0, 0, 0, 0, 1, 5, 185650, , 
93202, , , 31.8, 0, 0, 0, 0, 4, 7, 187565, , 
938403, 1241395612341, 1241395622750, 0, 0, 0, 0, 0, 0, 0, 0, 1, 
982742, 1241395835989, 1241395957371, 0, 0, 0, 0, 0, 0, 0, 0, 1, 
<<<<EndTable

PlayersOnlineNow=32
PlayersOnlineEachMinute=0, 7, 11, 15, 14, 15, 16, 18, 19, 20, 22, 24, 23, 26, 27, 26, 24, 24, 24, 26, 22, 22, 24, 25, 23, 24, 24, 25, 25, 25, 25, 25, 25, 24, 21, 22, 21, 23, 22, 23, 25, 24, 23, 26, 28, 28, 27, 28, 25, 25, 23, 23, 26, 26, 26, 26, 27, 27, 28, 27, 28, 28, 29, 32, 28, 29, 27, 27, 28, 29
PlayersInEachFeedingGame=2, 2, 1, 1, 1, 2, 1, 2, 2, 2, 2, 2, 1, 1, 2, 1, 2, 1, 2, 1, 2, 1, 1, 2, 2, 1, 2, 2, 2, 1, 2, 2, 2, 1, 2, 2, 2, 2, 2, 2, 1, 2, 2, 1, 2, 2, 1, 2, 2, 1, 2, 2, 2, 2, 1, 2, 2, 2, 1, 2, 2, 2, 2, 2, 2, 2, 2, 2, 2, 1, 2, 1, 2, 2, 1, 2, 2, 1, 2, 2, 1, 1, 1, 2, 1, 3, 2, 2, 1, 2, 1, 2, 2, 1, 2, 1, 2, 1, 3, 1, 1, 2, 1, 1, 1, 2, 1, 2
PlayersStarted=158
PlayersQuit=126
StatsStartTime=1241393006624
StatsDumpTime=1241397206893
<<<<EndStats
2009-05-03 17:33:30,232 ERROR: vampire.server.feeding.FeedingRecord sendPlayerStartGameMsg [playerId=592692, prey=true, _predatorIndex=]
2009-05-03 17:33:30,233 ERROR: vampire.server.feeding.FeedingRecord sendPlayerStartGameMsg [playerId=885698, prey=false, _predatorIndex=]
2009-05-03 17:33:36,990 ERROR: vampire.server.feeding.FeedingRecord sendPlayerStartGameMsg [playerId=836050, prey=false, _predatorIndex=885698]
2009-05-03 17:33:38,645 ERROR: vampire.server.feeding.FeedingRecord sendPlayerStartGameMsg [playerId=1199666, prey=false, _predatorIndex=]
2009-05-03 17:33:56,202 ERROR: vampire.server.feeding.FeedingRecord sendPlayerStartGameMsg [playerId=68793, prey=false, _predatorIndex=885698,836050]
2009-05-03 17:34:13,195 ERROR: vampire.server.feeding.FeedingRecord sendPlayerStartGameMsg [playerId=3200, prey=true, _predatorIndex=]
2009-05-03 17:34:13,196 ERROR: vampire.server.feeding.FeedingRecord sendPlayerStartGameMsg [playerId=1199648, prey=false, _predatorIndex=]
2009-05-03 17:34:21,472 ERROR: vampire.server.feeding.FeedingRecord sendPlayerStartGameMsg [playerId=1199666, prey=true, _predatorIndex=]
2009-05-03 17:34:21,473 ERROR: vampire.server.feeding.FeedingRecord sendPlayerStartGameMsg [playerId=328372, prey=false, _predatorIndex=]
2009-05-03 17:35:33,182 ERROR: vampire.server.feeding.FeedingRecord sendPlayerStartGameMsg [playerId=1077614, prey=false, _predatorIndex=885698,836050,68793]
2009-05-03 17:36:29,989 ERROR: vampire.server.feeding.FeedingRecord sendPlayerStartGameMsg [playerId=836050, prey=false, _predatorIndex=885698,836050,68793,1077614]
2009-05-03 17:36:54,068 ERROR: vampire.server.feeding.FeedingRecord sendPlayerStartGameMsg [playerId=1200811, prey=true, _predatorIndex=]
2009-05-03 17:36:54,069 ERROR: vampire.server.feeding.FeedingRecord sendPlayerStartGameMsg [playerId=1199648, prey=false, _predatorIndex=]
2009-05-03 17:36:56,790 ERROR: vampire.server.feeding.FeedingRecord sendPlayerStartGameMsg [playerId=1152211, prey=true, _predatorIndex=]
2009-05-03 17:36:56,791 ERROR: vampire.server.feeding.FeedingRecord sendPlayerStartGameMsg [playerId=1214279, prey=false, _predatorIndex=]
2009-05-03 17:38:07,166 ERROR: vampire.server.feeding.FeedingRecord sendPlayerStartGameMsg [playerId=1199666, prey=true, _predatorIndex=]
2009-05-03 17:38:07,167 ERROR: vampire.server.feeding.FeedingRecord sendPlayerStartGameMsg [playerId=328372, prey=false, _predatorIndex=]
2009-05-03 17:38:16,521 ERROR: vampire.server.feeding.FeedingRecord sendPlayerStartGameMsg [playerId=1086242, prey=false, _predatorIndex=]
2009-05-03 17:39:08,808 ERROR: vampire.server.feeding.FeedingRecord sendPlayerStartGameMsg [playerId=366650, prey=false, _predatorIndex=]
2009-05-03 17:39:31,401 ERROR: vampire.server.feeding.FeedingRecord sendPlayerStartGameMsg [playerId=1220243, prey=false, _predatorIndex=]
2009-05-03 17:40:14,301 ERROR: vampire.server.feeding.FeedingRecord sendPlayerStartGameMsg [playerId=1178576, prey=false, _predatorIndex=]
2009-05-03 17:40:32,246 ERROR: vampire.server.feeding.FeedingRecord sendPlayerStartGameMsg [playerId=938403, prey=true, _predatorIndex=]
2009-05-03 17:40:32,247 ERROR: vampire.server.feeding.FeedingRecord sendPlayerStartGameMsg [playerId=885698, prey=false, _predatorIndex=]
Error! Your code is broken! Unable to call a host method, perhaps you've been shut down? [msg=Room not in game [roomId=1325800], trace=Error: Room not in game [roomId=1325800]
	at com.threerings.msoy.avrg.client::ThaneAVRGameController/getRoomProps()[/export/bamboo/bamboo-home/xml-data/build-dir/WHIRLED-PROD/src/as/com/threerings/msoy/avrg/client/ThaneAVRGameController.as:182]
	at com.threerings.msoy.avrg.client::ThaneAVRGameBackend/room_sendMessage_v1()[/export/bamboo/bamboo-home/xml-data/build-dir/WHIRLED-PROD/src/as/com/threerings/msoy/avrg/client/ThaneAVRGameBackend.as:540]
	at Function/http://adobe.com/AS3/2006/builtin::apply()
	at com.whirled::AbstractControl/callHostCode()
	at Function/http://adobe.com/AS3/2006/builtin::apply()
	at com.whirled::AbstractSubControl/callHostCode()
	at Function/http://adobe.com/AS3/2006/builtin::apply()
	at com.whirled::TargetedSubControl/callHostCode()
	at com.whirled.avrg::RoomSubControlServer/sendMessage()
	at vampire.feeding.server::ServerCtx/sendMessage()
	at vampire.feeding.server::ServerGameMode/onTimeOver()
	at flash.events::EventDispatcher/dispatchEvent()
	at flash.utils::Timer/expire()
	at flash.utils::Timer$/heartbeat()
	at Thane$/heartbeat()
	at Thane$/heartbeat()].
2009-05-03 17:40:52,124 ERROR: vampire.server.feeding.FeedingRecord sendPlayerStartGameMsg [playerId=938403, prey=true, _predatorIndex=]
2009-05-03 17:40:52,125 ERROR: vampire.server.feeding.FeedingRecord sendPlayerStartGameMsg [playerId=885698, prey=false, _predatorIndex=]
2009-05-03 17:40:58,113 ERROR: vampire.server.feeding.FeedingRecord sendPlayerStartGameMsg [playerId=154004, prey=true, _predatorIndex=]
2009-05-03 17:40:58,113 ERROR: vampire.server.feeding.FeedingRecord sendPlayerStartGameMsg [playerId=1199648, prey=false, _predatorIndex=]
2009-05-03 17:41:09,484 ERROR: vampire.server.feeding.FeedingRecord sendPlayerStartGameMsg [playerId=1077614, prey=false, _predatorIndex=885698]
2009-05-03 17:41:20,414 ERROR: vampire.server.feeding.FeedingRecord sendPlayerStartGameMsg [playerId=1086242, prey=false, _predatorIndex=]
2009-05-03 17:42:06,936 ERROR: vampire.server.feeding.FeedingRecord sendPlayerStartGameMsg [playerId=1214279, prey=true, _predatorIndex=]
2009-05-03 17:42:06,937 ERROR: vampire.server.feeding.FeedingRecord sendPlayerStartGameMsg [playerId=1152211, prey=false, _predatorIndex=]
2009-05-03 17:42:07,432 ERROR: vampire.server.feeding.FeedingRecord sendPlayerStartGameMsg [playerId=1086242, prey=false, _predatorIndex=]
2009-05-03 17:43:02,536 ERROR: vampire.server.feeding.FeedingRecord sendPlayerStartGameMsg [playerId=1199666, prey=false, _predatorIndex=]

>>>>BeginStats

>>>>BeginTable
PlayerId, StartTime, EndTime, ProgenyPayout, XPFromFeeding, FeedingGames, MeanFeedingScore, BloodBond, Progeny, GrandProgeny, Sire, Level, Invites
1009928, 1241393533076, 1241393773162, 0, 0, 0, 0, 0, 0, 0, 1062853, 1, 
1012813, , , 44.900000000000006, 0, 0, 0, 0, 6, 16, 54776, , 
1021278, , , 61.900000000000006, 0, 0, 0, 0, 2, 1, 452296, , 
10260, 1241393172343, , 0, 0, 0, 0, 1101, 7, 8, 713, 13, 2
1030387, 1241395809809, 1241395873608, 0, 0, 0, 0, 0, 0, 0, 0, 1, 
1030890, 1241395899227, 1241395904025, 0, 0, 0, 0, 0, 0, 0, 0, 1, 
103144, , , 18.8, 0, 0, 0, 0, 5, 15, 116005, , 
104515, 1241393990579, 1241394153489, 0, 166, 1, 166, 0, 0, 0, 112194, 3, 0
1047840, 1241396721858, , 0, 0, 0, 0, 0, 1, 0, 408501, 4, 0
1052847, 1241397773557, , 0, 0, 0, 0, 0, 0, 0, 0, 1, 0
105859, 1241396309033, 1241396802065, 0, 636, 3, 234.66666666666666, 0, 0, 0, 231158, 4, 0
1060123, 1241394371959, 1241394390093, 0, 0, 0, 0, 0, 0, 0, 153097, 1, 
1062, , , 59.75, 0, 0, 0, 0, 9, 7, 713, , 
1062853, , , 19.700000000000003, 0, 0, 0, 0, 8, 6, 1124214, , 
10634, 1241393258500, 1241394601403, 0, 2626, 8, 315.125, 0, 2, 0, 713, 4, 2
10642, 1241394026157, 1241395032118, 292.75000000000006, 1330, 2, 591, 447249, 29, 46, 351598, 15, 2
1077614, 1241393067087, , 137.9, 2864, 11, 304.54545454545456, 0, 1, 0, 836050, 3, 0
10850, 1241393007931, 1241394717067, 0, 1695, 9, 133.88888888888889, 1203117, 0, 0, 1077614, 3, 
1086242, 1241397131763, , 0, 379, 2, 189.5, 0, 0, 0, 0, 1, 0
1088402, 1241396956713, 1241397291800, 0, 102, 1, 98, 0, 0, 0, 43386, 3, 
1092321, , , 108.15, 0, 0, 0, 0, 23, 19, 35568, , 
112194, , , 16.6, 0, 0, 0, 0, 3, 3, 128693, , 
1124214, , , 9.850000000000001, 0, 0, 0, 0, 5, 8, 1122449, , 
113237, , , 568.2000000000002, 0, 0, 0, 0, 9, 11, 10642, , 
1140343, 1241397754610, 1241397780445, 0, 0, 0, 0, 0, 0, 0, 0, 1, 
1148098, 1241397631648, , 0, 619, 2, 333.5, 0, 1, 0, 1021278, 3, 0
1152211, 1241397130450, , 19.400000000000002, 376, 2, 162, 0, 1, 0, 452296, 2, 0
1157419, 1241397239785, 1241397261785, 0, 0, 0, 0, 0, 0, 0, 0, 1, 
1158803, 1241396397003, 1241396832160, 0, 107, 1, 58, 0, 0, 0, 58429, 1, 
1161678, 1241396486828, 1241397129602, 0, 255, 2, 97, 0, 0, 0, 63415, 1, 
1167604, 1241397693226, , 0, 0, 0, 0, 1113365, 0, 0, 0, 3, 0
1168300, 1241394591085, 1241396361562, 0, 594, 5, 104, 0, 0, 0, 87714, 2, 
1173891, 1241393467749, 1241393925726, 0, 0, 0, 0, 0, 0, 0, 1044730, 1, 
1174455, 1241395633456, 1241396012868, 0, 0, 0, 0, 0, 0, 0, 70997, 3, 
1178576, 1241397094980, , 0, 387, 2, 93, 0, 0, 0, 0, 1, 0
1179627, 1241393629940, 1241395247575, 0, 1002, 6, 123.33333333333333, 0, 0, 0, 16514, 2, 
118417, , , 36.050000000000004, 0, 0, 0, 0, 4, 3, 12, , 
1186168, 1241394434743, 1241394622728, 0, 0, 0, 0, 0, 0, 0, 0, 1, 
1192337, , , 89.80000000000001, 0, 0, 0, 0, 12, 3, 1012813, , 
1193655, 1241396013219, 1241396463056, 0, 114, 1, 113, 0, 0, 0, 58429, 1, 
1199648, 1241396563108, , 0, 1037, 3, 156.33333333333334, 0, 1, 0, 394001, 3, 1
1199666, 1241395629916, , 0, 787, 7, 115.42857142857143, 0, 0, 0, 609643, 2, 0
12, , , 235.10000000000002, 0, 0, 0, 0, 20, 123, 383387, , 
1200811, 1241397148185, 1241397631956, 0, 351, 2, 189, 0, 0, 0, 0, 1, 
1202977, 1241393809571, 1241394475136, 0, 446, 3, 137.66666666666666, 0, 0, 0, 54776, 1, 
1203117, 1241394093742, 1241397470621, 88, 1023, 11, 101.72727272727273, 1215840, 2, 0, 152578, 3, 1
1206462, 1241393037008, 1241393532189, 0, 322, 2, 137.5, 0, 0, 0, 0, 1, 
1213901, 1241394692509, 1241394697001, 0, 0, 0, 0, 0, 0, 0, 0, 1, 
1214279, 1241397058252, , 0, 376, 2, 213.5, 0, 0, 0, 1152211, 1, 0
1215840, 1241395214439, 1241397374020, 0, 880, 9, 92.88888888888889, 1203117, 0, 0, 1203117, 1, 
1217870, 1241395406099, , 0, 273, 3, 109.33333333333333, 0, 0, 0, 0, 1, 0
1218013, 1241393617427, 1241394250384, 0, 82, 1, 24, 0, 0, 0, 0, 1, 
1218245, 1241393907961, 1241393915016, 0, 0, 0, 0, 0, 0, 0, 0, 1, 
1220243, 1241397208539, , 0, 93, 1, 93, 0, 0, 0, 0, 1, 0
1222705, 1241396660135, 1241396892162, 0, 253, 2, 132, 0, 0, 0, 0, 1, 
125218, 1241394620394, 1241394933814, 0, 0, 0, 0, 0, 0, 0, 0, 1, 
1265, 1241396674692, 1241396691514, 0, 0, 0, 0, 713, 14, 32, 12, 16, 3
12770, , , 28.1, 0, 0, 0, 0, 23, 76, 383387, , 
128693, , , 8.3, 0, 0, 0, 0, 2, 4, 179386, , 
130244, , , 70.10000000000001, 0, 0, 0, 0, 3, 10, 237967, , 
133482, 1241397130738, 1241397254106, 33.1, 0, 0, 0, 0, 5, 12, 180951, 5, 5
139961, 1241393502746, 1241393772185, 0, 0, 0, 0, 0, 0, 0, 19945, 1, 0
145609, 1241393173412, 1241394368630, 0, 436, 3, 165, 369307, 5, 4, 92300, 4, 0
150469, 1241397316836, , 0, 0, 0, 0, 0, 3, 8, 57393, 4, 0
152578, , , 146.3, 0, 0, 0, 0, 3, 4, 208699, , 
153097, 1241396434429, 1241396715079, 0, 0, 0, 0, 0, 6, 0, 1062853, 3, 6
154004, 1241397378499, , 0, 483, 1, 804, 561706, 8, 5, 90041, 4, 0
15469, 1241393387565, 1241394019352, 0, 0, 0, 0, 10490, 1, 0, 1892, 4, 1
157929, 1241394463128, 1241394852127, 0, 136, 1, 140, 0, 0, 0, 0, 1, 
160138, , , 17.75, 0, 0, 0, 0, 7, 11, 150469, , 
161001, 1241395577113, , 0, 854, 6, 139, 0, 1, 1, 377820, 4, 5
161447, 1241397805742, , 0, 0, 0, 0, 0, 0, 0, 132921, 2, 0
16514, 1241394155179, 1241395115338, 47.9, 358, 2, 223.5, 44929, 5, 8, 1062, 4, 0
167153, , , 7.45, 0, 0, 0, 0, 8, 19, 12, , 
169726, 1241395052607, 1241396006777, 0, 898, 3, 216, 0, 0, 0, 1192337, 2, 
170316, , , 200.7, 0, 0, 0, 0, 4, 2, 210210, , 
171543, 1241394933812, 1241394937374, 0, 0, 0, 0, 0, 0, 0, 172419, 1, 
175754, 1241393087117, , 0, 1028, 4, 257, 0, 0, 0, 865090, 3, 0
177672, , , 46.300000000000004, 0, 0, 0, 0, 1, 0, 302907, , 
17790, 1241393083984, 1241393362783, 0, 0, 0, 0, 20260, 12, 11, 20260, 14, 3
180951, , , 16.55, 0, 0, 0, 0, 2, 7, 153510, , 
181512, 1241393848718, 1241393856825, 0, 0, 0, 0, 0, 0, 0, 179509, 1, 
182587, 1241393377206, 1241393416720, 0, 0, 0, 0, 0, 0, 0, 0, 1, 
185650, , , 21.8, 0, 0, 0, 0, 2, 1, 185697, , 
186457, 1241395658765, 1241395665177, 0, 0, 0, 0, 0, 0, 0, 0, 1, 0
187169, 1241394877505, 1241395009254, 0, 0, 0, 0, 0, 1, 0, 110178, 1, 1
187381, 1241396690469, 1241397119250, 0, 0, 0, 0, 211710, 7, 4, 2843, 8, 1
188139, 1241394978504, 1241395465770, 0, 0, 0, 0, 0, 0, 0, 0, 1, 0
1892, 1241395542554, 1241395687760, 0, 0, 0, 0, 33511, 20, 6, 995, 11, 2
191950, , , 65.4, 0, 0, 0, 0, 1, 4, 191984, , 
191984, , , 32.7, 0, 0, 0, 0, 17, 5, 142178, , 
193108, 1241393206882, 1241394634058, 0, 182, 1, 169, 0, 0, 0, 0, 1, 
201458, , , 72.10000000000001, 0, 0, 0, 0, 1, 0, 118417, , 
20260, 1241393127587, 1241393203532, 39.6, 0, 0, 0, 17790, 17, 42, 12, 17, 13
205624, 1241393696118, 1241393877162, 0, 193, 1, 111, 0, 0, 0, 543921, 2, 
208699, , , 51.150000000000006, 0, 0, 0, 0, 4, 8, 36200, , 
208867, 1241393087120, 1241393235317, 0, 0, 0, 0, 0, 0, 0, 111249, 2, 0
209500, , , 14.9, 0, 0, 0, 0, 3, 4, 167153, , 
210210, , , 100.35, 0, 0, 0, 0, 4, 14, 381607, , 
212304, 1241394296486, 1241395847329, 0, 985, 6, 201, 0, 0, 0, 1092321, 4, 0
217283, , , 83.45, 0, 0, 0, 0, 47, 21, 57393, , 
217505, , , 39, 0, 0, 0, 0, 4, 5, 3653, , 
223864, , , 35.5, 0, 0, 0, 0, 6, 32, 160138, , 
231158, , , 63.6, 0, 0, 0, 0, 3, 0, 93202, , 
237967, , , 32.5, 0, 0, 0, 0, 3, 7, 336228, , 
254961, 1241395335756, 1241396077027, 0, 463, 3, 147.66666666666666, 177672, 0, 0, 177672, 4, 0
258951, , , 24.150000000000002, 0, 0, 0, 0, 21, 26, 1265, , 
283305, , , 372.2, 0, 0, 0, 0, 1, 8, 497122, , 
285842, 1241393729171, 1241393997662, 0, 106, 1, 96, 0, 0, 0, 0, 1, 0
289669, 1241393927905, 1241394018738, 0, 0, 0, 0, 0, 6, 0, 120076, 4, 
296658, , , 11.600000000000001, 0, 0, 0, 0, 9, 11, 299646, , 
299087, , , 78, 0, 0, 0, 0, 2, 0, 217505, , 
299646, 1241393253051, 1241393276758, 0, 0, 0, 0, 0, 4, 11, 69257, 6, 1
302907, , , 23.150000000000002, 0, 0, 0, 0, 2, 3, 283855, , 
307471, 1241393568604, 1241394691094, 0, 682, 3, 247.33333333333334, 0, 6, 16, 12, 10, 4
31314, 1241396533991, 1241396965222, 0, 232, 2, 116, 0, 4, 0, 554320, 4, 
317371, , , 3.5500000000000003, 0, 0, 0, 0, 3, 3, 104507, , 
3200, 1241397211165, 1241397438748, 0, 355, 1, 573, 71724, 30, 21, 223864, 13, 2
321365, , , 58.95, 0, 0, 0, 0, 3, 9, 317371, , 
328372, 1241397179880, , 0, 223, 2, 102.5, 0, 1, 1, 48974, 3, 1
328403, 1241396856200, 1241396914854, 0, 0, 0, 0, 0, 0, 0, 227953, 1, 0
336228, , , 204.40000000000003, 0, 0, 0, 0, 9, 18, 307471, , 
351430, , , 438.5, 0, 0, 0, 0, 11, 45, 336228, , 
351598, , , 187.64999999999998, 0, 0, 0, 0, 1, 29, 359624, , 
35568, , , 49.25, 0, 0, 0, 0, 1, 23, 258951, , 
359624, , , 66.5, 0, 0, 0, 0, 3, 5, 201132, , 
36200, , , 11.150000000000002, 0, 0, 0, 0, 2, 5, 93202, , 
365394, 1241394905700, 1241395899381, 0, 780, 4, 114, 0, 0, 0, 299087, 2, 0
366650, 1241395532637, , 0, 2007, 14, 140.14285714285714, 0, 0, 0, 170316, 2, 0
370946, 1241396942196, 1241397038518, 0, 0, 0, 0, 0, 1, 0, 172623, 2, 0
377820, , , 85.4, 0, 0, 0, 0, 1, 1, 53030, , 
383387, , , 48.150000000000006, 0, 0, 0, 0, 6, 56, 0, , 
394001, 1241394324478, 1241395495132, 103.70000000000002, 71, 1, 28, 0, 1, 1, 321365, 1, 0
396113, , , 100, 0, 0, 0, 0, 2, 7, 44987, , 
397835, , , 19.700000000000003, 0, 0, 0, 0, 5, 26, 47379, , 
402647, 1241396760585, 1241396779152, 61.7, 3573, 11, 430.27272727272725, 483162, 11, 3, 408501, 11, 6
408501, , , 388.15, 0, 0, 0, 0, 6, 15, 637936, , 
420341, 1241395586861, 1241395733378, 0, 0, 0, 0, 0, 0, 0, 0, 1, 0
42736, 1241395655976, 1241396911069, 0, 331, 1, 331, 93562, 2, 3, 133482, 4, 1
43386, 1241396840164, 1241397432217, 10.200000000000001, 650, 3, 216.66666666666666, 106210, 4, 2, 130244, 7, 4
445660, , , 23.35, 0, 0, 0, 0, 4, 7, 54812, , 
44987, , , 50, 0, 0, 0, 0, 17, 18, 12770, , 
452296, 1241394937846, 1241394942244, 78.25000000000001, 0, 0, 0, 0, 8, 5, 103144, 5, 2
462408, 1241393931145, 1241395872029, 0, 654, 3, 310, 121604, 4, 1, 191950, 10, 2
47379, , , 9.850000000000001, 0, 0, 0, 0, 4, 5, 54776, , 
483162, 1241394642068, 1241397241460, 0, 467, 2, 321, 402647, 11, 2, 534632, 11, 8
48974, , , 22.300000000000004, 0, 0, 0, 0, 1, 1, 36200, , 
497122, , , 172.4, 0, 0, 0, 0, 14, 7, 82321, , 
521561, 1241393372061, 1241393389048, 0, 0, 0, 0, 0, 0, 0, 718536, 1, 
530166, 1241393903784, 1241393955020, 0, 0, 0, 0, 0, 0, 0, 0, 1, 
53030, , , 42.7, 0, 0, 0, 0, 9, 6, 122907, , 
534632, , , 46.7, 0, 0, 0, 0, 7, 78, 445660, , 
536243, 1241396749074, 1241396808368, 0, 0, 0, 0, 0, 1, 0, 217283, 1, 
538748, , , 18.400000000000002, 0, 0, 0, 0, 1, 5, 53030, , 
541655, , , 100.05, 0, 0, 0, 0, 1, 14, 126451, , 
543921, , , 19.3, 0, 0, 0, 0, 8, 0, 1092321, , 
54776, 1241396736368, , 44.6, 792, 3, 285.3333333333333, 1062, 71, 32, 89757, 15, 3
55022, , , 88.20000000000002, 0, 0, 0, 0, 5, 1, 538748, , 
551, 1241395222944, 1241395856506, 0, 712, 2, 356, 0, 3, 3, 713, 5, 1
554320, , , 23.200000000000003, 0, 0, 0, 0, 9, 6, 296658, , 
562060, 1241396110673, 1241396772875, 0, 548, 4, 113, 0, 5, 0, 592692, 4, 
57393, , , 33.45, 0, 0, 0, 0, 5, 55, 159420, , 
58429, 1241393162944, 1241396952146, 22.1, 1093, 9, 120.33333333333333, 0, 7, 5, 10642, 4, 
58859, 1241394358338, 1241394922193, 0, 1000, 2, 713, 43017, 7, 4, 396113, 13, 2
592692, 1241396125069, , 54.800000000000004, 3448, 6, 626.6666666666666, 836050, 8, 8, 283305, 8, 7
60142, 1241394022719, 1241394163894, 0, 0, 0, 0, 0, 0, 0, 102770, 2, 0
609643, 1241395397078, 1241397372094, 33.1, 669, 6, 116.66666666666667, 0, 1, 0, 217283, 2, 
618376, , , 23.1, 0, 0, 0, 0, 5, 1, 900329, , 
623906, 1241395484144, 1241396042389, 0, 568, 2, 185, 0, 0, 0, 0, 1, 
63415, 1241396732687, , 15.600000000000001, 2001, 8, 279.75, 0, 6, 0, 8938, 4, 0
637936, , , 178.64999999999998, 0, 0, 0, 0, 3, 6, 217283, , 
673, 1241394575129, , 0, 308, 3, 104.33333333333333, 0, 0, 0, 0, 1, 0
68793, 1241397168177, 1241397499200, 0, 721, 1, 716, 181652, 0, 0, 201458, 4, 0
70997, 1241394237837, 1241394415318, 0, 197, 1, 244, 1010692, 26, 29, 397835, 11, 2
713, , , 351.70000000000005, 0, 0, 0, 0, 10, 65, 12, , 
77, 1241397087206, 1241397369615, 0, 281, 1, 481, 171151, 11, 2, 12770, 13, 2
82056, 1241393334056, 1241393962826, 0, 617, 3, 115.33333333333333, 0, 0, 0, 402647, 1, 
82995, 1241393770327, 1241394377623, 0, 197, 1, 154, 0, 0, 0, 1062853, 1, 
836050, 1241396038366, , 515.7500000000001, 3448, 6, 578.1666666666666, 592692, 11, 1, 113237, 7, 2
85462, 1241394020218, 1241394280944, 0, 149, 1, 149, 0, 2, 3, 209500, 4, 0
862232, 1241394834543, 1241394848488, 0, 0, 0, 0, 0, 0, 0, 0, 1, 
865090, 1241394723096, 1241397312112, 102.80000000000001, 368, 3, 138.66666666666666, 0, 1, 0, 55022, 3, 
87714, 1241395914529, , 59.400000000000006, 4088, 9, 455.1111111111111, 0, 9, 3, 351430, 9, 6
885698, 1241396855907, , 0, 1604, 3, 389, 891151, 0, 0, 836050, 4, 0
88925, 1241394119624, 1241394133881, 0, 0, 0, 0, 0, 0, 0, 139168, 2, 
893561, 1241396293483, 1241397143627, 0, 64, 1, 64, 0, 0, 0, 0, 1, 
8938, , , 207.9, 0, 0, 0, 0, 14, 6, 541655, , 
89757, , , 101.5, 0, 0, 0, 0, 3, 74, 20260, , 
900329, , , 11.55, 0, 0, 0, 0, 23, 5, 70557, , 
90041, 1241397755813, , 48.300000000000004, 0, 0, 0, 175933, 6, 8, 258951, 11, 12
90965, 1241395301339, 1241395477267, 0, 0, 0, 0, 0, 0, 0, 76196, 1, 
916261, 1241393328678, 1241393902503, 0, 231, 2, 146.5, 0, 1, 0, 618376, 2, 
92300, , , 43.6, 0, 0, 0, 0, 1, 5, 185650, , 
93202, , , 31.8, 0, 0, 0, 0, 4, 7, 187565, , 
932160, 1241397497466, 1241397612220, 0, 0, 0, 0, 0, 0, 0, 0, 1, 
938403, 1241397438926, 1241397792218, 0, 0, 0, 0, 0, 0, 0, 0, 1, 
982742, 1241395835989, 1241395957371, 0, 0, 0, 0, 0, 0, 0, 0, 1, 
<<<<EndTable

PlayersOnlineNow=29
PlayersOnlineEachMinute=0, 7, 11, 15, 14, 15, 16, 18, 19, 20, 22, 24, 23, 26, 27, 26, 24, 24, 24, 26, 22, 22, 24, 25, 23, 24, 24, 25, 25, 25, 25, 25, 25, 24, 21, 22, 21, 23, 22, 23, 25, 24, 23, 26, 28, 28, 27, 28, 25, 25, 23, 23, 26, 26, 26, 26, 27, 27, 28, 27, 28, 28, 29, 32, 28, 29, 27, 27, 28, 29, 32, 32, 31, 29, 28, 27, 27, 26, 26, 27
PlayersInEachFeedingGame=2, 2, 1, 1, 1, 2, 1, 2, 2, 2, 2, 2, 1, 1, 2, 1, 2, 1, 2, 1, 2, 1, 1, 2, 2, 1, 2, 2, 2, 1, 2, 2, 2, 1, 2, 2, 2, 2, 2, 2, 1, 2, 2, 1, 2, 2, 1, 2, 2, 1, 2, 2, 2, 2, 1, 2, 2, 2, 1, 2, 2, 2, 2, 2, 2, 2, 2, 2, 2, 1, 2, 1, 2, 2, 1, 2, 2, 1, 2, 2, 1, 1, 1, 2, 1, 3, 2, 2, 1, 2, 1, 2, 2, 1, 2, 1, 2, 1, 3, 1, 1, 2, 1, 1, 1, 2, 1, 2, 4, 2, 2, 2, 2, 2, 1, 1, 1, 1, 2, 1, 3, 1, 2
PlayersStarted=172
PlayersQuit=143
StatsStartTime=1241393006624
StatsDumpTime=1241397806940
<<<<EndStats
2009-05-03 17:43:43,203 ERROR: vampire.server.feeding.FeedingRecord sendPlayerStartGameMsg [playerId=1178576, prey=true, _predatorIndex=]
2009-05-03 17:43:43,203 ERROR: vampire.server.feeding.FeedingRecord sendPlayerStartGameMsg [playerId=1167604, prey=false, _predatorIndex=]
2009-05-03 17:43:50,274 ERROR: vampire.server.feeding.FeedingRecord sendPlayerStartGameMsg [playerId=90041, prey=true, _predatorIndex=]
2009-05-03 17:43:50,274 ERROR: vampire.server.feeding.FeedingRecord sendPlayerStartGameMsg [playerId=161447, prey=false, _predatorIndex=]
2009-05-03 17:44:10,524 ERROR: vampire.server.feeding.FeedingRecord sendPlayerStartGameMsg [playerId=1199666, prey=false, _predatorIndex=]
2009-05-03 17:44:18,328 ERROR: vampire.server.feeding.FeedingRecord sendPlayerStartGameMsg [playerId=328372, prey=false, _predatorIndex=]
2009-05-03 17:44:38,044 ERROR: vampire.server.feeding.FeedingRecord sendPlayerStartGameMsg [playerId=1217870, prey=false, _predatorIndex=]
2009-05-03 17:44:38,707 ERROR: vampire.server.feeding.FeedingRecord sendPlayerStartGameMsg [playerId=885698, prey=false, _predatorIndex=]
2009-05-03 17:44:47,905 ERROR: vampire.server.feeding.FeedingRecord sendPlayerStartGameMsg [playerId=1086242, prey=false, _predatorIndex=]
2009-05-03 17:45:08,701 ERROR: vampire.server.feeding.FeedingRecord sendPlayerStartGameMsg [playerId=836050, prey=true, _predatorIndex=]
2009-05-03 17:45:08,701 ERROR: vampire.server.feeding.FeedingRecord sendPlayerStartGameMsg [playerId=592692, prey=false, _predatorIndex=]
2009-05-03 17:45:14,440 ERROR: vampire.server.feeding.FeedingRecord sendPlayerStartGameMsg [playerId=1220243, prey=false, _predatorIndex=]
2009-05-03 17:45:24,671 ERROR: vampire.server.feeding.FeedingRecord sendPlayerStartGameMsg [playerId=1077614, prey=false, _predatorIndex=592692]
2009-05-03 17:46:03,511 ERROR: vampire.server.feeding.FeedingRecord sendPlayerStartGameMsg [playerId=366650, prey=false, _predatorIndex=]
2009-05-03 17:46:27,941 ERROR: vampire.server.feeding.FeedingRecord sendPlayerStartGameMsg [playerId=1148098, prey=false, _predatorIndex=366650]
2009-05-03 17:46:41,206 ERROR: vampire.server.feeding.FeedingRecord sendPlayerStartGameMsg [playerId=1152211, prey=true, _predatorIndex=]
2009-05-03 17:46:41,207 ERROR: vampire.server.feeding.FeedingRecord sendPlayerStartGameMsg [playerId=1214279, prey=false, _predatorIndex=]
2009-05-03 17:47:07,443 ERROR: vampire.server.feeding.FeedingRecord sendPlayerStartGameMsg [playerId=1199666, prey=false, _predatorIndex=]
2009-05-03 17:47:30,397 ERROR: vampire.server.feeding.FeedingRecord sendPlayerStartGameMsg [playerId=1086242, prey=false, _predatorIndex=]
2009-05-03 17:48:31,828 ERROR: vampire.server.feeding.FeedingRecord sendPlayerStartGameMsg [playerId=211935, prey=false, _predatorIndex=]
2009-05-03 17:48:36,093 ERROR: vampire.server.feeding.FeedingRecord sendPlayerStartGameMsg [playerId=673, prey=true, _predatorIndex=]
2009-05-03 17:48:36,094 ERROR: vampire.server.feeding.FeedingRecord sendPlayerStartGameMsg [playerId=1148098, prey=false, _predatorIndex=]
2009-05-03 17:48:38,142 ERROR: vampire.server.feeding.FeedingRecord sendPlayerStartGameMsg [playerId=90041, prey=true, _predatorIndex=]
2009-05-03 17:48:38,142 ERROR: vampire.server.feeding.FeedingRecord sendPlayerStartGameMsg [playerId=63415, prey=false, _predatorIndex=]
2009-05-03 17:48:55,888 ERROR: vampire.server.feeding.FeedingRecord sendPlayerStartGameMsg [playerId=836050, prey=true, _predatorIndex=]
2009-05-03 17:48:55,889 ERROR: vampire.server.feeding.FeedingRecord sendPlayerStartGameMsg [playerId=885698, prey=false, _predatorIndex=]
2009-05-03 17:49:01,084 ERROR: vampire.server.feeding.FeedingRecord sendPlayerStartGameMsg [playerId=592692, prey=false, _predatorIndex=885698]
2009-05-03 17:49:07,038 ERROR: vampire.server.feeding.FeedingRecord sendPlayerStartGameMsg [playerId=1077614, prey=false, _predatorIndex=885698,592692]
2009-05-03 17:49:10,462 ERROR: vampire.server.feeding.FeedingRecord sendPlayerStartGameMsg [playerId=332051, prey=false, _predatorIndex=]
2009-05-03 17:49:29,962 ERROR: vampire.server.feeding.FeedingRecord sendPlayerStartGameMsg [playerId=139961, prey=true, _predatorIndex=]
2009-05-03 17:49:29,963 ERROR: vampire.server.feeding.FeedingRecord sendPlayerStartGameMsg [playerId=169491, prey=false, _predatorIndex=]
2009-05-03 17:51:14,333 ERROR: vampire.server.feeding.FeedingRecord sendPlayerStartGameMsg [playerId=1086242, prey=false, _predatorIndex=]
2009-05-03 17:51:50,159 ERROR: vampire.server.feeding.FeedingRecord sendPlayerStartGameMsg [playerId=1203117, prey=false, _predatorIndex=]
2009-05-03 17:51:59,255 ERROR: vampire.server.feeding.FeedingRecord sendPlayerStartGameMsg [playerId=161001, prey=false, _predatorIndex=]
2009-05-03 17:51:59,964 ERROR: vampire.server.feeding.FeedingRecord sendPlayerStartGameMsg [playerId=211935, prey=false, _predatorIndex=]
2009-05-03 17:52:10,077 ERROR: vampire.server.feeding.FeedingRecord sendPlayerStartGameMsg [playerId=1199666, prey=false, _predatorIndex=]
2009-05-03 17:52:15,636 ERROR: vampire.server.feeding.FeedingRecord sendPlayerStartGameMsg [playerId=1214279, prey=true, _predatorIndex=]
2009-05-03 17:52:15,636 ERROR: vampire.server.feeding.FeedingRecord sendPlayerStartGameMsg [playerId=1152211, prey=false, _predatorIndex=]
2009-05-03 17:52:45,604 ERROR: vampire.server.feeding.FeedingRecord sendPlayerStartGameMsg [playerId=592692, prey=true, _predatorIndex=]
2009-05-03 17:52:45,605 ERROR: vampire.server.feeding.FeedingRecord sendPlayerStartGameMsg [playerId=836050, prey=false, _predatorIndex=]
2009-05-03 17:53:07,274 ERROR: vampire.server.feeding.FeedingRecord sendPlayerStartGameMsg [playerId=885698, prey=false, _predatorIndex=836050]

