
>>>>BeginStats

>>>>BeginTable
PlayerId, StartTime, EndTime, ProgenyPayout, XPFromFeeding, FeedingGames, MeanFeedingScore, BloodBond, Progeny, GrandProgeny, Sire, Level, Invites
100219, 1241821379087, , 0, 0, 0, 0, 0, 0, 0, 0, 1, 0
101282, , , 27.5, 0, 0, 0, 0, 4, 0, 6998, , 
1028958, 1241816490218, 1241816721709, 0, 173, 1, 132, 0, 0, 0, 1118266, 2, 
103033, 1241816680125, 1241816994088, 0, 438, 1, 492, 767143, 13, 14, 81899, 6, 1
104207, , , 9.8, 0, 0, 0, 0, 1, 0, 521919, , 
1046581, 1241821544376, 1241821714489, 0, 100, 1, 117, 0, 0, 0, 33511, 1, 
1047756, 1241817962516, 1241817993789, 0, 0, 0, 0, 0, 0, 0, 10642, 2, 
104928, 1241818120158, 1241818149702, 0, 0, 0, 0, 0, 0, 0, 0, 1, 
1060123, 1241819721583, 1241819880679, 0, 0, 0, 0, 0, 0, 0, 153097, 1, 
1062853, , , 18.6, 0, 0, 0, 0, 9, 19, 1124214, , 
10642, , , 69.65, 0, 0, 0, 0, 32, 10, 351598, , 
1073413, 1241817485095, 1241818140682, 0, 308, 2, 143, 0, 0, 0, 0, 1, 
1092321, 1241820851410, , 11.5, 3294, 10, 232.6, 53030, 30, 34, 35568, 10, 3
1101, , , 158.4, 0, 0, 0, 0, 2, 17, 239981, , 
1103506, 1241817091459, 1241817192380, 0, 129, 1, 163, 0, 0, 0, 1062853, 3, 
110735, 1241822034298, 1241822340685, 0, 164, 1, 89, 1255618, 0, 0, 408501, 2, 
1110484, 1241818207400, 1241819961980, 11.4, 114, 1, 128, 153097, 1, 0, 153097, 5, 1
1116544, 1241820370384, 1241820596977, 0, 0, 0, 0, 0, 0, 0, 0, 1, 
1118266, 1241818183649, 1241818543685, 17.3, 263, 1, 116, 52818, 1, 0, 52818, 4, 
1119385, 1241822034998, , 0, 163, 1, 168, 0, 1, 0, 3200, 3, 0
1124214, , , 6.45, 0, 0, 0, 0, 6, 9, 1122449, , 
1126061, , , 56.5, 0, 0, 0, 0, 4, 1, 52350, , 
11315, 1241817517882, 1241817620354, 0, 0, 0, 0, 0, 8, 6, 12, 12, 4
113237, , , 139.3, 0, 0, 0, 0, 9, 14, 10642, , 
1138221, 1241820236902, 1241821492774, 0, 466, 3, 176.66666666666666, 1283799, 0, 0, 269484, 4, 
11460, , , 472.75000000000006, 0, 0, 0, 0, 1, 13, 41022, , 
1148755, , , 23, 0, 0, 0, 0, 21, 0, 1092321, , 
1159596, 1241821483686, 1241821488698, 0, 0, 0, 0, 0, 0, 0, 0, 1, 
1166100, 1241818760840, 1241819175816, 0, 138, 1, 138, 0, 0, 0, 0, 1, 
1167886, 1241822332046, , 0, 0, 0, 0, 0, 0, 0, 1122449, 1, 0
1190793, 1241818101017, 1241821539446, 10.9, 297, 2, 99.5, 0, 1, 0, 8938, 1, 
1199648, 1241821170305, , 80.10000000000001, 1105, 7, 149.57142857142858, 0, 2, 0, 394001, 3, 1
12, , , 287.95000000000005, 0, 0, 0, 0, 20, 39, 383387, , 
1203117, 1241820501157, 1241821694852, 0, 382, 1, 415, 1215840, 2, 0, 152578, 4, 1
1204193, 1241821319975, 1241821752697, 0, 565, 3, 287.6666666666667, 0, 1, 0, 1126061, 3, 1
1208580, , , 114.4, 0, 0, 0, 0, 1, 0, 885698, , 
121118, , , 9.1, 0, 0, 0, 0, 2, 2, 163843, , 
1221568, 1241819075252, 1241820101185, 0, 231, 2, 112, 0, 0, 0, 1190793, 1, 
1222108, 1241822356071, , 0, 0, 0, 0, 0, 0, 0, 1053158, 1, 0
1223345, 1241819734323, , 0, 6661, 23, 296.95652173913044, 0, 0, 0, 311783, 4, 0
124440, 1241819334987, , 0, 1652, 9, 166.44444444444446, 0, 0, 0, 0, 2, 0
1245027, 1241819093149, 1241819097901, 0, 0, 0, 0, 0, 0, 0, 0, 1, 
124503, , , 231.95000000000002, 0, 0, 0, 0, 1, 7, 170934, , 
124713, 1241817331317, 1241817336580, 0, 0, 0, 0, 0, 0, 0, 72043, 1, 0
1250581, 1241818626212, 1241819461674, 0, 114, 1, 100, 0, 0, 0, 1110484, 1, 
125207, 1241818702451, 1241819880676, 0, 795, 3, 170.33333333333334, 273503, 1, 0, 544643, 4, 0
1252880, 1241816796634, 1241818260675, 0, 1103, 6, 99.33333333333333, 0, 0, 0, 1892, 2, 
1252909, 1241820424648, 1241820455258, 0, 0, 0, 0, 0, 0, 0, 0, 1, 
1254611, 1241820792724, 1241821405313, 0, 230, 2, 95.5, 0, 0, 0, 1148755, 2, 
125787, 1241822006973, , 0, 547, 3, 174, 0, 1, 0, 22707, 4, 1
125837, 1241821465788, , 0, 1086, 4, 420, 0, 2, 0, 336524, 7, 1
126451, , , 86.4, 0, 0, 0, 0, 3, 1, 77874, , 
1265, , , 176.35000000000002, 0, 0, 0, 0, 2, 31, 12, , 
1271086, 1241822249069, 1241822317872, 0, 0, 0, 0, 0, 0, 0, 0, 1, 
1276678, 1241821762874, , 0, 1091, 7, 124.57142857142857, 0, 0, 0, 537246, 2, 0
12770, , , 12.9, 0, 0, 0, 0, 23, 22, 383387, , 
1277297, 1241820796216, 1241820917509, 0, 0, 0, 0, 0, 0, 0, 0, 1, 
1279217, 1241820924254, 1241820969016, 0, 0, 0, 0, 0, 0, 0, 0, 1, 
1279761, 1241822332989, , 0, 0, 0, 0, 0, 0, 0, 171513, 3, 0
1281243, 1241820887717, 1241821466837, 0, 1487, 8, 159.875, 0, 0, 0, 0, 2, 
1299968, 1241821074481, 1241821415089, 0, 0, 0, 0, 0, 0, 0, 0, 1, 
1323699, 1241820822616, 1241822019198, 0, 1042, 6, 142, 0, 0, 0, 307471, 2, 
1333799, 1241817203144, 1241817300898, 0, 0, 0, 0, 0, 0, 0, 0, 1, 
133826, , , 18.2, 0, 0, 0, 0, 2, 0, 121118, , 
1343542, 1241820044801, , 0, 719, 4, 151.5, 0, 0, 0, 447249, 2, 0
1348419, 1241816576212, 1241816692129, 0, 0, 0, 0, 0, 0, 0, 0, 1, 
1352971, 1241817150571, 1241818139295, 0, 141, 1, 141, 0, 0, 0, 0, 1, 
1353129, 1241820580664, 1241820595260, 0, 0, 0, 0, 0, 0, 0, 0, 1, 
1355145, 1241820806413, 1241821302213, 0, 370, 3, 127.33333333333333, 0, 0, 0, 0, 1, 
1355177, 1241819412634, 1241819615754, 0, 91, 1, 91, 0, 0, 0, 0, 1, 
1355311, 1241820616365, 1241820753290, 0, 0, 0, 0, 0, 0, 0, 0, 1, 
1355439, 1241819620404, 1241819670306, 0, 0, 0, 0, 0, 0, 0, 0, 1, 
1355798, 1241820204984, 1241820217176, 0, 0, 0, 0, 0, 0, 0, 0, 1, 
1356394, 1241822301831, 1241822382191, 0, 0, 0, 0, 0, 0, 0, 0, 1, 
136131, 1241820543232, 1241821424515, 0, 4639, 14, 241.92857142857142, 1089370, 1, 0, 403501, 4, 0
138473, 1241820507579, , 0, 801, 6, 135.5, 0, 0, 0, 1199648, 1, 0
140802, 1241820722042, 1241822411785, 0, 168, 1, 152, 0, 0, 0, 0, 1, 
152578, , , 38.2, 0, 0, 0, 0, 3, 2, 208699, , 
153097, , , 17.1, 0, 0, 0, 0, 19, 1, 1062853, , 
154004, 1241817624775, 1241817803761, 0, 0, 0, 0, 561706, 10, 7, 90041, 4, 0
156383, 1241821505090, 1241822022958, 0, 115, 1, 115, 0, 0, 0, 325253, 1, 0
159420, , , 21.05, 0, 0, 0, 0, 1, 6, 206649, , 
166371, , , 23.300000000000004, 0, 0, 0, 0, 4, 12, 267622, , 
16993, 1241822369035, , 0, 0, 0, 0, 0, 1, 0, 510740, 3, 0
170191, , , 224.55000000000004, 0, 0, 0, 0, 3, 10, 202873, , 
171513, 1241816470718, 1241816776181, 164.10000000000002, 1425, 2, 432.5, 0, 10, 7, 170191, 12, 2
176400, 1241819661079, , 0, 6065, 22, 238.95454545454547, 0, 0, 0, 21067, 4, 0
178724, 1241818577192, 1241820181891, 0, 877, 7, 124.42857142857143, 0, 0, 0, 58859, 1, 
180571, 1241822374344, , 0, 0, 0, 0, 0, 1, 3, 163836, 4, 0
181264, , , 42.2, 0, 0, 0, 0, 2, 4, 3812, , 
1892, 1241820669314, , 101.10000000000001, 4717, 16, 427.4375, 33511, 21, 6, 995, 12, 2
192080, , , 149.10000000000002, 0, 0, 0, 0, 2, 10, 220964, , 
195481, 1241816929397, 1241816936040, 0, 0, 0, 0, 0, 0, 0, 0, 1, 
195736, , , 54.300000000000004, 0, 0, 0, 0, 6, 31, 334835, , 
197371, 1241820423231, 1241820731158, 0, 154, 1, 181, 0, 0, 0, 392522, 2, 
199427, , , 174.04999999999995, 0, 0, 0, 0, 1, 9, 208602, , 
201054, 1241820154620, 1241820181525, 0, 0, 0, 0, 0, 0, 0, 1155409, 4, 
202873, , , 71.25, 0, 0, 0, 0, 1, 3, 341164, , 
208602, , , 69.05, 0, 0, 0, 0, 2, 8, 351626, , 
208699, , , 19.1, 0, 0, 0, 0, 4, 3, 36200, , 
21067, , , 606.5000000000001, 0, 0, 0, 0, 3, 1, 302907, , 
217283, 1241818235016, 1241819912112, 65.7, 421, 2, 271, 532467, 67, 26, 57393, 12, 30
220964, , , 74.55000000000001, 0, 0, 0, 0, 5, 4, 143501, , 
223864, , , 8.15, 0, 0, 0, 0, 7, 36, 160138, , 
22707, , , 54.7, 0, 0, 0, 0, 7, 2, 8842, , 
238812, 1241816826897, 1241817901128, 0, 1491, 3, 391.6666666666667, 546831, 10, 6, 192080, 5, 2
239981, , , 79.2, 0, 0, 0, 0, 1, 2, 209944, , 
246356, , , 5, 0, 0, 0, 0, 1, 2, 54776, , 
25664, , , 20.1, 0, 0, 0, 0, 4, 0, 43402, , 
256746, , , 177.1, 0, 0, 0, 0, 5, 30, 61984, , 
258951, , , 517.4000000000001, 0, 0, 0, 0, 25, 14, 1265, , 
259344, , , 106.39999999999999, 0, 0, 0, 0, 23, 5, 143538, , 
269484, , , 46.60000000000001, 0, 0, 0, 0, 12, 0, 166371, , 
271936, 1241819832243, 1241819970905, 0, 0, 0, 0, 0, 3, 0, 887964, 4, 
2796, , , 212.79999999999998, 0, 0, 0, 0, 5, 0, 259344, , 
283870, 1241817367865, 1241817783439, 0, 275, 1, 153, 0, 0, 0, 101282, 4, 0
291108, 1241821018506, , 0, 1641, 8, 195.125, 0, 0, 0, 171513, 2, 0
302907, , , 303.25000000000006, 0, 0, 0, 0, 2, 3, 283855, , 
30564, 1241822124256, , 0, 201, 2, 100.5, 0, 0, 0, 25664, 1, 0
306336, 1241822337381, 1241822347635, 0, 0, 0, 0, 0, 0, 0, 267018, 1, 0
307471, , , 104.20000000000002, 0, 0, 0, 0, 7, 10, 12, , 
307473, 1241818830076, 1241819738936, 0, 692, 4, 133, 0, 0, 0, 217283, 1, 0
311783, 1241818613291, 1241821896637, 666.1000000000001, 1397, 4, 399.5, 0, 13, 3, 11460, 10, 7
3200, , , 16.3, 0, 0, 0, 0, 36, 1, 223864, , 
321365, , , 55.25, 0, 0, 0, 0, 3, 1, 317371, , 
325253, , , 11.5, 0, 0, 0, 0, 2, 0, 336228, , 
33511, , , 10, 0, 0, 0, 0, 2, 0, 246356, , 
336195, 1241819444107, 1241819657147, 0, 0, 0, 0, 0, 0, 0, 0, 1, 
336228, , , 92.75000000000001, 0, 0, 0, 0, 10, 19, 307471, , 
336524, , , 108.60000000000001, 0, 0, 0, 0, 31, 2, 195736, , 
337834, 1241822283790, 1241822297190, 0, 0, 0, 0, 0, 0, 0, 90239, 3, 0
351430, , , 174.00000000000003, 0, 0, 0, 0, 14, 0, 336228, , 
35568, , , 329.4, 0, 0, 0, 0, 3, 30, 258951, , 
367452, , , 13.15, 0, 0, 0, 0, 6, 4, 127763, , 
383387, , , 6.45, 0, 0, 0, 0, 7, 57, 0, , 
384125, 1241819977846, 1241820292292, 0, 0, 0, 0, 0, 2, 0, 228764, 2, 0
388185, 1241816789503, 1241819040686, 0, 129, 1, 95, 0, 3, 2, 12770, 4, 0
39171, , , 57.50000000000001, 0, 0, 0, 0, 8, 2, 102770, , 
392522, 1241822260687, , 15.4, 0, 0, 0, 0, 1, 0, 217283, 2, 0
394001, , , 150.55, 0, 0, 0, 0, 1, 2, 321365, , 
396113, , , 825.3499999999999, 0, 0, 0, 0, 2, 11, 44987, , 
403501, , , 463.90000000000003, 0, 0, 0, 0, 7, 1, 124503, , 
408501, , , 16.400000000000002, 0, 0, 0, 0, 8, 22, 637936, , 
41022, , , 69.85000000000001, 0, 0, 0, 0, 2, 1, 412796, , 
4141, 1241820983670, , 0, 2128, 12, 215.16666666666666, 0, 0, 0, 2796, 4, 0
430717, 1241819579636, , 0, 1771, 8, 301.875, 503425, 30, 25, 256746, 12, 6
432820, , , 84.4, 0, 0, 0, 0, 4, 0, 181264, , 
433901, 1241816973873, 1241820229579, 0, 844, 8, 100.125, 0, 0, 0, 432820, 1, 0
43402, , , 10.05, 0, 0, 0, 0, 12, 9, 123961, , 
447249, 1241819131072, 1241819166784, 71.9, 1381, 3, 701, 10642, 9, 5, 199427, 15, 2
44987, , , 390.75, 0, 0, 0, 0, 1, 2, 12770, , 
452296, 1241821288194, 1241821392856, 0, 0, 0, 0, 0, 9, 6, 103144, 6, 2
488917, 1241820006661, 1241820544183, 0, 182, 1, 364, 0, 0, 0, 133826, 3, 0
49481, 1241821395557, 1241821402684, 0, 0, 0, 0, 0, 0, 0, 238, 4, 0
521919, , , 4.9, 0, 0, 0, 0, 2, 1, 70997, , 
52350, , , 28.25, 0, 0, 0, 0, 1, 4, 674637, , 
526836, 1241819760282, 1241820438905, 0, 111, 1, 102, 0, 0, 0, 0, 1, 
52818, , , 34.95, 0, 0, 0, 0, 4, 1, 367452, , 
537246, , , 109.10000000000002, 0, 0, 0, 0, 3, 0, 878, , 
541655, , , 187.64999999999998, 0, 0, 0, 0, 1, 23, 126451, , 
542720, 1241820105737, 1241820116212, 0, 0, 0, 0, 0, 0, 0, 0, 1, 
544450, , , 39.75, 0, 0, 0, 0, 7, 1, 439277, , 
544643, , , 79.5, 0, 0, 0, 0, 1, 1, 544450, , 
555728, 1241820245221, , 0, 1584, 4, 278.5, 828191, 17, 15, 1101, 4, 0
561727, 1241821000136, , 0, 1144, 6, 141.83333333333334, 0, 0, 0, 1208580, 3, 0
562788, , , 58.2, 0, 0, 0, 0, 1, 5, 409656, , 
57393, , , 71.10000000000001, 0, 0, 0, 0, 6, 72, 159420, , 
58022, 1241819047992, 1241819050718, 0, 0, 0, 0, 0, 4, 5, 175065, 4, 0
58859, 1241817923083, 1241819820682, 87.70000000000002, 7815, 15, 627.8666666666667, 43017, 11, 12, 396113, 15, 2
597005, 1241818694403, 1241819082098, 0, 1164, 4, 307, 0, 2, 1, 603011, 4, 0
602727, 1241820390679, 1241820453073, 0, 0, 0, 0, 0, 0, 0, 0, 1, 
603011, , , 116.4, 0, 0, 0, 0, 5, 2, 562788, , 
618670, 1241817527836, 1241817534925, 0, 0, 0, 0, 0, 0, 0, 0, 1, 
61984, , , 88.55, 0, 0, 0, 0, 3, 5, 61045, , 
637936, , , 8.200000000000001, 0, 0, 0, 0, 3, 8, 217283, , 
677003, 1241817459864, 1241817588120, 0, 0, 0, 0, 0, 2, 1, 533, 3, 
68523, 1241822423975, , 0, 1740, 7, 162.85714285714286, 0, 0, 0, 351430, 3, 0
69049, 1241821153807, 1241821191472, 0, 0, 0, 0, 0, 0, 0, 22707, 2, 0
6998, , , 13.75, 0, 0, 0, 0, 2, 4, 3028, , 
72745, , , 115.00000000000001, 0, 0, 0, 0, 2, 0, 39171, , 
77, 1241816646671, 1241816669851, 0, 0, 0, 0, 171151, 11, 2, 12770, 14, 2
77152, 1241820635981, , 0, 1150, 7, 108, 0, 0, 0, 72745, 3, 2
802319, , , 21.900000000000002, 0, 0, 0, 0, 2, 6, 773108, , 
808450, 1241819578972, 1241819588571, 0, 0, 0, 0, 0, 0, 0, 0, 1, 
81454, 1241817395982, 1241817484136, 0, 0, 0, 0, 0, 0, 0, 0, 1, 
81899, , , 43.800000000000004, 0, 0, 0, 0, 6, 13, 802319, , 
82377, 1241819331088, 1241819414919, 0, 0, 0, 0, 0, 1, 1, 184167, 3, 0
836050, 1241818196109, 1241818739957, 0, 1393, 3, 643.6666666666666, 592692, 14, 6, 113237, 8, 2
871745, 1241817598096, 1241817615718, 0, 0, 0, 0, 0, 0, 0, 0, 1, 
878, , , 54.55000000000001, 0, 0, 0, 0, 2, 5, 123961, , 
88261, 1241818214128, 1241818219022, 0, 0, 0, 0, 481714, 2, 1, 321697, 4, 0
8842, , , 27.35, 0, 0, 0, 0, 12, 8, 1531, , 
885698, , , 57.2, 0, 0, 0, 0, 4, 1, 836050, , 
8938, 1241818299337, 1241819285682, 35.150000000000006, 1728, 5, 523, 0, 23, 14, 541655, 6, 3
90041, 1241818356708, 1241820827240, 0, 3527, 8, 487.25, 175933, 10, 10, 258951, 12, 14
970838, 1241822392051, 1241822412839, 0, 0, 0, 0, 0, 0, 0, 10850, 1, 
978078, 1241820593572, 1241820604249, 0, 0, 0, 0, 0, 0, 0, 0, 1, 
98577, 1241819759420, 1241819974249, 0, 98, 1, 98, 0, 0, 0, 104207, 1, 
995, , , 522.2500000000001, 0, 0, 0, 0, 13, 21, 12, , 
<<<<EndTable

PlayersOnlineNow=27
PlayersOnlineEachMinute=0, 6, 7, 7, 7, 5, 7, 10, 9, 9, 10, 12, 14, 14, 14, 15, 16, 18, 18, 18, 17, 17, 15, 15, 13, 14, 13, 13, 13, 12, 11, 13, 13, 14, 14, 13, 16, 16, 17, 18, 20, 20, 21, 19, 19, 21, 16, 16, 18, 19, 20, 20, 22, 20, 20, 22, 21, 20, 19, 19, 20, 18, 18, 18, 16, 17, 22, 18, 19, 17, 20, 22, 20, 21, 23, 23, 25, 27, 27, 28, 28, 30, 31, 27, 25, 24, 24, 24, 23, 22, 22, 21, 21, 22, 23, 23, 23, 26, 26, 28
PlayersInEachFeedingGame=2, 2, 2, 1, 2, 1, 2, 2, 1, 2, 2, 2, 2, 2, 1, 1, 2, 2, 1, 2, 1, 1, 1, 2, 2, 2, 2, 1, 2, 1, 1, 2, 1, 1, 1, 2, 2, 1, 1, 1, 2, 1, 2, 2, 1, 1, 2, 2, 2, 1, 2, 2, 2, 1, 2, 1, 1, 2, 1, 2, 2, 1, 2, 1, 1, 1, 2, 2, 1, 1, 2, 2, 2, 1, 2, 1, 1, 3, 2, 1, 1, 1, 1, 1, 2, 1, 2, 2, 1, 1, 2, 2, 2, 2, 1, 2, 2, 2, 1, 1, 2, 2, 2, 1, 2, 2, 1, 1, 1, 1, 2, 2, 2, 1, 1, 2, 2, 2, 1, 1, 1, 2, 2, 1, 1, 2, 1, 3, 2, 2, 2, 1, 1, 2, 2, 2, 2, 2, 1, 2, 2, 2, 2, 2, 1, 2, 1, 2, 1, 1, 2, 1, 1, 1, 2, 2, 1, 2, 2, 2, 1, 1, 1, 2, 1, 1, 1, 2, 1, 2, 2, 2
PlayersStarted=193
PlayersQuit=166
StatsStartTime=1241816466070
StatsDumpTime=1241822466425
<<<<EndStats
Error! Your code is broken! Unable to call a host method, perhaps you've been shut down? [msg=Room not in game [roomId=165234], trace=Error: Room not in game [roomId=165234]
	at com.threerings.msoy.avrg.client::ThaneAVRGameController/getRoomProps()[/export/bamboo/bamboo-home/xml-data/build-dir/WHIRLED-PROD/src/as/com/threerings/msoy/avrg/client/ThaneAVRGameController.as:182]
	at com.threerings.msoy.avrg.client::ThaneAVRGameBackend/room_sendMessage_v1()[/export/bamboo/bamboo-home/xml-data/build-dir/WHIRLED-PROD/src/as/com/threerings/msoy/avrg/client/ThaneAVRGameBackend.as:540]
	at Function/http://adobe.com/AS3/2006/builtin::apply()
	at com.whirled::AbstractControl/callHostCode()
	at Function/http://adobe.com/AS3/2006/builtin::apply()
	at com.whirled::AbstractSubControl/callHostCode()
	at Function/http://adobe.com/AS3/2006/builtin::apply()
	at com.whirled::TargetedSubControl/callHostCode()
	at com.whirled.avrg::RoomSubControlServer/sendMessage()
	at vampire.feeding.server::ServerCtx/sendMessage()
	at vampire.feeding.server::ServerGameMode/onTimeOver()
	at flash.events::EventDispatcher/dispatchEvent()
	at flash.utils::Timer/expire()
	at flash.utils::Timer$/heartbeat()
	at Thane$/heartbeat()
	at Thane$/heartbeat()].
2009-05-08 15:41:08,169 ERROR: vampire.server.feeding.FeedingRecord sendPlayerStartGameMsg [playerId=138473, prey=true, _predatorIndex=]
2009-05-08 15:41:08,170 ERROR: vampire.server.feeding.FeedingRecord sendPlayerStartGameMsg [playerId=291108, prey=false, _predatorIndex=]
2009-05-08 15:41:11,092 ERROR: vampire.server.feeding.FeedingRecord sendPlayerStartGameMsg [playerId=1276678, prey=false, _predatorIndex=]
2009-05-08 15:41:18,605 ERROR: vampire.server.feeding.FeedingRecord sendPlayerStartGameMsg [playerId=1222108, prey=false, _predatorIndex=]
2009-05-08 15:41:35,502 ERROR: vampire.server.feeding.FeedingRecord sendPlayerStartGameMsg [playerId=1223345, prey=false, _predatorIndex=]
2009-05-08 15:41:42,561 ERROR: vampire.server.feeding.FeedingRecord sendPlayerStartGameMsg [playerId=1167886, prey=true, _predatorIndex=]
2009-05-08 15:41:42,562 ERROR: vampire.server.feeding.FeedingRecord sendPlayerStartGameMsg [playerId=1279761, prey=false, _predatorIndex=]
2009-05-08 15:41:47,797 ERROR: vampire.server.feeding.FeedingRecord sendPlayerStartGameMsg [playerId=392522, prey=false, _predatorIndex=1223345]
2009-05-08 15:42:04,215 ERROR: vampire.server.feeding.FeedingRecord sendPlayerStartGameMsg [playerId=124440, prey=false, _predatorIndex=1223345,392522]
2009-05-08 15:42:08,416 ERROR: vampire.server.feeding.FeedingRecord sendPlayerStartGameMsg [playerId=1223345, prey=false, _predatorIndex=1223345,392522,124440]
2009-05-08 15:43:10,335 ERROR: vampire.server.feeding.FeedingRecord sendPlayerStartGameMsg [playerId=430717, prey=true, _predatorIndex=]
2009-05-08 15:43:10,335 ERROR: vampire.server.feeding.FeedingRecord sendPlayerStartGameMsg [playerId=638649, prey=false, _predatorIndex=]
2009-05-08 15:43:30,492 ERROR: vampire.server.feeding.FeedingRecord sendPlayerStartGameMsg [playerId=30564, prey=false, _predatorIndex=]
2009-05-08 15:43:38,344 ERROR: vampire.server.feeding.FeedingRecord sendPlayerStartGameMsg [playerId=291108, prey=false, _predatorIndex=4141,1222108]
2009-05-08 15:44:04,394 ERROR: vampire.server.feeding.FeedingRecord sendPlayerStartGameMsg [playerId=138473, prey=true, _predatorIndex=]
2009-05-08 15:44:04,395 ERROR: vampire.server.feeding.FeedingRecord sendPlayerStartGameMsg [playerId=1279761, prey=false, _predatorIndex=]
2009-05-08 15:44:05,061 ERROR: vampire.server.feeding.FeedingRecord sendPlayerStartGameMsg [playerId=30991, prey=false, _predatorIndex=]
2009-05-08 15:46:15,407 ERROR: vampire.server.feeding.FeedingRecord sendPlayerStartGameMsg [playerId=616423, prey=false, _predatorIndex=]
2009-05-08 15:46:35,673 ERROR: vampire.server.feeding.FeedingRecord sendPlayerStartGameMsg [playerId=138473, prey=true, _predatorIndex=]
2009-05-08 15:46:35,674 ERROR: vampire.server.feeding.FeedingRecord sendPlayerStartGameMsg [playerId=30564, prey=false, _predatorIndex=]
2009-05-08 15:46:38,966 ERROR: vampire.server.feeding.FeedingRecord sendPlayerStartGameMsg [playerId=1279761, prey=false, _predatorIndex=]
2009-05-08 15:47:08,279 ERROR: vampire.server.feeding.FeedingRecord sendPlayerStartGameMsg [playerId=1223345, prey=false, _predatorIndex=]
2009-05-08 15:47:27,814 ERROR: vampire.server.feeding.FeedingRecord sendPlayerStartGameMsg [playerId=124440, prey=false, _predatorIndex=1223345]
2009-05-08 15:47:51,645 ERROR: vampire.server.feeding.FeedingRecord sendPlayerStartGameMsg [playerId=1222108, prey=false, _predatorIndex=]
2009-05-08 15:47:55,771 ERROR: vampire.server.feeding.FeedingRecord sendPlayerStartGameMsg [playerId=555728, prey=false, _predatorIndex=1092321,555728,77152,125837]
2009-05-08 15:48:03,053 ERROR: vampire.server.feeding.FeedingRecord sendPlayerStartGameMsg [playerId=1222108, prey=false, _predatorIndex=]
2009-05-08 15:48:10,172 ERROR: vampire.server.feeding.FeedingRecord sendPlayerStartGameMsg [playerId=103033, prey=true, _predatorIndex=]
2009-05-08 15:48:10,173 ERROR: vampire.server.feeding.FeedingRecord sendPlayerStartGameMsg [playerId=100219, prey=false, _predatorIndex=]
2009-05-08 15:48:13,883 ERROR: vampire.server.feeding.FeedingRecord sendPlayerStartGameMsg [playerId=1222108, prey=false, _predatorIndex=]
2009-05-08 15:48:51,859 ERROR: vampire.server.feeding.FeedingRecord sendPlayerStartGameMsg [playerId=430717, prey=true, _predatorIndex=]
2009-05-08 15:48:51,859 ERROR: vampire.server.feeding.FeedingRecord sendPlayerStartGameMsg [playerId=30564, prey=false, _predatorIndex=]
2009-05-08 15:48:52,737 ERROR: vampire.server.feeding.FeedingRecord sendPlayerStartGameMsg [playerId=1279761, prey=false, _predatorIndex=30564]
2009-05-08 15:49:11,997 ERROR: vampire.server.feeding.FeedingRecord sendPlayerStartGameMsg [playerId=204915, prey=false, _predatorIndex=1223345,124440]
2009-05-08 15:49:36,959 ERROR: vampire.server.feeding.FeedingRecord sendPlayerStartGameMsg [playerId=30991, prey=false, _predatorIndex=]
2009-05-08 15:50:33,572 ERROR: vampire.server.feeding.FeedingRecord sendPlayerStartGameMsg [playerId=30991, prey=false, _predatorIndex=]
2009-05-08 15:51:03,806 ERROR: vampire.server.feeding.FeedingRecord sendPlayerStartGameMsg [playerId=616423, prey=false, _predatorIndex=]

>>>>BeginStats

>>>>BeginTable
PlayerId, StartTime, EndTime, ProgenyPayout, XPFromFeeding, FeedingGames, MeanFeedingScore, BloodBond, Progeny, GrandProgeny, Sire, Level, Invites
100219, 1241821379087, , 0, 154, 1, 90, 0, 0, 0, 103033, 1, 0
101282, , , 27.5, 0, 0, 0, 0, 4, 0, 6998, , 
1028958, 1241816490218, 1241816721709, 0, 173, 1, 132, 0, 0, 0, 1118266, 2, 
103033, 1241822659353, , 15.4, 592, 2, 354.5, 767143, 14, 14, 81899, 6, 1
104207, , , 9.8, 0, 0, 0, 0, 1, 0, 521919, , 
1046581, 1241821544376, 1241821714489, 0, 100, 1, 117, 0, 0, 0, 33511, 1, 
1047756, 1241817962516, 1241817993789, 0, 0, 0, 0, 0, 0, 0, 10642, 2, 
104928, 1241818120158, 1241818149702, 0, 0, 0, 0, 0, 0, 0, 0, 1, 
1053158, , , 23.700000000000003, 0, 0, 0, 0, 1, 0, 301548, , 
1060123, 1241819721583, 1241819880679, 0, 0, 0, 0, 0, 0, 0, 153097, 1, 
1062853, , , 18.6, 0, 0, 0, 0, 9, 19, 1124214, , 
10642, , , 83.85000000000001, 0, 0, 0, 0, 32, 17, 351598, , 
1073413, 1241817485095, 1241818140682, 0, 308, 2, 143, 0, 0, 0, 0, 1, 
1092321, 1241820851410, , 11.5, 4771, 14, 257, 1892, 30, 34, 35568, 10, 3
1101, , , 253.20000000000002, 0, 0, 0, 0, 2, 17, 239981, , 
1103506, 1241817091459, 1241817192380, 0, 129, 1, 163, 0, 0, 0, 1062853, 3, 
110735, 1241822034298, 1241822340685, 0, 164, 1, 89, 1255618, 0, 0, 408501, 2, 
1110484, 1241818207400, 1241819961980, 11.4, 114, 1, 128, 153097, 1, 0, 153097, 5, 1
1116544, 1241820370384, 1241820596977, 0, 0, 0, 0, 0, 0, 0, 0, 1, 
1118266, 1241818183649, 1241818543685, 17.3, 263, 1, 116, 52818, 1, 0, 52818, 4, 
1119385, 1241822034998, , 0, 263, 2, 144, 0, 1, 0, 3200, 3, 0
1122449, , , 8, 0, 0, 0, 0, 15, 6, 555728, , 
1124214, , , 6.45, 0, 0, 0, 0, 6, 9, 1122449, , 
1126061, , , 56.5, 0, 0, 0, 0, 4, 1, 52350, , 
11315, 1241817517882, 1241817620354, 0, 0, 0, 0, 0, 8, 6, 12, 12, 4
113237, , , 139.3, 0, 0, 0, 0, 9, 14, 10642, , 
1138221, 1241820236902, 1241821492774, 0, 466, 3, 176.66666666666666, 1283799, 0, 0, 269484, 4, 
11460, , , 492.6, 0, 0, 0, 0, 1, 13, 41022, , 
1148755, , , 23, 0, 0, 0, 0, 21, 0, 1092321, , 
1159596, 1241821483686, 1241821488698, 0, 0, 0, 0, 0, 0, 0, 0, 1, 
1166100, 1241818760840, 1241819175816, 0, 138, 1, 138, 0, 0, 0, 0, 1, 
1167886, 1241822332046, 1241822542790, 0, 80, 1, 80, 0, 0, 0, 1122449, 1, 
1190793, 1241818101017, 1241821539446, 10.9, 297, 2, 99.5, 0, 1, 0, 8938, 1, 
1199648, 1241821170305, 1241822637844, 113.4, 1105, 7, 149.57142857142858, 0, 2, 0, 394001, 3, 1
12, , , 361.80000000000007, 0, 0, 0, 0, 20, 40, 383387, , 
1203117, 1241820501157, 1241821694852, 0, 382, 1, 415, 1215840, 2, 0, 152578, 4, 1
1204193, 1241821319975, 1241821752697, 0, 565, 3, 287.6666666666667, 0, 1, 0, 1126061, 3, 1
1208580, , , 114.4, 0, 0, 0, 0, 1, 0, 885698, , 
121118, , , 9.1, 0, 0, 0, 0, 2, 2, 163843, , 
1221568, 1241819075252, 1241820101185, 0, 231, 2, 112, 0, 0, 0, 1190793, 1, 
1222108, 1241822356071, , 0, 237, 2, 118.5, 0, 0, 0, 1053158, 2, 0
1223345, 1241819734323, , 0, 7058, 25, 295.68, 0, 0, 0, 311783, 4, 0
124440, 1241819334987, , 0, 2049, 11, 166.0909090909091, 0, 0, 0, 0, 2, 0
1245027, 1241819093149, 1241819097901, 0, 0, 0, 0, 0, 0, 0, 0, 1, 
124503, , , 231.95000000000002, 0, 0, 0, 0, 1, 7, 170934, , 
124713, 1241817331317, 1241817336580, 0, 0, 0, 0, 0, 0, 0, 72043, 1, 0
1250581, 1241818626212, 1241819461674, 0, 114, 1, 100, 0, 0, 0, 1110484, 1, 
125207, 1241818702451, 1241819880676, 0, 795, 3, 170.33333333333334, 273503, 1, 0, 544643, 4, 0
1252880, 1241816796634, 1241818260675, 0, 1103, 6, 99.33333333333333, 0, 0, 0, 1892, 2, 
1252909, 1241820424648, 1241820455258, 0, 0, 0, 0, 0, 0, 0, 0, 1, 
1254611, 1241820792724, 1241821405313, 0, 230, 2, 95.5, 0, 0, 0, 1148755, 2, 
125787, 1241822006973, 1241822506262, 0, 547, 3, 174, 0, 1, 0, 22707, 4, 1
125837, 1241821465788, 1241822484398, 0, 1409, 5, 446.8, 0, 2, 0, 336524, 7, 1
126451, , , 86.4, 0, 0, 0, 0, 3, 1, 77874, , 
1265, , , 176.35000000000002, 0, 0, 0, 0, 2, 31, 12, , 
1271086, 1241822249069, 1241822317872, 0, 0, 0, 0, 0, 0, 0, 0, 1, 
1276678, 1241821762874, 1241822477975, 0, 1091, 7, 124.57142857142857, 0, 0, 0, 537246, 2, 
12770, , , 12.9, 0, 0, 0, 0, 23, 22, 383387, , 
1277297, 1241820796216, 1241820917509, 0, 0, 0, 0, 0, 0, 0, 0, 1, 
1279217, 1241820924254, 1241820969016, 0, 0, 0, 0, 0, 0, 0, 0, 1, 
1279761, 1241822332989, , 0, 631, 5, 93.6, 0, 0, 0, 171513, 3, 0
1281243, 1241820887717, 1241821466837, 0, 1487, 8, 159.875, 0, 0, 0, 0, 2, 
1299968, 1241821074481, 1241821415089, 0, 0, 0, 0, 0, 0, 0, 0, 1, 
1323699, 1241820822616, 1241822019198, 0, 1042, 6, 142, 0, 0, 0, 307471, 2, 
1333799, 1241817203144, 1241817300898, 0, 0, 0, 0, 0, 0, 0, 0, 1, 
133826, , , 18.2, 0, 0, 0, 0, 2, 0, 121118, , 
1343542, 1241820044801, 1241822561720, 0, 719, 4, 151.5, 0, 0, 0, 447249, 2, 
1348419, 1241816576212, 1241816692129, 0, 0, 0, 0, 0, 0, 0, 0, 1, 
1352971, 1241817150571, 1241818139295, 0, 141, 1, 141, 0, 0, 0, 0, 1, 
1353129, 1241820580664, 1241820595260, 0, 0, 0, 0, 0, 0, 0, 0, 1, 
1355145, 1241820806413, 1241821302213, 0, 370, 3, 127.33333333333333, 0, 0, 0, 0, 1, 
1355177, 1241819412634, 1241819615754, 0, 91, 1, 91, 0, 0, 0, 0, 1, 
1355311, 1241820616365, 1241820753290, 0, 0, 0, 0, 0, 0, 0, 0, 1, 
1355439, 1241819620404, 1241819670306, 0, 0, 0, 0, 0, 0, 0, 0, 1, 
1355798, 1241820204984, 1241820217176, 0, 0, 0, 0, 0, 0, 0, 0, 1, 
1356394, 1241822301831, 1241822382191, 0, 0, 0, 0, 0, 0, 0, 0, 1, 
1356881, 1241822986506, 1241823006042, 0, 0, 0, 0, 0, 0, 0, 0, 1, 
1357312, 1241822665957, 1241822772744, 0, 0, 0, 0, 0, 0, 0, 0, 1, 
136131, 1241820543232, 1241821424515, 0, 4639, 14, 241.92857142857142, 1089370, 1, 0, 403501, 4, 0
138473, 1241820507579, , 0, 1134, 9, 124.66666666666667, 0, 0, 0, 1199648, 2, 0
140802, 1241820722042, 1241822411785, 0, 168, 1, 152, 0, 0, 0, 0, 1, 
152578, , , 38.2, 0, 0, 0, 0, 3, 2, 208699, , 
153097, , , 17.1, 0, 0, 0, 0, 19, 1, 1062853, , 
154004, 1241817624775, 1241817803761, 0, 0, 0, 0, 561706, 10, 7, 90041, 4, 0
156383, 1241821505090, 1241822022958, 0, 115, 1, 115, 0, 0, 0, 325253, 1, 0
159420, , , 21.05, 0, 0, 0, 0, 1, 6, 206649, , 
160024, 1241822912774, 1241822941146, 0, 0, 0, 0, 0, 0, 0, 164799, 1, 0
163836, , , 25.3, 0, 0, 0, 0, 2, 1, 169869, , 
166371, , , 23.300000000000004, 0, 0, 0, 0, 4, 13, 267622, , 
169869, , , 12.65, 0, 0, 0, 0, 6, 2, 148695, , 
16993, 1241822369035, 1241822589989, 0, 253, 1, 200, 0, 1, 0, 510740, 3, 0
170191, , , 286.99999999999994, 0, 0, 0, 0, 3, 10, 202873, , 
171513, 1241816470718, 1241816776181, 289.00000000000006, 1425, 2, 432.5, 0, 10, 7, 170191, 12, 2
176400, 1241823000829, , 0, 6065, 22, 238.95454545454547, 0, 0, 0, 21067, 4, 0
178724, 1241818577192, 1241820181891, 0, 877, 7, 124.42857142857143, 0, 0, 0, 58859, 1, 
180571, 1241822374344, 1241822598305, 0, 253, 1, 306, 0, 1, 3, 163836, 4, 0
181264, , , 42.2, 0, 0, 0, 0, 2, 4, 3812, , 
1892, 1241820669314, , 101.10000000000001, 6194, 20, 419.6, 1092321, 21, 6, 995, 12, 2
192080, , , 149.10000000000002, 0, 0, 0, 0, 2, 10, 220964, , 
195481, 1241816929397, 1241816936040, 0, 0, 0, 0, 0, 0, 0, 0, 1, 
195736, , , 70.45, 0, 0, 0, 0, 6, 31, 334835, , 
197371, 1241820423231, 1241820731158, 0, 154, 1, 181, 0, 0, 0, 392522, 2, 
199427, , , 174.04999999999995, 0, 0, 0, 0, 1, 9, 208602, , 
201054, 1241820154620, 1241820181525, 0, 0, 0, 0, 0, 0, 0, 1155409, 4, 
202873, , , 71.25, 0, 0, 0, 0, 1, 3, 341164, , 
204915, 1241822817860, , 0, 0, 0, 0, 0, 0, 0, 0, 1, 0
208602, , , 69.05, 0, 0, 0, 0, 2, 8, 351626, , 
208699, , , 19.1, 0, 0, 0, 0, 4, 3, 36200, , 
21067, , , 606.5000000000001, 0, 0, 0, 0, 3, 1, 302907, , 
217283, 1241818235016, 1241819912112, 96.9, 421, 2, 271, 532467, 67, 26, 57393, 12, 30
220964, , , 74.55000000000001, 0, 0, 0, 0, 5, 5, 143501, , 
223864, , , 13.15, 0, 0, 0, 0, 7, 36, 160138, , 
22707, , , 54.7, 0, 0, 0, 0, 7, 2, 8842, , 
238812, 1241816826897, 1241817901128, 0, 1491, 3, 391.6666666666667, 546831, 10, 6, 192080, 5, 2
239981, , , 126.60000000000001, 0, 0, 0, 0, 1, 2, 209944, , 
245051, 1241822871084, 1241822900312, 0, 0, 0, 0, 0, 0, 0, 172848, 1, 
246356, , , 5, 0, 0, 0, 0, 1, 2, 54776, , 
25664, , , 49.300000000000004, 0, 0, 0, 0, 4, 0, 43402, , 
256746, , , 240.6, 0, 0, 0, 0, 5, 30, 61984, , 
258951, , , 591.25, 0, 0, 0, 0, 25, 14, 1265, , 
259344, , , 139.25, 0, 0, 0, 0, 23, 5, 143538, , 
269484, , , 46.60000000000001, 0, 0, 0, 0, 12, 0, 166371, , 
271936, 1241819832243, 1241819970905, 0, 0, 0, 0, 0, 3, 0, 887964, 4, 
2796, , , 278.5, 0, 0, 0, 0, 5, 0, 259344, , 
283870, 1241817367865, 1241817783439, 0, 275, 1, 153, 0, 0, 0, 101282, 4, 0
291108, 1241821018506, 1241822647710, 0, 1805, 9, 193.88888888888889, 0, 0, 0, 171513, 2, 
293092, 1241822574845, 1241822587766, 0, 0, 0, 0, 184475, 1, 0, 320880, 4, 1
301548, , , 11.850000000000001, 0, 0, 0, 0, 3, 1, 634607, , 
302907, , , 303.25000000000006, 0, 0, 0, 0, 2, 3, 283855, , 
304455, 1241822809047, 1241822812993, 0, 0, 0, 0, 0, 0, 0, 317371, 4, 0
30564, 1241822124256, , 0, 493, 5, 94.6, 0, 0, 0, 25664, 1, 0
306336, 1241822541743, 1241822555858, 0, 0, 0, 0, 0, 0, 0, 267018, 1, 0
307471, , , 104.20000000000002, 0, 0, 0, 0, 7, 10, 12, , 
307473, 1241818830076, 1241819738936, 0, 692, 4, 133, 0, 0, 0, 217283, 1, 0
30991, 1241822579912, , 0, 119, 1, 119, 0, 0, 0, 0, 1, 0
311783, 1241818613291, 1241821896637, 705.8000000000001, 1397, 4, 399.5, 0, 13, 3, 11460, 10, 7
3200, , , 26.3, 0, 0, 0, 0, 36, 1, 223864, , 
321365, , , 55.25, 0, 0, 0, 0, 3, 1, 317371, , 
325253, , , 11.5, 0, 0, 0, 0, 2, 0, 336228, , 
33511, , , 10, 0, 0, 0, 0, 2, 0, 246356, , 
336195, 1241819444107, 1241819657147, 0, 0, 0, 0, 0, 0, 0, 0, 1, 
336228, , , 92.75000000000001, 0, 0, 0, 0, 10, 19, 307471, , 
336524, , , 140.9, 0, 0, 0, 0, 31, 2, 195736, , 
337834, 1241822283790, 1241822297190, 0, 0, 0, 0, 0, 0, 0, 90239, 3, 0
351430, , , 174.00000000000003, 0, 0, 0, 0, 14, 0, 336228, , 
35568, , , 477.1, 0, 0, 0, 0, 3, 30, 258951, , 
367452, , , 13.15, 0, 0, 0, 0, 6, 4, 127763, , 
383387, , , 6.45, 0, 0, 0, 0, 7, 57, 0, , 
384125, 1241819977846, 1241820292292, 0, 0, 0, 0, 0, 2, 0, 228764, 2, 0
388185, 1241816789503, 1241819040686, 0, 129, 1, 95, 0, 3, 2, 12770, 4, 0
39171, , , 57.50000000000001, 0, 0, 0, 0, 8, 2, 102770, , 
392522, 1241822260687, , 15.4, 312, 2, 106, 0, 1, 0, 217283, 2, 0
394001, , , 167.20000000000002, 0, 0, 0, 0, 1, 2, 321365, , 
396113, , , 825.3499999999999, 0, 0, 0, 0, 2, 12, 44987, , 
403501, , , 463.90000000000003, 0, 0, 0, 0, 7, 1, 124503, , 
408501, , , 16.400000000000002, 0, 0, 0, 0, 8, 22, 637936, , 
41022, , , 69.85000000000001, 0, 0, 0, 0, 2, 1, 412796, , 
4141, 1241820983670, 1241822700711, 0, 2785, 14, 241.92857142857142, 0, 0, 0, 2796, 4, 
430717, 1241819579636, , 0, 2406, 12, 284.0833333333333, 503425, 30, 25, 256746, 12, 6
432820, , , 84.4, 0, 0, 0, 0, 4, 0, 181264, , 
433901, 1241816973873, 1241820229579, 0, 844, 8, 100.125, 0, 0, 0, 432820, 1, 0
43402, , , 24.650000000000002, 0, 0, 0, 0, 12, 9, 123961, , 
447249, 1241819131072, 1241819166784, 71.9, 1381, 3, 701, 10642, 9, 5, 199427, 15, 2
44987, , , 390.75, 0, 0, 0, 0, 1, 2, 12770, , 
452296, 1241821288194, 1241821392856, 0, 0, 0, 0, 0, 9, 6, 103144, 6, 2
488917, 1241820006661, 1241820544183, 0, 182, 1, 364, 0, 0, 0, 133826, 3, 0
49481, 1241821395557, 1241821402684, 0, 0, 0, 0, 0, 0, 0, 238, 4, 0
510740, , , 25.3, 0, 0, 0, 0, 70, 11, 534632, , 
520543, 1241822506169, , 0, 0, 0, 0, 0, 0, 0, 406980, 3, 0
521919, , , 4.9, 0, 0, 0, 0, 2, 1, 70997, , 
52350, , , 28.25, 0, 0, 0, 0, 1, 4, 674637, , 
524637, 1241822864268, 1241822928670, 0, 0, 0, 0, 0, 1, 0, 83320, 3, 
526836, 1241819760282, 1241820438905, 0, 111, 1, 102, 0, 0, 0, 0, 1, 
52818, , , 34.95, 0, 0, 0, 0, 4, 1, 367452, , 
534632, , , 12.65, 0, 0, 0, 0, 7, 70, 445660, , 
537246, , , 109.10000000000002, 0, 0, 0, 0, 3, 0, 878, , 
541655, , , 187.64999999999998, 0, 0, 0, 0, 1, 23, 126451, , 
542720, 1241820105737, 1241820116212, 0, 0, 0, 0, 0, 0, 0, 0, 1, 
544450, , , 39.75, 0, 0, 0, 0, 7, 1, 439277, , 
544643, , , 79.5, 0, 0, 0, 0, 1, 1, 544450, , 
554532, 1241822823692, 1241823051912, 0, 0, 0, 0, 0, 0, 0, 0, 1, 
555728, 1241820245221, , 4, 2532, 7, 291.42857142857144, 828191, 17, 15, 1101, 4, 0
561727, 1241821000136, , 0, 1144, 6, 141.83333333333334, 0, 0, 0, 1208580, 3, 0
562788, , , 58.2, 0, 0, 0, 0, 1, 5, 409656, , 
57393, , , 86.70000000000002, 0, 0, 0, 0, 6, 72, 159420, , 
58022, 1241819047992, 1241819050718, 0, 0, 0, 0, 0, 4, 5, 175065, 4, 0
58429, , , 28.400000000000002, 0, 0, 0, 0, 7, 1, 10642, , 
58859, 1241817923083, 1241819820682, 87.70000000000002, 7815, 15, 627.8666666666667, 43017, 11, 12, 396113, 15, 2
597005, 1241818694403, 1241819082098, 0, 1164, 4, 307, 0, 2, 1, 603011, 4, 0
602727, 1241820390679, 1241820453073, 0, 0, 0, 0, 0, 0, 0, 0, 1, 
603011, , , 116.4, 0, 0, 0, 0, 5, 2, 562788, , 
616423, 1241822758183, , 0, 284, 2, 142, 0, 1, 0, 58429, 4, 0
618670, 1241817527836, 1241817534925, 0, 0, 0, 0, 0, 0, 0, 0, 1, 
61984, , , 120.3, 0, 0, 0, 0, 3, 5, 61045, , 
637936, , , 8.200000000000001, 0, 0, 0, 0, 3, 8, 217283, , 
638649, 1241822576221, 1241822894857, 0, 454, 2, 131, 0, 1, 0, 171513, 3, 
677003, 1241817459864, 1241817588120, 0, 0, 0, 0, 0, 2, 1, 533, 3, 
68523, 1241822423975, 1241822580698, 0, 1740, 7, 162.85714285714286, 0, 0, 0, 351430, 3, 
69049, 1241821153807, 1241821191472, 0, 0, 0, 0, 0, 0, 0, 22707, 2, 0
6998, , , 13.75, 0, 0, 0, 0, 2, 4, 3028, , 
72745, , , 115.00000000000001, 0, 0, 0, 0, 2, 0, 39171, , 
77, 1241816646671, 1241816669851, 0, 0, 0, 0, 171151, 11, 2, 12770, 14, 2
77152, 1241820635981, 1241822592214, 0, 1150, 7, 108, 0, 0, 0, 72745, 3, 2
802319, , , 29.6, 0, 0, 0, 0, 2, 6, 773108, , 
808450, 1241819578972, 1241819588571, 0, 0, 0, 0, 0, 0, 0, 0, 1, 
81454, 1241817395982, 1241817484136, 0, 0, 0, 0, 0, 0, 0, 0, 1, 
81899, , , 66.9, 0, 0, 0, 0, 6, 14, 802319, , 
82377, 1241819331088, 1241819414919, 0, 0, 0, 0, 0, 1, 1, 184167, 3, 0
836050, 1241818196109, 1241818739957, 0, 1393, 3, 643.6666666666666, 592692, 14, 6, 113237, 8, 2
871745, 1241817598096, 1241817615718, 0, 0, 0, 0, 0, 0, 0, 0, 1, 
878, , , 54.55000000000001, 0, 0, 0, 0, 2, 5, 123961, , 
88261, 1241818214128, 1241818219022, 0, 0, 0, 0, 481714, 2, 1, 321697, 4, 0
8842, , , 27.35, 0, 0, 0, 0, 12, 8, 1531, , 
885698, , , 57.2, 0, 0, 0, 0, 4, 1, 836050, , 
8938, 1241818299337, 1241819285682, 35.150000000000006, 1728, 5, 523, 0, 23, 14, 541655, 6, 3
90041, 1241818356708, 1241820827240, 0, 3527, 8, 487.25, 175933, 10, 10, 258951, 12, 14
942791, 1241822656613, , 0, 0, 0, 0, 0, 3, 0, 217283, 4, 0
970838, 1241822392051, 1241822412839, 0, 0, 0, 0, 0, 0, 0, 10850, 1, 
978078, 1241820593572, 1241820604249, 0, 0, 0, 0, 0, 0, 0, 0, 1, 
98577, 1241819759420, 1241819974249, 0, 98, 1, 98, 0, 0, 0, 104207, 1, 
995, , , 669.9500000000002, 0, 0, 0, 0, 13, 21, 12, , 
<<<<EndTable

PlayersOnlineNow=21
PlayersOnlineEachMinute=0, 6, 7, 7, 7, 5, 7, 10, 9, 9, 10, 12, 14, 14, 14, 15, 16, 18, 18, 18, 17, 17, 15, 15, 13, 14, 13, 13, 13, 12, 11, 13, 13, 14, 14, 13, 16, 16, 17, 18, 20, 20, 21, 19, 19, 21, 16, 16, 18, 19, 20, 20, 22, 20, 20, 22, 21, 20, 19, 19, 20, 18, 18, 18, 16, 17, 22, 18, 19, 17, 20, 22, 20, 21, 23, 23, 25, 27, 27, 28, 28, 30, 31, 27, 25, 24, 24, 24, 23, 22, 22, 21, 21, 22, 23, 23, 23, 26, 26, 28, 27, 25, 25, 20, 22, 22, 23, 25, 21, 22
PlayersInEachFeedingGame=2, 2, 2, 1, 2, 1, 2, 2, 1, 2, 2, 2, 2, 2, 1, 1, 2, 2, 1, 2, 1, 1, 1, 2, 2, 2, 2, 1, 2, 1, 1, 2, 1, 1, 1, 2, 2, 1, 1, 1, 2, 1, 2, 2, 1, 1, 2, 2, 2, 1, 2, 2, 2, 1, 2, 1, 1, 2, 1, 2, 2, 1, 2, 1, 1, 1, 2, 2, 1, 1, 2, 2, 2, 1, 2, 1, 1, 3, 2, 1, 1, 1, 1, 1, 2, 1, 2, 2, 1, 1, 2, 2, 2, 2, 1, 2, 2, 2, 1, 1, 2, 2, 2, 1, 2, 2, 1, 1, 1, 1, 2, 2, 2, 1, 1, 2, 2, 2, 1, 1, 1, 2, 2, 1, 1, 2, 1, 3, 2, 2, 2, 1, 1, 2, 2, 2, 2, 2, 1, 2, 2, 2, 2, 2, 1, 2, 1, 2, 1, 1, 2, 1, 1, 1, 2, 2, 1, 2, 2, 2, 1, 1, 1, 2, 1, 1, 1, 2, 1, 2, 2, 2, 2, 1, 2, 1, 2, 1, 2, 1, 1, 2, 1, 2, 2, 1, 3, 1, 1
PlayersStarted=212
PlayersQuit=191
StatsStartTime=1241816466070
StatsDumpTime=1241823066489
<<<<EndStats
2009-05-08 15:51:13,176 ERROR: vampire.server.feeding.FeedingRecord sendPlayerStartGameMsg [playerId=1279761, prey=false, _predatorIndex=616423]
2009-05-08 15:52:01,347 ERROR: vampire.server.feeding.FeedingRecord sendPlayerStartGameMsg [playerId=616423, prey=false, _predatorIndex=616423,1279761]
2009-05-08 15:52:06,688 ERROR: vampire.server.feeding.FeedingRecord sendPlayerStartGameMsg [playerId=616423, prey=false, _predatorIndex=616423,1279761]
2009-05-08 15:52:19,362 ERROR: vampire.server.feeding.FeedingRecord sendPlayerStartGameMsg [playerId=430717, prey=true, _predatorIndex=]
2009-05-08 15:52:19,362 ERROR: vampire.server.feeding.FeedingRecord sendPlayerStartGameMsg [playerId=616423, prey=false, _predatorIndex=]
2009-05-08 15:52:31,136 ERROR: vampire.server.feeding.FeedingRecord sendPlayerStartGameMsg [playerId=1222108, prey=true, _predatorIndex=]
2009-05-08 15:52:31,137 ERROR: vampire.server.feeding.FeedingRecord sendPlayerStartGameMsg [playerId=103033, prey=false, _predatorIndex=]
2009-05-08 15:53:22,117 ERROR: vampire.server.feeding.FeedingRecord sendPlayerStartGameMsg [playerId=1092321, prey=true, _predatorIndex=]
2009-05-08 15:53:22,118 ERROR: vampire.server.feeding.FeedingRecord sendPlayerStartGameMsg [playerId=124440, prey=false, _predatorIndex=]
2009-05-08 15:53:28,902 ERROR: vampire.server.feeding.FeedingRecord sendPlayerStartGameMsg [playerId=138473, prey=true, _predatorIndex=]
2009-05-08 15:53:28,903 ERROR: vampire.server.feeding.FeedingRecord sendPlayerStartGameMsg [playerId=100219, prey=false, _predatorIndex=]
2009-05-08 15:53:36,441 ERROR: vampire.server.feeding.FeedingRecord sendPlayerStartGameMsg [playerId=1092321, prey=true, _predatorIndex=]
2009-05-08 15:53:36,441 ERROR: vampire.server.feeding.FeedingRecord sendPlayerStartGameMsg [playerId=124440, prey=false, _predatorIndex=]
2009-05-08 15:53:36,769 ERROR: vampire.server.feeding.FeedingRecord sendPlayerStartGameMsg [playerId=1254611, prey=false, _predatorIndex=616423]
2009-05-08 15:53:46,720 ERROR: vampire.server.feeding.FeedingRecord sendPlayerStartGameMsg [playerId=53030, prey=true, _predatorIndex=]
2009-05-08 15:53:46,721 ERROR: vampire.server.feeding.FeedingRecord sendPlayerStartGameMsg [playerId=1254611, prey=false, _predatorIndex=]
2009-05-08 15:54:12,270 ERROR: vampire.server.feeding.FeedingRecord sendPlayerStartGameMsg [playerId=1254611, prey=false, _predatorIndex=124440]
2009-05-08 15:54:20,164 ERROR: vampire.server.feeding.FeedingRecord sendPlayerStartGameMsg [playerId=204915, prey=true, _predatorIndex=]
2009-05-08 15:54:20,165 ERROR: vampire.server.feeding.FeedingRecord sendPlayerStartGameMsg [playerId=1223345, prey=false, _predatorIndex=]
2009-05-08 15:54:21,171 ERROR: vampire.server.feeding.FeedingRecord sendPlayerStartGameMsg [playerId=30991, prey=false, _predatorIndex=]
2009-05-08 15:54:25,473 ERROR: vampire.server.feeding.FeedingRecord sendPlayerStartGameMsg [playerId=1279761, prey=false, _predatorIndex=100219]
2009-05-08 15:54:33,656 ERROR: vampire.server.feeding.FeedingRecord sendPlayerStartGameMsg [playerId=1254611, prey=false, _predatorIndex=124440,1254611]
2009-05-08 15:54:34,595 ERROR: vampire.server.feeding.FeedingRecord sendPlayerStartGameMsg [playerId=616423, prey=false, _predatorIndex=103033]
2009-05-08 15:54:42,253 ERROR: vampire.server.feeding.FeedingRecord sendPlayerStartGameMsg [playerId=616423, prey=false, _predatorIndex=1254611]
2009-05-08 15:54:51,999 ERROR: vampire.server.feeding.FeedingRecord sendPlayerStartGameMsg [playerId=341164, prey=true, _predatorIndex=]
2009-05-08 15:54:51,999 ERROR: vampire.server.feeding.FeedingRecord sendPlayerStartGameMsg [playerId=176400, prey=false, _predatorIndex=]
2009-05-08 15:54:52,091 ERROR: vampire.server.feeding.FeedingRecord sendPlayerStartGameMsg [playerId=616423, prey=false, _predatorIndex=176400]
2009-05-08 15:55:22,844 ERROR: vampire.server.feeding.FeedingRecord sendPlayerStartGameMsg [playerId=30564, prey=true, _predatorIndex=]
2009-05-08 15:55:22,845 ERROR: vampire.server.feeding.FeedingRecord sendPlayerStartGameMsg [playerId=1254611, prey=false, _predatorIndex=]
2009-05-08 15:56:05,347 ERROR: vampire.server.feeding.FeedingRecord sendPlayerStartGameMsg [playerId=1223345, prey=false, _predatorIndex=]
2009-05-08 15:57:45,987 ERROR: vampire.server.feeding.FeedingRecord sendPlayerStartGameMsg [playerId=176400, prey=true, _predatorIndex=]
2009-05-08 15:57:45,988 ERROR: vampire.server.feeding.FeedingRecord sendPlayerStartGameMsg [playerId=103033, prey=false, _predatorIndex=]
2009-05-08 15:58:05,778 ERROR: vampire.server.feeding.FeedingRecord sendPlayerStartGameMsg [playerId=53030, prey=true, _predatorIndex=]
2009-05-08 15:58:05,779 ERROR: vampire.server.feeding.FeedingRecord sendPlayerStartGameMsg [playerId=616423, prey=false, _predatorIndex=]
2009-05-08 15:58:22,686 ERROR: vampire.server.feeding.FeedingRecord sendPlayerStartGameMsg [playerId=1092321, prey=false, _predatorIndex=616423]
2009-05-08 15:58:55,328 ERROR: vampire.server.feeding.FeedingRecord sendPlayerStartGameMsg [playerId=1119385, prey=false, _predatorIndex=]
2009-05-08 15:58:58,345 ERROR: vampire.server.feeding.FeedingRecord sendPlayerStartGameMsg [playerId=1279761, prey=false, _predatorIndex=616423,1092321]
2009-05-08 15:59:37,102 ERROR: vampire.server.feeding.FeedingRecord sendPlayerStartGameMsg [playerId=90041, prey=true, _predatorIndex=]
2009-05-08 15:59:37,102 ERROR: vampire.server.feeding.FeedingRecord sendPlayerStartGameMsg [playerId=1279761, prey=false, _predatorIndex=]
2009-05-08 15:59:50,951 ERROR: vampire.server.feeding.FeedingRecord sendPlayerStartGameMsg [playerId=1119385, prey=false, _predatorIndex=]
2009-05-08 16:01:00,956 ERROR: vampire.server.feeding.FeedingRecord sendPlayerStartGameMsg [playerId=124440, prey=false, _predatorIndex=616423,1092321,1279761]

>>>>BeginStats

>>>>BeginTable
PlayerId, StartTime, EndTime, ProgenyPayout, XPFromFeeding, FeedingGames, MeanFeedingScore, BloodBond, Progeny, GrandProgeny, Sire, Level, Invites
100219, 1241821379087, , 0, 243, 2, 89.5, 0, 0, 0, 103033, 1, 0
101282, , , 27.5, 0, 0, 0, 0, 4, 0, 6998, , 
1028958, 1241816490218, 1241816721709, 0, 173, 1, 132, 0, 0, 0, 1118266, 2, 
103033, 1241822659353, , 24.3, 903, 4, 299.25, 767143, 14, 14, 81899, 6, 1
104207, , , 9.8, 0, 0, 0, 0, 1, 0, 521919, , 
1046581, 1241821544376, 1241821714489, 0, 100, 1, 117, 0, 0, 0, 33511, 1, 
1047756, 1241817962516, 1241817993789, 0, 0, 0, 0, 0, 0, 0, 10642, 2, 
104928, 1241818120158, 1241818149702, 0, 0, 0, 0, 0, 0, 0, 0, 1, 
1053158, , , 44.10000000000001, 0, 0, 0, 0, 1, 0, 301548, , 
1060123, 1241819721583, 1241819880679, 0, 0, 0, 0, 0, 0, 0, 153097, 1, 
1062853, , , 18.6, 0, 0, 0, 0, 9, 19, 1124214, , 
10642, , , 101.75000000000001, 0, 0, 0, 0, 32, 17, 351598, , 
1073413, 1241817485095, 1241818140682, 0, 308, 2, 143, 0, 0, 0, 0, 1, 
1088529, 1241823357379, 1241823600685, 0, 0, 0, 0, 0, 0, 0, 176400, 1, 
1092321, 1241820851410, , 53.25, 5522, 16, 281.4375, 1892, 31, 34, 35568, 10, 3
1101, , , 292.1, 0, 0, 0, 0, 2, 17, 239981, , 
1103506, 1241817091459, 1241817192380, 0, 129, 1, 163, 0, 0, 0, 1062853, 3, 
110735, 1241822034298, 1241822340685, 0, 164, 1, 89, 1255618, 0, 0, 408501, 2, 
1110484, 1241818207400, 1241819961980, 11.4, 114, 1, 128, 153097, 1, 0, 153097, 5, 1
1116544, 1241820370384, 1241820596977, 0, 0, 0, 0, 0, 0, 0, 0, 1, 
1118266, 1241818183649, 1241818543685, 17.3, 263, 1, 116, 52818, 1, 0, 52818, 4, 
1119385, 1241822034998, , 0, 263, 2, 144, 0, 1, 0, 3200, 3, 0
1122449, , , 8, 0, 0, 0, 0, 15, 6, 555728, , 
1124214, 1241823387408, 1241823533612, 6.45, 0, 0, 0, 0, 6, 9, 1122449, 4, 
1126061, , , 56.5, 0, 0, 0, 0, 4, 1, 52350, , 
11315, 1241817517882, 1241817620354, 0, 0, 0, 0, 0, 8, 6, 12, 12, 4
113237, , , 139.3, 0, 0, 0, 0, 9, 14, 10642, , 
1138221, 1241820236902, 1241821492774, 0, 466, 3, 176.66666666666666, 1283799, 0, 0, 269484, 4, 
11460, , , 521.0999999999999, 0, 0, 0, 0, 1, 13, 41022, , 
1148755, , , 34.1, 0, 0, 0, 0, 21, 0, 1092321, , 
1159596, 1241821483686, 1241821488698, 0, 0, 0, 0, 0, 0, 0, 0, 1, 
1166100, 1241818760840, 1241819175816, 0, 138, 1, 138, 0, 0, 0, 0, 1, 
1167886, 1241822332046, 1241822542790, 0, 80, 1, 80, 0, 0, 0, 1122449, 1, 
1190793, 1241818101017, 1241821539446, 10.9, 297, 2, 99.5, 0, 1, 0, 8938, 1, 
1199648, 1241821170305, 1241822637844, 125.60000000000001, 1105, 7, 149.57142857142858, 0, 2, 0, 394001, 3, 1
12, , , 381.25000000000006, 0, 0, 0, 0, 20, 40, 383387, , 
1203117, 1241820501157, 1241821694852, 0, 382, 1, 415, 1215840, 2, 0, 152578, 4, 1
1204193, 1241821319975, 1241821752697, 0, 565, 3, 287.6666666666667, 0, 1, 0, 1126061, 3, 1
1208580, , , 114.4, 0, 0, 0, 0, 1, 0, 885698, , 
121118, , , 9.1, 0, 0, 0, 0, 2, 2, 163843, , 
1221568, 1241819075252, 1241820101185, 0, 231, 2, 112, 0, 0, 0, 1190793, 1, 
1222108, 1241822356071, 1241823323670, 0, 441, 3, 123, 0, 0, 0, 1053158, 2, 
1223345, 1241819734323, 1241823543783, 0, 7628, 28, 289.7857142857143, 0, 0, 0, 311783, 4, 
122907, , , 77.20000000000002, 0, 0, 0, 0, 6, 10, 251062, , 
124440, 1241823643187, , 0, 2411, 12, 177.75, 0, 0, 0, 1092321, 2, 0
1245027, 1241819093149, 1241819097901, 0, 0, 0, 0, 0, 0, 0, 0, 1, 
124503, , , 231.95000000000002, 0, 0, 0, 0, 1, 7, 170934, , 
124713, 1241817331317, 1241817336580, 0, 0, 0, 0, 0, 0, 0, 72043, 1, 0
1250581, 1241818626212, 1241819461674, 0, 114, 1, 100, 0, 0, 0, 1110484, 1, 
125207, 1241818702451, 1241819880676, 0, 795, 3, 170.33333333333334, 273503, 1, 0, 544643, 4, 0
1252880, 1241816796634, 1241818260675, 0, 1103, 6, 99.33333333333333, 0, 0, 0, 1892, 2, 
1252909, 1241820424648, 1241820455258, 0, 0, 0, 0, 0, 0, 0, 0, 1, 
1254611, 1241823081151, , 0, 341, 3, 93.33333333333333, 0, 0, 0, 1148755, 2, 0
125787, 1241822006973, 1241822506262, 0, 547, 3, 174, 0, 1, 0, 22707, 4, 1
125837, 1241821465788, 1241822484398, 0, 1409, 5, 446.8, 0, 2, 0, 336524, 7, 1
126451, , , 86.4, 0, 0, 0, 0, 3, 1, 77874, , 
1265, , , 176.35000000000002, 0, 0, 0, 0, 2, 31, 12, , 
1271086, 1241822249069, 1241822317872, 0, 0, 0, 0, 0, 0, 0, 0, 1, 
1276678, 1241821762874, 1241822477975, 0, 1091, 7, 124.57142857142857, 0, 0, 0, 537246, 2, 
12770, , , 12.9, 0, 0, 0, 0, 23, 23, 383387, , 
1277297, 1241820796216, 1241820917509, 0, 0, 0, 0, 0, 0, 0, 0, 1, 
1279217, 1241820924254, 1241820969016, 0, 0, 0, 0, 0, 0, 0, 0, 1, 
1279761, 1241823529122, , 0, 736, 6, 95.5, 0, 0, 0, 171513, 3, 0
1281243, 1241820887717, 1241821466837, 0, 1487, 8, 159.875, 0, 0, 0, 0, 2, 
1299968, 1241821074481, 1241821415089, 0, 0, 0, 0, 0, 0, 0, 0, 1, 
1323699, 1241820822616, 1241822019198, 0, 1042, 6, 142, 0, 0, 0, 307471, 2, 
1333799, 1241817203144, 1241817300898, 0, 0, 0, 0, 0, 0, 0, 0, 1, 
133826, , , 18.2, 0, 0, 0, 0, 2, 0, 121118, , 
1343542, 1241820044801, 1241822561720, 0, 719, 4, 151.5, 0, 0, 0, 447249, 2, 
1348419, 1241816576212, 1241816692129, 0, 0, 0, 0, 0, 0, 0, 0, 1, 
1352971, 1241817150571, 1241818139295, 0, 141, 1, 141, 0, 0, 0, 0, 1, 
1353129, 1241820580664, 1241820595260, 0, 0, 0, 0, 0, 0, 0, 0, 1, 
1353549, 1241823290781, 1241823360691, 0, 0, 0, 0, 0, 0, 0, 0, 1, 
1355145, 1241820806413, 1241821302213, 0, 370, 3, 127.33333333333333, 0, 0, 0, 0, 1, 
1355177, 1241819412634, 1241819615754, 0, 91, 1, 91, 0, 0, 0, 0, 1, 
1355311, 1241820616365, 1241820753290, 0, 0, 0, 0, 0, 0, 0, 0, 1, 
1355439, 1241819620404, 1241819670306, 0, 0, 0, 0, 0, 0, 0, 0, 1, 
1355798, 1241820204984, 1241820217176, 0, 0, 0, 0, 0, 0, 0, 0, 1, 
1356394, 1241822301831, 1241822382191, 0, 0, 0, 0, 0, 0, 0, 0, 1, 
1356881, 1241822986506, 1241823006042, 0, 0, 0, 0, 0, 0, 0, 0, 1, 
1356933, 1241823318444, 1241823380477, 0, 0, 0, 0, 0, 0, 0, 0, 1, 
1357312, 1241822665957, 1241822772744, 0, 0, 0, 0, 0, 0, 0, 0, 1, 
136131, 1241820543232, 1241821424515, 0, 4639, 14, 241.92857142857142, 1089370, 1, 0, 403501, 4, 0
138473, 1241820507579, , 0, 1256, 11, 115.9090909090909, 0, 0, 0, 1199648, 2, 0
140802, 1241820722042, 1241822411785, 0, 168, 1, 152, 0, 0, 0, 0, 1, 
152578, , , 38.2, 0, 0, 0, 0, 3, 2, 208699, , 
153097, , , 17.1, 0, 0, 0, 0, 19, 1, 1062853, , 
154004, 1241817624775, 1241817803761, 0, 0, 0, 0, 561706, 10, 7, 90041, 4, 0
156383, 1241821505090, 1241822022958, 0, 115, 1, 115, 0, 0, 0, 325253, 1, 0
159420, , , 25.25, 0, 0, 0, 0, 1, 6, 206649, , 
160024, 1241822912774, 1241822941146, 0, 0, 0, 0, 0, 0, 0, 164799, 1, 0
163836, , , 25.3, 0, 0, 0, 0, 2, 1, 169869, , 
166371, , , 23.300000000000004, 0, 0, 0, 0, 4, 13, 267622, , 
169869, , , 12.65, 0, 0, 0, 0, 6, 2, 148695, , 
16993, 1241822369035, 1241822589989, 0, 253, 1, 200, 0, 1, 0, 510740, 3, 0
170191, , , 292.24999999999994, 0, 0, 0, 0, 3, 10, 202873, , 
171513, 1241816470718, 1241816776181, 299.50000000000006, 1425, 2, 432.5, 0, 10, 7, 170191, 12, 2
176400, 1241823000829, , 0, 6065, 22, 238.95454545454547, 0, 1, 0, 21067, 4, 1
178724, 1241818577192, 1241820181891, 0, 877, 7, 124.42857142857143, 0, 0, 0, 58859, 1, 
180571, 1241823252998, 1241823257147, 0, 253, 1, 306, 0, 1, 3, 163836, 4, 0
181264, , , 42.2, 0, 0, 0, 0, 2, 4, 3812, , 
1892, 1241820669314, 1241823338912, 101.10000000000001, 6583, 21, 406.9047619047619, 1092321, 21, 6, 995, 12, 2
192080, , , 149.10000000000002, 0, 0, 0, 0, 2, 10, 220964, , 
195481, 1241816929397, 1241816936040, 0, 0, 0, 0, 0, 0, 0, 0, 1, 
195736, , , 70.45, 0, 0, 0, 0, 6, 31, 334835, , 
197371, 1241820423231, 1241820731158, 0, 154, 1, 181, 0, 0, 0, 392522, 2, 
199427, , , 174.04999999999995, 0, 0, 0, 0, 1, 9, 208602, , 
201054, 1241820154620, 1241820181525, 0, 0, 0, 0, 0, 0, 0, 1155409, 4, 
202873, , , 71.25, 0, 0, 0, 0, 1, 3, 341164, , 
204729, 1241823395944, 1241823576484, 0, 0, 0, 0, 0, 0, 0, 7314, 1, 
204915, 1241822817860, 1241823319907, 0, 399, 2, 192, 0, 0, 0, 0, 1, 
208602, , , 69.05, 0, 0, 0, 0, 2, 8, 351626, , 
208699, , , 19.1, 0, 0, 0, 0, 4, 3, 36200, , 
21067, , , 606.5000000000001, 0, 0, 0, 0, 3, 2, 302907, , 
217283, 1241818235016, 1241819912112, 96.9, 421, 2, 271, 532467, 67, 26, 57393, 12, 30
220964, , , 74.55000000000001, 0, 0, 0, 0, 5, 5, 143501, , 
223864, , , 13.15, 0, 0, 0, 0, 7, 36, 160138, , 
22707, , , 54.7, 0, 0, 0, 0, 7, 2, 8842, , 
238812, 1241816826897, 1241817901128, 0, 1491, 3, 391.6666666666667, 546831, 10, 6, 192080, 5, 2
239981, , , 146.05, 0, 0, 0, 0, 1, 2, 209944, , 
245051, 1241822871084, 1241822900312, 0, 0, 0, 0, 0, 0, 0, 172848, 1, 
246356, , , 5, 0, 0, 0, 0, 1, 2, 54776, , 
251062, , , 38.60000000000001, 0, 0, 0, 0, 6, 7, 296361, , 
25664, , , 60.400000000000006, 0, 0, 0, 0, 4, 0, 43402, , 
256746, , , 268, 0, 0, 0, 0, 5, 30, 61984, , 
258951, , , 628.8000000000001, 0, 0, 0, 0, 25, 14, 1265, , 
259344, , , 139.25, 0, 0, 0, 0, 23, 5, 143538, , 
269484, , , 46.60000000000001, 0, 0, 0, 0, 12, 0, 166371, , 
271936, 1241819832243, 1241819970905, 0, 0, 0, 0, 0, 3, 0, 887964, 4, 
2796, , , 278.5, 0, 0, 0, 0, 5, 0, 259344, , 
283870, 1241817367865, 1241817783439, 0, 275, 1, 153, 0, 0, 0, 101282, 4, 0
291108, 1241821018506, 1241822647710, 0, 1805, 9, 193.88888888888889, 0, 0, 0, 171513, 2, 
293092, 1241822574845, 1241822587766, 0, 0, 0, 0, 184475, 1, 0, 320880, 4, 1
301548, , , 22.050000000000004, 0, 0, 0, 0, 3, 1, 634607, , 
302907, , , 303.25000000000006, 0, 0, 0, 0, 2, 3, 283855, , 
304455, 1241822809047, 1241822812993, 0, 0, 0, 0, 0, 0, 0, 317371, 4, 0
30564, 1241822124256, , 0, 604, 6, 100.83333333333333, 0, 0, 0, 25664, 1, 0
306336, 1241822541743, 1241822555858, 0, 0, 0, 0, 0, 0, 0, 267018, 1, 0
307471, , , 104.20000000000002, 0, 0, 0, 0, 7, 10, 12, , 
307473, 1241818830076, 1241819738936, 0, 692, 4, 133, 0, 0, 0, 217283, 1, 0
30991, 1241822579912, 1241823644034, 0, 511, 4, 127.75, 0, 0, 0, 0, 1, 
311783, 1241818613291, 1241821896637, 762.8000000000001, 1397, 4, 399.5, 0, 13, 3, 11460, 10, 7
3200, , , 26.3, 0, 0, 0, 0, 36, 1, 223864, , 
321365, , , 55.25, 0, 0, 0, 0, 3, 1, 317371, , 
325253, , , 11.5, 0, 0, 0, 0, 2, 0, 336228, , 
33511, , , 10, 0, 0, 0, 0, 2, 0, 246356, , 
336195, 1241819444107, 1241819657147, 0, 0, 0, 0, 0, 0, 0, 0, 1, 
336228, , , 92.75000000000001, 0, 0, 0, 0, 10, 19, 307471, , 
336524, , , 140.9, 0, 0, 0, 0, 31, 2, 195736, , 
337834, 1241822283790, 1241822297190, 0, 0, 0, 0, 0, 0, 0, 90239, 3, 0
341164, 1241823492157, 1241823619349, 0, 84, 1, 153, 0, 3, 3, 57393, 5, 4
351430, , , 174.00000000000003, 0, 0, 0, 0, 14, 0, 336228, , 
35568, , , 570.3000000000001, 0, 0, 0, 0, 3, 31, 258951, , 
367452, , , 13.15, 0, 0, 0, 0, 6, 4, 127763, , 
383387, , , 6.45, 0, 0, 0, 0, 7, 57, 0, , 
384125, 1241819977846, 1241820292292, 0, 0, 0, 0, 0, 2, 0, 228764, 2, 0
388185, 1241823417796, , 0, 129, 1, 95, 0, 3, 2, 12770, 4, 0
39171, , , 57.50000000000001, 0, 0, 0, 0, 8, 2, 102770, , 
392522, 1241822260687, 1241823162683, 15.4, 312, 2, 106, 0, 1, 0, 217283, 2, 
394001, , , 173.3, 0, 0, 0, 0, 1, 2, 321365, , 
396113, , , 825.3499999999999, 0, 0, 0, 0, 2, 12, 44987, , 
403501, , , 463.90000000000003, 0, 0, 0, 0, 7, 1, 124503, , 
408501, , , 16.400000000000002, 0, 0, 0, 0, 8, 22, 637936, , 
41022, , , 69.85000000000001, 0, 0, 0, 0, 2, 1, 412796, , 
4141, 1241820983670, 1241822700711, 0, 2785, 14, 241.92857142857142, 0, 0, 0, 2796, 4, 
430717, 1241819579636, , 0, 2680, 13, 295.53846153846155, 503425, 30, 25, 256746, 12, 6
432820, , , 84.4, 0, 0, 0, 0, 4, 0, 181264, , 
433901, 1241816973873, 1241820229579, 0, 844, 8, 100.125, 0, 0, 0, 432820, 1, 0
43402, , , 30.200000000000003, 0, 0, 0, 0, 12, 9, 123961, , 
447249, 1241819131072, 1241819166784, 71.9, 1381, 3, 701, 10642, 9, 5, 199427, 15, 2
44987, , , 390.75, 0, 0, 0, 0, 1, 2, 12770, , 
452296, 1241821288194, 1241821392856, 0, 0, 0, 0, 0, 9, 6, 103144, 6, 2
488917, 1241820006661, 1241820544183, 0, 182, 1, 364, 0, 0, 0, 133826, 3, 0
49481, 1241821395557, 1241821402684, 0, 0, 0, 0, 0, 0, 0, 238, 4, 0
510740, , , 25.3, 0, 0, 0, 0, 70, 11, 534632, , 
520543, 1241822506169, , 0, 0, 0, 0, 0, 0, 0, 406980, 3, 0
521919, , , 4.9, 0, 0, 0, 0, 2, 1, 70997, , 
52350, , , 28.25, 0, 0, 0, 0, 1, 4, 674637, , 
524637, 1241822864268, 1241822928670, 0, 0, 0, 0, 0, 1, 0, 83320, 3, 
526836, 1241819760282, 1241820438905, 0, 111, 1, 102, 0, 0, 0, 0, 1, 
52818, , , 34.95, 0, 0, 0, 0, 4, 1, 367452, , 
53030, 1241823081432, , 0, 772, 2, 772, 0, 10, 6, 122907, 14, 3
534632, , , 12.65, 0, 0, 0, 0, 7, 70, 445660, , 
537246, , , 109.10000000000002, 0, 0, 0, 0, 3, 0, 878, , 
541655, , , 187.64999999999998, 0, 0, 0, 0, 1, 23, 126451, , 
542720, 1241820105737, 1241820116212, 0, 0, 0, 0, 0, 0, 0, 0, 1, 
544450, , , 39.75, 0, 0, 0, 0, 7, 1, 439277, , 
544643, , , 79.5, 0, 0, 0, 0, 1, 1, 544450, , 
554532, 1241822823692, 1241823051912, 0, 0, 0, 0, 0, 0, 0, 0, 1, 
555728, 1241820245221, 1241823541029, 4, 2921, 8, 320.5, 828191, 17, 15, 1101, 4, 0
561727, 1241821000136, 1241823197156, 0, 1144, 6, 141.83333333333334, 0, 0, 0, 1208580, 3, 
562788, , , 58.2, 0, 0, 0, 0, 1, 5, 409656, , 
57393, , , 95.10000000000002, 0, 0, 0, 0, 6, 72, 159420, , 
58022, 1241819047992, 1241819050718, 0, 0, 0, 0, 0, 4, 5, 175065, 4, 0
58429, , , 64.2, 0, 0, 0, 0, 7, 1, 10642, , 
58859, 1241817923083, 1241819820682, 87.70000000000002, 7815, 15, 627.8666666666667, 43017, 11, 12, 396113, 15, 2
597005, 1241818694403, 1241819082098, 0, 1164, 4, 307, 0, 2, 1, 603011, 4, 0
602727, 1241820390679, 1241820453073, 0, 0, 0, 0, 0, 0, 0, 0, 1, 
603011, , , 116.4, 0, 0, 0, 0, 5, 2, 562788, , 
616423, 1241822758183, , 0, 642, 4, 124.25, 0, 1, 0, 58429, 4, 0
618670, 1241817527836, 1241817534925, 0, 0, 0, 0, 0, 0, 0, 0, 1, 
61984, , , 134, 0, 0, 0, 0, 3, 5, 61045, , 
637936, , , 8.200000000000001, 0, 0, 0, 0, 3, 8, 217283, , 
638649, 1241822576221, 1241822894857, 0, 454, 2, 131, 0, 1, 0, 171513, 3, 
677003, 1241817459864, 1241817588120, 0, 0, 0, 0, 0, 2, 1, 533, 3, 
68523, 1241822423975, 1241822580698, 0, 1740, 7, 162.85714285714286, 0, 0, 0, 351430, 3, 
69049, 1241821153807, 1241821191472, 0, 0, 0, 0, 0, 0, 0, 22707, 2, 0
6998, , , 13.75, 0, 0, 0, 0, 2, 4, 3028, , 
72745, , , 115.00000000000001, 0, 0, 0, 0, 2, 0, 39171, , 
77, 1241816646671, 1241816669851, 0, 0, 0, 0, 171151, 11, 2, 12770, 14, 2
77152, 1241820635981, 1241822592214, 0, 1150, 7, 108, 0, 0, 0, 72745, 3, 2
802319, , , 45.150000000000006, 0, 0, 0, 0, 2, 6, 773108, , 
808450, 1241819578972, 1241819588571, 0, 0, 0, 0, 0, 0, 0, 0, 1, 
81454, 1241817395982, 1241817484136, 0, 0, 0, 0, 0, 0, 0, 0, 1, 
81899, , , 102.45000000000002, 0, 0, 0, 0, 6, 14, 802319, , 
82377, 1241819331088, 1241819414919, 0, 0, 0, 0, 0, 1, 1, 184167, 3, 0
836050, 1241818196109, 1241818739957, 0, 1393, 3, 643.6666666666666, 592692, 14, 6, 113237, 8, 2
871745, 1241817598096, 1241817615718, 0, 0, 0, 0, 0, 0, 0, 0, 1, 
878, , , 54.55000000000001, 0, 0, 0, 0, 2, 5, 123961, , 
88261, 1241818214128, 1241818219022, 0, 0, 0, 0, 481714, 2, 1, 321697, 4, 0
8842, , , 27.35, 0, 0, 0, 0, 12, 8, 1531, , 
885698, , , 57.2, 0, 0, 0, 0, 4, 1, 836050, , 
8938, 1241818299337, 1241819285682, 35.150000000000006, 1728, 5, 523, 0, 23, 14, 541655, 6, 3
90041, 1241823408333, , 0, 3527, 8, 487.25, 175933, 10, 10, 258951, 12, 14
942791, 1241823568671, 1241823660681, 0, 0, 0, 0, 0, 3, 0, 217283, 4, 
970838, 1241822392051, 1241822412839, 0, 0, 0, 0, 0, 0, 0, 10850, 1, 
978078, 1241820593572, 1241820604249, 0, 0, 0, 0, 0, 0, 0, 0, 1, 
98577, 1241819759420, 1241819974249, 0, 98, 1, 98, 0, 0, 0, 104207, 1, 
995, , , 708.8500000000001, 0, 0, 0, 0, 13, 21, 12, , 
<<<<EndTable

PlayersOnlineNow=16
PlayersOnlineEachMinute=0, 6, 7, 7, 7, 5, 7, 10, 9, 9, 10, 12, 14, 14, 14, 15, 16, 18, 18, 18, 17, 17, 15, 15, 13, 14, 13, 13, 13, 12, 11, 13, 13, 14, 14, 13, 16, 16, 17, 18, 20, 20, 21, 19, 19, 21, 16, 16, 18, 19, 20, 20, 22, 20, 20, 22, 21, 20, 19, 19, 20, 18, 18, 18, 16, 17, 22, 18, 19, 17, 20, 22, 20, 21, 23, 23, 25, 27, 27, 28, 28, 30, 31, 27, 25, 24, 24, 24, 23, 22, 22, 21, 21, 22, 23, 23, 23, 26, 26, 28, 27, 25, 25, 20, 22, 22, 23, 25, 21, 22, 21, 24, 23, 21, 22, 20, 23, 22, 19, 18
PlayersInEachFeedingGame=2, 2, 2, 1, 2, 1, 2, 2, 1, 2, 2, 2, 2, 2, 1, 1, 2, 2, 1, 2, 1, 1, 1, 2, 2, 2, 2, 1, 2, 1, 1, 2, 1, 1, 1, 2, 2, 1, 1, 1, 2, 1, 2, 2, 1, 1, 2, 2, 2, 1, 2, 2, 2, 1, 2, 1, 1, 2, 1, 2, 2, 1, 2, 1, 1, 1, 2, 2, 1, 1, 2, 2, 2, 1, 2, 1, 1, 3, 2, 1, 1, 1, 1, 1, 2, 1, 2, 2, 1, 1, 2, 2, 2, 2, 1, 2, 2, 2, 1, 1, 2, 2, 2, 1, 2, 2, 1, 1, 1, 1, 2, 2, 2, 1, 1, 2, 2, 2, 1, 1, 1, 2, 2, 1, 1, 2, 1, 3, 2, 2, 2, 1, 1, 2, 2, 2, 2, 2, 1, 2, 2, 2, 2, 2, 1, 2, 1, 2, 1, 1, 2, 1, 1, 1, 2, 2, 1, 2, 2, 2, 1, 1, 1, 2, 1, 1, 1, 2, 1, 2, 2, 2, 2, 1, 2, 1, 2, 1, 2, 1, 1, 2, 1, 2, 2, 1, 3, 1, 1, 2, 2, 2, 2, 2, 1, 3, 2, 1, 2, 2, 2, 1
PlayersStarted=232
PlayersQuit=216
StatsStartTime=1241816466070
StatsDumpTime=1241823666549
<<<<EndStats
2009-05-08 16:01:10,899 ERROR: vampire.server.feeding.FeedingRecord sendPlayerStartGameMsg [playerId=430717, prey=true, _predatorIndex=]
2009-05-08 16:01:10,900 ERROR: vampire.server.feeding.FeedingRecord sendPlayerStartGameMsg [playerId=124440, prey=false, _predatorIndex=]
2009-05-08 16:01:22,642 ERROR: vampire.server.feeding.FeedingRecord sendPlayerStartGameMsg [playerId=616423, prey=false, _predatorIndex=]
2009-05-08 16:01:34,660 ERROR: vampire.server.feeding.FeedingRecord sendPlayerStartGameMsg [playerId=616423, prey=false, _predatorIndex=]
2009-05-08 16:03:02,216 ERROR: vampire.server.feeding.FeedingRecord sendPlayerStartGameMsg [playerId=30564, prey=false, _predatorIndex=]
2009-05-08 16:03:10,912 ERROR: vampire.server.feeding.FeedingRecord sendPlayerStartGameMsg [playerId=1255618, prey=true, _predatorIndex=]
2009-05-08 16:03:10,913 ERROR: vampire.server.feeding.FeedingRecord sendPlayerStartGameMsg [playerId=103033, prey=false, _predatorIndex=]
2009-05-08 16:03:16,656 ERROR: vampire.server.feeding.FeedingRecord sendPlayerStartGameMsg [playerId=616423, prey=false, _predatorIndex=30564]
2009-05-08 16:03:27,354 ERROR: vampire.server.feeding.FeedingRecord sendPlayerStartGameMsg [playerId=100219, prey=true, _predatorIndex=]
2009-05-08 16:03:27,355 ERROR: vampire.server.feeding.FeedingRecord sendPlayerStartGameMsg [playerId=206831, prey=false, _predatorIndex=]
2009-05-08 16:03:36,869 ERROR: vampire.server.feeding.FeedingRecord sendPlayerStartGameMsg [playerId=616423, prey=false, _predatorIndex=30564,616423]
2009-05-08 16:05:43,285 ERROR: vampire.server.feeding.FeedingRecord sendPlayerStartGameMsg [playerId=187169, prey=true, _predatorIndex=]
2009-05-08 16:05:43,286 ERROR: vampire.server.feeding.FeedingRecord sendPlayerStartGameMsg [playerId=169345, prey=false, _predatorIndex=]
2009-05-08 16:06:06,983 ERROR: vampire.server.feeding.FeedingRecord sendPlayerStartGameMsg [playerId=187169, prey=true, _predatorIndex=]
2009-05-08 16:06:06,984 ERROR: vampire.server.feeding.FeedingRecord sendPlayerStartGameMsg [playerId=169345, prey=false, _predatorIndex=]
2009-05-08 16:06:10,054 ERROR: vampire.server.feeding.FeedingRecord sendPlayerStartGameMsg [playerId=206831, prey=false, _predatorIndex=]
2009-05-08 16:06:37,607 ERROR: vampire.server.feeding.FeedingRecord sendPlayerStartGameMsg [playerId=124440, prey=true, _predatorIndex=]
2009-05-08 16:06:37,608 ERROR: vampire.server.feeding.FeedingRecord sendPlayerStartGameMsg [playerId=30564, prey=false, _predatorIndex=]
2009-05-08 16:06:43,490 ERROR: vampire.server.feeding.FeedingRecord sendPlayerStartGameMsg [playerId=178724, prey=true, _predatorIndex=]
2009-05-08 16:06:43,491 ERROR: vampire.server.feeding.FeedingRecord sendPlayerStartGameMsg [playerId=206831, prey=false, _predatorIndex=]
2009-05-08 16:07:32,356 ERROR: vampire.server.feeding.FeedingRecord sendPlayerStartGameMsg [playerId=1092321, prey=true, _predatorIndex=]
2009-05-08 16:07:32,357 ERROR: vampire.server.feeding.FeedingRecord sendPlayerStartGameMsg [playerId=1299210, prey=false, _predatorIndex=]
2009-05-08 16:08:01,370 ERROR: vampire.server.feeding.FeedingRecord sendPlayerStartGameMsg [playerId=176400, prey=false, _predatorIndex=]
2009-05-08 16:08:25,693 ERROR: vampire.server.feeding.FeedingRecord sendPlayerStartGameMsg [playerId=616423, prey=true, _predatorIndex=]
2009-05-08 16:08:25,693 ERROR: vampire.server.feeding.FeedingRecord sendPlayerStartGameMsg [playerId=1111437, prey=false, _predatorIndex=]
2009-05-08 16:10:18,426 ERROR: vampire.server.feeding.FeedingRecord sendPlayerStartGameMsg [playerId=178724, prey=true, _predatorIndex=]
2009-05-08 16:10:18,426 ERROR: vampire.server.feeding.FeedingRecord sendPlayerStartGameMsg [playerId=206831, prey=false, _predatorIndex=]
2009-05-08 16:10:51,291 ERROR: vampire.server.feeding.FeedingRecord sendPlayerStartGameMsg [playerId=187169, prey=true, _predatorIndex=]
2009-05-08 16:10:51,291 ERROR: vampire.server.feeding.FeedingRecord sendPlayerStartGameMsg [playerId=169345, prey=false, _predatorIndex=]

