
>>>>BeginStats

>>>>BeginTable
PlayerId, StartTime, EndTime, ProgenyPayout, XPFromFeeding, FeedingGames, MeanFeedingScore, BloodBond, Progeny, GrandProgeny, Sire, Level, Invites
1010692, 1241537032998, 1241537126654, 0, 0, 0, 0, 70997, 15, 14, 70997, 6, 2
1012813, , , 10, 0, 0, 0, 0, 6, 20, 54776, , 
101493, , , 37.7, 0, 0, 0, 0, 2, 1, 52887, , 
1015780, 1241523912773, 1241524068658, 0, 0, 0, 0, 0, 0, 0, 0, 1, 
1023660, 1241534668866, 1241534708896, 0, 0, 0, 0, 0, 0, 0, 0, 1, 
1025753, 1241528201556, 1241528211091, 0, 0, 0, 0, 0, 0, 0, 0, 1, 
1025921, 1241532119200, 1241532426664, 0, 153, 1, 153, 0, 0, 0, 586415, 1, 
10260, 1241533699106, 1241536249643, 0, 4974, 12, 424.6666666666667, 8527, 8, 8, 713, 14, 2
1028907, 1241534491879, 1241535153747, 0, 331, 2, 94.5, 0, 0, 0, 71724, 1, 
1031623, 1241516018790, 1241518913890, 0, 727, 5, 116.6, 0, 0, 0, 0, 2, 
1032648, , , 92.75, 0, 0, 0, 0, 4, 2, 234337, , 
1032874, 1241524717548, 1241525633737, 0, 99, 1, 99, 1090611, 2, 0, 1127083, 4, 
103634, , , 49.8, 0, 0, 0, 0, 1, 2, 369681, , 
104304, , , 157.6, 0, 0, 0, 0, 1, 1, 36377, , 
1056172, 1241535586991, 1241535617978, 0, 0, 0, 0, 0, 0, 0, 0, 1, 
106069, 1241514107560, 1241515047867, 0, 754, 3, 222, 236834, 14, 11, 236834, 7, 1
1062853, , , 112.14999999999999, 0, 0, 0, 0, 9, 16, 1124214, , 
10642, , , 106.35, 0, 0, 0, 0, 30, 8, 351598, , 
1078621, 1241523805838, 1241527393142, 148.60000000000002, 2278, 13, 160.15384615384616, 0, 1, 0, 285205, 3, 
1080004, 1241525160097, 1241525470667, 0, 93, 1, 93, 0, 0, 0, 674637, 1, 
108017, 1241532861909, 1241533446960, 0, 0, 0, 0, 0, 0, 0, 0, 1, 
1084544, 1241524582768, 1241524673859, 0, 0, 0, 0, 0, 0, 0, 543921, 1, 
108722, 1241530042869, 1241530227726, 0, 0, 0, 0, 182501, 1, 0, 54776, 3, 0
1090442, , , 3.3000000000000003, 0, 0, 0, 0, 3, 0, 797824, , 
1090611, 1241520004892, 1241526874892, 140.3, 226, 1, 306, 1032874, 2, 0, 1032648, 4, 
1108399, 1241534091662, 1241535893805, 0, 1240, 10, 105.8, 0, 0, 0, 153097, 2, 
1110484, 1241530478203, 1241530558070, 0, 1003, 4, 220.25, 153097, 0, 0, 153097, 4, 
1113643, 1241523067531, 1241523953827, 0, 1011, 8, 134.875, 0, 0, 0, 0, 2, 
111646, 1241529401711, 1241529570787, 0, 0, 0, 0, 0, 0, 0, 0, 1, 
1122449, , , 72.55, 0, 0, 0, 0, 10, 2, 555728, , 
1127083, 1241515594868, 1241518317310, 242.5, 1270, 7, 241.14285714285714, 998652, 18, 3, 998652, 5, 1
112883, 1241520196412, 1241520210093, 0, 0, 0, 0, 0, 0, 0, 0, 1, 
1129419, 1241511631636, 1241511821147, 0, 0, 0, 0, 0, 0, 0, 0, 1, 
113127, , , 114.10000000000001, 0, 0, 0, 0, 2, 4, 156956, , 
1131319, 1241520329746, 1241523083040, 0, 107, 1, 97, 0, 0, 0, 432820, 1, 
113237, , , 5.8500000000000005, 0, 0, 0, 0, 1, 5, 10642, , 
1133060, 1241513645701, 1241513954334, 0, 91, 1, 91, 0, 0, 0, 0, 1, 
1135140, 1241522472154, 1241522631740, 0, 0, 0, 0, 0, 0, 0, 998652, 1, 
1139795, 1241528711288, 1241530055534, 0, 484, 3, 152, 0, 0, 0, 71724, 1, 
1140626, 1241529638584, 1241531000143, 12.100000000000001, 1346, 7, 178.85714285714286, 0, 1, 0, 438751, 2, 
1144061, 1241534445371, 1241535210671, 0, 816, 3, 266, 0, 0, 0, 3811, 2, 
1152820, 1241529335964, 1241529468174, 0, 0, 0, 0, 0, 0, 0, 0, 1, 
1152919, 1241531215592, 1241531293450, 0, 0, 0, 0, 0, 0, 0, 0, 1, 
1155030, 1241513807655, 1241513884883, 0, 0, 0, 0, 0, 0, 0, 0, 1, 
1156130, 1241535576800, , 0, 0, 0, 0, 0, 0, 0, 586415, 1, 0
11600, 1241535500137, 1241535893807, 0, 0, 0, 0, 497122, 6, 0, 171581, 7, 7
1160142, 1241532355771, 1241533917913, 0, 1223, 8, 151.75, 0, 0, 0, 0, 2, 
1160201, 1241532296258, 1241533910847, 0, 1069, 7, 145.71428571428572, 0, 0, 0, 0, 2, 
116627, , , 21.400000000000002, 0, 0, 0, 0, 2, 1, 298388, , 
117178, 1241535627670, 1241536453642, 0, 797, 5, 155.4, 0, 0, 0, 533, 2, 
1176163, 1241517082688, 1241517659523, 0, 382, 1, 91, 0, 0, 0, 8938, 1, 
1182151, 1241511894464, 1241514833891, 0, 563, 5, 108.4, 0, 0, 0, 2606, 2, 
118454, 1241513944251, 1241514787593, 0, 250, 2, 125, 0, 0, 0, 510740, 1, 0
1185449, 1241511586021, 1241514707679, 0, 147, 1, 125, 0, 0, 0, 22308, 2, 
1187382, 1241526652827, 1241528271428, 0, 668, 3, 146.33333333333334, 0, 0, 0, 438751, 1, 
1190111, 1241529299322, 1241529299816, 0, 0, 0, 0, 0, 0, 0, 0, 1, 
119103, 1241534476955, 1241534613923, 0, 0, 0, 0, 0, 0, 0, 0, 1, 
1191860, 1241530638930, 1241530651706, 0, 0, 0, 0, 0, 0, 0, 0, 1, 
1192337, , , 165.55, 0, 0, 0, 0, 15, 15, 1012813, , 
1193805, 1241526007086, , 0, 0, 0, 0, 0, 0, 0, 0, 1, 0
12, , , 977.5499999999997, 0, 0, 0, 0, 20, 72, 383387, , 
120076, , , 209.70000000000002, 0, 0, 0, 0, 11, 0, 34987, , 
1203484, 1241533087450, 1241533776502, 0, 344, 3, 119.66666666666667, 0, 0, 0, 30152, 2, 
1204321, 1241534446865, 1241535653809, 0, 2740, 16, 123.625, 0, 0, 0, 438751, 2, 
1204540, 1241531918081, 1241533432628, 0, 1486, 7, 158, 0, 0, 0, 1078621, 2, 
1206590, 1241529716011, 1241530094209, 0, 55, 2, 9, 0, 0, 0, 0, 1, 
1223973, 1241523471616, 1241524240541, 0, 350, 2, 175, 0, 0, 0, 0, 1, 
1224463, 1241535841412, 1241535953798, 0, 0, 0, 0, 0, 0, 0, 0, 1, 
122907, , , 182.9, 0, 0, 0, 0, 6, 10, 251062, , 
1230390, 1241512061271, 1241513597514, 0, 336, 3, 99.33333333333333, 0, 0, 0, 0, 1, 
1234445, 1241535310472, 1241535940356, 0, 87, 1, 78, 0, 0, 0, 0, 1, 
1237789, 1241534383445, 1241535289148, 0, 4012, 13, 381.9230769230769, 0, 1, 2, 510740, 4, 
1238948, 1241522388517, 1241522697828, 0, 94, 1, 92, 0, 0, 0, 0, 1, 
1241345, 1241522630784, 1241522666929, 0, 0, 0, 0, 0, 0, 0, 0, 1, 
1241515, 1241513058461, 1241513259020, 0, 0, 0, 0, 0, 0, 0, 153097, 1, 
1242805, 1241535450853, 1241535782577, 0, 163, 1, 146, 0, 0, 0, 71724, 1, 
1243016, 1241520403738, 1241520492202, 0, 0, 0, 0, 0, 0, 0, 0, 1, 
1243546, 1241535928920, 1241536680067, 0, 430, 4, 107.5, 0, 0, 0, 0, 1, 
1244409, 1241525573867, 1241525674817, 0, 0, 0, 0, 0, 0, 0, 0, 1, 
1245027, 1241533239291, 1241533871259, 0, 228, 2, 114, 0, 0, 0, 0, 1, 
124585, 1241527054750, 1241528366823, 0, 457, 3, 170, 0, 5, 7, 143278, 7, 1
1247243, 1241523018884, 1241523420705, 0, 126, 1, 126, 0, 0, 0, 0, 1, 
1248533, 1241534962167, 1241535083479, 0, 0, 0, 0, 0, 0, 0, 0, 1, 
1249006, 1241525325092, 1241525344687, 0, 0, 0, 0, 0, 0, 0, 0, 1, 
1249425, 1241529863277, 1241531376733, 0, 878, 7, 128, 0, 0, 0, 0, 1, 
1251906, 1241534373682, 1241534571611, 0, 353, 1, 133, 0, 0, 0, 162239, 1, 
1252375, 1241527061790, 1241527138249, 0, 0, 0, 0, 0, 0, 0, 217283, 1, 
1254072, 1241525736949, 1241525858243, 0, 0, 0, 0, 0, 0, 0, 0, 2, 
1255618, 1241522003542, 1241523872025, 0, 969, 9, 108.66666666666667, 0, 0, 0, 206148, 2, 
1257485, 1241536002404, 1241536984266, 0, 475, 4, 117, 0, 0, 0, 147800, 1, 
1259111, 1241515511878, 1241517562139, 0, 1670, 14, 109.71428571428571, 0, 0, 0, 546821, 2, 
1259194, 1241512615390, 1241512660174, 0, 0, 0, 0, 0, 0, 0, 0, 1, 
1259307, 1241513104635, 1241513153878, 0, 0, 0, 0, 0, 0, 0, 0, 1, 
1260053, 1241514327371, 1241514413932, 0, 0, 0, 0, 0, 0, 0, 1127083, 1, 
1260498, 1241516594372, 1241516619863, 0, 0, 0, 0, 0, 0, 0, 0, 1, 
1261187, 1241520220030, 1241521077956, 0, 211, 2, 105.5, 0, 0, 0, 0, 1, 
1261213, 1241521420248, 1241521493861, 0, 0, 0, 0, 0, 0, 0, 0, 1, 
1262369, 1241526370434, 1241526370777, 0, 0, 0, 0, 0, 0, 0, 0, 1, 
1262824, 1241526354390, 1241526473915, 0, 0, 0, 0, 0, 0, 0, 0, 1, 
1263194, 1241533130713, 1241533142096, 0, 0, 0, 0, 0, 0, 0, 0, 1, 
1263300, 1241534457932, 1241534465769, 0, 0, 0, 0, 0, 0, 0, 0, 1, 
1263376, 1241532509226, 1241533217483, 0, 374, 2, 160.5, 0, 0, 0, 298235, 1, 
1263573, 1241528372263, 1241528573866, 0, 0, 0, 0, 0, 0, 0, 0, 1, 
1264261, 1241530307161, 1241530644935, 0, 0, 0, 0, 0, 0, 0, 0, 1, 
126451, , , 53.35000000000001, 0, 0, 0, 0, 3, 1, 77874, , 
1264653, 1241531624668, 1241532341778, 0, 423, 4, 105.75, 0, 0, 0, 0, 1, 
1264847, 1241531991405, 1241532610850, 0, 153, 1, 153, 0, 0, 0, 0, 1, 
1265, 1241523605700, 1241524063375, 0, 0, 0, 0, 713, 15, 35, 12, 16, 3
1265785, 1241534543285, 1241534567699, 0, 0, 0, 0, 0, 0, 0, 0, 1, 
1265993, 1241535364336, 1241535701044, 0, 141, 1, 126, 0, 0, 0, 0, 1, 
1266099, 1241535943527, 1241535993720, 0, 0, 0, 0, 0, 0, 0, 0, 1, 
1266572, 1241536399649, 1241536449503, 0, 0, 0, 0, 0, 0, 0, 1137484, 1, 
127017, 1241531715787, 1241531863335, 0, 0, 0, 0, 0, 0, 0, 142264, 1, 
12770, , , 347.20000000000005, 0, 0, 0, 0, 23, 38, 383387, , 
12791, 1241524678753, 1241525315232, 0, 1489, 3, 275.3333333333333, 0, 13, 22, 12, 12, 2
128794, , , 7.75, 0, 0, 0, 0, 1, 4, 93202, , 
131311, 1241533807902, 1241534187939, 0, 255, 2, 134, 0, 0, 0, 0, 1, 
132334, , , 12.25, 0, 0, 0, 0, 3, 2, 66842, , 
133336, 1241520610667, 1241520634460, 0, 0, 0, 0, 0, 0, 0, 317383, 1, 0
137000, , , 22.85, 0, 0, 0, 0, 1, 8, 164466, , 
142070, 1241531833075, 1241532380996, 0, 0, 0, 0, 0, 0, 0, 510740, 1, 
143278, , , 45.7, 0, 0, 0, 0, 8, 5, 137000, , 
143538, , , 147.65, 0, 0, 0, 0, 2, 21, 1531, , 
14467, 1241525594274, 1241527599114, 100.9, 5799, 30, 185.23333333333332, 0, 2, 0, 58859, 3, 
147800, 1241535325589, , 10.600000000000001, 469, 4, 88, 0, 1, 0, 156489, 1, 0
149666, 1241526918046, 1241527431077, 0, 411, 3, 124.33333333333333, 0, 0, 0, 297654, 2, 0
149684, 1241520895387, 1241521145379, 0, 0, 0, 0, 0, 3, 5, 184167, 5, 5
153097, , , 224.29999999999998, 0, 0, 0, 0, 16, 0, 1062853, , 
154004, , , 113.90000000000002, 0, 0, 0, 0, 8, 6, 90041, , 
155376, , , 228.20000000000002, 0, 0, 0, 0, 4, 2, 113127, , 
156489, 1241535000311, 1241535968544, 52.2, 1760, 5, 337.2, 154238, 13, 23, 713, 9, 1
156502, 1241532180551, 1241532219911, 0, 0, 0, 0, 0, 0, 0, 0, 1, 
158892, 1241526119792, 1241526177842, 0, 0, 0, 0, 0, 0, 0, 224560, 1, 
162239, , , 35.300000000000004, 0, 0, 0, 0, 2, 0, 192883, , 
163914, , , 185.2, 0, 0, 0, 0, 2, 1, 227953, , 
164243, , , 15.5, 0, 0, 0, 0, 4, 1, 128794, , 
166, , , 81.4, 0, 0, 0, 0, 5, 1, 578, , 
166371, , , 610.2, 0, 0, 0, 0, 4, 4, 267622, , 
168426, 1241534715570, 1241535921003, 0, 155, 1, 149, 0, 1, 0, 164243, 4, 0
170191, , , 157.70000000000002, 0, 0, 0, 0, 3, 7, 202873, , 
171513, 1241531137826, 1241532588290, 0, 1577, 5, 294, 0, 7, 7, 170191, 11, 2
174092, 1241513355546, 1241517287751, 0, 204, 2, 126, 0, 0, 0, 562060, 3, 
181253, 1241524791349, 1241525320102, 0, 498, 2, 190.5, 0, 2, 0, 103634, 6, 3
181738, 1241515278082, 1241517084626, 20.55, 0, 0, 0, 0, 5, 4, 12791, 7, 5
182454, 1241524835109, 1241524869670, 0, 0, 0, 0, 0, 0, 0, 99877, 3, 0
184475, 1241532382256, 1241532835064, 0, 428, 2, 263.5, 293092, 4, 4, 206912, 7, 6
185295, , , 15.5, 0, 0, 0, 0, 1, 1, 113546, , 
186441, 1241531824041, 1241531847757, 0, 0, 0, 0, 0, 0, 0, 171222, 1, 0
190687, , , 747.4000000000001, 0, 0, 0, 0, 7, 2, 383937, , 
192104, 1241512775131, 1241513874610, 0, 570, 4, 111.25, 0, 0, 0, 1127083, 1, 
192883, , , 17.650000000000002, 0, 0, 0, 0, 8, 2, 210210, , 
196462, , , 7.1000000000000005, 0, 0, 0, 0, 2, 10, 392944, , 
1975, 1241511759176, 1241513854100, 0, 209, 2, 141.5, 0, 0, 0, 0, 1, 
198149, , , 45.25000000000001, 0, 0, 0, 0, 1, 7, 380604, , 
199246, 1241527577059, 1241527996994, 0, 257, 2, 107, 0, 0, 0, 8938, 1, 
199427, , , 747.9000000000002, 0, 0, 0, 0, 1, 3, 208602, , 
20260, , , 54.650000000000006, 0, 0, 0, 0, 4, 26, 12, , 
202873, , , 78.85000000000001, 0, 0, 0, 0, 1, 3, 341164, , 
203784, , , 31, 0, 0, 0, 0, 1, 0, 185295, , 
206148, 1241524169214, 1241524858564, 96.89999999999999, 241, 2, 112, 0, 1, 0, 1122449, 3, 
206912, , , 42.800000000000004, 0, 0, 0, 0, 1, 4, 116627, , 
208085, 1241536620843, , 0, 1852, 9, 160, 0, 1, 0, 163914, 3, 0
208602, , , 373.9500000000001, 0, 0, 0, 0, 1, 1, 351626, , 
208716, 1241534740771, 1241535413877, 0, 155, 1, 160, 0, 0, 0, 323132, 3, 0
210163, , , 1418.7499999999995, 0, 0, 0, 0, 12, 9, 255725, , 
217283, , , 7.75, 0, 0, 0, 0, 56, 4, 57393, , 
22308, , , 14.700000000000001, 0, 0, 0, 0, 5, 0, 775158, , 
223494, , , 213.8, 0, 0, 0, 0, 1, 1, 179687, , 
227953, , , 92.6, 0, 0, 0, 0, 3, 2, 320570, , 
228890, 1241513919872, 1241514028051, 0, 563, 5, 137.8, 0, 0, 0, 0, 1, 
230164, 1241511592645, 1241523649961, 0, 14948, 21, 700.4285714285714, 510740, 11, 9, 250837, 19, 2
23340, 1241533477698, 1241533496553, 0, 0, 0, 0, 0, 10, 14, 383387, 20, 11
234337, , , 11.3, 0, 0, 0, 0, 5, 4, 97523, , 
236834, , , 75.4, 0, 0, 0, 0, 1, 14, 101493, , 
240287, 1241513982196, 1241514299351, 0, 0, 0, 0, 0, 0, 0, 0, 1, 
247929, 1241529550235, 1241530846879, 0, 1576, 8, 135.75, 0, 1, 0, 104304, 2, 0
250837, , , 1494.8000000000002, 0, 0, 0, 0, 1, 11, 190687, , 
251062, , , 91.45, 0, 0, 0, 0, 6, 17, 296361, , 
251792, 1241517353367, 1241517649140, 0, 117, 1, 117, 0, 0, 0, 0, 1, 
255725, , , 592.7499999999998, 0, 0, 0, 0, 1, 12, 309124, , 
259344, , , 314, 0, 0, 0, 0, 21, 1, 143538, , 
2606, , , 56.300000000000004, 0, 0, 0, 0, 8, 0, 307471, , 
267006, 1241527448117, 1241529047302, 0, 283, 1, 111, 0, 0, 0, 438751, 1, 
267622, , , 305.1, 0, 0, 0, 0, 2, 4, 1632, , 
269484, 1241519718558, 1241526833955, 0, 6102, 22, 323.6363636363636, 1124156, 4, 0, 166371, 6, 1
285205, , , 302.1, 0, 0, 0, 0, 6, 1, 154004, , 
288468, 1241524070314, 1241524878400, 0, 599, 2, 110.5, 0, 1, 0, 79942, 4, 1
288747, 1241534841169, 1241535953800, 0, 0, 0, 0, 0, 0, 0, 88976, 3, 0
291808, 1241534502401, 1241534778096, 0, 0, 0, 0, 0, 0, 0, 0, 1, 
297654, , , 41.1, 0, 0, 0, 0, 4, 1, 181738, , 
298229, 1241533327019, 1241533553879, 0, 814, 3, 218, 0, 1, 1, 166, 3, 0
298235, 1241530267809, 1241533073904, 37.400000000000006, 2953, 12, 200.91666666666666, 0, 1, 0, 259344, 4, 0
300349, 1241526095238, 1241527745522, 0, 779, 4, 100.25, 0, 0, 0, 217283, 1, 
30152, , , 34.400000000000006, 0, 0, 0, 0, 4, 0, 40683, , 
3024, 1241525912763, 1241527390558, 0, 1642, 9, 126.44444444444444, 0, 0, 0, 1090611, 2, 
30534, 1241529776318, 1241530150037, 0, 310, 2, 134.5, 0, 0, 0, 203784, 2, 0
307471, , , 32.75, 0, 0, 0, 0, 2, 18, 12, , 
313682, 1241525893361, 1241526051552, 0, 187, 1, 142, 0, 1, 0, 510740, 1, 0
31590, 1241534060905, , 0, 2282, 11, 206.8181818181818, 293721, 2, 1, 155376, 4, 0
320453, 1241533843053, 1241534263703, 0, 149, 1, 97, 0, 0, 0, 0, 1, 
323132, , , 15.5, 0, 0, 0, 0, 4, 0, 217283, , 
32314, 1241512958019, 1241514102774, 0, 0, 0, 0, 635003, 10, 14, 40508, 13, 2
323961, 1241513980782, 1241514292223, 0, 0, 0, 0, 0, 0, 0, 336524, 1, 
333608, 1241535487916, 1241535498738, 0, 0, 0, 0, 0, 2, 0, 5212, 7, 3
336228, , , 114.10000000000002, 0, 0, 0, 0, 10, 14, 307471, , 
336694, 1241532492724, 1241534857083, 0, 1333, 7, 209.42857142857142, 0, 0, 0, 338481, 4, 0
338409, 1241526049587, 1241526448460, 0, 485, 2, 242.5, 0, 5, 4, 65584, 6, 3
338481, , , 133.3, 0, 0, 0, 0, 5, 0, 370695, , 
340529, 1241527941555, 1241528288419, 0, 0, 0, 0, 0, 0, 0, 0, 1, 0
34127, 1241535213926, 1241535540780, 0, 92, 1, 87, 0, 0, 0, 336228, 3, 0
34987, , , 115.75000000000001, 0, 0, 0, 0, 2, 12, 8842, , 
351430, , , 209.80000000000004, 0, 0, 0, 0, 11, 28, 336228, , 
351626, , , 24.25, 0, 0, 0, 0, 7, 8, 183403, , 
35568, 1241527883144, 1241527973833, 0, 0, 0, 0, 438751, 2, 27, 258951, 4, 
359234, 1241513558649, 1241515428238, 0, 1063, 7, 137.42857142857142, 0, 0, 0, 54776, 2, 
363172, 1241514588483, 1241515110408, 0, 0, 0, 0, 0, 0, 0, 600946, 2, 0
36377, , , 78.8, 0, 0, 0, 0, 4, 1, 453809, , 
369681, , , 24.9, 0, 0, 0, 0, 2, 1, 1704, , 
370695, , , 66.65, 0, 0, 0, 0, 3, 5, 130627, , 
377904, , , 24.5, 0, 0, 0, 0, 1, 2, 132334, , 
380604, , , 7.65, 0, 0, 0, 0, 4, 2, 375444, , 
3811, , , 81.60000000000001, 0, 0, 0, 0, 2, 0, 452296, , 
383387, , , 248.05000000000004, 0, 0, 0, 0, 7, 56, 0, , 
39030, 1241537014308, , 0, 71, 1, 142, 10850, 10, 6, 196462, 6, 2
392358, 1241521161821, 1241521244349, 0, 0, 0, 0, 0, 0, 0, 308755, 1, 0
392944, , , 3.5500000000000003, 0, 0, 0, 0, 2, 2, 206649, , 
396113, , , 692.8999999999999, 0, 0, 0, 0, 2, 9, 44987, , 
401464, 1241529556639, 1241529713899, 0, 0, 0, 0, 0, 0, 0, 0, 1, 0
403501, 1241531710280, 1241532006456, 0, 0, 0, 0, 0, 6, 3, 124503, 11, 3
40683, , , 17.200000000000003, 0, 0, 0, 0, 1, 4, 388185, , 
413580, , , 44.60000000000001, 0, 0, 0, 0, 4, 1, 94072, , 
4139, 1241523992111, 1241525278847, 76.30000000000001, 4316, 8, 507.375, 44987, 21, 23, 713, 17, 3
415271, 1241522780601, 1241523091092, 0, 0, 0, 0, 0, 10, 2, 66689, 4, 0
430104, 1241531585342, 1241532159817, 0, 473, 1, 644, 680154, 3, 0, 508617, 5, 2
43402, 1241521322298, 1241521330637, 0, 0, 0, 0, 29810, 11, 13, 123961, 11, 3
438751, 1241531797600, 1241533376620, 472.55000000000007, 11855, 41, 339.4878048780488, 35568, 9, 2, 210163, 7, 1
445660, , , 1005.2500000000001, 0, 0, 0, 0, 4, 8, 54812, , 
447249, 1241536250809, , 0, 7479, 16, 631.375, 10642, 3, 3, 199427, 14, 2
44987, 1241522662588, 1241525393772, 206.64999999999998, 3472, 6, 749, 4139, 17, 18, 12770, 14, 2
45101, 1241530535035, 1241530862466, 0, 184, 1, 184, 0, 0, 0, 0, 1, 
452296, , , 40.800000000000004, 0, 0, 0, 0, 9, 2, 103144, , 
457756, 1241523704504, 1241523814186, 0, 0, 0, 0, 0, 1, 0, 415271, 4, 0
468188, 1241533774657, 1241533786327, 0, 2098, 12, 193.25, 0, 19, 5, 351430, 6, 17
49013, 1241528618400, 1241530853518, 0, 1105, 9, 116.55555555555556, 0, 0, 0, 1140626, 2, 
497122, 1241534803947, 1241535175116, 0, 150, 1, 211, 11600, 14, 7, 82321, 8, 12
502119, , , 151.10000000000002, 0, 0, 0, 0, 9, 5, 22707, , 
503, , , 497.40000000000003, 0, 0, 0, 0, 5, 1, 12, , 
503978, 1241536100540, 1241536728880, 0, 0, 0, 0, 0, 0, 0, 0, 1, 
508617, , , 47.300000000000004, 0, 0, 0, 0, 3, 3, 510740, , 
510740, 1241511613247, 1241523982850, 499.24999999999994, 14948, 21, 722.6190476190476, 230164, 69, 46, 534632, 20, 19
512737, 1241535798789, , 137.9, 1889, 7, 353.2857142857143, 433908, 1, 0, 445660, 4, 0
5153, 1241512181048, 1241513823866, 0, 549, 3, 226, 0, 1, 0, 995, 8, 1
519716, 1241536153136, , 0, 431, 3, 144.66666666666666, 0, 1, 0, 71724, 2, 0
52350, 1241518295315, 1241518642430, 0, 2818, 10, 212, 0, 2, 0, 674637, 4, 
53030, 1241531801737, 1241532544543, 0, 1829, 4, 689.5, 501908, 10, 6, 122907, 13, 3
533, , , 79.70000000000002, 0, 0, 0, 0, 9, 0, 20260, , 
534632, , , 1732.6000000000001, 0, 0, 0, 0, 7, 69, 445660, , 
541655, , , 138.65000000000003, 0, 0, 0, 0, 1, 20, 126451, , 
54584, 1241534413600, 1241535121856, 0, 230, 2, 84, 0, 0, 0, 14467, 1, 
546821, 1241511597228, , 166.99999999999997, 222, 2, 116.5, 0, 1, 0, 1127083, 2, 0
54776, 1241522536993, 1241522818757, 263.20000000000005, 296, 2, 198.5, 0, 74, 32, 89757, 15, 3
54812, , , 94.45, 0, 0, 0, 0, 5, 4, 11315, , 
548980, 1241516448850, 1241517441874, 0, 763, 6, 112.5, 0, 0, 0, 4139, 2, 
551704, 1241529958223, 1241529990082, 0, 0, 0, 0, 0, 0, 0, 0, 1, 
555728, , , 12.05, 0, 0, 0, 0, 16, 10, 1101, , 
560243, 1241516709757, 1241517420340, 0, 307, 2, 190, 616590, 0, 0, 510740, 4, 0
562060, , , 20.400000000000002, 0, 0, 0, 0, 5, 0, 592692, , 
56670, 1241521649011, 1241521913850, 0, 0, 0, 0, 0, 0, 0, 0, 1, 
568161, 1241535918662, 1241537050170, 0, 1379, 5, 172.6, 0, 0, 0, 512737, 2, 0
57717, , , 7.5, 0, 0, 0, 0, 4, 6, 110178, , 
578, , , 40.7, 0, 0, 0, 0, 1, 5, 12770, , 
58429, , , 212.7, 0, 0, 0, 0, 7, 1, 10642, , 
58859, 1241523499898, 1241523754374, 609.65, 4133, 17, 326.4117647058824, 43017, 9, 6, 396113, 14, 2
592692, , , 10.200000000000001, 0, 0, 0, 0, 8, 5, 283305, , 
60678, 1241537121588, , 0, 245, 1, 349, 0, 2, 1, 377904, 6, 3
609830, 1241527398290, 1241528811608, 0, 2097, 8, 210.625, 0, 0, 0, 120076, 4, 
616423, 1241536489057, , 0, 2127, 12, 155.58333333333334, 0, 1, 0, 58429, 3, 0
626474, 1241528366341, 1241528591444, 0, 109, 1, 124, 0, 1, 0, 34987, 2, 
63415, , , 40.2, 0, 0, 0, 0, 7, 1, 8938, , 
634607, 1241513678098, 1241517063555, 0, 1569, 6, 276, 0, 2, 2, 54776, 4, 
65584, , , 48.5, 0, 0, 0, 0, 4, 5, 351626, , 
674637, 1241534723196, 1241535092429, 291.1, 200, 1, 224, 0, 11, 3, 1192337, 5, 1
70557, , , 302.20000000000005, 0, 0, 0, 0, 5, 24, 502119, , 
713, 1241535901932, 1241536897774, 1166.6000000000001, 0, 0, 0, 1265, 11, 68, 12, 18, 6
71724, 1241534479318, , 86, 4276, 14, 246.14285714285714, 3200, 19, 5, 94103, 12, 4
7314, 1241534940326, 1241534990283, 0, 0, 0, 0, 0, 8, 5, 5842, 10, 2
73961, 1241525720771, 1241525911472, 0, 274, 1, 117, 0, 0, 0, 438751, 1, 
764869, 1241528101889, 1241528214370, 0, 0, 0, 0, 0, 0, 0, 0, 1, 
77, 1241519377565, 1241519408769, 0, 0, 0, 0, 171151, 11, 2, 12770, 14, 2
775158, , , 7.3500000000000005, 0, 0, 0, 0, 1, 5, 929303, , 
785685, 1241525825042, 1241525840709, 0, 0, 0, 0, 0, 0, 0, 153097, 1, 
787878, 1241530894534, 1241530904890, 0, 0, 0, 0, 0, 0, 0, 0, 1, 
787938, 1241528124583, 1241528196811, 0, 0, 0, 0, 0, 0, 0, 203820, 1, 
793701, 1241535285230, 1241535619085, 0, 98, 1, 98, 0, 0, 0, 0, 1, 
797824, , , 1.6500000000000001, 0, 0, 0, 0, 15, 3, 82321, , 
79942, 1241535181886, 1241537097517, 59.900000000000006, 153, 2, 119.5, 633051, 7, 5, 198149, 6, 2
82321, , , 15, 0, 0, 0, 0, 6, 29, 57717, , 
849967, 1241531983909, 1241532236144, 0, 117, 1, 117, 0, 0, 0, 865399, 1, 
8527, 1241534110580, 1241536046269, 0, 4974, 12, 403.6666666666667, 10260, 1, 0, 503, 8, 1
865399, , , 11.700000000000001, 0, 0, 0, 0, 5, 0, 113237, , 
875917, 1241515625735, 1241515906197, 0, 102, 1, 50, 0, 0, 0, 0, 1, 
87714, 1241524780258, 1241524878909, 0, 0, 0, 0, 0, 9, 3, 351430, 9, 6
8842, , , 5.45, 0, 0, 0, 0, 12, 5, 1531, , 
892403, 1241528152252, 1241528614418, 0, 402, 2, 123, 0, 0, 0, 63415, 1, 
8938, 1241516761449, 1241517806905, 84.00000000000001, 1067, 3, 580.6666666666666, 0, 20, 8, 541655, 6, 1
895543, 1241522489137, 1241522899193, 0, 77, 1, 77, 0, 0, 0, 0, 1, 
89757, , , 161.20000000000002, 0, 0, 0, 0, 3, 74, 20260, , 
900329, 1241522980687, 1241524022637, 0, 3022, 7, 467.7142857142857, 1084285, 24, 5, 70557, 9, 2
900505, 1241513102849, 1241517887087, 0, 33, 1, 33, 0, 0, 0, 1090442, 2, 
915816, 1241525428828, 1241526086230, 0, 0, 0, 0, 0, 0, 0, 0, 1, 
917768, 1241520722434, 1241522318056, 0, 1632, 8, 204, 0, 0, 0, 0, 2, 
91808, 1241535133006, 1241535963206, 0, 446, 4, 162.25, 0, 1, 3, 413580, 6, 2
926905, 1241528262160, 1241528272157, 0, 0, 0, 0, 0, 0, 0, 0, 1, 
929722, 1241528861389, 1241529219899, 0, 0, 0, 0, 0, 0, 0, 0, 1, 
93532, 1241534536788, 1241534543048, 0, 0, 0, 0, 0, 0, 0, 0, 1, 
94072, , , 22.300000000000004, 0, 0, 0, 0, 3, 4, 96987, , 
94103, , , 470.59999999999997, 0, 0, 0, 0, 1, 19, 223494, , 
947832, 1241516097891, 1241517046907, 0, 296, 2, 91, 0, 0, 0, 1127083, 1, 
95443, 1241528014051, 1241528358844, 0, 0, 0, 0, 0, 0, 0, 106231, 1, 
98232, 1241516482361, 1241517046436, 0, 403, 2, 110.5, 0, 0, 0, 1127083, 1, 
990799, , , 63.50000000000001, 0, 0, 0, 0, 5, 3, 836417, , 
995, , , 54.900000000000006, 0, 0, 0, 0, 12, 1, 12, , 
998652, , , 206.5, 0, 0, 0, 0, 3, 18, 990799, , 
<<<<EndTable

PlayersOnlineNow=13
PlayersOnlineEachMinute=0, 2, 6, 6, 7, 8, 8, 9, 9, 10, 10, 11, 11, 11, 11, 11, 11, 11, 11, 11, 11, 12, 13, 12, 13, 14, 15, 17, 16, 16, 16, 17, 17, 16, 18, 18, 19, 20, 21, 19, 16, 19, 17, 18, 17, 18, 18, 16, 16, 14, 14, 15, 15, 14, 14, 13, 12, 11, 12, 11, 10, 11, 11, 12, 12, 11, 11, 12, 14, 15, 14, 14, 14, 13, 13, 13, 13, 14, 14, 14, 14, 14, 15, 16, 16, 16, 16, 17, 18, 19, 18, 18, 16, 15, 15, 15, 15, 14, 15, 13, 13, 11, 10, 9, 9, 8, 7, 7, 7, 7, 7, 7, 6, 7, 6, 6, 6, 6, 6, 5, 5, 5, 4, 4, 3, 3, 3, 3, 3, 3, 3, 4, 3, 3, 3, 3, 3, 4, 4, 4, 5, 5, 6, 6, 6, 7, 7, 9, 9, 9, 7, 8, 7, 7, 8, 8, 9, 11, 11, 10, 10, 8, 7, 7, 7, 8, 8, 7, 7, 8, 8, 8, 8, 8, 7, 8, 8, 8, 9, 9, 9, 10, 10, 14, 14, 13, 14, 12, 13, 12, 10, 11, 12, 11, 11, 11, 11, 11, 11, 11, 12, 12, 12, 13, 12, 12, 11, 12, 11, 9, 10, 11, 10, 10, 10, 10, 10, 10, 11, 11, 12, 14, 15, 11, 11, 12, 11, 11, 12, 12, 10, 9, 9, 8, 7, 10, 9, 10, 10, 9, 11, 10, 12, 12, 14, 13, 13, 13, 14, 13, 13, 13, 14, 14, 14, 14, 12, 13, 13, 15, 15, 14, 14, 13, 13, 11, 12, 11, 12, 12, 12, 11, 12, 12, 13, 13, 13, 15, 14, 12, 11, 11, 12, 11, 10, 10, 9, 10, 10, 11, 11, 11, 10, 10, 10, 8, 9, 9, 12, 11, 11, 10, 11, 10, 11, 12, 12, 13, 13, 12, 12, 11, 10, 13, 12, 12, 12, 14, 13, 12, 11, 11, 10, 9, 8, 7, 6, 8, 8, 8, 9, 8, 8, 6, 6, 8, 8, 9, 11, 12, 13, 15, 14, 14, 14, 16, 15, 15, 16, 15, 17, 15, 14, 14, 14, 14, 14, 14, 14, 13, 15, 14, 15, 14, 15, 13, 13, 11, 11, 11, 12, 10, 12, 10, 9, 10, 12, 12, 11, 10, 10, 13, 16, 20, 19, 19, 19, 21, 21, 21, 22, 20, 21, 19, 17, 18, 18, 19, 21, 21, 22, 23, 21, 20, 20, 19, 18, 18, 16, 15, 16, 16, 16, 16, 16, 17, 16, 16, 16, 17, 15, 15, 15, 14, 14, 15, 14, 13, 13, 13
PlayersInEachFeedingGame=2, 2, 2, 2, 2, 1, 1, 2, 2, 2, 2, 2, 1, 2, 3, 3, 1, 2, 2, 2, 1, 2, 1, 1, 1, 1, 2, 1, 1, 2, 1, 2, 1, 1, 1, 1, 1, 2, 1, 1, 1, 1, 2, 2, 2, 2, 2, 1, 3, 2, 1, 2, 2, 2, 2, 2, 2, 2, 2, 2, 2, 2, 1, 2, 2, 1, 1, 1, 1, 1, 1, 1, 1, 1, 1, 1, 1, 1, 2, 1, 1, 1, 1, 2, 1, 1, 1, 1, 1, 1, 1, 1, 2, 1, 1, 1, 1, 1, 2, 1, 1, 1, 2, 1, 1, 1, 2, 2, 2, 2, 2, 2, 2, 1, 1, 1, 2, 1, 2, 2, 1, 2, 1, 1, 1, 1, 1, 1, 2, 2, 1, 2, 2, 1, 1, 1, 2, 2, 1, 2, 3, 3, 2, 2, 1, 1, 2, 2, 2, 1, 1, 1, 1, 2, 1, 2, 2, 2, 2, 2, 2, 2, 1, 2, 2, 1, 1, 2, 2, 2, 2, 2, 1, 2, 2, 1, 2, 2, 2, 2, 2, 1, 1, 2, 2, 2, 2, 2, 2, 1, 2, 1, 1, 2, 1, 1, 1, 2, 1, 2, 2, 1, 2, 2, 1, 1, 2, 2, 2, 2, 2, 2, 2, 2, 2, 2, 2, 2, 1, 1, 2, 3, 1, 2, 2, 1, 1, 1, 1, 1, 1, 2, 2, 2, 1, 1, 2, 2, 3, 1, 1, 1, 1, 2, 2, 2, 1, 1, 2, 1, 2, 2, 2, 2, 2, 1, 1, 2, 2, 2, 2, 2, 1, 3, 1, 1, 2, 2, 2, 2, 2, 1, 2, 2, 2, 1, 1, 2, 2, 1, 2, 2, 2, 1, 2, 2, 2, 2, 2, 2, 1, 2, 2, 2
PlayersStarted=338
PlayersQuit=325
StatsStartTime=1241511530959
StatsDumpTime=1241537332719
<<<<EndStats
2009-05-05 08:29:01,468 ERROR: vampire.server.feeding.FeedingRecord sendPlayerStartGameMsg [playerId=60678, prey=true, _predatorIndex=]
2009-05-05 08:29:01,469 ERROR: vampire.server.feeding.FeedingRecord sendPlayerStartGameMsg [playerId=616423, prey=false, _predatorIndex=]
2009-05-05 08:30:30,493 ERROR: vampire.server.feeding.FeedingRecord sendPlayerStartGameMsg [playerId=208085, prey=true, _predatorIndex=]
2009-05-05 08:30:30,494 ERROR: vampire.server.feeding.FeedingRecord sendPlayerStartGameMsg [playerId=316089, prey=false, _predatorIndex=]
2009-05-05 08:31:30,939 ERROR: vampire.server.feeding.FeedingRecord sendPlayerStartGameMsg [playerId=616423, prey=false, _predatorIndex=316089]
2009-05-05 08:32:24,020 ERROR: vampire.server.feeding.FeedingRecord sendPlayerStartGameMsg [playerId=39030, prey=true, _predatorIndex=]
2009-05-05 08:32:24,020 ERROR: vampire.server.feeding.FeedingRecord sendPlayerStartGameMsg [playerId=616423, prey=false, _predatorIndex=]
2009-05-05 08:32:36,291 ERROR: vampire.server.feeding.FeedingRecord sendPlayerStartGameMsg [playerId=31590, prey=false, _predatorIndex=616423]
2009-05-05 08:33:28,267 ERROR: vampire.server.feeding.FeedingRecord sendPlayerStartGameMsg [playerId=31590, prey=true, _predatorIndex=]
2009-05-05 08:33:28,267 ERROR: vampire.server.feeding.FeedingRecord sendPlayerStartGameMsg [playerId=54776, prey=false, _predatorIndex=]
2009-05-05 08:35:10,150 ERROR: vampire.server.feeding.FeedingRecord sendPlayerStartGameMsg [playerId=616423, prey=false, _predatorIndex=]
2009-05-05 08:36:08,454 ERROR: vampire.server.feeding.FeedingRecord sendPlayerStartGameMsg [playerId=39030, prey=true, _predatorIndex=]
2009-05-05 08:36:08,455 ERROR: vampire.server.feeding.FeedingRecord sendPlayerStartGameMsg [playerId=31590, prey=false, _predatorIndex=]
2009-05-05 08:36:54,347 ERROR: vampire.server.feeding.FeedingRecord sendPlayerStartGameMsg [playerId=316089, prey=true, _predatorIndex=]
2009-05-05 08:36:54,348 ERROR: vampire.server.feeding.FeedingRecord sendPlayerStartGameMsg [playerId=10642, prey=false, _predatorIndex=]
2009-05-05 08:37:34,878 ERROR: vampire.server.feeding.FeedingRecord sendPlayerStartGameMsg [playerId=172395, prey=true, _predatorIndex=]
2009-05-05 08:37:34,878 ERROR: vampire.server.feeding.FeedingRecord sendPlayerStartGameMsg [playerId=616423, prey=false, _predatorIndex=]

>>>>BeginStats

>>>>BeginTable
PlayerId, StartTime, EndTime, ProgenyPayout, XPFromFeeding, FeedingGames, MeanFeedingScore, BloodBond, Progeny, GrandProgeny, Sire, Level, Invites
1010692, 1241537032998, 1241537126654, 0, 0, 0, 0, 70997, 15, 14, 70997, 6, 2
1012813, , , 10, 0, 0, 0, 0, 6, 20, 54776, , 
101493, , , 37.7, 0, 0, 0, 0, 2, 1, 52887, , 
1015780, 1241523912773, 1241524068658, 0, 0, 0, 0, 0, 0, 0, 0, 1, 
1023660, 1241534668866, 1241534708896, 0, 0, 0, 0, 0, 0, 0, 0, 1, 
1025753, 1241528201556, 1241528211091, 0, 0, 0, 0, 0, 0, 0, 0, 1, 
1025921, 1241532119200, 1241532426664, 0, 153, 1, 153, 0, 0, 0, 586415, 1, 
10260, 1241533699106, 1241536249643, 0, 4974, 12, 424.6666666666667, 8527, 8, 8, 713, 14, 2
1028907, 1241534491879, 1241535153747, 0, 331, 2, 94.5, 0, 0, 0, 71724, 1, 
1031623, 1241516018790, 1241518913890, 0, 727, 5, 116.6, 0, 0, 0, 0, 2, 
1032648, , , 92.75, 0, 0, 0, 0, 4, 2, 234337, , 
1032874, 1241524717548, 1241525633737, 0, 99, 1, 99, 1090611, 2, 0, 1127083, 4, 
103634, , , 49.8, 0, 0, 0, 0, 1, 2, 369681, , 
104304, , , 157.6, 0, 0, 0, 0, 1, 1, 36377, , 
1056172, 1241535586991, 1241535617978, 0, 0, 0, 0, 0, 0, 0, 0, 1, 
106069, 1241514107560, 1241515047867, 0, 754, 3, 222, 236834, 14, 11, 236834, 7, 1
1062853, , , 112.14999999999999, 0, 0, 0, 0, 9, 16, 1124214, , 
10642, 1241537449779, , 127.35, 0, 0, 0, 447249, 30, 46, 351598, 15, 2
1078621, 1241523805838, 1241527393142, 148.60000000000002, 2278, 13, 160.15384615384616, 0, 1, 0, 285205, 3, 
1080004, 1241525160097, 1241525470667, 0, 93, 1, 93, 0, 0, 0, 674637, 1, 
108017, 1241532861909, 1241533446960, 0, 0, 0, 0, 0, 0, 0, 0, 1, 
1084544, 1241524582768, 1241524673859, 0, 0, 0, 0, 0, 0, 0, 543921, 1, 
108722, 1241530042869, 1241530227726, 0, 0, 0, 0, 182501, 1, 0, 54776, 3, 0
1090442, , , 3.3000000000000003, 0, 0, 0, 0, 3, 0, 797824, , 
1090611, 1241520004892, 1241526874892, 140.3, 226, 1, 306, 1032874, 2, 0, 1032648, 4, 
1108399, 1241534091662, 1241535893805, 0, 1240, 10, 105.8, 0, 0, 0, 153097, 2, 
1110484, 1241530478203, 1241530558070, 0, 1003, 4, 220.25, 153097, 0, 0, 153097, 4, 
1113643, 1241523067531, 1241523953827, 0, 1011, 8, 134.875, 0, 0, 0, 0, 2, 
111646, 1241529401711, 1241529570787, 0, 0, 0, 0, 0, 0, 0, 0, 1, 
1122449, , , 72.55, 0, 0, 0, 0, 10, 2, 555728, , 
1127083, 1241515594868, 1241518317310, 242.5, 1270, 7, 241.14285714285714, 998652, 18, 3, 998652, 5, 1
112883, 1241520196412, 1241520210093, 0, 0, 0, 0, 0, 0, 0, 0, 1, 
1129419, 1241511631636, 1241511821147, 0, 0, 0, 0, 0, 0, 0, 0, 1, 
113127, , , 158.1, 0, 0, 0, 0, 2, 4, 156956, , 
1131319, 1241520329746, 1241523083040, 0, 107, 1, 97, 0, 0, 0, 432820, 1, 
113237, , , 5.8500000000000005, 0, 0, 0, 0, 9, 19, 10642, , 
1133060, 1241513645701, 1241513954334, 0, 91, 1, 91, 0, 0, 0, 0, 1, 
1135140, 1241522472154, 1241522631740, 0, 0, 0, 0, 0, 0, 0, 998652, 1, 
1139795, 1241528711288, 1241530055534, 0, 484, 3, 152, 0, 0, 0, 71724, 1, 
1140626, 1241529638584, 1241531000143, 12.100000000000001, 1346, 7, 178.85714285714286, 0, 1, 0, 438751, 2, 
1144061, 1241534445371, 1241535210671, 0, 816, 3, 266, 0, 0, 0, 3811, 2, 
1152820, 1241529335964, 1241529468174, 0, 0, 0, 0, 0, 0, 0, 0, 1, 
1152919, 1241531215592, 1241531293450, 0, 0, 0, 0, 0, 0, 0, 0, 1, 
1155030, 1241513807655, 1241513884883, 0, 0, 0, 0, 0, 0, 0, 0, 1, 
1156130, 1241535576800, , 0, 0, 0, 0, 0, 0, 0, 586415, 1, 0
11600, 1241537472267, 1241537546948, 0, 0, 0, 0, 497122, 6, 0, 171581, 7, 7
1160142, 1241532355771, 1241533917913, 0, 1223, 8, 151.75, 0, 0, 0, 0, 2, 
1160201, 1241532296258, 1241533910847, 0, 1069, 7, 145.71428571428572, 0, 0, 0, 0, 2, 
116627, , , 21.400000000000002, 0, 0, 0, 0, 2, 1, 298388, , 
117178, 1241535627670, 1241536453642, 0, 797, 5, 155.4, 0, 0, 0, 533, 2, 
1176163, 1241517082688, 1241517659523, 0, 382, 1, 91, 0, 0, 0, 8938, 1, 
1182151, 1241511894464, 1241514833891, 0, 563, 5, 108.4, 0, 0, 0, 2606, 2, 
118454, 1241513944251, 1241514787593, 0, 250, 2, 125, 0, 0, 0, 510740, 1, 0
1185449, 1241511586021, 1241514707679, 0, 147, 1, 125, 0, 0, 0, 22308, 2, 
1187382, 1241526652827, 1241528271428, 0, 668, 3, 146.33333333333334, 0, 0, 0, 438751, 1, 
1190111, 1241529299322, 1241529299816, 0, 0, 0, 0, 0, 0, 0, 0, 1, 
119103, 1241534476955, 1241534613923, 0, 0, 0, 0, 0, 0, 0, 0, 1, 
1191860, 1241530638930, 1241530651706, 0, 0, 0, 0, 0, 0, 0, 0, 1, 
1192337, , , 165.55, 0, 0, 0, 0, 15, 15, 1012813, , 
1193805, 1241526007086, , 0, 0, 0, 0, 0, 0, 0, 0, 1, 0
12, , , 977.5499999999997, 0, 0, 0, 0, 20, 73, 383387, , 
120076, , , 209.70000000000002, 0, 0, 0, 0, 11, 0, 34987, , 
1203484, 1241533087450, 1241533776502, 0, 344, 3, 119.66666666666667, 0, 0, 0, 30152, 2, 
1204321, 1241534446865, 1241535653809, 0, 2740, 16, 123.625, 0, 0, 0, 438751, 2, 
1204540, 1241531918081, 1241533432628, 0, 1486, 7, 158, 0, 0, 0, 1078621, 2, 
1206590, 1241529716011, 1241530094209, 0, 55, 2, 9, 0, 0, 0, 0, 1, 
1223973, 1241523471616, 1241524240541, 0, 350, 2, 175, 0, 0, 0, 0, 1, 
1224463, 1241535841412, 1241535953798, 0, 0, 0, 0, 0, 0, 0, 0, 1, 
122907, , , 182.9, 0, 0, 0, 0, 6, 10, 251062, , 
1230390, 1241512061271, 1241513597514, 0, 336, 3, 99.33333333333333, 0, 0, 0, 0, 1, 
1234445, 1241535310472, 1241535940356, 0, 87, 1, 78, 0, 0, 0, 0, 1, 
1237789, 1241534383445, 1241535289148, 0, 4012, 13, 381.9230769230769, 0, 1, 2, 510740, 4, 
1238948, 1241522388517, 1241522697828, 0, 94, 1, 92, 0, 0, 0, 0, 1, 
1241345, 1241522630784, 1241522666929, 0, 0, 0, 0, 0, 0, 0, 0, 1, 
1241515, 1241513058461, 1241513259020, 0, 0, 0, 0, 0, 0, 0, 153097, 1, 
1242805, 1241535450853, 1241535782577, 0, 163, 1, 146, 0, 0, 0, 71724, 1, 
1243016, 1241520403738, 1241520492202, 0, 0, 0, 0, 0, 0, 0, 0, 1, 
1243546, 1241535928920, 1241536680067, 0, 430, 4, 107.5, 0, 0, 0, 0, 1, 
1244409, 1241525573867, 1241525674817, 0, 0, 0, 0, 0, 0, 0, 0, 1, 
1245027, 1241533239291, 1241533871259, 0, 228, 2, 114, 0, 0, 0, 0, 1, 
124585, 1241527054750, 1241528366823, 0, 457, 3, 170, 0, 5, 7, 143278, 7, 1
1247243, 1241523018884, 1241523420705, 0, 126, 1, 126, 0, 0, 0, 0, 1, 
1248533, 1241534962167, 1241535083479, 0, 0, 0, 0, 0, 0, 0, 0, 1, 
1249006, 1241525325092, 1241525344687, 0, 0, 0, 0, 0, 0, 0, 0, 1, 
1249425, 1241529863277, 1241531376733, 0, 878, 7, 128, 0, 0, 0, 0, 1, 
1251906, 1241534373682, 1241534571611, 0, 353, 1, 133, 0, 0, 0, 162239, 1, 
1252375, 1241527061790, 1241527138249, 0, 0, 0, 0, 0, 0, 0, 217283, 1, 
1254072, 1241525736949, 1241525858243, 0, 0, 0, 0, 0, 0, 0, 0, 2, 
1255618, 1241522003542, 1241523872025, 0, 969, 9, 108.66666666666667, 0, 0, 0, 206148, 2, 
1257485, 1241536002404, 1241536984266, 0, 475, 4, 117, 0, 0, 0, 147800, 1, 
1259111, 1241515511878, 1241517562139, 0, 1670, 14, 109.71428571428571, 0, 0, 0, 546821, 2, 
1259194, 1241512615390, 1241512660174, 0, 0, 0, 0, 0, 0, 0, 0, 1, 
1259307, 1241513104635, 1241513153878, 0, 0, 0, 0, 0, 0, 0, 0, 1, 
1260053, 1241514327371, 1241514413932, 0, 0, 0, 0, 0, 0, 0, 1127083, 1, 
1260498, 1241516594372, 1241516619863, 0, 0, 0, 0, 0, 0, 0, 0, 1, 
1261187, 1241520220030, 1241521077956, 0, 211, 2, 105.5, 0, 0, 0, 0, 1, 
1261213, 1241521420248, 1241521493861, 0, 0, 0, 0, 0, 0, 0, 0, 1, 
1262369, 1241526370434, 1241526370777, 0, 0, 0, 0, 0, 0, 0, 0, 1, 
1262824, 1241526354390, 1241526473915, 0, 0, 0, 0, 0, 0, 0, 0, 1, 
1263022, 1241537916728, 1241537929669, 0, 0, 0, 0, 0, 0, 0, 0, 1, 
1263194, 1241533130713, 1241533142096, 0, 0, 0, 0, 0, 0, 0, 0, 1, 
1263300, 1241534457932, 1241534465769, 0, 0, 0, 0, 0, 0, 0, 0, 1, 
1263376, 1241532509226, 1241533217483, 0, 374, 2, 160.5, 0, 0, 0, 298235, 1, 
1263573, 1241528372263, 1241528573866, 0, 0, 0, 0, 0, 0, 0, 0, 1, 
1264261, 1241530307161, 1241530644935, 0, 0, 0, 0, 0, 0, 0, 0, 1, 
126451, , , 53.35000000000001, 0, 0, 0, 0, 3, 1, 77874, , 
1264653, 1241531624668, 1241532341778, 0, 423, 4, 105.75, 0, 0, 0, 0, 1, 
1264847, 1241531991405, 1241532610850, 0, 153, 1, 153, 0, 0, 0, 0, 1, 
1265, 1241523605700, 1241524063375, 0, 0, 0, 0, 713, 15, 35, 12, 16, 3
1265785, 1241534543285, 1241534567699, 0, 0, 0, 0, 0, 0, 0, 0, 1, 
1265993, 1241535364336, 1241535701044, 0, 141, 1, 126, 0, 0, 0, 0, 1, 
1266099, 1241535943527, 1241535993720, 0, 0, 0, 0, 0, 0, 0, 0, 1, 
1266572, 1241536399649, 1241536449503, 0, 0, 0, 0, 0, 0, 0, 1137484, 1, 
127017, 1241531715787, 1241531863335, 0, 0, 0, 0, 0, 0, 0, 142264, 1, 
12770, , , 347.20000000000005, 0, 0, 0, 0, 23, 38, 383387, , 
12791, 1241524678753, 1241525315232, 0, 1489, 3, 275.3333333333333, 0, 13, 22, 12, 12, 2
128794, , , 7.75, 0, 0, 0, 0, 1, 4, 93202, , 
131311, 1241533807902, 1241534187939, 0, 255, 2, 134, 0, 0, 0, 0, 1, 
132334, , , 19.65, 0, 0, 0, 0, 3, 2, 66842, , 
133336, 1241520610667, 1241520634460, 0, 0, 0, 0, 0, 0, 0, 317383, 1, 0
137000, , , 22.85, 0, 0, 0, 0, 1, 8, 164466, , 
142070, 1241531833075, 1241532380996, 0, 0, 0, 0, 0, 0, 0, 510740, 1, 
143278, , , 45.7, 0, 0, 0, 0, 8, 5, 137000, , 
143538, , , 147.65, 0, 0, 0, 0, 2, 21, 1531, , 
14467, 1241525594274, 1241527599114, 100.9, 5799, 30, 185.23333333333332, 0, 2, 0, 58859, 3, 
147800, 1241535325589, 1241537477843, 10.600000000000001, 469, 4, 88, 0, 1, 0, 156489, 1, 
149666, 1241526918046, 1241527431077, 0, 411, 3, 124.33333333333333, 0, 0, 0, 297654, 2, 0
149684, 1241520895387, 1241521145379, 0, 0, 0, 0, 0, 3, 5, 184167, 5, 5
153097, , , 224.29999999999998, 0, 0, 0, 0, 16, 0, 1062853, , 
154004, , , 113.90000000000002, 0, 0, 0, 0, 8, 6, 90041, , 
155376, , , 316.2, 0, 0, 0, 0, 4, 2, 113127, , 
156489, 1241535000311, 1241535968544, 52.2, 1760, 5, 337.2, 154238, 13, 23, 713, 9, 1
156502, 1241532180551, 1241532219911, 0, 0, 0, 0, 0, 0, 0, 0, 1, 
158892, 1241526119792, 1241526177842, 0, 0, 0, 0, 0, 0, 0, 224560, 1, 
162239, , , 35.300000000000004, 0, 0, 0, 0, 2, 0, 192883, , 
163914, , , 236, 0, 0, 0, 0, 2, 1, 227953, , 
164243, , , 15.5, 0, 0, 0, 0, 4, 1, 128794, , 
166, , , 81.4, 0, 0, 0, 0, 5, 1, 578, , 
166371, , , 610.2, 0, 0, 0, 0, 4, 4, 267622, , 
168426, 1241534715570, 1241535921003, 0, 155, 1, 149, 0, 1, 0, 164243, 4, 0
170191, , , 157.70000000000002, 0, 0, 0, 0, 3, 7, 202873, , 
171513, 1241531137826, 1241532588290, 0, 1577, 5, 294, 0, 7, 7, 170191, 11, 2
172395, 1241537728360, , 0, 0, 0, 0, 0, 0, 0, 0, 1, 0
174092, 1241513355546, 1241517287751, 0, 204, 2, 126, 0, 0, 0, 562060, 3, 
181253, 1241524791349, 1241525320102, 0, 498, 2, 190.5, 0, 2, 0, 103634, 6, 3
181738, 1241515278082, 1241517084626, 20.55, 0, 0, 0, 0, 5, 4, 12791, 7, 5
182454, 1241524835109, 1241524869670, 0, 0, 0, 0, 0, 0, 0, 99877, 3, 0
184475, 1241532382256, 1241532835064, 0, 428, 2, 263.5, 293092, 4, 4, 206912, 7, 6
185295, , , 15.5, 0, 0, 0, 0, 1, 1, 113546, , 
186441, 1241531824041, 1241531847757, 0, 0, 0, 0, 0, 0, 0, 171222, 1, 0
190687, , , 747.4000000000001, 0, 0, 0, 0, 7, 2, 383937, , 
192104, 1241512775131, 1241513874610, 0, 570, 4, 111.25, 0, 0, 0, 1127083, 1, 
192883, , , 17.650000000000002, 0, 0, 0, 0, 8, 2, 210210, , 
196462, , , 86.00000000000001, 0, 0, 0, 0, 2, 10, 392944, , 
1975, 1241511759176, 1241513854100, 0, 209, 2, 141.5, 0, 0, 0, 0, 1, 
198149, , , 45.25000000000001, 0, 0, 0, 0, 1, 7, 380604, , 
199246, 1241527577059, 1241527996994, 0, 257, 2, 107, 0, 0, 0, 8938, 1, 
199427, , , 785.7000000000002, 0, 0, 0, 0, 1, 3, 208602, , 
20260, , , 86.70000000000002, 0, 0, 0, 0, 5, 31, 12, , 
202873, , , 78.85000000000001, 0, 0, 0, 0, 1, 3, 341164, , 
203784, , , 31, 0, 0, 0, 0, 1, 0, 185295, , 
206148, 1241524169214, 1241524858564, 96.89999999999999, 241, 2, 112, 0, 1, 0, 1122449, 3, 
206912, , , 42.800000000000004, 0, 0, 0, 0, 1, 4, 116627, , 
208085, 1241536620843, , 0, 2360, 11, 160.27272727272728, 0, 1, 0, 163914, 3, 0
208602, , , 392.8500000000001, 0, 0, 0, 0, 1, 1, 351626, , 
208716, 1241534740771, 1241535413877, 0, 155, 1, 160, 0, 0, 0, 323132, 3, 0
210163, , , 1418.7499999999995, 0, 0, 0, 0, 12, 9, 255725, , 
217283, , , 7.75, 0, 0, 0, 0, 56, 4, 57393, , 
22308, , , 14.700000000000001, 0, 0, 0, 0, 5, 0, 775158, , 
223494, , , 213.8, 0, 0, 0, 0, 1, 1, 179687, , 
227953, , , 118, 0, 0, 0, 0, 3, 2, 320570, , 
228890, 1241513919872, 1241514028051, 0, 563, 5, 137.8, 0, 0, 0, 0, 1, 
230164, 1241511592645, 1241523649961, 0, 14948, 21, 700.4285714285714, 510740, 11, 9, 250837, 19, 2
23340, 1241533477698, 1241533496553, 0, 0, 0, 0, 0, 10, 14, 383387, 20, 11
234337, , , 11.3, 0, 0, 0, 0, 5, 4, 97523, , 
236834, , , 75.4, 0, 0, 0, 0, 1, 14, 101493, , 
240287, 1241513982196, 1241514299351, 0, 0, 0, 0, 0, 0, 0, 0, 1, 
247929, 1241529550235, 1241530846879, 0, 1576, 8, 135.75, 0, 1, 0, 104304, 2, 0
250837, , , 1494.8000000000002, 0, 0, 0, 0, 1, 11, 190687, , 
251062, , , 91.45, 0, 0, 0, 0, 6, 17, 296361, , 
251792, 1241517353367, 1241517649140, 0, 117, 1, 117, 0, 0, 0, 0, 1, 
255725, , , 592.7499999999998, 0, 0, 0, 0, 1, 12, 309124, , 
259344, , , 314, 0, 0, 0, 0, 21, 1, 143538, , 
2606, , , 56.300000000000004, 0, 0, 0, 0, 8, 0, 307471, , 
267006, 1241527448117, 1241529047302, 0, 283, 1, 111, 0, 0, 0, 438751, 1, 
267622, , , 305.1, 0, 0, 0, 0, 2, 4, 1632, , 
269484, 1241519718558, 1241526833955, 0, 6102, 22, 323.6363636363636, 1124156, 4, 0, 166371, 6, 1
285205, , , 302.1, 0, 0, 0, 0, 6, 1, 154004, , 
288468, 1241524070314, 1241524878400, 0, 599, 2, 110.5, 0, 1, 0, 79942, 4, 1
288747, 1241534841169, 1241535953800, 0, 0, 0, 0, 0, 0, 0, 88976, 3, 0
288860, , , 22.400000000000002, 0, 0, 0, 0, 5, 8, 20260, , 
291808, 1241534502401, 1241534778096, 0, 0, 0, 0, 0, 0, 0, 0, 1, 
297654, , , 41.1, 0, 0, 0, 0, 4, 1, 181738, , 
298229, 1241533327019, 1241533553879, 0, 814, 3, 218, 0, 1, 1, 166, 3, 0
298235, 1241530267809, 1241533073904, 37.400000000000006, 2953, 12, 200.91666666666666, 0, 1, 0, 259344, 4, 0
300349, 1241526095238, 1241527745522, 0, 779, 4, 100.25, 0, 0, 0, 217283, 1, 
30152, , , 34.400000000000006, 0, 0, 0, 0, 4, 0, 40683, , 
3024, 1241525912763, 1241527390558, 0, 1642, 9, 126.44444444444444, 0, 0, 0, 1090611, 2, 
30534, 1241529776318, 1241530150037, 0, 310, 2, 134.5, 0, 0, 0, 203784, 2, 0
307471, , , 32.75, 0, 0, 0, 0, 2, 18, 12, , 
313682, 1241525893361, 1241526051552, 0, 187, 1, 142, 0, 1, 0, 510740, 1, 0
31590, 1241534060905, , 0, 3162, 14, 218.28571428571428, 293721, 2, 1, 155376, 4, 0
316089, 1241537375313, , 0, 224, 1, 289, 288860, 8, 1, 288860, 7, 5
320453, 1241533843053, 1241534263703, 0, 149, 1, 97, 0, 0, 0, 0, 1, 
323132, , , 15.5, 0, 0, 0, 0, 4, 0, 217283, , 
32314, 1241512958019, 1241514102774, 0, 0, 0, 0, 635003, 10, 14, 40508, 13, 2
323961, 1241513980782, 1241514292223, 0, 0, 0, 0, 0, 0, 0, 336524, 1, 
333608, 1241535487916, 1241535498738, 0, 0, 0, 0, 0, 2, 0, 5212, 7, 3
336228, , , 114.10000000000002, 0, 0, 0, 0, 10, 14, 307471, , 
336694, 1241532492724, 1241534857083, 0, 1333, 7, 209.42857142857142, 0, 0, 0, 338481, 4, 0
338409, 1241526049587, 1241526448460, 0, 485, 2, 242.5, 0, 5, 4, 65584, 6, 3
338481, , , 133.3, 0, 0, 0, 0, 5, 0, 370695, , 
340529, 1241527941555, 1241528288419, 0, 0, 0, 0, 0, 0, 0, 0, 1, 0
34127, 1241535213926, 1241535540780, 0, 92, 1, 87, 0, 0, 0, 336228, 3, 0
34987, , , 115.75000000000001, 0, 0, 0, 0, 2, 12, 8842, , 
351430, , , 209.80000000000004, 0, 0, 0, 0, 11, 28, 336228, , 
351626, , , 24.25, 0, 0, 0, 0, 7, 8, 183403, , 
35568, 1241527883144, 1241527973833, 0, 0, 0, 0, 438751, 2, 27, 258951, 4, 
359234, 1241513558649, 1241515428238, 0, 1063, 7, 137.42857142857142, 0, 0, 0, 54776, 2, 
363172, 1241514588483, 1241515110408, 0, 0, 0, 0, 0, 0, 0, 600946, 2, 0
36377, , , 78.8, 0, 0, 0, 0, 4, 1, 453809, , 
369681, , , 24.9, 0, 0, 0, 0, 2, 1, 1704, , 
370695, , , 66.65, 0, 0, 0, 0, 3, 5, 130627, , 
377904, , , 39.3, 0, 0, 0, 0, 1, 2, 132334, , 
380604, , , 7.65, 0, 0, 0, 0, 4, 2, 375444, , 
3811, , , 81.60000000000001, 0, 0, 0, 0, 2, 0, 452296, , 
383387, , , 248.05000000000004, 0, 0, 0, 0, 7, 56, 0, , 
39030, 1241537014308, , 0, 860, 5, 218.2, 10850, 10, 6, 196462, 6, 2
392358, 1241521161821, 1241521244349, 0, 0, 0, 0, 0, 0, 0, 308755, 1, 0
392944, , , 43.00000000000001, 0, 0, 0, 0, 2, 2, 206649, , 
396113, , , 692.8999999999999, 0, 0, 0, 0, 2, 9, 44987, , 
401464, 1241529556639, 1241529713899, 0, 0, 0, 0, 0, 0, 0, 0, 1, 0
403501, 1241531710280, 1241532006456, 0, 0, 0, 0, 0, 6, 3, 124503, 11, 3
40683, , , 17.200000000000003, 0, 0, 0, 0, 1, 4, 388185, , 
413580, , , 44.60000000000001, 0, 0, 0, 0, 4, 1, 94072, , 
4139, 1241523992111, 1241525278847, 76.30000000000001, 4316, 8, 507.375, 44987, 21, 23, 713, 17, 3
415271, 1241522780601, 1241523091092, 0, 0, 0, 0, 0, 10, 2, 66689, 4, 0
430104, 1241531585342, 1241532159817, 0, 473, 1, 644, 680154, 3, 0, 508617, 5, 2
43402, 1241521322298, 1241521330637, 0, 0, 0, 0, 29810, 11, 13, 123961, 11, 3
438751, 1241531797600, 1241533376620, 472.55000000000007, 11855, 41, 339.4878048780488, 35568, 9, 2, 210163, 7, 1
445660, , , 1022.9500000000002, 0, 0, 0, 0, 4, 8, 54812, , 
447249, 1241536250809, 1241537381157, 0, 7857, 17, 615.1176470588235, 10642, 3, 3, 199427, 14, 2
44987, 1241522662588, 1241525393772, 206.64999999999998, 3472, 6, 749, 4139, 17, 18, 12770, 14, 2
45101, 1241530535035, 1241530862466, 0, 184, 1, 184, 0, 0, 0, 0, 1, 
452296, , , 40.800000000000004, 0, 0, 0, 0, 9, 2, 103144, , 
457756, 1241523704504, 1241523814186, 0, 0, 0, 0, 0, 1, 0, 415271, 4, 0
468188, 1241533774657, 1241533786327, 0, 2098, 12, 193.25, 0, 19, 5, 351430, 6, 17
49013, 1241528618400, 1241530853518, 0, 1105, 9, 116.55555555555556, 0, 0, 0, 1140626, 2, 
497122, 1241534803947, 1241535175116, 0, 150, 1, 211, 11600, 14, 7, 82321, 8, 12
502119, , , 151.10000000000002, 0, 0, 0, 0, 9, 5, 22707, , 
503, , , 497.40000000000003, 0, 0, 0, 0, 5, 1, 12, , 
503978, 1241536100540, 1241536728880, 0, 0, 0, 0, 0, 0, 0, 0, 1, 
508617, , , 47.300000000000004, 0, 0, 0, 0, 3, 3, 510740, , 
510740, 1241511613247, 1241523982850, 499.24999999999994, 14948, 21, 722.6190476190476, 230164, 69, 46, 534632, 20, 19
512737, 1241535798789, 1241537462556, 137.9, 2066, 8, 331.25, 433908, 1, 0, 445660, 4, 0
5153, 1241512181048, 1241513823866, 0, 549, 3, 226, 0, 1, 0, 995, 8, 1
519716, 1241536153136, , 0, 431, 3, 144.66666666666666, 0, 1, 0, 71724, 2, 0
52350, 1241518295315, 1241518642430, 0, 2818, 10, 212, 0, 2, 0, 674637, 4, 
53030, 1241531801737, 1241532544543, 0, 1829, 4, 689.5, 501908, 10, 6, 122907, 13, 3
533, , , 79.70000000000002, 0, 0, 0, 0, 9, 0, 20260, , 
534632, , , 1732.6000000000001, 0, 0, 0, 0, 7, 69, 445660, , 
541655, , , 138.65000000000003, 0, 0, 0, 0, 1, 20, 126451, , 
54584, 1241534413600, 1241535121856, 0, 230, 2, 84, 0, 0, 0, 14467, 1, 
546821, 1241511597228, , 166.99999999999997, 222, 2, 116.5, 0, 1, 0, 1127083, 2, 0
54776, 1241537500791, , 263.20000000000005, 713, 3, 342, 0, 74, 32, 89757, 15, 3
54812, , , 103.3, 0, 0, 0, 0, 5, 4, 11315, , 
548980, 1241516448850, 1241517441874, 0, 763, 6, 112.5, 0, 0, 0, 4139, 2, 
551704, 1241529958223, 1241529990082, 0, 0, 0, 0, 0, 0, 0, 0, 1, 
555728, , , 12.05, 0, 0, 0, 0, 16, 10, 1101, , 
560243, 1241516709757, 1241517420340, 0, 307, 2, 190, 616590, 0, 0, 510740, 4, 0
562060, , , 20.400000000000002, 0, 0, 0, 0, 5, 0, 592692, , 
56670, 1241521649011, 1241521913850, 0, 0, 0, 0, 0, 0, 0, 0, 1, 
568161, 1241535918662, 1241537050170, 0, 1379, 5, 172.6, 0, 0, 0, 512737, 2, 0
57717, , , 7.5, 0, 0, 0, 0, 4, 6, 110178, , 
578, , , 40.7, 0, 0, 0, 0, 1, 5, 12770, , 
58429, , , 254.7, 0, 0, 0, 0, 7, 1, 10642, , 
58859, 1241523499898, 1241523754374, 609.65, 4133, 17, 326.4117647058824, 43017, 9, 6, 396113, 14, 2
592692, , , 10.200000000000001, 0, 0, 0, 0, 8, 5, 283305, , 
60678, 1241537121588, 1241537528726, 0, 393, 2, 263, 0, 2, 1, 377904, 6, 3
609830, 1241527398290, 1241528811608, 0, 2097, 8, 210.625, 0, 0, 0, 120076, 4, 
616423, 1241536489057, , 0, 2547, 15, 147.86666666666667, 0, 1, 0, 58429, 3, 0
626474, 1241528366341, 1241528591444, 0, 109, 1, 124, 0, 1, 0, 34987, 2, 
63415, , , 40.2, 0, 0, 0, 0, 7, 1, 8938, , 
634607, 1241513678098, 1241517063555, 0, 1569, 6, 276, 0, 2, 2, 54776, 4, 
65584, , , 48.5, 0, 0, 0, 0, 4, 5, 351626, , 
674637, 1241534723196, 1241535092429, 291.1, 200, 1, 224, 0, 11, 3, 1192337, 5, 1
70557, , , 302.20000000000005, 0, 0, 0, 0, 5, 24, 502119, , 
713, 1241535901932, 1241536897774, 1166.6000000000001, 0, 0, 0, 1265, 11, 68, 12, 18, 6
71724, 1241534479318, 1241537340160, 86, 4276, 14, 246.14285714285714, 3200, 19, 5, 94103, 12, 4
7314, 1241534940326, 1241534990283, 0, 0, 0, 0, 0, 8, 5, 5842, 10, 2
73961, 1241525720771, 1241525911472, 0, 274, 1, 117, 0, 0, 0, 438751, 1, 
764869, 1241528101889, 1241528214370, 0, 0, 0, 0, 0, 0, 0, 0, 1, 
77, 1241519377565, 1241519408769, 0, 0, 0, 0, 171151, 11, 2, 12770, 14, 2
775158, , , 7.3500000000000005, 0, 0, 0, 0, 1, 5, 929303, , 
785685, 1241525825042, 1241525840709, 0, 0, 0, 0, 0, 0, 0, 153097, 1, 
787878, 1241530894534, 1241530904890, 0, 0, 0, 0, 0, 0, 0, 0, 1, 
787938, 1241528124583, 1241528196811, 0, 0, 0, 0, 0, 0, 0, 203820, 1, 
793701, 1241535285230, 1241535619085, 0, 98, 1, 98, 0, 0, 0, 0, 1, 
797824, , , 1.6500000000000001, 0, 0, 0, 0, 15, 3, 82321, , 
79942, 1241535181886, 1241537097517, 59.900000000000006, 153, 2, 119.5, 633051, 7, 5, 198149, 6, 2
82321, , , 15, 0, 0, 0, 0, 6, 29, 57717, , 
849967, 1241531983909, 1241532236144, 0, 117, 1, 117, 0, 0, 0, 865399, 1, 
8527, 1241534110580, 1241536046269, 0, 4974, 12, 403.6666666666667, 10260, 1, 0, 503, 8, 1
865399, , , 11.700000000000001, 0, 0, 0, 0, 5, 0, 113237, , 
875917, 1241515625735, 1241515906197, 0, 102, 1, 50, 0, 0, 0, 0, 1, 
87714, 1241524780258, 1241524878909, 0, 0, 0, 0, 0, 9, 3, 351430, 9, 6
8842, , , 5.45, 0, 0, 0, 0, 12, 5, 1531, , 
892403, 1241528152252, 1241528614418, 0, 402, 2, 123, 0, 0, 0, 63415, 1, 
8938, 1241516761449, 1241517806905, 84.00000000000001, 1067, 3, 580.6666666666666, 0, 20, 8, 541655, 6, 1
895543, 1241522489137, 1241522899193, 0, 77, 1, 77, 0, 0, 0, 0, 1, 
89757, , , 202.90000000000003, 0, 0, 0, 0, 3, 74, 20260, , 
900329, 1241522980687, 1241524022637, 0, 3022, 7, 467.7142857142857, 1084285, 24, 5, 70557, 9, 2
900505, 1241513102849, 1241517887087, 0, 33, 1, 33, 0, 0, 0, 1090442, 2, 
915816, 1241525428828, 1241526086230, 0, 0, 0, 0, 0, 0, 0, 0, 1, 
917768, 1241520722434, 1241522318056, 0, 1632, 8, 204, 0, 0, 0, 0, 2, 
91808, 1241535133006, 1241535963206, 0, 446, 4, 162.25, 0, 1, 3, 413580, 6, 2
926905, 1241528262160, 1241528272157, 0, 0, 0, 0, 0, 0, 0, 0, 1, 
929722, 1241528861389, 1241529219899, 0, 0, 0, 0, 0, 0, 0, 0, 1, 
93532, 1241534536788, 1241534543048, 0, 0, 0, 0, 0, 0, 0, 0, 1, 
94072, , , 22.300000000000004, 0, 0, 0, 0, 3, 4, 96987, , 
94103, , , 470.59999999999997, 0, 0, 0, 0, 1, 19, 223494, , 
947832, 1241516097891, 1241517046907, 0, 296, 2, 91, 0, 0, 0, 1127083, 1, 
95443, 1241528014051, 1241528358844, 0, 0, 0, 0, 0, 0, 0, 106231, 1, 
98232, 1241516482361, 1241517046436, 0, 403, 2, 110.5, 0, 0, 0, 1127083, 1, 
990799, , , 63.50000000000001, 0, 0, 0, 0, 5, 3, 836417, , 
995, , , 54.900000000000006, 0, 0, 0, 0, 12, 1, 12, , 
998652, , , 206.5, 0, 0, 0, 0, 3, 18, 990799, , 
<<<<EndTable

PlayersOnlineNow=12
PlayersOnlineEachMinute=0, 2, 6, 6, 7, 8, 8, 9, 9, 10, 10, 11, 11, 11, 11, 11, 11, 11, 11, 11, 11, 12, 13, 12, 13, 14, 15, 17, 16, 16, 16, 17, 17, 16, 18, 18, 19, 20, 21, 19, 16, 19, 17, 18, 17, 18, 18, 16, 16, 14, 14, 15, 15, 14, 14, 13, 12, 11, 12, 11, 10, 11, 11, 12, 12, 11, 11, 12, 14, 15, 14, 14, 14, 13, 13, 13, 13, 14, 14, 14, 14, 14, 15, 16, 16, 16, 16, 17, 18, 19, 18, 18, 16, 15, 15, 15, 15, 14, 15, 13, 13, 11, 10, 9, 9, 8, 7, 7, 7, 7, 7, 7, 6, 7, 6, 6, 6, 6, 6, 5, 5, 5, 4, 4, 3, 3, 3, 3, 3, 3, 3, 4, 3, 3, 3, 3, 3, 4, 4, 4, 5, 5, 6, 6, 6, 7, 7, 9, 9, 9, 7, 8, 7, 7, 8, 8, 9, 11, 11, 10, 10, 8, 7, 7, 7, 8, 8, 7, 7, 8, 8, 8, 8, 8, 7, 8, 8, 8, 9, 9, 9, 10, 10, 14, 14, 13, 14, 12, 13, 12, 10, 11, 12, 11, 11, 11, 11, 11, 11, 11, 12, 12, 12, 13, 12, 12, 11, 12, 11, 9, 10, 11, 10, 10, 10, 10, 10, 10, 11, 11, 12, 14, 15, 11, 11, 12, 11, 11, 12, 12, 10, 9, 9, 8, 7, 10, 9, 10, 10, 9, 11, 10, 12, 12, 14, 13, 13, 13, 14, 13, 13, 13, 14, 14, 14, 14, 12, 13, 13, 15, 15, 14, 14, 13, 13, 11, 12, 11, 12, 12, 12, 11, 12, 12, 13, 13, 13, 15, 14, 12, 11, 11, 12, 11, 10, 10, 9, 10, 10, 11, 11, 11, 10, 10, 10, 8, 9, 9, 12, 11, 11, 10, 11, 10, 11, 12, 12, 13, 13, 12, 12, 11, 10, 13, 12, 12, 12, 14, 13, 12, 11, 11, 10, 9, 8, 7, 6, 8, 8, 8, 9, 8, 8, 6, 6, 8, 8, 9, 11, 12, 13, 15, 14, 14, 14, 16, 15, 15, 16, 15, 17, 15, 14, 14, 14, 14, 14, 14, 14, 13, 15, 14, 15, 14, 15, 13, 13, 11, 11, 11, 12, 10, 12, 10, 9, 10, 12, 12, 11, 10, 10, 13, 16, 20, 19, 19, 19, 21, 21, 21, 22, 20, 21, 19, 17, 18, 18, 19, 21, 21, 22, 23, 21, 20, 20, 19, 18, 18, 16, 15, 16, 16, 16, 16, 16, 17, 16, 16, 16, 17, 15, 15, 15, 14, 14, 15, 14, 13, 13, 13, 13, 12, 13, 13, 11, 11, 11, 12, 12, 13
PlayersInEachFeedingGame=2, 2, 2, 2, 2, 1, 1, 2, 2, 2, 2, 2, 1, 2, 3, 3, 1, 2, 2, 2, 1, 2, 1, 1, 1, 1, 2, 1, 1, 2, 1, 2, 1, 1, 1, 1, 1, 2, 1, 1, 1, 1, 2, 2, 2, 2, 2, 1, 3, 2, 1, 2, 2, 2, 2, 2, 2, 2, 2, 2, 2, 2, 1, 2, 2, 1, 1, 1, 1, 1, 1, 1, 1, 1, 1, 1, 1, 1, 2, 1, 1, 1, 1, 2, 1, 1, 1, 1, 1, 1, 1, 1, 2, 1, 1, 1, 1, 1, 2, 1, 1, 1, 2, 1, 1, 1, 2, 2, 2, 2, 2, 2, 2, 1, 1, 1, 2, 1, 2, 2, 1, 2, 1, 1, 1, 1, 1, 1, 2, 2, 1, 2, 2, 1, 1, 1, 2, 2, 1, 2, 3, 3, 2, 2, 1, 1, 2, 2, 2, 1, 1, 1, 1, 2, 1, 2, 2, 2, 2, 2, 2, 2, 1, 2, 2, 1, 1, 2, 2, 2, 2, 2, 1, 2, 2, 1, 2, 2, 2, 2, 2, 1, 1, 2, 2, 2, 2, 2, 2, 1, 2, 1, 1, 2, 1, 1, 1, 2, 1, 2, 2, 1, 2, 2, 1, 1, 2, 2, 2, 2, 2, 2, 2, 2, 2, 2, 2, 2, 1, 1, 2, 3, 1, 2, 2, 1, 1, 1, 1, 1, 1, 2, 2, 2, 1, 1, 2, 2, 3, 1, 1, 1, 1, 2, 2, 2, 1, 1, 2, 1, 2, 2, 2, 2, 2, 1, 1, 2, 2, 2, 2, 2, 1, 3, 1, 1, 2, 2, 2, 2, 2, 1, 2, 2, 2, 1, 1, 2, 2, 1, 2, 2, 2, 1, 2, 2, 2, 2, 2, 2, 1, 2, 2, 2, 2, 2, 2, 2, 1, 2, 2, 2
PlayersStarted=345
PlayersQuit=333
StatsStartTime=1241511530959
StatsDumpTime=1241537932778
<<<<EndStats
2009-05-05 08:38:56,660 ERROR: vampire.server.feeding.FeedingRecord sendPlayerStartGameMsg [playerId=31590, prey=false, _predatorIndex=]
2009-05-05 08:39:31,020 ERROR: vampire.server.feeding.FeedingRecord sendPlayerStartGameMsg [playerId=1263022, prey=true, _predatorIndex=]
2009-05-05 08:39:31,021 ERROR: vampire.server.feeding.FeedingRecord sendPlayerStartGameMsg [playerId=208085, prey=false, _predatorIndex=]
2009-05-05 08:39:55,343 ERROR: vampire.server.feeding.FeedingRecord sendPlayerStartGameMsg [playerId=54776, prey=true, _predatorIndex=]
2009-05-05 08:39:55,343 ERROR: vampire.server.feeding.FeedingRecord sendPlayerStartGameMsg [playerId=172395, prey=false, _predatorIndex=]
2009-05-05 08:40:36,937 ERROR: vampire.server.feeding.FeedingRecord sendPlayerStartGameMsg [playerId=39030, prey=false, _predatorIndex=208085]
2009-05-05 08:41:26,237 ERROR: vampire.server.feeding.FeedingRecord sendPlayerStartGameMsg [playerId=31590, prey=false, _predatorIndex=208085,39030]
2009-05-05 08:43:05,683 ERROR: vampire.server.feeding.FeedingRecord sendPlayerStartGameMsg [playerId=95479, prey=false, _predatorIndex=208085,39030,31590]
2009-05-05 08:43:51,566 ERROR: vampire.server.feeding.FeedingRecord sendPlayerStartGameMsg [playerId=95479, prey=false, _predatorIndex=208085,39030,31590,95479]
2009-05-05 08:44:29,759 ERROR: vampire.server.feeding.FeedingRecord sendPlayerStartGameMsg [playerId=95479, prey=true, _predatorIndex=]
2009-05-05 08:44:29,760 ERROR: vampire.server.feeding.FeedingRecord sendPlayerStartGameMsg [playerId=22308, prey=false, _predatorIndex=]
2009-05-05 08:44:43,968 ERROR: vampire.server.feeding.FeedingRecord sendPlayerStartGameMsg [playerId=31590, prey=false, _predatorIndex=22308]
2009-05-05 08:45:20,087 ERROR: vampire.server.feeding.FeedingRecord sendPlayerStartGameMsg [playerId=31590, prey=false, _predatorIndex=22308,31590]
2009-05-05 08:46:15,160 ERROR: vampire.server.feeding.FeedingRecord sendPlayerStartGameMsg [playerId=10642, prey=true, _predatorIndex=]
2009-05-05 08:46:15,161 ERROR: vampire.server.feeding.FeedingRecord sendPlayerStartGameMsg [playerId=500950, prey=false, _predatorIndex=]
2009-05-05 08:47:38,643 ERROR: vampire.server.feeding.FeedingRecord sendPlayerStartGameMsg [playerId=54776, prey=true, _predatorIndex=]
2009-05-05 08:47:38,644 ERROR: vampire.server.feeding.FeedingRecord sendPlayerStartGameMsg [playerId=22308, prey=false, _predatorIndex=]
2009-05-05 08:47:41,078 ERROR: vampire.server.feeding.FeedingRecord sendPlayerStartGameMsg [playerId=31590, prey=false, _predatorIndex=500950]
2009-05-05 08:47:58,398 ERROR: vampire.server.feeding.FeedingRecord sendPlayerStartGameMsg [playerId=31590, prey=false, _predatorIndex=22308]
2009-05-05 08:48:26,558 ERROR: vampire.server.feeding.FeedingRecord sendPlayerStartGameMsg [playerId=31590, prey=false, _predatorIndex=22308,31590]

