
>>>>BeginStats

>>>>BeginTable
PlayerId, StartTime, EndTime, ProgenyPayout, XPFromFeeding, FeedingGames, MeanFeedingScore, BloodBond, Progeny, GrandProgeny, Sire, Level, Invites
103033,1240680903564,0,0,1299,7,234.14285714285714,767143,3,0,81899,4,0
1062,1240683434616,1240683484866,0,1331,6,330.5,54776,6,5,713,13,2
10642,1240686565873,0,174.70000000000002,6186,17,492.7647058823529,447249,20,23,351598,13,2
107,undefined,0,32.650000000000006,0,0,0,0,1,5,12770,undefined,undefined
110006,undefined,0,131.3,0,0,0,0,3,0,321365,undefined,undefined
111249,undefined,0,102.5,0,0,0,0,2,7,188370,undefined,undefined
113127,1240686426398,1240686493224,0,0,0,0,0,2,3,156956,4,0
113237,1240684944153,0,0,1027,5,140.4,0,0,0,10642,2,0
113453,1240681974612,1240682376183,116.5,2549,9,218.88888888888889,0,7,0,533,5,1
114053,1240684126300,1240684151814,0,0,0,0,0,0,0,0,1,null
11460,undefined,0,82.65,0,0,0,0,1,6,41022,undefined,undefined
12,undefined,0,99.75,0,0,0,0,19,32,383387,undefined,undefined
120076,undefined,0,103.30000000000001,0,0,0,0,9,0,34987,undefined,undefined
121938,1240686175053,0,0,981,9,108.33333333333333,169627,0,0,0,1,0
121984,1240680366030,1240680728265,396.94999999999993,0,0,0,384781,4,7,166,10,2
122194,undefined,0,83.60000000000001,0,0,0,0,1,3,170316,undefined,undefined
122907,undefined,0,450.80000000000007,0,0,0,0,6,7,251062,undefined,undefined
124656,undefined,0,54.2,0,0,0,0,1,5,96537,undefined,undefined
1265,1240680522085,1240680740011,0,0,0,0,713,5,15,12,15,3
12791,undefined,0,7.800000000000001,0,0,0,0,2,5,12,undefined,undefined
128013,1240682885280,1240683004511,0,0,0,0,0,3,2,254152,4,1
130627,undefined,0,19.6,0,0,0,0,8,2,85079,undefined,undefined
131355,1240684867935,1240685059702,0,0,0,0,0,1,2,461901,4,0
131748,1240680096215,1240680114078,0,0,0,0,0,0,0,297380,2,0
131858,undefined,0,21.6,0,0,0,0,1,1,130627,undefined,undefined
132008,1240683433653,1240685006030,0,1300,7,186.42857142857142,0,0,0,311783,2,null
133118,1240685929164,1240686288555,377.29999999999984,2083,9,298.8888888888889,0,5,0,121984,3,1
133482,undefined,0,82.65,0,0,0,0,3,5,180951,undefined,undefined
134050,1240682455606,1240682467403,0,0,0,0,0,0,0,468188,1,null
135293,undefined,0,377.3500000000001,0,0,0,0,1,1,181388,undefined,undefined
136892,1240682208953,1240682919286,134.5,432,2,145,0,1,0,367411,1,0
140573,1240680158237,1240680246938,0,0,0,0,0,0,0,178528,3,0
140983,1240684264618,1240686357764,0,0,0,0,0,0,0,117857,3,0
141364,undefined,0,35,0,0,0,0,6,2,16514,undefined,undefined
143121,undefined,0,42.2,0,0,0,0,1,0,184042,undefined,undefined
143489,1240679260667,1240679362941,0,0,0,0,0,0,0,47445,4,0
143538,undefined,0,577.4000000000001,0,0,0,0,2,15,1531,undefined,undefined
143818,1240685931972,1240686226050,0,359,1,180,0,0,0,168214,3,0
145896,1240680114749,1240680336121,0,202,1,202,479642,5,6,225840,9,2
147608,undefined,0,25.8,0,0,0,0,6,0,502119,undefined,undefined
147988,1240684414357,0,0,0,0,0,170446,7,7,307477,6,2
148695,1240685070407,0,0,480,1,517,306511,8,6,161896,9,4
14882,undefined,0,26.6,0,0,0,0,2,2,44987,undefined,undefined
149021,undefined,0,215.3,0,0,0,0,4,0,94693,undefined,undefined
152551,1240680516832,1240682448350,178.9,2879,12,300.9166666666667,0,1,0,135293,4,0
1531,undefined,0,288.70000000000005,0,0,0,0,2,13,12,undefined,undefined
156489,1240683228397,1240683465970,175.5,331,1,346,154238,12,18,713,5,1
157106,1240683181904,1240683810309,0,518,3,148.33333333333334,0,0,0,0,1,null
157166,1240680463914,1240680499110,0,0,0,0,0,0,0,166074,1,0
157382,undefined,0,61.60000000000001,0,0,0,0,1,3,104955,undefined,undefined
157588,undefined,0,165.3,0,0,0,0,5,3,133482,undefined,undefined
157952,1240681079826,1240681405842,0,196,2,127.5,0,0,0,130627,3,0
159420,undefined,0,86.8,0,0,0,0,1,5,206649,undefined,undefined
160138,undefined,0,101.80000000000001,0,0,0,0,5,5,150469,undefined,undefined
16040,undefined,0,233.45000000000002,0,0,0,0,7,2,3,undefined,undefined
161355,1240685752539,1240685776723,0,331,1,315,0,0,0,54776,5,2
162209,1240679673995,1240679695083,0,0,0,0,0,0,0,0,1,null
163801,undefined,0,33.300000000000004,0,0,0,0,1,0,12,undefined,undefined
166,undefined,0,104.15,0,0,0,0,5,4,578,undefined,undefined
167305,undefined,0,129.15,0,0,0,0,3,1,157382,undefined,undefined
168214,undefined,0,35.9,0,0,0,0,3,0,190430,undefined,undefined
16825,1240683090229,0,232.10000000000005,1572,8,238.25,0,10,3,4139,5,1
168473,1240681094990,1240681398284,0,156,1,156,772383,8,0,180508,6,7
169627,1240684377388,1240686329109,0,743,7,96.85714285714286,121938,0,0,16825,1,null
170191,1240686381323,1240686448873,113.8,551,2,217,0,2,6,202873,9,1
170316,undefined,0,41.800000000000004,0,0,0,0,3,1,210210,undefined,undefined
171513,1240684382610,1240685084551,0,1138,4,272.5,0,6,6,170191,9,2
172373,1240682491777,1240682559948,0,0,0,0,0,0,0,0,1,null
176491,undefined,0,24.700000000000003,0,0,0,0,2,0,54776,undefined,undefined
179326,undefined,0,62.6,0,0,0,0,2,1,185581,undefined,undefined
179801,1240685595980,1240685775497,0,187,1,159,0,0,0,336024,3,0
180508,undefined,0,15.600000000000001,0,0,0,0,1,8,12791,undefined,undefined
181258,1240685968330,1240685980300,0,0,0,0,0,0,0,0,1,null
181264,undefined,0,197.60000000000002,0,0,0,0,2,1,3812,undefined,undefined
181388,undefined,0,143.95000000000002,0,0,0,0,1,1,333875,undefined,undefined
18155,undefined,0,29.75,0,0,0,0,1,1,9651,undefined,undefined
182932,1240682553116,1240683884099,0,247,2,132,0,0,0,176491,1,0
184042,undefined,0,21.1,0,0,0,0,1,1,145006,undefined,undefined
185581,undefined,0,27.400000000000002,0,0,0,0,2,3,209656,undefined,undefined
188370,undefined,0,51.25,0,0,0,0,1,2,163484,undefined,undefined
190369,1240682262138,1240682309885,0,0,0,0,0,0,0,0,1,null
190430,undefined,0,17.95,0,0,0,0,1,3,57393,undefined,undefined
191407,1240682546307,1240683278857,0,26,1,52,0,0,0,0,1,null
193301,1240681670568,1240682722527,0,422,3,145.33333333333334,0,0,0,143121,2,1
193836,1240686577059,0,0,0,0,0,0,0,0,0,1,0
20260,undefined,0,127.45000000000002,0,0,0,0,4,20,12,undefined,undefined
202873,undefined,0,112,0,0,0,0,1,2,341164,undefined,undefined
207259,1240686156130,0,0,381,3,132.66666666666666,0,0,0,0,1,0
207284,1240686624594,0,0,0,0,0,0,1,1,190182,5,2
20731,1240679011503,1240685702880,76.5,1952,14,121.42857142857143,32314,2,0,16040,4,1
209224,1240686471871,0,0,0,0,0,0,0,0,95479,1,0
21506,1240686387178,0,0,1053,6,163.33333333333334,0,0,0,3200,2,0
217283,1240685467877,1240685592241,69.35,1736,7,246.71428571428572,0,11,12,57393,8,3
219402,1240682178768,1240683174785,0,537,5,119,0,0,0,548201,1,null
222278,1240686363979,0,0,93,1,93,0,0,0,0,1,0
223864,undefined,0,224.95000000000005,0,0,0,0,5,12,160138,undefined,undefined
225840,undefined,0,20.200000000000003,0,0,0,0,1,5,7078,undefined,undefined
227438,1240680252004,1240680796482,0,69,1,69,0,0,0,141968,1,null
230517,1240682883685,1240682936473,0,0,0,0,0,0,0,0,1,null
246356,undefined,0,28.3,0,0,0,0,4,3,54776,undefined,undefined
247014,1240683265535,1240683335442,0,0,0,0,0,1,1,85417,3,0
247468,1240683981503,1240684617475,0,258,2,106.5,0,0,0,147608,2,0
251062,undefined,0,225.40000000000003,0,0,0,0,6,7,296361,undefined,undefined
256452,1240680955285,1240681105826,0,147,1,147,0,1,1,45129,3,0
256746,undefined,0,8.9,0,0,0,0,4,20,61984,undefined,undefined
259344,1240685524742,0,0,5774,38,151.94736842105257,223864,15,1,143538,8,2
261716,1240681634628,1240684953680,89.60000000000001,1528,8,199.875,0,1,0,181264,2,0
262409,1240684507787,1240684914064,0,1313,5,251.6,0,0,0,110006,2,null
269788,1240680846568,1240681025130,0,0,0,0,0,0,0,94819,1,null
282251,1240679788817,1240680150309,0,119,1,82,0,0,0,495443,1,null
2843,undefined,0,51.45,0,0,0,0,6,19,3383,undefined,undefined
292209,1240684123455,1240684165184,0,0,0,0,0,0,0,202328,3,0
3,undefined,0,97.60000000000001,0,0,0,0,2,7,383387,undefined,undefined
30735,1240685950045,0,42,332,2,219.5,0,5,2,124656,7,1
308635,1240686226866,0,0,836,2,658,133826,3,0,122194,6,4
311783,1240683521205,0,88.3,385,2,229,0,6,1,11460,7,3
312297,1240683213402,1240683524152,0,0,0,0,0,0,0,0,1,null
3200,1240684962674,0,42.7,2036,6,438.8333333333333,71724,12,0,223864,12,2
320910,1240681048719,1240681089791,0,0,0,0,0,0,0,295854,2,0
321365,undefined,0,65.65,0,0,0,0,3,3,317371,undefined,undefined
321699,1240682113103,1240682962378,0,532,4,133,0,0,0,348508,3,0
330793,1240683299019,1240683335349,0,0,0,0,0,0,0,112093,6,2
3344,1240683111185,1240685706737,0,644,4,193.75,0,0,0,20731,1,null
336024,undefined,0,18.7,0,0,0,0,7,6,510740,undefined,undefined
3383,undefined,0,22.75,0,0,0,0,4,6,12791,undefined,undefined
341164,undefined,0,27.550000000000004,0,0,0,0,1,1,57393,undefined,undefined
346096,1240682008502,1240684016925,0,0,0,0,0,1,0,227953,4,1
348508,undefined,0,53.2,0,0,0,0,2,0,14882,undefined,undefined
34987,undefined,0,51.650000000000006,0,0,0,0,2,9,8842,undefined,undefined
351598,undefined,0,676.8000000000002,0,0,0,0,1,20,359624,undefined,undefined
355917,undefined,0,65.30000000000001,0,0,0,0,5,3,107,undefined,undefined
359624,undefined,0,309.3,0,0,0,0,3,1,201132,undefined,undefined
366522,1240684279502,1240684774289,0,116,1,99,0,0,0,0,1,null
367411,undefined,0,110.45,0,0,0,0,1,1,131858,undefined,undefined
375444,undefined,0,22.05,0,0,0,0,3,9,12770,undefined,undefined
378323,1240680309040,1240681792733,0,441,2,146.5,0,0,0,380650,2,0
380650,undefined,0,44.1,0,0,0,0,2,0,375444,undefined,undefined
3812,undefined,0,76.4,0,0,0,0,1,2,65584,undefined,undefined
382358,1240685755581,0,0,333,3,100.66666666666667,0,0,0,163801,3,0
397835,undefined,0,45.400000000000006,0,0,0,0,5,5,47379,undefined,undefined
398860,1240680602570,1240680953500,0,0,0,0,0,0,0,349835,2,2
405197,1240681417654,1240681678396,0,135,1,136,0,0,0,419552,1,0
409656,undefined,0,46.75,0,0,0,0,6,1,384703,undefined,undefined
41022,undefined,0,19.25,0,0,0,0,1,1,412796,undefined,undefined
4139,1240685652461,0,263.54999999999995,0,0,0,16040,11,17,713,14,3
417472,1240684348395,1240684841932,0,121,1,123,0,0,0,20731,1,null
417799,1240686607267,0,0,0,0,0,0,0,0,349835,3,0
418923,undefined,0,6.75,0,0,0,0,2,1,402642,undefined,undefined
419552,undefined,0,13.5,0,0,0,0,1,0,418923,undefined,undefined
430717,1240685461031,0,0,89,1,177,0,20,9,256746,11,3
430891,1240685973816,0,0,1025,3,427.3333333333333,0,7,4,111249,11,2
43344,1240681329511,1240681672170,0,92,1,92,0,0,0,0,1,null
434511,1240683608146,1240683637462,0,0,0,0,0,0,0,0,1,0
44731,1240683200677,1240684088275,0,283,2,141.5,0,0,0,246356,2,0
45129,undefined,0,14.700000000000001,0,0,0,0,7,1,66842,undefined,undefined
47379,undefined,0,22.700000000000003,0,0,0,0,3,5,54776,undefined,undefined
493115,1240686263490,0,0,0,0,0,0,0,0,10260,2,0
495443,1240679196634,0,11.9,1232,6,243.83333333333334,167305,1,0,167305,4,0
502119,undefined,0,12.9,0,0,0,0,6,6,22707,undefined,undefined
50281,1240680454098,1240681066568,0,595,3,165.33333333333334,0,1,0,86723,4,0
510740,1240682733687,1240683418706,94.45000000000002,0,0,0,230164,47,31,534632,16,14
5212,1240685195574,1240686595789,0,1755,5,376.6,2843,13,10,156489,14,2
52685,1240681389543,1240681555225,0,0,0,0,0,0,0,258951,1,null
53030,1240681809904,1240683372169,0,4508,14,414.7142857142857,0,7,5,122907,12,3
533,undefined,0,313.15000000000003,0,0,0,0,5,7,20260,undefined,undefined
534632,undefined,0,42.550000000000004,0,0,0,0,5,47,445660,undefined,undefined
538286,1240683726102,0,0,2671,14,158.64285714285714,0,0,0,133118,2,0
546468,1240686569218,0,0,0,0,0,0,0,0,0,1,0
54776,1240682850695,1240683354114,59.60000000000001,0,0,0,1062,29,17,89757,13,2
548201,1240682141635,1240683643445,53.7,248,2,108,0,1,0,217283,1,null
562788,undefined,0,93.5,0,0,0,0,1,3,409656,undefined,undefined
564162,undefined,0,70,0,0,0,0,2,0,141364,undefined,undefined
565423,1240685222525,0,0,1653,5,333.4,0,3,0,157588,4,5
57393,undefined,0,194.85,0,0,0,0,5,15,159420,undefined,undefined
57717,undefined,0,121.75,0,0,0,0,4,6,110178,undefined,undefined
578918,1240685747850,1240686172618,15.600000000000001,548,3,197.66666666666666,0,1,0,179326,2,0
584570,1240686117421,0,0,245,2,89.5,0,0,0,3200,1,0
585199,1240686163784,1240686555498,0,0,0,0,0,1,0,0,1,1
585619,1240680449635,1240680933490,0,0,0,0,0,0,0,0,1,null
586681,undefined,0,116.60000000000001,0,0,0,0,5,7,10642,undefined,undefined
593248,1240683790388,1240684454102,0,336,2,80.5,0,0,0,16825,1,null
603011,1240685392296,0,0,935,3,303,0,3,1,562788,4,0
611789,1240685396433,1240685620938,0,155,1,181,0,0,0,0,2,null
619450,1240682809668,1240683151949,0,0,0,0,0,0,0,0,1,null
61984,undefined,0,4.45,0,0,0,0,1,4,61045,undefined,undefined
620394,1240681649141,1240683118930,0,455,4,105,0,1,0,2843,4,null
625991,1240684537748,1240684998193,0,137,1,137,0,0,0,585199,1,null
632943,1240682410760,1240682693717,0,0,0,0,0,0,0,0,1,null
639012,1240685205922,1240685273193,0,0,0,0,0,0,0,0,1,null
639206,1240680883573,1240681110975,0,102,1,102,0,0,0,510740,1,null
642041,1240684938523,1240685647446,0,465,2,201.5,0,0,0,16825,1,null
643440,1240680924790,1240680965855,0,0,0,0,0,0,0,92509,1,null
645535,1240684153097,1240684171199,0,0,0,0,0,0,0,311783,1,null
651110,1240684261321,1240684680320,0,156,1,139,0,0,0,578918,1,null
65333,1240686616257,1240686632655,0,0,0,0,0,0,0,0,1,null
66842,undefined,0,7.3500000000000005,0,0,0,0,1,7,153510,undefined,undefined
677168,1240683006677,1240683015891,0,0,0,0,0,0,0,0,1,null
678261,1240684847520,1240684868526,0,0,0,0,0,0,0,0,1,null
687468,1240685348681,1240685604905,0,0,0,0,0,0,0,0,1,null
687606,1240682697196,1240683960241,0,823,5,153.6,0,0,0,797824,1,null
691188,1240686400427,0,0,239,2,119,0,1,2,16825,2,0
693855,1240680504769,1240680967436,0,522,2,94,0,0,0,0,1,null
699985,1240683259794,1240683360081,0,0,0,0,0,0,0,0,1,null
7078,undefined,0,10.100000000000001,0,0,0,0,8,3,177916,undefined,undefined
70997,1240679051778,1240681519688,0,454,3,160.66666666666666,0,5,3,397835,6,1
713,undefined,0,332.54999999999995,0,0,0,0,9,35,12,undefined,undefined
71724,1240683314731,1240683468793,0,0,0,0,3200,8,1,94103,10,4
72925,1240682037091,1240682627816,0,700,3,117.33333333333333,0,0,0,564162,1,null
73228,1240680198359,1240680489398,0,0,0,0,0,0,0,0,1,null
734404,1240682496281,1240682898245,0,116,1,120,0,0,0,81899,1,null
738418,1240679129035,1240679427813,0,119,1,109,0,0,0,75123,2,null
745631,1240682690036,1240682730853,0,0,0,0,0,0,0,0,1,null
75123,undefined,0,11.9,0,0,0,0,11,0,2843,undefined,undefined
751256,1240684761578,0,38.800000000000004,1690,11,154.54545454545453,0,1,0,16825,2,0
752237,1240686280588,0,0,0,0,0,0,0,0,0,1,0
75463,1240682288845,1240682742150,0,99,1,99,0,0,0,0,1,null
756570,1240684919445,1240685520671,0,126,1,80,0,0,0,16825,2,null
757190,1240686018879,1240686038292,0,0,0,0,0,0,0,0,1,null
764577,1240682618235,1240683278749,0,0,0,0,0,0,0,0,1,null
767143,1240684485873,0,0,653,4,169.75,103033,3,0,355917,5,1
773108,undefined,0,37.35,0,0,0,0,4,1,510740,undefined,undefined
775158,1240680154749,1240680369652,0,79,1,79,0,0,0,0,1,null
782580,1240679393296,1240680703060,0,344,2,168.5,0,0,0,217283,2,null
782874,1240685764562,0,0,749,4,156,0,0,0,510740,2,0
783039,1240681672216,1240682013268,0,257,2,128.5,0,0,0,0,1,null
79110,1240683708218,1240684114428,0,0,0,0,0,0,0,0,1,null
791358,1240684072172,1240684079835,0,0,0,0,0,0,0,387496,4,null
795063,1240685997203,1240686088284,0,0,0,0,0,0,0,5212,2,null
795945,1240682950238,1240682982229,0,0,0,0,0,0,0,0,1,null
797824,1240679534053,1240686471402,15,2435,10,207.7,574401,5,0,82321,5,2
802319,undefined,0,141.65000000000003,0,0,0,0,1,4,773108,undefined,undefined
813096,1240679156892,1240680284686,0,1033,6,139.33333333333334,0,0,0,120076,2,null
814312,1240685164868,1240685179185,0,0,0,0,0,0,0,0,1,null
815527,1240683772995,1240683960370,0,0,0,0,0,0,0,0,1,null
81899,1240679637636,1240683219657,133.9,747,5,113,0,4,3,164198,6,1
821054,1240685509937,0,0,503,4,99,0,0,0,30735,1,0
822585,1240680729083,1240680756371,0,0,0,0,0,0,0,0,1,null
82321,undefined,0,251,0,0,0,0,4,5,57717,undefined,undefined
829177,1240683011976,1240683106410,0,1165,6,121.83333333333333,0,0,0,113453,2,null
835888,1240684066314,1240686213597,0,1436,10,137.1,857627,0,0,751256,2,null
839004,1240678899916,1240679059769,0,0,0,0,0,0,0,0,1,null
842430,1240682679840,1240683247057,0,499,3,136,0,0,0,0,1,null
848592,1240686297288,1240686317948,0,0,0,0,0,0,0,0,1,null
849362,1240681414101,1240682006802,0,187,2,93.5,0,0,0,0,1,null
85079,undefined,0,9.8,0,0,0,0,3,8,43402,undefined,undefined
852802,1240682811128,1240683344945,0,0,0,0,0,0,0,0,1,null
856450,1240685729710,0,0,1102,6,224.33333333333334,0,0,0,133118,2,0
857627,1240684019907,0,0,2044,13,142.69230769230768,835888,0,0,0,2,0
857653,1240680451542,1240682910033,0,1585,10,144.8,0,0,0,136892,2,null
859282,1240684026340,0,0,1008,7,120.28571428571429,0,0,0,261716,2,0
860271,1240682788670,1240682805759,0,0,0,0,0,0,0,346096,1,null
860820,1240680933806,1240683305992,0,1789,10,124.2,0,0,0,152551,2,null
860899,1240685553641,1240685673541,0,0,0,0,0,0,0,0,1,null
861407,1240680223801,1240680610519,0,0,0,0,0,0,0,0,1,null
862513,1240682008778,1240682437287,0,111,1,111,0,0,0,0,1,null
862735,1240681341077,1240681360910,0,0,0,0,0,0,0,0,1,null
862766,1240682719782,1240683261381,0,217,2,100,0,0,0,0,1,null
864791,1240683915905,1240684025572,0,0,0,0,0,0,0,0,1,null
865007,1240682642410,1240683897115,0,137,1,126,0,0,0,10642,1,null
865354,1240680447809,1240681035540,0,0,0,0,0,0,0,0,1,null
865399,1240681869500,1240682088577,0,0,0,0,0,0,0,0,1,null
865655,1240686616208,0,0,0,0,0,0,0,0,0,1,0
86614,1240685274494,1240685520673,0,0,0,0,0,0,0,1892,3,null
866928,1240686363925,1240686438131,0,0,0,0,0,0,0,0,1,null
86723,1240680433010,1240680439646,59.5,0,0,0,0,1,1,18155,3,0
867761,1240685153861,1240685544162,0,180,1,142,0,0,0,0,1,null
869259,1240684165387,1240684371758,0,0,0,0,0,0,0,767143,1,null
870174,1240684878751,1240685134290,0,85,1,85,0,0,0,0,1,null
870269,1240685683005,1240685721656,0,0,0,0,0,0,0,0,1,null
870773,1240686490310,0,0,0,0,0,0,0,0,0,1,0
87198,1240686470095,1240686519644,0,0,0,0,0,0,0,0,1,null
89757,undefined,0,16.55,0,0,0,0,3,29,20260,undefined,undefined
90616,1240682898588,1240682995129,0,0,0,0,0,0,0,0,1,null
91101,1240685387620,1240685389902,0,0,0,0,0,0,0,0,1,null
94693,undefined,0,107.65,0,0,0,0,1,4,383230,undefined,undefined
95010,1240684575390,0,0,2153,9,212.11111111111111,439277,0,0,149021,6,1
95479,1240679198065,1240679896554,0,1166,3,255,0,7,1,586681,4,null
95580,1240681314871,1240681323491,0,0,0,0,0,0,0,258951,3,0
95813,1240686378289,1240686468970,0,0,0,0,0,0,0,54776,3,null
96537,undefined,0,16.6,0,0,0,0,3,1,189849,undefined,undefined
98686,1240684476728,1240684727203,0,0,0,0,0,0,0,0,1,null
98791,1240685232579,1240685253071,0,0,0,0,0,0,0,0,1,null
99657,1240685122994,1240685413344,0,0,0,0,0,0,0,0,1,null
<<<<EndTable

PlayersOnlineNow=42
PlayersOnlineEachMinute=0, 3, 5, 7, 7, 8, 10, 12, 13, 12, 12, 12, 13, 13, 15, 14, 14, 14, 13, 14, 14, 14, 15, 19, 20, 20, 20, 22, 20, 22, 22, 21, 19, 18, 20, 22, 20, 21, 19, 19, 19, 20, 23, 21, 22, 20, 20, 24, 24, 23, 22, 23, 24, 23, 24, 25, 27, 28, 29, 27, 29, 29, 33, 32, 30, 33, 33, 32, 34, 32, 30, 32, 30, 32, 33, 27, 24, 26, 23, 25, 26, 25, 28, 28, 27, 26, 24, 25, 22, 24, 24, 29, 28, 30, 29, 31, 33, 32, 31, 29, 29, 31, 33, 33, 31, 32, 32, 35, 34, 35, 35, 36, 37, 36, 33, 34, 34, 34, 35, 38, 39, 38, 37, 39, 39, 38, 41, 41, 40, 40
PlayersInEachFeedingGame=2, 2, 2, 2, 2, 2, 2, 2, 1, 2, 2, 1, 2, 2, 1, 2, 2, 1, 2, 2, 2, 2, 1, 1, 1, 2, 1, 1, 2, 1, 1, 1, 1, 1, 2, 1, 2, 2, 1, 1, 1, 1, 1, 2, 1, 1, 1, 2, 1, 2, 2, 1, 1, 2, 2, 2, 1, 1, 2, 2, 2, 2, 1, 1, 1, 2, 2, 2, 1, 2, 2, 1, 2, 2, 2, 2, 2, 2, 1, 2, 2, 2, 1, 1, 1, 2, 2, 2, 1, 2, 1, 2, 2, 1, 2, 2, 1, 2, 1, 2, 1, 2, 2, 2, 2, 2, 1, 1, 1, 2, 2, 1, 2, 1, 1, 2, 1, 2, 1, 1, 2, 2, 2, 2, 2, 2, 2, 1, 2, 2, 2, 2, 2, 2, 2, 2, 1, 1, 2, 2, 2, 1, 2, 2, 2, 2, 2, 2, 2, 2, 2, 1, 2, 1, 2, 2, 1, 2, 2, 2, 2, 1, 2, 2, 2, 2, 2, 2, 2, 2, 2, 2, 1, 2, 2, 2, 1, 2, 1, 2, 2, 2, 2, 2, 2, 2, 2, 2, 2, 2, 2, 1, 1, 2, 2, 2, 2, 2, 1, 2, 1, 2, 2, 2, 1, 2, 1, 1, 1, 2, 2, 2, 1, 1, 1, 2, 2
PlayersStarted=307
PlayersQuit=265
StatsStartTime=1240678835806
StatsDumpTime=1240686636214
<<<<EndStats
2009-04-25 12:10:48,743 ERROR: vampire.server.feeding.FeedingRecord sendPlayerStartGameMsg [playerId=308635, prey=false, _predatorIndex=]
2009-04-25 12:11:11,522 ERROR: vampire.server.feeding.FeedingRecord sendPlayerStartGameMsg [playerId=382358, prey=true, _predatorIndex=]
2009-04-25 12:11:11,523 ERROR: vampire.server.feeding.FeedingRecord sendPlayerStartGameMsg [playerId=207284, prey=false, _predatorIndex=]
2009-04-25 12:11:11,858 ERROR: vampire.server.feeding.FeedingRecord sendPlayerStartGameMsg [playerId=207259, prey=false, _predatorIndex=207284]
2009-04-25 12:11:12,288 ERROR: vampire.server.feeding.LogicFeeding handleFeedRequestMessage [player=Player [playerId=752237, name=???, roomId=null, xp=0, level=1, bloodbond=0, sire=0, progeny=], e=FeedRequestMsg: player=752237, targetPlayerId=416886]
2009-04-25 12:11:23,523 ERROR: vampire.server.feeding.LogicFeeding handleFeedRequestMessage [player=Player [playerId=752237, name=???, roomId=null, xp=0, level=1, bloodbond=0, sire=0, progeny=], e=FeedRequestMsg: player=752237, targetPlayerId=416886]
2009-04-25 12:11:25,597 ERROR: vampire.server.feeding.FeedingRecord sendPlayerStartGameMsg [playerId=209224, prey=false, _predatorIndex=]
2009-04-25 12:11:26,408 ERROR: vampire.server.feeding.FeedingRecord sendPlayerStartGameMsg [playerId=222278, prey=false, _predatorIndex=]
2009-04-25 12:11:30,543 ERROR: vampire.server.feeding.FeedingRecord sendPlayerStartGameMsg [playerId=493115, prey=true, _predatorIndex=]
2009-04-25 12:11:30,544 ERROR: vampire.server.feeding.FeedingRecord sendPlayerStartGameMsg [playerId=4139, prey=false, _predatorIndex=]
2009-04-25 12:11:32,393 ERROR: vampire.server.feeding.FeedingRecord sendPlayerStartGameMsg [playerId=691188, prey=false, _predatorIndex=]
2009-04-25 12:11:46,914 ERROR: vampire.server.feeding.FeedingRecord sendPlayerStartGameMsg [playerId=870773, prey=false, _predatorIndex=]
2009-04-25 12:12:40,047 ERROR: vampire.server.feeding.FeedingRecord sendPlayerStartGameMsg [playerId=3200, prey=true, _predatorIndex=]
2009-04-25 12:12:40,048 ERROR: vampire.server.feeding.FeedingRecord sendPlayerStartGameMsg [playerId=584570, prey=false, _predatorIndex=]
2009-04-25 12:13:15,714 ERROR: vampire.server.feeding.FeedingRecord sendPlayerStartGameMsg [playerId=308635, prey=false, _predatorIndex=]
2009-04-25 12:13:40,233 ERROR: vampire.server.feeding.FeedingRecord sendPlayerStartGameMsg [playerId=782874, prey=true, _predatorIndex=]
2009-04-25 12:13:40,234 ERROR: vampire.server.feeding.FeedingRecord sendPlayerStartGameMsg [playerId=10642, prey=false, _predatorIndex=]
2009-04-25 12:13:59,239 ERROR: vampire.server.feeding.FeedingRecord sendPlayerStartGameMsg [playerId=5212, prey=true, _predatorIndex=]
2009-04-25 12:13:59,240 ERROR: vampire.server.feeding.FeedingRecord sendPlayerStartGameMsg [playerId=113237, prey=false, _predatorIndex=]
2009-04-25 12:14:00,240 ERROR: vampire.server.feeding.FeedingRecord sendPlayerStartGameMsg [playerId=308635, prey=false, _predatorIndex=]
2009-04-25 12:14:14,335 ERROR: vampire.server.feeding.FeedingRecord sendPlayerStartGameMsg [playerId=821054, prey=true, _predatorIndex=]
2009-04-25 12:14:14,336 ERROR: vampire.server.feeding.FeedingRecord sendPlayerStartGameMsg [playerId=691188, prey=false, _predatorIndex=]
2009-04-25 12:14:18,399 ERROR: vampire.server.feeding.FeedingRecord sendPlayerStartGameMsg [playerId=389801, prey=false, _predatorIndex=]
2009-04-25 12:14:26,957 ERROR: vampire.server.feeding.FeedingRecord sendPlayerStartGameMsg [playerId=538286, prey=false, _predatorIndex=]
2009-04-25 12:14:34,252 ERROR: vampire.server.feeding.FeedingRecord sendPlayerStartGameMsg [playerId=209224, prey=true, _predatorIndex=]
2009-04-25 12:14:34,252 ERROR: vampire.server.feeding.FeedingRecord sendPlayerStartGameMsg [playerId=870773, prey=false, _predatorIndex=]
2009-04-25 12:14:45,863 ERROR: vampire.server.feeding.FeedingRecord sendPlayerStartGameMsg [playerId=751256, prey=true, _predatorIndex=]
2009-04-25 12:14:45,864 ERROR: vampire.server.feeding.FeedingRecord sendPlayerStartGameMsg [playerId=207259, prey=false, _predatorIndex=]
2009-04-25 12:15:04,881 ERROR: vampire.server.feeding.FeedingRecord sendPlayerStartGameMsg [playerId=767143, prey=false, _predatorIndex=]
2009-04-25 12:16:05,041 ERROR: vampire.server.feeding.FeedingRecord sendPlayerStartGameMsg [playerId=584570, prey=true, _predatorIndex=]
2009-04-25 12:16:05,042 ERROR: vampire.server.feeding.FeedingRecord sendPlayerStartGameMsg [playerId=95010, prey=false, _predatorIndex=]
2009-04-25 12:16:17,456 ERROR: vampire.server.feeding.FeedingRecord sendPlayerStartGameMsg [playerId=561864, prey=true, _predatorIndex=]
2009-04-25 12:16:17,457 ERROR: vampire.server.feeding.FeedingRecord sendPlayerStartGameMsg [playerId=546468, prey=false, _predatorIndex=]
2009-04-25 12:16:23,126 ERROR: vampire.server.feeding.FeedingRecord sendPlayerStartGameMsg [playerId=825362, prey=false, _predatorIndex=546468]
2009-04-25 12:16:24,632 ERROR: vampire.server.feeding.FeedingRecord sendPlayerStartGameMsg [playerId=769463, prey=false, _predatorIndex=]
2009-04-25 12:16:37,140 ERROR: vampire.server.feeding.FeedingRecord sendPlayerStartGameMsg [playerId=129764, prey=true, _predatorIndex=]
2009-04-25 12:16:37,141 ERROR: vampire.server.feeding.FeedingRecord sendPlayerStartGameMsg [playerId=311783, prey=false, _predatorIndex=]
2009-04-25 12:16:50,098 ERROR: vampire.server.feeding.FeedingRecord sendPlayerStartGameMsg [playerId=113237, prey=true, _predatorIndex=]
2009-04-25 12:16:50,099 ERROR: vampire.server.feeding.FeedingRecord sendPlayerStartGameMsg [playerId=97772, prey=false, _predatorIndex=]
2009-04-25 12:16:53,261 ERROR: vampire.server.feeding.FeedingRecord sendPlayerStartGameMsg [playerId=207284, prey=true, _predatorIndex=]
2009-04-25 12:16:53,262 ERROR: vampire.server.feeding.FeedingRecord sendPlayerStartGameMsg [playerId=382358, prey=false, _predatorIndex=]
2009-04-25 12:17:04,571 ERROR: vampire.server.feeding.FeedingRecord sendPlayerStartGameMsg [playerId=4139, prey=true, _predatorIndex=]
2009-04-25 12:17:04,572 ERROR: vampire.server.feeding.FeedingRecord sendPlayerStartGameMsg [playerId=10642, prey=false, _predatorIndex=]
2009-04-25 12:17:17,054 ERROR: vampire.server.feeding.FeedingRecord sendPlayerStartGameMsg [playerId=821054, prey=true, _predatorIndex=]
2009-04-25 12:17:17,054 ERROR: vampire.server.feeding.FeedingRecord sendPlayerStartGameMsg [playerId=691188, prey=false, _predatorIndex=]
2009-04-25 12:18:13,597 ERROR: vampire.server.feeding.FeedingRecord sendPlayerStartGameMsg [playerId=767143, prey=false, _predatorIndex=97772]
2009-04-25 12:18:22,132 ERROR: vampire.server.feeding.FeedingRecord sendPlayerStartGameMsg [playerId=629265, prey=false, _predatorIndex=546468,825362]
2009-04-25 12:18:23,480 ERROR: vampire.server.feeding.FeedingRecord sendPlayerStartGameMsg [playerId=87198, prey=true, _predatorIndex=]
2009-04-25 12:18:23,481 ERROR: vampire.server.feeding.FeedingRecord sendPlayerStartGameMsg [playerId=856761, prey=false, _predatorIndex=]
2009-04-25 12:18:25,588 ERROR: vampire.server.feeding.FeedingRecord sendPlayerStartGameMsg [playerId=95010, prey=false, _predatorIndex=691188]
2009-04-25 12:18:32,335 ERROR: vampire.server.feeding.FeedingRecord sendPlayerStartGameMsg [playerId=870773, prey=false, _predatorIndex=769463]
2009-04-25 12:18:35,524 ERROR: vampire.server.feeding.LogicFeeding handleFeedRequestMessage [player=Player [playerId=752237, name=???, roomId=null, xp=0, level=1, bloodbond=0, sire=0, progeny=], e=FeedRequestMsg: player=752237, targetPlayerId=323355]
2009-04-25 12:18:37,600 ERROR: vampire.server.feeding.FeedingRecord sendPlayerStartGameMsg [playerId=21506, prey=true, _predatorIndex=]
2009-04-25 12:18:37,601 ERROR: vampire.server.feeding.FeedingRecord sendPlayerStartGameMsg [playerId=767143, prey=false, _predatorIndex=]
2009-04-25 12:18:52,139 ERROR: vampire.server.feeding.FeedingRecord sendPlayerStartGameMsg [playerId=95010, prey=false, _predatorIndex=691188,95010]
2009-04-25 12:18:59,763 ERROR: vampire.server.feeding.FeedingRecord sendPlayerStartGameMsg [playerId=207259, prey=false, _predatorIndex=]
2009-04-25 12:19:03,572 ERROR: vampire.server.feeding.FeedingRecord sendPlayerStartGameMsg [playerId=430717, prey=true, _predatorIndex=]
2009-04-25 12:19:03,573 ERROR: vampire.server.feeding.FeedingRecord sendPlayerStartGameMsg [playerId=769463, prey=false, _predatorIndex=]
2009-04-25 12:19:06,439 ERROR: vampire.server.feeding.FeedingRecord sendPlayerStartGameMsg [playerId=389801, prey=true, _predatorIndex=]
2009-04-25 12:19:06,440 ERROR: vampire.server.feeding.FeedingRecord sendPlayerStartGameMsg [playerId=782874, prey=false, _predatorIndex=]
2009-04-25 12:19:22,570 ERROR: vampire.server.feeding.FeedingRecord sendPlayerStartGameMsg [playerId=825362, prey=true, _predatorIndex=]
2009-04-25 12:19:22,576 ERROR: vampire.server.feeding.FeedingRecord sendPlayerStartGameMsg [playerId=68238, prey=false, _predatorIndex=]
2009-04-25 12:19:28,745 ERROR: vampire.server.feeding.FeedingRecord sendPlayerStartGameMsg [playerId=3200, prey=true, _predatorIndex=]
2009-04-25 12:19:28,746 ERROR: vampire.server.feeding.FeedingRecord sendPlayerStartGameMsg [playerId=602227, prey=false, _predatorIndex=]
2009-04-25 12:19:35,012 ERROR: vampire.server.feeding.FeedingRecord sendPlayerStartGameMsg [playerId=95010, prey=false, _predatorIndex=767143]
2009-04-25 12:19:35,165 ERROR: vampire.server.feeding.FeedingRecord sendPlayerStartGameMsg [playerId=217283, prey=true, _predatorIndex=]
2009-04-25 12:19:35,166 ERROR: vampire.server.feeding.FeedingRecord sendPlayerStartGameMsg [playerId=752237, prey=false, _predatorIndex=]
2009-04-25 12:19:49,897 ERROR: vampire.server.feeding.FeedingRecord sendPlayerStartGameMsg [playerId=311783, prey=true, _predatorIndex=]
2009-04-25 12:19:49,897 ERROR: vampire.server.feeding.FeedingRecord sendPlayerStartGameMsg [playerId=5212, prey=false, _predatorIndex=]
2009-04-25 12:20:07,329 ERROR: vampire.server.feeding.FeedingRecord sendPlayerStartGameMsg [playerId=95010, prey=false, _predatorIndex=207259]
2009-04-25 12:20:26,169 ERROR: vampire.server.feeding.FeedingRecord sendPlayerStartGameMsg [playerId=129764, prey=true, _predatorIndex=]
2009-04-25 12:20:26,170 ERROR: vampire.server.feeding.FeedingRecord sendPlayerStartGameMsg [playerId=10642, prey=false, _predatorIndex=]
2009-04-25 12:20:27,258 ERROR: vampire.server.feeding.FeedingRecord sendPlayerStartGameMsg [playerId=546468, prey=false, _predatorIndex=]

>>>>BeginStats

>>>>BeginTable
PlayerId, StartTime, EndTime, ProgenyPayout, XPFromFeeding, FeedingGames, MeanFeedingScore, BloodBond, Progeny, GrandProgeny, Sire, Level, Invites
10260,undefined,0,21.5,0,0,0,0,4,0,713,undefined,undefined
103033,1240687199903,0,0,1415,8,221.625,767143,3,0,81899,4,0
1062,1240683434616,1240683484866,0,1331,6,330.5,54776,6,5,713,13,2
10642,1240686565873,0,244.45000000000002,7635,20,522,447249,20,24,351598,13,2
107,undefined,0,57.55000000000001,0,0,0,0,1,5,12770,undefined,undefined
110006,undefined,0,131.3,0,0,0,0,3,0,321365,undefined,undefined
111249,undefined,0,176,0,0,0,0,2,8,188370,undefined,undefined
113127,1240686987598,1240686991615,0,0,0,0,0,2,3,156956,4,0
113237,1240684944153,0,16.5,1642,8,149.125,0,1,0,10642,2,0
113453,1240681974612,1240682376183,116.5,2549,9,218.88888888888889,0,7,0,533,5,1
114053,1240684126300,1240684151814,0,0,0,0,0,0,0,0,1,null
11460,undefined,0,114.65,0,0,0,0,1,6,41022,undefined,undefined
12,undefined,0,144.5,0,0,0,0,19,32,383387,undefined,undefined
120076,undefined,0,103.30000000000001,0,0,0,0,9,0,34987,undefined,undefined
121938,1240686175053,1240686915196,0,981,9,108.33333333333333,169627,0,0,0,1,null
121984,1240680366030,1240680728265,418.94999999999993,0,0,0,384781,4,7,166,10,2
122194,undefined,0,132,0,0,0,0,1,3,170316,undefined,undefined
122907,undefined,0,450.80000000000007,0,0,0,0,6,7,251062,undefined,undefined
124656,undefined,0,75.55,0,0,0,0,1,5,96537,undefined,undefined
1265,1240680522085,1240680740011,0,0,0,0,713,5,15,12,15,3
12791,undefined,0,7.800000000000001,0,0,0,0,2,5,12,undefined,undefined
128013,1240682885280,1240683004511,0,0,0,0,0,3,2,254152,4,1
129764,1240686932164,0,0,320,1,294,78904,2,0,370341,4,0
130627,undefined,0,19.6,0,0,0,0,8,2,85079,undefined,undefined
131355,1240684867935,1240685059702,0,0,0,0,0,1,2,461901,4,0
131748,1240680096215,1240680114078,0,0,0,0,0,0,0,297380,2,0
131858,undefined,0,21.6,0,0,0,0,1,1,130627,undefined,undefined
132008,1240683433653,1240685006030,0,1300,7,186.42857142857142,0,0,0,311783,2,null
133118,1240685929164,1240686288555,421.29999999999984,2083,9,298.8888888888889,0,5,0,121984,3,1
133482,undefined,0,82.65,0,0,0,0,3,5,180951,undefined,undefined
134050,1240682455606,1240682467403,0,0,0,0,0,0,0,468188,1,null
135293,undefined,0,377.3500000000001,0,0,0,0,1,1,181388,undefined,undefined
136892,1240682208953,1240682919286,134.5,432,2,145,0,1,0,367411,1,0
140573,1240680158237,1240680246938,0,0,0,0,0,0,0,178528,3,0
140983,1240684264618,1240686357764,0,0,0,0,0,0,0,117857,3,0
141364,undefined,0,35,0,0,0,0,6,2,16514,undefined,undefined
143121,undefined,0,42.2,0,0,0,0,1,0,184042,undefined,undefined
143489,1240679260667,1240679362941,0,0,0,0,0,0,0,47445,4,0
143538,undefined,0,687.9000000000001,0,0,0,0,2,15,1531,undefined,undefined
143818,1240685931972,1240686226050,0,359,1,180,0,0,0,168214,3,0
145896,1240680114749,1240680336121,0,202,1,202,479642,5,6,225840,9,2
147608,undefined,0,25.8,0,0,0,0,6,0,502119,undefined,undefined
147988,1240684414357,0,0,0,0,0,170446,7,7,307477,6,2
148695,1240685070407,1240686927929,0,480,1,517,306511,8,6,161896,9,4
14882,undefined,0,26.6,0,0,0,0,2,2,44987,undefined,undefined
149021,undefined,0,230.10000000000002,0,0,0,0,4,0,94693,undefined,undefined
152551,1240680516832,1240682448350,178.9,2879,12,300.9166666666667,0,1,0,135293,4,0
1531,undefined,0,343.95000000000005,0,0,0,0,2,13,12,undefined,undefined
156489,1240683228397,1240683465970,197.1,331,1,346,154238,12,18,713,5,1
157106,1240683181904,1240683810309,0,518,3,148.33333333333334,0,0,0,0,1,null
157166,1240680463914,1240680499110,0,0,0,0,0,0,0,166074,1,0
157382,undefined,0,61.60000000000001,0,0,0,0,1,3,104955,undefined,undefined
157588,undefined,0,165.3,0,0,0,0,5,3,133482,undefined,undefined
157952,1240681079826,1240681405842,0,196,2,127.5,0,0,0,130627,3,0
159420,undefined,0,86.8,0,0,0,0,1,5,206649,undefined,undefined
160138,undefined,0,112.65,0,0,0,0,5,5,150469,undefined,undefined
16040,undefined,0,233.45000000000002,0,0,0,0,7,2,3,undefined,undefined
161355,1240685752539,1240685776723,0,331,1,315,0,0,0,54776,5,2
162209,1240679673995,1240679695083,0,0,0,0,0,0,0,0,1,null
163801,undefined,0,33.300000000000004,0,0,0,0,1,0,12,undefined,undefined
166,undefined,0,104.15,0,0,0,0,5,4,578,undefined,undefined
167305,undefined,0,129.15,0,0,0,0,3,1,157382,undefined,undefined
168214,undefined,0,35.9,0,0,0,0,3,0,190430,undefined,undefined
16825,1240686901277,0,301.95000000000005,1572,8,238.25,0,10,4,4139,5,1
168473,1240681094990,1240681398284,0,156,1,156,772383,8,0,180508,6,7
169627,1240684377388,1240686329109,0,743,7,96.85714285714286,121938,0,0,16825,1,null
170191,1240686381323,1240686448873,113.8,551,2,217,0,2,6,202873,9,1
170316,undefined,0,66,0,0,0,0,3,1,210210,undefined,undefined
171513,1240684382610,1240685084551,0,1138,4,272.5,0,6,6,170191,9,2
172373,1240682491777,1240682559948,0,0,0,0,0,0,0,0,1,null
176491,undefined,0,24.700000000000003,0,0,0,0,2,0,54776,undefined,undefined
179326,undefined,0,62.6,0,0,0,0,2,1,185581,undefined,undefined
179801,1240685595980,1240685775497,0,187,1,159,0,0,0,336024,3,0
180508,undefined,0,15.600000000000001,0,0,0,0,1,8,12791,undefined,undefined
181258,1240685968330,1240685980300,0,0,0,0,0,0,0,0,1,null
181264,undefined,0,197.60000000000002,0,0,0,0,2,1,3812,undefined,undefined
181388,undefined,0,143.95000000000002,0,0,0,0,1,1,333875,undefined,undefined
18155,undefined,0,29.75,0,0,0,0,1,1,9651,undefined,undefined
182932,1240682553116,1240683884099,0,247,2,132,0,0,0,176491,1,0
184042,undefined,0,21.1,0,0,0,0,1,1,145006,undefined,undefined
185581,undefined,0,27.400000000000002,0,0,0,0,2,3,209656,undefined,undefined
188370,undefined,0,71.25,0,0,0,0,1,2,163484,undefined,undefined
190182,undefined,0,7.300000000000001,0,0,0,0,1,1,73304,undefined,undefined
190369,1240682262138,1240682309885,0,0,0,0,0,0,0,0,1,null
190430,undefined,0,17.95,0,0,0,0,1,3,57393,undefined,undefined
191407,1240682546307,1240683278857,0,26,1,52,0,0,0,0,1,null
193301,1240681670568,1240682722527,0,422,3,145.33333333333334,0,0,0,143121,2,1
193836,1240686577059,1240686682710,0,0,0,0,0,0,0,0,1,null
20260,undefined,0,127.45000000000002,0,0,0,0,4,20,12,undefined,undefined
202873,undefined,0,112,0,0,0,0,1,2,341164,undefined,undefined
207259,1240686156130,0,0,583,5,119.2,0,0,0,751256,1,0
207284,1240686624594,0,0,73,1,148,0,1,1,190182,5,2
20731,1240679011503,1240685702880,76.5,1952,14,121.42857142857143,32314,2,0,16040,4,1
209224,1240686471871,1240687167819,0,258,2,124,0,0,0,95479,1,null
21506,1240686387178,0,0,1267,7,163.14285714285714,0,0,0,3200,2,0
217283,1240686750710,0,69.35,1736,7,246.71428571428572,0,11,12,57393,8,3
219402,1240682178768,1240683174785,0,537,5,119,0,0,0,548201,1,null
222278,1240686363979,1240686843273,0,93,1,93,0,0,0,0,1,null
223864,undefined,0,275.6,0,0,0,0,5,12,160138,undefined,undefined
225840,undefined,0,20.200000000000003,0,0,0,0,1,5,7078,undefined,undefined
227438,1240680252004,1240680796482,0,69,1,69,0,0,0,141968,1,null
230517,1240682883685,1240682936473,0,0,0,0,0,0,0,0,1,null
246356,undefined,0,28.3,0,0,0,0,4,3,54776,undefined,undefined
247014,1240683265535,1240683335442,0,0,0,0,0,1,1,85417,3,0
247468,1240683981503,1240684617475,0,258,2,106.5,0,0,0,147608,2,0
251062,undefined,0,225.40000000000003,0,0,0,0,6,7,296361,undefined,undefined
256452,1240680955285,1240681105826,0,147,1,147,0,1,1,45129,3,0
256746,undefined,0,8.9,0,0,0,0,4,20,61984,undefined,undefined
259344,1240685524742,0,0,6879,42,163.78571428571428,223864,15,1,143538,8,2
261716,1240681634628,1240684953680,89.60000000000001,1528,8,199.875,0,1,0,181264,2,0
262409,1240684507787,1240684914064,0,1313,5,251.6,0,0,0,110006,2,null
269788,1240680846568,1240681025130,0,0,0,0,0,0,0,94819,1,null
282251,1240679788817,1240680150309,0,119,1,82,0,0,0,495443,1,null
2843,undefined,0,51.45,0,0,0,0,6,19,3383,undefined,undefined
292209,1240684123455,1240684165184,0,0,0,0,0,0,0,202328,3,0
3,undefined,0,97.60000000000001,0,0,0,0,2,7,383387,undefined,undefined
30735,1240685950045,1240686932362,84.69999999999999,332,2,219.5,0,5,2,124656,7,1
308635,1240686226866,0,0,1320,5,360,133826,3,0,122194,6,4
311783,1240683521205,0,88.3,705,3,267.6666666666667,0,6,1,11460,7,3
312297,1240683213402,1240683524152,0,0,0,0,0,0,0,0,1,null
3200,1240684962674,0,100.60000000000001,2253,7,427,71724,12,0,223864,12,2
320910,1240681048719,1240681089791,0,0,0,0,0,0,0,295854,2,0
321365,undefined,0,65.65,0,0,0,0,3,3,317371,undefined,undefined
321699,1240682113103,1240682962378,0,532,4,133,0,0,0,348508,3,0
326885,undefined,0,16,0,0,0,0,2,4,68619,undefined,undefined
330793,1240683299019,1240683335349,0,0,0,0,0,0,0,112093,6,2
3344,1240683111185,1240685706737,0,644,4,193.75,0,0,0,20731,1,null
336024,undefined,0,18.7,0,0,0,0,7,6,510740,undefined,undefined
3383,undefined,0,22.75,0,0,0,0,4,6,12791,undefined,undefined
341164,undefined,0,27.550000000000004,0,0,0,0,1,1,57393,undefined,undefined
346096,1240682008502,1240684016925,0,0,0,0,0,1,0,227953,4,1
348508,undefined,0,53.2,0,0,0,0,2,0,14882,undefined,undefined
34987,undefined,0,51.650000000000006,0,0,0,0,2,9,8842,undefined,undefined
351598,undefined,0,852.4500000000002,0,0,0,0,1,20,359624,undefined,undefined
355917,undefined,0,115.10000000000002,0,0,0,0,5,3,107,undefined,undefined
359624,undefined,0,381.75,0,0,0,0,3,1,201132,undefined,undefined
366522,1240684279502,1240684774289,0,116,1,99,0,0,0,0,1,null
367411,undefined,0,110.45,0,0,0,0,1,1,131858,undefined,undefined
370341,undefined,0,32,0,0,0,0,1,2,326885,undefined,undefined
375444,undefined,0,22.05,0,0,0,0,3,9,12770,undefined,undefined
378323,1240680309040,1240681792733,0,441,2,146.5,0,0,0,380650,2,0
380650,undefined,0,44.1,0,0,0,0,2,0,375444,undefined,undefined
3812,undefined,0,76.4,0,0,0,0,1,2,65584,undefined,undefined
382358,1240685755581,0,0,333,3,100.66666666666667,0,0,0,163801,3,0
389801,1240686661357,0,0,125,1,125,0,0,0,0,1,0
397835,undefined,0,45.400000000000006,0,0,0,0,5,5,47379,undefined,undefined
398860,1240680602570,1240680953500,0,0,0,0,0,0,0,349835,2,2
405197,1240681417654,1240681678396,0,135,1,136,0,0,0,419552,1,0
409656,undefined,0,46.75,0,0,0,0,6,1,384703,undefined,undefined
41022,undefined,0,35.25,0,0,0,0,1,1,412796,undefined,undefined
4139,1240685652461,0,295.24999999999994,895,3,218.33333333333334,16040,11,17,713,14,3
417472,1240684348395,1240684841932,0,121,1,123,0,0,0,20731,1,null
417799,1240686607267,1240686758553,0,0,0,0,0,0,0,349835,3,0
418923,undefined,0,6.75,0,0,0,0,2,1,402642,undefined,undefined
419552,undefined,0,13.5,0,0,0,0,1,0,418923,undefined,undefined
430717,1240685461031,0,0,89,1,177,0,20,9,256746,11,3
430891,1240685973816,1240686901497,67,1425,4,391.25,0,8,4,111249,11,2
43344,1240681329511,1240681672170,0,92,1,92,0,0,0,0,1,null
434511,1240683608146,1240683637462,0,0,0,0,0,0,0,0,1,0
44731,1240683200677,1240684088275,0,283,2,141.5,0,0,0,246356,2,0
45129,undefined,0,14.700000000000001,0,0,0,0,7,1,66842,undefined,undefined
47379,undefined,0,22.700000000000003,0,0,0,0,3,5,54776,undefined,undefined
493115,1240687003935,1240687012218,0,215,2,148,0,0,0,10260,2,0
495443,1240679196634,0,11.9,1232,6,243.83333333333334,167305,1,0,167305,4,0
502119,undefined,0,12.9,0,0,0,0,6,6,22707,undefined,undefined
50281,1240686901624,1240686917523,0,595,3,165.33333333333334,0,1,0,86723,4,0
510740,1240682733687,1240683418706,163.05,0,0,0,230164,47,31,534632,16,14
5212,1240687077858,0,0,1971,6,363.5,2843,13,10,156489,14,2
52685,1240681389543,1240681555225,0,0,0,0,0,0,0,258951,1,null
53030,1240681809904,1240683372169,0,4508,14,414.7142857142857,0,7,5,122907,12,3
533,undefined,0,313.15000000000003,0,0,0,0,5,7,20260,undefined,undefined
534632,undefined,0,76.85000000000001,0,0,0,0,5,47,445660,undefined,undefined
538286,1240683726102,0,0,3111,17,155.11764705882354,0,0,0,133118,3,0
546468,1240686896221,0,0,52,1,70,0,0,0,0,1,0
54776,1240682850695,1240683354114,59.60000000000001,0,0,0,1062,29,17,89757,13,2
548201,1240686918908,1240686973325,53.7,248,2,108,0,1,0,217283,1,null
555728,1240686962495,1240687229827,0,0,0,0,637788,6,0,1101,4,0
561864,1240686903180,1240687098749,0,0,0,0,0,1,0,1892,3,0
562788,undefined,0,93.5,0,0,0,0,1,3,409656,undefined,undefined
564162,undefined,0,70,0,0,0,0,2,0,141364,undefined,undefined
565423,1240685222525,1240686682001,0,1653,5,333.4,0,3,0,157588,4,5
57393,undefined,0,194.85,0,0,0,0,5,15,159420,undefined,undefined
57717,undefined,0,121.75,0,0,0,0,4,6,110178,undefined,undefined
578918,1240685747850,1240686172618,15.600000000000001,548,3,197.66666666666666,0,1,0,179326,2,0
584570,1240686117421,0,0,610,4,100.75,0,0,0,3200,1,0
585199,1240686163784,1240686555498,0,0,0,0,0,1,0,0,1,1
585619,1240680449635,1240680933490,0,0,0,0,0,0,0,0,1,null
586681,undefined,0,129.5,0,0,0,0,5,7,10642,undefined,undefined
593248,1240683790388,1240684454102,0,336,2,80.5,0,0,0,16825,1,null
602227,1240687153877,0,0,0,0,0,0,0,0,250107,3,0
603011,1240686880217,0,0,935,3,303,0,3,1,562788,4,0
611789,1240685396433,1240685620938,0,155,1,181,0,0,0,0,2,null
619450,1240682809668,1240683151949,0,0,0,0,0,0,0,0,1,null
61984,undefined,0,4.45,0,0,0,0,1,4,61045,undefined,undefined
620394,1240681649141,1240683118930,0,455,4,105,0,1,0,2843,4,null
625991,1240684537748,1240684998193,0,137,1,137,0,0,0,585199,1,null
629265,1240686917548,0,0,0,0,0,0,0,0,0,1,0
632943,1240682410760,1240682693717,0,0,0,0,0,0,0,0,1,null
639012,1240685205922,1240685273193,0,0,0,0,0,0,0,0,1,null
639206,1240680883573,1240681110975,0,102,1,102,0,0,0,510740,1,null
642041,1240684938523,1240685647446,0,465,2,201.5,0,0,0,16825,1,null
643440,1240680924790,1240680965855,0,0,0,0,0,0,0,92509,1,null
645535,1240684153097,1240684171199,0,0,0,0,0,0,0,311783,1,null
651110,1240684261321,1240684680320,0,156,1,139,0,0,0,578918,1,null
65333,1240686616257,1240686632655,0,0,0,0,0,0,0,0,1,null
66842,undefined,0,7.3500000000000005,0,0,0,0,1,7,153510,undefined,undefined
677168,1240683006677,1240683015891,0,0,0,0,0,0,0,0,1,null
678261,1240684847520,1240684868526,0,0,0,0,0,0,0,0,1,null
68238,1240687148468,0,0,0,0,0,0,1,0,380174,2,0
687468,1240685348681,1240685604905,0,0,0,0,0,0,0,0,1,null
687606,1240682697196,1240683960241,0,823,5,153.6,0,0,0,797824,1,null
691188,1240686400427,0,0,530,5,102.2,0,1,2,16825,2,0
693855,1240680504769,1240680967436,0,522,2,94,0,0,0,0,1,null
699985,1240683259794,1240683360081,0,0,0,0,0,0,0,0,1,null
7078,undefined,0,10.100000000000001,0,0,0,0,8,3,177916,undefined,undefined
70997,1240679051778,1240681519688,0,454,3,160.66666666666666,0,5,3,397835,6,1
713,undefined,0,443.59999999999997,0,0,0,0,9,35,12,undefined,undefined
71724,1240683314731,1240683468793,0,0,0,0,3200,8,1,94103,10,4
72925,1240682037091,1240682627816,0,700,3,117.33333333333333,0,0,0,564162,1,null
73228,1240680198359,1240680489398,0,0,0,0,0,0,0,0,1,null
73304,undefined,0,3.6500000000000004,0,0,0,0,2,2,53030,undefined,undefined
734404,1240682496281,1240682898245,0,116,1,120,0,0,0,81899,1,null
738418,1240679129035,1240679427813,0,119,1,109,0,0,0,75123,2,null
745631,1240682690036,1240682730853,0,0,0,0,0,0,0,0,1,null
75123,undefined,0,11.9,0,0,0,0,11,0,2843,undefined,undefined
751256,1240684761578,0,51.7,2033,13,161.23076923076923,0,2,0,16825,3,0
752237,1240686280588,0,0,0,0,0,0,0,0,0,1,0
75463,1240682288845,1240682742150,0,99,1,99,0,0,0,0,1,null
756570,1240684919445,1240685520671,0,126,1,80,0,0,0,16825,2,null
757190,1240686018879,1240686038292,0,0,0,0,0,0,0,0,1,null
764577,1240682618235,1240683278749,0,0,0,0,0,0,0,0,1,null
767143,1240684485873,0,0,1151,7,168.14285714285714,103033,3,0,355917,5,1
769463,1240686975754,0,0,95,1,95,0,0,0,0,1,0
773108,undefined,0,37.35,0,0,0,0,4,1,510740,undefined,undefined
775158,1240680154749,1240680369652,0,79,1,79,0,0,0,0,1,null
782580,1240679393296,1240680703060,0,344,2,168.5,0,0,0,217283,2,null
782874,1240685764562,0,0,1435,6,159,0,0,0,510740,3,0
783039,1240681672216,1240682013268,0,257,2,128.5,0,0,0,0,1,null
79110,1240683708218,1240684114428,0,0,0,0,0,0,0,0,1,null
791358,1240684072172,1240684079835,0,0,0,0,0,0,0,387496,4,null
795063,1240685997203,1240686088284,0,0,0,0,0,0,0,5212,2,null
795945,1240682950238,1240682982229,0,0,0,0,0,0,0,0,1,null
797824,1240679534053,1240686471402,15,2435,10,207.7,574401,5,0,82321,5,2
802319,undefined,0,141.65000000000003,0,0,0,0,1,4,773108,undefined,undefined
813096,1240679156892,1240680284686,0,1033,6,139.33333333333334,0,0,0,120076,2,null
814312,1240685164868,1240685179185,0,0,0,0,0,0,0,0,1,null
815527,1240683772995,1240683960370,0,0,0,0,0,0,0,0,1,null
81899,1240679637636,1240683219657,133.9,747,5,113,0,4,3,164198,6,1
821054,1240685509937,0,0,930,8,107.875,0,0,0,30735,1,0
822585,1240680729083,1240680756371,0,0,0,0,0,0,0,0,1,null
82321,undefined,0,251,0,0,0,0,4,5,57717,undefined,undefined
825362,1240686953362,0,0,52,1,86,0,0,0,0,1,0
829177,1240683011976,1240683106410,0,1165,6,121.83333333333333,0,0,0,113453,2,null
835888,1240684066314,1240686213597,0,1436,10,137.1,857627,0,0,751256,2,null
839004,1240678899916,1240679059769,0,0,0,0,0,0,0,0,1,null
842430,1240682679840,1240683247057,0,499,3,136,0,0,0,0,1,null
848592,1240686297288,1240686317948,0,0,0,0,0,0,0,0,1,null
849362,1240681414101,1240682006802,0,187,2,93.5,0,0,0,0,1,null
85079,undefined,0,9.8,0,0,0,0,3,8,43402,undefined,undefined
852802,1240682811128,1240683344945,0,0,0,0,0,0,0,0,1,null
856450,1240685729710,0,0,1102,6,224.33333333333334,0,0,0,133118,2,0
856761,1240687044918,0,0,94,1,136,0,0,0,0,1,0
857627,1240684019907,1240686806481,0,2044,13,142.69230769230768,835888,0,0,0,2,null
857653,1240680451542,1240682910033,0,1585,10,144.8,0,0,0,136892,2,null
859282,1240684026340,1240686950361,0,1008,7,120.28571428571429,0,0,0,261716,2,null
860271,1240682788670,1240682805759,0,0,0,0,0,0,0,346096,1,null
860820,1240680933806,1240683305992,0,1789,10,124.2,0,0,0,152551,2,null
860893,1240686758381,1240687025004,0,0,0,0,0,0,0,0,1,null
860899,1240685553641,1240685673541,0,0,0,0,0,0,0,0,1,null
861407,1240680223801,1240680610519,0,0,0,0,0,0,0,0,1,null
862513,1240682008778,1240682437287,0,111,1,111,0,0,0,0,1,null
862735,1240681341077,1240681360910,0,0,0,0,0,0,0,0,1,null
862766,1240682719782,1240683261381,0,217,2,100,0,0,0,0,1,null
864791,1240683915905,1240684025572,0,0,0,0,0,0,0,0,1,null
865007,1240682642410,1240683897115,0,137,1,126,0,0,0,10642,1,null
865354,1240680447809,1240681035540,0,0,0,0,0,0,0,0,1,null
865399,1240681869500,1240682088577,0,0,0,0,0,0,0,0,1,null
865655,1240686616208,1240686971032,0,0,0,0,0,0,0,0,1,null
86614,1240685274494,1240685520673,0,0,0,0,0,0,0,1892,3,null
866928,1240686363925,1240686438131,0,0,0,0,0,0,0,0,1,null
86723,1240680433010,1240680439646,59.5,0,0,0,0,1,1,18155,3,0
867761,1240685153861,1240685544162,0,180,1,142,0,0,0,0,1,null
869259,1240684165387,1240684371758,0,0,0,0,0,0,0,767143,1,null
870174,1240684878751,1240685134290,0,85,1,85,0,0,0,0,1,null
870269,1240685683005,1240685721656,0,0,0,0,0,0,0,0,1,null
870773,1240686490310,0,0,670,4,199,0,0,0,430891,1,0
87198,1240686640933,0,0,94,1,52,0,0,0,0,1,0
89757,undefined,0,16.55,0,0,0,0,3,29,20260,undefined,undefined
90616,1240682898588,1240682995129,0,0,0,0,0,0,0,0,1,null
91101,1240685387620,1240685389902,0,0,0,0,0,0,0,0,1,null
94693,undefined,0,115.05000000000001,0,0,0,0,1,4,383230,undefined,undefined
95010,1240684575390,0,0,2301,10,205.8,439277,0,0,149021,6,1
95479,1240679198065,1240679896554,25.8,1166,3,255,0,7,1,586681,4,null
95580,1240681314871,1240681323491,0,0,0,0,0,0,0,258951,3,0
95813,1240686378289,1240686468970,0,0,0,0,0,0,0,54776,3,null
96537,undefined,0,16.6,0,0,0,0,3,1,189849,undefined,undefined
97772,1240686828671,0,0,165,1,131,0,0,0,113237,1,0
98686,1240684476728,1240684727203,0,0,0,0,0,0,0,0,1,null
98791,1240685232579,1240685253071,0,0,0,0,0,0,0,0,1,null
99657,1240685122994,1240685413344,0,0,0,0,0,0,0,0,1,null
<<<<EndTable

PlayersOnlineNow=41
PlayersOnlineEachMinute=0, 3, 5, 7, 7, 8, 10, 12, 13, 12, 12, 12, 13, 13, 15, 14, 14, 14, 13, 14, 14, 14, 15, 19, 20, 20, 20, 22, 20, 22, 22, 21, 19, 18, 20, 22, 20, 21, 19, 19, 19, 20, 23, 21, 22, 20, 20, 24, 24, 23, 22, 23, 24, 23, 24, 25, 27, 28, 29, 27, 29, 29, 33, 32, 30, 33, 33, 32, 34, 32, 30, 32, 30, 32, 33, 27, 24, 26, 23, 25, 26, 25, 28, 28, 27, 26, 24, 25, 22, 24, 24, 29, 28, 30, 29, 31, 33, 32, 31, 29, 29, 31, 33, 33, 31, 32, 32, 35, 34, 35, 35, 36, 37, 36, 33, 34, 34, 34, 35, 38, 39, 38, 37, 39, 39, 38, 41, 41, 40, 40, 42, 41, 41, 40, 41, 43, 41, 40, 40, 41
PlayersInEachFeedingGame=2, 2, 2, 2, 2, 2, 2, 2, 1, 2, 2, 1, 2, 2, 1, 2, 2, 1, 2, 2, 2, 2, 1, 1, 1, 2, 1, 1, 2, 1, 1, 1, 1, 1, 2, 1, 2, 2, 1, 1, 1, 1, 1, 2, 1, 1, 1, 2, 1, 2, 2, 1, 1, 2, 2, 2, 1, 1, 2, 2, 2, 2, 1, 1, 1, 2, 2, 2, 1, 2, 2, 1, 2, 2, 2, 2, 2, 2, 1, 2, 2, 2, 1, 1, 1, 2, 2, 2, 1, 2, 1, 2, 2, 1, 2, 2, 1, 2, 1, 2, 1, 2, 2, 2, 2, 2, 1, 1, 1, 2, 2, 1, 2, 1, 1, 2, 1, 2, 1, 1, 2, 2, 2, 2, 2, 2, 2, 1, 2, 2, 2, 2, 2, 2, 2, 2, 1, 1, 2, 2, 2, 1, 2, 2, 2, 2, 2, 2, 2, 2, 2, 1, 2, 1, 2, 2, 1, 2, 2, 2, 2, 1, 2, 2, 2, 2, 2, 2, 2, 2, 2, 2, 1, 2, 2, 2, 1, 2, 1, 2, 2, 2, 2, 2, 2, 2, 2, 2, 2, 2, 2, 1, 1, 2, 2, 2, 2, 2, 1, 2, 1, 2, 2, 2, 1, 2, 1, 1, 1, 2, 2, 2, 1, 1, 1, 2, 2, 1, 3, 1, 1, 1, 2, 1, 2, 2, 2, 1, 2, 1, 1, 2, 2, 1, 2, 1, 3, 2, 2, 2, 2, 2, 2, 2, 1, 2, 2, 2, 2, 2, 2, 2, 1
PlayersStarted=333
PlayersQuit=292
StatsStartTime=1240678835806
StatsDumpTime=1240687236251
<<<<EndStats
2009-04-25 12:21:13,302 ERROR: vampire.server.feeding.FeedingRecord sendPlayerStartGameMsg [playerId=856761, prey=false, _predatorIndex=10642]
2009-04-25 12:21:15,835 ERROR: vampire.server.feeding.FeedingRecord sendPlayerStartGameMsg [playerId=95010, prey=false, _predatorIndex=68238]
2009-04-25 12:21:25,426 ERROR: vampire.server.feeding.FeedingRecord sendPlayerStartGameMsg [playerId=821054, prey=true, _predatorIndex=]
2009-04-25 12:21:25,426 ERROR: vampire.server.feeding.FeedingRecord sendPlayerStartGameMsg [playerId=95010, prey=false, _predatorIndex=]
2009-04-25 12:21:37,355 ERROR: vampire.server.feeding.FeedingRecord sendPlayerStartGameMsg [playerId=87198, prey=true, _predatorIndex=]
2009-04-25 12:21:37,356 ERROR: vampire.server.feeding.FeedingRecord sendPlayerStartGameMsg [playerId=856761, prey=false, _predatorIndex=]
2009-04-25 12:21:45,094 ERROR: vampire.server.feeding.FeedingRecord sendPlayerStartGameMsg [playerId=4139, prey=true, _predatorIndex=]
2009-04-25 12:21:45,095 ERROR: vampire.server.feeding.FeedingRecord sendPlayerStartGameMsg [playerId=782874, prey=false, _predatorIndex=]
2009-04-25 12:21:59,255 ERROR: vampire.server.feeding.FeedingRecord sendPlayerStartGameMsg [playerId=751256, prey=true, _predatorIndex=]
2009-04-25 12:21:59,255 ERROR: vampire.server.feeding.FeedingRecord sendPlayerStartGameMsg [playerId=21506, prey=false, _predatorIndex=]
2009-04-25 12:22:13,264 ERROR: vampire.server.feeding.FeedingRecord sendPlayerStartGameMsg [playerId=16825, prey=false, _predatorIndex=95010]
2009-04-25 12:22:25,310 ERROR: vampire.server.feeding.FeedingRecord sendPlayerStartGameMsg [playerId=752237, prey=true, _predatorIndex=]
2009-04-25 12:22:25,311 ERROR: vampire.server.feeding.FeedingRecord sendPlayerStartGameMsg [playerId=207284, prey=false, _predatorIndex=]
2009-04-25 12:22:44,132 ERROR: vampire.server.feeding.FeedingRecord sendPlayerStartGameMsg [playerId=3200, prey=true, _predatorIndex=]
2009-04-25 12:22:44,133 ERROR: vampire.server.feeding.FeedingRecord sendPlayerStartGameMsg [playerId=308635, prey=false, _predatorIndex=]
2009-04-25 12:22:48,042 ERROR: vampire.server.feeding.FeedingRecord sendPlayerStartGameMsg [playerId=495443, prey=true, _predatorIndex=]
2009-04-25 12:22:48,042 ERROR: vampire.server.feeding.FeedingRecord sendPlayerStartGameMsg [playerId=578, prey=false, _predatorIndex=]
2009-04-25 12:22:57,262 ERROR: vampire.server.feeding.FeedingRecord sendPlayerStartGameMsg [playerId=389801, prey=true, _predatorIndex=]
2009-04-25 12:22:57,263 ERROR: vampire.server.feeding.FeedingRecord sendPlayerStartGameMsg [playerId=767143, prey=false, _predatorIndex=]
2009-04-25 12:23:04,686 ERROR: vampire.server.feeding.FeedingRecord sendPlayerStartGameMsg [playerId=584570, prey=false, _predatorIndex=]
2009-04-25 12:23:27,073 ERROR: vampire.server.feeding.FeedingRecord sendPlayerStartGameMsg [playerId=602227, prey=true, _predatorIndex=]
2009-04-25 12:23:27,074 ERROR: vampire.server.feeding.FeedingRecord sendPlayerStartGameMsg [playerId=870773, prey=false, _predatorIndex=]
2009-04-25 12:23:29,066 ERROR: vampire.server.feeding.FeedingRecord sendPlayerStartGameMsg [playerId=113237, prey=false, _predatorIndex=21506]
2009-04-25 12:23:33,247 ERROR: vampire.server.feeding.FeedingRecord sendPlayerStartGameMsg [playerId=287842, prey=false, _predatorIndex=]
2009-04-25 12:24:32,846 ERROR: vampire.server.feeding.FeedingRecord sendPlayerStartGameMsg [playerId=856761, prey=true, _predatorIndex=]
2009-04-25 12:24:32,846 ERROR: vampire.server.feeding.FeedingRecord sendPlayerStartGameMsg [playerId=87198, prey=false, _predatorIndex=]
2009-04-25 12:24:35,525 ERROR: vampire.server.feeding.FeedingRecord sendPlayerStartGameMsg [playerId=769463, prey=false, _predatorIndex=]
2009-04-25 12:24:36,050 ERROR: vampire.server.feeding.FeedingRecord sendPlayerStartGameMsg [playerId=207259, prey=true, _predatorIndex=]
2009-04-25 12:24:36,051 ERROR: vampire.server.feeding.FeedingRecord sendPlayerStartGameMsg [playerId=4139, prey=false, _predatorIndex=]
2009-04-25 12:24:58,710 ERROR: vampire.server.feeding.FeedingRecord sendPlayerStartGameMsg [playerId=870773, prey=false, _predatorIndex=]
2009-04-25 12:25:16,887 ERROR: vampire.server.feeding.FeedingRecord sendPlayerStartGameMsg [playerId=3200, prey=true, _predatorIndex=]
2009-04-25 12:25:16,888 ERROR: vampire.server.feeding.FeedingRecord sendPlayerStartGameMsg [playerId=578, prey=false, _predatorIndex=]
2009-04-25 12:25:28,642 ERROR: vampire.server.feeding.FeedingRecord sendPlayerStartGameMsg [playerId=308635, prey=false, _predatorIndex=578]
2009-04-25 12:25:38,894 ERROR: vampire.server.feeding.FeedingRecord sendPlayerStartGameMsg [playerId=782874, prey=false, _predatorIndex=287842]
2009-04-25 12:25:41,209 ERROR: vampire.server.feeding.FeedingRecord sendPlayerStartGameMsg [playerId=691188, prey=true, _predatorIndex=]
2009-04-25 12:25:41,210 ERROR: vampire.server.feeding.FeedingRecord sendPlayerStartGameMsg [playerId=308635, prey=false, _predatorIndex=]
2009-04-25 12:26:24,935 ERROR: vampire.server.feeding.FeedingRecord sendPlayerStartGameMsg [playerId=870773, prey=false, _predatorIndex=287842,782874]
2009-04-25 12:26:29,297 ERROR: vampire.server.feeding.LogicFeeding handleFeedRequestMessage [player=Player [playerId=683540, name=???, roomId=null, xp=3867.2, level=3, bloodbond=72249, sire=23989, progeny=], e=FeedRequestMsg: player=683540, targetPlayerId=140573]
2009-04-25 12:26:36,135 ERROR: vampire.server.feeding.FeedingRecord sendPlayerStartGameMsg [playerId=870773, prey=false, _predatorIndex=287842,782874,870773]
2009-04-25 12:26:36,423 ERROR: vampire.server.feeding.LogicFeeding handleFeedRequestMessage [player=Player [playerId=683540, name=???, roomId=null, xp=3867.2, level=3, bloodbond=72249, sire=23989, progeny=], e=FeedRequestMsg: player=683540, targetPlayerId=140573]
2009-04-25 12:26:57,999 ERROR: vampire.server.feeding.LogicFeeding handleFeedRequestMessage [player=Player [playerId=683540, name=???, roomId=null, xp=3867.2, level=3, bloodbond=72249, sire=23989, progeny=], e=FeedRequestMsg: player=683540, targetPlayerId=86926]
2009-04-25 12:27:31,884 ERROR: vampire.server.feeding.FeedingRecord sendPlayerStartGameMsg [playerId=767143, prey=true, _predatorIndex=]
2009-04-25 12:27:31,885 ERROR: vampire.server.feeding.FeedingRecord sendPlayerStartGameMsg [playerId=87198, prey=false, _predatorIndex=]
2009-04-25 12:27:49,777 ERROR: vampire.server.feeding.FeedingRecord sendPlayerStartGameMsg [playerId=578, prey=false, _predatorIndex=]
2009-04-25 12:28:07,967 ERROR: vampire.server.feeding.LogicFeeding handleFeedRequestMessage [player=Player [playerId=578, name=Drabillord, roomId=null, xp=72435.27000000003, level=9, bloodbond=166, sire=12770, progeny=166,641245], e=FeedRequestMsg: player=578, targetPlayerId=14134]
2009-04-25 12:28:16,702 ERROR: vampire.server.feeding.LogicFeeding handleFeedRequestMessage [player=Player [playerId=578, name=Drabillord, roomId=null, xp=72435.27000000003, level=9, bloodbond=166, sire=12770, progeny=166,641245], e=FeedRequestMsg: player=578, targetPlayerId=14134]
2009-04-25 12:28:21,269 ERROR: vampire.server.feeding.LogicFeeding handleFeedRequestMessage [player=Player [playerId=578, name=Drabillord, roomId=null, xp=72435.27000000003, level=9, bloodbond=166, sire=12770, progeny=166,641245], e=FeedRequestMsg: player=578, targetPlayerId=14134]
2009-04-25 12:28:22,381 ERROR: vampire.server.feeding.FeedingRecord sendPlayerStartGameMsg [playerId=97772, prey=true, _predatorIndex=]
2009-04-25 12:28:22,382 ERROR: vampire.server.feeding.FeedingRecord sendPlayerStartGameMsg [playerId=95010, prey=false, _predatorIndex=]
2009-04-25 12:28:28,220 ERROR: vampire.server.feeding.FeedingRecord sendPlayerStartGameMsg [playerId=769463, prey=false, _predatorIndex=]
2009-04-25 12:28:38,765 ERROR: vampire.server.feeding.FeedingRecord sendPlayerStartGameMsg [playerId=308635, prey=false, _predatorIndex=]
2009-04-25 12:28:53,916 ERROR: vampire.server.feeding.FeedingRecord sendPlayerStartGameMsg [playerId=5212, prey=true, _predatorIndex=]
2009-04-25 12:28:53,916 ERROR: vampire.server.feeding.FeedingRecord sendPlayerStartGameMsg [playerId=578, prey=false, _predatorIndex=]
2009-04-25 12:28:57,163 ERROR: vampire.server.feeding.LogicFeeding handleFeedRequestMessage [player=Player [playerId=683540, name=???, roomId=null, xp=3867.2, level=3, bloodbond=72249, sire=23989, progeny=], e=FeedRequestMsg: player=683540, targetPlayerId=86926]
2009-04-25 12:29:00,572 ERROR: vampire.server.feeding.FeedingRecord sendPlayerStartGameMsg [playerId=259344, prey=true, _predatorIndex=]
2009-04-25 12:29:00,573 ERROR: vampire.server.feeding.FeedingRecord sendPlayerStartGameMsg [playerId=120364, prey=false, _predatorIndex=]
2009-04-25 12:29:29,595 ERROR: vampire.server.feeding.FeedingRecord sendPlayerStartGameMsg [playerId=129764, prey=true, _predatorIndex=]
2009-04-25 12:29:29,596 ERROR: vampire.server.feeding.FeedingRecord sendPlayerStartGameMsg [playerId=546468, prey=false, _predatorIndex=]
2009-04-25 12:29:37,156 ERROR: vampire.server.feeding.FeedingRecord sendPlayerStartGameMsg [playerId=683540, prey=false, _predatorIndex=]
2009-04-25 12:30:08,295 ERROR: vampire.server.feeding.FeedingRecord sendPlayerStartGameMsg [playerId=87198, prey=true, _predatorIndex=]
2009-04-25 12:30:08,296 ERROR: vampire.server.feeding.FeedingRecord sendPlayerStartGameMsg [playerId=767143, prey=false, _predatorIndex=]

