
>>>>BeginStats

>>>>BeginTable
PlayerId, StartTime, EndTime, ProgenyPayout, XPFromFeeding, FeedingGames, MeanFeedingScore, BloodBond, Progeny, GrandProgeny, Sire, Level, Invites
1010692, 1241365439880, 1241366690750, 0, 1404, 5, 231.4, 70997, 14, 11, 70997, 6, 2
1012813, , , 448.15, 0, 0, 0, 0, 6, 13, 54776, , 
1021278, 1241365930855, 1241367246950, 0, 513, 3, 114.33333333333333, 0, 2, 1, 452296, 3, 
10260, , , 123.30000000000001, 0, 0, 0, 0, 7, 8, 713, , 
102613, , , 20.900000000000002, 0, 0, 0, 0, 1, 0, 39171, , 
103144, , , 25.65, 0, 0, 0, 0, 5, 14, 116005, , 
1032648, 1241368790759, , 0, 0, 0, 0, 0, 4, 0, 234337, 4, 4
103824, 1241363535500, 1241364482560, 0, 456, 3, 98, 0, 0, 0, 900329, 1, 
1042066, 1241365694374, 1241365904206, 0, 58, 1, 116, 0, 0, 0, 0, 1, 
1047840, 1241365886444, , 0, 667, 5, 136.8, 0, 1, 0, 408501, 4, 0
1062231, 1241363632508, 1241364607101, 0, 226, 2, 102.5, 0, 0, 0, 218716, 2, 
1062853, 1241363561217, 1241366911954, 291.45000000000005, 3829, 17, 321.4117647058824, 1138895, 7, 3, 1124214, 5, 1
1071139, 1241366213054, 1241366520771, 0, 267, 1, 267, 0, 0, 0, 153097, 1, 
1075275, 1241363827819, 1241363841803, 0, 0, 0, 0, 0, 0, 0, 0, 1, 
1084285, 1241363472031, 1241364759889, 0, 442, 3, 111, 900329, 0, 0, 769463, 3, 
1088402, 1241368248923, , 0, 2188, 6, 227.66666666666666, 0, 0, 0, 43386, 3, 0
1088819, 1241367777819, 1241367806986, 0, 0, 0, 0, 0, 0, 0, 0, 1, 
1092321, , , 602.55, 0, 0, 0, 0, 23, 14, 35568, , 
110178, , , 133.8, 0, 0, 0, 0, 6, 11, 12770, , 
1111833, 1241367552408, 1241368572077, 0, 384, 2, 126.5, 0, 0, 0, 1192337, 1, 
1112543, 1241368589336, , 0, 543, 4, 135.25, 0, 0, 0, 0, 1, 0
1112884, 1241368233216, , 0, 410, 2, 178, 0, 0, 0, 1148755, 1, 0
1113223, 1241364431467, 1241364475666, 0, 0, 0, 0, 0, 0, 0, 0, 1, 
1114884, 1241363823720, 1241364320786, 0, 534, 2, 267, 0, 1, 0, 998652, 2, 
1115045, 1241369372924, , 0, 0, 0, 0, 0, 0, 0, 0, 1, 0
1115214, 1241363581746, 1241363595599, 0, 0, 0, 0, 0, 0, 0, 0, 1, 
1119819, 1241363659153, 1241363883818, 0, 0, 0, 0, 0, 0, 0, 0, 1, 
1122449, , , 255.95000000000005, 0, 0, 0, 0, 5, 5, 555728, , 
1124214, , , 650.95, 0, 0, 0, 0, 5, 7, 1122449, , 
112535, 1241367097901, 1241367180231, 0, 353, 1, 453, 0, 1, 1, 430717, 4, 0
112616, 1241366439715, 1241369251147, 0, 2647, 16, 124.5625, 0, 0, 0, 174027, 3, 0
1128158, 1241367711648, 1241369376029, 0, 1109, 6, 181.66666666666666, 0, 0, 0, 0, 2, 
113794, , , 127.4, 0, 0, 0, 0, 3, 5, 94657, , 
1138551, 1241366648803, 1241367132199, 0, 183, 1, 134, 0, 0, 0, 1138895, 1, 
1138895, 1241365420797, 1241367132201, 18.3, 2758, 15, 164, 1062853, 1, 0, 227147, 2, 1
1138962, 1241366713187, 1241366999376, 0, 0, 0, 0, 0, 0, 0, 153097, 1, 
1139739, 1241364444587, 1241364577805, 0, 0, 0, 0, 0, 0, 0, 0, 1, 
1144457, 1241369111822, , 0, 0, 0, 0, 0, 0, 0, 0, 1, 0
1145599, 1241368477697, 1241368834801, 0, 0, 0, 0, 0, 0, 0, 0, 1, 
1145721, 1241366033774, 1241366333715, 0, 0, 0, 0, 0, 0, 0, 0, 1, 
1148755, 1241366817143, , 296.65000000000003, 1378, 7, 270.2857142857143, 0, 5, 1, 1092321, 4, 0
1151112, 1241364067150, 1241364210802, 0, 0, 0, 0, 0, 0, 0, 0, 1, 
1152360, 1241364262469, 1241364651795, 0, 0, 0, 0, 0, 0, 0, 70997, 2, 
1155229, 1241367661555, 1241367680501, 0, 0, 0, 0, 0, 0, 0, 0, 1, 
1156485, 1241365583832, 1241368956532, 0, 993, 9, 100.33333333333333, 141044, 0, 0, 1092321, 2, 
1158005, 1241365366542, 1241367805062, 0, 877, 7, 132.42857142857142, 0, 0, 0, 1192337, 1, 
1158201, 1241364638173, 1241364731174, 0, 0, 0, 0, 0, 0, 0, 0, 1, 
1161674, 1241367295006, 1241367392838, 0, 0, 0, 0, 0, 0, 0, 0, 1, 
116180, 1241368477258, 1241368932295, 0, 285, 2, 95.5, 0, 0, 0, 0, 1, 
1162674, 1241367748629, 1241367757556, 0, 0, 0, 0, 0, 0, 0, 0, 1, 
1168478, 1241367209202, , 0, 1290, 7, 153.14285714285714, 0, 0, 0, 1124214, 2, 0
1169237, 1241368079976, , 0, 384, 4, 124.5, 0, 0, 0, 0, 1, 0
1170410, 1241366281422, 1241368327162, 0, 1083, 9, 104.11111111111111, 0, 0, 0, 944429, 2, 
1172947, 1241367034264, 1241367153909, 0, 0, 0, 0, 0, 0, 0, 0, 1, 
1174957, 1241369149225, 1241369157538, 0, 0, 0, 0, 0, 0, 0, 0, 1, 
1176371, 1241365791628, 1241365812426, 0, 0, 0, 0, 0, 0, 0, 0, 1, 
1178289, 1241367629908, 1241367979135, 0, 224, 2, 134.5, 0, 0, 0, 0, 1, 
1178563, 1241363832811, 1241364003419, 0, 0, 0, 0, 0, 0, 0, 0, 1, 
1190294, 1241366299482, 1241366536196, 0, 126, 1, 146, 0, 0, 0, 31330, 1, 
1192267, 1241369146243, 1241369192122, 0, 0, 0, 0, 0, 0, 0, 0, 1, 
1192337, 1241364618330, 1241368838357, 238.20000000000002, 3322, 16, 240.875, 1146252, 9, 1, 1012813, 4, 
1192866, 1241365989423, 1241366242447, 0, 499, 1, 113, 0, 0, 0, 307471, 1, 
119842, , , 11.600000000000001, 0, 0, 0, 0, 7, 0, 351626, , 
1199316, 1241365729929, 1241368060266, 0, 573, 4, 109.5, 0, 0, 0, 1192337, 1, 
1199581, 1241367760698, 1241367939065, 0, 0, 0, 0, 0, 0, 0, 0, 1, 
12, , , 90.60000000000001, 0, 0, 0, 0, 20, 121, 383387, , 
1200065, 1241364369251, 1241364446777, 0, 0, 0, 0, 0, 0, 0, 0, 1, 
1200560, 1241365962725, 1241365994158, 0, 0, 0, 0, 0, 0, 0, 0, 1, 
1201160, 1241368287135, , 0, 148, 2, 81, 0, 0, 0, 0, 1, 0
1201508, 1241364617000, 1241364623482, 0, 0, 0, 0, 0, 0, 0, 0, 1, 
1201803, 1241364745996, 1241365032209, 0, 172, 1, 172, 0, 0, 0, 0, 1, 
1202406, 1241366979532, 1241367237999, 0, 0, 0, 0, 0, 0, 0, 0, 1, 
1203198, 1241367247712, 1241367259321, 0, 0, 0, 0, 0, 0, 0, 0, 1, 
1203489, 1241367200393, 1241367249205, 0, 0, 0, 0, 0, 0, 0, 0, 1, 
1203966, 1241368722303, 1241368794365, 0, 0, 0, 0, 0, 0, 0, 0, 1, 
1204015, 1241367543787, 1241367583312, 0, 0, 0, 0, 0, 0, 0, 0, 1, 
124585, , , 14.45, 0, 0, 0, 0, 5, 4, 143278, , 
125207, 1241368082925, 1241368093728, 0, 0, 0, 0, 273503, 1, 0, 544643, 4, 0
1265, 1241363588954, 1241367674701, 31.5, 0, 0, 0, 0, 14, 32, 12, 16, 3
12770, , , 23.6, 0, 0, 0, 0, 23, 75, 383387, , 
129205, 1241367768051, 1241367785356, 0, 291, 3, 87.66666666666667, 0, 0, 0, 227806, 1, 0
130244, , , 109.40000000000002, 0, 0, 0, 0, 3, 10, 237967, , 
130627, 1241366357532, 1241369308232, 0, 2475, 12, 216.83333333333334, 0, 8, 22, 85079, 11, 5
131657, 1241368095664, 1241368099147, 0, 0, 0, 0, 0, 0, 0, 0, 1, 0
138064, 1241368910070, 1241369155396, 0, 0, 0, 0, 0, 0, 0, 12791, 4, 0
141044, 1241367807547, , 0, 1525, 10, 185, 1156485, 0, 0, 0, 2, 0
141364, , , 25.5, 0, 0, 0, 0, 6, 2, 16514, , 
142394, 1241368465895, 1241368677364, 0, 101, 1, 103, 0, 0, 0, 63951, 1, 0
152578, 1241368804624, , 0, 0, 0, 0, 238356, 0, 0, 208699, 4, 1
153097, 1241365352280, 1241367722573, 26.700000000000003, 2781, 14, 223.42857142857142, 0, 3, 0, 1062853, 3, 3
156414, 1241366917558, 1241367314017, 0, 251, 2, 125.5, 0, 0, 0, 190864, 3, 0
163362, 1241365928464, 1241366099251, 0, 0, 0, 0, 0, 1, 5, 12, 4, 0
16444, 1241364648946, 1241364782923, 0, 0, 0, 0, 0, 0, 0, 1043, 9, 1
164943, 1241366057042, 1241367414285, 0, 813, 6, 117.5, 0, 0, 0, 82321, 1, 
16514, , , 12.75, 0, 0, 0, 0, 4, 8, 1062, , 
16825, , , 6, 0, 0, 0, 0, 14, 6, 4139, , 
169345, 1241367007139, 1241367478738, 0, 1274, 6, 156.5, 0, 1, 0, 113794, 3, 0
169408, 1241363960211, 1241366296513, 0, 0, 0, 0, 0, 3, 4, 173395, 4, 0
171145, 1241366010059, 1241367967762, 0, 315, 2, 182.5, 0, 1, 0, 1265, 4, 6
174027, , , 264.7, 0, 0, 0, 0, 2, 0, 24572, , 
174092, 1241366008752, , 0, 1964, 13, 152.23076923076923, 0, 0, 0, 0, 2, 0
180951, , , 15.6, 0, 0, 0, 0, 2, 7, 153510, , 
187169, 1241367015790, 1241368453217, 0, 472, 3, 144.66666666666666, 0, 1, 0, 110178, 1, 1
188229, , , 11.3, 0, 0, 0, 0, 2, 11, 168234, , 
1892, , , 114.30000000000001, 0, 0, 0, 0, 19, 6, 995, , 
190864, , , 25.1, 0, 0, 0, 0, 2, 1, 296361, , 
191704, 1241364564710, 1241364611704, 0, 0, 0, 0, 0, 0, 0, 0, 1, 
193978, , , 83.95, 0, 0, 0, 0, 4, 5, 196206, , 
195722, 1241364200875, 1241365138762, 0, 100, 1, 93, 37528, 1, 0, 208602, 6, 1
196231, , , 20.8, 0, 0, 0, 0, 5, 0, 7078, , 
198422, 1241365629360, 1241365690720, 0, 0, 0, 0, 0, 0, 0, 0, 1, 
199030, 1241367287745, 1241367297000, 0, 0, 0, 0, 0, 0, 0, 133817, 1, 0
199427, , , 186.90000000000003, 0, 0, 0, 0, 1, 3, 208602, , 
202104, 1241365707779, 1241367717183, 0, 208, 2, 143.5, 0, 0, 0, 196231, 2, 
204546, , , 14.55, 0, 0, 0, 0, 2, 5, 7078, , 
204792, 1241364593415, , 0, 1371, 11, 119.36363636363636, 80646, 0, 0, 80646, 2, 0
208602, , , 103.45000000000002, 0, 0, 0, 0, 7, 3, 351626, , 
212304, 1241366078301, 1241368689011, 0, 1139, 7, 186.14285714285714, 0, 0, 0, 1092321, 4, 0
214539, , , 61.10000000000001, 0, 0, 0, 0, 1, 2, 72070, , 
218716, 1241366941055, 1241367072226, 22.6, 0, 0, 0, 0, 11, 2, 188229, 9, 7
227147, 1241364293593, 1241364792196, 267.15, 312, 2, 145, 0, 6, 4, 238782, 5, 2
227806, , , 29.1, 0, 0, 0, 0, 2, 0, 204546, , 
227953, , , 10.350000000000001, 0, 0, 0, 0, 2, 4, 320570, , 
23340, 1241367696971, 1241367710517, 0, 0, 0, 0, 0, 10, 14, 383387, 20, 11
238782, , , 160.20000000000002, 0, 0, 0, 0, 2, 6, 180951, , 
24572, , , 132.35, 0, 0, 0, 0, 1, 2, 108988, , 
247971, 1241366085382, 1241366479108, 0, 55, 1, 15, 0, 0, 0, 0, 1, 
247992, 1241367807813, 1241368663362, 0, 611, 4, 192.5, 0, 2, 4, 214539, 5, 4
25243, 1241364527925, 1241364802663, 0, 0, 0, 0, 0, 0, 0, 0, 1, 
256746, , , 54.75000000000001, 0, 0, 0, 0, 5, 30, 61984, , 
261567, 1241363605508, 1241363612523, 0, 0, 0, 0, 0, 31, 8, 237231, 13, 13
274529, 1241365832612, 1241366675293, 0, 1036, 9, 121.88888888888889, 0, 0, 0, 1192337, 2, 
285205, 1241369343821, , 0, 0, 0, 0, 0, 0, 0, 154004, 2, 0
285875, 1241368340212, 1241368370116, 0, 0, 0, 0, 0, 0, 0, 395300, 1, 0
286583, 1241367792035, 1241367830570, 0, 0, 0, 0, 0, 0, 0, 141864, 2, 0
296361, , , 12.55, 0, 0, 0, 0, 3, 11, 180570, , 
307471, 1241369249912, , 49.900000000000006, 499, 1, 884, 0, 4, 16, 12, 9, 1
31330, , , 12.600000000000001, 0, 0, 0, 0, 1, 0, 1192337, , 
314868, 1241367225103, 1241367599344, 0, 0, 0, 0, 0, 0, 0, 187169, 1, 
315071, 1241364172760, 1241365250461, 0, 593, 5, 114.8, 0, 0, 0, 900329, 2, 0
32169, 1241367233050, 1241368222571, 0, 1233, 4, 312.75, 219, 7, 0, 10260, 12, 4
338409, , , 11.3, 0, 0, 0, 0, 4, 4, 65584, , 
340234, 1241366747827, 1241366762690, 0, 0, 0, 0, 0, 0, 0, 0, 1, 
346096, , , 20.700000000000003, 0, 0, 0, 0, 2, 0, 227953, , 
351626, , , 10.8, 0, 0, 0, 0, 7, 15, 183403, , 
35568, , , 234.64999999999998, 0, 0, 0, 0, 1, 23, 258951, , 
383249, , , 174.75, 0, 0, 0, 0, 4, 1, 193978, , 
383387, , , 24.950000000000003, 0, 0, 0, 0, 6, 56, 0, , 
384703, , , 5.15, 0, 0, 0, 0, 2, 7, 338481, , 
39171, , , 10.450000000000001, 0, 0, 0, 0, 8, 9, 102770, , 
397835, , , 70.20000000000002, 0, 0, 0, 0, 5, 25, 47379, , 
40081, 1241365258233, 1241366698128, 0, 116, 2, 107.5, 0, 0, 0, 119842, 1, 
406928, 1241366714656, 1241368645932, 0, 1184, 8, 151.25, 0, 0, 0, 1148755, 2, 0
408501, , , 66.7, 0, 0, 0, 0, 6, 14, 637936, , 
409656, , , 10.3, 0, 0, 0, 0, 7, 0, 384703, , 
4139, , , 3, 0, 0, 0, 0, 21, 23, 713, , 
415271, 1241365845483, 1241366814208, 0, 289, 2, 158, 0, 10, 2, 66689, 4, 0
430717, , , 109.50000000000001, 0, 0, 0, 0, 30, 2, 256746, , 
431598, 1241364682094, 1241366014161, 0, 226, 1, 146, 639914, 0, 0, 921283, 3, 0
43386, , , 218.80000000000004, 0, 0, 0, 0, 4, 2, 130244, , 
43402, , , 123.75, 0, 0, 0, 0, 11, 12, 123961, , 
438751, 1241366557359, 1241366726394, 0, 0, 0, 0, 0, 4, 0, 210163, 5, 1
446342, 1241367631538, 1241368855095, 0, 207, 2, 103.5, 0, 0, 0, 346096, 2, 0
447249, 1241368572724, , 0, 1869, 4, 684.75, 10642, 3, 3, 199427, 14, 2
452296, , , 51.3, 0, 0, 0, 0, 7, 4, 103144, , 
47445, 1241367076428, 1241367087034, 0, 0, 0, 0, 72522, 7, 6, 2843, 12, 2
480066, 1241367643057, 1241367660750, 0, 0, 0, 0, 0, 0, 0, 507656, 1, 0
48064, 1241368583758, 1241368812210, 0, 0, 0, 0, 0, 0, 0, 132646, 2, 
480870, 1241368543248, , 0, 725, 4, 159.25, 0, 0, 0, 0, 2, 0
48126, 1241363652955, 1241363657073, 0, 0, 0, 0, 0, 5, 1, 145896, 7, 6
48163, 1241368164153, 1241368416640, 0, 2030, 12, 122.25, 0, 0, 0, 900329, 2, 
48787, 1241363753214, 1241363845702, 0, 0, 0, 0, 0, 0, 0, 0, 1, 
502119, , , 33.050000000000004, 0, 0, 0, 0, 8, 12, 22707, , 
512911, 1241369246700, 1241369454552, 0, 0, 0, 0, 0, 0, 0, 0, 1, 1
53030, , , 7.300000000000001, 0, 0, 0, 0, 9, 6, 122907, , 
538748, , , 14.600000000000001, 0, 0, 0, 0, 1, 5, 53030, , 
541655, , , 5.800000000000001, 0, 0, 0, 0, 1, 14, 126451, , 
543921, 1241363708609, 1241367972137, 0, 1183, 7, 138.28571428571428, 0, 8, 0, 1092321, 4, 0
546523, 1241365450935, 1241365928921, 0, 103, 1, 77, 0, 0, 0, 409656, 1, 0
54776, 1241368401283, 1241369190304, 193.55, 0, 0, 0, 1062, 70, 32, 89757, 15, 3
55022, 1241366523010, 1241368088992, 0, 146, 1, 166, 0, 5, 0, 538748, 3, 
564162, 1241368053893, 1241368767896, 0, 255, 2, 127.5, 176275, 2, 0, 141364, 6, 1
57717, , , 213.85000000000002, 0, 0, 0, 0, 4, 10, 110178, , 
578918, 1241364205584, 1241364521408, 0, 0, 0, 0, 0, 2, 0, 179326, 3, 0
611789, 1241367847291, 1241367850250, 0, 0, 0, 0, 0, 0, 0, 0, 2, 
634607, 1241367142908, 1241369248443, 0, 123, 1, 123, 0, 2, 0, 54776, 4, 
636873, 1241367289655, 1241368702635, 0, 0, 0, 0, 0, 0, 0, 1892, 2, 
637936, , , 33.35, 0, 0, 0, 0, 3, 6, 217283, , 
63951, 1241368431446, 1241368956410, 10.100000000000001, 101, 1, 99, 0, 1, 0, 54776, 2, 0
66689, , , 28.9, 0, 0, 0, 0, 4, 10, 124585, , 
69841, 1241367187167, 1241368268088, 0, 60, 1, 120, 0, 0, 0, 16825, 2, 
70557, , , 242.15, 0, 0, 0, 0, 5, 23, 502119, , 
7078, , , 10.4, 0, 0, 0, 0, 9, 18, 177916, , 
70997, , , 140.40000000000003, 0, 0, 0, 0, 25, 29, 397835, , 
713, , , 61.650000000000006, 0, 0, 0, 0, 10, 65, 12, , 
72070, , , 30.550000000000004, 0, 0, 0, 0, 5, 8, 36, , 
74412, 1241368879290, , 0, 209, 1, 184, 171193, 0, 0, 102613, 4, 0
769463, 1241367310469, , 0, 742, 5, 137.8, 208692, 1, 0, 430717, 4, 0
80646, 1241365719958, , 60.3, 1564, 12, 138.25, 204792, 1, 0, 1148755, 4, 0
82321, 1241365055212, 1241368641051, 81.30000000000001, 1732, 7, 392.2857142857143, 138183, 6, 34, 57717, 11, 2
834132, 1241369327287, , 0, 0, 0, 0, 0, 0, 0, 0, 1, 0
85079, , , 247.5, 0, 0, 0, 0, 4, 11, 43402, , 
85132, 1241367941632, 1241368057702, 0, 0, 0, 0, 0, 2, 0, 42736, 2, 2
862584, 1241367795321, 1241368013837, 0, 0, 0, 0, 0, 0, 0, 0, 1, 
86614, 1241368873394, , 0, 1143, 7, 175.71428571428572, 0, 0, 0, 1892, 4, 0
868186, 1241366154950, 1241366315343, 0, 0, 0, 0, 298666, 1, 0, 210163, 5, 1
8938, , , 11.600000000000001, 0, 0, 0, 0, 14, 5, 541655, , 
89757, , , 11.200000000000001, 0, 0, 0, 0, 3, 73, 20260, , 
900329, 1241363468005, 1241364692222, 352.1, 661, 4, 250.5, 1084285, 23, 5, 70557, 8, 2
9067, 1241369094830, , 0, 116, 1, 119, 0, 0, 0, 8938, 2, 0
908609, 1241368957120, 1241368961257, 0, 0, 0, 0, 0, 0, 0, 0, 1, 
921283, , , 22.6, 0, 0, 0, 0, 4, 0, 338409, , 
944429, 1241367394813, , 13.700000000000001, 1679, 8, 234.125, 0, 1, 0, 383249, 3, 0
94657, , , 63.7, 0, 0, 0, 0, 1, 3, 163484, , 
95038, 1241364951736, 1241364976142, 0, 0, 0, 0, 0, 0, 0, 0, 1, 
96813, 1241369289997, , 0, 0, 0, 0, 0, 0, 0, 22731, 3, 0
98566, 1241367324064, 1241367334635, 0, 0, 0, 0, 0, 0, 0, 0, 1, 
990799, , , 26.700000000000003, 0, 0, 0, 0, 5, 9, 836417, , 
995, , , 57.150000000000006, 0, 0, 0, 0, 11, 22, 12, , 
998652, , , 53.400000000000006, 0, 0, 0, 0, 3, 6, 990799, , 
<<<<EndTable

PlayersOnlineNow=27
PlayersOnlineEachMinute=0, 3, 7, 7, 9, 11, 13, 12, 12, 12, 12, 13, 15, 16, 18, 17, 18, 18, 17, 19, 19, 19, 18, 16, 16, 17, 17, 20, 18, 19, 18, 18, 20, 22, 23, 23, 25, 26, 28, 28, 28, 27, 29, 31, 33, 34, 35, 35, 33, 34, 35, 34, 35, 35, 31, 32, 31, 32, 32, 34, 37, 36, 34, 36, 36, 36, 35, 33, 33, 31, 36, 32, 33, 35, 35, 33, 30, 32, 30, 30, 31, 31, 32, 32, 34, 35, 37, 33, 31, 31, 27, 29, 26, 26, 28, 29, 27, 26, 28, 28
PlayersInEachFeedingGame=3, 2, 1, 1, 1, 2, 1, 2, 2, 2, 2, 2, 2, 2, 2, 2, 1, 1, 2, 1, 2, 1, 2, 2, 2, 2, 2, 1, 2, 2, 1, 2, 2, 2, 2, 2, 2, 1, 3, 1, 1, 2, 1, 2, 1, 2, 2, 2, 1, 2, 2, 2, 1, 2, 2, 2, 2, 1, 2, 2, 2, 1, 2, 2, 2, 2, 1, 3, 2, 2, 2, 1, 2, 1, 1, 1, 1, 3, 2, 2, 2, 1, 2, 2, 2, 2, 2, 2, 2, 2, 2, 2, 2, 1, 2, 2, 2, 1, 2, 2, 2, 2, 2, 2, 2, 2, 2, 2, 1, 1, 1, 1, 2, 2, 3, 2, 2, 1, 1, 1, 1, 2, 2, 2, 2, 2, 1, 2, 2, 2, 2, 1, 1, 2, 2, 1, 2, 2, 2, 2, 2, 2, 1, 2, 2, 2, 2, 2
PlayersStarted=224
PlayersQuit=197
StatsStartTime=1241363466672
StatsDumpTime=1241369467021
<<<<EndStats
2009-05-03 09:51:27,439 ERROR: vampire.server.feeding.FeedingRecord sendPlayerStartGameMsg [playerId=1115045, prey=true, _predatorIndex=]
2009-05-03 09:51:27,439 ERROR: vampire.server.feeding.FeedingRecord sendPlayerStartGameMsg [playerId=96813, prey=false, _predatorIndex=]
2009-05-03 09:51:56,487 ERROR: vampire.server.feeding.FeedingRecord sendPlayerStartGameMsg [playerId=9067, prey=false, _predatorIndex=1144457]
2009-05-03 09:51:57,790 ERROR: vampire.server.feeding.FeedingRecord sendPlayerStartGameMsg [playerId=141044, prey=true, _predatorIndex=]
2009-05-03 09:51:57,790 ERROR: vampire.server.feeding.FeedingRecord sendPlayerStartGameMsg [playerId=152578, prey=false, _predatorIndex=]
2009-05-03 09:52:05,834 ERROR: vampire.server.feeding.FeedingRecord sendPlayerStartGameMsg [playerId=9067, prey=false, _predatorIndex=]
2009-05-03 09:52:17,787 ERROR: vampire.server.feeding.FeedingRecord sendPlayerStartGameMsg [playerId=600380, prey=true, _predatorIndex=]
2009-05-03 09:52:17,788 ERROR: vampire.server.feeding.FeedingRecord sendPlayerStartGameMsg [playerId=218716, prey=false, _predatorIndex=]
2009-05-03 09:53:45,696 ERROR: vampire.server.feeding.FeedingRecord sendPlayerStartGameMsg [playerId=1032648, prey=false, _predatorIndex=]
2009-05-03 09:54:23,571 ERROR: vampire.server.feeding.FeedingRecord sendPlayerStartGameMsg [playerId=74412, prey=false, _predatorIndex=]
2009-05-03 09:54:25,715 ERROR: vampire.server.feeding.FeedingRecord sendPlayerStartGameMsg [playerId=1205841, prey=false, _predatorIndex=]
2009-05-03 09:54:43,415 ERROR: vampire.server.feeding.FeedingRecord sendPlayerStartGameMsg [playerId=600380, prey=true, _predatorIndex=]
2009-05-03 09:54:43,416 ERROR: vampire.server.feeding.FeedingRecord sendPlayerStartGameMsg [playerId=218716, prey=false, _predatorIndex=]
2009-05-03 09:55:24,423 ERROR: vampire.server.feeding.FeedingRecord sendPlayerStartGameMsg [playerId=944429, prey=false, _predatorIndex=]
2009-05-03 09:55:54,557 ERROR: vampire.server.feeding.FeedingRecord sendPlayerStartGameMsg [playerId=174092, prey=false, _predatorIndex=944429]
2009-05-03 09:56:06,197 ERROR: vampire.server.feeding.FeedingRecord sendPlayerStartGameMsg [playerId=1201160, prey=true, _predatorIndex=]
2009-05-03 09:56:06,197 ERROR: vampire.server.feeding.FeedingRecord sendPlayerStartGameMsg [playerId=174092, prey=false, _predatorIndex=]
2009-05-03 09:56:14,030 ERROR: vampire.server.feeding.FeedingRecord sendPlayerStartGameMsg [playerId=480870, prey=false, _predatorIndex=944429,174092]
2009-05-03 09:56:16,655 ERROR: vampire.server.feeding.FeedingRecord sendPlayerStartGameMsg [playerId=9067, prey=false, _predatorIndex=]
2009-05-03 09:57:10,414 ERROR: vampire.server.feeding.FeedingRecord sendPlayerStartGameMsg [playerId=600380, prey=true, _predatorIndex=]
2009-05-03 09:57:10,414 ERROR: vampire.server.feeding.FeedingRecord sendPlayerStartGameMsg [playerId=218716, prey=false, _predatorIndex=]
2009-05-03 09:57:48,558 ERROR: vampire.server.feeding.FeedingRecord sendPlayerStartGameMsg [playerId=944429, prey=false, _predatorIndex=174092]
2009-05-03 09:58:06,391 ERROR: vampire.server.feeding.FeedingRecord sendPlayerStartGameMsg [playerId=944429, prey=false, _predatorIndex=834132]
2009-05-03 09:58:26,756 ERROR: vampire.server.feeding.FeedingRecord sendPlayerStartGameMsg [playerId=174092, prey=true, _predatorIndex=]
2009-05-03 09:58:26,757 ERROR: vampire.server.feeding.FeedingRecord sendPlayerStartGameMsg [playerId=944429, prey=false, _predatorIndex=]
2009-05-03 09:59:09,554 ERROR: vampire.server.feeding.FeedingRecord sendPlayerStartGameMsg [playerId=1148755, prey=true, _predatorIndex=]
2009-05-03 09:59:09,554 ERROR: vampire.server.feeding.FeedingRecord sendPlayerStartGameMsg [playerId=285205, prey=false, _predatorIndex=]
2009-05-03 10:00:06,623 ERROR: vampire.server.feeding.FeedingRecord sendPlayerStartGameMsg [playerId=1112884, prey=false, _predatorIndex=285205]
2009-05-03 10:00:09,975 ERROR: vampire.server.feeding.FeedingRecord sendPlayerStartGameMsg [playerId=74412, prey=false, _predatorIndex=]
2009-05-03 10:00:44,916 ERROR: vampire.server.feeding.FeedingRecord sendPlayerStartGameMsg [playerId=1180760, prey=true, _predatorIndex=]
2009-05-03 10:00:44,917 ERROR: vampire.server.feeding.FeedingRecord sendPlayerStartGameMsg [playerId=834132, prey=false, _predatorIndex=]
2009-05-03 10:00:47,169 ERROR: vampire.server.feeding.FeedingRecord sendPlayerStartGameMsg [playerId=69683, prey=false, _predatorIndex=]

>>>>BeginStats

>>>>BeginTable
PlayerId, StartTime, EndTime, ProgenyPayout, XPFromFeeding, FeedingGames, MeanFeedingScore, BloodBond, Progeny, GrandProgeny, Sire, Level, Invites
1010692, 1241365439880, 1241366690750, 0, 1404, 5, 231.4, 70997, 14, 11, 70997, 6, 2
1012813, , , 448.15, 0, 0, 0, 0, 6, 13, 54776, , 
1021278, 1241365930855, 1241367246950, 0, 513, 3, 114.33333333333333, 0, 2, 1, 452296, 3, 
10260, , , 123.30000000000001, 0, 0, 0, 0, 7, 8, 713, , 
102613, , , 40, 0, 0, 0, 0, 1, 0, 39171, , 
103144, , , 25.65, 0, 0, 0, 0, 5, 14, 116005, , 
1032648, 1241368790759, , 0, 290, 3, 124.33333333333333, 0, 4, 0, 234337, 4, 4
103824, 1241363535500, 1241364482560, 0, 456, 3, 98, 0, 0, 0, 900329, 1, 
1042066, 1241365694374, 1241365904206, 0, 58, 1, 116, 0, 0, 0, 0, 1, 
1047840, 1241365886444, , 0, 667, 5, 136.8, 0, 1, 0, 408501, 4, 0
1062231, 1241363632508, 1241364607101, 0, 226, 2, 102.5, 0, 0, 0, 218716, 2, 
1062853, 1241363561217, 1241366911954, 291.45000000000005, 3829, 17, 321.4117647058824, 1138895, 7, 3, 1124214, 5, 1
1063171, 1241370059788, , 0, 0, 0, 0, 0, 0, 0, 0, 1, 0
1071139, 1241366213054, 1241366520771, 0, 267, 1, 267, 0, 0, 0, 153097, 1, 
1075275, 1241363827819, 1241363841803, 0, 0, 0, 0, 0, 0, 0, 0, 1, 
1084285, 1241363472031, 1241364759889, 0, 442, 3, 111, 900329, 0, 0, 769463, 3, 
1088402, 1241368248923, 1241370029951, 0, 2188, 6, 227.66666666666666, 0, 0, 0, 43386, 3, 
1088819, 1241367777819, 1241367806986, 0, 0, 0, 0, 0, 0, 0, 0, 1, 
1092321, , , 602.55, 0, 0, 0, 0, 23, 15, 35568, , 
110178, , , 133.8, 0, 0, 0, 0, 6, 11, 12770, , 
1107337, 1241369757206, 1241369803658, 0, 0, 0, 0, 0, 0, 0, 0, 1, 
1111833, 1241367552408, 1241368572077, 0, 384, 2, 126.5, 0, 0, 0, 1192337, 1, 
1112543, 1241368589336, 1241369573763, 0, 543, 4, 135.25, 0, 0, 0, 0, 1, 
1112884, 1241368233216, , 0, 410, 2, 178, 0, 0, 0, 1148755, 1, 0
1113223, 1241364431467, 1241364475666, 0, 0, 0, 0, 0, 0, 0, 0, 1, 
1114884, 1241363823720, 1241364320786, 0, 534, 2, 267, 0, 1, 0, 998652, 2, 
1115045, 1241369372924, 1241369632164, 0, 137, 1, 111, 0, 0, 0, 0, 1, 
1115214, 1241363581746, 1241363595599, 0, 0, 0, 0, 0, 0, 0, 0, 1, 
1119819, 1241363659153, 1241363883818, 0, 0, 0, 0, 0, 0, 0, 0, 1, 
1122449, , , 263.90000000000003, 0, 0, 0, 0, 5, 5, 555728, , 
1124214, , , 666.85, 0, 0, 0, 0, 5, 7, 1122449, , 
112535, 1241367097901, 1241367180231, 0, 353, 1, 453, 0, 1, 1, 430717, 4, 0
112616, 1241366439715, 1241369251147, 0, 2647, 16, 124.5625, 0, 0, 0, 174027, 3, 0
1128158, 1241367711648, 1241369376029, 0, 1109, 6, 181.66666666666666, 0, 0, 0, 0, 2, 
113794, , , 127.4, 0, 0, 0, 0, 3, 5, 94657, , 
1138551, 1241366648803, 1241367132199, 0, 183, 1, 134, 0, 0, 0, 1138895, 1, 
1138895, 1241365420797, 1241367132201, 18.3, 2758, 15, 164, 1062853, 1, 0, 227147, 2, 1
1138962, 1241366713187, 1241366999376, 0, 0, 0, 0, 0, 0, 0, 153097, 1, 
1139739, 1241364444587, 1241364577805, 0, 0, 0, 0, 0, 0, 0, 0, 1, 
1144457, 1241369111822, 1241369659827, 0, 61, 1, 121, 0, 0, 0, 0, 1, 
1145599, 1241368477697, 1241368834801, 0, 0, 0, 0, 0, 0, 0, 0, 1, 
1145721, 1241366033774, 1241366333715, 0, 0, 0, 0, 0, 0, 0, 0, 1, 
1148755, 1241369808526, , 296.65000000000003, 1378, 7, 270.2857142857143, 0, 6, 1, 1092321, 4, 1
1151112, 1241364067150, 1241364210802, 0, 0, 0, 0, 0, 0, 0, 0, 1, 
1152360, 1241364262469, 1241364651795, 0, 0, 0, 0, 0, 0, 0, 70997, 2, 
1155229, 1241367661555, 1241367680501, 0, 0, 0, 0, 0, 0, 0, 0, 1, 
1156485, 1241365583832, 1241368956532, 0, 993, 9, 100.33333333333333, 141044, 0, 0, 1092321, 2, 
1158005, 1241365366542, 1241367805062, 0, 877, 7, 132.42857142857142, 0, 0, 0, 1192337, 1, 
1158201, 1241364638173, 1241364731174, 0, 0, 0, 0, 0, 0, 0, 0, 1, 
1161674, 1241367295006, 1241367392838, 0, 0, 0, 0, 0, 0, 0, 0, 1, 
116180, 1241368477258, 1241368932295, 0, 285, 2, 95.5, 0, 0, 0, 0, 1, 
1162674, 1241367748629, 1241367757556, 0, 0, 0, 0, 0, 0, 0, 0, 1, 
1168478, 1241367209202, 1241369726791, 0, 1449, 8, 149, 0, 0, 0, 1124214, 2, 
1169237, 1241368079976, 1241369592866, 0, 384, 4, 124.5, 0, 0, 0, 0, 1, 
1170410, 1241366281422, 1241368327162, 0, 1083, 9, 104.11111111111111, 0, 0, 0, 944429, 2, 
1172947, 1241367034264, 1241367153909, 0, 0, 0, 0, 0, 0, 0, 0, 1, 
1174957, 1241369149225, 1241369157538, 0, 0, 0, 0, 0, 0, 0, 0, 1, 
1176371, 1241365791628, 1241365812426, 0, 0, 0, 0, 0, 0, 0, 0, 1, 
1177993, 1241369909953, 1241370007853, 0, 0, 0, 0, 0, 0, 0, 0, 1, 
1178289, 1241367629908, 1241367979135, 0, 224, 2, 134.5, 0, 0, 0, 0, 1, 
1178563, 1241363832811, 1241364003419, 0, 0, 0, 0, 0, 0, 0, 0, 1, 
1180760, 1241369833699, , 0, 0, 0, 0, 0, 0, 0, 0, 1, 0
1190294, 1241366299482, 1241366536196, 0, 126, 1, 146, 0, 0, 0, 31330, 1, 
1192267, 1241369146243, 1241369192122, 0, 0, 0, 0, 0, 0, 0, 0, 1, 
1192337, 1241364618330, 1241368838357, 238.20000000000002, 3322, 16, 240.875, 1146252, 9, 1, 1012813, 4, 
1192866, 1241365989423, 1241366242447, 0, 499, 1, 113, 0, 0, 0, 307471, 1, 
119842, , , 11.600000000000001, 0, 0, 0, 0, 7, 0, 351626, , 
1199316, 1241369552372, , 0, 573, 4, 109.5, 0, 0, 0, 1192337, 1, 0
1199581, 1241367760698, 1241367939065, 0, 0, 0, 0, 0, 0, 0, 0, 1, 
12, , , 90.60000000000001, 0, 0, 0, 0, 20, 122, 383387, , 
1200065, 1241364369251, 1241364446777, 0, 0, 0, 0, 0, 0, 0, 0, 1, 
1200560, 1241365962725, 1241365994158, 0, 0, 0, 0, 0, 0, 0, 0, 1, 
1201160, 1241368287135, , 0, 291, 3, 94.66666666666667, 0, 0, 0, 0, 1, 0
1201508, 1241364617000, 1241364623482, 0, 0, 0, 0, 0, 0, 0, 0, 1, 
1201803, 1241364745996, 1241365032209, 0, 172, 1, 172, 0, 0, 0, 0, 1, 
1202406, 1241366979532, 1241367237999, 0, 0, 0, 0, 0, 0, 0, 0, 1, 
1203198, 1241367247712, 1241367259321, 0, 0, 0, 0, 0, 0, 0, 0, 1, 
1203489, 1241367200393, 1241367249205, 0, 0, 0, 0, 0, 0, 0, 0, 1, 
1203966, 1241368722303, 1241368794365, 0, 0, 0, 0, 0, 0, 0, 0, 1, 
1204015, 1241367543787, 1241367583312, 0, 0, 0, 0, 0, 0, 0, 0, 1, 
1205841, 1241369622803, 1241369841451, 0, 61, 1, 61, 0, 0, 0, 0, 1, 
1205961, 1241369710954, 1241369720207, 0, 0, 0, 0, 0, 0, 0, 307471, 1, 
124585, , , 14.45, 0, 0, 0, 0, 5, 4, 143278, , 
125207, 1241368082925, 1241368093728, 0, 0, 0, 0, 273503, 1, 0, 544643, 4, 0
1265, 1241363588954, 1241367674701, 31.5, 0, 0, 0, 0, 14, 32, 12, 16, 3
12770, , , 23.6, 0, 0, 0, 0, 23, 75, 383387, , 
129205, 1241367768051, 1241367785356, 0, 291, 3, 87.66666666666667, 0, 0, 0, 227806, 1, 0
130244, , , 109.40000000000002, 0, 0, 0, 0, 3, 10, 237967, , 
130627, 1241366357532, 1241369308232, 0, 2475, 12, 216.83333333333334, 0, 8, 22, 85079, 11, 5
131657, 1241368095664, 1241368099147, 0, 0, 0, 0, 0, 0, 0, 0, 1, 0
138064, 1241368910070, 1241369155396, 0, 0, 0, 0, 0, 0, 0, 12791, 4, 0
141044, 1241367807547, , 0, 1730, 11, 188.0909090909091, 1156485, 0, 0, 0, 2, 0
141364, , , 25.5, 0, 0, 0, 0, 6, 2, 16514, , 
142394, 1241368465895, 1241368677364, 0, 101, 1, 103, 0, 0, 0, 63951, 1, 0
152578, 1241368804624, , 0, 205, 1, 191, 238356, 0, 0, 208699, 4, 1
153097, 1241365352280, 1241367722573, 26.700000000000003, 2781, 14, 223.42857142857142, 0, 3, 0, 1062853, 3, 3
154004, , , 88.05000000000001, 0, 0, 0, 0, 8, 1, 90041, , 
156414, 1241366917558, 1241367314017, 0, 251, 2, 125.5, 0, 0, 0, 190864, 3, 0
163362, 1241365928464, 1241366099251, 0, 0, 0, 0, 0, 1, 5, 12, 4, 0
16444, 1241364648946, 1241364782923, 0, 0, 0, 0, 0, 0, 0, 1043, 9, 1
164943, 1241366057042, 1241367414285, 0, 813, 6, 117.5, 0, 0, 0, 82321, 1, 
16514, , , 12.75, 0, 0, 0, 0, 4, 8, 1062, , 
168234, , , 33.75, 0, 0, 0, 0, 6, 9, 100080, , 
16825, , , 6, 0, 0, 0, 0, 14, 6, 4139, , 
169345, 1241367007139, 1241367478738, 0, 1274, 6, 156.5, 0, 1, 0, 113794, 3, 0
169408, 1241363960211, 1241366296513, 0, 0, 0, 0, 0, 3, 4, 173395, 4, 0
171145, 1241366010059, 1241367967762, 0, 315, 2, 182.5, 0, 1, 0, 1265, 4, 6
174027, , , 264.7, 0, 0, 0, 0, 2, 0, 24572, , 
174092, 1241366008752, , 0, 2253, 15, 151.53333333333333, 0, 0, 0, 0, 2, 0
180951, , , 15.6, 0, 0, 0, 0, 2, 7, 153510, , 
182050, 1241369751745, 1241369797575, 0, 0, 0, 0, 0, 0, 0, 0, 1, 
187169, 1241367015790, 1241368453217, 0, 472, 3, 144.66666666666666, 0, 1, 0, 110178, 1, 1
188229, , , 112.55, 0, 0, 0, 0, 2, 11, 168234, , 
1892, , , 130, 0, 0, 0, 0, 19, 6, 995, , 
190864, , , 25.1, 0, 0, 0, 0, 2, 1, 296361, , 
191704, 1241364564710, 1241364611704, 0, 0, 0, 0, 0, 0, 0, 0, 1, 
193978, , , 117.15, 0, 0, 0, 0, 4, 5, 196206, , 
195722, 1241364200875, 1241365138762, 0, 100, 1, 93, 37528, 1, 0, 208602, 6, 1
196231, , , 20.8, 0, 0, 0, 0, 5, 0, 7078, , 
198422, 1241369717109, 1241369832280, 0, 0, 0, 0, 0, 0, 0, 1148755, 1, 
199030, 1241367287745, 1241367297000, 0, 0, 0, 0, 0, 0, 0, 133817, 1, 0
199427, , , 186.90000000000003, 0, 0, 0, 0, 1, 3, 208602, , 
202104, 1241365707779, 1241367717183, 0, 208, 2, 143.5, 0, 0, 0, 196231, 2, 
204546, , , 14.55, 0, 0, 0, 0, 2, 5, 7078, , 
204792, 1241364593415, , 0, 1371, 11, 119.36363636363636, 80646, 0, 0, 80646, 2, 0
208602, , , 103.45000000000002, 0, 0, 0, 0, 7, 3, 351626, , 
208699, , , 20.5, 0, 0, 0, 0, 4, 5, 36200, , 
212304, 1241366078301, 1241368689011, 0, 1139, 7, 186.14285714285714, 0, 0, 0, 1092321, 4, 0
214539, , , 61.10000000000001, 0, 0, 0, 0, 1, 2, 72070, , 
218716, 1241369528729, , 90.1, 675, 1, 980, 0, 11, 2, 188229, 9, 7
227147, 1241364293593, 1241364792196, 267.15, 312, 2, 145, 0, 6, 4, 238782, 5, 2
22731, , , 49.00000000000001, 0, 0, 0, 0, 14, 1, 351430, , 
227806, , , 29.1, 0, 0, 0, 0, 2, 0, 204546, , 
227953, , , 10.350000000000001, 0, 0, 0, 0, 2, 4, 320570, , 
23340, 1241367696971, 1241367710517, 0, 0, 0, 0, 0, 10, 14, 383387, 20, 11
234337, , , 29.000000000000004, 0, 0, 0, 0, 5, 5, 97523, , 
238782, , , 160.20000000000002, 0, 0, 0, 0, 2, 6, 180951, , 
239280, 1241370058931, , 0, 0, 0, 0, 0, 0, 0, 202632, 1, 0
24572, , , 132.35, 0, 0, 0, 0, 1, 2, 108988, , 
247971, 1241366085382, 1241366479108, 0, 55, 1, 15, 0, 0, 0, 0, 1, 
247992, 1241367807813, 1241368663362, 0, 611, 4, 192.5, 0, 2, 4, 214539, 5, 4
25243, 1241364527925, 1241364802663, 0, 0, 0, 0, 0, 0, 0, 0, 1, 
256746, , , 54.75000000000001, 0, 0, 0, 0, 5, 30, 61984, , 
261567, 1241363605508, 1241363612523, 0, 0, 0, 0, 0, 31, 8, 237231, 13, 13
274529, 1241365832612, 1241366675293, 0, 1036, 9, 121.88888888888889, 0, 0, 0, 1192337, 2, 
285205, 1241369343821, , 58.7, 587, 4, 124.75, 0, 1, 0, 154004, 2, 0
285875, 1241368340212, 1241368370116, 0, 0, 0, 0, 0, 0, 0, 395300, 1, 0
286583, 1241367792035, 1241367830570, 0, 0, 0, 0, 0, 0, 0, 141864, 2, 0
296361, , , 12.55, 0, 0, 0, 0, 3, 11, 180570, , 
307471, 1241369249912, 1241369712216, 49.900000000000006, 499, 1, 884, 0, 5, 16, 12, 9, 1
31330, , , 12.600000000000001, 0, 0, 0, 0, 1, 0, 1192337, , 
314868, 1241367225103, 1241367599344, 0, 0, 0, 0, 0, 0, 0, 187169, 1, 
315071, 1241364172760, 1241365250461, 0, 593, 5, 114.8, 0, 0, 0, 900329, 2, 0
32169, 1241367233050, 1241368222571, 0, 1233, 4, 312.75, 219, 7, 0, 10260, 12, 4
338409, , , 11.3, 0, 0, 0, 0, 4, 4, 65584, , 
340234, 1241366747827, 1241366762690, 0, 0, 0, 0, 0, 0, 0, 0, 1, 
346096, , , 20.700000000000003, 0, 0, 0, 0, 2, 0, 227953, , 
351430, , , 24.500000000000004, 0, 0, 0, 0, 11, 44, 336228, , 
351626, , , 10.8, 0, 0, 0, 0, 7, 15, 183403, , 
35568, , , 234.64999999999998, 0, 0, 0, 0, 1, 23, 258951, , 
36200, , , 10.25, 0, 0, 0, 0, 2, 5, 93202, , 
372304, 1241369945321, 1241369953505, 0, 0, 0, 0, 0, 0, 0, 0, 1, 
383249, , , 241.15, 0, 0, 0, 0, 4, 1, 193978, , 
383387, , , 24.950000000000003, 0, 0, 0, 0, 6, 56, 0, , 
384703, , , 5.15, 0, 0, 0, 0, 2, 7, 338481, , 
39171, , , 20, 0, 0, 0, 0, 8, 9, 102770, , 
397835, , , 70.20000000000002, 0, 0, 0, 0, 5, 25, 47379, , 
40081, 1241365258233, 1241366698128, 0, 116, 2, 107.5, 0, 0, 0, 119842, 1, 
406928, 1241366714656, 1241368645932, 0, 1184, 8, 151.25, 0, 0, 0, 1148755, 2, 0
408501, , , 66.7, 0, 0, 0, 0, 6, 14, 637936, , 
409656, , , 10.3, 0, 0, 0, 0, 7, 0, 384703, , 
4139, , , 3, 0, 0, 0, 0, 21, 23, 713, , 
415271, 1241365845483, 1241366814208, 0, 289, 2, 158, 0, 10, 2, 66689, 4, 0
430717, , , 109.50000000000001, 0, 0, 0, 0, 30, 2, 256746, , 
431598, 1241364682094, 1241366014161, 0, 226, 1, 146, 639914, 0, 0, 921283, 3, 0
43386, , , 218.80000000000004, 0, 0, 0, 0, 4, 2, 130244, , 
43402, , , 123.75, 0, 0, 0, 0, 11, 12, 123961, , 
438751, 1241366557359, 1241366726394, 0, 0, 0, 0, 0, 4, 0, 210163, 5, 1
446342, 1241367631538, 1241368855095, 0, 207, 2, 103.5, 0, 0, 0, 346096, 2, 0
447249, 1241368572724, , 0, 1869, 4, 684.75, 10642, 3, 3, 199427, 14, 2
452296, , , 51.3, 0, 0, 0, 0, 7, 4, 103144, , 
47445, 1241367076428, 1241367087034, 0, 0, 0, 0, 72522, 7, 6, 2843, 12, 2
480066, 1241367643057, 1241367660750, 0, 0, 0, 0, 0, 0, 0, 507656, 1, 0
48064, 1241368583758, 1241368812210, 0, 0, 0, 0, 0, 0, 0, 132646, 2, 
480870, 1241368543248, 1241370061976, 0, 1113, 7, 151.28571428571428, 0, 0, 0, 0, 2, 
48126, 1241363652955, 1241363657073, 0, 0, 0, 0, 0, 5, 1, 145896, 7, 6
48163, 1241368164153, 1241368416640, 0, 2030, 12, 122.25, 0, 0, 0, 900329, 2, 
48787, 1241363753214, 1241363845702, 0, 0, 0, 0, 0, 0, 0, 0, 1, 
502119, , , 33.050000000000004, 0, 0, 0, 0, 8, 12, 22707, , 
506653, 1241369681757, 1241369703025, 0, 0, 0, 0, 0, 0, 0, 0, 1, 0
512911, 1241369246700, 1241369454552, 0, 0, 0, 0, 0, 0, 0, 0, 1, 1
53030, , , 7.300000000000001, 0, 0, 0, 0, 9, 6, 122907, , 
538748, , , 14.600000000000001, 0, 0, 0, 0, 1, 5, 53030, , 
541655, , , 33.1, 0, 0, 0, 0, 1, 14, 126451, , 
543921, 1241363708609, 1241367972137, 0, 1183, 7, 138.28571428571428, 0, 8, 0, 1092321, 4, 0
546523, 1241365450935, 1241365928921, 0, 103, 1, 77, 0, 0, 0, 409656, 1, 0
54776, 1241369829243, , 193.55, 0, 0, 0, 1062, 70, 32, 89757, 15, 3
55022, 1241366523010, 1241368088992, 0, 146, 1, 166, 0, 5, 0, 538748, 3, 
553237, 1241370061165, , 0, 0, 0, 0, 0, 0, 0, 0, 1, 0
564162, 1241368053893, 1241368767896, 0, 255, 2, 127.5, 176275, 2, 0, 141364, 6, 1
57717, , , 213.85000000000002, 0, 0, 0, 0, 4, 10, 110178, , 
578918, 1241364205584, 1241364521408, 0, 0, 0, 0, 0, 2, 0, 179326, 3, 0
600380, 1241369531574, , 0, 675, 1, 370, 0, 0, 0, 218716, 1, 0
611789, 1241367847291, 1241367850250, 0, 0, 0, 0, 0, 0, 0, 0, 2, 
634607, 1241367142908, 1241369248443, 0, 123, 1, 123, 0, 2, 0, 54776, 4, 
636873, 1241367289655, 1241368702635, 0, 0, 0, 0, 0, 0, 0, 1892, 2, 
637936, , , 33.35, 0, 0, 0, 0, 3, 6, 217283, , 
63951, 1241368431446, 1241368956410, 10.100000000000001, 101, 1, 99, 0, 1, 0, 54776, 2, 0
66689, , , 28.9, 0, 0, 0, 0, 4, 10, 124585, , 
69683, 1241369873367, , 0, 0, 0, 0, 0, 0, 0, 0, 1, 0
69841, 1241367187167, 1241368268088, 0, 60, 1, 120, 0, 0, 0, 16825, 2, 
70557, , , 242.15, 0, 0, 0, 0, 5, 23, 502119, , 
7078, , , 10.4, 0, 0, 0, 0, 9, 18, 177916, , 
70997, , , 140.40000000000003, 0, 0, 0, 0, 25, 29, 397835, , 
713, , , 61.650000000000006, 0, 0, 0, 0, 10, 65, 12, , 
72070, , , 30.550000000000004, 0, 0, 0, 0, 5, 8, 36, , 
74412, 1241368879290, , 0, 400, 2, 187.5, 171193, 0, 0, 102613, 4, 0
757190, 1241369528062, 1241369566535, 0, 0, 0, 0, 0, 0, 0, 0, 1, 
769463, 1241367310469, , 0, 742, 5, 137.8, 208692, 1, 0, 430717, 4, 0
80646, 1241365719958, , 60.3, 1564, 12, 138.25, 204792, 1, 0, 1148755, 4, 0
82321, 1241365055212, 1241368641051, 81.30000000000001, 1732, 7, 392.2857142857143, 138183, 6, 34, 57717, 11, 2
834132, 1241369327287, , 0, 587, 4, 168.25, 0, 0, 0, 285205, 2, 0
85079, , , 247.5, 0, 0, 0, 0, 4, 11, 43402, , 
85132, 1241367941632, 1241368057702, 0, 0, 0, 0, 0, 2, 0, 42736, 2, 2
862584, 1241367795321, 1241368013837, 0, 0, 0, 0, 0, 0, 0, 0, 1, 
86614, 1241369653688, 1241369715317, 0, 1300, 8, 176.625, 0, 0, 0, 1892, 4, 
868186, 1241366154950, 1241366315343, 0, 0, 0, 0, 298666, 1, 0, 210163, 5, 1
8938, , , 66.2, 0, 0, 0, 0, 14, 5, 541655, , 
89757, , , 11.200000000000001, 0, 0, 0, 0, 3, 73, 20260, , 
900329, 1241363468005, 1241364692222, 352.1, 661, 4, 250.5, 1084285, 23, 5, 70557, 8, 2
90041, , , 29.35, 0, 0, 0, 0, 6, 8, 258951, , 
9067, 1241369094830, , 0, 662, 4, 175.75, 0, 0, 0, 8938, 2, 0
908609, 1241368957120, 1241368961257, 0, 0, 0, 0, 0, 0, 0, 0, 1, 
921283, , , 22.6, 0, 0, 0, 0, 4, 0, 338409, , 
942791, 1241370059134, , 0, 0, 0, 0, 0, 0, 0, 217283, 3, 0
944429, 1241367394813, , 13.700000000000001, 2343, 11, 234, 0, 1, 0, 383249, 3, 0
94657, , , 63.7, 0, 0, 0, 0, 1, 3, 163484, , 
95038, 1241364951736, 1241364976142, 0, 0, 0, 0, 0, 0, 0, 0, 1, 
96813, 1241369661803, 1241369863064, 0, 490, 2, 246.5, 0, 0, 0, 22731, 3, 
97523, , , 14.500000000000002, 0, 0, 0, 0, 1, 5, 371343, , 
98566, 1241367324064, 1241367334635, 0, 0, 0, 0, 0, 0, 0, 0, 1, 
990799, , , 26.700000000000003, 0, 0, 0, 0, 5, 9, 836417, , 
995, , , 65, 0, 0, 0, 0, 11, 22, 12, , 
998652, , , 53.400000000000006, 0, 0, 0, 0, 3, 6, 990799, , 
<<<<EndTable

PlayersOnlineNow=27
PlayersOnlineEachMinute=0, 3, 7, 7, 9, 11, 13, 12, 12, 12, 12, 13, 15, 16, 18, 17, 18, 18, 17, 19, 19, 19, 18, 16, 16, 17, 17, 20, 18, 19, 18, 18, 20, 22, 23, 23, 25, 26, 28, 28, 28, 27, 29, 31, 33, 34, 35, 35, 33, 34, 35, 34, 35, 35, 31, 32, 31, 32, 32, 34, 37, 36, 34, 36, 36, 36, 35, 33, 33, 31, 36, 32, 33, 35, 35, 33, 30, 32, 30, 30, 31, 31, 32, 32, 34, 35, 37, 33, 31, 31, 27, 29, 26, 26, 28, 29, 27, 26, 28, 28, 27, 27, 29, 27, 27, 26, 25, 25, 28, 25
PlayersInEachFeedingGame=3, 2, 1, 1, 1, 2, 1, 2, 2, 2, 2, 2, 2, 2, 2, 2, 1, 1, 2, 1, 2, 1, 2, 2, 2, 2, 2, 1, 2, 2, 1, 2, 2, 2, 2, 2, 2, 1, 3, 1, 1, 2, 1, 2, 1, 2, 2, 2, 1, 2, 2, 2, 1, 2, 2, 2, 2, 1, 2, 2, 2, 1, 2, 2, 2, 2, 1, 3, 2, 2, 2, 1, 2, 1, 1, 1, 1, 3, 2, 2, 2, 1, 2, 2, 2, 2, 2, 2, 2, 2, 2, 2, 2, 1, 2, 2, 2, 1, 2, 2, 2, 2, 2, 2, 2, 2, 2, 2, 1, 1, 1, 1, 2, 2, 3, 2, 2, 1, 1, 1, 1, 2, 2, 2, 2, 2, 1, 2, 2, 2, 2, 1, 1, 2, 2, 1, 2, 2, 2, 2, 2, 2, 1, 2, 2, 2, 2, 2, 2, 2, 1, 2, 1, 1, 1, 2, 1, 2, 1, 2, 2, 2, 1, 2, 1
PlayersStarted=251
PlayersQuit=224
StatsStartTime=1241363466672
StatsDumpTime=1241370067066
<<<<EndStats
2009-05-03 10:01:30,130 ERROR: vampire.server.feeding.FeedingRecord sendPlayerStartGameMsg [playerId=174092, prey=false, _predatorIndex=]
2009-05-03 10:01:41,325 ERROR: vampire.server.feeding.FeedingRecord sendPlayerStartGameMsg [playerId=239280, prey=false, _predatorIndex=74412]
2009-05-03 10:02:05,274 ERROR: vampire.server.feeding.FeedingRecord sendPlayerStartGameMsg [playerId=1199316, prey=true, _predatorIndex=]
2009-05-03 10:02:05,275 ERROR: vampire.server.feeding.FeedingRecord sendPlayerStartGameMsg [playerId=69683, prey=false, _predatorIndex=]
2009-05-03 10:02:05,773 ERROR: vampire.server.feeding.FeedingRecord sendPlayerStartGameMsg [playerId=238812, prey=true, _predatorIndex=]
2009-05-03 10:02:05,774 ERROR: vampire.server.feeding.FeedingRecord sendPlayerStartGameMsg [playerId=447249, prey=false, _predatorIndex=]
2009-05-03 10:03:28,206 ERROR: vampire.server.feeding.FeedingRecord sendPlayerStartGameMsg [playerId=69683, prey=false, _predatorIndex=69683]
2009-05-03 10:03:50,131 ERROR: vampire.server.feeding.FeedingRecord sendPlayerStartGameMsg [playerId=1148755, prey=true, _predatorIndex=]
2009-05-03 10:03:50,132 ERROR: vampire.server.feeding.FeedingRecord sendPlayerStartGameMsg [playerId=1112884, prey=false, _predatorIndex=]
2009-05-03 10:04:02,266 ERROR: vampire.server.feeding.FeedingRecord sendPlayerStartGameMsg [playerId=69683, prey=false, _predatorIndex=]
2009-05-03 10:04:05,312 ERROR: vampire.server.feeding.FeedingRecord sendPlayerStartGameMsg [playerId=152578, prey=true, _predatorIndex=]
2009-05-03 10:04:05,313 ERROR: vampire.server.feeding.FeedingRecord sendPlayerStartGameMsg [playerId=79942, prey=false, _predatorIndex=]
2009-05-03 10:04:47,534 ERROR: vampire.server.feeding.FeedingRecord sendPlayerStartGameMsg [playerId=1088819, prey=false, _predatorIndex=]
2009-05-03 10:04:52,383 ERROR: vampire.server.feeding.FeedingRecord sendPlayerStartGameMsg [playerId=74412, prey=false, _predatorIndex=74412,239280]
2009-05-03 10:05:01,989 ERROR: vampire.server.feeding.FeedingRecord sendPlayerStartGameMsg [playerId=69841, prey=true, _predatorIndex=]
2009-05-03 10:05:01,990 ERROR: vampire.server.feeding.FeedingRecord sendPlayerStartGameMsg [playerId=192883, prey=false, _predatorIndex=]
2009-05-03 10:06:05,638 ERROR: vampire.server.feeding.FeedingRecord sendPlayerStartGameMsg [playerId=642041, prey=false, _predatorIndex=]
2009-05-03 10:06:13,335 ERROR: vampire.server.feeding.FeedingRecord sendPlayerStartGameMsg [playerId=98566, prey=true, _predatorIndex=]
2009-05-03 10:06:13,336 ERROR: vampire.server.feeding.FeedingRecord sendPlayerStartGameMsg [playerId=212764, prey=false, _predatorIndex=]
2009-05-03 10:07:17,199 ERROR: vampire.server.feeding.FeedingRecord sendPlayerStartGameMsg [playerId=1112884, prey=true, _predatorIndex=]
2009-05-03 10:07:17,199 ERROR: vampire.server.feeding.FeedingRecord sendPlayerStartGameMsg [playerId=1129268, prey=false, _predatorIndex=]
2009-05-03 10:07:26,828 ERROR: vampire.server.feeding.FeedingRecord sendPlayerStartGameMsg [playerId=79942, prey=true, _predatorIndex=]
2009-05-03 10:07:26,828 ERROR: vampire.server.feeding.FeedingRecord sendPlayerStartGameMsg [playerId=447249, prey=false, _predatorIndex=]
2009-05-03 10:07:46,415 ERROR: vampire.server.feeding.FeedingRecord sendPlayerStartGameMsg [playerId=166390, prey=false, _predatorIndex=212764]
2009-05-03 10:07:48,218 ERROR: vampire.server.feeding.FeedingRecord sendPlayerStartGameMsg [playerId=562060, prey=true, _predatorIndex=]
2009-05-03 10:07:48,219 ERROR: vampire.server.feeding.FeedingRecord sendPlayerStartGameMsg [playerId=870773, prey=false, _predatorIndex=]
2009-05-03 10:07:59,327 ERROR: vampire.server.feeding.FeedingRecord sendPlayerStartGameMsg [playerId=152578, prey=true, _predatorIndex=]
2009-05-03 10:07:59,327 ERROR: vampire.server.feeding.FeedingRecord sendPlayerStartGameMsg [playerId=141044, prey=false, _predatorIndex=]
2009-05-03 10:08:00,138 ERROR: vampire.server.feeding.FeedingRecord sendPlayerStartGameMsg [playerId=164943, prey=false, _predatorIndex=834132]
2009-05-03 10:08:14,937 ERROR: vampire.server.feeding.FeedingRecord sendPlayerStartGameMsg [playerId=174092, prey=false, _predatorIndex=834132,164943]
2009-05-03 10:08:19,679 ERROR: vampire.server.feeding.FeedingRecord sendPlayerStartGameMsg [playerId=164943, prey=false, _predatorIndex=]
2009-05-03 10:09:11,242 ERROR: vampire.server.feeding.FeedingRecord sendPlayerStartGameMsg [playerId=1091986, prey=false, _predatorIndex=]
2009-05-03 10:09:14,622 ERROR: vampire.server.feeding.FeedingRecord sendPlayerStartGameMsg [playerId=769463, prey=true, _predatorIndex=]
2009-05-03 10:09:14,623 ERROR: vampire.server.feeding.FeedingRecord sendPlayerStartGameMsg [playerId=1047840, prey=false, _predatorIndex=]
2009-05-03 10:10:03,184 ERROR: vampire.server.feeding.FeedingRecord sendPlayerStartGameMsg [playerId=174092, prey=true, _predatorIndex=]
2009-05-03 10:10:03,185 ERROR: vampire.server.feeding.FeedingRecord sendPlayerStartGameMsg [playerId=1129268, prey=false, _predatorIndex=]
2009-05-03 10:10:07,608 ERROR: vampire.server.feeding.FeedingRecord sendPlayerStartGameMsg [playerId=166390, prey=true, _predatorIndex=]
2009-05-03 10:10:07,609 ERROR: vampire.server.feeding.FeedingRecord sendPlayerStartGameMsg [playerId=285205, prey=false, _predatorIndex=]
2009-05-03 10:10:09,748 ERROR: vampire.server.feeding.FeedingRecord sendPlayerStartGameMsg [playerId=69841, prey=true, _predatorIndex=]
2009-05-03 10:10:09,749 ERROR: vampire.server.feeding.FeedingRecord sendPlayerStartGameMsg [playerId=944429, prey=false, _predatorIndex=]
2009-05-03 10:10:11,549 ERROR: vampire.server.feeding.FeedingRecord sendPlayerStartGameMsg [playerId=1201160, prey=false, _predatorIndex=1129268]
2009-05-03 10:10:14,303 ERROR: vampire.server.feeding.FeedingRecord sendPlayerStartGameMsg [playerId=942791, prey=true, _predatorIndex=]
2009-05-03 10:10:14,303 ERROR: vampire.server.feeding.FeedingRecord sendPlayerStartGameMsg [playerId=642041, prey=false, _predatorIndex=]
2009-05-03 10:10:29,083 ERROR: vampire.server.feeding.FeedingRecord sendPlayerStartGameMsg [playerId=141044, prey=true, _predatorIndex=]
2009-05-03 10:10:29,084 ERROR: vampire.server.feeding.FeedingRecord sendPlayerStartGameMsg [playerId=447249, prey=false, _predatorIndex=]

>>>>BeginStats

>>>>BeginTable
PlayerId, StartTime, EndTime, ProgenyPayout, XPFromFeeding, FeedingGames, MeanFeedingScore, BloodBond, Progeny, GrandProgeny, Sire, Level, Invites
1010692, 1241365439880, 1241366690750, 0, 1404, 5, 231.4, 70997, 14, 11, 70997, 6, 2
1012813, , , 450.95, 0, 0, 0, 0, 6, 13, 54776, , 
1021278, 1241365930855, 1241367246950, 0, 513, 3, 114.33333333333333, 0, 2, 1, 452296, 3, 
10260, , , 123.30000000000001, 0, 0, 0, 0, 7, 8, 713, , 
102613, , , 57.2, 0, 0, 0, 0, 1, 0, 39171, , 
103144, , , 25.65, 0, 0, 0, 0, 5, 14, 116005, , 
1032648, 1241368790759, , 0, 290, 3, 124.33333333333333, 0, 4, 0, 234337, 4, 4
103824, 1241363535500, 1241364482560, 0, 456, 3, 98, 0, 0, 0, 900329, 1, 
1042066, 1241365694374, 1241365904206, 0, 58, 1, 116, 0, 0, 0, 0, 1, 
1047840, 1241365886444, , 0, 667, 5, 136.8, 0, 1, 0, 408501, 4, 0
1062231, 1241363632508, 1241364607101, 0, 226, 2, 102.5, 0, 0, 0, 218716, 2, 
1062853, 1241363561217, 1241366911954, 291.45000000000005, 3829, 17, 321.4117647058824, 1138895, 7, 4, 1124214, 5, 1
1063171, 1241370118144, 1241370231657, 0, 0, 0, 0, 0, 0, 0, 0, 1, 
1071139, 1241366213054, 1241366520771, 0, 267, 1, 267, 0, 0, 0, 153097, 1, 
1075275, 1241363827819, 1241363841803, 0, 0, 0, 0, 0, 0, 0, 0, 1, 
1084285, 1241363472031, 1241364759889, 0, 442, 3, 111, 900329, 0, 0, 769463, 3, 
1088402, 1241370254147, , 0, 2188, 6, 227.66666666666666, 0, 0, 0, 43386, 3, 0
1088819, 1241370128050, 1241370473136, 0, 83, 1, 83, 0, 0, 0, 0, 1, 
1090442, , , 6, 0, 0, 0, 0, 3, 4, 797824, , 
1091986, 1241370460954, , 0, 0, 0, 0, 0, 0, 0, 438751, 3, 0
1092321, , , 651.9999999999999, 0, 0, 0, 0, 23, 15, 35568, , 
110178, , , 133.8, 0, 0, 0, 0, 6, 11, 12770, , 
1107337, 1241369757206, 1241369803658, 0, 0, 0, 0, 0, 0, 0, 0, 1, 
1111833, 1241367552408, 1241368572077, 0, 384, 2, 126.5, 0, 0, 0, 1192337, 1, 
111249, , , 4.6000000000000005, 0, 0, 0, 0, 2, 9, 188370, , 
1112543, 1241368589336, 1241369573763, 0, 543, 4, 135.25, 0, 0, 0, 0, 1, 
1112884, 1241368233216, , 0, 621, 3, 158.66666666666666, 0, 0, 0, 1148755, 1, 0
1113223, 1241364431467, 1241364475666, 0, 0, 0, 0, 0, 0, 0, 0, 1, 
1114884, 1241363823720, 1241364320786, 0, 534, 2, 267, 0, 1, 0, 998652, 2, 
1115045, 1241369372924, 1241369632164, 0, 137, 1, 111, 0, 0, 0, 0, 1, 
1115214, 1241363581746, 1241363595599, 0, 0, 0, 0, 0, 0, 0, 0, 1, 
1119819, 1241363659153, 1241363883818, 0, 0, 0, 0, 0, 0, 0, 0, 1, 
1120022, 1241370337281, 1241370363735, 0, 0, 0, 0, 0, 0, 0, 0, 1, 
1122449, , , 263.90000000000003, 0, 0, 0, 0, 5, 5, 555728, , 
1124214, , , 666.85, 0, 0, 0, 0, 5, 7, 1122449, , 
112535, 1241367097901, 1241367180231, 0, 353, 1, 453, 0, 1, 1, 430717, 4, 0
112616, 1241366439715, 1241369251147, 0, 2647, 16, 124.5625, 0, 0, 0, 174027, 3, 0
1128158, 1241367711648, 1241369376029, 0, 1109, 6, 181.66666666666666, 0, 0, 0, 0, 2, 
1129268, 1241370372567, , 0, 43, 1, 86, 0, 0, 0, 0, 1, 0
113794, , , 127.4, 0, 0, 0, 0, 3, 5, 94657, , 
1138551, 1241366648803, 1241367132199, 0, 183, 1, 134, 0, 0, 0, 1138895, 1, 
1138895, 1241365420797, 1241367132201, 18.3, 2758, 15, 164, 1062853, 1, 0, 227147, 2, 1
1138962, 1241366713187, 1241366999376, 0, 0, 0, 0, 0, 0, 0, 153097, 1, 
1139739, 1241364444587, 1241364577805, 0, 0, 0, 0, 0, 0, 0, 0, 1, 
1140298, 1241370655338, , 0, 0, 0, 0, 0, 0, 0, 0, 1, 0
1144457, 1241369111822, 1241369659827, 0, 61, 1, 121, 0, 0, 0, 0, 1, 
1145599, 1241368477697, 1241368834801, 0, 0, 0, 0, 0, 0, 0, 0, 1, 
1145721, 1241366033774, 1241366333715, 0, 0, 0, 0, 0, 0, 0, 0, 1, 
1148755, 1241369808526, , 317.75000000000006, 1767, 9, 272.8888888888889, 0, 6, 1, 1092321, 4, 1
1151112, 1241364067150, 1241364210802, 0, 0, 0, 0, 0, 0, 0, 0, 1, 
1152360, 1241370582628, , 0, 0, 0, 0, 0, 0, 0, 70997, 2, 0
1155229, 1241367661555, 1241367680501, 0, 0, 0, 0, 0, 0, 0, 0, 1, 
1156485, 1241365583832, 1241368956532, 0, 993, 9, 100.33333333333333, 141044, 0, 0, 1092321, 2, 
1158005, 1241365366542, 1241367805062, 0, 877, 7, 132.42857142857142, 0, 0, 0, 1192337, 1, 
1158201, 1241364638173, 1241364731174, 0, 0, 0, 0, 0, 0, 0, 0, 1, 
1161674, 1241367295006, 1241367392838, 0, 0, 0, 0, 0, 0, 0, 0, 1, 
116180, 1241368477258, 1241368932295, 0, 285, 2, 95.5, 0, 0, 0, 0, 1, 
1162674, 1241367748629, 1241367757556, 0, 0, 0, 0, 0, 0, 0, 0, 1, 
1168478, 1241367209202, 1241369726791, 0, 1449, 8, 149, 0, 0, 0, 1124214, 2, 
1169237, 1241368079976, 1241369592866, 0, 384, 4, 124.5, 0, 0, 0, 0, 1, 
1170410, 1241366281422, 1241368327162, 0, 1083, 9, 104.11111111111111, 0, 0, 0, 944429, 2, 
1172947, 1241367034264, 1241367153909, 0, 0, 0, 0, 0, 0, 0, 0, 1, 
1174957, 1241369149225, 1241369157538, 0, 0, 0, 0, 0, 0, 0, 0, 1, 
1176371, 1241365791628, 1241365812426, 0, 0, 0, 0, 0, 0, 0, 0, 1, 
1177993, 1241369909953, 1241370007853, 0, 0, 0, 0, 0, 0, 0, 0, 1, 
1178289, 1241367629908, 1241367979135, 0, 224, 2, 134.5, 0, 0, 0, 0, 1, 
1178563, 1241363832811, 1241364003419, 0, 0, 0, 0, 0, 0, 0, 0, 1, 
1180760, 1241369833699, , 0, 577, 4, 103.5, 0, 0, 0, 0, 1, 0
1190294, 1241366299482, 1241366536196, 0, 126, 1, 146, 0, 0, 0, 31330, 1, 
1192267, 1241370549386, , 0, 0, 0, 0, 0, 0, 0, 153097, 1, 0
1192337, 1241364618330, 1241368838357, 243.8, 3322, 16, 240.875, 1146252, 9, 1, 1012813, 4, 
1192866, 1241365989423, 1241366242447, 0, 499, 1, 113, 0, 0, 0, 307471, 1, 
119842, , , 11.600000000000001, 0, 0, 0, 0, 7, 0, 351626, , 
1199316, 1241369552372, , 0, 629, 5, 109.8, 0, 0, 0, 1192337, 1, 0
1199581, 1241367760698, 1241367939065, 0, 0, 0, 0, 0, 0, 0, 0, 1, 
1199882, 1241370571364, 1241370660610, 0, 0, 0, 0, 0, 0, 0, 0, 1, 
12, , , 90.60000000000001, 0, 0, 0, 0, 20, 123, 383387, , 
1200065, 1241364369251, 1241364446777, 0, 0, 0, 0, 0, 0, 0, 0, 1, 
1200560, 1241365962725, 1241365994158, 0, 0, 0, 0, 0, 0, 0, 0, 1, 
1201160, 1241368287135, , 0, 291, 3, 94.66666666666667, 0, 0, 0, 0, 1, 0
1201508, 1241364617000, 1241364623482, 0, 0, 0, 0, 0, 0, 0, 0, 1, 
1201803, 1241364745996, 1241365032209, 0, 172, 1, 172, 0, 0, 0, 0, 1, 
1202406, 1241366979532, 1241367237999, 0, 0, 0, 0, 0, 0, 0, 0, 1, 
1202977, 1241370425620, 1241370429659, 0, 0, 0, 0, 0, 0, 0, 0, 1, 
1203198, 1241367247712, 1241367259321, 0, 0, 0, 0, 0, 0, 0, 0, 1, 
1203489, 1241367200393, 1241367249205, 0, 0, 0, 0, 0, 0, 0, 0, 1, 
1203966, 1241368722303, 1241368794365, 0, 0, 0, 0, 0, 0, 0, 0, 1, 
1204015, 1241367543787, 1241367583312, 0, 0, 0, 0, 0, 0, 0, 0, 1, 
1205841, 1241369622803, 1241369841451, 0, 61, 1, 61, 0, 0, 0, 0, 1, 
1205961, 1241369710954, 1241369720207, 0, 0, 0, 0, 0, 0, 0, 307471, 1, 
1206811, 1241370627228, 1241370664909, 0, 0, 0, 0, 0, 0, 0, 307471, 1, 
124585, , , 14.45, 0, 0, 0, 0, 5, 4, 143278, , 
125207, 1241368082925, 1241368093728, 0, 0, 0, 0, 273503, 1, 0, 544643, 4, 0
1265, 1241363588954, 1241367674701, 31.5, 0, 0, 0, 0, 14, 32, 12, 16, 3
12770, , , 23.6, 0, 0, 0, 0, 23, 75, 383387, , 
129205, 1241367768051, 1241367785356, 0, 291, 3, 87.66666666666667, 0, 0, 0, 227806, 1, 0
130244, , , 109.40000000000002, 0, 0, 0, 0, 3, 10, 237967, , 
130627, 1241366357532, 1241369308232, 0, 2475, 12, 216.83333333333334, 0, 8, 22, 85079, 11, 5
131657, 1241368095664, 1241368099147, 0, 0, 0, 0, 0, 0, 0, 0, 1, 0
138064, 1241368910070, 1241369155396, 0, 0, 0, 0, 0, 0, 0, 12791, 4, 0
141044, 1241367807547, , 0, 1880, 12, 183.66666666666666, 1156485, 0, 0, 152578, 2, 0
141364, , , 25.5, 0, 0, 0, 0, 6, 2, 16514, , 
142394, 1241368465895, 1241368677364, 0, 101, 1, 103, 0, 0, 0, 63951, 1, 0
152578, 1241368804624, , 15, 555, 3, 171, 238356, 1, 0, 208699, 4, 1
153097, 1241365352280, 1241367722573, 26.700000000000003, 2781, 14, 223.42857142857142, 0, 4, 0, 1062853, 3, 3
154004, , , 134.70000000000002, 0, 0, 0, 0, 8, 1, 90041, , 
156414, 1241366917558, 1241367314017, 0, 251, 2, 125.5, 0, 0, 0, 190864, 3, 0
163362, 1241365928464, 1241366099251, 0, 0, 0, 0, 0, 1, 5, 12, 4, 0
16444, 1241364648946, 1241364782923, 0, 0, 0, 0, 0, 0, 0, 1043, 9, 1
164943, 1241370464001, , 0, 884, 7, 110.85714285714286, 0, 0, 0, 82321, 1, 0
16514, , , 12.75, 0, 0, 0, 0, 4, 8, 1062, , 
166390, 1241370429191, , 0, 0, 0, 0, 0, 0, 0, 0, 1, 0
168234, , , 33.75, 0, 0, 0, 0, 6, 9, 100080, , 
16825, , , 17.4, 0, 0, 0, 0, 14, 6, 4139, , 
169345, 1241367007139, 1241367478738, 0, 1274, 6, 156.5, 0, 1, 0, 113794, 3, 0
169408, 1241363960211, 1241366296513, 0, 0, 0, 0, 0, 3, 4, 173395, 4, 0
169985, 1241370500893, , 0, 0, 0, 0, 0, 0, 0, 346553, 4, 0
171145, 1241366010059, 1241367967762, 0, 315, 2, 182.5, 0, 1, 0, 1265, 4, 6
174027, , , 264.7, 0, 0, 0, 0, 2, 0, 24572, , 
174092, 1241366008752, , 0, 2592, 18, 145.11111111111111, 0, 0, 0, 0, 2, 0
180951, , , 15.6, 0, 0, 0, 0, 2, 7, 153510, , 
182050, 1241369751745, 1241369797575, 0, 0, 0, 0, 0, 0, 0, 0, 1, 
187169, 1241367015790, 1241368453217, 0, 472, 3, 144.66666666666666, 0, 1, 0, 110178, 1, 1
188229, , , 112.55, 0, 0, 0, 0, 2, 11, 168234, , 
1892, , , 130, 0, 0, 0, 0, 19, 6, 995, , 
190864, , , 25.1, 0, 0, 0, 0, 2, 1, 296361, , 
191704, 1241364564710, 1241364611704, 0, 0, 0, 0, 0, 0, 0, 0, 1, 
192080, , , 95.30000000000001, 0, 0, 0, 0, 2, 11, 220964, , 
192883, 1241370245349, 1241370538125, 0, 258, 1, 515, 0, 8, 2, 210210, 7, 5
193978, , , 117.15, 0, 0, 0, 0, 4, 5, 196206, , 
195722, 1241364200875, 1241365138762, 0, 100, 1, 93, 37528, 1, 0, 208602, 6, 1
196231, , , 20.8, 0, 0, 0, 0, 5, 0, 7078, , 
198149, , , 61.900000000000006, 0, 0, 0, 0, 1, 6, 380604, , 
198422, 1241369717109, 1241369832280, 0, 0, 0, 0, 0, 0, 0, 1148755, 1, 
199030, 1241367287745, 1241367297000, 0, 0, 0, 0, 0, 0, 0, 133817, 1, 0
199427, , , 324.1, 0, 0, 0, 0, 1, 3, 208602, , 
202104, 1241365707779, 1241367717183, 0, 208, 2, 143.5, 0, 0, 0, 196231, 2, 
204546, , , 14.55, 0, 0, 0, 0, 2, 5, 7078, , 
204792, 1241364593415, , 0, 1371, 11, 119.36363636363636, 80646, 0, 0, 80646, 2, 0
208602, , , 172.05, 0, 0, 0, 0, 7, 3, 351626, , 
208699, , , 63, 0, 0, 0, 0, 4, 6, 36200, , 
210210, , , 25.8, 0, 0, 0, 0, 4, 13, 381607, , 
2108, , , 12, 0, 0, 0, 0, 3, 0, 1090442, , 
212304, 1241366078301, 1241368689011, 0, 1139, 7, 186.14285714285714, 0, 0, 0, 1092321, 4, 0
212764, 1241370309175, 1241370536161, 0, 120, 1, 127, 0, 0, 0, 2108, 1, 
214539, , , 61.10000000000001, 0, 0, 0, 0, 1, 2, 72070, , 
218716, 1241369528729, 1241370103031, 90.1, 675, 1, 980, 0, 11, 2, 188229, 9, 7
220964, , , 47.650000000000006, 0, 0, 0, 0, 5, 14, 143501, , 
227147, 1241364293593, 1241364792196, 267.15, 312, 2, 145, 0, 6, 4, 238782, 5, 2
22731, , , 49.00000000000001, 0, 0, 0, 0, 14, 1, 351430, , 
227806, , , 29.1, 0, 0, 0, 0, 2, 0, 204546, , 
227953, , , 10.350000000000001, 0, 0, 0, 0, 2, 4, 320570, , 
23340, 1241367696971, 1241367710517, 0, 0, 0, 0, 0, 10, 14, 383387, 20, 11
234337, , , 29.000000000000004, 0, 0, 0, 0, 5, 5, 97523, , 
238782, , , 160.20000000000002, 0, 0, 0, 0, 2, 6, 180951, , 
238812, 1241370098107, , 0, 953, 1, 425, 546831, 10, 6, 192080, 5, 2
239280, 1241370058931, , 0, 476, 3, 158.66666666666666, 0, 0, 0, 202632, 2, 0
24572, , , 132.35, 0, 0, 0, 0, 1, 2, 108988, , 
247971, 1241366085382, 1241366479108, 0, 55, 1, 15, 0, 0, 0, 0, 1, 
247992, 1241367807813, 1241368663362, 0, 611, 4, 192.5, 0, 2, 4, 214539, 5, 4
25243, 1241364527925, 1241364802663, 0, 0, 0, 0, 0, 0, 0, 0, 1, 
256746, , , 54.75000000000001, 0, 0, 0, 0, 5, 30, 61984, , 
261567, 1241363605508, 1241363612523, 0, 0, 0, 0, 0, 31, 8, 237231, 13, 13
274529, 1241365832612, 1241366675293, 0, 1036, 9, 121.88888888888889, 0, 0, 0, 1192337, 2, 
283305, , , 4.6000000000000005, 0, 0, 0, 0, 1, 8, 497122, , 
285205, 1241370569905, , 116.39999999999999, 765, 5, 118.4, 0, 1, 0, 154004, 2, 0
285875, 1241368340212, 1241368370116, 0, 0, 0, 0, 0, 0, 0, 395300, 1, 0
286583, 1241367792035, 1241367830570, 0, 0, 0, 0, 0, 0, 0, 141864, 2, 0
287970, 1241370648969, 1241370661487, 0, 0, 0, 0, 0, 0, 0, 0, 1, 
296361, , , 12.55, 0, 0, 0, 0, 3, 11, 180570, , 
307471, 1241370557246, 1241370607637, 49.900000000000006, 499, 1, 884, 0, 6, 16, 12, 9, 2
31330, , , 12.600000000000001, 0, 0, 0, 0, 1, 0, 1192337, , 
314868, 1241367225103, 1241367599344, 0, 0, 0, 0, 0, 0, 0, 187169, 1, 
315071, 1241364172760, 1241365250461, 0, 593, 5, 114.8, 0, 0, 0, 900329, 2, 0
32169, 1241367233050, 1241368222571, 0, 1233, 4, 312.75, 219, 7, 0, 10260, 12, 4
338409, , , 11.3, 0, 0, 0, 0, 4, 4, 65584, , 
340234, 1241366747827, 1241366762690, 0, 0, 0, 0, 0, 0, 0, 0, 1, 
346096, , , 20.700000000000003, 0, 0, 0, 0, 2, 0, 227953, , 
351430, , , 24.500000000000004, 0, 0, 0, 0, 11, 44, 336228, , 
351626, , , 10.8, 0, 0, 0, 0, 7, 15, 183403, , 
35568, , , 254.1, 0, 0, 0, 0, 1, 23, 258951, , 
36200, , , 27.75, 0, 0, 0, 0, 2, 5, 93202, , 
372304, 1241369945321, 1241369953505, 0, 0, 0, 0, 0, 0, 0, 0, 1, 
380604, , , 30.950000000000003, 0, 0, 0, 0, 4, 7, 375444, , 
381607, , , 12.9, 0, 0, 0, 0, 1, 4, 153510, , 
383249, , , 241.15, 0, 0, 0, 0, 4, 1, 193978, , 
383387, , , 24.950000000000003, 0, 0, 0, 0, 6, 56, 0, , 
384703, , , 5.15, 0, 0, 0, 0, 2, 7, 338481, , 
39171, , , 28.6, 0, 0, 0, 0, 8, 9, 102770, , 
397835, , , 70.20000000000002, 0, 0, 0, 0, 5, 25, 47379, , 
40081, 1241365258233, 1241366698128, 0, 116, 2, 107.5, 0, 0, 0, 119842, 1, 
406928, 1241366714656, 1241368645932, 0, 1184, 8, 151.25, 0, 0, 0, 1148755, 2, 0
408501, , , 66.7, 0, 0, 0, 0, 6, 14, 637936, , 
409656, , , 10.3, 0, 0, 0, 0, 7, 0, 384703, , 
4139, , , 8.7, 0, 0, 0, 0, 21, 23, 713, , 
415271, 1241365845483, 1241366814208, 0, 289, 2, 158, 0, 10, 2, 66689, 4, 0
430717, , , 109.50000000000001, 0, 0, 0, 0, 30, 2, 256746, , 
430891, , , 9.200000000000001, 0, 0, 0, 0, 9, 5, 111249, , 
431598, 1241364682094, 1241366014161, 0, 226, 1, 146, 639914, 0, 0, 921283, 3, 0
43386, , , 218.80000000000004, 0, 0, 0, 0, 4, 2, 130244, , 
43402, , , 123.75, 0, 0, 0, 0, 11, 12, 123961, , 
438751, 1241366557359, 1241366726394, 0, 0, 0, 0, 0, 4, 0, 210163, 5, 1
446342, 1241367631538, 1241368855095, 0, 207, 2, 103.5, 0, 0, 0, 346096, 2, 0
447249, 1241368572724, , 0, 3241, 6, 800, 10642, 3, 3, 199427, 14, 2
452296, , , 51.3, 0, 0, 0, 0, 7, 4, 103144, , 
47445, 1241367076428, 1241367087034, 0, 0, 0, 0, 72522, 7, 6, 2843, 12, 2
480066, 1241367643057, 1241367660750, 0, 0, 0, 0, 0, 0, 0, 507656, 1, 0
48064, 1241368583758, 1241368812210, 0, 0, 0, 0, 0, 0, 0, 132646, 2, 
480870, 1241368543248, 1241370061976, 0, 1113, 7, 151.28571428571428, 0, 0, 0, 0, 2, 
48126, 1241363652955, 1241363657073, 0, 0, 0, 0, 0, 5, 1, 145896, 7, 6
48163, 1241368164153, 1241368416640, 0, 2030, 12, 122.25, 0, 0, 0, 900329, 2, 
48787, 1241363753214, 1241363845702, 0, 0, 0, 0, 0, 0, 0, 0, 1, 
502119, , , 33.050000000000004, 0, 0, 0, 0, 8, 12, 22707, , 
506653, 1241369681757, 1241369703025, 0, 0, 0, 0, 0, 0, 0, 0, 1, 0
512911, 1241369246700, 1241369454552, 0, 0, 0, 0, 0, 0, 0, 0, 1, 1
53030, , , 7.300000000000001, 0, 0, 0, 0, 9, 6, 122907, , 
535473, 1241370551212, 1241370577098, 0, 0, 0, 0, 0, 0, 0, 0, 1, 
538748, , , 14.600000000000001, 0, 0, 0, 0, 1, 5, 53030, , 
541655, , , 33.1, 0, 0, 0, 0, 1, 14, 126451, , 
543921, 1241363708609, 1241367972137, 0, 1183, 7, 138.28571428571428, 0, 8, 0, 1092321, 4, 0
546523, 1241365450935, 1241365928921, 0, 103, 1, 77, 0, 0, 0, 409656, 1, 0
54776, 1241369829243, , 193.55, 0, 0, 0, 1062, 70, 32, 89757, 15, 3
55022, 1241366523010, 1241368088992, 0, 146, 1, 166, 0, 5, 0, 538748, 3, 
553237, 1241370061165, 1241370094568, 0, 0, 0, 0, 0, 0, 0, 0, 1, 
562060, 1241370295432, , 0, 92, 1, 98, 0, 3, 0, 592692, 3, 0
564162, 1241368053893, 1241368767896, 0, 255, 2, 127.5, 176275, 2, 0, 141364, 6, 1
57717, , , 217.40000000000003, 0, 0, 0, 0, 4, 10, 110178, , 
578918, 1241364205584, 1241364521408, 0, 0, 0, 0, 0, 2, 0, 179326, 3, 0
592692, , , 9.200000000000001, 0, 0, 0, 0, 8, 6, 283305, , 
600380, 1241369531574, 1241370192198, 0, 675, 1, 370, 0, 0, 0, 218716, 1, 
611789, 1241370565915, 1241370573416, 0, 0, 0, 0, 0, 0, 0, 0, 2, 
634607, 1241367142908, 1241369248443, 0, 123, 1, 123, 0, 2, 0, 54776, 4, 
636873, 1241367289655, 1241368702635, 0, 0, 0, 0, 0, 0, 0, 1892, 2, 
637936, , , 33.35, 0, 0, 0, 0, 3, 6, 217283, , 
63951, 1241368431446, 1241368956410, 10.100000000000001, 101, 1, 99, 0, 1, 0, 54776, 2, 0
642041, 1241370358262, , 0, 114, 1, 114, 0, 0, 0, 16825, 2, 0
643275, 1241370631767, 1241370638608, 0, 0, 0, 0, 0, 0, 0, 0, 1, 
66689, , , 28.9, 0, 0, 0, 0, 4, 10, 124585, , 
69683, 1241369873367, 1241370387631, 0, 0, 0, 0, 0, 0, 0, 0, 1, 0
69841, 1241370174050, , 0, 60, 1, 120, 0, 0, 0, 16825, 2, 0
70557, , , 242.15, 0, 0, 0, 0, 5, 23, 502119, , 
7078, , , 10.4, 0, 0, 0, 0, 9, 18, 177916, , 
70997, , , 140.40000000000003, 0, 0, 0, 0, 25, 29, 397835, , 
713, , , 61.650000000000006, 0, 0, 0, 0, 10, 65, 12, , 
72070, , , 30.550000000000004, 0, 0, 0, 0, 5, 8, 36, , 
74412, 1241370489851, 1241370538816, 0, 572, 3, 182.33333333333334, 171193, 0, 0, 102613, 4, 0
757190, 1241369528062, 1241369566535, 0, 0, 0, 0, 0, 0, 0, 0, 1, 
769463, 1241367310469, , 0, 742, 5, 137.8, 208692, 1, 0, 430717, 4, 0
79942, 1241370160767, , 0, 619, 2, 250, 633051, 6, 5, 198149, 6, 2
80646, 1241365719958, , 60.3, 1564, 12, 138.25, 204792, 1, 0, 1148755, 4, 0
82321, 1241365055212, 1241368641051, 88.4, 1732, 7, 392.2857142857143, 138183, 6, 34, 57717, 11, 2
834132, 1241369327287, , 0, 1164, 8, 176.25, 0, 0, 0, 285205, 2, 0
85079, , , 247.5, 0, 0, 0, 0, 4, 11, 43402, , 
85132, 1241367941632, 1241368057702, 0, 0, 0, 0, 0, 2, 0, 42736, 2, 2
862584, 1241367795321, 1241368013837, 0, 0, 0, 0, 0, 0, 0, 0, 1, 
86614, 1241369653688, 1241369715317, 0, 1300, 8, 176.625, 0, 0, 0, 1892, 4, 
868186, 1241366154950, 1241366315343, 0, 0, 0, 0, 298666, 1, 0, 210163, 5, 1
870773, 1241370453751, , 0, 92, 1, 85, 0, 0, 0, 430891, 2, 0
8938, , , 66.2, 0, 0, 0, 0, 14, 5, 541655, , 
89757, , , 11.200000000000001, 0, 0, 0, 0, 3, 73, 20260, , 
900329, 1241363468005, 1241364692222, 352.1, 661, 4, 250.5, 1084285, 23, 5, 70557, 8, 2
90041, , , 38.25, 0, 0, 0, 0, 6, 8, 258951, , 
9067, 1241369094830, 1241370072197, 0, 662, 4, 175.75, 0, 0, 0, 8938, 2, 
908609, 1241368957120, 1241368961257, 0, 0, 0, 0, 0, 0, 0, 0, 1, 
921283, , , 22.6, 0, 0, 0, 0, 4, 0, 338409, , 
942791, 1241370059134, , 0, 0, 0, 0, 0, 0, 0, 217283, 3, 0
944429, 1241367394813, , 13.700000000000001, 2343, 11, 234, 0, 1, 0, 383249, 3, 0
94657, , , 63.7, 0, 0, 0, 0, 1, 3, 163484, , 
95038, 1241364951736, 1241364976142, 0, 0, 0, 0, 0, 0, 0, 0, 1, 
96813, 1241369661803, 1241369863064, 0, 490, 2, 246.5, 0, 0, 0, 22731, 3, 
97523, , , 14.500000000000002, 0, 0, 0, 0, 1, 5, 371343, , 
98566, 1241370191049, , 0, 120, 1, 113, 0, 0, 0, 0, 1, 0
990799, , , 26.700000000000003, 0, 0, 0, 0, 5, 9, 836417, , 
995, , , 65, 0, 0, 0, 0, 11, 22, 12, , 
998652, , , 53.400000000000006, 0, 0, 0, 0, 3, 6, 990799, , 
<<<<EndTable

PlayersOnlineNow=36
PlayersOnlineEachMinute=0, 3, 7, 7, 9, 11, 13, 12, 12, 12, 12, 13, 15, 16, 18, 17, 18, 18, 17, 19, 19, 19, 18, 16, 16, 17, 17, 20, 18, 19, 18, 18, 20, 22, 23, 23, 25, 26, 28, 28, 28, 27, 29, 31, 33, 34, 35, 35, 33, 34, 35, 34, 35, 35, 31, 32, 31, 32, 32, 34, 37, 36, 34, 36, 36, 36, 35, 33, 33, 31, 36, 32, 33, 35, 35, 33, 30, 32, 30, 30, 31, 31, 32, 32, 34, 35, 37, 33, 31, 31, 27, 29, 26, 26, 28, 29, 27, 26, 28, 28, 27, 27, 29, 27, 27, 26, 25, 25, 28, 25, 27, 25, 29, 28, 32, 34, 32, 33, 33, 37
PlayersInEachFeedingGame=3, 2, 1, 1, 1, 2, 1, 2, 2, 2, 2, 2, 2, 2, 2, 2, 1, 1, 2, 1, 2, 1, 2, 2, 2, 2, 2, 1, 2, 2, 1, 2, 2, 2, 2, 2, 2, 1, 3, 1, 1, 2, 1, 2, 1, 2, 2, 2, 1, 2, 2, 2, 1, 2, 2, 2, 2, 1, 2, 2, 2, 1, 2, 2, 2, 2, 1, 3, 2, 2, 2, 1, 2, 1, 1, 1, 1, 3, 2, 2, 2, 1, 2, 2, 2, 2, 2, 2, 2, 2, 2, 2, 2, 1, 2, 2, 2, 1, 2, 2, 2, 2, 2, 2, 2, 2, 2, 2, 1, 1, 1, 1, 2, 2, 3, 2, 2, 1, 1, 1, 1, 2, 2, 2, 2, 2, 1, 2, 2, 2, 2, 1, 1, 2, 2, 1, 2, 2, 2, 2, 2, 2, 1, 2, 2, 2, 2, 2, 2, 2, 1, 2, 1, 1, 1, 2, 1, 2, 1, 2, 2, 2, 1, 2, 1, 1, 2, 2, 2, 1, 2, 2, 1, 1, 2, 2, 2, 2, 2, 1, 1, 2, 2, 2, 3, 2, 2
PlayersStarted=294
PlayersQuit=258
StatsStartTime=1241363466672
StatsDumpTime=1241370667111
<<<<EndStats
2009-05-03 10:11:27,790 ERROR: vampire.server.feeding.FeedingRecord sendPlayerStartGameMsg [playerId=1152360, prey=false, _predatorIndex=870773]
2009-05-03 10:11:44,210 ERROR: vampire.server.feeding.FeedingRecord sendPlayerStartGameMsg [playerId=5522, prey=true, _predatorIndex=]
2009-05-03 10:11:44,211 ERROR: vampire.server.feeding.FeedingRecord sendPlayerStartGameMsg [playerId=1032648, prey=false, _predatorIndex=]
2009-05-03 10:11:45,940 ERROR: vampire.server.feeding.FeedingRecord sendPlayerStartGameMsg [playerId=79942, prey=true, _predatorIndex=]
2009-05-03 10:11:45,941 ERROR: vampire.server.feeding.FeedingRecord sendPlayerStartGameMsg [playerId=1192267, prey=false, _predatorIndex=]
2009-05-03 10:12:00,252 ERROR: vampire.server.feeding.FeedingRecord sendPlayerStartGameMsg [playerId=1180760, prey=true, _predatorIndex=]
2009-05-03 10:12:00,253 ERROR: vampire.server.feeding.FeedingRecord sendPlayerStartGameMsg [playerId=1152360, prey=false, _predatorIndex=]
2009-05-03 10:12:12,394 ERROR: vampire.server.feeding.FeedingRecord sendPlayerStartGameMsg [playerId=562060, prey=false, _predatorIndex=285205]
2009-05-03 10:12:46,863 ERROR: vampire.server.feeding.FeedingRecord sendPlayerStartGameMsg [playerId=1148755, prey=true, _predatorIndex=]
2009-05-03 10:12:46,864 ERROR: vampire.server.feeding.FeedingRecord sendPlayerStartGameMsg [playerId=870773, prey=false, _predatorIndex=]

