
>>>>BeginStats

>>>>BeginTable
PlayerId, StartTime, EndTime, ProgenyPayout, XPFromFeeding, FeedingGames, MeanFeedingScore, BloodBond, Progeny, GrandProgeny, Sire, Level, Invites
103033,1240617906417,0,0,580,4,166.25,0,0,0,0,1,0
103144,1240614823368,1240615093416,0,175,1,133,0,5,5,116005,4,0
104037,1240618378679,0,0,0,0,0,0,0,0,0,2,0
106069,undefined,0,115.45000000000002,0,0,0,0,13,3,236834,undefined,undefined
10642,1240618308568,0,0,985,4,324,447249,15,23,351598,13,2
108338,undefined,0,67.35000000000001,0,0,0,0,1,4,288860,undefined,undefined
109238,1240615020335,1240616258529,0,498,4,103.75,0,0,0,630671,1,null
1101,undefined,0,90.75000000000001,0,0,0,0,2,6,239981,undefined,undefined
110157,1240617240780,1240617727789,0,111,1,111,0,0,0,196626,1,null
11460,undefined,0,86.30000000000001,0,0,0,0,1,5,41022,undefined,undefined
114914,1240615750222,0,0,1028,9,106.33333333333333,0,0,0,160801,2,0
116005,undefined,0,17.5,0,0,0,0,6,5,130627,undefined,undefined
117857,undefined,0,44.8,0,0,0,0,3,0,146211,undefined,undefined
12,undefined,0,142.85000000000002,0,0,0,0,19,42,383387,undefined,undefined
121984,undefined,0,177.20000000000002,0,0,0,0,4,1,166,undefined,undefined
123961,1240613284201,1240615038403,22.5,1830,8,278.75,878,5,17,713,12,2
124503,undefined,0,14.350000000000001,0,0,0,0,3,3,170934,undefined,undefined
125207,1240613406262,1240613446203,0,0,0,0,273503,0,0,544643,4,0
127942,1240615998859,1240617564836,0,1162,6,212.16666666666666,0,5,4,133611,5,6
130627,undefined,0,8.75,0,0,0,0,8,7,85079,undefined,undefined
130736,1240617613936,1240618095518,0,523,3,156.66666666666666,0,0,0,797824,1,null
131676,1240616620519,1240616626603,0,0,0,0,0,1,1,40508,4,0
132921,undefined,0,110.65,0,0,0,0,5,2,211601,undefined,undefined
133118,1240617968211,0,14.8,1974,10,164.7,0,1,0,121984,2,0
133611,undefined,0,116.20000000000002,0,0,0,0,5,5,168422,undefined,undefined
136131,1240613294527,1240613962374,15.4,287,2,156,390071,1,0,403501,4,0
138676,1240617442074,1240618046081,0,248,2,156,506522,1,0,597005,3,null
139864,1240617086780,1240617467191,0,147,1,147,0,0,0,205658,4,0
140983,1240613274340,1240614491553,0,448,2,112,0,0,0,117857,3,0
141288,1240616773840,0,0,1315,4,242.5,0,2,0,510740,4,0
143538,undefined,0,293.4,0,0,0,0,2,8,1531,undefined,undefined
143752,1240617347749,1240617353517,0,0,0,0,0,0,0,195654,2,0
146211,undefined,0,22.4,0,0,0,0,2,3,258951,undefined,undefined
147733,1240614472943,1240614722298,0,256,1,256,80835,1,1,80835,4,0
149220,undefined,0,160.2,0,0,0,0,1,1,430717,undefined,undefined
150469,undefined,0,67.00000000000001,0,0,0,0,2,5,57393,undefined,undefined
1531,undefined,0,141.35,0,0,0,0,3,13,12,undefined,undefined
154238,undefined,0,56.60000000000001,0,0,0,0,4,3,45129,undefined,undefined
159505,1240615837406,1240616131171,0,98,1,85,0,0,0,0,1,null
160138,undefined,0,138.9,0,0,0,0,5,4,150469,undefined,undefined
160801,1240617873588,1240618640310,30.900000000000002,556,3,194.33333333333334,0,2,1,166371,3,0
161355,1240615020495,1240615214188,0,0,0,0,0,0,0,54776,4,2
16187,1240613643796,1240613849690,0,111,1,105,0,0,0,0,1,null
162016,1240613634094,1240613684659,0,0,0,0,0,0,0,0,1,null
162643,1240618308540,0,0,128,1,142,0,0,0,81899,1,0
162782,1240617327976,1240617588455,0,0,0,0,430717,5,0,36377,8,1
164310,1240614523136,1240614727594,0,0,0,0,0,0,0,0,1,null
166,undefined,0,84.9,0,0,0,0,5,4,578,undefined,undefined
166371,undefined,0,71.05000000000001,0,0,0,0,3,2,267622,undefined,undefined
167921,1240615789051,1240616488130,0,327,3,109,0,0,0,0,1,null
16825,1240618604263,0,0,1240,7,206.14285714285714,0,0,0,4139,3,0
168422,undefined,0,58.10000000000001,0,0,0,0,1,5,181695,undefined,undefined
168743,1240616241848,0,0,1602,7,265.42857142857144,149220,1,0,149220,6,1
170191,1240615700770,1240616094936,0,0,0,0,0,2,6,202873,9,1
171151,undefined,0,67.5,0,0,0,0,23,5,21067,undefined,undefined
174936,undefined,0,12.8,0,0,0,0,2,1,256746,undefined,undefined
179326,undefined,0,18.8,0,0,0,0,2,0,185581,undefined,undefined
180571,1240618115676,1240618336816,0,0,0,0,0,1,2,163836,4,0
182928,1240617841832,1240618105942,0,0,0,0,0,1,0,284150,4,0
185581,undefined,0,9.4,0,0,0,0,1,2,209656,undefined,undefined
1892,1240615494947,1240615856389,203.1,187,1,260,455390,14,5,995,9,1
191354,1240615377599,1240615485082,0,0,0,0,0,0,0,261567,2,0
192644,1240613872877,1240614321263,0,214,2,129,0,0,0,259344,1,null
192883,1240618515946,0,42.400000000000006,572,2,341.5,0,8,2,210210,6,5
193439,1240617477735,1240617653011,0,0,0,0,0,0,0,168473,1,null
196626,undefined,0,11.100000000000001,0,0,0,0,1,0,204260,undefined,undefined
201158,1240614761964,1240615244948,0,309,2,166,0,0,0,0,1,null
204260,undefined,0,5.550000000000001,0,0,0,0,1,1,145896,undefined,undefined
205658,undefined,0,14.700000000000001,0,0,0,0,1,0,37832,undefined,undefined
210210,undefined,0,78.4,0,0,0,0,4,8,381607,undefined,undefined
21067,undefined,0,33.75,0,0,0,0,2,23,302907,undefined,undefined
211601,undefined,0,45.300000000000004,0,0,0,0,1,5,7078,undefined,undefined
212370,undefined,0,10.200000000000001,0,0,0,0,8,2,105778,undefined,undefined
2224,1240615136749,0,0,2313,6,504.8333333333333,57184,0,0,0,4,0
223864,1240615363878,1240616940155,9.8,1166,6,136.33333333333334,259344,4,9,160138,7,1
233517,undefined,0,42.900000000000006,0,0,0,0,2,3,212370,undefined,undefined
234299,1240616654043,1240618414280,0,1001,4,245.5,0,0,0,81597,2,null
235393,undefined,0,17.400000000000002,0,0,0,0,7,3,377629,undefined,undefined
241707,1240616188173,1240616232056,0,0,0,0,0,0,0,154238,1,0
257369,1240617172540,0,0,1031,7,137.57142857142858,0,0,0,0,2,0
259344,1240618065492,0,21.4,2827,12,330.0833333333333,223864,8,1,143538,7,2
267622,undefined,0,27.800000000000004,0,0,0,0,2,3,1632,undefined,undefined
28100,1240613844869,1240613960278,0,0,0,0,0,0,0,0,1,0
2843,undefined,0,67,0,0,0,0,6,12,3383,undefined,undefined
287541,1240615329749,1240615534557,0,174,1,107,0,0,0,160138,2,0
288860,undefined,0,19.900000000000002,0,0,0,0,5,1,20260,undefined,undefined
297380,1240616223178,1240616751809,0,0,0,0,0,2,1,90015,4,2
298388,1240616805478,1240616968813,0,0,0,0,0,2,2,246356,4,2
304356,1240616914678,1240617026877,0,0,0,0,0,0,0,115410,3,0
308890,1240616597506,1240618161845,0,0,0,0,0,0,0,0,1,null
311783,1240614366891,1240617945942,0,863,4,233.5,0,5,1,11460,7,3
3200,1240614466710,1240614802538,0,98,1,196,71724,8,0,223864,11,2
3383,undefined,0,33.5,0,0,0,0,4,6,12791,undefined,undefined
339217,1240617783351,1240618145727,0,259,2,109.5,0,1,0,76673,2,0
341424,1240618128836,0,0,675,3,234,0,0,0,171151,5,1
351598,undefined,0,98.5,0,0,0,0,1,15,359624,undefined,undefined
359624,undefined,0,49.25,0,0,0,0,3,1,201132,undefined,undefined
377629,undefined,0,8.700000000000001,0,0,0,0,5,11,75123,undefined,undefined
37832,undefined,0,7.3500000000000005,0,0,0,0,1,1,72070,undefined,undefined
381139,1240616819199,1240616842356,0,0,0,0,0,0,0,101358,2,0
381607,undefined,0,28.6,0,0,0,0,1,4,153510,undefined,undefined
383387,undefined,0,21,0,0,0,0,3,44,0,undefined,undefined
38851,1240616771239,1240617357480,0,428,3,100,0,2,1,390071,4,1
390071,undefined,0,42.8,0,0,0,0,2,2,4139,undefined,undefined
396113,undefined,0,72.60000000000001,0,0,0,0,2,3,44987,undefined,undefined
403501,undefined,0,36.400000000000006,0,0,0,0,3,1,124503,undefined,undefined
407244,1240613671356,1240613803432,0,0,0,0,0,1,0,72894,4,0
409656,undefined,0,34.6,0,0,0,0,6,1,384703,undefined,undefined
41022,undefined,0,43.150000000000006,0,0,0,0,1,1,412796,undefined,undefined
4139,undefined,0,145.4,0,0,0,0,11,2,713,undefined,undefined
416503,1240615523273,1240616399700,78.30000000000001,680,5,151.2,0,3,0,82321,2,1
418347,1240618655615,0,0,0,0,0,0,0,0,14825,1,0
430717,undefined,0,80.1,0,0,0,0,2,2,256746,undefined,undefined
44,1240614775769,1240616780297,100.20000000000002,2309,11,245.1818181818182,0,10,2,72176,5,1
445660,undefined,0,9.15,0,0,0,0,4,4,54812,undefined,undefined
44987,undefined,0,86.35000000000001,0,0,0,0,2,7,12770,undefined,undefined
45129,1240617877971,1240618191005,0,0,0,0,64152,7,6,66842,10,3
451927,1240617661536,1240617840076,0,0,0,0,0,0,0,0,1,null
503,1240618421421,0,0,0,0,0,1531,4,2,12,7,1
510740,1240614812807,1240615080464,456.9000000000001,183,1,331,230164,46,29,534632,15,14
521870,1240616095395,1240616109771,0,0,0,0,0,0,0,0,1,0
53030,1240613290385,1240613302721,0,0,0,0,0,6,5,122907,11,3
534632,undefined,0,213.75,0,0,0,0,4,46,445660,undefined,undefined
537491,1240615882543,1240616892661,10.600000000000001,750,6,108.83333333333333,0,1,0,7314,2,null
547939,1240615526345,1240615717891,0,0,0,0,0,1,0,510740,2,0
555728,undefined,0,181.50000000000003,0,0,0,0,6,0,1101,undefined,undefined
562788,undefined,0,136.25,0,0,0,0,1,3,409656,undefined,undefined
57184,1240614859463,0,0,2313,6,265.3333333333333,2224,0,0,0,4,0
574307,1240615764342,1240616359530,0,351,3,126.66666666666667,0,0,0,416503,1,null
57706,1240617410503,1240617633088,0,0,0,0,0,0,0,23989,1,null
57717,undefined,0,114.4,0,0,0,0,4,4,110178,undefined,undefined
578918,1240618408859,0,0,188,1,188,0,0,0,179326,1,0
5842,undefined,0,37.5,0,0,0,0,11,9,344937,undefined,undefined
58859,1240616364779,1240617047605,0,726,3,356.3333333333333,43017,3,1,396113,11,2
597005,1240613343430,1240618599771,24.800000000000004,1341,6,205.16666666666666,0,1,1,603011,4,0
597367,1240614230620,1240615169608,0,225,3,70.66666666666667,0,0,0,123961,1,null
600642,1240617491568,1240617550724,0,0,0,0,0,0,0,196269,1,null
603011,1240617952023,0,146.50000000000003,692,3,245.33333333333334,0,3,1,562788,4,0
616095,1240617904079,1240618095387,0,0,0,0,0,0,0,351430,1,0
617569,1240616982845,1240617192041,0,0,0,0,0,0,0,154004,2,null
624616,1240616071957,1240616243115,0,0,0,0,0,1,0,104252,2,null
624920,1240616970590,1240617220238,0,0,0,0,0,0,0,0,1,null
625005,1240615518520,1240615523224,0,0,0,0,0,0,0,0,1,null
627367,1240615633404,1240617213092,0,156,1,145,0,0,0,755785,1,null
63026,1240617491007,1240618155623,0,450,3,137.33333333333334,0,0,0,63924,1,null
630671,1240617793697,1240618264802,40.1,906,4,220.5,0,2,0,132921,3,null
630821,1240616345320,1240616932698,0,193,2,92,0,0,0,537491,1,null
637788,1240614104288,1240615716159,0,1815,10,145.9,555728,0,0,555728,3,null
638592,1240615686604,1240616093089,0,424,2,156.5,0,0,0,192883,1,null
639099,1240614479758,1240614653489,0,0,0,0,0,0,0,0,1,null
639206,1240618219556,0,0,0,0,0,0,0,0,510740,1,0
63924,1240614149013,1240614367220,45,204,2,105,0,3,1,233517,3,null
64152,1240617810139,1240618183841,55.10000000000001,398,2,282.5,45129,4,0,108338,10,3
66347,1240617120089,1240617225294,0,0,0,0,0,0,0,0,1,null
66878,1240617528169,1240618386591,0,0,0,0,0,1,0,75123,2,null
699109,1240615854101,1240617179229,110.10000000000001,1094,8,132.375,0,2,0,510740,2,null
709251,1240618447989,1240618554857,0,0,0,0,0,0,0,0,1,null
713,undefined,0,256.25000000000006,0,0,0,0,9,18,12,undefined,undefined
72176,undefined,0,281.00000000000006,0,0,0,0,3,10,106069,undefined,undefined
72721,1240617075219,1240617693945,0,835,7,106.85714285714286,0,0,0,416503,1,null
730587,1240613280989,1240614973324,0,1132,6,200.66666666666666,0,0,0,735743,3,null
7314,undefined,0,80.3,0,0,0,0,8,1,5842,undefined,undefined
735743,undefined,0,113.20000000000002,0,0,0,0,3,0,154238,undefined,undefined
746772,1240613866184,1240613892387,0,0,0,0,0,0,0,1892,1,null
748583,1240618642410,0,0,0,0,0,0,0,0,0,1,0
75123,1240613288304,1240614296952,0,670,2,308,101358,11,12,2843,12,3
751259,1240613298823,1240613475801,0,0,0,0,0,0,0,0,1,null
755785,1240616021902,0,15.600000000000001,1953,12,143.83333333333334,0,1,0,1892,3,0
756570,1240618020586,0,0,202,1,175,0,0,0,0,2,0
759961,1240614601260,1240615000466,0,245,1,111,0,0,0,0,1,null
76195,1240617285598,1240617566643,0,0,0,0,0,0,0,0,1,null
76673,undefined,0,25.900000000000002,0,0,0,0,5,1,81597,undefined,undefined
768411,1240615773992,1240617789666,0,1101,9,116.11111111111111,0,0,0,699109,2,null
772113,1240615831784,0,0,1500,9,163.44444444444446,0,0,0,510740,2,0
772383,1240614849419,1240616072672,0,174,1,241,168473,0,0,235393,3,null
773108,undefined,0,35.7,0,0,0,0,4,1,510740,undefined,undefined
776785,1240616849974,1240617404535,0,373,2,186.5,0,2,0,96722,4,null
797824,1240613288309,1240616619074,52.300000000000004,1608,6,229.16666666666666,574401,2,0,82321,4,null
802319,1240613422230,1240613797681,34,219,1,219,0,1,2,773108,3,null
80835,undefined,0,25.6,0,0,0,0,1,1,174936,undefined,undefined
81597,undefined,0,113.05000000000001,0,0,0,0,5,5,44987,undefined,undefined
817545,1240618532830,0,0,0,0,0,0,0,0,0,1,0
817673,1240617852700,1240618526512,0,551,4,107.75,0,0,0,64152,1,null
818077,1240614315128,1240614339976,0,0,0,0,0,0,0,0,1,null
81899,1240618243025,0,12.8,276,2,123.5,0,2,0,802319,5,1
821078,1240613343544,1240613354147,0,0,0,0,0,0,0,0,1,null
821129,1240614140783,1240614431121,0,1002,4,291,0,0,0,44,2,null
821321,1240617867767,1240618026405,0,0,0,0,0,0,0,0,1,null
821335,1240613880927,1240614144625,0,131,1,131,0,0,0,0,1,null
822627,1240617284580,1240617306880,0,0,0,0,0,0,0,0,1,null
822833,1240616191010,1240616221564,0,0,0,0,0,0,0,0,1,null
823060,1240616048978,1240616347159,0,137,1,135,0,0,0,0,1,null
82321,undefined,0,294.1,0,0,0,0,4,5,57717,undefined,undefined
823386,1240616766676,1240616786330,0,0,0,0,0,0,0,0,1,null
823522,1240617684434,1240617723446,0,0,0,0,0,0,0,0,1,null
824354,1240616966409,1240616991239,0,0,0,0,0,0,0,0,1,null
825259,1240617924954,1240618167339,0,148,1,123,0,0,0,133118,1,null
8842,1240618621623,0,0,0,0,0,22707,11,17,1531,13,6
92509,1240615228353,1240615250849,0,0,0,0,0,3,0,5212,5,3
96722,undefined,0,37.300000000000004,0,0,0,0,2,2,99126,undefined,undefined
98867,1240613315755,1240613478482,0,154,1,128,0,0,0,136131,1,null
99126,undefined,0,18.650000000000002,0,0,0,0,3,2,47445,undefined,undefined
995,1240613296167,1240617003064,116.35000000000001,420,1,702,12,11,17,12,13,5
<<<<EndTable

PlayersOnlineNow=27
PlayersOnlineEachMinute=0, 11, 15, 17, 16, 17, 18, 20, 19, 19, 20, 18, 17, 18, 19, 19, 20, 20, 18, 18, 20, 19, 18, 19, 20, 19, 21, 22, 22, 21, 22, 19, 18, 16, 15, 18, 18, 19, 21, 20, 22, 22, 26, 28, 28, 28, 29, 29, 27, 29, 26, 26, 26, 26, 25, 26, 25, 24, 23, 25, 27, 25, 25, 23, 26, 27, 22, 26, 25, 24, 26, 29, 24, 22, 24, 23, 25, 30, 32, 33, 32, 30, 24, 26, 26, 26, 26, 26, 25, 25
PlayersInEachFeedingGame=2, 1, 2, 1, 1, 2, 1, 1, 1, 2, 1, 1, 1, 2, 2, 1, 2, 2, 2, 1, 1, 2, 1, 2, 1, 1, 2, 1, 2, 1, 2, 2, 1, 1, 2, 2, 1, 1, 2, 1, 2, 2, 2, 3, 1, 2, 1, 1, 2, 1, 2, 1, 2, 1, 2, 2, 2, 1, 2, 1, 1, 2, 1, 1, 2, 1, 1, 1, 2, 2, 1, 2, 2, 1, 3, 2, 1, 2, 1, 2, 2, 1, 1, 2, 2, 1, 2, 1, 2, 1, 1, 1, 2, 1, 1, 2, 2, 1, 1, 2, 1, 2, 1, 2, 2, 1, 2, 2, 2, 2, 2, 1, 2, 1, 1, 2, 2, 2, 1, 2, 1, 1, 2, 2, 1, 2, 2, 2, 1, 2, 2, 1, 1, 2, 2, 2, 1, 2, 2, 2, 2
PlayersStarted=211
PlayersQuit=184
StatsStartTime=1240613274178
StatsDumpTime=1240618674486
<<<<EndStats
2009-04-24 17:17:56,229 ERROR: vampire.server.feeding.FeedingRecord sendPlayerStartGameMsg [playerId=257369, prey=true, _predatorIndex=]
2009-04-24 17:17:56,229 ERROR: vampire.server.feeding.FeedingRecord sendPlayerStartGameMsg [playerId=578918, prey=false, _predatorIndex=]
2009-04-24 17:18:01,295 ERROR: vampire.server.feeding.FeedingRecord sendPlayerStartGameMsg [playerId=418347, prey=false, _predatorIndex=10642]
2009-04-24 17:18:23,170 ERROR: vampire.server.feeding.FeedingRecord sendPlayerStartGameMsg [playerId=259344, prey=true, _predatorIndex=]
2009-04-24 17:18:23,172 ERROR: vampire.server.feeding.FeedingRecord sendPlayerStartGameMsg [playerId=133118, prey=false, _predatorIndex=]
2009-04-24 17:18:30,811 ERROR: vampire.server.feeding.FeedingRecord sendPlayerStartGameMsg [playerId=755785, prey=false, _predatorIndex=133118]
2009-04-24 17:18:46,095 ERROR: vampire.server.feeding.FeedingRecord sendPlayerStartGameMsg [playerId=81899, prey=true, _predatorIndex=]
2009-04-24 17:18:46,096 ERROR: vampire.server.feeding.FeedingRecord sendPlayerStartGameMsg [playerId=103033, prey=false, _predatorIndex=]
2009-04-24 17:18:48,443 ERROR: vampire.server.feeding.FeedingRecord sendPlayerStartGameMsg [playerId=259344, prey=true, _predatorIndex=]
2009-04-24 17:18:48,444 ERROR: vampire.server.feeding.FeedingRecord sendPlayerStartGameMsg [playerId=755785, prey=false, _predatorIndex=]
2009-04-24 17:18:58,962 ERROR: vampire.server.feeding.FeedingRecord sendPlayerStartGameMsg [playerId=133118, prey=false, _predatorIndex=755785]
2009-04-24 17:20:34,761 ERROR: vampire.server.feeding.FeedingRecord sendPlayerStartGameMsg [playerId=578918, prey=false, _predatorIndex=]
2009-04-24 17:21:22,310 ERROR: vampire.server.feeding.FeedingRecord sendPlayerStartGameMsg [playerId=50281, prey=false, _predatorIndex=]
2009-04-24 17:22:09,276 ERROR: vampire.server.feeding.FeedingRecord sendPlayerStartGameMsg [playerId=10642, prey=true, _predatorIndex=]
2009-04-24 17:22:09,277 ERROR: vampire.server.feeding.FeedingRecord sendPlayerStartGameMsg [playerId=748583, prey=false, _predatorIndex=]
2009-04-24 17:22:26,028 ERROR: vampire.server.feeding.FeedingRecord sendPlayerStartGameMsg [playerId=301294, prey=true, _predatorIndex=]
2009-04-24 17:22:26,029 ERROR: vampire.server.feeding.FeedingRecord sendPlayerStartGameMsg [playerId=616095, prey=false, _predatorIndex=]
2009-04-24 17:22:32,454 ERROR: vampire.server.feeding.FeedingRecord sendPlayerStartGameMsg [playerId=16825, prey=false, _predatorIndex=]
2009-04-24 17:22:39,632 ERROR: vampire.server.feeding.FeedingRecord sendPlayerStartGameMsg [playerId=9093, prey=true, _predatorIndex=]
2009-04-24 17:22:39,633 ERROR: vampire.server.feeding.FeedingRecord sendPlayerStartGameMsg [playerId=503, prey=false, _predatorIndex=]
2009-04-24 17:23:59,648 ERROR: vampire.server.feeding.FeedingRecord sendPlayerStartGameMsg [playerId=726649, prey=true, _predatorIndex=]
2009-04-24 17:23:59,649 ERROR: vampire.server.feeding.FeedingRecord sendPlayerStartGameMsg [playerId=755785, prey=false, _predatorIndex=]
2009-04-24 17:24:04,338 ERROR: vampire.server.feeding.FeedingRecord sendPlayerStartGameMsg [playerId=50281, prey=false, _predatorIndex=]
2009-04-24 17:24:13,857 ERROR: vampire.server.feeding.FeedingRecord sendPlayerStartGameMsg [playerId=608349, prey=false, _predatorIndex=]
2009-04-24 17:24:40,336 ERROR: vampire.server.feeding.FeedingRecord sendPlayerStartGameMsg [playerId=50281, prey=false, _predatorIndex=]
2009-04-24 17:25:23,012 ERROR: vampire.server.feeding.FeedingRecord sendPlayerStartGameMsg [playerId=608349, prey=false, _predatorIndex=]
2009-04-24 17:25:47,752 ERROR: vampire.server.feeding.FeedingRecord sendPlayerStartGameMsg [playerId=10642, prey=true, _predatorIndex=]
2009-04-24 17:25:47,752 ERROR: vampire.server.feeding.FeedingRecord sendPlayerStartGameMsg [playerId=748583, prey=false, _predatorIndex=]
2009-04-24 17:26:05,155 ERROR: vampire.server.feeding.FeedingRecord sendPlayerStartGameMsg [playerId=16825, prey=false, _predatorIndex=]
2009-04-24 17:26:15,870 ERROR: vampire.server.feeding.FeedingRecord sendPlayerStartGameMsg [playerId=1885, prey=true, _predatorIndex=]
2009-04-24 17:26:15,871 ERROR: vampire.server.feeding.FeedingRecord sendPlayerStartGameMsg [playerId=503, prey=false, _predatorIndex=]
2009-04-24 17:26:25,793 ERROR: vampire.server.feeding.FeedingRecord sendPlayerStartGameMsg [playerId=124477, prey=false, _predatorIndex=]
2009-04-24 17:26:48,763 ERROR: vampire.server.feeding.FeedingRecord sendPlayerStartGameMsg [playerId=755785, prey=false, _predatorIndex=]
2009-04-24 17:27:02,782 ERROR: vampire.server.feeding.FeedingRecord sendPlayerStartGameMsg [playerId=259344, prey=false, _predatorIndex=]
2009-04-24 17:27:10,696 ERROR: vampire.server.feeding.FeedingRecord sendPlayerStartGameMsg [playerId=16825, prey=false, _predatorIndex=]
2009-04-24 17:27:28,048 ERROR: vampire.server.feeding.FeedingRecord sendPlayerStartGameMsg [playerId=103033, prey=false, _predatorIndex=616095]
2009-04-24 17:27:35,945 ERROR: vampire.server.feeding.FeedingRecord sendPlayerStartGameMsg [playerId=645817, prey=false, _predatorIndex=]
2009-04-24 17:27:50,670 ERROR: vampire.server.feeding.FeedingRecord sendPlayerStartGameMsg [playerId=608349, prey=false, _predatorIndex=]

>>>>BeginStats

>>>>BeginTable
PlayerId, StartTime, EndTime, ProgenyPayout, XPFromFeeding, FeedingGames, MeanFeedingScore, BloodBond, Progeny, GrandProgeny, Sire, Level, Invites
103033,1240617906417,0,0,774,5,171,0,0,0,81899,1,0
103144,1240614823368,1240615093416,0,175,1,133,0,5,5,116005,4,0
104037,1240618378679,1240618847947,0,205,1,157,0,0,0,0,2,0
106069,undefined,0,115.45000000000002,0,0,0,0,13,3,236834,undefined,undefined
10642,1240618308568,0,19.400000000000002,1573,6,358.1666666666667,447249,16,23,351598,13,2
108338,undefined,0,67.35000000000001,0,0,0,0,1,4,288860,undefined,undefined
109238,1240615020335,1240616258529,0,498,4,103.75,0,0,0,630671,1,null
1101,undefined,0,90.75000000000001,0,0,0,0,2,6,239981,undefined,undefined
110157,1240617240780,1240617727789,0,111,1,111,0,0,0,196626,1,null
110457,1240618880079,1240618889834,0,0,0,0,0,0,0,0,1,null
110807,1240619272872,0,0,0,0,0,0,0,0,0,1,0
11460,undefined,0,86.30000000000001,0,0,0,0,1,5,41022,undefined,undefined
114914,1240615750222,0,0,1028,9,106.33333333333333,0,0,0,160801,2,0
116005,undefined,0,17.5,0,0,0,0,6,5,130627,undefined,undefined
117857,undefined,0,44.8,0,0,0,0,3,0,146211,undefined,undefined
12,undefined,0,261.00000000000006,0,0,0,0,19,42,383387,undefined,undefined
121984,undefined,0,177.20000000000002,0,0,0,0,4,1,166,undefined,undefined
123961,1240613284201,1240615038403,22.5,1830,8,278.75,878,5,17,713,12,2
124477,1240618975642,0,0,0,0,0,0,0,0,0,1,0
124503,undefined,0,14.350000000000001,0,0,0,0,3,3,170934,undefined,undefined
125207,1240613406262,1240613446203,0,0,0,0,273503,0,0,544643,4,0
127942,1240615998859,1240617564836,0,1162,6,212.16666666666666,0,5,4,133611,5,6
130627,undefined,0,8.75,0,0,0,0,8,7,85079,undefined,undefined
130736,1240617613936,1240618095518,0,523,3,156.66666666666666,0,0,0,797824,1,null
131676,1240616620519,1240616626603,0,0,0,0,0,1,1,40508,4,0
132921,undefined,0,110.65,0,0,0,0,5,2,211601,undefined,undefined
133118,1240617968211,1240618874222,14.8,1974,10,164.7,0,1,0,121984,2,null
133611,undefined,0,116.20000000000002,0,0,0,0,5,5,168422,undefined,undefined
135244,undefined,0,7.1000000000000005,0,0,0,0,1,1,242779,undefined,undefined
136131,1240613294527,1240613962374,15.4,287,2,156,390071,1,0,403501,4,0
138676,1240617442074,1240618046081,0,248,2,156,506522,1,0,597005,3,null
139864,1240617086780,1240617467191,0,147,1,147,0,0,0,205658,4,0
140983,1240613274340,1240614491553,0,448,2,112,0,0,0,117857,3,0
141288,1240616773840,0,0,1315,4,242.5,0,2,0,510740,4,0
143538,undefined,0,293.4,0,0,0,0,2,8,1531,undefined,undefined
143752,1240617347749,1240617353517,0,0,0,0,0,0,0,195654,2,0
146211,undefined,0,22.4,0,0,0,0,2,3,258951,undefined,undefined
147733,1240614472943,1240614722298,0,256,1,256,80835,1,1,80835,4,0
149220,undefined,0,160.2,0,0,0,0,1,1,430717,undefined,undefined
150469,undefined,0,67.00000000000001,0,0,0,0,2,5,57393,undefined,undefined
1531,undefined,0,192.65,0,0,0,0,3,13,12,undefined,undefined
154238,undefined,0,56.60000000000001,0,0,0,0,4,3,45129,undefined,undefined
159505,1240615837406,1240616131171,0,98,1,85,0,0,0,0,1,null
160138,undefined,0,138.9,0,0,0,0,5,4,150469,undefined,undefined
16040,undefined,0,41.2,0,0,0,0,5,1,3,undefined,undefined
160801,1240617873588,1240618640310,30.900000000000002,556,3,194.33333333333334,0,2,1,166371,3,0
161355,1240615020495,1240615214188,0,0,0,0,0,0,0,54776,4,2
16187,1240613643796,1240613849690,0,111,1,105,0,0,0,0,1,null
162016,1240613634094,1240613684659,0,0,0,0,0,0,0,0,1,null
162643,1240618308540,1240618728539,0,128,1,142,0,0,0,81899,1,null
162782,1240617327976,1240617588455,0,0,0,0,430717,5,0,36377,8,1
164310,1240614523136,1240614727594,0,0,0,0,0,0,0,0,1,null
166,undefined,0,84.9,0,0,0,0,5,4,578,undefined,undefined
166371,undefined,0,71.05000000000001,0,0,0,0,3,2,267622,undefined,undefined
167921,1240615789051,1240616488130,0,327,3,109,0,0,0,0,1,null
16825,1240618604263,0,0,1658,10,199,0,0,0,4139,3,0
168422,undefined,0,58.10000000000001,0,0,0,0,1,5,181695,undefined,undefined
168426,1240618803519,0,0,0,0,0,0,0,0,164243,4,0
168743,1240616241848,0,0,1602,7,265.42857142857144,149220,1,0,149220,6,1
170191,1240615700770,1240616094936,0,0,0,0,0,2,6,202873,9,1
171151,1240619274261,0,95.4,0,0,0,77,23,14,21067,13,3
174936,undefined,0,12.8,0,0,0,0,2,1,256746,undefined,undefined
179326,undefined,0,68.80000000000001,0,0,0,0,2,0,185581,undefined,undefined
180571,1240618115676,1240618336816,0,0,0,0,0,1,2,163836,4,0
18155,undefined,0,18.5,0,0,0,0,1,1,9651,undefined,undefined
182928,1240617841832,1240618105942,0,0,0,0,0,1,0,284150,4,0
185581,undefined,0,34.400000000000006,0,0,0,0,1,2,209656,undefined,undefined
1885,1240619157193,0,0,0,0,0,0,0,0,1531,2,0
1892,1240615494947,1240615856389,217.29999999999998,187,1,260,455390,14,5,995,9,1
191354,1240615377599,1240615485082,0,0,0,0,0,0,0,261567,2,0
192644,1240613872877,1240614321263,0,214,2,129,0,0,0,259344,1,null
192883,1240618515946,1240619217061,42.400000000000006,1245,5,271.2,0,8,2,210210,6,5
193439,1240617477735,1240617653011,0,0,0,0,0,0,0,168473,1,null
195981,1240619259699,0,0,0,0,0,0,0,0,0,1,0
196626,undefined,0,11.100000000000001,0,0,0,0,1,0,204260,undefined,undefined
201158,1240614761964,1240615244948,0,309,2,166,0,0,0,0,1,null
204260,undefined,0,5.550000000000001,0,0,0,0,1,1,145896,undefined,undefined
205658,undefined,0,14.700000000000001,0,0,0,0,1,0,37832,undefined,undefined
210210,undefined,0,145.70000000000002,0,0,0,0,4,8,381607,undefined,undefined
21067,undefined,0,47.7,0,0,0,0,2,23,302907,undefined,undefined
211601,undefined,0,45.300000000000004,0,0,0,0,1,5,7078,undefined,undefined
212370,undefined,0,10.200000000000001,0,0,0,0,8,2,105778,undefined,undefined
2224,1240615136749,0,0,2313,6,504.8333333333333,57184,0,0,0,4,0
223864,1240615363878,1240616940155,9.8,1166,6,136.33333333333334,259344,4,9,160138,7,1
233517,undefined,0,42.900000000000006,0,0,0,0,2,3,212370,undefined,undefined
234299,1240616654043,1240618414280,0,1001,4,245.5,0,0,0,81597,2,null
235393,undefined,0,17.400000000000002,0,0,0,0,7,3,377629,undefined,undefined
241707,1240616188173,1240616232056,0,0,0,0,0,0,0,154238,1,0
256746,undefined,0,8.25,0,0,0,0,4,22,61984,undefined,undefined
257369,1240617172540,1240619080493,0,1179,8,136.75,0,0,0,0,2,null
259344,1240618065492,0,21.4,2827,12,330.0833333333333,223864,8,1,143538,7,2
267622,undefined,0,27.800000000000004,0,0,0,0,2,3,1632,undefined,undefined
28100,1240613844869,1240613960278,0,0,0,0,0,0,0,0,1,0
2843,undefined,0,78.25,0,0,0,0,6,17,3383,undefined,undefined
287541,1240615329749,1240615534557,0,174,1,107,0,0,0,160138,2,0
288860,undefined,0,19.900000000000002,0,0,0,0,5,1,20260,undefined,undefined
297380,1240616223178,1240616751809,0,0,0,0,0,2,1,90015,4,2
298388,1240616805478,1240616968813,0,0,0,0,0,2,2,246356,4,2
3,undefined,0,20.6,0,0,0,0,2,5,383387,undefined,undefined
300614,1240618856469,1240619035554,0,0,0,0,0,0,0,0,1,0
301294,1240618836687,0,0,225,2,97,166074,0,0,47445,4,0
304356,1240616914678,1240617026877,0,0,0,0,0,0,0,115410,3,0
308890,1240616597506,1240618161845,0,0,0,0,0,0,0,0,1,null
311783,1240614366891,1240617945942,0,863,4,233.5,0,5,1,11460,7,3
317008,1240619167470,1240619207807,0,0,0,0,0,0,0,0,1,null
3200,1240614466710,1240614802538,0,98,1,196,71724,8,0,223864,11,2
336228,undefined,0,11.25,0,0,0,0,8,11,307471,undefined,undefined
3383,undefined,0,33.5,0,0,0,0,4,6,12791,undefined,undefined
339217,1240617783351,1240618145727,0,259,2,109.5,0,1,0,76673,2,0
341424,1240618128836,1240618886723,0,954,5,196.2,0,0,0,171151,5,1
351430,undefined,0,22.5,0,0,0,0,8,1,336228,undefined,undefined
351598,undefined,0,167,0,0,0,0,1,16,359624,undefined,undefined
359624,undefined,0,78.65,0,0,0,0,3,1,201132,undefined,undefined
377629,undefined,0,8.700000000000001,0,0,0,0,5,11,75123,undefined,undefined
37832,undefined,0,7.3500000000000005,0,0,0,0,1,1,72070,undefined,undefined
381139,1240616819199,1240616842356,0,0,0,0,0,0,0,101358,2,0
381607,undefined,0,62.25000000000001,0,0,0,0,1,4,153510,undefined,undefined
383387,undefined,0,67.25,0,0,0,0,4,46,0,undefined,undefined
38851,1240616771239,1240617357480,0,428,3,100,0,2,1,390071,4,1
390071,undefined,0,42.8,0,0,0,0,2,2,4139,undefined,undefined
396113,undefined,0,72.60000000000001,0,0,0,0,2,3,44987,undefined,undefined
403501,undefined,0,36.400000000000006,0,0,0,0,3,1,124503,undefined,undefined
407244,1240613671356,1240613803432,0,0,0,0,0,1,0,72894,4,0
409656,undefined,0,34.6,0,0,0,0,6,1,384703,undefined,undefined
41022,undefined,0,43.150000000000006,0,0,0,0,1,1,412796,undefined,undefined
4139,undefined,0,187.2,0,0,0,0,11,2,713,undefined,undefined
416503,1240615523273,1240616399700,78.30000000000001,680,5,151.2,0,3,0,82321,2,1
418347,1240618655615,1240618821894,0,0,0,0,0,0,0,14825,1,null
430717,undefined,0,96.6,0,0,0,0,20,2,256746,undefined,undefined
44,1240614775769,1240616780297,100.20000000000002,2309,11,245.1818181818182,0,10,2,72176,5,1
445660,undefined,0,9.15,0,0,0,0,4,4,54812,undefined,undefined
44987,undefined,0,86.35000000000001,0,0,0,0,3,8,12770,undefined,undefined
45129,1240617877971,1240618191005,0,0,0,0,64152,7,6,66842,10,3
451927,1240617661536,1240617840076,0,0,0,0,0,0,0,0,1,null
47445,undefined,0,22.5,0,0,0,0,6,3,2843,undefined,undefined
50281,1240618849680,1240619216972,0,370,2,185,0,1,0,86723,4,0
503,1240618421421,0,0,925,2,406.5,1531,4,2,12,7,1
510740,1240614812807,1240615080464,496.30000000000007,183,1,331,230164,46,29,534632,15,14
521870,1240616095395,1240616109771,0,0,0,0,0,0,0,0,1,0
53030,1240619070019,1240619163564,0,0,0,0,0,6,5,122907,11,3
534632,undefined,0,233.45,0,0,0,0,4,46,445660,undefined,undefined
537491,1240615882543,1240616892661,10.600000000000001,750,6,108.83333333333333,0,1,0,7314,2,null
547939,1240615526345,1240615717891,0,0,0,0,0,1,0,510740,2,0
555728,undefined,0,181.50000000000003,0,0,0,0,6,0,1101,undefined,undefined
562788,undefined,0,136.25,0,0,0,0,1,3,409656,undefined,undefined
57184,1240614859463,1240619100233,0,2313,6,265.3333333333333,2224,0,0,0,4,0
574307,1240615764342,1240616359530,0,351,3,126.66666666666667,0,0,0,416503,1,null
57706,1240617410503,1240617633088,0,0,0,0,0,0,0,23989,1,null
57717,undefined,0,114.4,0,0,0,0,4,4,110178,undefined,undefined
578918,1240618408859,1240619173080,0,688,3,234.66666666666666,0,0,0,179326,2,0
5842,undefined,0,37.5,0,0,0,0,11,9,344937,undefined,undefined
58859,1240616364779,1240617047605,0,726,3,356.3333333333333,43017,3,1,396113,11,2
597005,1240613343430,1240618599771,24.800000000000004,1341,6,205.16666666666666,0,1,1,603011,4,0
597367,1240614230620,1240615169608,0,225,3,70.66666666666667,0,0,0,123961,1,null
600642,1240617491568,1240617550724,0,0,0,0,0,0,0,196269,1,null
603011,1240617952023,0,146.50000000000003,692,3,245.33333333333334,0,3,1,562788,4,0
608349,1240619008102,0,0,165,1,165,0,0,0,430717,3,0
616095,1240618924492,0,0,225,2,127.5,0,0,0,351430,2,0
617569,1240616982845,1240617192041,0,0,0,0,0,0,0,154004,2,null
624616,1240616071957,1240616243115,0,0,0,0,0,1,0,104252,2,null
624920,1240616970590,1240617220238,0,0,0,0,0,0,0,0,1,null
625005,1240615518520,1240615523224,0,0,0,0,0,0,0,0,1,null
627367,1240615633404,1240617213092,0,156,1,145,0,0,0,755785,1,null
627738,1240618707074,1240618734472,0,0,0,0,0,0,0,468188,1,null
63026,1240617491007,1240618155623,0,450,3,137.33333333333334,0,0,0,63924,1,null
630671,1240617793697,1240618264802,40.1,906,4,220.5,0,2,0,132921,3,null
630821,1240616345320,1240616932698,0,193,2,92,0,0,0,537491,1,null
637788,1240614104288,1240615716159,0,1815,10,145.9,555728,0,0,555728,3,null
638592,1240615686604,1240616093089,0,424,2,156.5,0,0,0,192883,1,null
639099,1240614479758,1240614653489,0,0,0,0,0,0,0,0,1,null
639206,1240618219556,1240619165644,0,0,0,0,0,0,0,510740,1,null
63924,1240614149013,1240614367220,45,204,2,105,0,3,1,233517,3,null
64152,1240617810139,1240618183841,55.10000000000001,398,2,282.5,45129,4,0,108338,10,3
645817,1240619226236,1240619270518,0,0,0,0,0,0,0,0,1,null
66347,1240617120089,1240617225294,0,0,0,0,0,0,0,0,1,null
66878,1240617528169,1240618386591,0,0,0,0,0,1,0,75123,2,null
699109,1240615854101,1240617179229,110.10000000000001,1094,8,132.375,0,2,0,510740,2,null
709251,1240618447989,1240618554857,0,0,0,0,0,0,0,0,1,null
713,undefined,0,277.1500000000001,0,0,0,0,9,18,12,undefined,undefined
72176,undefined,0,281.00000000000006,0,0,0,0,3,10,106069,undefined,undefined
726649,1240618864204,0,0,142,1,185,22731,1,0,763523,4,0
72721,1240617075219,1240617693945,0,835,7,106.85714285714286,0,0,0,416503,1,null
730587,1240613280989,1240614973324,0,1132,6,200.66666666666666,0,0,0,735743,3,null
7314,undefined,0,80.3,0,0,0,0,8,1,5842,undefined,undefined
735743,undefined,0,113.20000000000002,0,0,0,0,3,0,154238,undefined,undefined
746772,1240613866184,1240613892387,0,0,0,0,0,0,0,1892,1,null
748583,1240618642410,0,0,301,2,187.5,0,0,0,10642,1,0
75123,1240613288304,1240614296952,0,670,2,308,101358,11,12,2843,12,3
751259,1240613298823,1240613475801,0,0,0,0,0,0,0,0,1,null
755785,1240616021902,0,15.600000000000001,2095,13,140.30769230769232,0,1,0,1892,3,0
756570,1240618020586,0,0,202,1,175,0,0,0,0,2,0
759961,1240614601260,1240615000466,0,245,1,111,0,0,0,0,1,null
76195,1240617285598,1240617566643,0,0,0,0,0,0,0,0,1,null
763523,undefined,0,14.200000000000001,0,0,0,0,1,1,135244,undefined,undefined
76673,undefined,0,25.900000000000002,0,0,0,0,5,1,81597,undefined,undefined
768411,1240615773992,1240617789666,0,1101,9,116.11111111111111,0,0,0,699109,2,null
772113,1240615831784,0,0,1894,10,163.2,0,0,0,510740,3,0
772383,1240614849419,1240616072672,0,174,1,241,168473,0,0,235393,3,null
773108,undefined,0,45.400000000000006,0,0,0,0,4,1,510740,undefined,undefined
776785,1240616849974,1240617404535,0,373,2,186.5,0,2,0,96722,4,null
797824,1240613288309,1240616619074,52.300000000000004,1608,6,229.16666666666666,574401,2,0,82321,4,null
802319,1240613422230,1240613797681,63.10000000000001,219,1,219,0,1,3,773108,3,null
80835,undefined,0,25.6,0,0,0,0,1,1,174936,undefined,undefined
81597,undefined,0,113.05000000000001,0,0,0,0,5,5,44987,undefined,undefined
817545,1240619088036,0,0,0,0,0,0,0,0,0,1,0
817673,1240617852700,1240618526512,0,551,4,107.75,0,0,0,64152,1,null
818077,1240614315128,1240614339976,0,0,0,0,0,0,0,0,1,null
81899,1240618243025,0,32.2,470,3,148.33333333333334,0,3,0,802319,5,1
821078,1240613343544,1240613354147,0,0,0,0,0,0,0,0,1,null
821129,1240614140783,1240614431121,0,1002,4,291,0,0,0,44,2,null
821321,1240617867767,1240618026405,0,0,0,0,0,0,0,0,1,null
821335,1240613880927,1240614144625,0,131,1,131,0,0,0,0,1,null
822627,1240617284580,1240617306880,0,0,0,0,0,0,0,0,1,null
822833,1240616191010,1240616221564,0,0,0,0,0,0,0,0,1,null
823060,1240616048978,1240616347159,0,137,1,135,0,0,0,0,1,null
82321,undefined,0,294.1,0,0,0,0,4,5,57717,undefined,undefined
823386,1240616766676,1240616786330,0,0,0,0,0,0,0,0,1,null
823522,1240617684434,1240617723446,0,0,0,0,0,0,0,0,1,null
824354,1240616966409,1240616991239,0,0,0,0,0,0,0,0,1,null
825259,1240617924954,1240618167339,0,148,1,123,0,0,0,133118,1,null
86723,undefined,0,37,0,0,0,0,1,1,18155,undefined,undefined
8842,1240618621623,1240619187600,0,513,1,590,22707,11,17,1531,13,6
9093,1240618898403,1240619249149,0,412,1,445,0,1,0,16040,4,0
92509,1240615228353,1240615250849,0,0,0,0,0,3,0,5212,5,3
96722,undefined,0,37.300000000000004,0,0,0,0,2,2,99126,undefined,undefined
98867,1240613315755,1240613478482,0,154,1,128,0,0,0,136131,1,null
99126,undefined,0,18.650000000000002,0,0,0,0,3,2,47445,undefined,undefined
995,1240613296167,1240617003064,123.45,420,1,702,12,11,17,12,13,5
<<<<EndTable

PlayersOnlineNow=26
PlayersOnlineEachMinute=0, 11, 15, 17, 16, 17, 18, 20, 19, 19, 20, 18, 17, 18, 19, 19, 20, 20, 18, 18, 20, 19, 18, 19, 20, 19, 21, 22, 22, 21, 22, 19, 18, 16, 15, 18, 18, 19, 21, 20, 22, 22, 26, 28, 28, 28, 29, 29, 27, 29, 26, 26, 26, 26, 25, 26, 25, 24, 23, 25, 27, 25, 25, 23, 26, 27, 22, 26, 25, 24, 26, 29, 24, 22, 24, 23, 25, 30, 32, 33, 32, 30, 24, 26, 26, 26, 26, 26, 25, 25, 27, 26, 26, 27, 27, 28, 30, 30, 29, 26
PlayersInEachFeedingGame=2, 1, 2, 1, 1, 2, 1, 1, 1, 2, 1, 1, 1, 2, 2, 1, 2, 2, 2, 1, 1, 2, 1, 2, 1, 1, 2, 1, 2, 1, 2, 2, 1, 1, 2, 2, 1, 1, 2, 1, 2, 2, 2, 3, 1, 2, 1, 1, 2, 1, 2, 1, 2, 1, 2, 2, 2, 1, 2, 1, 1, 2, 1, 1, 2, 1, 1, 1, 2, 2, 1, 2, 2, 1, 3, 2, 1, 2, 1, 2, 2, 1, 1, 2, 2, 1, 2, 1, 2, 1, 1, 1, 2, 1, 1, 2, 2, 1, 1, 2, 1, 2, 1, 2, 2, 1, 2, 2, 2, 2, 2, 1, 2, 1, 1, 2, 2, 2, 1, 2, 1, 1, 2, 2, 1, 2, 2, 2, 1, 2, 2, 1, 1, 2, 2, 2, 1, 2, 2, 2, 2, 2, 2, 1, 1, 2, 2, 1, 2, 2, 1, 1, 1, 1, 2, 1, 1, 1, 1, 1
PlayersStarted=231
PlayersQuit=205
StatsStartTime=1240613274178
StatsDumpTime=1240619274512
<<<<EndStats
2009-04-24 17:28:12,048 ERROR: vampire.server.feeding.FeedingRecord sendPlayerStartGameMsg [playerId=16825, prey=false, _predatorIndex=]
2009-04-24 17:28:18,720 ERROR: vampire.server.feeding.FeedingRecord sendPlayerStartGameMsg [playerId=16825, prey=false, _predatorIndex=]
2009-04-24 17:28:26,307 ERROR: vampire.server.feeding.FeedingRecord sendPlayerStartGameMsg [playerId=703094, prey=false, _predatorIndex=]
2009-04-24 17:29:35,879 ERROR: vampire.server.feeding.FeedingRecord sendPlayerStartGameMsg [playerId=124477, prey=true, _predatorIndex=]
2009-04-24 17:29:35,880 ERROR: vampire.server.feeding.FeedingRecord sendPlayerStartGameMsg [playerId=259344, prey=false, _predatorIndex=]
2009-04-24 17:29:54,929 ERROR: vampire.server.feeding.FeedingRecord sendPlayerStartGameMsg [playerId=755785, prey=true, _predatorIndex=]
2009-04-24 17:29:54,930 ERROR: vampire.server.feeding.FeedingRecord sendPlayerStartGameMsg [playerId=10642, prey=false, _predatorIndex=]
2009-04-24 17:31:53,785 ERROR: vampire.server.feeding.FeedingRecord sendPlayerStartGameMsg [playerId=726649, prey=true, _predatorIndex=]
2009-04-24 17:31:53,786 ERROR: vampire.server.feeding.FeedingRecord sendPlayerStartGameMsg [playerId=72721, prey=false, _predatorIndex=]
2009-04-24 17:32:18,931 ERROR: vampire.server.feeding.FeedingRecord sendPlayerStartGameMsg [playerId=703094, prey=false, _predatorIndex=]
2009-04-24 17:32:46,440 ERROR: vampire.server.feeding.FeedingRecord sendPlayerStartGameMsg [playerId=301294, prey=false, _predatorIndex=]
2009-04-24 17:32:56,531 ERROR: vampire.server.feeding.FeedingRecord sendPlayerStartGameMsg [playerId=10642, prey=true, _predatorIndex=]
2009-04-24 17:32:56,532 ERROR: vampire.server.feeding.FeedingRecord sendPlayerStartGameMsg [playerId=755785, prey=false, _predatorIndex=]
2009-04-24 17:32:59,840 ERROR: vampire.server.feeding.FeedingRecord sendPlayerStartGameMsg [playerId=317008, prey=false, _predatorIndex=]
2009-04-24 17:33:11,782 ERROR: vampire.server.feeding.FeedingRecord sendPlayerStartGameMsg [playerId=16825, prey=true, _predatorIndex=]
2009-04-24 17:33:11,783 ERROR: vampire.server.feeding.FeedingRecord sendPlayerStartGameMsg [playerId=171151, prey=false, _predatorIndex=]
2009-04-24 17:33:47,113 ERROR: vampire.server.feeding.FeedingRecord sendPlayerStartGameMsg [playerId=2224, prey=false, _predatorIndex=]
2009-04-24 17:35:14,842 ERROR: vampire.server.feeding.FeedingRecord sendPlayerStartGameMsg [playerId=703094, prey=false, _predatorIndex=]
2009-04-24 17:35:25,378 ERROR: vampire.server.feeding.FeedingRecord sendPlayerStartGameMsg [playerId=802319, prey=false, _predatorIndex=]
2009-04-24 17:35:27,714 ERROR: vampire.server.feeding.FeedingRecord sendPlayerStartGameMsg [playerId=10642, prey=true, _predatorIndex=]
2009-04-24 17:35:27,715 ERROR: vampire.server.feeding.FeedingRecord sendPlayerStartGameMsg [playerId=140547, prey=false, _predatorIndex=]
2009-04-24 17:35:34,948 ERROR: vampire.server.feeding.FeedingRecord sendPlayerStartGameMsg [playerId=755785, prey=false, _predatorIndex=140547]
2009-04-24 17:36:05,404 ERROR: vampire.server.feeding.FeedingRecord sendPlayerStartGameMsg [playerId=63924, prey=false, _predatorIndex=]
2009-04-24 17:36:07,606 ERROR: vampire.server.feeding.FeedingRecord sendPlayerStartGameMsg [playerId=103033, prey=false, _predatorIndex=]
2009-04-24 17:36:14,156 ERROR: vampire.server.feeding.FeedingRecord sendPlayerStartGameMsg [playerId=259344, prey=true, _predatorIndex=]
2009-04-24 17:36:14,156 ERROR: vampire.server.feeding.FeedingRecord sendPlayerStartGameMsg [playerId=641397, prey=false, _predatorIndex=]
2009-04-24 17:36:23,049 ERROR: vampire.server.feeding.FeedingRecord sendPlayerStartGameMsg [playerId=820331, prey=false, _predatorIndex=641397]
2009-04-24 17:36:23,235 ERROR: vampire.server.feeding.FeedingRecord sendPlayerStartGameMsg [playerId=726649, prey=true, _predatorIndex=]
2009-04-24 17:36:23,236 ERROR: vampire.server.feeding.FeedingRecord sendPlayerStartGameMsg [playerId=72721, prey=false, _predatorIndex=]
2009-04-24 17:36:34,093 ERROR: vampire.server.feeding.FeedingRecord sendPlayerStartGameMsg [playerId=683540, prey=false, _predatorIndex=140547,755785]
2009-04-24 17:37:16,448 ERROR: vampire.server.feeding.FeedingRecord sendPlayerStartGameMsg [playerId=230164, prey=false, _predatorIndex=140547,755785,683540]

>>>>BeginStats

>>>>BeginTable
PlayerId, StartTime, EndTime, ProgenyPayout, XPFromFeeding, FeedingGames, MeanFeedingScore, BloodBond, Progeny, GrandProgeny, Sire, Level, Invites
103033,1240617906417,0,0,990,7,157,0,0,0,81899,1,0
103144,1240614823368,1240615093416,0,175,1,133,0,5,5,116005,4,0
104037,1240618378679,1240618847947,0,205,1,157,0,0,0,0,2,0
106069,undefined,0,115.45000000000002,0,0,0,0,13,3,236834,undefined,undefined
10642,1240619310875,0,45.400000000000006,2417,9,388.6666666666667,447249,17,23,351598,13,2
108338,undefined,0,67.35000000000001,0,0,0,0,1,4,288860,undefined,undefined
109238,1240615020335,1240616258529,0,498,4,103.75,0,0,0,630671,1,null
1101,undefined,0,90.75000000000001,0,0,0,0,2,6,239981,undefined,undefined
110157,1240617240780,1240617727789,0,111,1,111,0,0,0,196626,1,null
110457,1240618880079,1240618889834,0,0,0,0,0,0,0,0,1,null
110807,1240619272872,1240619324271,0,0,0,0,0,0,0,0,1,null
11460,undefined,0,86.30000000000001,0,0,0,0,1,5,41022,undefined,undefined
114914,1240615750222,0,0,1028,9,106.33333333333333,0,0,0,160801,2,0
116005,undefined,0,17.5,0,0,0,0,6,5,130627,undefined,undefined
117857,undefined,0,44.8,0,0,0,0,3,0,146211,undefined,undefined
12,undefined,0,282.6,0,0,0,0,19,42,383387,undefined,undefined
121984,undefined,0,177.20000000000002,0,0,0,0,4,1,166,undefined,undefined
123961,1240613284201,1240615038403,22.5,1830,8,278.75,878,5,17,713,12,2
124477,1240618975642,1240619583987,0,364,2,127,0,0,0,0,1,null
124503,undefined,0,14.350000000000001,0,0,0,0,3,3,170934,undefined,undefined
125207,1240613406262,1240613446203,0,0,0,0,273503,0,0,544643,4,0
127942,1240615998859,1240617564836,0,1162,6,212.16666666666666,0,5,4,133611,5,6
130627,undefined,0,8.75,0,0,0,0,8,8,85079,undefined,undefined
130736,1240617613936,1240618095518,0,523,3,156.66666666666666,0,0,0,797824,1,null
131676,1240616620519,1240616626603,0,0,0,0,0,1,1,40508,4,0
132921,undefined,0,110.65,0,0,0,0,5,2,211601,undefined,undefined
133118,1240617968211,1240618874222,14.8,1974,10,164.7,0,1,0,121984,2,null
133611,undefined,0,116.20000000000002,0,0,0,0,5,5,168422,undefined,undefined
135244,undefined,0,20.35,0,0,0,0,1,1,242779,undefined,undefined
136131,1240613294527,1240613962374,15.4,287,2,156,390071,1,0,403501,4,0
138676,1240617442074,1240618046081,0,248,2,156,506522,1,0,597005,3,null
139864,1240617086780,1240617467191,0,147,1,147,0,0,0,205658,4,0
140547,1240619511938,0,0,260,1,120,0,0,0,10642,1,0
140573,1240619564431,0,0,0,0,0,0,0,0,178528,3,0
140983,1240613274340,1240614491553,0,448,2,112,0,0,0,117857,3,0
141288,1240616773840,0,0,1315,4,242.5,0,2,0,510740,4,0
143538,undefined,0,332.79999999999995,0,0,0,0,2,8,1531,undefined,undefined
143752,1240617347749,1240617353517,0,0,0,0,0,0,0,195654,2,0
146211,undefined,0,22.4,0,0,0,0,2,3,258951,undefined,undefined
147733,1240614472943,1240614722298,0,256,1,256,80835,1,1,80835,4,0
149220,undefined,0,160.2,0,0,0,0,1,1,430717,undefined,undefined
150469,undefined,0,67.00000000000001,0,0,0,0,2,5,57393,undefined,undefined
1531,undefined,0,226.75,0,0,0,0,3,13,12,undefined,undefined
154238,undefined,0,56.60000000000001,0,0,0,0,4,3,45129,undefined,undefined
159505,1240615837406,1240616131171,0,98,1,85,0,0,0,0,1,null
160138,undefined,0,138.9,0,0,0,0,5,4,150469,undefined,undefined
16040,undefined,0,41.2,0,0,0,0,5,1,3,undefined,undefined
160801,1240617873588,1240618640310,30.900000000000002,556,3,194.33333333333334,0,2,1,166371,3,0
161355,1240615020495,1240615214188,0,0,0,0,0,0,0,54776,4,2
16187,1240613643796,1240613849690,0,111,1,105,0,0,0,0,1,null
162016,1240613634094,1240613684659,0,0,0,0,0,0,0,0,1,null
162643,1240618308540,1240618728539,0,128,1,142,0,0,0,81899,1,null
162782,1240617327976,1240617588455,0,0,0,0,430717,5,0,36377,8,1
164310,1240614523136,1240614727594,0,0,0,0,0,0,0,0,1,null
166,undefined,0,84.9,0,0,0,0,5,4,578,undefined,undefined
166285,1240619779943,0,0,0,0,0,0,0,0,0,1,0
166371,undefined,0,71.05000000000001,0,0,0,0,3,2,267622,undefined,undefined
167921,1240615789051,1240616488130,0,327,3,109,0,0,0,0,1,null
16825,1240618604263,0,0,2297,12,210,0,0,0,4139,3,0
168422,undefined,0,58.10000000000001,0,0,0,0,1,5,181695,undefined,undefined
168426,1240618803519,1240619337495,0,0,0,0,0,0,0,164243,4,0
168743,1240616241848,1240619858342,0,1602,7,265.42857142857144,149220,1,0,149220,6,1
170191,1240615700770,1240616094936,0,0,0,0,0,2,6,202873,9,1
171151,1240619417788,0,95.4,441,1,550,77,23,14,21067,13,3
174936,undefined,0,12.8,0,0,0,0,2,1,256746,undefined,undefined
175529,1240619637693,0,0,0,0,0,0,0,0,182164,1,0
176013,1240619435134,1240619711808,0,0,0,0,327986,2,1,95378,4,1
179326,undefined,0,68.80000000000001,0,0,0,0,2,0,185581,undefined,undefined
180571,1240618115676,1240618336816,0,0,0,0,0,1,2,163836,4,0
18155,undefined,0,18.5,0,0,0,0,1,1,9651,undefined,undefined
182928,1240617841832,1240618105942,0,0,0,0,0,1,0,284150,4,0
185581,undefined,0,34.400000000000006,0,0,0,0,1,2,209656,undefined,undefined
1885,1240619157193,1240619330944,0,144,1,140,0,0,0,1531,2,0
1892,1240615494947,1240615856389,288.59999999999997,187,1,260,455390,14,5,995,9,1
191354,1240615377599,1240615485082,0,0,0,0,0,0,0,261567,2,0
192644,1240613872877,1240614321263,0,214,2,129,0,0,0,259344,1,null
192883,1240618515946,1240619217061,42.400000000000006,1245,5,271.2,0,8,2,210210,6,5
193439,1240617477735,1240617653011,0,0,0,0,0,0,0,168473,1,null
195981,1240619259699,1240619758306,0,0,0,0,0,0,0,0,1,null
196626,undefined,0,11.100000000000001,0,0,0,0,1,0,204260,undefined,undefined
201158,1240614761964,1240615244948,0,309,2,166,0,0,0,0,1,null
201212,1240619365703,1240619870620,0,0,0,0,0,0,0,268463,2,1
204260,undefined,0,5.550000000000001,0,0,0,0,1,1,145896,undefined,undefined
205658,undefined,0,14.700000000000001,0,0,0,0,1,0,37832,undefined,undefined
210210,undefined,0,145.70000000000002,0,0,0,0,4,8,381607,undefined,undefined
21067,undefined,0,91.80000000000001,0,0,0,0,2,23,302907,undefined,undefined
211601,undefined,0,45.300000000000004,0,0,0,0,1,5,7078,undefined,undefined
212370,undefined,0,10.200000000000001,0,0,0,0,8,2,105778,undefined,undefined
2224,1240615136749,0,0,2548,7,466.2857142857143,57184,0,0,0,4,0
223864,1240615363878,1240616940155,9.8,1166,6,136.33333333333334,259344,4,9,160138,7,1
22796,1240619573302,1240619610797,0,0,0,0,0,0,0,101052,1,null
230164,1240619763851,0,0,0,0,0,510740,7,1,250837,11,2
233517,undefined,0,42.900000000000006,0,0,0,0,2,3,212370,undefined,undefined
234299,1240616654043,1240618414280,0,1001,4,245.5,0,0,0,81597,2,null
235393,undefined,0,17.400000000000002,0,0,0,0,7,3,377629,undefined,undefined
241707,1240616188173,1240616232056,0,0,0,0,0,0,0,154238,1,0
256746,undefined,0,18.15,0,0,0,0,4,22,61984,undefined,undefined
257369,1240617172540,1240619080493,0,1179,8,136.75,0,0,0,0,2,null
259344,1240618065492,0,21.4,3221,14,318.92857142857144,223864,8,1,143538,7,2
267622,undefined,0,27.800000000000004,0,0,0,0,2,3,1632,undefined,undefined
28100,1240613844869,1240613960278,0,0,0,0,0,0,0,0,1,0
2843,undefined,0,93.14999999999999,0,0,0,0,6,17,3383,undefined,undefined
287541,1240615329749,1240615534557,0,174,1,107,0,0,0,160138,2,0
288860,undefined,0,19.900000000000002,0,0,0,0,5,1,20260,undefined,undefined
297380,1240616223178,1240616751809,0,0,0,0,0,2,1,90015,4,2
298388,1240616805478,1240616968813,0,0,0,0,0,2,2,246356,4,2
3,undefined,0,20.6,0,0,0,0,2,5,383387,undefined,undefined
300614,1240618856469,1240619035554,0,0,0,0,0,0,0,0,1,0
301294,1240618836687,1240619732496,0,523,5,92.6,166074,0,0,47445,4,0
302907,undefined,0,22.05,0,0,0,0,2,2,283855,undefined,undefined
304356,1240616914678,1240617026877,0,0,0,0,0,0,0,115410,3,0
308890,1240616597506,1240618161845,0,0,0,0,0,0,0,0,1,null
311783,1240614366891,1240617945942,0,863,4,233.5,0,5,1,11460,7,3
317008,1240619385760,0,0,0,0,0,0,0,0,0,1,0
3200,1240614466710,1240614802538,0,98,1,196,71724,8,0,223864,11,2
336228,undefined,0,11.25,0,0,0,0,8,11,307471,undefined,undefined
3383,undefined,0,33.5,0,0,0,0,4,6,12791,undefined,undefined
339217,1240617783351,1240618145727,0,259,2,109.5,0,1,0,76673,2,0
341424,1240618128836,1240618886723,0,954,5,196.2,0,0,0,171151,5,1
351430,undefined,0,22.5,0,0,0,0,8,1,336228,undefined,undefined
351598,undefined,0,264.4,0,0,0,0,1,17,359624,undefined,undefined
359624,undefined,0,120.85000000000001,0,0,0,0,3,1,201132,undefined,undefined
377629,undefined,0,8.700000000000001,0,0,0,0,5,11,75123,undefined,undefined
37832,undefined,0,7.3500000000000005,0,0,0,0,1,1,72070,undefined,undefined
381139,1240616819199,1240616842356,0,0,0,0,0,0,0,101358,2,0
381607,undefined,0,62.25000000000001,0,0,0,0,1,4,153510,undefined,undefined
383387,undefined,0,74.45,0,0,0,0,4,46,0,undefined,undefined
38851,1240616771239,1240617357480,0,428,3,100,0,2,1,390071,4,1
390071,undefined,0,42.8,0,0,0,0,2,2,4139,undefined,undefined
396113,undefined,0,72.60000000000001,0,0,0,0,2,3,44987,undefined,undefined
403501,undefined,0,36.400000000000006,0,0,0,0,3,1,124503,undefined,undefined
407244,1240613671356,1240613803432,0,0,0,0,0,1,0,72894,4,0
409656,undefined,0,34.6,0,0,0,0,6,1,384703,undefined,undefined
41022,undefined,0,43.150000000000006,0,0,0,0,1,1,412796,undefined,undefined
4139,undefined,0,251.1,0,0,0,0,11,2,713,undefined,undefined
416503,1240615523273,1240616399700,104.80000000000001,680,5,151.2,0,3,0,82321,2,1
418347,1240618655615,1240618821894,0,0,0,0,0,0,0,14825,1,null
430717,undefined,0,116.39999999999999,0,0,0,0,20,2,256746,undefined,undefined
44,1240614775769,1240616780297,100.20000000000002,2309,11,245.1818181818182,0,10,2,72176,5,1
445660,undefined,0,9.15,0,0,0,0,4,4,54812,undefined,undefined
44987,undefined,0,86.35000000000001,0,0,0,0,3,8,12770,undefined,undefined
45129,1240617877971,1240618191005,0,0,0,0,64152,7,6,66842,10,3
451927,1240617661536,1240617840076,0,0,0,0,0,0,0,0,1,null
47445,undefined,0,52.300000000000004,0,0,0,0,6,3,2843,undefined,undefined
50281,1240618849680,1240619216972,0,370,2,185,0,1,0,86723,4,0
503,1240618421421,0,0,1069,3,320,1531,4,2,12,7,1
510740,1240614812807,1240615080464,496.30000000000007,183,1,331,230164,46,29,534632,15,14
521870,1240616095395,1240616109771,0,0,0,0,0,0,0,0,1,0
53030,1240619323362,0,0,0,0,0,0,6,5,122907,11,3
534632,undefined,0,233.45,0,0,0,0,4,46,445660,undefined,undefined
537491,1240615882543,1240616892661,10.600000000000001,750,6,108.83333333333333,0,1,0,7314,2,null
547939,1240615526345,1240615717891,0,0,0,0,0,1,0,510740,2,0
555728,undefined,0,181.50000000000003,0,0,0,0,6,0,1101,undefined,undefined
562788,undefined,0,136.25,0,0,0,0,1,3,409656,undefined,undefined
57184,1240614859463,1240619100233,0,2313,6,265.3333333333333,2224,0,0,0,4,0
574307,1240615764342,1240616359530,0,351,3,126.66666666666667,0,0,0,416503,1,null
57706,1240617410503,1240617633088,0,0,0,0,0,0,0,23989,1,null
57717,undefined,0,114.4,0,0,0,0,4,4,110178,undefined,undefined
578918,1240618408859,1240619173080,0,688,3,234.66666666666666,0,0,0,179326,2,0
5842,undefined,0,37.5,0,0,0,0,11,9,344937,undefined,undefined
58859,1240616364779,1240617047605,0,726,3,356.3333333333333,43017,3,1,396113,11,2
597005,1240613343430,1240618599771,24.800000000000004,1341,6,205.16666666666666,0,1,1,603011,4,0
597367,1240614230620,1240615169608,0,225,3,70.66666666666667,0,0,0,123961,1,null
600642,1240617491568,1240617550724,0,0,0,0,0,0,0,196269,1,null
603011,1240617952023,1240619702502,146.50000000000003,692,3,245.33333333333334,0,3,1,562788,4,0
608349,1240619008102,1240619421849,0,363,2,181.5,0,0,0,430717,3,null
616095,1240618924492,1240619354771,0,225,2,127.5,0,0,0,351430,2,0
617569,1240616982845,1240617192041,0,0,0,0,0,0,0,154004,2,null
624616,1240616071957,1240616243115,0,0,0,0,0,1,0,104252,2,null
624920,1240616970590,1240617220238,0,0,0,0,0,0,0,0,1,null
625005,1240615518520,1240615523224,0,0,0,0,0,0,0,0,1,null
627367,1240615633404,1240617213092,0,156,1,145,0,0,0,755785,1,null
627738,1240618707074,1240618734472,0,0,0,0,0,0,0,468188,1,null
63026,1240617491007,1240618155623,0,450,3,137.33333333333334,0,0,0,63924,1,null
630671,1240617793697,1240618264802,40.1,906,4,220.5,0,2,0,132921,3,null
630821,1240616345320,1240616932698,0,193,2,92,0,0,0,537491,1,null
637788,1240614104288,1240615716159,0,1815,10,145.9,555728,0,0,555728,3,null
638592,1240615686604,1240616093089,0,424,2,156.5,0,0,0,192883,1,null
639099,1240614479758,1240614653489,0,0,0,0,0,0,0,0,1,null
639206,1240618219556,1240619165644,0,0,0,0,0,0,0,510740,1,null
63924,1240619728580,0,45,204,2,105,0,3,1,233517,3,0
641397,1240619682028,0,0,0,0,0,0,0,0,0,1,0
64152,1240617810139,1240618183841,55.10000000000001,398,2,282.5,45129,4,0,108338,10,3
645817,1240619226236,1240619270518,0,0,0,0,0,0,0,0,1,null
66347,1240617120089,1240617225294,0,0,0,0,0,0,0,0,1,null
66878,1240617528169,1240618386591,0,0,0,0,0,1,0,75123,2,null
683540,1240619722992,0,0,0,0,0,0,0,0,23989,1,0
685965,1240619842989,1240619859215,0,0,0,0,0,0,0,0,1,null
699109,1240615854101,1240617179229,110.10000000000001,1094,8,132.375,0,2,0,510740,2,null
702557,1240619475636,0,0,0,0,0,0,0,0,5212,2,0
703094,1240619288698,0,0,378,3,126,0,0,0,0,1,0
709251,1240618447989,1240618554857,0,0,0,0,0,0,0,0,1,null
713,undefined,0,309.1000000000001,0,0,0,0,9,18,12,undefined,undefined
72176,undefined,0,281.00000000000006,0,0,0,0,3,10,106069,undefined,undefined
726649,1240618864204,1240619790395,0,407,3,166,22731,1,0,763523,4,null
72721,1240619428797,1240619841084,0,1100,9,107.11111111111111,0,0,0,416503,2,null
730587,1240613280989,1240614973324,0,1132,6,200.66666666666666,0,0,0,735743,3,null
7314,undefined,0,80.3,0,0,0,0,8,1,5842,undefined,undefined
735743,undefined,0,113.20000000000002,0,0,0,0,3,0,154238,undefined,undefined
746772,1240613866184,1240613892387,0,0,0,0,0,0,0,1892,1,null
748583,1240618642410,0,0,301,2,187.5,0,0,0,10642,1,0
75123,1240613288304,1240614296952,0,670,2,308,101358,11,12,2843,12,3
751259,1240613298823,1240613475801,0,0,0,0,0,0,0,0,1,null
755785,1240616021902,1240619806207,15.600000000000001,2808,16,135.75000000000003,0,1,0,1892,3,null
756570,1240618020586,1240619471325,0,202,1,175,0,0,0,0,2,null
759961,1240614601260,1240615000466,0,245,1,111,0,0,0,0,1,null
76195,1240617285598,1240617566643,0,0,0,0,0,0,0,0,1,null
763523,undefined,0,40.7,0,0,0,0,1,1,135244,undefined,undefined
76673,undefined,0,25.900000000000002,0,0,0,0,5,1,81597,undefined,undefined
768411,1240615773992,1240617789666,0,1101,9,116.11111111111111,0,0,0,699109,2,null
772113,1240615831784,1240619412059,0,1894,10,163.2,0,0,0,510740,3,null
772383,1240614849419,1240616072672,0,174,1,241,168473,0,0,235393,3,null
773108,undefined,0,45.400000000000006,0,0,0,0,4,1,510740,undefined,undefined
776785,1240616849974,1240617404535,0,373,2,186.5,0,2,0,96722,4,null
777661,1240619841217,0,0,0,0,0,0,0,0,0,1,0
797824,1240613288309,1240616619074,52.300000000000004,1608,6,229.16666666666666,574401,2,0,82321,4,null
802319,1240619475663,0,73.9,219,1,219,0,1,3,773108,3,0
80835,undefined,0,25.6,0,0,0,0,1,1,174936,undefined,undefined
81597,undefined,0,113.05000000000001,0,0,0,0,5,5,44987,undefined,undefined
817545,1240619088036,0,0,0,0,0,0,0,0,0,1,0
817673,1240617852700,1240618526512,0,551,4,107.75,0,0,0,64152,1,null
818077,1240614315128,1240614339976,0,0,0,0,0,0,0,0,1,null
81899,1240618243025,0,53.800000000000004,470,3,148.33333333333334,0,3,0,802319,5,1
820331,1240619586323,0,0,0,0,0,0,0,0,0,1,0
821078,1240613343544,1240613354147,0,0,0,0,0,0,0,0,1,null
821129,1240614140783,1240614431121,0,1002,4,291,0,0,0,44,2,null
821321,1240617867767,1240618026405,0,0,0,0,0,0,0,0,1,null
821335,1240613880927,1240614144625,0,131,1,131,0,0,0,0,1,null
822627,1240617284580,1240617306880,0,0,0,0,0,0,0,0,1,null
822833,1240616191010,1240616221564,0,0,0,0,0,0,0,0,1,null
823060,1240616048978,1240616347159,0,137,1,135,0,0,0,0,1,null
82321,undefined,0,307.35,0,0,0,0,4,5,57717,undefined,undefined
823386,1240616766676,1240616786330,0,0,0,0,0,0,0,0,1,null
823522,1240617684434,1240617723446,0,0,0,0,0,0,0,0,1,null
823838,1240619873091,0,0,0,0,0,0,0,0,0,1,0
824354,1240616966409,1240616991239,0,0,0,0,0,0,0,0,1,null
825259,1240617924954,1240618167339,0,148,1,123,0,0,0,133118,1,null
86723,undefined,0,37,0,0,0,0,1,1,18155,undefined,undefined
8842,1240618621623,1240619187600,0,513,1,590,22707,11,17,1531,13,6
9093,1240618898403,1240619249149,0,412,1,445,0,1,0,16040,4,0
92509,1240615228353,1240615250849,0,0,0,0,0,3,0,5212,5,3
96722,undefined,0,37.300000000000004,0,0,0,0,2,2,99126,undefined,undefined
98867,1240613315755,1240613478482,0,154,1,128,0,0,0,136131,1,null
99126,undefined,0,18.650000000000002,0,0,0,0,3,2,47445,undefined,undefined
995,1240613296167,1240617003064,159.1,420,1,702,12,11,17,12,13,5
<<<<EndTable

PlayersOnlineNow=28
PlayersOnlineEachMinute=0, 11, 15, 17, 16, 17, 18, 20, 19, 19, 20, 18, 17, 18, 19, 19, 20, 20, 18, 18, 20, 19, 18, 19, 20, 19, 21, 22, 22, 21, 22, 19, 18, 16, 15, 18, 18, 19, 21, 20, 22, 22, 26, 28, 28, 28, 29, 29, 27, 29, 26, 26, 26, 26, 25, 26, 25, 24, 23, 25, 27, 25, 25, 23, 26, 27, 22, 26, 25, 24, 26, 29, 24, 22, 24, 23, 25, 30, 32, 33, 32, 30, 24, 26, 26, 26, 26, 26, 25, 25, 27, 26, 26, 27, 27, 28, 30, 30, 29, 26, 26, 26, 25, 26, 28, 30, 30, 32, 31, 29
PlayersInEachFeedingGame=2, 1, 2, 1, 1, 2, 1, 1, 1, 2, 1, 1, 1, 2, 2, 1, 2, 2, 2, 1, 1, 2, 1, 2, 1, 1, 2, 1, 2, 1, 2, 2, 1, 1, 2, 2, 1, 1, 2, 1, 2, 2, 2, 3, 1, 2, 1, 1, 2, 1, 2, 1, 2, 1, 2, 2, 2, 1, 2, 1, 1, 2, 1, 1, 2, 1, 1, 1, 2, 2, 1, 2, 2, 1, 3, 2, 1, 2, 1, 2, 2, 1, 1, 2, 2, 1, 2, 1, 2, 1, 1, 1, 2, 1, 1, 2, 2, 1, 1, 2, 1, 2, 1, 2, 2, 1, 2, 2, 2, 2, 2, 1, 2, 1, 1, 2, 2, 2, 1, 2, 1, 1, 2, 2, 1, 2, 2, 2, 1, 2, 2, 1, 1, 2, 2, 2, 1, 2, 2, 2, 2, 2, 2, 1, 1, 2, 2, 1, 2, 2, 1, 1, 1, 1, 2, 1, 1, 1, 1, 1, 1, 1, 2, 2, 2, 1, 1, 2, 1, 2, 1, 1, 2, 1, 1, 2
PlayersStarted=259
PlayersQuit=231
StatsStartTime=1240613274178
StatsDumpTime=1240619874579
<<<<EndStats
2009-04-24 17:38:14,769 ERROR: vampire.server.feeding.FeedingRecord sendPlayerStartGameMsg [playerId=683540, prey=false, _predatorIndex=140547,755785,683540,230164]
2009-04-24 17:38:23,917 ERROR: vampire.server.feeding.FeedingRecord sendPlayerStartGameMsg [playerId=53030, prey=true, _predatorIndex=]
2009-04-24 17:38:23,918 ERROR: vampire.server.feeding.FeedingRecord sendPlayerStartGameMsg [playerId=703094, prey=false, _predatorIndex=]
2009-04-24 17:38:47,870 ERROR: vampire.server.feeding.FeedingRecord sendPlayerStartGameMsg [playerId=259344, prey=true, _predatorIndex=]
2009-04-24 17:38:47,871 ERROR: vampire.server.feeding.FeedingRecord sendPlayerStartGameMsg [playerId=820331, prey=false, _predatorIndex=]
2009-04-24 17:39:00,761 ERROR: vampire.server.feeding.FeedingRecord sendPlayerStartGameMsg [playerId=200704, prey=false, _predatorIndex=820331]
2009-04-24 17:39:20,151 ERROR: vampire.server.feeding.FeedingRecord sendPlayerStartGameMsg [playerId=103033, prey=false, _predatorIndex=]
2009-04-24 17:39:21,090 ERROR: vampire.server.feeding.FeedingRecord sendPlayerStartGameMsg [playerId=200704, prey=false, _predatorIndex=103033]
2009-04-24 17:39:35,089 ERROR: vampire.server.feeding.FeedingRecord sendPlayerStartGameMsg [playerId=683540, prey=false, _predatorIndex=]
2009-04-24 17:40:09,777 ERROR: vampire.server.feeding.FeedingRecord sendPlayerStartGameMsg [playerId=166285, prey=true, _predatorIndex=]
2009-04-24 17:40:09,777 ERROR: vampire.server.feeding.FeedingRecord sendPlayerStartGameMsg [playerId=140547, prey=false, _predatorIndex=]
2009-04-24 17:40:16,445 ERROR: vampire.server.feeding.FeedingRecord sendPlayerStartGameMsg [playerId=510740, prey=true, _predatorIndex=]
2009-04-24 17:40:16,446 ERROR: vampire.server.feeding.FeedingRecord sendPlayerStartGameMsg [playerId=230164, prey=false, _predatorIndex=]
2009-04-24 17:41:06,325 ERROR: vampire.server.feeding.FeedingRecord sendPlayerStartGameMsg [playerId=777661, prey=false, _predatorIndex=]
2009-04-24 17:41:22,890 ERROR: vampire.server.feeding.FeedingRecord sendPlayerStartGameMsg [playerId=820331, prey=false, _predatorIndex=777661]
2009-04-24 17:41:25,491 ERROR: vampire.server.feeding.FeedingRecord sendPlayerStartGameMsg [playerId=802319, prey=false, _predatorIndex=]
2009-04-24 17:42:36,734 ERROR: vampire.server.feeding.FeedingRecord sendPlayerStartGameMsg [playerId=820331, prey=false, _predatorIndex=777661,820331]
2009-04-24 17:42:41,691 ERROR: vampire.server.feeding.FeedingRecord sendPlayerStartGameMsg [playerId=641397, prey=false, _predatorIndex=]
2009-04-24 17:42:41,807 ERROR: vampire.server.feeding.FeedingRecord sendPlayerStartGameMsg [playerId=10642, prey=true, _predatorIndex=]
2009-04-24 17:42:41,807 ERROR: vampire.server.feeding.FeedingRecord sendPlayerStartGameMsg [playerId=703094, prey=false, _predatorIndex=]
2009-04-24 17:42:46,541 ERROR: vampire.server.feeding.FeedingRecord sendPlayerStartGameMsg [playerId=820331, prey=false, _predatorIndex=]
2009-04-24 17:42:56,244 ERROR: vampire.server.feeding.FeedingRecord sendPlayerStartGameMsg [playerId=527332, prey=false, _predatorIndex=230164]
2009-04-24 17:43:07,217 ERROR: vampire.server.feeding.FeedingRecord sendPlayerStartGameMsg [playerId=140547, prey=false, _predatorIndex=230164,527332]
2009-04-24 17:43:09,325 ERROR: vampire.server.feeding.FeedingRecord sendPlayerStartGameMsg [playerId=683540, prey=false, _predatorIndex=641397]
2009-04-24 17:43:21,565 ERROR: vampire.server.feeding.FeedingRecord sendPlayerStartGameMsg [playerId=200704, prey=true, _predatorIndex=]
2009-04-24 17:43:21,565 ERROR: vampire.server.feeding.FeedingRecord sendPlayerStartGameMsg [playerId=683540, prey=false, _predatorIndex=]
2009-04-24 17:43:50,572 ERROR: vampire.server.feeding.FeedingRecord sendPlayerStartGameMsg [playerId=161355, prey=true, _predatorIndex=]
2009-04-24 17:43:50,573 ERROR: vampire.server.feeding.FeedingRecord sendPlayerStartGameMsg [playerId=170086, prey=false, _predatorIndex=]
2009-04-24 17:44:22,555 ERROR: vampire.server.feeding.FeedingRecord sendPlayerStartGameMsg [playerId=802319, prey=false, _predatorIndex=]
2009-04-24 17:45:10,646 ERROR: vampire.server.feeding.FeedingRecord sendPlayerStartGameMsg [playerId=140547, prey=false, _predatorIndex=703094]
2009-04-24 17:45:23,991 ERROR: vampire.server.feeding.FeedingRecord sendPlayerStartGameMsg [playerId=510740, prey=true, _predatorIndex=]
2009-04-24 17:45:23,997 ERROR: vampire.server.feeding.FeedingRecord sendPlayerStartGameMsg [playerId=527332, prey=false, _predatorIndex=]
2009-04-24 17:45:28,904 ERROR: vampire.server.feeding.FeedingRecord sendPlayerStartGameMsg [playerId=230164, prey=false, _predatorIndex=527332]
2009-04-24 17:45:30,956 ERROR: vampire.server.feeding.FeedingRecord sendPlayerStartGameMsg [playerId=777661, prey=false, _predatorIndex=]
2009-04-24 17:45:52,070 ERROR: vampire.server.feeding.FeedingRecord sendPlayerStartGameMsg [playerId=200704, prey=true, _predatorIndex=]
2009-04-24 17:45:52,071 ERROR: vampire.server.feeding.FeedingRecord sendPlayerStartGameMsg [playerId=683540, prey=false, _predatorIndex=]
2009-04-24 17:46:29,193 ERROR: vampire.server.feeding.FeedingRecord sendPlayerStartGameMsg [playerId=702557, prey=true, _predatorIndex=]
2009-04-24 17:46:29,194 ERROR: vampire.server.feeding.FeedingRecord sendPlayerStartGameMsg [playerId=170086, prey=false, _predatorIndex=]
2009-04-24 17:47:28,213 ERROR: vampire.server.feeding.FeedingRecord sendPlayerStartGameMsg [playerId=140547, prey=false, _predatorIndex=527332,230164]
2009-04-24 17:47:52,433 ERROR: vampire.server.feeding.FeedingRecord sendPlayerStartGameMsg [playerId=259344, prey=true, _predatorIndex=]
2009-04-24 17:47:52,434 ERROR: vampire.server.feeding.FeedingRecord sendPlayerStartGameMsg [playerId=641397, prey=false, _predatorIndex=]

