
>>>>BeginStats

>>>>BeginTable
PlayerId, StartTime, EndTime, ProgenyPayout, XPFromFeeding, FeedingGames, MeanFeedingScore, BloodBond, Progeny, GrandProgeny, Sire, Level, Invites
1005664, 1241733999487, , 0, 0, 0, 0, 0, 0, 0, 229494, 1, 0
100849, 1241729179138, 1241729197995, 0, 0, 0, 0, 0, 0, 0, 0, 1, 0
101052, 1241726208782, 1241726417041, 0, 318, 1, 318, 336524, 7, 1, 552702, 7, 2
1016090, 1241733084060, , 0, 0, 0, 0, 0, 0, 0, 0, 1, 0
1023833, 1241726575164, 1241726671724, 0, 0, 0, 0, 0, 0, 0, 0, 1, 
10260, 1241727433949, 1241728129259, 0, 820, 2, 348, 8527, 10, 9, 713, 15, 2
102613, , , 32.900000000000006, 0, 0, 0, 0, 1, 0, 39171, , 
103033, 1241733450743, 1241733863231, 0, 166, 1, 188, 767143, 12, 14, 81899, 6, 1
103144, , , 348.30000000000007, 0, 0, 0, 0, 5, 8, 116005, , 
1031623, 1241730783205, 1241730859986, 0, 52, 1, 104, 1011089, 0, 0, 1261178, 4, 
1032421, 1241730767727, 1241731955241, 0, 0, 0, 0, 0, 8, 1, 990799, 7, 1
1043, , , 16.450000000000003, 0, 0, 0, 0, 1, 1, 12, , 
1053441, 1241729359605, 1241729725220, 0, 0, 0, 0, 0, 0, 0, 124457, 1, 
1062, 1241727135335, 1241729483203, 0, 8759, 13, 572.3846153846154, 54776, 11, 7, 713, 16, 2
1062853, , , 70.05, 0, 0, 0, 0, 9, 19, 1124214, , 
10642, 1241729053383, 1241732761623, 42.1, 3613, 6, 568.3333333333334, 447249, 32, 46, 351598, 15, 2
1092321, , , 141, 0, 0, 0, 0, 29, 4, 35568, , 
1101, , , 86.80000000000001, 0, 0, 0, 0, 2, 16, 239981, , 
1109257, 1241731543094, 1241731548599, 0, 0, 0, 0, 0, 0, 0, 0, 1, 
1110327, 1241729212707, 1241731021463, 0, 1555, 9, 162.22222222222223, 0, 0, 0, 336524, 2, 
1110484, 1241727317513, 1241727932459, 0, 1401, 4, 382.25, 153097, 0, 0, 153097, 4, 
1122449, , , 26.650000000000002, 0, 0, 0, 0, 10, 7, 555728, , 
1124126, 1241727372598, 1241727380351, 0, 0, 0, 0, 0, 0, 0, 771625, 1, 
112953, , , 50.3, 0, 0, 0, 0, 3, 7, 241176, , 
1138221, 1241730748629, 1241732754587, 0, 2037, 6, 186.66666666666666, 1283799, 0, 0, 269484, 4, 
1152211, , , 4.4, 0, 0, 0, 0, 1, 3, 452296, , 
1152360, 1241732032783, 1241732423223, 0, 336, 1, 206, 0, 0, 0, 70997, 4, 
1155409, , , 2.6, 0, 0, 0, 0, 1, 6, 674637, , 
115917, 1241728619158, 1241730829796, 0, 648, 3, 122, 0, 0, 0, 3504, 3, 0
116005, , , 174.15000000000003, 0, 0, 0, 0, 6, 5, 130627, , 
1162172, 1241733000794, , 0, 0, 0, 0, 1181188, 0, 0, 835426, 3, 0
1168169, 1241733209982, 1241733919685, 0, 0, 0, 0, 0, 0, 0, 0, 1, 
1178289, 1241732483912, 1241733005094, 0, 390, 3, 134.66666666666666, 0, 0, 0, 0, 1, 
118975, 1241733468056, 1241733664514, 0, 0, 0, 0, 0, 1, 1, 160138, 12, 2
12, , , 555.45, 0, 0, 0, 0, 20, 56, 383387, , 
1214279, 1241733428523, , 0, 44, 1, 88, 0, 3, 0, 1152211, 3, 0
1217415, 1241731457617, 1241732201410, 0, 0, 0, 0, 0, 0, 0, 0, 1, 
1227346, 1241732798136, 1241732903235, 0, 0, 0, 0, 0, 0, 0, 0, 1, 
122823, 1241733230594, , 0, 166, 1, 144, 0, 0, 0, 61609, 2, 0
1231039, 1241730866120, 1241731304214, 0, 125, 1, 125, 0, 0, 0, 0, 1, 
1251906, 1241728991657, 1241729011995, 0, 0, 0, 0, 0, 0, 0, 162239, 2, 
125207, 1241733260561, 1241733320724, 0, 0, 0, 0, 273503, 1, 0, 544643, 4, 0
1254726, 1241728951725, 1241730580791, 0, 418, 2, 125.5, 1111604, 0, 0, 502119, 3, 
1255618, 1241727553683, 1241728163230, 0, 533, 3, 116.66666666666667, 0, 2, 0, 206148, 3, 
1261178, , , 5.2, 0, 0, 0, 0, 6, 0, 1155409, , 
1265, , , 133.85000000000002, 0, 0, 0, 0, 2, 30, 12, , 
127073, 1241732377287, 1241732780970, 0, 727, 2, 128.5, 0, 1, 0, 155161, 5, 1
1275242, 1241728452067, 1241728470298, 0, 0, 0, 0, 0, 0, 0, 0, 1, 
1275561, 1241732261574, 1241732363203, 0, 161, 1, 161, 0, 0, 0, 772113, 1, 
1276975, 1241726994240, 1241727002137, 0, 0, 0, 0, 0, 0, 0, 0, 1, 
1278376, 1241733313241, 1241733563203, 0, 0, 0, 0, 0, 0, 0, 0, 1, 
1279627, 1241728939426, 1241729387800, 0, 285, 2, 142.5, 0, 0, 0, 524637, 2, 
128025, 1241729383319, 1241729392365, 0, 0, 0, 0, 0, 0, 0, 233794, 2, 
1296070, 1241732767391, 1241733081952, 0, 0, 0, 0, 0, 0, 0, 0, 1, 
130244, , , 299.3, 0, 0, 0, 0, 3, 6, 237967, , 
130730, 1241729733171, 1241730438090, 0, 328, 2, 164, 0, 5, 0, 402642, 3, 5
1324545, 1241733849842, 1241733859985, 0, 0, 0, 0, 0, 0, 0, 0, 1, 
136892, 1241731952247, 1241733622411, 0, 0, 0, 0, 0, 1, 0, 367411, 2, 0
143538, , , 14.100000000000001, 0, 0, 0, 0, 2, 23, 1531, , 
148695, 1241730579703, 1241730823871, 0, 0, 0, 0, 306511, 8, 7, 10642, 10, 4
152142, 1241732531037, , 0, 972, 6, 148, 0, 0, 0, 90041, 1, 0
153097, , , 140.1, 0, 0, 0, 0, 19, 0, 1062853, , 
154004, 1241733722645, , 0, 73, 1, 145, 561706, 10, 6, 90041, 4, 0
154238, 1241733970014, , 0, 0, 0, 0, 156489, 5, 4, 45129, 8, 2
155161, , , 72.7, 0, 0, 0, 0, 5, 1, 253373, , 
157713, 1241730232583, , 0, 616, 5, 91.4, 0, 0, 0, 58859, 1, 0
158630, , , 18.55, 0, 0, 0, 0, 5, 1, 304445, , 
159420, , , 67, 0, 0, 0, 0, 1, 6, 206649, , 
15975, 1241732319818, 1241732723226, 0, 167, 1, 81, 0, 0, 0, 0, 1, 
163914, , , 22, 0, 0, 0, 0, 2, 2, 227953, , 
165133, 1241732240169, 1241732483357, 0, 75, 1, 78, 0, 0, 0, 206908, 2, 0
166371, , , 101.85000000000001, 0, 0, 0, 0, 4, 12, 267622, , 
16719, 1241728685979, 1241728809290, 0, 0, 0, 0, 0, 2, 1, 17790, 5, 3
171513, 1241726329124, 1241726366848, 0, 0, 0, 0, 0, 10, 7, 170191, 12, 2
173329, , , 390.3, 0, 0, 0, 0, 4, 6, 344937, , 
179687, , , 29.6, 0, 0, 0, 0, 3, 2, 24525, , 
179801, 1241729879342, 1241729884700, 0, 0, 0, 0, 0, 0, 0, 336024, 3, 0
1802, 1241730325319, 1241733008531, 0, 3483, 10, 403.7, 995, 7, 2, 103144, 12, 2
180378, 1241728938576, 1241729305447, 0, 0, 0, 0, 0, 0, 0, 0, 1, 
181264, , , 113.95000000000002, 0, 0, 0, 0, 2, 3, 3812, , 
1892, 1241733790519, , 0, 0, 0, 0, 33511, 20, 6, 995, 12, 2
195736, , , 77.75000000000001, 0, 0, 0, 0, 6, 27, 334835, , 
196999, 1241732427669, 1241733035459, 0, 474, 4, 124, 0, 1, 0, 415271, 2, 
197371, 1241732752084, , 0, 436, 4, 114.75, 0, 0, 0, 392522, 1, 0
199427, , , 403.8, 0, 0, 0, 0, 1, 5, 208602, , 
201981, 1241731847125, 1241733145660, 0, 0, 0, 0, 0, 0, 0, 0, 1, 
20260, , , 411.4, 0, 0, 0, 0, 18, 26, 12, , 
206148, , , 53.300000000000004, 0, 0, 0, 0, 1, 2, 1122449, , 
206908, , , 7.5, 0, 0, 0, 0, 1, 0, 337162, , 
208085, 1241729444263, 1241731523237, 0, 220, 1, 233, 0, 2, 0, 163914, 4, 0
208217, 1241733015436, , 0, 1410, 4, 403.75, 0, 2, 0, 1092321, 4, 0
208602, , , 201.9, 0, 0, 0, 0, 7, 8, 351626, , 
21067, 1241726320765, 1241726529105, 0, 0, 0, 0, 0, 2, 44, 302907, 8, 4
217283, 1241728561187, 1241732473326, 233.10000000000002, 1340, 5, 309.6, 532467, 60, 26, 57393, 12, 24
22279, 1241732369633, , 0, 1512, 6, 252, 0, 0, 0, 0, 3, 0
22707, , , 68.4, 0, 0, 0, 0, 7, 15, 8842, , 
227953, , , 11, 0, 0, 0, 0, 3, 2, 320570, , 
237967, , , 149.65, 0, 0, 0, 0, 1, 3, 336228, , 
239111, 1241726970718, 1241727034184, 0, 0, 0, 0, 0, 1, 1, 439277, 3, 0
239981, , , 43.400000000000006, 0, 0, 0, 0, 1, 2, 209944, , 
241176, , , 25.15, 0, 0, 0, 0, 1, 3, 12770, , 
24525, , , 14.8, 0, 0, 0, 0, 5, 3, 316097, , 
247992, , , 16.400000000000002, 0, 0, 0, 0, 3, 4, 214539, , 
253373, , , 36.35, 0, 0, 0, 0, 2, 5, 212370, , 
258210, 1241729133250, 1241729689928, 0, 0, 0, 0, 0, 0, 0, 66262, 4, 0
258951, , , 319.95, 0, 0, 0, 0, 24, 11, 1265, , 
259344, , , 33.75, 0, 0, 0, 0, 23, 12, 143538, , 
269484, , , 203.70000000000002, 0, 0, 0, 0, 11, 0, 166371, , 
2796, 1241730226854, 1241730443254, 0, 282, 1, 310, 132449, 5, 1, 259344, 5, 3
295246, 1241729890566, 1241730094576, 0, 0, 0, 0, 83549, 1, 0, 159134, 4, 0
298666, , , 11.100000000000001, 0, 0, 0, 0, 7, 0, 259344, , 
314390, 1241733092724, 1241733443249, 0, 108, 1, 108, 0, 0, 0, 0, 1, 0
336228, , , 4.3, 0, 0, 0, 0, 10, 15, 307471, , 
336524, , , 155.50000000000003, 0, 0, 0, 0, 26, 0, 195736, , 
337162, , , 3.75, 0, 0, 0, 0, 2, 1, 174526, , 
344937, , , 195.15, 0, 0, 0, 0, 11, 5, 251062, , 
3504, , , 64.80000000000001, 0, 0, 0, 0, 4, 0, 5842, , 
351430, , , 8.6, 0, 0, 0, 0, 14, 0, 336228, , 
351598, , , 382.35, 0, 0, 0, 0, 1, 32, 359624, , 
35568, , , 70.5, 0, 0, 0, 0, 1, 29, 258951, , 
355945, 1241733092315, 1241733096388, 0, 0, 0, 0, 0, 0, 0, 403501, 3, 0
359624, , , 180.65000000000003, 0, 0, 0, 0, 4, 1, 201132, , 
365721, 1241728734725, 1241729543204, 0, 329, 3, 113, 0, 0, 0, 423714, 3, 1
3812, , , 50.45, 0, 0, 0, 0, 1, 2, 65584, , 
383249, 1241733997095, , 0, 0, 0, 0, 0, 4, 1, 193978, 5, 1
39171, , , 16.450000000000003, 0, 0, 0, 0, 8, 1, 102770, , 
39180, 1241730653176, 1241730751859, 0, 0, 0, 0, 0, 7, 15, 68619, 7, 1
392522, 1241730394265, 1241733677369, 43.60000000000001, 933, 7, 101.28571428571429, 0, 1, 0, 217283, 1, 
396113, , , 292.5000000000001, 0, 0, 0, 0, 2, 10, 44987, , 
397835, , , 16.8, 0, 0, 0, 0, 5, 35, 47379, , 
39986, 1241727330013, 1241727340598, 0, 0, 0, 0, 0, 0, 0, 0, 1, 
402642, , , 32.800000000000004, 0, 0, 0, 0, 4, 5, 247992, , 
40275, 1241727619322, 1241728430940, 0, 3903, 5, 866.8, 5842, 6, 0, 173329, 12, 6
415271, , , 47.400000000000006, 0, 0, 0, 0, 11, 1, 66689, , 
420097, , , 37.1, 0, 0, 0, 0, 1, 0, 158630, , 
421572, 1241733760248, , 0, 111, 1, 63, 0, 0, 0, 298666, 2, 0
423714, , , 32.900000000000006, 0, 0, 0, 0, 1, 0, 1043, , 
432820, 1241729500346, 1241731394817, 26.1, 1009, 5, 159.2, 0, 3, 1, 181264, 6, 2
43386, 1241731085627, 1241732815545, 0, 2993, 8, 556.625, 106210, 6, 4, 130244, 8, 6
447249, 1241732795411, 1241733560698, 0, 4038, 7, 670, 10642, 5, 4, 199427, 15, 2
44987, , , 130.85000000000002, 0, 0, 0, 0, 2, 5, 12770, , 
452296, , , 2.2, 0, 0, 0, 0, 1, 1, 103144, , 
502119, 1241733504759, , 41.800000000000004, 392, 2, 219.5, 520359, 11, 14, 22707, 10, 2
503425, 1241731824944, 1241731847764, 0, 0, 0, 0, 430717, 0, 0, 39171, 4, 0
510740, , , 8.05, 0, 0, 0, 0, 70, 12, 534632, , 
524637, , , 28.5, 0, 0, 0, 0, 1, 0, 83320, , 
533, 1241727207642, 1241727642850, 0, 1530, 3, 510, 535, 10, 11, 20260, 14, 2
537110, 1241728953865, 1241729098998, 0, 0, 0, 0, 0, 0, 0, 171151, 1, 0
541655, , , 57.7, 0, 0, 0, 0, 1, 21, 126451, , 
54776, 1241730261370, 1241732521468, 0, 5168, 10, 611, 1062, 77, 33, 89757, 15, 3
54786, 1241730078541, 1241732192887, 0, 261, 2, 116.5, 0, 0, 0, 432820, 1, 
55009, 1241730974282, 1241731246624, 0, 0, 0, 0, 0, 1, 3, 309096, 4, 0
552702, , , 31.8, 0, 0, 0, 0, 5, 7, 92894, , 
555728, 1241730081556, 1241731711599, 0, 868, 2, 282, 828191, 16, 10, 1101, 4, 0
57393, , , 239.64999999999998, 0, 0, 0, 0, 6, 64, 159420, , 
5842, , , 32.400000000000006, 0, 0, 0, 0, 1, 4, 344937, , 
58429, 1241731798946, 1241732719160, 0, 421, 4, 105.25, 0, 7, 5, 10642, 4, 
58859, 1241727340736, 1241731523240, 61.60000000000001, 2617, 9, 365.77777777777777, 43017, 10, 8, 396113, 14, 2
609643, 1241733693448, , 0, 331, 3, 102.33333333333333, 0, 1, 0, 217283, 3, 0
61045, , , 39.800000000000004, 0, 0, 0, 0, 7, 7, 74372, , 
616045, 1241732139698, 1241732351088, 0, 0, 0, 0, 0, 0, 0, 162782, 1, 
61609, , , 16.6, 0, 0, 0, 0, 4, 0, 22707, , 
624632, 1241727617066, 1241727863426, 0, 0, 0, 0, 0, 0, 0, 505544, 2, 
62783, 1241729004648, 1241729363197, 0, 796, 4, 163.75, 0, 0, 0, 86926, 4, 0
63415, 1241730130044, , 0, 1154, 4, 315.25, 0, 10, 1, 8938, 5, 2
638292, 1241733600353, 1241733791137, 0, 98, 1, 98, 0, 0, 0, 0, 1, 
66689, , , 23.700000000000003, 0, 0, 0, 0, 4, 11, 124585, , 
68523, 1241730528439, 1241731997534, 0, 86, 1, 86, 0, 0, 0, 351430, 2, 
703094, 1241728180905, 1241729197528, 0, 0, 0, 0, 0, 0, 0, 53030, 3, 
70997, , , 33.6, 0, 0, 0, 0, 35, 1, 397835, , 
713, 1241733900201, 1241733909701, 957.9000000000001, 0, 0, 0, 1265, 11, 78, 12, 19, 6
71724, 1241728710261, 1241728784500, 0, 0, 0, 0, 3200, 22, 6, 94103, 12, 4
74412, 1241728529516, 1241729603199, 0, 329, 3, 132.33333333333334, 171193, 0, 0, 102613, 4, 0
746079, 1241730274535, 1241730283681, 0, 0, 0, 0, 0, 0, 0, 0, 1, 
764326, 1241733774361, , 0, 0, 0, 0, 0, 0, 0, 140986, 1, 0
76572, 1241733566132, , 0, 296, 2, 148, 0, 1, 0, 179687, 3, 0
77, 1241730864849, 1241731166268, 0, 0, 0, 0, 171151, 11, 2, 12770, 14, 2
772113, , , 16.1, 0, 0, 0, 0, 1, 0, 510740, , 
802319, , , 8.3, 0, 0, 0, 0, 2, 6, 773108, , 
81454, 1241733502465, 1241733623198, 0, 0, 0, 0, 0, 0, 0, 0, 1, 
81899, , , 16.6, 0, 0, 0, 0, 6, 12, 802319, , 
83320, , , 14.25, 0, 0, 0, 0, 4, 1, 96838, , 
83621, 1241732209581, 1241732613917, 0, 503, 2, 359.5, 0, 0, 0, 112953, 4, 0
84076, 1241730295051, 1241731661511, 0, 772, 5, 113.2, 0, 0, 0, 217283, 1, 
86926, , , 79.60000000000001, 0, 0, 0, 0, 7, 0, 61045, , 
8842, , , 19.6, 0, 0, 0, 0, 12, 9, 1531, , 
8938, , , 115.4, 0, 0, 0, 0, 21, 10, 541655, , 
89757, , , 516.8000000000001, 0, 0, 0, 0, 3, 77, 20260, , 
90041, 1241731492673, , 104.5, 2677, 7, 412.85714285714283, 175933, 10, 10, 258951, 12, 14
913044, 1241729487285, 1241730023242, 0, 173, 1, 100, 0, 0, 0, 217283, 1, 
92894, , , 15.9, 0, 0, 0, 0, 1, 5, 106082, , 
93412, 1241732069685, 1241732749152, 0, 371, 3, 122.33333333333333, 0, 0, 0, 420097, 3, 0
967846, 1241729113421, 1241729123858, 0, 0, 0, 0, 0, 0, 0, 0, 1, 
98240, 1241728050714, 1241728105758, 0, 0, 0, 0, 0, 0, 0, 0, 1, 0
982699, 1241729521544, 1241729537430, 0, 0, 0, 0, 0, 0, 0, 0, 1, 
985962, 1241727345135, 1241728078910, 0, 0, 0, 0, 0, 0, 0, 0, 1, 
<<<<EndTable

PlayersOnlineNow=21
PlayersOnlineEachMinute=0, 1, 2, 3, 2, 2, 3, 3, 3, 4, 3, 3, 3, 4, 3, 3, 4, 5, 4, 7, 7, 8, 8, 9, 9, 9, 9, 9, 8, 7, 8, 9, 7, 7, 6, 6, 6, 6, 7, 7, 8, 9, 11, 11, 10, 10, 14, 15, 17, 15, 14, 15, 15, 15, 15, 16, 15, 14, 14, 14, 14, 14, 15, 15, 14, 14, 15, 15, 18, 21, 21, 19, 19, 19, 19, 20, 19, 20, 20, 20, 22, 20, 22, 21, 20, 19, 20, 19, 21, 22, 21, 20, 19, 17, 20, 18, 17, 16, 18, 19, 17, 20, 22, 23, 23, 21, 21, 20, 20, 20, 17, 16, 15, 15, 16, 16, 14, 15, 17, 16, 17, 18, 20, 19, 18, 17, 19, 20, 19, 18
PlayersInEachFeedingGame=1, 1, 1, 1, 1, 1, 1, 2, 1, 2, 2, 2, 2, 1, 1, 2, 2, 2, 1, 2, 2, 2, 1, 2, 1, 2, 2, 1, 2, 2, 2, 2, 2, 1, 1, 1, 1, 1, 2, 2, 1, 2, 2, 2, 2, 1, 1, 2, 2, 2, 1, 1, 2, 2, 2, 2, 2, 2, 2, 2, 2, 2, 1, 2, 1, 2, 1, 1, 4, 1, 1, 2, 1, 1, 3, 1, 2, 1, 2, 1, 2, 2, 1, 2, 1, 1, 1, 2, 2, 1, 2, 1, 1, 1, 1, 2, 2, 1, 2, 1, 2, 1, 1, 2, 1, 1, 1, 1, 1, 1, 1, 1, 2, 2, 1, 2, 1, 1
PlayersStarted=176
PlayersQuit=155
StatsStartTime=1241726206709
StatsDumpTime=1241734007120
<<<<EndStats
2009-05-07 15:07:20,609 ERROR: vampire.server.feeding.FeedingRecord sendPlayerStartGameMsg [playerId=1892, prey=true, _predatorIndex=]
2009-05-07 15:07:20,610 ERROR: vampire.server.feeding.FeedingRecord sendPlayerStartGameMsg [playerId=383249, prey=false, _predatorIndex=]
2009-05-07 15:07:56,393 ERROR: vampire.server.feeding.FeedingRecord sendPlayerStartGameMsg [playerId=197371, prey=false, _predatorIndex=]
2009-05-07 15:08:02,850 ERROR: vampire.server.feeding.FeedingRecord sendPlayerStartGameMsg [playerId=609643, prey=false, _predatorIndex=421572,609643,63415]
2009-05-07 15:08:21,284 ERROR: vampire.server.feeding.FeedingRecord sendPlayerStartGameMsg [playerId=90041, prey=false, _predatorIndex=197371]
2009-05-07 15:08:32,358 ERROR: vampire.server.feeding.FeedingRecord sendPlayerStartGameMsg [playerId=22279, prey=false, _predatorIndex=]
2009-05-07 15:09:10,706 ERROR: vampire.server.feeding.FeedingRecord sendPlayerStartGameMsg [playerId=609643, prey=false, _predatorIndex=421572,609643,63415]
2009-05-07 15:09:12,733 ERROR: vampire.server.feeding.FeedingRecord sendPlayerStartGameMsg [playerId=90041, prey=false, _predatorIndex=]
2009-05-07 15:09:18,998 ERROR: vampire.server.feeding.FeedingRecord sendPlayerStartGameMsg [playerId=90041, prey=false, _predatorIndex=197371,90041]
2009-05-07 15:09:45,745 ERROR: vampire.server.feeding.FeedingRecord sendPlayerStartGameMsg [playerId=1214279, prey=true, _predatorIndex=]
2009-05-07 15:09:45,746 ERROR: vampire.server.feeding.FeedingRecord sendPlayerStartGameMsg [playerId=59909, prey=false, _predatorIndex=]
2009-05-07 15:11:00,151 ERROR: vampire.server.feeding.FeedingRecord sendPlayerStartGameMsg [playerId=197371, prey=false, _predatorIndex=]
2009-05-07 15:11:04,472 ERROR: vampire.server.feeding.FeedingRecord sendPlayerStartGameMsg [playerId=22279, prey=false, _predatorIndex=]
2009-05-07 15:11:36,912 ERROR: vampire.server.feeding.FeedingRecord sendPlayerStartGameMsg [playerId=127073, prey=false, _predatorIndex=]
2009-05-07 15:12:42,934 ERROR: vampire.server.feeding.FeedingRecord sendPlayerStartGameMsg [playerId=152142, prey=true, _predatorIndex=]
2009-05-07 15:12:42,934 ERROR: vampire.server.feeding.FeedingRecord sendPlayerStartGameMsg [playerId=157713, prey=false, _predatorIndex=]
2009-05-07 15:13:11,428 ERROR: vampire.server.feeding.FeedingRecord sendPlayerStartGameMsg [playerId=383249, prey=true, _predatorIndex=]
2009-05-07 15:13:11,429 ERROR: vampire.server.feeding.FeedingRecord sendPlayerStartGameMsg [playerId=1005664, prey=false, _predatorIndex=]
2009-05-07 15:14:00,898 ERROR: vampire.server.feeding.FeedingRecord sendPlayerStartGameMsg [playerId=127073, prey=false, _predatorIndex=]
2009-05-07 15:15:31,058 ERROR: vampire.server.feeding.FeedingRecord sendPlayerStartGameMsg [playerId=157713, prey=true, _predatorIndex=]
2009-05-07 15:15:31,059 ERROR: vampire.server.feeding.FeedingRecord sendPlayerStartGameMsg [playerId=152142, prey=false, _predatorIndex=]
2009-05-07 15:15:53,113 ERROR: vampire.server.feeding.FeedingRecord sendPlayerStartGameMsg [playerId=502119, prey=true, _predatorIndex=]
2009-05-07 15:15:53,114 ERROR: vampire.server.feeding.FeedingRecord sendPlayerStartGameMsg [playerId=109238, prey=false, _predatorIndex=]
2009-05-07 15:15:54,579 ERROR: vampire.server.feeding.FeedingRecord sendPlayerStartGameMsg [playerId=383249, prey=true, _predatorIndex=]
2009-05-07 15:15:54,580 ERROR: vampire.server.feeding.FeedingRecord sendPlayerStartGameMsg [playerId=63415, prey=false, _predatorIndex=]

>>>>BeginStats

>>>>BeginTable
PlayerId, StartTime, EndTime, ProgenyPayout, XPFromFeeding, FeedingGames, MeanFeedingScore, BloodBond, Progeny, GrandProgeny, Sire, Level, Invites
1005664, 1241734296210, , 0, 70, 1, 22, 0, 0, 0, 336694, 1, 0
100849, 1241729179138, 1241729197995, 0, 0, 0, 0, 0, 0, 0, 0, 1, 0
101052, 1241726208782, 1241726417041, 0, 318, 1, 318, 336524, 7, 1, 552702, 7, 2
1016090, 1241733084060, , 0, 0, 0, 0, 0, 0, 0, 0, 1, 0
1023833, 1241726575164, 1241726671724, 0, 0, 0, 0, 0, 0, 0, 0, 1, 
10260, 1241727433949, 1241728129259, 0, 820, 2, 348, 8527, 10, 9, 713, 15, 2
102613, , , 32.900000000000006, 0, 0, 0, 0, 1, 0, 39171, , 
103033, 1241733450743, 1241733863231, 0, 166, 1, 188, 767143, 12, 14, 81899, 6, 1
103144, , , 348.30000000000007, 0, 0, 0, 0, 5, 8, 116005, , 
1031623, 1241730783205, 1241730859986, 0, 52, 1, 104, 1011089, 0, 0, 1261178, 4, 
1032421, 1241730767727, 1241731955241, 0, 0, 0, 0, 0, 8, 1, 990799, 7, 1
1043, , , 16.450000000000003, 0, 0, 0, 0, 1, 1, 12, , 
1053441, 1241729359605, 1241729725220, 0, 0, 0, 0, 0, 0, 0, 124457, 1, 
1062, 1241727135335, 1241729483203, 0, 8759, 13, 572.3846153846154, 54776, 11, 7, 713, 16, 2
1062853, , , 70.05, 0, 0, 0, 0, 9, 19, 1124214, , 
10642, 1241729053383, 1241732761623, 42.1, 3613, 6, 568.3333333333334, 447249, 32, 46, 351598, 15, 2
1092321, , , 199.6, 0, 0, 0, 0, 29, 4, 35568, , 
109238, 1241734510797, , 0, 0, 0, 0, 0, 0, 0, 592692, 1, 0
1101, , , 86.80000000000001, 0, 0, 0, 0, 2, 16, 239981, , 
1109257, 1241731543094, 1241731548599, 0, 0, 0, 0, 0, 0, 0, 0, 1, 
1110327, 1241729212707, 1241731021463, 0, 1555, 9, 162.22222222222223, 0, 0, 0, 336524, 2, 
1110484, 1241727317513, 1241727932459, 0, 1401, 4, 382.25, 153097, 0, 0, 153097, 4, 
1114950, 1241734387246, 1241734467315, 0, 0, 0, 0, 0, 0, 0, 217283, 1, 
1122449, , , 26.650000000000002, 0, 0, 0, 0, 10, 7, 555728, , 
1124126, 1241727372598, 1241727380351, 0, 0, 0, 0, 0, 0, 0, 771625, 1, 
112953, , , 50.3, 0, 0, 0, 0, 3, 7, 241176, , 
1138221, 1241730748629, 1241732754587, 0, 2037, 6, 186.66666666666666, 1283799, 0, 0, 269484, 4, 
1152211, , , 17.8, 0, 0, 0, 0, 1, 3, 452296, , 
1152360, 1241732032783, 1241732423223, 0, 336, 1, 206, 0, 0, 0, 70997, 4, 
1155409, , , 2.6, 0, 0, 0, 0, 1, 6, 674637, , 
115917, 1241728619158, 1241730829796, 0, 648, 3, 122, 0, 0, 0, 3504, 3, 0
116005, , , 174.15000000000003, 0, 0, 0, 0, 6, 5, 130627, , 
1162172, 1241733000794, 1241734299100, 0, 0, 0, 0, 1181188, 0, 0, 835426, 3, 
1168169, 1241733209982, 1241733919685, 0, 0, 0, 0, 0, 0, 0, 0, 1, 
1178289, 1241732483912, 1241733005094, 0, 390, 3, 134.66666666666666, 0, 0, 0, 0, 1, 
118975, 1241733468056, 1241733664514, 0, 0, 0, 0, 0, 1, 1, 160138, 12, 2
12, , , 564.8000000000001, 0, 0, 0, 0, 20, 57, 383387, , 
1214279, 1241733428523, 1241734250536, 0, 178, 2, 104, 0, 3, 0, 1152211, 3, 
1217415, 1241731457617, 1241732201410, 0, 0, 0, 0, 0, 0, 0, 0, 1, 
1227346, 1241732798136, 1241732903235, 0, 0, 0, 0, 0, 0, 0, 0, 1, 
122823, 1241733230594, 1241734168241, 0, 166, 1, 144, 0, 0, 0, 61609, 2, 0
1231039, 1241730866120, 1241731304214, 0, 125, 1, 125, 0, 0, 0, 0, 1, 
1251906, 1241728991657, 1241729011995, 0, 0, 0, 0, 0, 0, 0, 162239, 2, 
125207, 1241733260561, 1241733320724, 0, 0, 0, 0, 273503, 1, 0, 544643, 4, 0
1254726, 1241728951725, 1241730580791, 0, 418, 2, 125.5, 1111604, 0, 0, 502119, 3, 
1255618, 1241727553683, 1241728163230, 0, 533, 3, 116.66666666666667, 0, 2, 0, 206148, 3, 
1261178, , , 5.2, 0, 0, 0, 0, 6, 0, 1155409, , 
1265, , , 152.90000000000003, 0, 0, 0, 0, 2, 30, 12, , 
127073, 1241734205371, , 0, 1055, 4, 146.25, 0, 1, 0, 155161, 5, 1
1275242, 1241728452067, 1241728470298, 0, 0, 0, 0, 0, 0, 0, 0, 1, 
1275561, 1241732261574, 1241732363203, 0, 161, 1, 161, 0, 0, 0, 772113, 1, 
1276975, 1241726994240, 1241727002137, 0, 0, 0, 0, 0, 0, 0, 0, 1, 
1278376, 1241733313241, 1241733563203, 0, 0, 0, 0, 0, 0, 0, 0, 1, 
1279627, 1241728939426, 1241729387800, 0, 285, 2, 142.5, 0, 0, 0, 524637, 2, 
128025, 1241729383319, 1241729392365, 0, 0, 0, 0, 0, 0, 0, 233794, 2, 
1296070, 1241732767391, 1241733081952, 0, 0, 0, 0, 0, 0, 0, 0, 1, 
130244, , , 299.3, 0, 0, 0, 0, 3, 6, 237967, , 
130730, 1241729733171, 1241730438090, 0, 328, 2, 164, 0, 5, 0, 402642, 3, 5
1324545, 1241733849842, 1241733859985, 0, 0, 0, 0, 0, 0, 0, 0, 1, 
1324959, 1241734565444, , 0, 0, 0, 0, 0, 0, 0, 0, 1, 0
136366, 1241734407943, 1241734411245, 0, 0, 0, 0, 0, 0, 0, 0, 1, 
136892, 1241731952247, 1241733622411, 0, 0, 0, 0, 0, 1, 0, 367411, 2, 0
143538, , , 14.100000000000001, 0, 0, 0, 0, 2, 23, 1531, , 
148695, 1241730579703, 1241730823871, 0, 0, 0, 0, 306511, 8, 7, 10642, 10, 4
152142, 1241732531037, , 0, 1212, 8, 143.25, 0, 0, 0, 90041, 2, 0
153097, , , 140.1, 0, 0, 0, 0, 19, 0, 1062853, , 
154004, 1241733722645, 1241734163225, 0, 73, 1, 145, 561706, 10, 6, 90041, 4, 0
154238, 1241733970014, 1241734337072, 0, 234, 1, 234, 156489, 5, 4, 45129, 8, 2
155161, , , 105.50000000000001, 0, 0, 0, 0, 5, 1, 253373, , 
157713, 1241730232583, , 0, 722, 6, 93, 0, 0, 0, 58859, 1, 0
158630, , , 18.55, 0, 0, 0, 0, 5, 1, 304445, , 
159420, , , 67, 0, 0, 0, 0, 1, 6, 206649, , 
15975, 1241732319818, 1241732723226, 0, 167, 1, 81, 0, 0, 0, 0, 1, 
163914, , , 22, 0, 0, 0, 0, 2, 2, 227953, , 
165133, 1241732240169, 1241732483357, 0, 75, 1, 78, 0, 0, 0, 206908, 2, 0
166371, , , 101.85000000000001, 0, 0, 0, 0, 4, 12, 267622, , 
16719, 1241728685979, 1241728809290, 0, 0, 0, 0, 0, 2, 1, 17790, 5, 3
171513, 1241726329124, 1241726366848, 0, 0, 0, 0, 0, 10, 7, 170191, 12, 2
173329, , , 390.3, 0, 0, 0, 0, 4, 6, 344937, , 
174055, 1241734532174, , 0, 0, 0, 0, 0, 0, 0, 123244, 2, 1
179687, , , 29.6, 0, 0, 0, 0, 3, 2, 24525, , 
179801, 1241729879342, 1241729884700, 0, 0, 0, 0, 0, 0, 0, 336024, 3, 0
1802, 1241730325319, 1241733008531, 0, 3483, 10, 403.7, 995, 7, 2, 103144, 12, 2
180378, 1241728938576, 1241729305447, 0, 0, 0, 0, 0, 0, 0, 0, 1, 
181264, , , 113.95000000000002, 0, 0, 0, 0, 2, 3, 3812, , 
1892, 1241733790519, 1241734361431, 0, 187, 1, 256, 33511, 20, 6, 995, 12, 2
193978, , , 25.7, 0, 0, 0, 0, 4, 4, 196206, , 
195736, , , 77.75000000000001, 0, 0, 0, 0, 6, 27, 334835, , 
196206, , , 12.85, 0, 0, 0, 0, 4, 4, 157720, , 
196999, 1241732427669, 1241733035459, 0, 474, 4, 124, 0, 1, 0, 415271, 2, 
197371, 1241732752084, , 0, 1507, 8, 165.25, 0, 0, 0, 392522, 2, 0
199427, , , 403.8, 0, 0, 0, 0, 1, 5, 208602, , 
201981, 1241731847125, 1241733145660, 0, 0, 0, 0, 0, 0, 0, 0, 1, 
202350, 1241734249507, 1241734360965, 0, 0, 0, 0, 0, 0, 0, 0, 1, 
20260, , , 411.4, 0, 0, 0, 0, 18, 26, 12, , 
206148, , , 53.300000000000004, 0, 0, 0, 0, 1, 2, 1122449, , 
206908, , , 7.5, 0, 0, 0, 0, 1, 0, 337162, , 
208085, 1241729444263, 1241731523237, 0, 220, 1, 233, 0, 2, 0, 163914, 4, 0
208217, 1241734596330, , 0, 1996, 6, 366.8333333333333, 0, 2, 0, 1092321, 4, 0
208602, , , 201.9, 0, 0, 0, 0, 7, 8, 351626, , 
21067, 1241726320765, 1241726529105, 0, 0, 0, 0, 0, 2, 44, 302907, 8, 4
217283, 1241728561187, 1241732473326, 303.25000000000006, 1340, 5, 309.6, 532467, 61, 26, 57393, 12, 24
22279, 1241734560044, 1241734592354, 0, 2359, 9, 262.1111111111111, 0, 0, 0, 0, 3, 
22707, , , 120.30000000000001, 0, 0, 0, 0, 7, 15, 8842, , 
227953, , , 11, 0, 0, 0, 0, 3, 2, 320570, , 
237967, , , 149.65, 0, 0, 0, 0, 1, 3, 336228, , 
239111, 1241726970718, 1241727034184, 0, 0, 0, 0, 0, 1, 1, 439277, 3, 0
239981, , , 43.400000000000006, 0, 0, 0, 0, 1, 2, 209944, , 
241176, , , 25.15, 0, 0, 0, 0, 1, 3, 12770, , 
24525, , , 14.8, 0, 0, 0, 0, 5, 3, 316097, , 
247992, , , 16.400000000000002, 0, 0, 0, 0, 3, 4, 214539, , 
253373, , , 52.75000000000001, 0, 0, 0, 0, 2, 5, 212370, , 
258210, 1241729133250, 1241729689928, 0, 0, 0, 0, 0, 0, 0, 66262, 4, 0
258951, , , 370.05, 0, 0, 0, 0, 24, 11, 1265, , 
259344, , , 33.75, 0, 0, 0, 0, 23, 12, 143538, , 
269484, , , 203.70000000000002, 0, 0, 0, 0, 11, 0, 166371, , 
2796, 1241730226854, 1241730443254, 0, 282, 1, 310, 132449, 5, 1, 259344, 5, 3
295246, 1241729890566, 1241730094576, 0, 0, 0, 0, 83549, 1, 0, 159134, 4, 0
298666, , , 11.100000000000001, 0, 0, 0, 0, 7, 0, 259344, , 
314390, 1241733092724, 1241733443249, 0, 108, 1, 108, 0, 0, 0, 0, 1, 0
336228, , , 4.3, 0, 0, 0, 0, 10, 15, 307471, , 
336524, , , 155.50000000000003, 0, 0, 0, 0, 26, 0, 195736, , 
336620, 1241734398982, , 0, 0, 0, 0, 0, 0, 0, 0, 1, 0
336694, , , 7, 0, 0, 0, 0, 2, 0, 338481, , 
337162, , , 3.75, 0, 0, 0, 0, 2, 1, 174526, , 
338481, , , 3.5, 0, 0, 0, 0, 5, 2, 370695, , 
344937, , , 195.15, 0, 0, 0, 0, 11, 6, 251062, , 
3504, , , 64.80000000000001, 0, 0, 0, 0, 4, 0, 5842, , 
351430, , , 8.6, 0, 0, 0, 0, 14, 0, 336228, , 
351598, , , 382.35, 0, 0, 0, 0, 1, 32, 359624, , 
35568, , , 99.8, 0, 0, 0, 0, 1, 29, 258951, , 
355945, 1241733092315, 1241733096388, 0, 0, 0, 0, 0, 0, 0, 403501, 3, 0
359624, , , 180.65000000000003, 0, 0, 0, 0, 4, 1, 201132, , 
365721, 1241728734725, 1241729543204, 0, 329, 3, 113, 0, 0, 0, 423714, 3, 1
3812, , , 50.45, 0, 0, 0, 0, 1, 2, 65584, , 
383249, 1241733997095, , 0, 257, 2, 118, 0, 4, 1, 193978, 5, 1
39171, , , 16.450000000000003, 0, 0, 0, 0, 8, 1, 102770, , 
39180, 1241730653176, 1241730751859, 0, 0, 0, 0, 0, 7, 15, 68619, 7, 1
392522, 1241734588343, , 150.70000000000002, 933, 7, 101.28571428571429, 0, 1, 0, 217283, 1, 0
396113, , , 297.8000000000001, 0, 0, 0, 0, 2, 10, 44987, , 
397835, , , 16.8, 0, 0, 0, 0, 5, 35, 47379, , 
39986, 1241727330013, 1241727340598, 0, 0, 0, 0, 0, 0, 0, 0, 1, 
402642, , , 32.800000000000004, 0, 0, 0, 0, 4, 5, 247992, , 
40275, 1241727619322, 1241728430940, 0, 3903, 5, 866.8, 5842, 6, 0, 173329, 12, 6
415271, , , 47.400000000000006, 0, 0, 0, 0, 11, 1, 66689, , 
420097, , , 37.1, 0, 0, 0, 0, 1, 0, 158630, , 
421572, 1241733760248, , 0, 111, 1, 63, 0, 0, 0, 298666, 2, 0
423714, , , 32.900000000000006, 0, 0, 0, 0, 1, 0, 1043, , 
432820, 1241729500346, 1241731394817, 26.1, 1009, 5, 159.2, 0, 3, 1, 181264, 6, 2
43386, 1241731085627, 1241732815545, 0, 2993, 8, 556.625, 106210, 6, 4, 130244, 8, 6
447249, 1241732795411, 1241733560698, 0, 4038, 7, 670, 10642, 5, 4, 199427, 15, 2
44987, , , 130.85000000000002, 0, 0, 0, 0, 2, 5, 12770, , 
45129, , , 23.400000000000002, 0, 0, 0, 0, 7, 5, 66842, , 
452296, , , 8.9, 0, 0, 0, 0, 1, 1, 103144, , 
502119, 1241733504759, , 41.800000000000004, 911, 4, 249, 520359, 11, 14, 22707, 10, 2
503425, 1241731824944, 1241731847764, 0, 0, 0, 0, 430717, 0, 0, 39171, 4, 0
510740, , , 8.05, 0, 0, 0, 0, 70, 12, 534632, , 
524637, , , 28.5, 0, 0, 0, 0, 1, 0, 83320, , 
533, 1241727207642, 1241727642850, 0, 1530, 3, 510, 535, 10, 11, 20260, 14, 2
537110, 1241728953865, 1241729098998, 0, 0, 0, 0, 0, 0, 0, 171151, 1, 0
541655, , , 83.65, 0, 0, 0, 0, 1, 21, 126451, , 
54776, 1241730261370, 1241732521468, 0, 5168, 10, 611, 1062, 77, 33, 89757, 15, 3
54786, 1241730078541, 1241732192887, 0, 261, 2, 116.5, 0, 0, 0, 432820, 1, 
55009, 1241730974282, 1241731246624, 0, 0, 0, 0, 0, 1, 3, 309096, 4, 0
552702, , , 31.8, 0, 0, 0, 0, 5, 7, 92894, , 
555728, 1241730081556, 1241731711599, 0, 868, 2, 282, 828191, 16, 10, 1101, 4, 0
57393, , , 247.95, 0, 0, 0, 0, 6, 65, 159420, , 
58022, 1241734600519, , 0, 0, 0, 0, 0, 4, 5, 175065, 4, 0
5842, , , 32.400000000000006, 0, 0, 0, 0, 2, 8, 344937, , 
58429, 1241731798946, 1241732719160, 0, 421, 4, 105.25, 0, 7, 5, 10642, 4, 
58859, 1241727340736, 1241731523240, 72.20000000000002, 2617, 9, 365.77777777777777, 43017, 10, 8, 396113, 14, 2
59909, 1241734153709, , 0, 49, 1, 97, 0, 0, 0, 0, 1, 0
609643, 1241733693448, 1241734344500, 0, 497, 4, 105.75, 0, 1, 0, 217283, 3, 
61045, , , 39.800000000000004, 0, 0, 0, 0, 7, 7, 74372, , 
616045, 1241732139698, 1241732351088, 0, 0, 0, 0, 0, 0, 0, 162782, 1, 
61609, , , 16.6, 0, 0, 0, 0, 4, 0, 22707, , 
624632, 1241727617066, 1241727863426, 0, 0, 0, 0, 0, 0, 0, 505544, 2, 
62783, 1241729004648, 1241729363197, 0, 796, 4, 163.75, 0, 0, 0, 86926, 4, 0
63415, 1241730130044, , 0, 1673, 6, 298.3333333333333, 0, 10, 1, 8938, 5, 2
638292, 1241733600353, 1241733791137, 0, 98, 1, 98, 0, 0, 0, 0, 1, 
66689, , , 23.700000000000003, 0, 0, 0, 0, 4, 11, 124585, , 
66842, , , 11.700000000000001, 0, 0, 0, 0, 1, 7, 153510, , 
67841, 1241734176672, 1241734456540, 0, 0, 0, 0, 0, 0, 0, 0, 1, 
68523, 1241730528439, 1241731997534, 0, 86, 1, 86, 0, 0, 0, 351430, 2, 
703094, 1241728180905, 1241729197528, 0, 0, 0, 0, 0, 0, 0, 53030, 3, 
70997, , , 33.6, 0, 0, 0, 0, 35, 1, 397835, , 
713, 1241733900201, 1241733909701, 957.9000000000001, 0, 0, 0, 1265, 11, 78, 12, 19, 6
71724, 1241728710261, 1241728784500, 0, 0, 0, 0, 3200, 22, 6, 94103, 12, 4
74412, 1241728529516, 1241729603199, 0, 329, 3, 132.33333333333334, 171193, 0, 0, 102613, 4, 0
746079, 1241730274535, 1241730283681, 0, 0, 0, 0, 0, 0, 0, 0, 1, 
764326, 1241733774361, 1241734039878, 0, 0, 0, 0, 0, 0, 0, 140986, 1, 
76572, 1241733566132, , 0, 296, 2, 148, 0, 1, 0, 179687, 3, 0
77, 1241730864849, 1241731166268, 0, 0, 0, 0, 171151, 11, 2, 12770, 14, 2
772113, , , 16.1, 0, 0, 0, 0, 1, 0, 510740, , 
802319, , , 8.3, 0, 0, 0, 0, 2, 6, 773108, , 
81454, 1241733502465, 1241733623198, 0, 0, 0, 0, 0, 0, 0, 0, 1, 
81899, , , 16.6, 0, 0, 0, 0, 6, 12, 802319, , 
83320, , , 14.25, 0, 0, 0, 0, 4, 1, 96838, , 
83621, 1241732209581, 1241732613917, 0, 503, 2, 359.5, 0, 0, 0, 112953, 4, 0
84076, 1241730295051, 1241731661511, 0, 772, 5, 113.2, 0, 0, 0, 217283, 1, 
86926, , , 79.60000000000001, 0, 0, 0, 0, 7, 0, 61045, , 
8842, , , 45.55, 0, 0, 0, 0, 12, 9, 1531, , 
8938, , , 167.3, 0, 0, 0, 0, 21, 10, 541655, , 
89757, , , 516.8000000000001, 0, 0, 0, 0, 3, 77, 20260, , 
90041, 1241731492673, 1241734583215, 128.5, 3058, 8, 434.875, 175933, 10, 10, 258951, 12, 14
913044, 1241729487285, 1241730023242, 0, 173, 1, 100, 0, 0, 0, 217283, 1, 
926905, 1241734177053, , 0, 0, 0, 0, 0, 0, 0, 438751, 3, 0
92894, , , 15.9, 0, 0, 0, 0, 1, 5, 106082, , 
93412, 1241732069685, 1241732749152, 0, 371, 3, 122.33333333333333, 0, 0, 0, 420097, 3, 0
967846, 1241729113421, 1241729123858, 0, 0, 0, 0, 0, 0, 0, 0, 1, 
98240, 1241728050714, 1241728105758, 0, 0, 0, 0, 0, 0, 0, 0, 1, 0
982699, 1241729521544, 1241729537430, 0, 0, 0, 0, 0, 0, 0, 0, 1, 
985962, 1241727345135, 1241728078910, 0, 0, 0, 0, 0, 0, 0, 0, 1, 
995, , , 18.7, 0, 0, 0, 0, 13, 20, 12, , 
<<<<EndTable

PlayersOnlineNow=20
PlayersOnlineEachMinute=0, 1, 2, 3, 2, 2, 3, 3, 3, 4, 3, 3, 3, 4, 3, 3, 4, 5, 4, 7, 7, 8, 8, 9, 9, 9, 9, 9, 8, 7, 8, 9, 7, 7, 6, 6, 6, 6, 7, 7, 8, 9, 11, 11, 10, 10, 14, 15, 17, 15, 14, 15, 15, 15, 15, 16, 15, 14, 14, 14, 14, 14, 15, 15, 14, 14, 15, 15, 18, 21, 21, 19, 19, 19, 19, 20, 19, 20, 20, 20, 22, 20, 22, 21, 20, 19, 20, 19, 21, 22, 21, 20, 19, 17, 20, 18, 17, 16, 18, 19, 17, 20, 22, 23, 23, 21, 21, 20, 20, 20, 17, 16, 15, 15, 16, 16, 14, 15, 17, 16, 17, 18, 20, 19, 18, 17, 19, 20, 19, 18, 21, 20, 19, 20, 21, 21, 16, 19, 16, 18
PlayersInEachFeedingGame=1, 1, 1, 1, 1, 1, 1, 2, 1, 2, 2, 2, 2, 1, 1, 2, 2, 2, 1, 2, 2, 2, 1, 2, 1, 2, 2, 1, 2, 2, 2, 2, 2, 1, 1, 1, 1, 1, 2, 2, 1, 2, 2, 2, 2, 1, 1, 2, 2, 2, 1, 1, 2, 2, 2, 2, 2, 2, 2, 2, 2, 2, 1, 2, 1, 2, 1, 1, 4, 1, 1, 2, 1, 1, 3, 1, 2, 1, 2, 1, 2, 2, 1, 2, 1, 1, 1, 2, 2, 1, 2, 1, 1, 1, 1, 2, 2, 1, 2, 1, 2, 1, 1, 2, 1, 1, 1, 1, 1, 1, 1, 1, 2, 2, 1, 2, 1, 1, 2, 1, 1, 2, 1, 1, 1, 2, 2, 1, 2, 2, 2
PlayersStarted=196
PlayersQuit=176
StatsStartTime=1241726206709
StatsDumpTime=1241734607166
<<<<EndStats
2009-05-07 15:16:59,648 ERROR: vampire.server.feeding.FeedingRecord sendPlayerStartGameMsg [playerId=127073, prey=false, _predatorIndex=]
2009-05-07 15:17:26,419 ERROR: vampire.server.feeding.FeedingRecord sendPlayerStartGameMsg [playerId=174055, prey=false, _predatorIndex=]
2009-05-07 15:18:03,297 ERROR: vampire.server.feeding.FeedingRecord sendPlayerStartGameMsg [playerId=22279, prey=true, _predatorIndex=]
2009-05-07 15:18:03,298 ERROR: vampire.server.feeding.FeedingRecord sendPlayerStartGameMsg [playerId=392522, prey=false, _predatorIndex=]
2009-05-07 15:18:15,425 ERROR: vampire.server.feeding.FeedingRecord sendPlayerStartGameMsg [playerId=152142, prey=false, _predatorIndex=392522]
2009-05-07 15:18:34,121 ERROR: vampire.server.feeding.FeedingRecord sendPlayerStartGameMsg [playerId=197371, prey=false, _predatorIndex=]
Error! Your code is broken! Unable to call a host method, perhaps you've been shut down? [msg=Room not in game [roomId=717744], trace=Error: Room not in game [roomId=717744]
	at com.threerings.msoy.avrg.client::ThaneAVRGameController/getRoomProps()[/export/bamboo/bamboo-home/xml-data/build-dir/WHIRLED-PROD/src/as/com/threerings/msoy/avrg/client/ThaneAVRGameController.as:182]
	at com.threerings.msoy.avrg.client::ThaneAVRGameBackend/room_sendMessage_v1()[/export/bamboo/bamboo-home/xml-data/build-dir/WHIRLED-PROD/src/as/com/threerings/msoy/avrg/client/ThaneAVRGameBackend.as:540]
	at Function/http://adobe.com/AS3/2006/builtin::apply()
	at com.whirled::AbstractControl/callHostCode()
	at Function/http://adobe.com/AS3/2006/builtin::apply()
	at com.whirled::AbstractSubControl/callHostCode()
	at Function/http://adobe.com/AS3/2006/builtin::apply()
	at com.whirled::TargetedSubControl/callHostCode()
	at com.whirled.avrg::RoomSubControlServer/sendMessage()
	at vampire.feeding.server::ServerCtx/sendMessage()
	at vampire.feeding.server::ServerGameMode/onTimeOver()
	at flash.events::EventDispatcher/dispatchEvent()
	at flash.utils::Timer/expire()
	at flash.utils::Timer$/heartbeat()
	at Thane$/heartbeat()
	at Thane$/heartbeat()].
2009-05-07 15:20:14,919 ERROR: vampire.server.feeding.FeedingRecord sendPlayerStartGameMsg [playerId=59909, prey=true, _predatorIndex=]
2009-05-07 15:20:14,919 ERROR: vampire.server.feeding.FeedingRecord sendPlayerStartGameMsg [playerId=174055, prey=false, _predatorIndex=]
2009-05-07 15:20:22,646 ERROR: vampire.server.feeding.FeedingRecord sendPlayerStartGameMsg [playerId=208217, prey=false, _predatorIndex=]
2009-05-07 15:20:23,414 ERROR: vampire.server.feeding.FeedingRecord sendPlayerStartGameMsg [playerId=282780, prey=false, _predatorIndex=174055]
2009-05-07 15:20:44,552 ERROR: vampire.server.feeding.FeedingRecord sendPlayerStartGameMsg [playerId=282780, prey=false, _predatorIndex=]
2009-05-07 15:21:08,016 ERROR: vampire.server.feeding.FeedingRecord sendPlayerStartGameMsg [playerId=502119, prey=true, _predatorIndex=]
2009-05-07 15:21:08,016 ERROR: vampire.server.feeding.FeedingRecord sendPlayerStartGameMsg [playerId=383249, prey=false, _predatorIndex=]
2009-05-07 15:21:19,459 ERROR: vampire.server.feeding.FeedingRecord sendPlayerStartGameMsg [playerId=197371, prey=false, _predatorIndex=174055,282780]
2009-05-07 15:21:50,629 ERROR: vampire.server.feeding.FeedingRecord sendPlayerStartGameMsg [playerId=282780, prey=false, _predatorIndex=]
2009-05-07 15:22:04,351 ERROR: vampire.server.feeding.FeedingRecord sendPlayerStartGameMsg [playerId=197371, prey=false, _predatorIndex=]
Error! Your code is broken! Unable to call a host method, perhaps you've been shut down? [msg=Room not in game [roomId=1], trace=Error: Room not in game [roomId=1]
	at com.threerings.msoy.avrg.client::ThaneAVRGameController/getRoomProps()[/export/bamboo/bamboo-home/xml-data/build-dir/WHIRLED-PROD/src/as/com/threerings/msoy/avrg/client/ThaneAVRGameController.as:182]
	at com.threerings.msoy.avrg.client::ThaneAVRGameBackend/room_sendMessage_v1()[/export/bamboo/bamboo-home/xml-data/build-dir/WHIRLED-PROD/src/as/com/threerings/msoy/avrg/client/ThaneAVRGameBackend.as:540]
	at Function/http://adobe.com/AS3/2006/builtin::apply()
	at com.whirled::AbstractControl/callHostCode()
	at Function/http://adobe.com/AS3/2006/builtin::apply()
	at com.whirled::AbstractSubControl/callHostCode()
	at Function/http://adobe.com/AS3/2006/builtin::apply()
	at com.whirled::TargetedSubControl/callHostCode()
	at com.whirled.avrg::RoomSubControlServer/sendMessage()
	at vampire.feeding.server::ServerCtx/sendMessage()
	at vampire.feeding.server::ServerGameMode/onTimeOver()
	at flash.events::EventDispatcher/dispatchEvent()
	at flash.utils::Timer/expire()
	at flash.utils::Timer$/heartbeat()
	at Thane$/heartbeat()
	at Thane$/heartbeat()].
2009-05-07 15:22:26,108 ERROR: vampire.server.feeding.FeedingRecord sendPlayerStartGameMsg [playerId=63415, prey=false, _predatorIndex=]
2009-05-07 15:23:11,335 ERROR: vampire.server.feeding.FeedingRecord sendPlayerStartGameMsg [playerId=392522, prey=true, _predatorIndex=]
2009-05-07 15:23:11,336 ERROR: vampire.server.feeding.FeedingRecord sendPlayerStartGameMsg [playerId=157713, prey=false, _predatorIndex=]
2009-05-07 15:23:40,062 ERROR: vampire.server.feeding.FeedingRecord sendPlayerStartGameMsg [playerId=174055, prey=true, _predatorIndex=]
2009-05-07 15:23:40,063 ERROR: vampire.server.feeding.FeedingRecord sendPlayerStartGameMsg [playerId=134428, prey=false, _predatorIndex=]
2009-05-07 15:24:03,574 ERROR: vampire.server.feeding.FeedingRecord sendPlayerStartGameMsg [playerId=1110327, prey=false, _predatorIndex=157713]
2009-05-07 15:24:12,088 ERROR: vampire.server.feeding.FeedingRecord sendPlayerStartGameMsg [playerId=1273588, prey=true, _predatorIndex=]
2009-05-07 15:24:12,089 ERROR: vampire.server.feeding.FeedingRecord sendPlayerStartGameMsg [playerId=1110327, prey=false, _predatorIndex=]
2009-05-07 15:24:24,219 ERROR: vampire.server.feeding.FeedingRecord sendPlayerStartGameMsg [playerId=197371, prey=false, _predatorIndex=]
2009-05-07 15:25:32,180 ERROR: vampire.server.feeding.FeedingRecord sendPlayerStartGameMsg [playerId=197371, prey=false, _predatorIndex=]
2009-05-07 15:26:03,096 ERROR: vampire.server.feeding.FeedingRecord sendPlayerStartGameMsg [playerId=134428, prey=false, _predatorIndex=]
2009-05-07 15:26:26,077 ERROR: vampire.server.feeding.FeedingRecord sendPlayerStartGameMsg [playerId=1324959, prey=false, _predatorIndex=]
2009-05-07 15:26:36,963 ERROR: vampire.server.feeding.FeedingRecord sendPlayerStartGameMsg [playerId=336620, prey=true, _predatorIndex=]
2009-05-07 15:26:36,964 ERROR: vampire.server.feeding.FeedingRecord sendPlayerStartGameMsg [playerId=157713, prey=false, _predatorIndex=]
2009-05-07 15:26:42,590 ERROR: vampire.server.feeding.FeedingRecord sendPlayerStartGameMsg [playerId=383249, prey=true, _predatorIndex=]
2009-05-07 15:26:42,591 ERROR: vampire.server.feeding.FeedingRecord sendPlayerStartGameMsg [playerId=53030, prey=false, _predatorIndex=]

>>>>BeginStats

>>>>BeginTable
PlayerId, StartTime, EndTime, ProgenyPayout, XPFromFeeding, FeedingGames, MeanFeedingScore, BloodBond, Progeny, GrandProgeny, Sire, Level, Invites
1005664, 1241734296210, 1241734763209, 0, 70, 1, 22, 0, 0, 0, 336694, 1, 
100849, 1241729179138, 1241729197995, 0, 0, 0, 0, 0, 0, 0, 0, 1, 0
101052, 1241726208782, 1241726417041, 0, 318, 1, 318, 336524, 7, 1, 552702, 7, 2
1016090, 1241733084060, , 0, 0, 0, 0, 0, 0, 0, 0, 1, 0
1023833, 1241726575164, 1241726671724, 0, 0, 0, 0, 0, 0, 0, 0, 1, 
10260, 1241727433949, 1241728129259, 0, 820, 2, 348, 8527, 10, 9, 713, 15, 2
102613, , , 32.900000000000006, 0, 0, 0, 0, 1, 0, 39171, , 
103033, 1241734808780, , 0, 166, 1, 188, 767143, 12, 14, 81899, 6, 1
103144, , , 348.30000000000007, 0, 0, 0, 0, 5, 8, 116005, , 
1031623, 1241730783205, 1241730859986, 0, 52, 1, 104, 1011089, 0, 0, 1261178, 4, 
1032421, 1241730767727, 1241731955241, 0, 0, 0, 0, 0, 8, 1, 990799, 7, 1
1043, , , 16.450000000000003, 0, 0, 0, 0, 1, 1, 12, , 
1053441, 1241729359605, 1241729725220, 0, 0, 0, 0, 0, 0, 0, 124457, 1, 
1062, 1241727135335, 1241729483203, 0, 8759, 13, 572.3846153846154, 54776, 11, 7, 713, 16, 2
1062853, , , 70.05, 0, 0, 0, 0, 9, 19, 1124214, , 
10642, 1241729053383, 1241732761623, 42.1, 3613, 6, 568.3333333333334, 447249, 32, 46, 351598, 15, 2
1092321, , , 199.6, 0, 0, 0, 0, 29, 4, 35568, , 
109238, 1241734510797, 1241734734552, 0, 307, 1, 114, 0, 0, 0, 592692, 2, 
1101, , , 86.80000000000001, 0, 0, 0, 0, 2, 16, 239981, , 
1109257, 1241731543094, 1241731548599, 0, 0, 0, 0, 0, 0, 0, 0, 1, 
1110327, 1241734994222, , 0, 1684, 10, 163.2, 0, 0, 0, 336524, 2, 0
1110484, 1241727317513, 1241727932459, 0, 1401, 4, 382.25, 153097, 0, 0, 153097, 4, 
1114950, 1241734387246, 1241734467315, 0, 0, 0, 0, 0, 0, 0, 217283, 1, 
1122449, , , 26.650000000000002, 0, 0, 0, 0, 10, 7, 555728, , 
1124126, 1241727372598, 1241727380351, 0, 0, 0, 0, 0, 0, 0, 771625, 1, 
112953, , , 50.3, 0, 0, 0, 0, 3, 7, 241176, , 
1138221, 1241730748629, 1241732754587, 0, 2037, 6, 186.66666666666666, 1283799, 0, 0, 269484, 4, 
1152211, , , 17.8, 0, 0, 0, 0, 1, 3, 452296, , 
1152360, 1241734857903, 1241735082627, 0, 336, 1, 206, 0, 0, 0, 70997, 4, 
1155409, , , 2.6, 0, 0, 0, 0, 1, 6, 674637, , 
115917, 1241728619158, 1241730829796, 0, 648, 3, 122, 0, 0, 0, 3504, 3, 0
116005, , , 174.15000000000003, 0, 0, 0, 0, 6, 5, 130627, , 
1162172, 1241735036825, , 0, 0, 0, 0, 1181188, 0, 0, 835426, 3, 0
1168169, 1241733209982, 1241733919685, 0, 0, 0, 0, 0, 0, 0, 0, 1, 
1178289, 1241732483912, 1241733005094, 0, 390, 3, 134.66666666666666, 0, 0, 0, 0, 1, 
118975, 1241733468056, 1241733664514, 0, 0, 0, 0, 0, 1, 1, 160138, 12, 2
12, , , 564.8000000000001, 0, 0, 0, 0, 20, 57, 383387, , 
1214279, 1241733428523, 1241734250536, 0, 178, 2, 104, 0, 3, 0, 1152211, 3, 
1217415, 1241731457617, 1241732201410, 0, 0, 0, 0, 0, 0, 0, 0, 1, 
1227346, 1241732798136, 1241732903235, 0, 0, 0, 0, 0, 0, 0, 0, 1, 
122823, 1241735149012, 1241735180288, 0, 166, 1, 144, 0, 0, 0, 61609, 2, 0
1231039, 1241730866120, 1241731304214, 0, 125, 1, 125, 0, 0, 0, 0, 1, 
123244, , , 50.9, 0, 0, 0, 0, 1, 1, 123662, , 
123662, , , 22.5, 0, 0, 0, 0, 8, 1, 167153, , 
1251906, 1241728991657, 1241729011995, 0, 0, 0, 0, 0, 0, 0, 162239, 2, 
125207, 1241733260561, 1241733320724, 0, 0, 0, 0, 273503, 1, 0, 544643, 4, 0
1254726, 1241728951725, 1241730580791, 0, 418, 2, 125.5, 1111604, 0, 0, 502119, 3, 
1255618, 1241727553683, 1241728163230, 0, 533, 3, 116.66666666666667, 0, 2, 0, 206148, 3, 
1261178, , , 5.2, 0, 0, 0, 0, 6, 0, 1155409, , 
1265, , , 152.90000000000003, 0, 0, 0, 0, 2, 30, 12, , 
127073, 1241734205371, , 0, 1055, 4, 146.25, 0, 1, 0, 155161, 5, 1
1273588, 1241735017359, , 0, 129, 1, 85, 0, 0, 0, 0, 1, 0
1275242, 1241728452067, 1241728470298, 0, 0, 0, 0, 0, 0, 0, 0, 1, 
1275561, 1241732261574, 1241732363203, 0, 161, 1, 161, 0, 0, 0, 772113, 1, 
1276975, 1241726994240, 1241727002137, 0, 0, 0, 0, 0, 0, 0, 0, 1, 
1278376, 1241733313241, 1241733563203, 0, 0, 0, 0, 0, 0, 0, 0, 1, 
1279627, 1241728939426, 1241729387800, 0, 285, 2, 142.5, 0, 0, 0, 524637, 2, 
128025, 1241729383319, 1241729392365, 0, 0, 0, 0, 0, 0, 0, 233794, 2, 
1296070, 1241732767391, 1241733081952, 0, 0, 0, 0, 0, 0, 0, 0, 1, 
130244, , , 299.3, 0, 0, 0, 0, 3, 6, 237967, , 
130730, 1241729733171, 1241730438090, 0, 328, 2, 164, 0, 5, 0, 402642, 3, 5
1324545, 1241733849842, 1241733859985, 0, 0, 0, 0, 0, 0, 0, 0, 1, 
1324959, 1241735169044, , 0, 0, 0, 0, 0, 0, 0, 0, 1, 0
134428, 1241734977435, , 0, 118, 1, 119, 0, 0, 0, 174055, 1, 0
136366, 1241734407943, 1241734411245, 0, 0, 0, 0, 0, 0, 0, 0, 1, 
136892, 1241731952247, 1241733622411, 0, 0, 0, 0, 0, 1, 0, 367411, 2, 0
143538, , , 14.100000000000001, 0, 0, 0, 0, 2, 23, 1531, , 
148695, 1241730579703, 1241730823871, 0, 0, 0, 0, 306511, 8, 7, 10642, 10, 4
152142, 1241732531037, , 0, 2140, 12, 153.25, 0, 0, 0, 90041, 2, 0
153097, , , 140.1, 0, 0, 0, 0, 19, 0, 1062853, , 
154004, 1241733722645, 1241734163225, 0, 73, 1, 145, 561706, 10, 6, 90041, 4, 0
154238, 1241733970014, 1241734337072, 0, 234, 1, 234, 156489, 5, 4, 45129, 8, 2
155161, , , 105.50000000000001, 0, 0, 0, 0, 5, 1, 253373, , 
157713, 1241730232583, , 0, 968, 8, 96.625, 0, 0, 0, 58859, 1, 0
158630, , , 18.55, 0, 0, 0, 0, 5, 1, 304445, , 
159420, , , 67, 0, 0, 0, 0, 1, 6, 206649, , 
15975, 1241732319818, 1241732723226, 0, 167, 1, 81, 0, 0, 0, 0, 1, 
163914, , , 22, 0, 0, 0, 0, 2, 2, 227953, , 
165133, 1241732240169, 1241732483357, 0, 75, 1, 78, 0, 0, 0, 206908, 2, 0
166371, , , 101.85000000000001, 0, 0, 0, 0, 4, 12, 267622, , 
16719, 1241728685979, 1241728809290, 0, 0, 0, 0, 0, 2, 1, 17790, 5, 3
171513, 1241726329124, 1241726366848, 0, 0, 0, 0, 0, 10, 7, 170191, 12, 2
173329, , , 390.3, 0, 0, 0, 0, 4, 6, 344937, , 
174055, 1241734532174, , 11.8, 450, 3, 134.33333333333334, 0, 1, 0, 123244, 2, 1
179687, , , 29.6, 0, 0, 0, 0, 3, 2, 24525, , 
179801, 1241729879342, 1241729884700, 0, 0, 0, 0, 0, 0, 0, 336024, 3, 0
1802, 1241730325319, 1241733008531, 0, 3483, 10, 403.7, 995, 7, 2, 103144, 12, 2
180378, 1241728938576, 1241729305447, 0, 0, 0, 0, 0, 0, 0, 0, 1, 
181264, , , 113.95000000000002, 0, 0, 0, 0, 2, 3, 3812, , 
1892, 1241733790519, 1241734361431, 0, 187, 1, 256, 33511, 20, 6, 995, 12, 2
193978, , , 67.2, 0, 0, 0, 0, 4, 4, 196206, , 
195736, , , 84.20000000000002, 0, 0, 0, 0, 6, 27, 334835, , 
196206, , , 33.6, 0, 0, 0, 0, 4, 4, 157720, , 
196999, 1241732427669, 1241733035459, 0, 474, 4, 124, 0, 1, 0, 415271, 2, 
197371, 1241732752084, , 0, 1907, 11, 156.54545454545453, 0, 0, 0, 392522, 2, 0
199427, , , 403.8, 0, 0, 0, 0, 1, 5, 208602, , 
201981, 1241731847125, 1241733145660, 0, 0, 0, 0, 0, 0, 0, 0, 1, 
202350, 1241734249507, 1241734360965, 0, 0, 0, 0, 0, 0, 0, 0, 1, 
20260, , , 411.4, 0, 0, 0, 0, 18, 26, 12, , 
203309, 1241734818377, 1241734829982, 0, 0, 0, 0, 0, 0, 0, 68172, 2, 0
206148, , , 53.300000000000004, 0, 0, 0, 0, 1, 2, 1122449, , 
206908, , , 7.5, 0, 0, 0, 0, 1, 0, 337162, , 
208085, 1241729444263, 1241731523237, 0, 220, 1, 233, 0, 2, 0, 163914, 4, 0
208217, 1241734596330, 1241734943189, 0, 1996, 6, 366.8333333333333, 0, 2, 0, 1092321, 4, 
208602, , , 201.9, 0, 0, 0, 0, 7, 8, 351626, , 
21067, 1241726320765, 1241726529105, 0, 0, 0, 0, 0, 2, 44, 302907, 8, 4
217283, 1241728561187, 1241732473326, 348.05000000000007, 1340, 5, 309.6, 532467, 61, 26, 57393, 12, 24
22279, 1241734636731, , 0, 3289, 13, 274.53846153846155, 0, 0, 0, 0, 3, 0
22707, , , 170.4, 0, 0, 0, 0, 7, 15, 8842, , 
227953, , , 11, 0, 0, 0, 0, 3, 2, 320570, , 
237967, , , 149.65, 0, 0, 0, 0, 1, 3, 336228, , 
239111, 1241726970718, 1241727034184, 0, 0, 0, 0, 0, 1, 1, 439277, 3, 0
239981, , , 43.400000000000006, 0, 0, 0, 0, 1, 2, 209944, , 
241176, , , 25.15, 0, 0, 0, 0, 1, 3, 12770, , 
24525, , , 14.8, 0, 0, 0, 0, 5, 3, 316097, , 
247992, , , 16.400000000000002, 0, 0, 0, 0, 3, 4, 214539, , 
253373, , , 52.75000000000001, 0, 0, 0, 0, 2, 5, 212370, , 
258210, 1241729133250, 1241729689928, 0, 0, 0, 0, 0, 0, 0, 66262, 4, 0
258951, , , 416.45, 0, 0, 0, 0, 24, 11, 1265, , 
259344, , , 33.75, 0, 0, 0, 0, 23, 12, 143538, , 
269484, , , 203.70000000000002, 0, 0, 0, 0, 11, 0, 166371, , 
2796, 1241730226854, 1241730443254, 0, 282, 1, 310, 132449, 5, 1, 259344, 5, 3
282780, 1241734704311, , 0, 0, 0, 0, 0, 0, 0, 0, 1, 0
283305, , , 15.350000000000001, 0, 0, 0, 0, 3, 10, 497122, , 
295246, 1241729890566, 1241730094576, 0, 0, 0, 0, 83549, 1, 0, 159134, 4, 0
298666, , , 11.100000000000001, 0, 0, 0, 0, 7, 0, 259344, , 
314390, 1241733092724, 1241733443249, 0, 108, 1, 108, 0, 0, 0, 0, 1, 0
336228, , , 4.3, 0, 0, 0, 0, 10, 15, 307471, , 
336524, , , 168.40000000000003, 0, 0, 0, 0, 26, 0, 195736, , 
336620, 1241734398982, , 0, 0, 0, 0, 0, 0, 0, 0, 1, 0
336694, , , 7, 0, 0, 0, 0, 2, 0, 338481, , 
337162, , , 3.75, 0, 0, 0, 0, 2, 1, 174526, , 
338481, , , 3.5, 0, 0, 0, 0, 5, 2, 370695, , 
344937, , , 195.15, 0, 0, 0, 0, 11, 6, 251062, , 
3504, , , 64.80000000000001, 0, 0, 0, 0, 4, 0, 5842, , 
351430, , , 8.6, 0, 0, 0, 0, 14, 0, 336228, , 
351598, , , 382.35, 0, 0, 0, 0, 1, 32, 359624, , 
35568, , , 99.8, 0, 0, 0, 0, 1, 29, 258951, , 
355945, 1241733092315, 1241733096388, 0, 0, 0, 0, 0, 0, 0, 403501, 3, 0
359624, , , 180.65000000000003, 0, 0, 0, 0, 4, 1, 201132, , 
365721, 1241728734725, 1241729543204, 0, 329, 3, 113, 0, 0, 0, 423714, 3, 1
3812, , , 50.45, 0, 0, 0, 0, 1, 2, 65584, , 
383249, 1241733997095, , 0, 672, 4, 129.25, 0, 4, 1, 193978, 5, 1
39171, , , 16.450000000000003, 0, 0, 0, 0, 8, 1, 102770, , 
39180, 1241730653176, 1241730751859, 0, 0, 0, 0, 0, 7, 15, 68619, 7, 1
392522, 1241734588343, , 190.70000000000002, 1181, 9, 104.55555555555556, 0, 1, 0, 217283, 2, 0
396113, , , 310.10000000000014, 0, 0, 0, 0, 2, 10, 44987, , 
397835, , , 16.8, 0, 0, 0, 0, 5, 35, 47379, , 
39986, 1241727330013, 1241727340598, 0, 0, 0, 0, 0, 0, 0, 0, 1, 
402642, , , 32.800000000000004, 0, 0, 0, 0, 4, 5, 247992, , 
40275, 1241727619322, 1241728430940, 0, 3903, 5, 866.8, 5842, 6, 0, 173329, 12, 6
415271, , , 47.400000000000006, 0, 0, 0, 0, 11, 1, 66689, , 
420097, , , 37.1, 0, 0, 0, 0, 1, 0, 158630, , 
421572, 1241733760248, , 0, 111, 1, 63, 0, 0, 0, 298666, 2, 0
423714, , , 32.900000000000006, 0, 0, 0, 0, 1, 0, 1043, , 
432820, 1241729500346, 1241731394817, 26.1, 1009, 5, 159.2, 0, 3, 1, 181264, 6, 2
43386, 1241731085627, 1241732815545, 0, 2993, 8, 556.625, 106210, 6, 4, 130244, 8, 6
447249, 1241732795411, 1241733560698, 0, 4038, 7, 670, 10642, 5, 4, 199427, 15, 2
44987, , , 130.85000000000002, 0, 0, 0, 0, 2, 5, 12770, , 
45129, , , 23.400000000000002, 0, 0, 0, 0, 7, 5, 66842, , 
452296, , , 8.9, 0, 0, 0, 0, 1, 1, 103144, , 
502119, 1241733504759, , 41.800000000000004, 1412, 6, 286.5, 520359, 11, 14, 22707, 10, 2
503425, 1241731824944, 1241731847764, 0, 0, 0, 0, 430717, 0, 0, 39171, 4, 0
510740, , , 8.05, 0, 0, 0, 0, 70, 12, 534632, , 
524637, , , 28.5, 0, 0, 0, 0, 1, 0, 83320, , 
53030, 1241735173698, , 0, 0, 0, 0, 1092321, 10, 6, 122907, 14, 3
533, 1241727207642, 1241727642850, 0, 1530, 3, 510, 535, 10, 11, 20260, 14, 2
537110, 1241728953865, 1241729098998, 0, 0, 0, 0, 0, 0, 0, 171151, 1, 0
541655, , , 94.7, 0, 0, 0, 0, 1, 21, 126451, , 
54776, 1241734650009, 1241734943187, 0, 5168, 10, 611, 1062, 77, 33, 89757, 15, 3
54786, 1241730078541, 1241732192887, 0, 261, 2, 116.5, 0, 0, 0, 432820, 1, 
55009, 1241730974282, 1241731246624, 0, 0, 0, 0, 0, 1, 3, 309096, 4, 0
552702, , , 31.8, 0, 0, 0, 0, 5, 7, 92894, , 
555728, 1241730081556, 1241731711599, 0, 868, 2, 282, 828191, 16, 10, 1101, 4, 0
57393, , , 260.34999999999997, 0, 0, 0, 0, 6, 65, 159420, , 
58022, 1241734600519, 1241734799160, 0, 0, 0, 0, 0, 4, 5, 175065, 4, 0
5842, , , 32.400000000000006, 0, 0, 0, 0, 2, 8, 344937, , 
58429, 1241731798946, 1241732719160, 0, 421, 4, 105.25, 0, 7, 5, 10642, 4, 
58859, 1241727340736, 1241731523240, 96.80000000000001, 2617, 9, 365.77777777777777, 43017, 10, 8, 396113, 14, 2
592692, , , 30.700000000000003, 0, 0, 0, 0, 10, 0, 283305, , 
59909, 1241734153709, , 0, 231, 2, 162.5, 0, 0, 0, 0, 1, 0
609643, 1241733693448, 1241734344500, 0, 497, 4, 105.75, 0, 1, 0, 217283, 3, 
61045, , , 39.800000000000004, 0, 0, 0, 0, 7, 7, 74372, , 
616045, 1241732139698, 1241732351088, 0, 0, 0, 0, 0, 0, 0, 162782, 1, 
61609, , , 16.6, 0, 0, 0, 0, 4, 0, 22707, , 
624632, 1241727617066, 1241727863426, 0, 0, 0, 0, 0, 0, 0, 505544, 2, 
62783, 1241729004648, 1241729363197, 0, 796, 4, 163.75, 0, 0, 0, 86926, 4, 0
63415, 1241730130044, , 0, 1894, 7, 302, 0, 10, 1, 8938, 5, 2
638292, 1241733600353, 1241733791137, 0, 98, 1, 98, 0, 0, 0, 0, 1, 
66689, , , 23.700000000000003, 0, 0, 0, 0, 4, 11, 124585, , 
66842, , , 11.700000000000001, 0, 0, 0, 0, 1, 7, 153510, , 
67841, 1241734176672, 1241734456540, 0, 0, 0, 0, 0, 0, 0, 0, 1, 
68523, 1241730528439, 1241731997534, 0, 86, 1, 86, 0, 0, 0, 351430, 2, 
703094, 1241728180905, 1241729197528, 0, 0, 0, 0, 0, 0, 0, 53030, 3, 
70997, , , 33.6, 0, 0, 0, 0, 35, 1, 397835, , 
713, 1241733900201, 1241733909701, 957.9000000000001, 0, 0, 0, 1265, 11, 78, 12, 19, 6
71724, 1241728710261, 1241728784500, 0, 0, 0, 0, 3200, 22, 6, 94103, 12, 4
74412, 1241728529516, 1241729603199, 0, 329, 3, 132.33333333333334, 171193, 0, 0, 102613, 4, 0
746079, 1241730274535, 1241730283681, 0, 0, 0, 0, 0, 0, 0, 0, 1, 
764326, 1241733774361, 1241734039878, 0, 0, 0, 0, 0, 0, 0, 140986, 1, 
76572, 1241733566132, 1241735047913, 0, 296, 2, 148, 0, 1, 0, 179687, 3, 0
77, 1241730864849, 1241731166268, 0, 0, 0, 0, 171151, 11, 2, 12770, 14, 2
772113, , , 16.1, 0, 0, 0, 0, 1, 0, 510740, , 
802319, , , 8.3, 0, 0, 0, 0, 2, 6, 773108, , 
81454, 1241733502465, 1241733623198, 0, 0, 0, 0, 0, 0, 0, 0, 1, 
81899, , , 16.6, 0, 0, 0, 0, 6, 12, 802319, , 
83320, , , 14.25, 0, 0, 0, 0, 4, 1, 96838, , 
83621, 1241732209581, 1241732613917, 0, 503, 2, 359.5, 0, 0, 0, 112953, 4, 0
84076, 1241730295051, 1241731661511, 0, 772, 5, 113.2, 0, 0, 0, 217283, 1, 
84294, 1241734987624, , 0, 0, 0, 0, 0, 0, 0, 0, 1, 0
86926, , , 79.60000000000001, 0, 0, 0, 0, 7, 0, 61045, , 
8842, , , 70.6, 0, 0, 0, 0, 12, 9, 1531, , 
8938, , , 189.4, 0, 0, 0, 0, 21, 10, 541655, , 
89757, , , 516.8000000000001, 0, 0, 0, 0, 3, 77, 20260, , 
90041, 1241731492673, 1241734583215, 221.3, 3058, 8, 434.875, 175933, 10, 10, 258951, 12, 14
913044, 1241729487285, 1241730023242, 0, 173, 1, 100, 0, 0, 0, 217283, 1, 
926905, 1241734177053, , 0, 0, 0, 0, 0, 0, 0, 438751, 3, 0
92894, , , 15.9, 0, 0, 0, 0, 1, 5, 106082, , 
93412, 1241732069685, 1241732749152, 0, 371, 3, 122.33333333333333, 0, 0, 0, 420097, 3, 0
967846, 1241729113421, 1241729123858, 0, 0, 0, 0, 0, 0, 0, 0, 1, 
98240, 1241728050714, 1241728105758, 0, 0, 0, 0, 0, 0, 0, 0, 1, 0
982699, 1241729521544, 1241729537430, 0, 0, 0, 0, 0, 0, 0, 0, 1, 
985962, 1241727345135, 1241728078910, 0, 0, 0, 0, 0, 0, 0, 0, 1, 
995, , , 18.7, 0, 0, 0, 0, 13, 20, 12, , 
<<<<EndTable

PlayersOnlineNow=24
PlayersOnlineEachMinute=0, 1, 2, 3, 2, 2, 3, 3, 3, 4, 3, 3, 3, 4, 3, 3, 4, 5, 4, 7, 7, 8, 8, 9, 9, 9, 9, 9, 8, 7, 8, 9, 7, 7, 6, 6, 6, 6, 7, 7, 8, 9, 11, 11, 10, 10, 14, 15, 17, 15, 14, 15, 15, 15, 15, 16, 15, 14, 14, 14, 14, 14, 15, 15, 14, 14, 15, 15, 18, 21, 21, 19, 19, 19, 19, 20, 19, 20, 20, 20, 22, 20, 22, 21, 20, 19, 20, 19, 21, 22, 21, 20, 19, 17, 20, 18, 17, 16, 18, 19, 17, 20, 22, 23, 23, 21, 21, 20, 20, 20, 17, 16, 15, 15, 16, 16, 14, 15, 17, 16, 17, 18, 20, 19, 18, 17, 19, 20, 19, 18, 21, 20, 19, 20, 21, 21, 16, 19, 16, 18, 20, 22, 23, 21, 21, 22, 21, 24, 22, 22
PlayersInEachFeedingGame=1, 1, 1, 1, 1, 1, 1, 2, 1, 2, 2, 2, 2, 1, 1, 2, 2, 2, 1, 2, 2, 2, 1, 2, 1, 2, 2, 1, 2, 2, 2, 2, 2, 1, 1, 1, 1, 1, 2, 2, 1, 2, 2, 2, 2, 1, 1, 2, 2, 2, 1, 1, 2, 2, 2, 2, 2, 2, 2, 2, 2, 2, 1, 2, 1, 2, 1, 1, 4, 1, 1, 2, 1, 1, 3, 1, 2, 1, 2, 1, 2, 2, 1, 2, 1, 1, 1, 2, 2, 1, 2, 1, 1, 1, 1, 2, 2, 1, 2, 1, 2, 1, 1, 2, 1, 1, 1, 1, 1, 1, 1, 1, 2, 2, 1, 2, 1, 1, 2, 1, 1, 2, 1, 1, 1, 2, 2, 1, 2, 2, 2, 1, 1, 2, 1, 2, 1, 2, 1, 1, 1, 2, 2, 2, 1, 1, 2, 2
PlayersStarted=215
PlayersQuit=191
StatsStartTime=1241726206709
StatsDumpTime=1241735207209
<<<<EndStats
2009-05-07 15:27:01,172 ERROR: vampire.server.feeding.FeedingRecord sendPlayerStartGameMsg [playerId=1324959, prey=false, _predatorIndex=]
2009-05-07 15:27:35,874 ERROR: vampire.server.feeding.FeedingRecord sendPlayerStartGameMsg [playerId=392522, prey=false, _predatorIndex=392522,152142]
2009-05-07 15:28:19,002 ERROR: vampire.server.feeding.FeedingRecord sendPlayerStartGameMsg [playerId=282780, prey=true, _predatorIndex=]
2009-05-07 15:28:19,003 ERROR: vampire.server.feeding.FeedingRecord sendPlayerStartGameMsg [playerId=197371, prey=false, _predatorIndex=]
2009-05-07 15:28:46,464 ERROR: vampire.server.feeding.FeedingRecord sendPlayerStartGameMsg [playerId=1110327, prey=false, _predatorIndex=157713]
2009-05-07 15:29:19,396 ERROR: vampire.server.feeding.FeedingRecord sendPlayerStartGameMsg [playerId=53030, prey=true, _predatorIndex=]
2009-05-07 15:29:19,397 ERROR: vampire.server.feeding.FeedingRecord sendPlayerStartGameMsg [playerId=392522, prey=false, _predatorIndex=]
2009-05-07 15:29:20,668 ERROR: vampire.server.feeding.FeedingRecord sendPlayerStartGameMsg [playerId=1110327, prey=false, _predatorIndex=]
2009-05-07 15:29:46,128 ERROR: vampire.server.feeding.FeedingRecord sendPlayerStartGameMsg [playerId=336620, prey=true, _predatorIndex=]
2009-05-07 15:29:46,128 ERROR: vampire.server.feeding.FeedingRecord sendPlayerStartGameMsg [playerId=1005664, prey=false, _predatorIndex=]
2009-05-07 15:30:43,748 ERROR: vampire.server.feeding.FeedingRecord sendPlayerStartGameMsg [playerId=63415, prey=true, _predatorIndex=]
2009-05-07 15:30:43,748 ERROR: vampire.server.feeding.FeedingRecord sendPlayerStartGameMsg [playerId=1103506, prey=false, _predatorIndex=]
2009-05-07 15:32:24,301 ERROR: vampire.server.feeding.FeedingRecord sendPlayerStartGameMsg [playerId=282780, prey=false, _predatorIndex=]
2009-05-07 15:32:28,385 ERROR: vampire.server.feeding.FeedingRecord sendPlayerStartGameMsg [playerId=53030, prey=false, _predatorIndex=1103506]
2009-05-07 15:32:42,926 ERROR: vampire.server.feeding.FeedingRecord sendPlayerStartGameMsg [playerId=53030, prey=false, _predatorIndex=1103506,53030]
2009-05-07 15:32:58,337 ERROR: vampire.server.feeding.FeedingRecord sendPlayerStartGameMsg [playerId=22279, prey=true, _predatorIndex=]
2009-05-07 15:32:58,338 ERROR: vampire.server.feeding.FeedingRecord sendPlayerStartGameMsg [playerId=282780, prey=false, _predatorIndex=]
2009-05-07 15:33:40,025 ERROR: vampire.server.feeding.FeedingRecord sendPlayerStartGameMsg [playerId=1062, prey=false, _predatorIndex=1005664]
2009-05-07 15:33:47,245 ERROR: vampire.server.feeding.FeedingRecord sendPlayerStartGameMsg [playerId=53030, prey=true, _predatorIndex=]
2009-05-07 15:33:47,246 ERROR: vampire.server.feeding.FeedingRecord sendPlayerStartGameMsg [playerId=421572, prey=false, _predatorIndex=]
2009-05-07 15:34:53,162 ERROR: vampire.server.feeding.FeedingRecord sendPlayerStartGameMsg [playerId=39180, prey=false, _predatorIndex=]
2009-05-07 15:36:09,357 ERROR: vampire.server.feeding.FeedingRecord sendPlayerStartGameMsg [playerId=110735, prey=true, _predatorIndex=]
2009-05-07 15:36:09,357 ERROR: vampire.server.feeding.FeedingRecord sendPlayerStartGameMsg [playerId=1103506, prey=false, _predatorIndex=]
2009-05-07 15:36:34,667 ERROR: vampire.server.feeding.FeedingRecord sendPlayerStartGameMsg [playerId=39180, prey=true, _predatorIndex=]
2009-05-07 15:36:34,667 ERROR: vampire.server.feeding.FeedingRecord sendPlayerStartGameMsg [playerId=1005664, prey=false, _predatorIndex=]
2009-05-07 15:36:44,047 ERROR: vampire.server.feeding.FeedingRecord sendPlayerStartGameMsg [playerId=1162172, prey=true, _predatorIndex=]
2009-05-07 15:36:44,048 ERROR: vampire.server.feeding.FeedingRecord sendPlayerStartGameMsg [playerId=53030, prey=false, _predatorIndex=]

