
>>>>BeginStats

>>>>BeginTable
PlayerId, StartTime, EndTime, ProgenyPayout, XPFromFeeding, FeedingGames, MeanFeedingScore, BloodBond, Progeny, GrandProgeny, Sire, Level, Invites
100300, 1241810943932, 1241812330237, 0, 671, 2, 282.5, 0, 2, 0, 447249, 4, 0
1007244, 1241802695609, 1241802718645, 0, 0, 0, 0, 0, 0, 0, 0, 1, 
1023595, 1241798826063, 1241799480374, 0, 378, 4, 94.5, 0, 0, 0, 1092321, 2, 
10260, 1241811965055, , 26.900000000000002, 6221, 12, 446.75, 8527, 10, 9, 713, 16, 2
103033, 1241812967598, , 90.95, 0, 0, 0, 767143, 13, 14, 81899, 6, 1
103144, , , 247.54999999999998, 0, 0, 0, 0, 5, 8, 116005, , 
1036473, 1241806660407, 1241807137251, 0, 506, 2, 225, 0, 0, 0, 96912, 2, 
104252, , , 85.6, 0, 0, 0, 0, 1, 1, 10642, , 
1062, 1241811437362, , 0, 5815, 15, 389.3333333333333, 54776, 11, 7, 713, 16, 2
106239, 1241798375384, 1241798423045, 0, 0, 0, 0, 0, 0, 0, 5842, 4, 2
10628, 1241810169010, 1241811067425, 0, 273, 2, 142, 0, 0, 0, 1265, 4, 0
1062853, , , 70.45, 0, 0, 0, 0, 9, 20, 1124214, , 
10634, 1241808984866, 1241811553038, 0, 3218, 11, 235.27272727272728, 11600, 2, 0, 713, 5, 2
10642, 1241800405139, 1241801750004, 154.85000000000002, 7560, 9, 763.1111111111111, 447249, 32, 46, 351598, 16, 2
106870, 1241813301882, 1241813359129, 0, 0, 0, 0, 0, 1, 0, 87198, 4, 
108338, , , 10.200000000000001, 0, 0, 0, 0, 1, 6, 288860, , 
1085269, 1241804547820, 1241804573791, 0, 0, 0, 0, 0, 0, 0, 0, 1, 
1088819, 1241813624627, 1241813656876, 0, 0, 0, 0, 0, 0, 0, 0, 1, 
1089041, 1241799831666, 1241801957973, 0, 269, 3, 86, 0, 0, 0, 10260, 3, 
1092321, , , 80.15, 0, 0, 0, 0, 30, 2, 35568, , 
1101, 1241809079366, 1241809305652, 0, 0, 0, 0, 0, 2, 18, 239981, 9, 1
1108399, 1241808315777, 1241808706071, 0, 90, 1, 90, 0, 0, 0, 153097, 2, 
1111437, 1241812842976, , 0, 354, 4, 88.5, 0, 2, 0, 70997, 2, 0
1119385, 1241803017071, 1241810818443, 64.5, 4249, 25, 140.68, 0, 1, 0, 3200, 3, 
1122449, , , 44.05, 0, 0, 0, 0, 15, 7, 555728, , 
112602, , , 4.15, 0, 0, 0, 0, 1, 2, 121983, , 
113162, 1241802737141, 1241805302116, 0, 1342, 8, 106.625, 0, 0, 0, 154004, 2, 
113237, , , 497.15000000000003, 0, 0, 0, 0, 9, 20, 10642, , 
1133308, 1241810898717, 1241810945237, 0, 0, 0, 0, 0, 0, 0, 0, 1, 
1133427, 1241800167168, 1241800459034, 0, 109, 1, 95, 0, 0, 0, 0, 1, 
1138221, 1241808336141, 1241808870435, 0, 373, 2, 211, 1283799, 0, 0, 269484, 4, 
11460, , , 272.15000000000003, 0, 0, 0, 0, 1, 13, 41022, , 
1151568, 1241811212174, 1241811252388, 0, 0, 0, 0, 0, 0, 0, 217283, 1, 
11600, 1241810414881, 1241811729740, 0, 1333, 4, 365.5, 10634, 9, 0, 171581, 7, 10
116005, , , 105.4, 0, 0, 0, 0, 6, 5, 130627, , 
1162172, 1241813141425, , 0, 847, 3, 192.66666666666666, 1181188, 1, 0, 835426, 4, 0
118185, 1241812792710, 1241813196279, 0, 209, 2, 104.5, 0, 0, 0, 0, 1, 
118975, 1241801485293, 1241801638131, 0, 0, 0, 0, 0, 1, 1, 160138, 12, 2
12, , , 5974.450000000002, 0, 0, 0, 0, 20, 96, 383387, , 
1203396, 1241812931634, 1241812959248, 0, 0, 0, 0, 0, 0, 0, 0, 1, 
1207080, 1241803233695, 1241803686120, 0, 135, 1, 115, 0, 0, 0, 0, 1, 
1207373, 1241800295157, 1241800517322, 0, 135, 1, 140, 0, 0, 0, 0, 1, 
1208580, , , 29.300000000000004, 0, 0, 0, 0, 1, 0, 885698, , 
1209405, 1241799743477, 1241800043348, 0, 179, 1, 103, 0, 0, 0, 3200, 1, 
123961, , , 229.7, 0, 0, 0, 0, 5, 22, 713, , 
1239706, 1241799761605, 1241800488359, 0, 652, 3, 129.33333333333334, 0, 0, 0, 447249, 2, 
124119, 1241803111325, 1241803254590, 0, 0, 0, 0, 0, 0, 0, 1127083, 3, 
1241857, 1241807321202, 1241810964245, 100.15, 6776, 25, 401.64, 261567, 4, 3, 259344, 8, 1
1252256, 1241810169079, 1241810398200, 0, 0, 0, 0, 0, 0, 0, 0, 1, 
1253913, 1241808090801, 1241808580348, 0, 252, 1, 131, 0, 0, 0, 249619, 1, 
1255618, 1241813054777, , 0, 881, 3, 243, 110735, 2, 0, 206148, 4, 0
1264653, 1241810220411, 1241810230221, 0, 0, 0, 0, 0, 0, 0, 101052, 3, 
1265, , , 27.3, 0, 0, 0, 0, 15, 31, 12, , 
1267242, 1241802564250, 1241804699387, 0, 1544, 10, 107.2, 0, 0, 0, 642041, 2, 
1271614, 1241803144094, 1241803155079, 0, 0, 0, 0, 0, 0, 0, 0, 1, 
1274154, 1241802564075, 1241802634696, 0, 0, 0, 0, 0, 0, 0, 642041, 1, 
127818, 1241813535210, 1241813541930, 0, 0, 0, 0, 0, 3, 2, 506686, 1, 6
12791, 1241807118816, 1241807832257, 1497.6000000000001, 2650, 4, 678.5, 0, 15, 24, 12, 13, 2
1279627, 1241813236565, 1241813448500, 0, 183, 1, 194, 0, 0, 0, 524637, 2, 
1279761, 1241812767222, , 0, 1842, 10, 124.5, 0, 0, 0, 171513, 3, 0
1285504, , , 200.3, 0, 0, 0, 0, 3, 0, 1241857, , 
1287364, 1241806796894, 1241807158177, 0, 0, 0, 0, 0, 0, 0, 0, 1, 
1288202, 1241802222155, 1241802235504, 0, 0, 0, 0, 0, 0, 0, 1285504, 1, 
1288210, 1241805639212, 1241806018121, 0, 0, 0, 0, 0, 0, 0, 0, 1, 
130244, , , 49.5, 0, 0, 0, 0, 3, 6, 237967, , 
1303903, 1241813243420, , 0, 407, 3, 156, 0, 0, 0, 0, 1, 0
1311203, 1241799610036, 1241799864733, 0, 0, 0, 0, 0, 0, 0, 1284093, 1, 
1320175, 1241803743029, 1241803811104, 0, 0, 0, 0, 0, 0, 0, 0, 1, 
1321824, 1241812983571, 1241812996591, 0, 0, 0, 0, 0, 0, 0, 0, 1, 
1323699, 1241803975030, 1241805063269, 0, 558, 3, 101.66666666666667, 0, 0, 0, 307471, 1, 
1327731, 1241813563959, 1241813867020, 0, 0, 0, 0, 0, 0, 0, 0, 1, 
132921, , , 11, 0, 0, 0, 0, 9, 0, 211601, , 
1330645, 1241808520038, 1241808531537, 0, 0, 0, 0, 0, 0, 0, 0, 1, 
1330890, 1241808866554, 1241808886052, 0, 0, 0, 0, 0, 0, 0, 0, 1, 
1331190, 1241809299254, 1241810561519, 0, 1395, 7, 171.85714285714286, 0, 0, 0, 1119385, 2, 
1333314, 1241807762285, 1241808032105, 0, 0, 0, 0, 0, 0, 0, 0, 1, 
133697, 1241799755620, 1241800978156, 0, 482, 4, 148, 0, 2, 0, 510740, 3, 0
1342029, 1241810795501, 1241811107873, 0, 148, 1, 117, 0, 0, 0, 0, 1, 
1343542, 1241801527762, 1241802666799, 0, 551, 3, 115.66666666666667, 0, 0, 0, 447249, 1, 
1344192, 1241801222221, 1241801456718, 0, 0, 0, 0, 0, 0, 0, 0, 1, 
1345092, 1241803768394, 1241804468184, 0, 747, 3, 177.33333333333334, 0, 0, 0, 311783, 1, 
1345251, 1241801177776, 1241801220603, 0, 0, 0, 0, 0, 0, 0, 0, 1, 
1345315, 1241800209393, 1241800223393, 0, 0, 0, 0, 0, 0, 0, 0, 1, 
134574, , , 99.20000000000002, 0, 0, 0, 0, 1, 0, 43240, , 
1346063, 1241803621434, 1241803958153, 0, 2620, 11, 139.8181818181818, 0, 0, 0, 54776, 2, 
1346176, 1241805572560, 1241805618954, 0, 0, 0, 0, 0, 0, 0, 0, 1, 
1346468, 1241802061409, 1241802097550, 0, 0, 0, 0, 0, 0, 0, 1285504, 1, 
1346522, 1241804864470, 1241805764264, 0, 426, 4, 108.75, 0, 0, 0, 0, 1, 
1346597, 1241805163679, 1241806648440, 0, 2003, 8, 145, 0, 0, 0, 1285504, 2, 
1346857, 1241805610231, 1241806130301, 0, 361, 1, 158, 0, 0, 0, 0, 1, 
1347440, 1241809920139, 1241813180690, 0, 6345, 19, 358.05263157894734, 0, 0, 0, 836050, 3, 
1347608, 1241804222283, 1241804385030, 0, 0, 0, 0, 0, 0, 0, 0, 1, 
1349408, 1241808956280, 1241808965018, 0, 0, 0, 0, 0, 0, 0, 0, 1, 
1349559, 1241810815848, 1241810925912, 0, 0, 0, 0, 0, 0, 0, 0, 1, 
1349600, 1241808534154, 1241808583138, 0, 0, 0, 0, 0, 0, 0, 0, 1, 
1350318, 1241811136560, 1241811154010, 0, 0, 0, 0, 0, 0, 0, 0, 1, 
1350411, 1241811525974, 1241811544827, 0, 0, 0, 0, 0, 0, 0, 0, 1, 
1350479, 1241811465722, 1241811795555, 0, 0, 0, 0, 0, 0, 0, 0, 1, 
1350850, 1241812654438, , 0, 735, 3, 153.66666666666666, 0, 0, 0, 1802, 1, 0
1351010, 1241811734661, 1241811874681, 0, 0, 0, 0, 0, 0, 0, 0, 1, 
1351737, 1241811993003, 1241812102032, 0, 0, 0, 0, 0, 0, 0, 0, 1, 
138741, , , 25.3, 0, 0, 0, 0, 1, 2, 437210, , 
140986, , , 55.60000000000001, 0, 0, 0, 0, 4, 0, 187381, , 
141194, 1241802308023, 1241802830837, 0, 370, 2, 117.5, 0, 0, 0, 80094, 1, 
141785, , , 43.900000000000006, 0, 0, 0, 0, 3, 3, 366598, , 
142301, 1241803616438, 1241803864755, 0, 0, 0, 0, 0, 0, 0, 241925, 1, 
143538, , , 338.8, 0, 0, 0, 0, 2, 25, 1531, , 
144606, 1241810270530, 1241810278865, 0, 439, 1, 522, 0, 3, 4, 141785, 7, 2
145497, , , 131.9, 0, 0, 0, 0, 1, 2, 1062853, , 
153097, , , 9, 0, 0, 0, 0, 19, 0, 1062853, , 
1531, 1241812286556, , 0, 20344, 33, 642.4545454545456, 503, 6, 14, 12, 15, 3
154004, , , 138.95000000000002, 0, 0, 0, 0, 10, 7, 90041, , 
155004, 1241798278109, 1241799288147, 0, 1319, 6, 219.83333333333334, 0, 2, 0, 145497, 3, 
155393, 1241808106697, 1241809780110, 0, 992, 5, 105.8, 0, 0, 0, 134574, 2, 0
156275, 1241807520657, 1241807774158, 0, 0, 0, 0, 0, 0, 0, 0, 1, 0
156489, 1241812908108, 1241813237818, 21.85, 1041, 3, 401.3333333333333, 154238, 16, 23, 713, 9, 1
158630, , , 26.750000000000004, 0, 0, 0, 0, 5, 1, 304445, , 
160138, , , 52.800000000000004, 0, 0, 0, 0, 7, 8, 150469, , 
166371, , , 18.65, 0, 0, 0, 0, 2, 13, 267622, , 
16825, , , 278.1, 0, 0, 0, 0, 14, 9, 4139, , 
170191, , , 285.7, 0, 0, 0, 0, 3, 10, 202873, , 
170316, , , 68.3, 0, 0, 0, 0, 4, 1, 210210, , 
1704, , , 59.900000000000006, 0, 0, 0, 0, 2, 5, 33541, , 
171513, 1241812226713, 1241812238490, 184.20000000000002, 1936, 5, 346.2, 0, 10, 7, 170191, 12, 2
171581, , , 133.3, 0, 0, 0, 0, 1, 9, 73304, , 
176400, 1241810015064, 1241813818172, 0, 3257, 13, 180.76923076923077, 0, 0, 0, 21067, 3, 
179762, 1241806547916, 1241809738238, 0, 568, 2, 109, 0, 0, 0, 0, 2, 0
1802, 1241810041214, 1241813518189, 73.5, 2108, 9, 323.77777777777777, 995, 8, 2, 103144, 12, 2
181164, 1241803188461, 1241803195872, 0, 0, 0, 0, 0, 0, 0, 0, 1, 
183913, 1241810500669, 1241810979423, 0, 108, 1, 108, 0, 0, 0, 447249, 2, 
187381, , , 27.800000000000004, 0, 0, 0, 0, 7, 4, 2843, , 
188678, 1241803985971, 1241804439521, 0, 5606, 5, 1262.6, 0, 0, 0, 0, 3, 
1892, 1241809700914, 1241813740345, 18.35, 3478, 10, 431.2, 33511, 20, 6, 995, 12, 2
192120, , , 28.700000000000003, 0, 0, 0, 0, 2, 7, 209500, , 
196462, , , 95.35, 0, 0, 0, 0, 2, 12, 392944, , 
199427, , , 875.4500000000002, 0, 0, 0, 0, 1, 9, 208602, , 
199955, 1241807723931, 1241809378208, 0, 958, 4, 148, 0, 1, 0, 81899, 4, 1
20106, 1241813231805, 1241813381163, 0, 0, 0, 0, 229006, 4, 3, 5842, 8, 1
20260, , , 856.3499999999998, 0, 0, 0, 0, 18, 16, 12, , 
202873, , , 96.8, 0, 0, 0, 0, 1, 3, 341164, , 
206148, , , 88.1, 0, 0, 0, 0, 1, 2, 1122449, , 
208602, , , 403.35, 0, 0, 0, 0, 7, 1, 351626, , 
209812, 1241810571850, 1241810606424, 0, 0, 0, 0, 0, 1, 0, 4139, 4, 0
210003, 1241802605573, 1241803078201, 0, 287, 1, 268, 0, 0, 0, 39030, 1, 
210210, , , 34.15, 0, 0, 0, 0, 4, 5, 381607, , 
21067, 1241809850651, 1241811246348, 281.3, 2178, 8, 294.5, 0, 3, 45, 302907, 8, 4
211527, 1241808029567, 1241809527912, 0, 0, 0, 0, 0, 1, 0, 197740, 3, 
211601, , , 5.5, 0, 0, 0, 0, 1, 9, 7078, , 
211715, , , 6.75, 0, 0, 0, 0, 2, 3, 299646, , 
217283, , , 36.7, 0, 0, 0, 0, 65, 3, 57393, , 
223864, , , 327, 0, 0, 0, 0, 7, 36, 160138, , 
227007, 1241808879503, 1241811041102, 0, 2233, 8, 389.625, 0, 3, 5, 43402, 8, 1
22707, , , 24.900000000000002, 0, 0, 0, 0, 7, 19, 8842, , 
237967, , , 24.75, 0, 0, 0, 0, 3, 7, 336228, , 
241998, 1241809877468, 1241810104075, 0, 0, 0, 0, 0, 0, 0, 161610, 3, 0
244924, 1241813536012, 1241813716150, 0, 0, 0, 0, 0, 0, 0, 0, 1, 
249619, 1241809917291, 1241812978214, 25.200000000000003, 4622, 26, 107.23076923076923, 0, 1, 0, 298666, 3, 
25664, , , 54.9, 0, 0, 0, 0, 1, 3, 43402, , 
256746, , , 83.5, 0, 0, 0, 0, 5, 30, 61984, , 
259344, , , 1024.0000000000005, 0, 0, 0, 0, 23, 22, 143538, , 
269092, 1241800127350, 1241803858240, 0, 683, 5, 122.8, 0, 1, 2, 170316, 4, 1
269328, 1241811998257, 1241812002230, 0, 0, 0, 0, 0, 0, 0, 0, 1, 
269484, , , 37.3, 0, 0, 0, 0, 12, 0, 166371, , 
271936, 1241800647935, 1241801781915, 0, 587, 1, 185, 0, 3, 0, 887964, 4, 
2779, 1241800102276, 1241800756797, 0, 387, 3, 129, 0, 0, 0, 0, 1, 
2796, , , 169.60000000000002, 0, 0, 0, 0, 5, 0, 259344, , 
282780, 1241799387786, 1241799804366, 0, 95, 1, 95, 0, 0, 0, 0, 1, 
283855, , , 108.9, 0, 0, 0, 0, 1, 2, 98128, , 
2843, 1241812896680, 1241813749354, 0, 4854, 10, 527.1, 5212, 8, 33, 3383, 13, 11
285205, , , 9.5, 0, 0, 0, 0, 7, 0, 154004, , 
285870, 1241803960446, 1241804423267, 0, 5606, 5, 979.6, 0, 0, 0, 0, 3, 
294591, 1241799932587, 1241799951340, 0, 0, 0, 0, 0, 0, 0, 0, 1, 
298207, 1241809648908, 1241809718003, 0, 0, 0, 0, 0, 0, 0, 1032874, 2, 
298666, , , 535.7999999999998, 0, 0, 0, 0, 8, 1, 259344, , 
302907, , , 358.45000000000005, 0, 0, 0, 0, 2, 3, 283855, , 
307471, 1241802007614, 1241806184427, 55.800000000000004, 2468, 9, 447.77777777777777, 0, 7, 19, 12, 10, 4
309096, , , 57.400000000000006, 0, 0, 0, 0, 7, 1, 192120, , 
311783, 1241803806267, 1241805941126, 60.7, 2418, 11, 291.54545454545456, 0, 13, 3, 11460, 10, 7
3200, 1241810436835, 1241810796010, 475.05000000000007, 1056, 4, 389.25, 71724, 36, 22, 223864, 13, 2
320641, 1241810042704, 1241810633635, 0, 0, 0, 0, 0, 1, 1, 200818, 2, 0
325853, 1241808583270, 1241809846950, 0, 661, 6, 96.16666666666667, 0, 0, 0, 92600, 2, 0
32654, , , 109.8, 0, 0, 0, 0, 3, 0, 25664, , 
333608, 1241808842641, 1241810312140, 0, 83, 1, 107, 0, 2, 0, 5212, 7, 3
33541, , , 29.950000000000003, 0, 0, 0, 0, 1, 2, 12, , 
336620, 1241813360389, 1241813638168, 0, 0, 0, 0, 0, 0, 0, 157713, 2, 
3383, 1241806724936, 1241808417749, 485.40000000000003, 12549, 19, 571.7368421052632, 8842, 6, 10, 12791, 16, 2
338409, 1241806527545, 1241806583525, 0, 0, 0, 0, 0, 6, 4, 65584, 6, 4
34950, 1241808874317, 1241809248965, 0, 214, 2, 109.5, 111408, 0, 0, 20260, 2, 0
351598, , , 756, 0, 0, 0, 0, 1, 32, 359624, , 
35568, , , 18.900000000000002, 0, 0, 0, 0, 3, 30, 258951, , 
359624, , , 378, 0, 0, 0, 0, 4, 1, 201132, , 
366598, , , 21.950000000000003, 0, 0, 0, 0, 1, 3, 388185, , 
373583, 1241808246855, 1241810938158, 15.200000000000001, 2192, 11, 156.8181818181818, 0, 1, 0, 413254, 3, 
383387, , , 1631.0500000000002, 0, 0, 0, 0, 7, 57, 0, , 
3865, , , 8.3, 0, 0, 0, 0, 2, 1, 112602, , 
39030, 1241809192536, 1241810781328, 28.700000000000003, 810, 4, 138.25, 60678, 12, 7, 196462, 7, 2
392944, , , 40.5, 0, 0, 0, 0, 2, 2, 206649, , 
397835, , , 143.29999999999998, 0, 0, 0, 0, 5, 35, 47379, , 
4012, 1241809313363, 1241810155904, 0, 83, 1, 165, 3865, 1, 0, 3865, 4, 2
41022, , , 120.90000000000002, 0, 0, 0, 0, 2, 1, 412796, , 
413249, 1241812928916, , 0, 0, 0, 0, 0, 1, 0, 94072, 6, 1
413254, 1241808257383, 1241810826632, 46.7, 1819, 7, 276.42857142857144, 8401, 4, 1, 8401, 5, 2
4139, 1241807895968, 1241808990077, 100.44999999999999, 16803, 26, 748.9230769230769, 44987, 25, 23, 713, 19, 3
4141, 1241802492995, 1241804758140, 0, 1696, 8, 232, 0, 0, 0, 2796, 3, 
420097, , , 53.50000000000001, 0, 0, 0, 0, 1, 0, 158630, , 
421572, 1241808978986, 1241810942187, 0, 610, 3, 103.33333333333333, 0, 0, 0, 298666, 3, 0
430717, 1241809548230, 1241810065841, 0, 835, 3, 331.3333333333333, 503425, 30, 25, 256746, 12, 6
43240, , , 49.60000000000001, 0, 0, 0, 0, 1, 1, 144593, , 
43386, 1241813660945, , 0, 495, 2, 439.5, 106210, 6, 4, 130244, 8, 6
43402, , , 492.45, 0, 0, 0, 0, 12, 6, 123961, , 
438480, 1241801956210, 1241802022927, 0, 0, 0, 0, 0, 0, 0, 0, 1, 
43915, 1241802355610, 1241802361112, 0, 0, 0, 0, 0, 0, 0, 61984, 2, 0
447249, 1241803767569, 1241805556719, 137.5, 8067, 12, 741.6666666666666, 10642, 9, 5, 199427, 15, 2
47379, 1241813018101, 1241813189314, 0, 0, 0, 0, 0, 4, 5, 54776, 6, 1
479607, 1241810754996, 1241810797861, 0, 0, 0, 0, 0, 0, 0, 539580, 1, 0
502119, , , 49.800000000000004, 0, 0, 0, 0, 12, 6, 22707, , 
505544, , , 13.5, 0, 0, 0, 0, 3, 0, 211715, , 
510740, , , 48.2, 0, 0, 0, 0, 70, 5, 534632, , 
5212, 1241808221583, 1241808386053, 8.3, 177, 1, 353, 2843, 17, 16, 156489, 14, 2
522658, , , 22.6, 0, 0, 0, 0, 6, 4, 10642, , 
523719, 1241810446174, 1241810453385, 0, 0, 0, 0, 0, 0, 0, 0, 1, 
524637, , , 18.3, 0, 0, 0, 0, 1, 0, 83320, , 
52818, 1241802568566, 1241803233081, 0, 0, 0, 0, 1118266, 4, 1, 367452, 4, 0
533, 1241805954298, , 0, 4077, 7, 491, 535, 10, 11, 20260, 14, 2
534632, , , 24.1, 0, 0, 0, 0, 7, 70, 445660, , 
541655, , , 611.15, 0, 0, 0, 0, 1, 22, 126451, , 
54776, 1241813682983, , 194.8, 8545, 26, 453.5, 1062, 80, 33, 89757, 16, 3
55009, 1241810197885, 1241810739052, 0, 574, 3, 212.33333333333334, 0, 1, 3, 309096, 4, 0
559, 1241805230405, 1241805420869, 0, 226, 1, 183, 0, 4, 0, 522658, 4, 
561727, 1241811702146, 1241812963416, 0, 293, 3, 104, 0, 0, 0, 1208580, 1, 
561864, , , 36.7, 0, 0, 0, 0, 1, 0, 1892, , 
563105, 1241809302280, 1241810758165, 0, 0, 0, 0, 0, 0, 0, 285205, 1, 
57393, , , 18.35, 0, 0, 0, 0, 6, 69, 159420, , 
575201, 1241813720653, , 0, 0, 0, 0, 0, 0, 0, 147628, 1, 0
57825, 1241802417062, 1241802450303, 0, 0, 0, 0, 0, 0, 0, 8938, 1, 
612389, 1241809539684, 1241810978928, 0, 623, 4, 152.5, 0, 0, 0, 373583, 1, 
613661, 1241800805911, 1241803202364, 0, 367, 2, 222, 0, 0, 0, 561864, 3, 0
61984, , , 41.75, 0, 0, 0, 0, 3, 5, 61045, , 
622935, 1241808415446, 1241809908173, 0, 1098, 7, 137.14285714285714, 0, 0, 0, 32654, 2, 
624616, 1241806209964, 1241808441700, 0, 856, 4, 155.75, 0, 1, 0, 104252, 3, 
624632, 1241800226072, 1241800661481, 0, 135, 1, 129, 0, 0, 0, 505544, 2, 
632287, 1241804539701, 1241804872318, 0, 95, 1, 89, 0, 0, 0, 285205, 1, 
633362, 1241813532079, 1241813568590, 0, 0, 0, 0, 0, 0, 0, 0, 1, 
63415, 1241809786351, , 0, 12223, 39, 332.076923076923, 0, 11, 1, 8938, 7, 3
64152, , , 20.400000000000002, 0, 0, 0, 0, 6, 0, 108338, , 
642041, 1241801759109, 1241806097203, 154.4, 2009, 10, 139.1, 0, 3, 3, 16825, 4, 1
643236, 1241800511990, 1241800793036, 0, 110, 1, 92, 0, 0, 0, 132921, 2, 
70557, 1241810083499, 1241811877060, 0, 498, 1, 164, 0, 6, 24, 502119, 5, 2
70997, , , 305.09999999999997, 0, 0, 0, 0, 35, 12, 397835, , 
713, 1241811877770, , 3332.1, 7159, 13, 484.53846153846155, 1265, 11, 79, 12, 19, 6
73304, , , 66.65, 0, 0, 0, 0, 2, 1, 53030, , 
759000, 1241808402534, 1241808914370, 0, 409, 2, 147.5, 0, 0, 0, 140986, 1, 
764326, 1241813575282, , 0, 147, 1, 146, 0, 0, 0, 140986, 1, 0
767078, 1241813169761, 1241813200715, 0, 0, 0, 0, 0, 0, 0, 752237, 1, 
782580, 1241800803636, 1241801551095, 0, 367, 2, 144.5, 0, 0, 0, 217283, 2, 
80094, 1241800678577, 1241803853532, 37, 2512, 8, 331.875, 65812, 10, 1, 70997, 6, 4
802319, , , 47.900000000000006, 0, 0, 0, 0, 2, 6, 773108, , 
817673, 1241810821296, 1241811355310, 0, 204, 1, 146, 0, 0, 0, 64152, 2, 
81899, , , 95.80000000000001, 0, 0, 0, 0, 6, 14, 802319, , 
83320, , , 9.15, 0, 0, 0, 0, 4, 1, 96838, , 
835426, , , 84.7, 0, 0, 0, 0, 2, 1, 1092321, , 
836050, 1241810482747, 1241811156063, 591.3000000000001, 2015, 7, 411.2857142857143, 592692, 14, 6, 113237, 8, 2
8401, , , 201.45, 0, 0, 0, 0, 8, 4, 103033, , 
844058, 1241812472798, , 0, 121, 1, 139, 0, 0, 0, 0, 1, 0
881995, 1241812631079, 1241812644948, 0, 0, 0, 0, 0, 0, 0, 1092321, 1, 
885698, , , 14.650000000000002, 0, 0, 0, 0, 4, 1, 836050, , 
887964, , , 58.7, 0, 0, 0, 0, 2, 3, 919861, , 
8938, 1241802602050, 1241802954041, 1222.3, 0, 0, 0, 0, 22, 13, 541655, 6, 3
89757, , , 951.9000000000001, 0, 0, 0, 0, 3, 80, 20260, , 
90041, , , 67.10000000000001, 0, 0, 0, 0, 1, 10, 258951, , 
9067, 1241809800492, 1241809918201, 0, 0, 0, 0, 0, 0, 0, 8938, 2, 
913234, 1241800694237, 1241800824484, 0, 0, 0, 0, 0, 0, 0, 0, 1, 
919861, , , 29.35, 0, 0, 0, 0, 1, 2, 171151, , 
921283, 1241811584229, 1241811658114, 0, 0, 0, 0, 0, 4, 2, 338409, 4, 
92600, 1241804828252, 1241806430571, 66.10000000000001, 2361, 9, 338.22222222222223, 0, 1, 0, 43402, 3, 0
93412, 1241812789373, 1241813458187, 0, 535, 3, 178.33333333333334, 0, 0, 0, 420097, 3, 0
968, 1241808817510, 1241809328036, 0, 599, 2, 166.5, 0, 5, 3, 1704, 11, 2
96912, , , 50.6, 0, 0, 0, 0, 2, 0, 138741, , 
971101, 1241812958338, , 0, 0, 0, 0, 0, 1, 0, 135526, 3, 0
995, , , 347.8, 0, 0, 0, 0, 13, 20, 12, , 
<<<<EndTable

PlayersOnlineNow=20
PlayersOnlineEachMinute=0, 2, 4, 3, 5, 5, 5, 4, 4, 4, 5, 6, 6, 6, 7, 8, 7, 8, 8, 10, 10, 11, 11, 13, 12, 15, 15, 15, 15, 16, 14, 16, 18, 19, 20, 20, 20, 18, 18, 16, 16, 19, 17, 19, 19, 20, 18, 17, 19, 20, 20, 18, 20, 20, 20, 19, 18, 20, 18, 17, 18, 19, 17, 18, 19, 18, 19, 17, 18, 18, 17, 16, 19, 19, 19, 20, 18, 18, 18, 18, 20, 22, 21, 17, 17, 17, 15, 15, 15, 16, 17, 17, 20, 19, 17, 15, 17, 16, 17, 17, 18, 18, 17, 15, 14, 15, 14, 14, 12, 11, 12, 13, 12, 13, 12, 13, 14, 15, 14, 14, 13, 13, 13, 14, 14, 13, 13, 13, 13, 14, 13, 11, 10, 11, 11, 11, 10, 9, 11, 10, 10, 11, 12, 12, 12, 12, 12, 12, 12, 12, 12, 14, 14, 14, 14, 15, 15, 15, 16, 15, 14, 15, 15, 15, 17, 17, 17, 20, 22, 23, 22, 23, 23, 23, 22, 23, 24, 26, 26, 25, 24, 23, 25, 24, 28, 27, 26, 25, 24, 26, 27, 28, 27, 26, 26, 27, 28, 31, 31, 33, 32, 29, 29, 31, 32, 31, 29, 29, 27, 26, 25, 24, 20, 19, 18, 16, 17, 15, 14, 14, 17, 17, 17, 15, 16, 16, 14, 13, 13, 14, 14, 13, 13, 13, 14, 13, 13, 15, 15, 16, 15, 15, 18, 19, 21, 22, 23, 24, 25, 23, 25, 26, 25, 23, 22, 26, 25, 25, 22, 21
PlayersInEachFeedingGame=1, 2, 1, 1, 1, 1, 1, 2, 1, 1, 2, 2, 2, 1, 2, 1, 1, 1, 1, 2, 2, 2, 1, 2, 2, 1, 2, 2, 4, 1, 2, 2, 2, 2, 1, 2, 2, 2, 2, 2, 2, 1, 2, 2, 2, 1, 1, 1, 2, 2, 1, 2, 2, 1, 2, 2, 2, 2, 1, 2, 2, 2, 2, 1, 2, 2, 1, 1, 2, 1, 2, 2, 2, 2, 2, 2, 2, 2, 2, 3, 3, 2, 1, 2, 2, 2, 2, 2, 2, 1, 2, 2, 1, 2, 2, 2, 2, 2, 1, 2, 1, 2, 2, 1, 2, 2, 2, 1, 1, 1, 2, 2, 2, 2, 2, 2, 1, 2, 2, 2, 2, 2, 2, 2, 2, 2, 2, 1, 2, 2, 2, 2, 2, 2, 1, 2, 2, 2, 1, 2, 2, 2, 2, 2, 2, 2, 3, 2, 1, 1, 1, 2, 2, 2, 2, 2, 1, 1, 1, 3, 2, 2, 2, 2, 2, 2, 2, 1, 2, 2, 1, 2, 2, 2, 1, 2, 1, 3, 2, 2, 2, 1, 2, 2, 2, 2, 2, 2, 2, 2, 2, 2, 2, 2, 2, 2, 2, 2, 2, 1, 2, 2, 2, 2, 2, 2, 2, 2, 2, 2, 2, 2, 1, 2, 2, 1, 2, 1, 2, 1, 2, 2, 1, 1, 2, 2, 1, 2, 2, 2, 2, 2, 2, 2, 1, 1, 3, 3, 2, 2, 3, 2, 2, 2, 2, 1, 1, 2, 1, 2, 2, 2, 1, 2, 2, 2, 2, 1, 1, 2, 1, 1, 2, 2, 2, 2, 1, 2, 2, 1, 2
PlayersStarted=303
PlayersQuit=283
StatsStartTime=1241798276021
StatsDumpTime=1241813877152
<<<<EndStats
2009-05-08 13:18:45,418 ERROR: vampire.server.feeding.FeedingRecord sendPlayerStartGameMsg [playerId=764326, prey=true, _predatorIndex=]
2009-05-08 13:18:45,418 ERROR: vampire.server.feeding.FeedingRecord sendPlayerStartGameMsg [playerId=1162172, prey=false, _predatorIndex=]
2009-05-08 13:20:34,692 ERROR: vampire.server.feeding.FeedingRecord sendPlayerStartGameMsg [playerId=1062, prey=false, _predatorIndex=]
2009-05-08 13:21:56,575 ERROR: vampire.server.feeding.FeedingRecord sendPlayerStartGameMsg [playerId=1110484, prey=false, _predatorIndex=]
2009-05-08 13:22:17,717 ERROR: vampire.server.feeding.FeedingRecord sendPlayerStartGameMsg [playerId=561727, prey=true, _predatorIndex=]
2009-05-08 13:22:17,718 ERROR: vampire.server.feeding.FeedingRecord sendPlayerStartGameMsg [playerId=43386, prey=false, _predatorIndex=]
2009-05-08 13:23:19,409 ERROR: vampire.server.feeding.FeedingRecord sendPlayerStartGameMsg [playerId=1255618, prey=true, _predatorIndex=]
2009-05-08 13:23:19,410 ERROR: vampire.server.feeding.FeedingRecord sendPlayerStartGameMsg [playerId=1062, prey=false, _predatorIndex=]
2009-05-08 13:23:33,952 ERROR: vampire.server.feeding.FeedingRecord sendPlayerStartGameMsg [playerId=10260, prey=true, _predatorIndex=]
2009-05-08 13:23:33,953 ERROR: vampire.server.feeding.FeedingRecord sendPlayerStartGameMsg [playerId=713, prey=false, _predatorIndex=]
2009-05-08 13:24:17,731 ERROR: vampire.server.feeding.FeedingRecord sendPlayerStartGameMsg [playerId=968, prey=false, _predatorIndex=713]
2009-05-08 13:24:50,439 ERROR: vampire.server.feeding.FeedingRecord sendPlayerStartGameMsg [playerId=561727, prey=true, _predatorIndex=]
2009-05-08 13:24:50,440 ERROR: vampire.server.feeding.FeedingRecord sendPlayerStartGameMsg [playerId=43386, prey=false, _predatorIndex=]
2009-05-08 13:26:45,654 ERROR: vampire.server.feeding.FeedingRecord sendPlayerStartGameMsg [playerId=597005, prey=true, _predatorIndex=]
2009-05-08 13:26:45,655 ERROR: vampire.server.feeding.FeedingRecord sendPlayerStartGameMsg [playerId=1062, prey=false, _predatorIndex=]
2009-05-08 13:27:04,486 ERROR: vampire.server.feeding.FeedingRecord sendPlayerStartGameMsg [playerId=575545, prey=true, _predatorIndex=]
2009-05-08 13:27:04,487 ERROR: vampire.server.feeding.FeedingRecord sendPlayerStartGameMsg [playerId=1255618, prey=false, _predatorIndex=]
2009-05-08 13:27:38,240 ERROR: vampire.server.feeding.FeedingRecord sendPlayerStartGameMsg [playerId=54776, prey=true, _predatorIndex=]
2009-05-08 13:27:38,241 ERROR: vampire.server.feeding.FeedingRecord sendPlayerStartGameMsg [playerId=1110484, prey=false, _predatorIndex=]
2009-05-08 13:27:46,687 ERROR: vampire.server.feeding.FeedingRecord sendPlayerStartGameMsg [playerId=43386, prey=true, _predatorIndex=]
2009-05-08 13:27:46,687 ERROR: vampire.server.feeding.FeedingRecord sendPlayerStartGameMsg [playerId=447249, prey=false, _predatorIndex=]

>>>>BeginStats

>>>>BeginTable
PlayerId, StartTime, EndTime, ProgenyPayout, XPFromFeeding, FeedingGames, MeanFeedingScore, BloodBond, Progeny, GrandProgeny, Sire, Level, Invites
100300, 1241810943932, 1241812330237, 0, 671, 2, 282.5, 0, 2, 0, 447249, 4, 0
1007244, 1241802695609, 1241802718645, 0, 0, 0, 0, 0, 0, 0, 0, 1, 
1023595, 1241798826063, 1241799480374, 0, 378, 4, 94.5, 0, 0, 0, 1092321, 2, 
10260, 1241811965055, , 26.900000000000002, 7439, 14, 441.14285714285717, 8527, 10, 9, 713, 16, 2
103033, 1241812967598, , 90.95, 221, 1, 136, 767143, 13, 14, 81899, 6, 1
103144, , , 265.79999999999995, 0, 0, 0, 0, 5, 8, 116005, , 
1036473, 1241806660407, 1241807137251, 0, 506, 2, 225, 0, 0, 0, 96912, 2, 
104252, , , 85.6, 0, 0, 0, 0, 1, 1, 10642, , 
1062, 1241811437362, , 0, 6761, 19, 372.2631578947368, 54776, 11, 7, 713, 16, 2
106239, 1241798375384, 1241798423045, 0, 0, 0, 0, 0, 0, 0, 5842, 4, 2
10628, 1241810169010, 1241811067425, 0, 273, 2, 142, 0, 0, 0, 1265, 4, 0
1062853, , , 93.8, 0, 0, 0, 0, 9, 20, 1124214, , 
10634, 1241808984866, 1241811553038, 0, 3218, 11, 235.27272727272728, 11600, 2, 0, 713, 5, 2
10642, 1241800405139, 1241801750004, 154.85000000000002, 7560, 9, 763.1111111111111, 447249, 32, 46, 351598, 16, 2
106870, 1241813301882, 1241813359129, 0, 0, 0, 0, 0, 1, 0, 87198, 4, 
108338, , , 10.200000000000001, 0, 0, 0, 0, 1, 6, 288860, , 
1085269, 1241804547820, 1241804573791, 0, 0, 0, 0, 0, 0, 0, 0, 1, 
1088819, 1241813624627, 1241813656876, 0, 0, 0, 0, 0, 0, 0, 0, 1, 
1089041, 1241799831666, 1241801957973, 0, 269, 3, 86, 0, 0, 0, 10260, 3, 
1092321, , , 100.9, 0, 0, 0, 0, 30, 2, 35568, , 
1101, 1241809079366, 1241809305652, 0, 0, 0, 0, 0, 2, 18, 239981, 9, 1
1108399, 1241808315777, 1241808706071, 0, 90, 1, 90, 0, 0, 0, 153097, 2, 
1110484, 1241814440961, , 0, 467, 2, 233.5, 153097, 0, 0, 153097, 4, 0
1111437, 1241812842976, 1241813906776, 0, 354, 4, 88.5, 0, 2, 0, 70997, 2, 
1119385, 1241803017071, 1241810818443, 64.5, 4249, 25, 140.68, 0, 1, 0, 3200, 3, 
1122449, , , 58.25, 0, 0, 0, 0, 15, 7, 555728, , 
112602, , , 4.15, 0, 0, 0, 0, 1, 2, 121983, , 
113162, 1241802737141, 1241805302116, 0, 1342, 8, 106.625, 0, 0, 0, 154004, 2, 
113237, , , 497.15000000000003, 0, 0, 0, 0, 9, 20, 10642, , 
1133308, 1241810898717, 1241810945237, 0, 0, 0, 0, 0, 0, 0, 0, 1, 
1133427, 1241800167168, 1241800459034, 0, 109, 1, 95, 0, 0, 0, 0, 1, 
1138221, 1241808336141, 1241808870435, 0, 373, 2, 211, 1283799, 0, 0, 269484, 4, 
11460, , , 272.15000000000003, 0, 0, 0, 0, 1, 13, 41022, , 
1151568, 1241811212174, 1241811252388, 0, 0, 0, 0, 0, 0, 0, 217283, 1, 
11600, 1241810414881, 1241811729740, 0, 1333, 4, 365.5, 10634, 9, 0, 171581, 7, 10
116005, , , 105.4, 0, 0, 0, 0, 6, 5, 130627, , 
1162172, 1241813141425, , 0, 1262, 6, 181.66666666666666, 1181188, 1, 0, 835426, 4, 0
118185, 1241812792710, 1241813196279, 0, 209, 2, 104.5, 0, 0, 0, 0, 1, 
118975, 1241801485293, 1241801638131, 0, 0, 0, 0, 0, 1, 1, 160138, 12, 2
12, , , 6262.650000000002, 0, 0, 0, 0, 20, 96, 383387, , 
1203396, 1241812931634, 1241812959248, 0, 0, 0, 0, 0, 0, 0, 0, 1, 
1207080, 1241803233695, 1241803686120, 0, 135, 1, 115, 0, 0, 0, 0, 1, 
1207373, 1241800295157, 1241800517322, 0, 135, 1, 140, 0, 0, 0, 0, 1, 
1208580, , , 87.9, 0, 0, 0, 0, 1, 0, 885698, , 
1209405, 1241799743477, 1241800043348, 0, 179, 1, 103, 0, 0, 0, 3200, 1, 
123961, , , 229.7, 0, 0, 0, 0, 5, 22, 713, , 
1239706, 1241799761605, 1241800488359, 0, 652, 3, 129.33333333333334, 0, 0, 0, 447249, 2, 
124119, 1241803111325, 1241803254590, 0, 0, 0, 0, 0, 0, 0, 1127083, 3, 
1241857, 1241807321202, 1241810964245, 100.15, 6776, 25, 401.64, 261567, 4, 3, 259344, 8, 1
1252256, 1241810169079, 1241810398200, 0, 0, 0, 0, 0, 0, 0, 0, 1, 
1253913, 1241808090801, 1241808580348, 0, 252, 1, 131, 0, 0, 0, 249619, 1, 
1255618, 1241813054777, , 0, 1165, 4, 233.75, 110735, 2, 0, 206148, 4, 0
1264653, 1241810220411, 1241810230221, 0, 0, 0, 0, 0, 0, 0, 101052, 3, 
1265, , , 27.3, 0, 0, 0, 0, 15, 31, 12, , 
1267242, 1241802564250, 1241804699387, 0, 1544, 10, 107.2, 0, 0, 0, 642041, 2, 
1271614, 1241803144094, 1241803155079, 0, 0, 0, 0, 0, 0, 0, 0, 1, 
1274154, 1241802564075, 1241802634696, 0, 0, 0, 0, 0, 0, 0, 642041, 1, 
127818, 1241813535210, 1241813541930, 0, 0, 0, 0, 0, 3, 2, 506686, 1, 6
12791, 1241807118816, 1241807832257, 1497.6000000000001, 2650, 4, 678.5, 0, 15, 24, 12, 13, 2
1279627, 1241813236565, 1241813448500, 0, 183, 1, 194, 0, 0, 0, 524637, 2, 
1279761, 1241812767222, , 0, 1842, 10, 124.5, 0, 0, 0, 171513, 3, 0
1285504, , , 200.3, 0, 0, 0, 0, 3, 0, 1241857, , 
1287364, 1241806796894, 1241807158177, 0, 0, 0, 0, 0, 0, 0, 0, 1, 
1288202, 1241802222155, 1241802235504, 0, 0, 0, 0, 0, 0, 0, 1285504, 1, 
1288210, 1241805639212, 1241806018121, 0, 0, 0, 0, 0, 0, 0, 0, 1, 
130244, , , 144.6, 0, 0, 0, 0, 3, 6, 237967, , 
1303903, 1241813243420, 1241814040272, 0, 662, 4, 180.75, 0, 0, 0, 0, 1, 
1311203, 1241799610036, 1241799864733, 0, 0, 0, 0, 0, 0, 0, 1284093, 1, 
1320175, 1241803743029, 1241803811104, 0, 0, 0, 0, 0, 0, 0, 0, 1, 
1321824, 1241812983571, 1241812996591, 0, 0, 0, 0, 0, 0, 0, 0, 1, 
1323699, 1241803975030, 1241805063269, 0, 558, 3, 101.66666666666667, 0, 0, 0, 307471, 1, 
1325276, 1241814191744, 1241814260873, 0, 0, 0, 0, 0, 0, 0, 0, 1, 
1327731, 1241813563959, 1241813867020, 0, 0, 0, 0, 0, 0, 0, 0, 1, 
132921, , , 11, 0, 0, 0, 0, 9, 0, 211601, , 
1330645, 1241808520038, 1241808531537, 0, 0, 0, 0, 0, 0, 0, 0, 1, 
1330890, 1241808866554, 1241808886052, 0, 0, 0, 0, 0, 0, 0, 0, 1, 
1331190, 1241809299254, 1241810561519, 0, 1395, 7, 171.85714285714286, 0, 0, 0, 1119385, 2, 
1333314, 1241807762285, 1241808032105, 0, 0, 0, 0, 0, 0, 0, 0, 1, 
133697, 1241799755620, 1241800978156, 0, 482, 4, 148, 0, 2, 0, 510740, 3, 0
1342029, 1241810795501, 1241811107873, 0, 148, 1, 117, 0, 0, 0, 0, 1, 
1343542, 1241801527762, 1241802666799, 0, 551, 3, 115.66666666666667, 0, 0, 0, 447249, 1, 
1344192, 1241801222221, 1241801456718, 0, 0, 0, 0, 0, 0, 0, 0, 1, 
1345092, 1241803768394, 1241804468184, 0, 747, 3, 177.33333333333334, 0, 0, 0, 311783, 1, 
1345251, 1241801177776, 1241801220603, 0, 0, 0, 0, 0, 0, 0, 0, 1, 
1345315, 1241800209393, 1241800223393, 0, 0, 0, 0, 0, 0, 0, 0, 1, 
134574, , , 99.20000000000002, 0, 0, 0, 0, 1, 0, 43240, , 
1346063, 1241803621434, 1241803958153, 0, 2620, 11, 139.8181818181818, 0, 0, 0, 54776, 2, 
1346176, 1241805572560, 1241805618954, 0, 0, 0, 0, 0, 0, 0, 0, 1, 
1346468, 1241802061409, 1241802097550, 0, 0, 0, 0, 0, 0, 0, 1285504, 1, 
1346522, 1241804864470, 1241805764264, 0, 426, 4, 108.75, 0, 0, 0, 0, 1, 
1346597, 1241805163679, 1241806648440, 0, 2003, 8, 145, 0, 0, 0, 1285504, 2, 
1346857, 1241805610231, 1241806130301, 0, 361, 1, 158, 0, 0, 0, 0, 1, 
1347440, 1241809920139, 1241813180690, 0, 6345, 19, 358.05263157894734, 0, 0, 0, 836050, 3, 
1347608, 1241804222283, 1241804385030, 0, 0, 0, 0, 0, 0, 0, 0, 1, 
1349408, 1241808956280, 1241808965018, 0, 0, 0, 0, 0, 0, 0, 0, 1, 
1349559, 1241810815848, 1241810925912, 0, 0, 0, 0, 0, 0, 0, 0, 1, 
1349600, 1241808534154, 1241808583138, 0, 0, 0, 0, 0, 0, 0, 0, 1, 
1350318, 1241811136560, 1241811154010, 0, 0, 0, 0, 0, 0, 0, 0, 1, 
1350411, 1241811525974, 1241811544827, 0, 0, 0, 0, 0, 0, 0, 0, 1, 
1350479, 1241811465722, 1241811795555, 0, 0, 0, 0, 0, 0, 0, 0, 1, 
1350850, 1241812654438, , 0, 1100, 4, 149.25, 0, 0, 0, 1802, 2, 0
1351010, 1241811734661, 1241811874681, 0, 0, 0, 0, 0, 0, 0, 0, 1, 
1351737, 1241811993003, 1241812102032, 0, 0, 0, 0, 0, 0, 0, 0, 1, 
1352831, 1241813953866, 1241813980602, 0, 0, 0, 0, 0, 0, 0, 0, 1, 
138741, , , 25.3, 0, 0, 0, 0, 1, 2, 437210, , 
140986, , , 88.00000000000001, 0, 0, 0, 0, 4, 0, 187381, , 
141194, 1241802308023, 1241802830837, 0, 370, 2, 117.5, 0, 0, 0, 80094, 1, 
141785, , , 43.900000000000006, 0, 0, 0, 0, 3, 3, 366598, , 
142301, 1241803616438, 1241803864755, 0, 0, 0, 0, 0, 0, 0, 241925, 1, 
143538, , , 338.8, 0, 0, 0, 0, 2, 25, 1531, , 
144606, 1241810270530, 1241810278865, 0, 439, 1, 522, 0, 3, 4, 141785, 7, 2
145497, , , 131.9, 0, 0, 0, 0, 1, 2, 1062853, , 
153097, , , 55.7, 0, 0, 0, 0, 19, 0, 1062853, , 
1531, 1241812286556, 1241814451911, 0, 20926, 34, 646.7941176470589, 503, 6, 14, 12, 16, 3
154004, , , 138.95000000000002, 0, 0, 0, 0, 10, 7, 90041, , 
155004, 1241798278109, 1241799288147, 0, 1319, 6, 219.83333333333334, 0, 2, 0, 145497, 3, 
155393, 1241808106697, 1241809780110, 0, 992, 5, 105.8, 0, 0, 0, 134574, 2, 0
156275, 1241807520657, 1241807774158, 0, 0, 0, 0, 0, 0, 0, 0, 1, 0
156489, 1241812908108, 1241813237818, 21.85, 1041, 3, 401.3333333333333, 154238, 16, 23, 713, 9, 1
158630, , , 26.750000000000004, 0, 0, 0, 0, 5, 1, 304445, , 
160138, , , 52.800000000000004, 0, 0, 0, 0, 7, 8, 150469, , 
166371, , , 18.65, 0, 0, 0, 0, 2, 13, 267622, , 
16825, , , 278.1, 0, 0, 0, 0, 14, 9, 4139, , 
170191, , , 285.7, 0, 0, 0, 0, 3, 10, 202873, , 
170316, , , 68.3, 0, 0, 0, 0, 4, 1, 210210, , 
1704, , , 123.5, 0, 0, 0, 0, 2, 5, 33541, , 
171513, 1241812226713, 1241812238490, 184.20000000000002, 1936, 5, 346.2, 0, 10, 7, 170191, 12, 2
171581, , , 133.3, 0, 0, 0, 0, 1, 9, 73304, , 
176400, 1241810015064, 1241813818172, 0, 3257, 13, 180.76923076923077, 0, 0, 0, 21067, 3, 
179762, 1241806547916, 1241809738238, 0, 568, 2, 109, 0, 0, 0, 0, 2, 0
1802, 1241810041214, 1241813518189, 110, 2108, 9, 323.77777777777777, 995, 8, 2, 103144, 12, 2
181164, 1241803188461, 1241803195872, 0, 0, 0, 0, 0, 0, 0, 0, 1, 
183913, 1241810500669, 1241810979423, 0, 108, 1, 108, 0, 0, 0, 447249, 2, 
187381, , , 44.00000000000001, 0, 0, 0, 0, 7, 4, 2843, , 
188678, 1241803985971, 1241804439521, 0, 5606, 5, 1262.6, 0, 0, 0, 0, 3, 
1892, 1241809700914, 1241813740345, 18.35, 3478, 10, 431.2, 33511, 20, 6, 995, 12, 2
192120, , , 28.700000000000003, 0, 0, 0, 0, 2, 7, 209500, , 
196462, , , 95.35, 0, 0, 0, 0, 2, 12, 392944, , 
199427, , , 875.4500000000002, 0, 0, 0, 0, 1, 9, 208602, , 
199955, 1241807723931, 1241809378208, 0, 958, 4, 148, 0, 1, 0, 81899, 4, 1
20106, 1241813231805, 1241813381163, 0, 0, 0, 0, 229006, 4, 3, 5842, 8, 1
20260, , , 867.3999999999997, 0, 0, 0, 0, 18, 16, 12, , 
202873, , , 96.8, 0, 0, 0, 0, 1, 3, 341164, , 
206148, , , 116.5, 0, 0, 0, 0, 1, 2, 1122449, , 
208602, , , 403.35, 0, 0, 0, 0, 7, 1, 351626, , 
209812, 1241810571850, 1241810606424, 0, 0, 0, 0, 0, 1, 0, 4139, 4, 0
210003, 1241802605573, 1241803078201, 0, 287, 1, 268, 0, 0, 0, 39030, 1, 
210210, , , 34.15, 0, 0, 0, 0, 4, 5, 381607, , 
21067, 1241809850651, 1241811246348, 281.3, 2178, 8, 294.5, 0, 3, 45, 302907, 8, 4
211527, 1241808029567, 1241809527912, 0, 0, 0, 0, 0, 1, 0, 197740, 3, 
211601, , , 5.5, 0, 0, 0, 0, 1, 9, 7078, , 
211715, , , 6.75, 0, 0, 0, 0, 2, 3, 299646, , 
217283, , , 36.7, 0, 0, 0, 0, 65, 3, 57393, , 
223864, , , 327, 0, 0, 0, 0, 7, 36, 160138, , 
227007, 1241808879503, 1241811041102, 0, 2233, 8, 389.625, 0, 3, 5, 43402, 8, 1
22707, , , 24.900000000000002, 0, 0, 0, 0, 7, 19, 8842, , 
237967, , , 72.3, 0, 0, 0, 0, 3, 7, 336228, , 
241998, 1241809877468, 1241810104075, 0, 0, 0, 0, 0, 0, 0, 161610, 3, 0
244924, 1241813536012, 1241813716150, 0, 0, 0, 0, 0, 0, 0, 0, 1, 
249619, 1241809917291, 1241812978214, 25.200000000000003, 4622, 26, 107.23076923076923, 0, 1, 0, 298666, 3, 
25664, , , 54.9, 0, 0, 0, 0, 1, 3, 43402, , 
256746, , , 83.5, 0, 0, 0, 0, 5, 30, 61984, , 
259344, , , 1024.0000000000005, 0, 0, 0, 0, 23, 22, 143538, , 
269092, 1241800127350, 1241803858240, 0, 683, 5, 122.8, 0, 1, 2, 170316, 4, 1
269328, 1241811998257, 1241812002230, 0, 0, 0, 0, 0, 0, 0, 0, 1, 
269484, , , 37.3, 0, 0, 0, 0, 12, 0, 166371, , 
271936, 1241800647935, 1241801781915, 0, 587, 1, 185, 0, 3, 0, 887964, 4, 
2779, 1241800102276, 1241800756797, 0, 387, 3, 129, 0, 0, 0, 0, 1, 
2796, , , 169.60000000000002, 0, 0, 0, 0, 5, 0, 259344, , 
282780, 1241799387786, 1241799804366, 0, 95, 1, 95, 0, 0, 0, 0, 1, 
283855, , , 108.9, 0, 0, 0, 0, 1, 2, 98128, , 
2843, 1241812896680, 1241813749354, 0, 4854, 10, 527.1, 5212, 8, 33, 3383, 13, 11
285205, , , 9.5, 0, 0, 0, 0, 7, 0, 154004, , 
285870, 1241803960446, 1241804423267, 0, 5606, 5, 979.6, 0, 0, 0, 0, 3, 
294591, 1241799932587, 1241799951340, 0, 0, 0, 0, 0, 0, 0, 0, 1, 
298207, 1241809648908, 1241809718003, 0, 0, 0, 0, 0, 0, 0, 1032874, 2, 
298666, , , 535.7999999999998, 0, 0, 0, 0, 8, 1, 259344, , 
302907, , , 358.45000000000005, 0, 0, 0, 0, 2, 3, 283855, , 
307471, 1241802007614, 1241806184427, 55.800000000000004, 2468, 9, 447.77777777777777, 0, 7, 19, 12, 10, 4
309096, , , 57.400000000000006, 0, 0, 0, 0, 7, 1, 192120, , 
311783, 1241803806267, 1241805941126, 60.7, 2418, 11, 291.54545454545456, 0, 13, 3, 11460, 10, 7
3200, 1241810436835, 1241810796010, 475.05000000000007, 1056, 4, 389.25, 71724, 36, 22, 223864, 13, 2
320641, 1241810042704, 1241810633635, 0, 0, 0, 0, 0, 1, 1, 200818, 2, 0
325853, 1241808583270, 1241809846950, 0, 661, 6, 96.16666666666667, 0, 0, 0, 92600, 2, 0
32654, , , 109.8, 0, 0, 0, 0, 3, 0, 25664, , 
333608, 1241808842641, 1241810312140, 0, 83, 1, 107, 0, 2, 0, 5212, 7, 3
33541, , , 61.75, 0, 0, 0, 0, 1, 2, 12, , 
336620, 1241813360389, 1241813638168, 0, 0, 0, 0, 0, 0, 0, 157713, 2, 
3383, 1241806724936, 1241808417749, 485.40000000000003, 12549, 19, 571.7368421052632, 8842, 6, 10, 12791, 16, 2
338409, 1241806527545, 1241806583525, 0, 0, 0, 0, 0, 6, 4, 65584, 6, 4
34950, 1241808874317, 1241809248965, 0, 214, 2, 109.5, 111408, 0, 0, 20260, 2, 0
351598, , , 756, 0, 0, 0, 0, 1, 32, 359624, , 
35568, , , 18.900000000000002, 0, 0, 0, 0, 3, 30, 258951, , 
359624, , , 378, 0, 0, 0, 0, 4, 1, 201132, , 
366598, , , 21.950000000000003, 0, 0, 0, 0, 1, 3, 388185, , 
373583, 1241808246855, 1241810938158, 15.200000000000001, 2192, 11, 156.8181818181818, 0, 1, 0, 413254, 3, 
383387, , , 1721.05, 0, 0, 0, 0, 7, 57, 0, , 
3865, , , 8.3, 0, 0, 0, 0, 2, 1, 112602, , 
39030, 1241809192536, 1241810781328, 28.700000000000003, 810, 4, 138.25, 60678, 12, 7, 196462, 7, 2
392944, , , 40.5, 0, 0, 0, 0, 2, 2, 206649, , 
397835, , , 143.29999999999998, 0, 0, 0, 0, 5, 35, 47379, , 
4012, 1241809313363, 1241810155904, 0, 83, 1, 165, 3865, 1, 0, 3865, 4, 2
41022, , , 120.90000000000002, 0, 0, 0, 0, 2, 1, 412796, , 
413249, 1241812928916, , 0, 0, 0, 0, 0, 1, 0, 94072, 6, 1
413254, 1241808257383, 1241810826632, 46.7, 1819, 7, 276.42857142857144, 8401, 4, 1, 8401, 5, 2
4139, 1241807895968, 1241808990077, 100.44999999999999, 16803, 26, 748.9230769230769, 44987, 25, 23, 713, 19, 3
4141, 1241802492995, 1241804758140, 0, 1696, 8, 232, 0, 0, 0, 2796, 3, 
420097, , , 53.50000000000001, 0, 0, 0, 0, 1, 0, 158630, , 
421572, 1241808978986, 1241810942187, 0, 610, 3, 103.33333333333333, 0, 0, 0, 298666, 3, 0
430717, 1241809548230, 1241810065841, 0, 835, 3, 331.3333333333333, 503425, 30, 25, 256746, 12, 6
43240, , , 49.60000000000001, 0, 0, 0, 0, 1, 1, 144593, , 
43386, 1241813660945, , 0, 1446, 5, 469.4, 106210, 6, 4, 130244, 8, 6
43402, , , 492.45, 0, 0, 0, 0, 12, 6, 123961, , 
438480, 1241801956210, 1241802022927, 0, 0, 0, 0, 0, 0, 0, 0, 1, 
43915, 1241802355610, 1241802361112, 0, 0, 0, 0, 0, 0, 0, 61984, 2, 0
447249, 1241813935889, , 137.5, 8067, 12, 741.6666666666666, 10642, 9, 5, 199427, 15, 2
461591, 1241814324569, , 0, 0, 0, 0, 0, 2, 1, 119892, 3, 2
47379, 1241813018101, 1241813189314, 0, 0, 0, 0, 0, 4, 5, 54776, 6, 1
479607, 1241810754996, 1241810797861, 0, 0, 0, 0, 0, 0, 0, 539580, 1, 0
502119, , , 49.800000000000004, 0, 0, 0, 0, 12, 6, 22707, , 
505544, , , 13.5, 0, 0, 0, 0, 3, 0, 211715, , 
510740, , , 48.2, 0, 0, 0, 0, 70, 5, 534632, , 
5212, 1241808221583, 1241808386053, 8.3, 177, 1, 353, 2843, 17, 16, 156489, 14, 2
522658, , , 22.6, 0, 0, 0, 0, 6, 4, 10642, , 
523719, 1241810446174, 1241810453385, 0, 0, 0, 0, 0, 0, 0, 0, 1, 
524637, , , 18.3, 0, 0, 0, 0, 1, 0, 83320, , 
52818, 1241802568566, 1241803233081, 0, 0, 0, 0, 1118266, 4, 1, 367452, 4, 0
533, 1241805954298, , 0, 4077, 7, 491, 535, 10, 11, 20260, 14, 2
534632, , , 24.1, 0, 0, 0, 0, 7, 70, 445660, , 
541655, , , 634.9, 0, 0, 0, 0, 1, 22, 126451, , 
54776, 1241813682983, , 194.8, 8766, 27, 448.037037037037, 1062, 80, 33, 89757, 16, 3
55009, 1241810197885, 1241810739052, 0, 574, 3, 212.33333333333334, 0, 1, 3, 309096, 4, 0
559, 1241805230405, 1241805420869, 0, 226, 1, 183, 0, 4, 0, 522658, 4, 
561727, 1241814100947, , 0, 879, 5, 121.8, 0, 0, 0, 1208580, 1, 0
561864, , , 36.7, 0, 0, 0, 0, 1, 0, 1892, , 
563105, 1241809302280, 1241810758165, 0, 0, 0, 0, 0, 0, 0, 285205, 1, 
57393, , , 18.35, 0, 0, 0, 0, 6, 69, 159420, , 
575201, 1241813720653, , 0, 0, 0, 0, 0, 0, 0, 147628, 1, 0
575545, 1241814300269, , 0, 0, 0, 0, 0, 5, 0, 10642, 4, 2
57825, 1241802417062, 1241802450303, 0, 0, 0, 0, 0, 0, 0, 8938, 1, 
581636, 1241814199719, 1241814214724, 0, 0, 0, 0, 0, 0, 0, 0, 1, 
597005, 1241814196807, , 0, 0, 0, 0, 0, 2, 1, 603011, 4, 0
612389, 1241809539684, 1241810978928, 0, 623, 4, 152.5, 0, 0, 0, 373583, 1, 
613661, 1241800805911, 1241803202364, 0, 367, 2, 222, 0, 0, 0, 561864, 3, 0
61984, , , 41.75, 0, 0, 0, 0, 3, 5, 61045, , 
622935, 1241808415446, 1241809908173, 0, 1098, 7, 137.14285714285714, 0, 0, 0, 32654, 2, 
624616, 1241806209964, 1241808441700, 0, 856, 4, 155.75, 0, 1, 0, 104252, 3, 
624632, 1241800226072, 1241800661481, 0, 135, 1, 129, 0, 0, 0, 505544, 2, 
632287, 1241804539701, 1241804872318, 0, 95, 1, 89, 0, 0, 0, 285205, 1, 
633362, 1241813532079, 1241813568590, 0, 0, 0, 0, 0, 0, 0, 0, 1, 
63415, 1241809786351, 1241814154063, 0, 12698, 41, 327.6829268292682, 0, 11, 1, 8938, 7, 3
64152, , , 20.400000000000002, 0, 0, 0, 0, 6, 0, 108338, , 
642041, 1241801759109, 1241806097203, 154.4, 2009, 10, 139.1, 0, 3, 3, 16825, 4, 1
643236, 1241800511990, 1241800793036, 0, 110, 1, 92, 0, 0, 0, 132921, 2, 
70557, 1241810083499, 1241811877060, 0, 498, 1, 164, 0, 6, 24, 502119, 5, 2
70997, , , 305.09999999999997, 0, 0, 0, 0, 35, 12, 397835, , 
713, 1241811877770, , 3548.4999999999995, 8377, 15, 501, 1265, 11, 79, 12, 19, 6
73304, , , 66.65, 0, 0, 0, 0, 2, 1, 53030, , 
759000, 1241808402534, 1241808914370, 0, 409, 2, 147.5, 0, 0, 0, 140986, 1, 
764326, 1241813575282, 1241814285325, 0, 471, 3, 154, 0, 0, 0, 140986, 1, 
767078, 1241813169761, 1241813200715, 0, 0, 0, 0, 0, 0, 0, 752237, 1, 
782580, 1241800803636, 1241801551095, 0, 367, 2, 144.5, 0, 0, 0, 217283, 2, 
80094, 1241800678577, 1241803853532, 37, 2512, 8, 331.875, 65812, 10, 1, 70997, 6, 4
802319, , , 58.95, 0, 0, 0, 0, 2, 6, 773108, , 
817673, 1241810821296, 1241811355310, 0, 204, 1, 146, 0, 0, 0, 64152, 2, 
81899, , , 117.9, 0, 0, 0, 0, 6, 14, 802319, , 
83320, , , 9.15, 0, 0, 0, 0, 4, 1, 96838, , 
835426, , , 126.2, 0, 0, 0, 0, 2, 1, 1092321, , 
836050, 1241810482747, 1241811156063, 591.3000000000001, 2015, 7, 411.2857142857143, 592692, 14, 6, 113237, 8, 2
8401, , , 201.45, 0, 0, 0, 0, 8, 4, 103033, , 
844058, 1241812472798, , 0, 121, 1, 139, 0, 0, 0, 0, 1, 0
881995, 1241813902099, 1241813985402, 0, 0, 0, 0, 0, 0, 0, 1092321, 1, 
885698, , , 43.95, 0, 0, 0, 0, 4, 1, 836050, , 
887964, , , 58.7, 0, 0, 0, 0, 2, 3, 919861, , 
8938, 1241802602050, 1241802954041, 1269.8, 0, 0, 0, 0, 22, 13, 541655, 6, 3
89757, , , 974.0000000000001, 0, 0, 0, 0, 3, 80, 20260, , 
90041, , , 67.10000000000001, 0, 0, 0, 0, 1, 10, 258951, , 
9067, 1241809800492, 1241809918201, 0, 0, 0, 0, 0, 0, 0, 8938, 2, 
913234, 1241800694237, 1241800824484, 0, 0, 0, 0, 0, 0, 0, 0, 1, 
919861, , , 29.35, 0, 0, 0, 0, 1, 2, 171151, , 
921283, 1241811584229, 1241811658114, 0, 0, 0, 0, 0, 4, 2, 338409, 4, 
92600, 1241804828252, 1241806430571, 66.10000000000001, 2361, 9, 338.22222222222223, 0, 1, 0, 43402, 3, 0
93412, 1241812789373, 1241813458187, 0, 535, 3, 178.33333333333334, 0, 0, 0, 420097, 3, 0
968, 1241813963242, , 0, 1235, 3, 388.3333333333333, 0, 5, 3, 1704, 11, 2
96912, , , 50.6, 0, 0, 0, 0, 2, 0, 138741, , 
971101, 1241812958338, 1241814118129, 0, 0, 0, 0, 0, 1, 0, 135526, 3, 
995, , , 347.8, 0, 0, 0, 0, 13, 20, 12, , 
<<<<EndTable

PlayersOnlineNow=21
PlayersOnlineEachMinute=0, 2, 4, 3, 5, 5, 5, 4, 4, 4, 5, 6, 6, 6, 7, 8, 7, 8, 8, 10, 10, 11, 11, 13, 12, 15, 15, 15, 15, 16, 14, 16, 18, 19, 20, 20, 20, 18, 18, 16, 16, 19, 17, 19, 19, 20, 18, 17, 19, 20, 20, 18, 20, 20, 20, 19, 18, 20, 18, 17, 18, 19, 17, 18, 19, 18, 19, 17, 18, 18, 17, 16, 19, 19, 19, 20, 18, 18, 18, 18, 20, 22, 21, 17, 17, 17, 15, 15, 15, 16, 17, 17, 20, 19, 17, 15, 17, 16, 17, 17, 18, 18, 17, 15, 14, 15, 14, 14, 12, 11, 12, 13, 12, 13, 12, 13, 14, 15, 14, 14, 13, 13, 13, 14, 14, 13, 13, 13, 13, 14, 13, 11, 10, 11, 11, 11, 10, 9, 11, 10, 10, 11, 12, 12, 12, 12, 12, 12, 12, 12, 12, 14, 14, 14, 14, 15, 15, 15, 16, 15, 14, 15, 15, 15, 17, 17, 17, 20, 22, 23, 22, 23, 23, 23, 22, 23, 24, 26, 26, 25, 24, 23, 25, 24, 28, 27, 26, 25, 24, 26, 27, 28, 27, 26, 26, 27, 28, 31, 31, 33, 32, 29, 29, 31, 32, 31, 29, 29, 27, 26, 25, 24, 20, 19, 18, 16, 17, 15, 14, 14, 17, 17, 17, 15, 16, 16, 14, 13, 13, 14, 14, 13, 13, 13, 14, 13, 13, 15, 15, 16, 15, 15, 18, 19, 21, 22, 23, 24, 25, 23, 25, 26, 25, 23, 22, 26, 25, 25, 22, 21, 20, 21, 21, 20, 21, 20, 22, 20, 22, 21
PlayersInEachFeedingGame=1, 2, 1, 1, 1, 1, 1, 2, 1, 1, 2, 2, 2, 1, 2, 1, 1, 1, 1, 2, 2, 2, 1, 2, 2, 1, 2, 2, 4, 1, 2, 2, 2, 2, 1, 2, 2, 2, 2, 2, 2, 1, 2, 2, 2, 1, 1, 1, 2, 2, 1, 2, 2, 1, 2, 2, 2, 2, 1, 2, 2, 2, 2, 1, 2, 2, 1, 1, 2, 1, 2, 2, 2, 2, 2, 2, 2, 2, 2, 3, 3, 2, 1, 2, 2, 2, 2, 2, 2, 1, 2, 2, 1, 2, 2, 2, 2, 2, 1, 2, 1, 2, 2, 1, 2, 2, 2, 1, 1, 1, 2, 2, 2, 2, 2, 2, 1, 2, 2, 2, 2, 2, 2, 2, 2, 2, 2, 1, 2, 2, 2, 2, 2, 2, 1, 2, 2, 2, 1, 2, 2, 2, 2, 2, 2, 2, 3, 2, 1, 1, 1, 2, 2, 2, 2, 2, 1, 1, 1, 3, 2, 2, 2, 2, 2, 2, 2, 1, 2, 2, 1, 2, 2, 2, 1, 2, 1, 3, 2, 2, 2, 1, 2, 2, 2, 2, 2, 2, 2, 2, 2, 2, 2, 2, 2, 2, 2, 2, 2, 1, 2, 2, 2, 2, 2, 2, 2, 2, 2, 2, 2, 2, 1, 2, 2, 1, 2, 1, 2, 1, 2, 2, 1, 1, 2, 2, 1, 2, 2, 2, 2, 2, 2, 2, 1, 1, 3, 3, 2, 2, 3, 2, 2, 2, 2, 1, 1, 2, 1, 2, 2, 2, 1, 2, 2, 2, 2, 1, 1, 2, 1, 1, 2, 2, 2, 2, 1, 2, 2, 1, 2, 2, 1, 1, 2, 2, 3, 2, 2, 2, 2, 2
PlayersStarted=315
PlayersQuit=294
StatsStartTime=1241798276021
StatsDumpTime=1241814477222
<<<<EndStats
2009-05-08 13:28:20,822 ERROR: vampire.server.feeding.FeedingRecord sendPlayerStartGameMsg [playerId=561727, prey=false, _predatorIndex=447249]
2009-05-08 13:29:17,637 ERROR: vampire.server.feeding.FeedingRecord sendPlayerStartGameMsg [playerId=176400, prey=true, _predatorIndex=]
2009-05-08 13:29:17,638 ERROR: vampire.server.feeding.FeedingRecord sendPlayerStartGameMsg [playerId=63415, prey=false, _predatorIndex=]
2009-05-08 13:29:39,293 ERROR: vampire.server.feeding.FeedingRecord sendPlayerStartGameMsg [playerId=103033, prey=true, _predatorIndex=]
2009-05-08 13:29:39,294 ERROR: vampire.server.feeding.FeedingRecord sendPlayerStartGameMsg [playerId=1062, prey=false, _predatorIndex=]
2009-05-08 13:30:12,583 ERROR: vampire.server.feeding.FeedingRecord sendPlayerStartGameMsg [playerId=1255618, prey=true, _predatorIndex=]
2009-05-08 13:30:12,584 ERROR: vampire.server.feeding.FeedingRecord sendPlayerStartGameMsg [playerId=1110484, prey=false, _predatorIndex=]
2009-05-08 13:30:32,709 ERROR: vampire.server.feeding.FeedingRecord sendPlayerStartGameMsg [playerId=43386, prey=true, _predatorIndex=]
2009-05-08 13:30:32,710 ERROR: vampire.server.feeding.FeedingRecord sendPlayerStartGameMsg [playerId=447249, prey=false, _predatorIndex=]
2009-05-08 13:30:36,435 ERROR: vampire.server.feeding.FeedingRecord sendPlayerStartGameMsg [playerId=597005, prey=false, _predatorIndex=1062]
2009-05-08 13:30:50,984 ERROR: vampire.server.feeding.FeedingRecord sendPlayerStartGameMsg [playerId=561727, prey=false, _predatorIndex=447249]
2009-05-08 13:32:06,883 ERROR: vampire.server.feeding.FeedingRecord sendPlayerStartGameMsg [playerId=63415, prey=false, _predatorIndex=]
2009-05-08 13:32:38,273 ERROR: vampire.server.feeding.FeedingRecord sendPlayerStartGameMsg [playerId=968, prey=true, _predatorIndex=]
2009-05-08 13:32:38,274 ERROR: vampire.server.feeding.FeedingRecord sendPlayerStartGameMsg [playerId=713, prey=false, _predatorIndex=]
2009-05-08 13:33:30,336 ERROR: vampire.server.feeding.FeedingRecord sendPlayerStartGameMsg [playerId=457012, prey=true, _predatorIndex=]
2009-05-08 13:33:30,337 ERROR: vampire.server.feeding.FeedingRecord sendPlayerStartGameMsg [playerId=1110484, prey=false, _predatorIndex=]
2009-05-08 13:34:08,251 ERROR: vampire.server.feeding.FeedingRecord sendPlayerStartGameMsg [playerId=176400, prey=true, _predatorIndex=]
2009-05-08 13:34:08,252 ERROR: vampire.server.feeding.FeedingRecord sendPlayerStartGameMsg [playerId=575545, prey=false, _predatorIndex=]
2009-05-08 13:35:30,912 ERROR: vampire.server.feeding.FeedingRecord sendPlayerStartGameMsg [playerId=1255618, prey=false, _predatorIndex=]
2009-05-08 13:36:13,984 ERROR: vampire.server.feeding.FeedingRecord sendPlayerStartGameMsg [playerId=1110484, prey=false, _predatorIndex=575545]
2009-05-08 13:37:37,265 ERROR: vampire.server.feeding.FeedingRecord sendPlayerStartGameMsg [playerId=43386, prey=true, _predatorIndex=]
2009-05-08 13:37:37,266 ERROR: vampire.server.feeding.FeedingRecord sendPlayerStartGameMsg [playerId=1110484, prey=false, _predatorIndex=]

