2009-04-26 13:30:21,996 ERROR: vampire.server.feeding.FeedingRecord sendPlayerStartGameMsg [playerId=66540, prey=false, _predatorIndex=]
2009-04-26 13:31:13,163 ERROR: vampire.server.feeding.FeedingRecord sendPlayerStartGameMsg [playerId=82254, prey=true, _predatorIndex=]
2009-04-26 13:31:13,164 ERROR: vampire.server.feeding.FeedingRecord sendPlayerStartGameMsg [playerId=10642, prey=false, _predatorIndex=]
2009-04-26 13:31:52,048 ERROR: vampire.server.feeding.FeedingRecord sendPlayerStartGameMsg [playerId=797824, prey=false, _predatorIndex=]
2009-04-26 13:31:58,072 ERROR: vampire.server.feeding.FeedingRecord sendPlayerStartGameMsg [playerId=518342, prey=true, _predatorIndex=]
2009-04-26 13:31:58,073 ERROR: vampire.server.feeding.FeedingRecord sendPlayerStartGameMsg [playerId=141461, prey=false, _predatorIndex=]
2009-04-26 13:32:02,340 ERROR: vampire.server.feeding.FeedingRecord sendPlayerStartGameMsg [playerId=139625, prey=false, _predatorIndex=]
2009-04-26 13:32:05,854 ERROR: vampire.server.feeding.FeedingRecord sendPlayerStartGameMsg [playerId=140986, prey=true, _predatorIndex=]
2009-04-26 13:32:05,855 ERROR: vampire.server.feeding.FeedingRecord sendPlayerStartGameMsg [playerId=123961, prey=false, _predatorIndex=]
2009-04-26 13:32:07,440 ERROR: vampire.server.feeding.FeedingRecord sendPlayerStartGameMsg [playerId=95872, prey=false, _predatorIndex=]

>>>>BeginStats

>>>>BeginTable
PlayerId, StartTime, EndTime, ProgenyPayout, XPFromFeeding, FeedingGames, MeanFeedingScore, BloodBond, Progeny, GrandProgeny, Sire, Level, Invites
101128,1240775810641,0,0,203,2,97.5,0,0,0,271936,1,0
10642,1240777049791,0,56.900000000000006,541,2,325.5,447249,24,30,351598,13,2
106870,1240775767746,1240777745746,0,686,5,149.2,0,0,0,87198,3,null
113237,1240776468819,1240776932380,0,569,2,284.5,0,6,0,10642,4,null
115195,1240777649882,0,0,742,6,74.66666666666667,0,0,0,218716,1,0
12,undefined,0,2008.3999999999999,0,0,0,0,19,72,383387,undefined,undefined
120076,1240777546727,0,0,1990,6,273.1666666666667,0,9,2,34987,5,1
123961,1240776759176,0,0,4065,8,612.75,878,5,18,713,13,2
124516,1240777791526,0,0,0,0,0,0,0,0,159201,4,0
1265,1240776460074,0,0,4835,8,725.5,713,9,17,12,15,3
126987,1240777658026,1240777669888,0,0,0,0,0,0,0,41022,2,0
12791,undefined,0,497.1,0,0,0,0,9,5,12,undefined,undefined
128639,undefined,0,45.400000000000006,0,0,0,0,1,1,20731,undefined,undefined
131355,1240775641638,1240776016828,0,0,0,0,0,1,2,461901,4,0
132921,undefined,0,41.7,0,0,0,0,6,2,211601,undefined,undefined
133482,undefined,0,27,0,0,0,0,5,2,180951,undefined,undefined
135504,1240775888113,1240775952915,0,0,0,0,139439,2,1,75123,4,0
139625,1240775654137,0,0,3140,16,193.1875,0,0,0,415376,3,0
140573,1240777605896,0,0,0,0,0,0,0,0,178528,3,0
140986,1240777450388,0,10.700000000000001,219,2,113,0,4,0,187381,3,0
141461,1240777860938,0,0,0,0,0,0,2,0,468188,4,1
142178,undefined,0,2.2,0,0,0,0,2,14,73621,undefined,undefined
143023,1240776913432,1240777154252,0,199,1,75,0,0,0,510740,1,null
144124,1240775633370,1240775964084,0,368,2,122,0,0,0,304536,2,0
151709,1240776331132,0,0,0,0,0,475837,2,1,510740,3,0
159194,1240777615558,0,0,0,0,0,0,0,0,178269,4,3
159888,1240775657231,1240775699134,0,0,0,0,0,0,0,300612,1,null
163435,1240775864731,1240775927766,0,0,0,0,0,0,0,0,1,null
166074,1240775615233,0,0,686,3,245,301294,4,0,308219,5,2
167609,1240776059194,1240777272024,0,454,3,122,0,1,0,128639,2,null
168234,undefined,0,21.700000000000003,0,0,0,0,6,1,100080,undefined,undefined
16825,undefined,0,8.5,0,0,0,0,13,1,4139,undefined,undefined
170191,undefined,0,89.20000000000002,0,0,0,0,2,6,202873,undefined,undefined
171151,1240776152232,1240777032558,27.95,0,0,0,77,30,17,21067,13,3
171513,1240776588199,1240776612628,6.300000000000001,892,3,306,0,6,6,170191,10,2
172214,1240776499935,1240776589282,0,0,0,0,0,1,0,133482,1,1
172743,1240777260415,1240777387008,0,0,0,0,0,0,0,261567,4,0
173395,undefined,0,19.650000000000002,0,0,0,0,5,5,130244,undefined,undefined
176511,undefined,0,157,0,0,0,0,2,1,154346,undefined,undefined
17790,1240776468793,1240777848085,0,4773,8,579.5,20260,11,10,20260,13,3
179326,undefined,0,16.8,0,0,0,0,2,2,185581,undefined,undefined
180951,undefined,0,13.5,0,0,0,0,1,5,153510,undefined,undefined
185581,undefined,0,8.4,0,0,0,0,1,2,209656,undefined,undefined
187381,undefined,0,27.250000000000004,0,0,0,0,6,4,2843,undefined,undefined
188114,undefined,0,34.3,0,0,0,0,2,1,261567,undefined,undefined
188229,undefined,0,80.5,0,0,0,0,1,4,168234,undefined,undefined
1892,undefined,0,11,0,0,0,0,15,1,995,undefined,undefined
191354,1240775886237,1240776284803,0,434,2,142.5,0,0,0,261567,2,0
191984,1240777895360,0,4.4,0,0,0,191950,14,4,142178,8,6
192472,1240775540239,1240775718473,0,0,0,0,0,0,0,163514,3,1
192883,1240777508429,1240777637163,0,0,0,0,0,8,2,210210,7,5
196543,1240776045179,0,0,632,4,157.75,0,1,0,32314,3,1
196663,1240775749345,0,0,1906,12,146.5,0,0,0,60542,2,0
202328,undefined,0,58.95,0,0,0,0,5,4,173395,undefined,undefined
20260,1240776473412,1240777781419,477.3,5001,9,595.4444444444445,17790,15,35,12,16,13
202873,undefined,0,44.60000000000001,0,0,0,0,1,2,341164,undefined,undefined
20731,undefined,0,22.700000000000003,0,0,0,0,6,1,16040,undefined,undefined
20899,1240775878086,0,0,0,0,0,0,1,0,55922,2,0
209187,1240777233218,0,0,44,1,87,0,0,0,191984,1,0
211601,undefined,0,20.85,0,0,0,0,1,6,7078,undefined,undefined
217283,undefined,0,16.8,0,0,0,0,19,1,57393,undefined,undefined
218716,1240775863048,0,74.2,434,2,425,0,4,0,188229,8,5
228878,1240775874432,1240775906102,0,0,0,0,0,0,0,0,1,null
234191,1240776133144,1240776155954,0,0,0,0,0,0,0,121984,2,0
237231,undefined,0,21.700000000000003,0,0,0,0,2,24,20260,undefined,undefined
240065,1240775908784,1240776084951,0,0,0,0,0,0,0,167153,3,0
256746,undefined,0,32.15,0,0,0,0,5,28,61984,undefined,undefined
258951,1240776825425,1240777243168,0,0,0,0,555644,10,14,1265,11,8
261567,undefined,0,43.400000000000006,0,0,0,0,24,2,237231,undefined,undefined
271936,1240775623213,1240777642786,9.600000000000001,372,3,107,0,1,0,887964,1,null
2843,undefined,0,10.950000000000001,0,0,0,0,7,18,3383,undefined,undefined
299874,1240776112500,1240776120634,0,0,0,0,0,0,0,69257,2,0
300612,1240775542285,1240775629035,16.3,0,0,0,0,3,0,610359,3,0
304455,1240777622016,1240777629639,0,0,0,0,0,0,0,317371,4,0
304536,undefined,0,36.800000000000004,0,0,0,0,4,0,39171,undefined,undefined
306241,1240777653401,1240777658560,0,0,0,0,0,0,0,586681,1,null
308219,undefined,0,68.6,0,0,0,0,1,4,188114,undefined,undefined
308635,undefined,0,10.05,0,0,0,0,10,1,122194,undefined,undefined
317383,undefined,0,4.2,0,0,0,0,1,2,344937,undefined,undefined
322248,1240777056340,1240777167084,0,0,0,0,0,2,3,124493,4,0
32314,undefined,0,63.2,0,0,0,0,10,1,40508,undefined,undefined
329201,1240775998426,1240776434819,0,163,2,81.5,0,0,0,300612,1,null
3383,1240776484948,0,0,4971,9,459.3333333333333,968,4,9,12791,13,2
349835,undefined,0,8.450000000000001,0,0,0,0,4,1,140094,undefined,undefined
34987,undefined,0,199.00000000000003,0,0,0,0,2,10,8842,undefined,undefined
351598,undefined,0,82.55000000000001,0,0,0,0,1,24,359624,undefined,undefined
35169,1240777093132,1240777317250,0,0,0,0,0,0,0,0,1,null
359624,undefined,0,27.05,0,0,0,0,3,1,201132,undefined,undefined
367641,1240775702296,1240776054914,0,0,0,0,0,0,0,300612,1,null
371343,1240776320285,0,0,0,0,0,0,3,2,220964,5,2
383387,undefined,0,491.8,0,0,0,0,4,47,0,undefined,undefined
39171,undefined,0,18.400000000000002,0,0,0,0,8,4,102770,undefined,undefined
398860,undefined,0,16.900000000000002,0,0,0,0,1,0,349835,undefined,undefined
40508,undefined,0,31.6,0,0,0,0,4,10,23340,undefined,undefined
4139,1240776981992,0,4.25,2717,5,718,16040,11,20,713,14,3
415376,undefined,0,314,0,0,0,0,1,0,176511,undefined,undefined
430717,undefined,0,99.95000000000002,0,0,0,0,28,1,256746,undefined,undefined
445660,undefined,0,33.45,0,0,0,0,4,5,54812,undefined,undefined
475837,undefined,0,71.30000000000001,0,0,0,0,1,0,430717,undefined,undefined
478872,1240777746915,1240777870192,0,0,0,0,0,0,0,157229,1,0
483143,1240775566933,1240775923947,0,126,1,126,0,0,0,797824,1,null
486760,1240777525596,1240777576542,0,84,1,84,0,0,0,57395,4,0
503,undefined,0,397,0,0,0,0,4,1,12,undefined,undefined
510740,1240776078473,0,19.900000000000002,669,4,237.75,230164,51,37,534632,16,15
518342,1240777817079,0,0,0,0,0,0,1,0,210163,2,0
534632,undefined,0,76.85000000000001,0,0,0,0,5,51,445660,undefined,undefined
545157,1240775578079,1240775896404,0,169,1,226,0,0,0,398860,2,0
546231,undefined,0,12.600000000000001,0,0,0,0,4,0,171513,undefined,undefined
548201,1240776388409,1240777091313,0,0,0,0,0,1,0,217283,2,null
57393,undefined,0,8.4,0,0,0,0,5,22,159420,undefined,undefined
57395,undefined,0,8.4,0,0,0,0,2,0,317383,undefined,undefined
57717,undefined,0,30.35,0,0,0,0,4,4,110178,undefined,undefined
578918,1240775702001,1240777905172,0,168,1,168,0,2,0,179326,3,0
586681,1240777851862,0,0,0,0,0,0,6,7,10642,4,6
58859,1240776333762,1240776418344,0,0,0,0,43017,4,2,396113,12,2
60542,1240776542499,0,190.60000000000002,3313,11,385.27272727272725,167153,2,0,63964,8,1
610359,undefined,0,8.15,0,0,0,0,1,3,21457,undefined,undefined
618828,1240775933035,1240775966733,0,0,0,0,0,0,0,518207,2,null
63047,1240775860777,0,0,980,9,100.88888888888889,0,0,0,887964,2,0
630671,1240776533416,1240777044048,0,417,3,157.66666666666666,0,2,0,132921,4,null
639206,1240776547648,1240776555200,0,0,0,0,0,0,0,510740,1,null
63964,undefined,0,426.6,0,0,0,0,4,2,79181,undefined,undefined
641729,1240776265430,1240776678592,0,126,1,99,0,0,0,546231,1,null
643827,1240777609390,1240777623187,0,0,0,0,0,0,0,0,1,null
66540,1240777759222,0,0,0,0,0,0,0,0,0,1,0
691188,1240775540236,1240775755163,0,85,1,85,161236,1,2,16825,3,null
713,undefined,0,678.2,0,0,0,0,9,18,12,undefined,undefined
718536,1240776457096,1240776981189,39.300000000000004,393,1,489,720155,4,1,202328,5,1
720155,1240776509808,1240776977069,0,393,1,297,718536,0,0,718536,4,null
755785,1240777412460,1240777776405,0,110,1,220,0,1,0,1892,3,null
764326,1240777690595,1240777901692,0,411,2,135,0,0,0,140986,1,null
767143,undefined,0,34.3,0,0,0,0,7,2,355917,undefined,undefined
769463,1240775809507,1240777317550,0,643,4,152.5,0,0,0,430717,3,null
77969,undefined,0,20.1,0,0,0,0,1,0,308635,undefined,undefined
79181,undefined,0,165.65,0,0,0,0,2,4,116005,undefined,undefined
79279,1240777272606,0,0,330,3,110,0,0,0,133482,1,0
797824,1240775868761,0,12.600000000000001,607,2,259,574401,6,1,82321,5,2
809490,1240775833218,1240776169324,0,0,0,0,0,0,0,821335,1,null
82254,1240777843789,0,0,0,0,0,102796,1,0,133482,4,0
82321,undefined,0,67,0,0,0,0,4,6,57717,undefined,undefined
8527,1240776797898,0,0,3970,7,335.42857142857144,2090,1,0,503,6,1
870091,1240776495914,1240776615587,0,0,0,0,0,0,0,0,1,null
87198,undefined,0,68.6,0,0,0,0,2,0,767143,undefined,undefined
873537,1240775821422,1240775976459,0,0,0,0,0,0,0,0,1,null
878678,1240777156711,1240777191541,0,0,0,0,0,0,0,0,1,null
881391,1240775565717,0,0,201,3,65.33333333333333,0,0,0,77969,2,0
881995,1240777255897,1240777695998,0,0,0,0,0,0,0,0,1,null
8842,1240776580431,1240776587856,99.50000000000001,0,0,0,22707,11,18,1531,13,6
887964,1240775555090,1240776827148,140.00000000000003,559,5,104,0,2,1,919861,2,null
890052,1240777455898,1240777627254,0,713,6,122.66666666666667,0,0,0,475837,2,null
896436,1240777134966,0,0,168,1,167,0,0,0,217283,2,0
902911,1240775722338,1240775732291,0,0,0,0,0,0,0,0,1,null
905316,1240776012990,1240776068271,0,0,0,0,0,0,0,0,1,null
919861,undefined,0,123.5,0,0,0,0,1,2,171151,undefined,undefined
921826,1240776019563,1240776094039,0,0,0,0,0,0,0,0,1,null
925922,1240777477875,1240777905641,0,0,0,0,0,0,0,0,1,null
926876,1240777246385,1240777250679,0,0,0,0,0,0,0,0,1,null
95872,1240777591566,0,0,89,1,89,0,0,0,0,1,0
995,undefined,0,5.5,0,0,0,0,1,15,12,undefined,undefined
<<<<EndTable

PlayersOnlineNow=36
PlayersOnlineEachMinute=0, 9, 15, 17, 18, 21, 30, 29, 27, 28, 28, 29, 29, 27, 32, 30, 33, 38, 39, 36, 34, 35, 36, 37, 36, 36, 36, 37, 36, 38, 35, 33, 34, 36, 38, 40, 38, 37, 37, 39
PlayersInEachFeedingGame=1, 1, 2, 2, 1, 2, 1, 1, 2, 2, 3, 2, 1, 1, 2, 1, 1, 1, 2, 1, 1, 1, 1, 1, 1, 2, 2, 2, 2, 2, 1, 2, 2, 3, 1, 2, 2, 1, 2, 2, 2, 1, 2, 2, 2, 1, 2, 1, 2, 1, 2, 2, 2, 2, 1, 1, 1, 2, 1, 2, 1, 2, 1, 1, 2, 1, 1, 1, 2, 1, 2, 1, 1, 1, 1, 2, 1, 2, 1, 2
PlayersStarted=139
PlayersQuit=103
StatsStartTime=1240775529676
StatsDumpTime=1240777929792
<<<<EndStats
2009-04-26 13:32:27,006 ERROR: vampire.server.feeding.FeedingRecord sendPlayerStartGameMsg [playerId=120076, prey=false, _predatorIndex=123961]
2009-04-26 13:32:41,588 ERROR: vampire.server.feeding.FeedingRecord sendPlayerStartGameMsg [playerId=66540, prey=false, _predatorIndex=63047]
2009-04-26 13:32:56,492 ERROR: vampire.server.feeding.FeedingRecord sendPlayerStartGameMsg [playerId=510740, prey=true, _predatorIndex=]
2009-04-26 13:32:56,493 ERROR: vampire.server.feeding.FeedingRecord sendPlayerStartGameMsg [playerId=140573, prey=false, _predatorIndex=]
2009-04-26 13:33:11,170 ERROR: vampire.server.feeding.FeedingRecord sendPlayerStartGameMsg [playerId=196543, prey=true, _predatorIndex=]
2009-04-26 13:33:11,171 ERROR: vampire.server.feeding.FeedingRecord sendPlayerStartGameMsg [playerId=66540, prey=false, _predatorIndex=]
2009-04-26 13:33:14,461 ERROR: vampire.server.feeding.FeedingRecord sendPlayerStartGameMsg [playerId=510740, prey=true, _predatorIndex=]
2009-04-26 13:33:14,461 ERROR: vampire.server.feeding.FeedingRecord sendPlayerStartGameMsg [playerId=140573, prey=false, _predatorIndex=]
2009-04-26 13:34:01,712 ERROR: vampire.server.feeding.FeedingRecord sendPlayerStartGameMsg [playerId=79279, prey=false, _predatorIndex=]
2009-04-26 13:34:10,669 ERROR: vampire.server.feeding.FeedingRecord sendPlayerStartGameMsg [playerId=196663, prey=false, _predatorIndex=]
2009-04-26 13:34:26,510 ERROR: vampire.server.feeding.FeedingRecord sendPlayerStartGameMsg [playerId=191984, prey=true, _predatorIndex=]
2009-04-26 13:34:26,511 ERROR: vampire.server.feeding.FeedingRecord sendPlayerStartGameMsg [playerId=896436, prey=false, _predatorIndex=]
2009-04-26 13:35:42,874 ERROR: vampire.server.feeding.FeedingRecord sendPlayerStartGameMsg [playerId=95872, prey=false, _predatorIndex=]
2009-04-26 13:35:53,960 ERROR: vampire.server.feeding.FeedingRecord sendPlayerStartGameMsg [playerId=797824, prey=false, _predatorIndex=]
2009-04-26 13:35:59,217 ERROR: vampire.server.feeding.FeedingRecord sendPlayerStartGameMsg [playerId=95872, prey=false, _predatorIndex=]
2009-04-26 13:36:07,300 ERROR: vampire.server.feeding.FeedingRecord sendPlayerStartGameMsg [playerId=66540, prey=true, _predatorIndex=]
2009-04-26 13:36:07,300 ERROR: vampire.server.feeding.FeedingRecord sendPlayerStartGameMsg [playerId=196543, prey=false, _predatorIndex=]
2009-04-26 13:36:40,469 ERROR: vampire.server.feeding.FeedingRecord sendPlayerStartGameMsg [playerId=261567, prey=false, _predatorIndex=]
2009-04-26 13:36:44,042 ERROR: vampire.server.feeding.FeedingRecord sendPlayerStartGameMsg [playerId=518342, prey=false, _predatorIndex=]
2009-04-26 13:36:58,229 ERROR: vampire.server.feeding.FeedingRecord sendPlayerStartGameMsg [playerId=196663, prey=true, _predatorIndex=]
2009-04-26 13:36:58,229 ERROR: vampire.server.feeding.FeedingRecord sendPlayerStartGameMsg [playerId=769463, prey=false, _predatorIndex=]
2009-04-26 13:37:54,195 ERROR: vampire.server.feeding.FeedingRecord sendPlayerStartGameMsg [playerId=101128, prey=true, _predatorIndex=]
2009-04-26 13:37:54,196 ERROR: vampire.server.feeding.FeedingRecord sendPlayerStartGameMsg [playerId=141461, prey=false, _predatorIndex=]
2009-04-26 13:38:55,364 ERROR: vampire.server.feeding.FeedingRecord sendPlayerStartGameMsg [playerId=3383, prey=true, _predatorIndex=]
2009-04-26 13:38:55,364 ERROR: vampire.server.feeding.FeedingRecord sendPlayerStartGameMsg [playerId=8842, prey=false, _predatorIndex=]
2009-04-26 13:39:30,648 ERROR: vampire.server.feeding.FeedingRecord sendPlayerStartGameMsg [playerId=261567, prey=false, _predatorIndex=]
2009-04-26 13:40:12,963 ERROR: vampire.server.feeding.FeedingRecord sendPlayerStartGameMsg [playerId=797824, prey=true, _predatorIndex=]
2009-04-26 13:40:12,963 ERROR: vampire.server.feeding.FeedingRecord sendPlayerStartGameMsg [playerId=82254, prey=false, _predatorIndex=]
2009-04-26 13:40:44,273 ERROR: vampire.server.feeding.FeedingRecord sendPlayerStartGameMsg [playerId=1892, prey=true, _predatorIndex=]
2009-04-26 13:40:44,274 ERROR: vampire.server.feeding.FeedingRecord sendPlayerStartGameMsg [playerId=141461, prey=false, _predatorIndex=]
2009-04-26 13:40:56,503 ERROR: vampire.server.feeding.FeedingRecord sendPlayerStartGameMsg [playerId=196543, prey=true, _predatorIndex=]
2009-04-26 13:40:56,504 ERROR: vampire.server.feeding.FeedingRecord sendPlayerStartGameMsg [playerId=769463, prey=false, _predatorIndex=]
2009-04-26 13:41:18,207 ERROR: vampire.server.feeding.FeedingRecord sendPlayerStartGameMsg [playerId=123961, prey=true, _predatorIndex=]
2009-04-26 13:41:18,207 ERROR: vampire.server.feeding.FeedingRecord sendPlayerStartGameMsg [playerId=66540, prey=false, _predatorIndex=]
2009-04-26 13:41:47,964 ERROR: vampire.server.feeding.FeedingRecord sendPlayerStartGameMsg [playerId=261567, prey=false, _predatorIndex=]

>>>>BeginStats

>>>>BeginTable
PlayerId, StartTime, EndTime, ProgenyPayout, XPFromFeeding, FeedingGames, MeanFeedingScore, BloodBond, Progeny, GrandProgeny, Sire, Level, Invites
101128,1240775810641,0,0,482,3,110.66666666666667,0,0,0,271936,1,0
10642,1240777049791,1240778004344,56.900000000000006,1119,3,494,447249,24,30,351598,13,2
106870,1240775767746,1240777745746,0,686,5,149.2,0,0,0,87198,3,null
113237,1240776468819,1240776932380,0,569,2,284.5,0,6,0,10642,4,null
115195,1240777649882,1240778261630,0,800,7,72.28571428571429,0,0,0,218716,1,0
118794,1240778496923,0,0,0,0,0,0,0,0,172329,2,0
12,undefined,0,2283.3499999999995,0,0,0,0,19,82,383387,undefined,undefined
120076,1240777546727,1240777968529,0,1990,6,273.1666666666667,0,9,2,34987,5,1
123961,1240776759176,0,0,4192,9,559.8888888888889,878,5,18,713,13,2
124516,1240777791526,1240778119026,0,0,0,0,0,0,0,159201,4,0
1265,1240776460074,0,0,6363,10,821.2,713,9,17,12,15,3
126987,1240777658026,1240777669888,0,0,0,0,0,0,0,41022,2,0
12791,undefined,0,689.3000000000001,0,0,0,0,9,5,12,undefined,undefined
128639,undefined,0,45.400000000000006,0,0,0,0,1,1,20731,undefined,undefined
129222,1240778058817,1240778074416,0,0,0,0,0,0,0,261567,1,0
131355,1240775641638,1240776016828,0,0,0,0,0,1,2,461901,4,0
132921,undefined,0,41.7,0,0,0,0,6,2,211601,undefined,undefined
133482,undefined,0,84.80000000000001,0,0,0,0,5,2,180951,undefined,undefined
135504,1240775888113,1240775952915,0,0,0,0,139439,2,1,75123,4,0
139625,1240775654137,0,0,3822,20,188.65,0,0,0,415376,3,0
140573,1240777605896,1240778402450,0,0,0,0,0,0,0,178528,3,0
140986,1240777450388,0,10.700000000000001,346,3,114,0,4,0,187381,3,0
141461,1240777860938,0,0,937,3,492.3333333333333,0,2,0,468188,5,1
142178,undefined,0,76.9,0,0,0,0,2,14,73621,undefined,undefined
143023,1240776913432,1240777154252,0,199,1,75,0,0,0,510740,1,null
143309,1240778429281,1240778439862,0,0,0,0,0,0,0,1265,3,0
144124,1240775633370,1240775964084,0,368,2,122,0,0,0,304536,2,0
148695,1240778436772,0,0,0,0,0,306511,8,6,161896,9,4
151709,1240776331132,1240778470799,0,0,0,0,475837,2,1,510740,3,null
1531,undefined,0,39.400000000000006,0,0,0,0,3,11,12,undefined,undefined
159194,1240777615558,0,0,0,0,0,0,0,0,178269,4,3
159888,1240775657231,1240775699134,0,0,0,0,0,0,0,300612,1,null
163435,1240775864731,1240775927766,0,0,0,0,0,0,0,0,1,null
166074,1240775615233,1240778167051,0,686,3,245,301294,4,0,308219,5,2
167609,1240776059194,1240777272024,0,454,3,122,0,1,0,128639,2,null
168234,undefined,0,21.700000000000003,0,0,0,0,6,1,100080,undefined,undefined
16825,undefined,0,8.5,0,0,0,0,13,1,4139,undefined,undefined
170191,undefined,0,89.20000000000002,0,0,0,0,2,6,202873,undefined,undefined
171151,1240776152232,1240777032558,27.95,0,0,0,77,30,17,21067,13,3
171513,1240776588199,1240776612628,6.300000000000001,892,3,306,0,6,6,170191,10,2
172214,1240776499935,1240776589282,0,0,0,0,0,1,0,133482,1,1
172743,1240777260415,1240777387008,0,0,0,0,0,0,0,148695,4,0
173395,undefined,0,19.650000000000002,0,0,0,0,5,5,130244,undefined,undefined
176511,undefined,0,191.1,0,0,0,0,2,1,154346,undefined,undefined
17790,1240776468793,1240777848085,0,4773,8,579.5,20260,11,10,20260,13,3
179326,undefined,0,16.8,0,0,0,0,2,2,185581,undefined,undefined
180951,undefined,0,42.400000000000006,0,0,0,0,1,5,153510,undefined,undefined
185581,undefined,0,8.4,0,0,0,0,1,2,209656,undefined,undefined
187381,undefined,0,39.95,0,0,0,0,6,4,2843,undefined,undefined
188114,undefined,0,34.3,0,0,0,0,2,1,261567,undefined,undefined
188229,undefined,0,83.4,0,0,0,0,1,4,168234,undefined,undefined
1892,1240778290521,0,11,0,0,0,455390,15,6,995,10,2
191354,1240775886237,1240776284803,0,434,2,142.5,0,0,0,261567,2,0
191984,1240778016703,0,4.4,747,1,1348,191950,14,4,142178,8,6
192472,1240775540239,1240775718473,0,0,0,0,0,0,0,163514,3,1
192883,1240777508429,1240777637163,0,0,0,0,0,8,2,210210,7,5
196543,1240776045179,0,26.700000000000003,959,7,150.14285714285714,0,2,0,32314,3,1
196663,1240775749345,1240778463237,0,2193,14,146.64285714285714,0,0,0,60542,2,0
202328,undefined,0,58.95,0,0,0,0,5,4,173395,undefined,undefined
20260,1240776473412,1240777781419,528,5001,9,595.4444444444445,17790,15,35,12,16,13
202873,undefined,0,44.60000000000001,0,0,0,0,1,2,341164,undefined,undefined
20731,undefined,0,22.700000000000003,0,0,0,0,6,1,16040,undefined,undefined
20899,1240775878086,1240777956716,0,0,0,0,0,1,0,55922,2,0
209187,1240777233218,1240778189271,0,44,1,87,0,0,0,191984,1,null
210163,undefined,0,65.80000000000001,0,0,0,0,8,1,255725,undefined,undefined
211601,undefined,0,20.85,0,0,0,0,1,6,7078,undefined,undefined
217283,undefined,0,91.5,0,0,0,0,19,1,57393,undefined,undefined
218716,1240775863048,1240777962209,80,434,2,425,0,4,0,188229,8,5
228878,1240775874432,1240775906102,0,0,0,0,0,0,0,0,1,null
234191,1240776133144,1240776155954,0,0,0,0,0,0,0,121984,2,0
237231,undefined,0,123.10000000000001,0,0,0,0,2,25,20260,undefined,undefined
240065,1240775908784,1240776084951,0,0,0,0,0,0,0,167153,3,0
255725,undefined,0,32.900000000000006,0,0,0,0,1,8,309124,undefined,undefined
256746,undefined,0,39.15,0,0,0,0,5,28,61984,undefined,undefined
258951,1240776825425,1240777243168,0,0,0,0,555644,10,14,1265,11,8
261567,1240777942128,0,43.400000000000006,1014,2,507,0,25,5,237231,12,12
271936,1240775623213,1240777642786,37.5,372,3,107,0,1,0,887964,1,null
2843,undefined,0,17.3,0,0,0,0,7,18,3383,undefined,undefined
299874,1240776112500,1240776120634,0,0,0,0,0,0,0,69257,2,0
300612,1240775542285,1240775629035,16.3,0,0,0,0,3,0,610359,3,0
304455,1240777622016,1240777629639,0,0,0,0,0,0,0,317371,4,0
304536,undefined,0,36.800000000000004,0,0,0,0,4,0,39171,undefined,undefined
306241,1240777653401,1240777658560,0,0,0,0,0,0,0,586681,1,null
308219,undefined,0,68.6,0,0,0,0,1,4,188114,undefined,undefined
308635,undefined,0,10.05,0,0,0,0,10,1,122194,undefined,undefined
317383,undefined,0,4.2,0,0,0,0,1,2,344937,undefined,undefined
322248,1240777056340,1240777167084,0,0,0,0,0,2,3,124493,4,0
32314,undefined,0,109.25000000000001,0,0,0,0,10,2,40508,undefined,undefined
329201,1240775998426,1240776434819,0,163,2,81.5,0,0,0,300612,1,null
3383,1240776484948,0,0,6893,12,426.9166666666667,968,4,9,12791,13,2
349835,undefined,0,8.450000000000001,0,0,0,0,4,1,140094,undefined,undefined
34987,undefined,0,199.00000000000003,0,0,0,0,2,10,8842,undefined,undefined
351430,undefined,0,46.85000000000001,0,0,0,0,1,15,336228,undefined,undefined
351598,undefined,0,140.35000000000002,0,0,0,0,1,24,359624,undefined,undefined
35169,1240777093132,1240777317250,0,0,0,0,0,0,0,0,1,null
359624,undefined,0,55.95,0,0,0,0,3,1,201132,undefined,undefined
367641,1240775702296,1240776054914,0,0,0,0,0,0,0,300612,1,null
371343,1240776320285,0,0,0,0,0,0,3,2,220964,5,2
383387,undefined,0,568.2,0,0,0,0,4,47,0,undefined,undefined
39171,undefined,0,18.400000000000002,0,0,0,0,8,4,102770,undefined,undefined
398860,undefined,0,16.900000000000002,0,0,0,0,1,0,349835,undefined,undefined
40508,undefined,0,47.95,0,0,0,0,4,10,23340,undefined,undefined
4139,1240776981992,0,4.25,2717,5,718,16040,11,20,713,14,3
415376,undefined,0,382.2,0,0,0,0,1,0,176511,undefined,undefined
430717,undefined,0,113.95000000000002,0,0,0,0,28,1,256746,undefined,undefined
432820,1240778523081,0,0,0,0,0,0,0,0,181264,3,0
445660,undefined,0,40,0,0,0,0,4,5,54812,undefined,undefined
468188,undefined,0,93.70000000000002,0,0,0,0,15,2,351430,undefined,undefined
475837,undefined,0,71.30000000000001,0,0,0,0,1,0,430717,undefined,undefined
478872,1240777746915,1240777870192,0,0,0,0,0,0,0,157229,1,0
483143,1240775566933,1240775923947,0,126,1,126,0,0,0,797824,1,null
486760,1240777525596,1240777576542,0,84,1,84,0,0,0,57395,4,0
503,undefined,0,397,0,0,0,0,4,1,12,undefined,undefined
510740,1240776078473,0,19.900000000000002,800,5,242.4,230164,51,37,534632,16,15
518342,1240777817079,1240778257870,0,658,2,129.5,0,1,0,210163,2,null
53030,1240778464739,0,0,0,0,0,0,8,5,122907,12,3
534632,undefined,0,89.95000000000002,0,0,0,0,5,51,445660,undefined,undefined
545157,1240775578079,1240775896404,0,169,1,226,0,0,0,398860,2,0
546231,undefined,0,12.600000000000001,0,0,0,0,4,0,171513,undefined,undefined
5477,1240778139901,1240778279835,0,0,0,0,0,0,0,0,1,null
548201,1240776388409,1240777091313,0,0,0,0,0,1,0,217283,2,null
57393,undefined,0,45.75,0,0,0,0,5,22,159420,undefined,undefined
57395,undefined,0,8.4,0,0,0,0,2,0,317383,undefined,undefined
57717,undefined,0,50.300000000000004,0,0,0,0,4,4,110178,undefined,undefined
578918,1240775702001,1240777905172,0,168,1,168,0,2,0,179326,3,0
586681,1240777851862,1240778100233,0,0,0,0,0,6,7,10642,4,6
58859,1240776333762,1240776418344,0,0,0,0,43017,4,2,396113,12,2
60542,1240776542499,0,219.3,3313,11,385.27272727272725,167153,2,0,63964,8,1
610359,undefined,0,8.15,0,0,0,0,1,3,21457,undefined,undefined
618828,1240775933035,1240775966733,0,0,0,0,0,0,0,518207,2,null
63047,1240775860777,0,0,980,9,100.88888888888889,0,0,0,887964,2,0
630671,1240776533416,1240777044048,0,417,3,157.66666666666666,0,2,0,132921,4,null
639206,1240776547648,1240776555200,0,0,0,0,0,0,0,510740,1,null
63964,undefined,0,440.95000000000005,0,0,0,0,4,2,79181,undefined,undefined
641729,1240776265430,1240776678592,0,126,1,99,0,0,0,546231,1,null
643827,1240777609390,1240777623187,0,0,0,0,0,0,0,0,1,null
66540,1240777759222,0,0,267,2,116,0,0,0,196543,1,0
691188,1240775540236,1240775755163,0,85,1,85,161236,1,2,16825,3,null
691604,1240778305240,1240778313805,0,0,0,0,0,0,0,81597,1,null
695030,1240777981670,1240778105373,0,0,0,0,0,0,0,0,1,null
713,undefined,0,690.9000000000001,0,0,0,0,9,19,12,undefined,undefined
718536,1240776457096,1240776981189,39.300000000000004,393,1,489,720155,4,1,202328,5,1
720155,1240776509808,1240776977069,0,393,1,297,718536,0,0,718536,4,null
73621,undefined,0,37.35,0,0,0,0,2,2,112194,undefined,undefined
755785,1240777412460,1240777776405,0,110,1,220,0,1,0,1892,3,null
764326,1240777690595,1240777901692,0,411,2,135,0,0,0,140986,1,null
767143,undefined,0,34.3,0,0,0,0,7,2,355917,undefined,undefined
769463,1240778149138,0,0,783,5,148.4,0,0,0,430717,3,0
77969,undefined,0,20.1,0,0,0,0,1,0,308635,undefined,undefined
79181,undefined,0,165.65,0,0,0,0,2,4,116005,undefined,undefined
79279,1240777272606,1240778122609,0,330,3,110,0,0,0,133482,1,null
797824,1240775868761,0,12.600000000000001,1006,4,229.25,574401,6,1,82321,5,2
809490,1240775833218,1240776169324,0,0,0,0,0,0,0,821335,1,null
82254,1240778279109,0,0,578,1,325,102796,1,0,133482,4,0
82321,undefined,0,106.9,0,0,0,0,4,6,57717,undefined,undefined
8527,1240776797898,0,0,3970,7,335.42857142857144,2090,1,0,503,6,1
870091,1240776495914,1240776615587,0,0,0,0,0,0,0,0,1,null
87198,undefined,0,68.6,0,0,0,0,2,0,767143,undefined,undefined
873537,1240775821422,1240775976459,0,0,0,0,0,0,0,0,1,null
878678,1240777156711,1240777191541,0,0,0,0,0,0,0,0,1,null
881391,1240775565717,1240778147226,0,201,3,65.33333333333333,0,0,0,77969,2,null
881995,1240777255897,1240777695998,0,0,0,0,0,0,0,0,1,null
8842,1240778161751,0,99.50000000000001,394,1,446,22707,11,18,1531,13,6
887964,1240775555090,1240776827148,153.95000000000002,559,5,104,0,2,1,919861,2,null
890052,1240777455898,1240777627254,0,713,6,122.66666666666667,0,0,0,475837,2,null
896436,1240777134966,1240778269253,0,915,2,156,0,0,0,217283,2,null
902911,1240775722338,1240775732291,0,0,0,0,0,0,0,0,1,null
905316,1240776012990,1240776068271,0,0,0,0,0,0,0,0,1,null
919861,undefined,0,123.5,0,0,0,0,1,2,171151,undefined,undefined
921826,1240776019563,1240776094039,0,0,0,0,0,0,0,0,1,null
925922,1240777477875,1240777905641,0,0,0,0,0,0,0,0,1,null
926876,1240777246385,1240777250679,0,0,0,0,0,0,0,0,1,null
95872,1240777591566,1240778264464,0,204,2,102,0,0,0,0,1,null
995,undefined,0,5.5,0,0,0,0,11,15,12,undefined,undefined
<<<<EndTable

PlayersOnlineNow=27
PlayersOnlineEachMinute=0, 9, 15, 17, 18, 21, 30, 29, 27, 28, 28, 29, 29, 27, 32, 30, 33, 38, 39, 36, 34, 35, 36, 37, 36, 36, 36, 37, 36, 38, 35, 33, 34, 36, 38, 40, 38, 37, 37, 39, 36, 34, 34, 31, 30, 29, 25, 26, 25, 26
PlayersInEachFeedingGame=1, 1, 2, 2, 1, 2, 1, 1, 2, 2, 3, 2, 1, 1, 2, 1, 1, 1, 2, 1, 1, 1, 1, 1, 1, 2, 2, 2, 2, 2, 1, 2, 2, 3, 1, 2, 2, 1, 2, 2, 2, 1, 2, 2, 2, 1, 2, 1, 2, 1, 2, 2, 2, 2, 1, 1, 1, 2, 1, 2, 1, 2, 1, 1, 2, 1, 1, 1, 2, 1, 2, 1, 1, 1, 1, 2, 1, 2, 1, 2, 1, 2, 2, 1, 2, 1, 1, 2, 1, 1, 2, 2, 2, 1, 2, 2, 2, 2
PlayersStarted=159
PlayersQuit=132
StatsStartTime=1240775529676
StatsDumpTime=1240778529839
<<<<EndStats
2009-04-26 13:43:48,683 ERROR: vampire.server.feeding.FeedingRecord sendPlayerStartGameMsg [playerId=510740, prey=true, _predatorIndex=]
2009-04-26 13:43:48,684 ERROR: vampire.server.feeding.FeedingRecord sendPlayerStartGameMsg [playerId=432820, prey=false, _predatorIndex=]
2009-04-26 13:44:00,303 ERROR: vampire.server.feeding.FeedingRecord sendPlayerStartGameMsg [playerId=82254, prey=true, _predatorIndex=]
2009-04-26 13:44:00,304 ERROR: vampire.server.feeding.FeedingRecord sendPlayerStartGameMsg [playerId=191984, prey=false, _predatorIndex=]
2009-04-26 13:44:23,349 ERROR: vampire.server.feeding.FeedingRecord sendPlayerStartGameMsg [playerId=769463, prey=false, _predatorIndex=]
2009-04-26 13:45:40,165 ERROR: vampire.server.feeding.FeedingRecord sendPlayerStartGameMsg [playerId=1892, prey=true, _predatorIndex=]
2009-04-26 13:45:40,165 ERROR: vampire.server.feeding.FeedingRecord sendPlayerStartGameMsg [playerId=261567, prey=false, _predatorIndex=]
2009-04-26 13:45:52,004 ERROR: vampire.server.feeding.FeedingRecord sendPlayerStartGameMsg [playerId=58859, prey=false, _predatorIndex=261567]
2009-04-26 13:46:13,637 ERROR: vampire.server.feeding.FeedingRecord sendPlayerStartGameMsg [playerId=148695, prey=true, _predatorIndex=]
2009-04-26 13:46:13,638 ERROR: vampire.server.feeding.FeedingRecord sendPlayerStartGameMsg [playerId=141461, prey=false, _predatorIndex=]
2009-04-26 13:46:29,299 ERROR: vampire.server.feeding.FeedingRecord sendPlayerStartGameMsg [playerId=123961, prey=true, _predatorIndex=]
2009-04-26 13:46:29,299 ERROR: vampire.server.feeding.FeedingRecord sendPlayerStartGameMsg [playerId=58859, prey=false, _predatorIndex=]
2009-04-26 13:46:29,325 ERROR: vampire.server.feeding.FeedingRecord sendPlayerStartGameMsg [playerId=66540, prey=false, _predatorIndex=58859]
2009-04-26 13:46:41,371 ERROR: vampire.server.feeding.FeedingRecord sendPlayerStartGameMsg [playerId=191984, prey=false, _predatorIndex=261567,58859]
2009-04-26 13:46:49,490 ERROR: vampire.server.feeding.FeedingRecord sendPlayerStartGameMsg [playerId=139625, prey=true, _predatorIndex=]
2009-04-26 13:46:49,491 ERROR: vampire.server.feeding.FeedingRecord sendPlayerStartGameMsg [playerId=797824, prey=false, _predatorIndex=]
2009-04-26 13:46:55,286 ERROR: vampire.server.feeding.FeedingRecord sendPlayerStartGameMsg [playerId=60542, prey=false, _predatorIndex=]
2009-04-26 13:46:57,894 ERROR: vampire.server.feeding.FeedingRecord sendPlayerStartGameMsg [playerId=4139, prey=true, _predatorIndex=]
2009-04-26 13:46:57,895 ERROR: vampire.server.feeding.FeedingRecord sendPlayerStartGameMsg [playerId=3383, prey=false, _predatorIndex=]
2009-04-26 13:47:00,131 ERROR: vampire.server.feeding.FeedingRecord sendPlayerStartGameMsg [playerId=769463, prey=true, _predatorIndex=]
2009-04-26 13:47:00,131 ERROR: vampire.server.feeding.FeedingRecord sendPlayerStartGameMsg [playerId=53030, prey=false, _predatorIndex=]
2009-04-26 13:47:22,604 ERROR: vampire.server.feeding.FeedingRecord sendPlayerStartGameMsg [playerId=191984, prey=false, _predatorIndex=261567,58859,191984]
2009-04-26 13:48:59,130 ERROR: vampire.server.feeding.FeedingRecord sendPlayerStartGameMsg [playerId=432820, prey=false, _predatorIndex=53030]
2009-04-26 13:49:19,349 ERROR: vampire.server.feeding.FeedingRecord sendPlayerStartGameMsg [playerId=141461, prey=true, _predatorIndex=]
2009-04-26 13:49:19,349 ERROR: vampire.server.feeding.FeedingRecord sendPlayerStartGameMsg [playerId=923270, prey=false, _predatorIndex=]
2009-04-26 13:49:22,126 ERROR: vampire.server.feeding.FeedingRecord sendPlayerStartGameMsg [playerId=53030, prey=true, _predatorIndex=]
2009-04-26 13:49:22,126 ERROR: vampire.server.feeding.FeedingRecord sendPlayerStartGameMsg [playerId=432820, prey=false, _predatorIndex=]
2009-04-26 13:49:24,886 ERROR: vampire.server.feeding.FeedingRecord sendPlayerStartGameMsg [playerId=139625, prey=false, _predatorIndex=261567,58859,191984]
2009-04-26 13:49:43,060 ERROR: vampire.server.feeding.FeedingRecord sendPlayerStartGameMsg [playerId=148695, prey=true, _predatorIndex=]
2009-04-26 13:49:43,061 ERROR: vampire.server.feeding.FeedingRecord sendPlayerStartGameMsg [playerId=139625, prey=false, _predatorIndex=]
2009-04-26 13:49:48,808 ERROR: vampire.server.feeding.FeedingRecord sendPlayerStartGameMsg [playerId=3383, prey=true, _predatorIndex=]
2009-04-26 13:49:48,809 ERROR: vampire.server.feeding.FeedingRecord sendPlayerStartGameMsg [playerId=4139, prey=false, _predatorIndex=]
2009-04-26 13:49:54,839 ERROR: vampire.server.feeding.FeedingRecord sendPlayerStartGameMsg [playerId=797824, prey=false, _predatorIndex=]
2009-04-26 13:50:21,789 ERROR: vampire.server.feeding.FeedingRecord sendPlayerStartGameMsg [playerId=183759, prey=true, _predatorIndex=]
2009-04-26 13:50:21,790 ERROR: vampire.server.feeding.FeedingRecord sendPlayerStartGameMsg [playerId=261567, prey=false, _predatorIndex=]
2009-04-26 13:50:46,543 ERROR: vampire.server.feeding.FeedingRecord sendPlayerStartGameMsg [playerId=66513, prey=false, _predatorIndex=139625]
2009-04-26 13:51:16,821 ERROR: vampire.server.feeding.FeedingRecord sendPlayerStartGameMsg [playerId=1892, prey=true, _predatorIndex=]
2009-04-26 13:51:16,822 ERROR: vampire.server.feeding.FeedingRecord sendPlayerStartGameMsg [playerId=769463, prey=false, _predatorIndex=]
2009-04-26 13:51:30,592 ERROR: vampire.server.feeding.FeedingRecord sendPlayerStartGameMsg [playerId=66540, prey=false, _predatorIndex=769463]
2009-04-26 13:51:37,863 ERROR: vampire.server.feeding.FeedingRecord sendPlayerStartGameMsg [playerId=58859, prey=true, _predatorIndex=]
2009-04-26 13:51:37,864 ERROR: vampire.server.feeding.FeedingRecord sendPlayerStartGameMsg [playerId=191984, prey=false, _predatorIndex=]
2009-04-26 13:51:40,352 ERROR: vampire.server.feeding.FeedingRecord sendPlayerStartGameMsg [playerId=111249, prey=false, _predatorIndex=191984]

>>>>BeginStats

>>>>BeginTable
PlayerId, StartTime, EndTime, ProgenyPayout, XPFromFeeding, FeedingGames, MeanFeedingScore, BloodBond, Progeny, GrandProgeny, Sire, Level, Invites
101128,1240775810641,0,0,482,3,110.66666666666667,0,0,0,271936,1,0
10642,1240777049791,1240778004344,56.900000000000006,1119,3,494,447249,24,30,351598,13,2
106870,1240775767746,1240777745746,0,686,5,149.2,0,0,0,87198,3,null
111249,1240779061156,0,0,0,0,0,0,2,9,188370,8,3
113237,1240776468819,1240776932380,0,569,2,284.5,0,6,0,10642,4,null
115195,1240777649882,1240778261630,0,800,7,72.28571428571429,0,0,0,218716,1,0
118794,1240778496923,1240778749354,0,0,0,0,0,0,0,172329,2,0
12,undefined,0,2503.649999999999,0,0,0,0,19,84,383387,undefined,undefined
120076,1240777546727,1240777968529,0,1990,6,273.1666666666667,0,9,2,34987,5,1
122907,undefined,0,111.5,0,0,0,0,6,9,251062,undefined,undefined
123961,1240776759176,1240779057524,0,5447,13,532.3076923076923,878,5,18,713,13,2
124516,1240777791526,1240778119026,0,0,0,0,0,0,0,159201,4,0
1265,1240776460074,0,0,6363,10,821.2,713,9,17,12,15,3
126987,1240777658026,1240777669888,0,0,0,0,0,0,0,41022,2,0
12791,undefined,0,809.4000000000001,0,0,0,0,9,5,12,undefined,undefined
128639,undefined,0,45.400000000000006,0,0,0,0,1,1,20731,undefined,undefined
129222,1240778058817,1240778074416,0,0,0,0,0,0,0,261567,1,0
131355,1240775641638,1240776016828,0,0,0,0,0,1,2,461901,4,0
132646,undefined,0,27.3,0,0,0,0,8,1,202501,undefined,undefined
132921,undefined,0,41.7,0,0,0,0,6,2,211601,undefined,undefined
133482,undefined,0,126.50000000000001,0,0,0,0,5,2,180951,undefined,undefined
135504,1240775888113,1240775952915,0,0,0,0,139439,2,1,75123,4,0
139625,1240775654137,0,0,4791,25,191.04,0,0,0,415376,4,0
140573,1240777605896,1240778402450,0,0,0,0,0,0,0,178528,3,0
140986,1240777450388,1240778775349,10.700000000000001,346,3,114,0,4,0,187381,3,null
141461,1240777860938,0,0,1793,7,351.85714285714283,0,2,0,468188,5,1
142178,undefined,0,126.60000000000001,0,0,0,0,2,14,73621,undefined,undefined
143023,1240776913432,1240777154252,0,199,1,75,0,0,0,510740,1,null
143309,1240778429281,1240778439862,0,0,0,0,0,0,0,1265,3,0
144124,1240775633370,1240775964084,0,368,2,122,0,0,0,304536,2,0
148695,1240778436772,0,0,515,2,264,306511,8,6,161896,9,4
151709,1240776331132,1240778470799,0,0,0,0,475837,2,1,510740,3,null
1531,undefined,0,96.60000000000001,0,0,0,0,3,11,12,undefined,undefined
154004,1240778966052,1240778987226,0,0,0,0,561706,6,0,90041,4,0
159194,1240777615558,1240778592700,0,0,0,0,0,0,0,178269,4,3
159888,1240775657231,1240775699134,0,0,0,0,0,0,0,300612,1,null
163435,1240775864731,1240775927766,0,0,0,0,0,0,0,0,1,null
166074,1240775615233,1240778167051,0,686,3,245,301294,4,0,308219,5,2
167609,1240776059194,1240777272024,0,454,3,122,0,1,0,128639,2,null
168234,undefined,0,21.700000000000003,0,0,0,0,6,1,100080,undefined,undefined
16825,undefined,0,8.5,0,0,0,0,13,1,4139,undefined,undefined
170191,undefined,0,89.20000000000002,0,0,0,0,2,6,202873,undefined,undefined
171151,1240776152232,1240777032558,27.95,0,0,0,77,30,17,21067,13,3
171513,1240776588199,1240776612628,6.300000000000001,892,3,306,0,6,6,170191,10,2
172214,1240776499935,1240776589282,0,0,0,0,0,1,0,133482,1,1
172743,1240777260415,1240777387008,0,0,0,0,0,0,0,148695,4,0
173395,undefined,0,19.650000000000002,0,0,0,0,5,5,130244,undefined,undefined
176491,1240778634473,1240778701591,0,0,0,0,0,2,0,54776,5,2
176511,undefined,0,239.54999999999998,0,0,0,0,2,1,154346,undefined,undefined
17790,1240776468793,1240777848085,0,4773,8,579.5,20260,11,10,20260,13,3
179326,undefined,0,16.8,0,0,0,0,2,2,185581,undefined,undefined
180951,undefined,0,63.25000000000001,0,0,0,0,1,5,153510,undefined,undefined
181264,undefined,0,186,0,0,0,0,2,0,3812,undefined,undefined
183759,1240778824981,0,0,0,0,0,0,0,0,0,1,0
185581,undefined,0,8.4,0,0,0,0,1,2,209656,undefined,undefined
187381,undefined,0,39.95,0,0,0,0,6,4,2843,undefined,undefined
188114,undefined,0,34.3,0,0,0,0,2,1,261567,undefined,undefined
188229,undefined,0,83.4,0,0,0,0,1,4,168234,undefined,undefined
1892,1240778290521,0,11,878,4,233.5,455390,15,6,995,10,2
191354,1240775886237,1240776284803,0,434,2,142.5,0,0,0,261567,2,0
191984,1240778016703,0,4.4,1244,3,619,191950,14,4,142178,8,6
192472,1240775540239,1240775718473,0,0,0,0,0,0,0,163514,3,1
192883,1240777508429,1240777637163,0,0,0,0,0,8,2,210210,7,5
196543,1240776045179,0,152.20000000000002,1065,8,144.875,0,2,0,32314,3,1
196663,1240775749345,1240778463237,0,2193,14,146.64285714285714,0,0,0,60542,2,0
202328,undefined,0,58.95,0,0,0,0,5,4,173395,undefined,undefined
202501,undefined,0,13.65,0,0,0,0,5,12,1265,undefined,undefined
20260,1240776473412,1240777781419,571.3499999999999,5001,9,595.4444444444445,17790,15,35,12,16,13
202873,undefined,0,44.60000000000001,0,0,0,0,1,2,341164,undefined,undefined
20731,undefined,0,22.700000000000003,0,0,0,0,6,1,16040,undefined,undefined
20899,1240775878086,1240777956716,0,0,0,0,0,1,0,55922,2,0
209187,1240777233218,1240778189271,0,44,1,87,0,0,0,191984,1,null
210163,undefined,0,65.80000000000001,0,0,0,0,8,1,255725,undefined,undefined
211601,undefined,0,20.85,0,0,0,0,1,6,7078,undefined,undefined
217283,undefined,0,91.5,0,0,0,0,19,1,57393,undefined,undefined
218716,1240775863048,1240777962209,80,434,2,425,0,4,0,188229,8,5
228878,1240775874432,1240775906102,0,0,0,0,0,0,0,0,1,null
234191,1240776133144,1240776155954,0,0,0,0,0,0,0,121984,2,0
237231,undefined,0,209.8,0,0,0,0,2,25,20260,undefined,undefined
240065,1240775908784,1240776084951,0,0,0,0,0,0,0,167153,3,0
251062,undefined,0,55.75,0,0,0,0,6,8,296361,undefined,undefined
255725,undefined,0,32.900000000000006,0,0,0,0,1,8,309124,undefined,undefined
256746,undefined,0,60.95,0,0,0,0,5,28,61984,undefined,undefined
258951,1240776825425,1240777243168,0,0,0,0,555644,10,14,1265,11,8
2606,1240779020383,1240779095788,0,0,0,0,0,4,2,307471,5,1
261567,1240777942128,0,43.400000000000006,1881,5,379.2,0,25,5,237231,12,12
271936,1240775623213,1240777642786,37.5,372,3,107,0,1,0,887964,1,null
2843,undefined,0,17.3,0,0,0,0,7,18,3383,undefined,undefined
299874,1240776112500,1240776120634,0,0,0,0,0,0,0,69257,2,0
300612,1240775542285,1240775629035,16.3,0,0,0,0,3,0,610359,3,0
304455,1240777622016,1240777629639,0,0,0,0,0,0,0,317371,4,0
304536,undefined,0,36.800000000000004,0,0,0,0,4,0,39171,undefined,undefined
306241,1240777653401,1240777658560,0,0,0,0,0,0,0,586681,1,null
308219,undefined,0,68.6,0,0,0,0,1,4,188114,undefined,undefined
308635,undefined,0,10.05,0,0,0,0,10,1,122194,undefined,undefined
317383,undefined,0,4.2,0,0,0,0,1,2,344937,undefined,undefined
322248,1240777056340,1240777167084,0,0,0,0,0,2,3,124493,4,0
32314,undefined,0,182.60000000000002,0,0,0,0,10,2,40508,undefined,undefined
329201,1240775998426,1240776434819,0,163,2,81.5,0,0,0,300612,1,null
3383,1240776484948,0,0,8094,15,410.1333333333333,968,4,9,12791,14,2
349835,undefined,0,8.450000000000001,0,0,0,0,4,1,140094,undefined,undefined
34987,undefined,0,199.00000000000003,0,0,0,0,2,10,8842,undefined,undefined
351430,undefined,0,89.65000000000002,0,0,0,0,1,15,336228,undefined,undefined
351598,undefined,0,140.35000000000002,0,0,0,0,1,24,359624,undefined,undefined
35169,1240777093132,1240777317250,0,0,0,0,0,0,0,0,1,null
359624,undefined,0,55.95,0,0,0,0,3,1,201132,undefined,undefined
367641,1240775702296,1240776054914,0,0,0,0,0,0,0,300612,1,null
371343,1240776320285,0,0,0,0,0,0,3,2,220964,5,2
3812,undefined,0,93,0,0,0,0,1,2,65584,undefined,undefined
383387,undefined,0,568.2,0,0,0,0,4,47,0,undefined,undefined
39171,undefined,0,18.400000000000002,0,0,0,0,8,4,102770,undefined,undefined
396113,undefined,0,56.1,0,0,0,0,2,4,44987,undefined,undefined
398860,undefined,0,16.900000000000002,0,0,0,0,1,0,349835,undefined,undefined
40508,undefined,0,53.25,0,0,0,0,4,10,23340,undefined,undefined
4139,1240778899559,0,4.25,3217,6,717.3333333333334,16040,11,20,713,14,3
415376,undefined,0,479.09999999999997,0,0,0,0,1,0,176511,undefined,undefined
430717,undefined,0,157.55,0,0,0,0,28,1,256746,undefined,undefined
432820,1240778523081,0,0,1860,2,215,0,0,0,181264,3,0
445660,undefined,0,86.55000000000001,0,0,0,0,4,5,54812,undefined,undefined
44987,undefined,0,28.05,0,0,0,0,2,8,12770,undefined,undefined
468188,undefined,0,179.30000000000004,0,0,0,0,15,2,351430,undefined,undefined
475837,undefined,0,71.30000000000001,0,0,0,0,1,0,430717,undefined,undefined
478872,1240777746915,1240777870192,0,0,0,0,0,0,0,157229,1,0
483143,1240775566933,1240775923947,0,126,1,126,0,0,0,797824,1,null
486760,1240777525596,1240777576542,0,84,1,84,0,0,0,57395,4,0
503,undefined,0,397,0,0,0,0,4,1,12,undefined,undefined
510740,1240776078473,0,19.900000000000002,1731,6,470.3333333333333,230164,51,37,534632,16,15
518342,1240777817079,1240778257870,0,658,2,129.5,0,1,0,210163,2,null
53030,1240778809019,0,0,1115,2,959,0,8,5,122907,12,3
534632,undefined,0,183.05,0,0,0,0,5,51,445660,undefined,undefined
545157,1240775578079,1240775896404,0,169,1,226,0,0,0,398860,2,0
546231,undefined,0,12.600000000000001,0,0,0,0,4,0,171513,undefined,undefined
5477,1240778139901,1240778279835,0,0,0,0,0,0,0,0,1,null
548201,1240776388409,1240777091313,0,0,0,0,0,1,0,217283,2,null
57393,undefined,0,45.75,0,0,0,0,5,22,159420,undefined,undefined
57395,undefined,0,8.4,0,0,0,0,2,0,317383,undefined,undefined
57717,undefined,0,89.10000000000001,0,0,0,0,4,4,110178,undefined,undefined
578918,1240778928374,0,0,168,1,168,0,2,0,179326,3,0
586681,1240777851862,1240778100233,0,0,0,0,0,6,7,10642,4,6
58859,1240778607173,0,0,561,2,371,43017,4,2,396113,12,2
60542,1240776542499,1240778955098,219.3,3457,12,365.1666666666667,167153,2,0,63964,8,1
610359,undefined,0,8.15,0,0,0,0,1,3,21457,undefined,undefined
618828,1240775933035,1240775966733,0,0,0,0,0,0,0,518207,2,null
63047,1240775860777,1240778684599,0,980,9,100.88888888888889,0,0,0,887964,2,null
630671,1240776533416,1240777044048,0,417,3,157.66666666666666,0,2,0,132921,4,null
639206,1240776547648,1240776555200,0,0,0,0,0,0,0,510740,1,null
63964,undefined,0,455.35,0,0,0,0,4,2,79181,undefined,undefined
641729,1240776265430,1240776678592,0,126,1,99,0,0,0,546231,1,null
643827,1240777609390,1240777623187,0,0,0,0,0,0,0,0,1,null
66513,1240779022932,0,0,0,0,0,0,0,0,520592,3,0
66540,1240777759222,0,0,1522,6,112.66666666666667,0,0,0,196543,2,0
691188,1240775540236,1240775755163,0,85,1,85,161236,1,2,16825,3,null
691604,1240778305240,1240778313805,0,0,0,0,0,0,0,81597,1,null
695030,1240777981670,1240778105373,0,0,0,0,0,0,0,0,1,null
713,undefined,0,866.4,0,0,0,0,9,19,12,undefined,undefined
718536,1240776457096,1240776981189,39.300000000000004,393,1,489,720155,4,1,202328,5,1
720155,1240776509808,1240776977069,0,393,1,297,718536,0,0,718536,4,null
73621,undefined,0,62.2,0,0,0,0,2,2,112194,undefined,undefined
755785,1240777412460,1240777776405,0,110,1,220,0,1,0,1892,3,null
764326,1240777690595,1240777901692,0,411,2,135,0,0,0,140986,1,null
767143,undefined,0,34.3,0,0,0,0,7,2,355917,undefined,undefined
769463,1240778149138,0,0,1219,8,140.25,0,0,0,430717,3,0
77,1240778584740,1240778843224,0,0,0,0,171151,10,2,12770,13,2
77969,undefined,0,20.1,0,0,0,0,1,0,308635,undefined,undefined
79181,undefined,0,172.85,0,0,0,0,2,4,116005,undefined,undefined
79279,1240777272606,1240778122609,0,330,3,110,0,0,0,133482,1,null
797824,1240775868761,0,12.600000000000001,1782,7,232.14285714285714,574401,6,1,82321,5,2
809490,1240775833218,1240776169324,0,0,0,0,0,0,0,821335,1,null
82254,1240778279109,0,0,995,3,232.33333333333334,102796,1,0,133482,4,0
82321,undefined,0,184.5,0,0,0,0,4,6,57717,undefined,undefined
8527,1240776797898,1240778829689,0,3970,7,335.42857142857144,2090,1,0,503,6,1
870091,1240776495914,1240776615587,0,0,0,0,0,0,0,0,1,null
87198,undefined,0,68.6,0,0,0,0,2,0,767143,undefined,undefined
873537,1240775821422,1240775976459,0,0,0,0,0,0,0,0,1,null
878678,1240777156711,1240777191541,0,0,0,0,0,0,0,0,1,null
881391,1240778815764,0,0,201,3,65.33333333333333,0,0,0,77969,2,0
881995,1240777255897,1240777695998,0,0,0,0,0,0,0,0,1,null
8842,1240778161751,0,99.50000000000001,966,2,552.5,22707,11,18,1531,13,6
887964,1240775555090,1240776827148,153.95000000000002,559,5,104,0,2,1,919861,2,null
890052,1240777455898,1240777627254,0,713,6,122.66666666666667,0,0,0,475837,2,null
896436,1240778941898,1240778949936,0,915,2,156,0,0,0,217283,2,null
902911,1240775722338,1240775732291,0,0,0,0,0,0,0,0,1,null
905316,1240776012990,1240776068271,0,0,0,0,0,0,0,0,1,null
9093,1240778646740,0,0,0,0,0,0,4,0,16040,5,3
919861,undefined,0,123.5,0,0,0,0,1,2,171151,undefined,undefined
921826,1240776019563,1240776094039,0,0,0,0,0,0,0,0,1,null
923270,1240778933060,0,0,273,1,123,0,0,0,132646,1,0
925922,1240777477875,1240777905641,0,0,0,0,0,0,0,0,1,null
926876,1240777246385,1240777250679,0,0,0,0,0,0,0,0,1,null
95872,1240777591566,1240778264464,0,204,2,102,0,0,0,0,1,null
995,undefined,0,93.30000000000001,0,0,0,0,11,15,12,undefined,undefined
<<<<EndTable

PlayersOnlineNow=28
PlayersOnlineEachMinute=0, 9, 15, 17, 18, 21, 30, 29, 27, 28, 28, 29, 29, 27, 32, 30, 33, 38, 39, 36, 34, 35, 36, 37, 36, 36, 36, 37, 36, 38, 35, 33, 34, 36, 38, 40, 38, 37, 37, 39, 36, 34, 34, 31, 30, 29, 25, 26, 25, 26, 27, 28, 30, 28, 27, 27, 25, 28, 27, 29
PlayersInEachFeedingGame=1, 1, 2, 2, 1, 2, 1, 1, 2, 2, 3, 2, 1, 1, 2, 1, 1, 1, 2, 1, 1, 1, 1, 1, 1, 2, 2, 2, 2, 2, 1, 2, 2, 3, 1, 2, 2, 1, 2, 2, 2, 1, 2, 2, 2, 1, 2, 1, 2, 1, 2, 2, 2, 2, 1, 1, 1, 2, 1, 2, 1, 2, 1, 1, 2, 1, 1, 1, 2, 1, 2, 1, 1, 1, 1, 2, 1, 2, 1, 2, 1, 2, 2, 1, 2, 1, 1, 2, 1, 1, 2, 2, 2, 1, 2, 2, 2, 2, 1, 2, 2, 1, 2, 2, 3, 2, 1, 2, 2, 2, 2, 2, 1, 2, 2, 2, 3
PlayersStarted=174
PlayersQuit=146
StatsStartTime=1240775529676
StatsDumpTime=1240779129860
<<<<EndStats
2009-04-26 13:52:14,025 ERROR: vampire.server.feeding.FeedingRecord sendPlayerStartGameMsg [playerId=141461, prey=true, _predatorIndex=]
2009-04-26 13:52:14,026 ERROR: vampire.server.feeding.FeedingRecord sendPlayerStartGameMsg [playerId=797824, prey=false, _predatorIndex=]
2009-04-26 13:52:37,310 ERROR: vampire.server.feeding.FeedingRecord sendPlayerStartGameMsg [playerId=66540, prey=false, _predatorIndex=139625,66513]
2009-04-26 13:52:53,474 ERROR: vampire.server.feeding.FeedingRecord sendPlayerStartGameMsg [playerId=139625, prey=true, _predatorIndex=]
2009-04-26 13:52:53,475 ERROR: vampire.server.feeding.FeedingRecord sendPlayerStartGameMsg [playerId=66540, prey=false, _predatorIndex=]
2009-04-26 13:53:20,483 ERROR: vampire.server.feeding.FeedingRecord sendPlayerStartGameMsg [playerId=4139, prey=true, _predatorIndex=]
2009-04-26 13:53:20,484 ERROR: vampire.server.feeding.FeedingRecord sendPlayerStartGameMsg [playerId=3383, prey=false, _predatorIndex=]
2009-04-26 13:53:25,946 ERROR: vampire.server.feeding.FeedingRecord sendPlayerStartGameMsg [playerId=1265, prey=false, _predatorIndex=3383]
2009-04-26 13:53:53,568 ERROR: vampire.server.feeding.FeedingRecord sendPlayerStartGameMsg [playerId=923270, prey=false, _predatorIndex=432820]
2009-04-26 13:54:12,409 ERROR: vampire.server.feeding.FeedingRecord sendPlayerStartGameMsg [playerId=66513, prey=false, _predatorIndex=]
2009-04-26 13:54:25,964 ERROR: vampire.server.feeding.FeedingRecord sendPlayerStartGameMsg [playerId=261567, prey=false, _predatorIndex=3383,1265]
2009-04-26 13:54:41,779 ERROR: vampire.server.feeding.FeedingRecord sendPlayerStartGameMsg [playerId=836050, prey=true, _predatorIndex=]
2009-04-26 13:54:41,779 ERROR: vampire.server.feeding.FeedingRecord sendPlayerStartGameMsg [playerId=592692, prey=false, _predatorIndex=]
2009-04-26 13:54:44,109 ERROR: vampire.server.feeding.FeedingRecord sendPlayerStartGameMsg [playerId=9093, prey=true, _predatorIndex=]
2009-04-26 13:54:44,110 ERROR: vampire.server.feeding.FeedingRecord sendPlayerStartGameMsg [playerId=261567, prey=false, _predatorIndex=]
2009-04-26 13:55:16,131 ERROR: vampire.server.feeding.FeedingRecord sendPlayerStartGameMsg [playerId=66540, prey=false, _predatorIndex=]
2009-04-26 13:55:40,610 ERROR: vampire.server.feeding.FeedingRecord sendPlayerStartGameMsg [playerId=196543, prey=true, _predatorIndex=]
2009-04-26 13:55:40,611 ERROR: vampire.server.feeding.FeedingRecord sendPlayerStartGameMsg [playerId=578918, prey=false, _predatorIndex=]
2009-04-26 13:56:01,778 ERROR: vampire.server.feeding.FeedingRecord sendPlayerStartGameMsg [playerId=1892, prey=true, _predatorIndex=]
2009-04-26 13:56:01,778 ERROR: vampire.server.feeding.FeedingRecord sendPlayerStartGameMsg [playerId=501908, prey=false, _predatorIndex=]
2009-04-26 13:56:42,735 ERROR: vampire.server.feeding.FeedingRecord sendPlayerStartGameMsg [playerId=54084, prey=true, _predatorIndex=]
2009-04-26 13:56:42,736 ERROR: vampire.server.feeding.FeedingRecord sendPlayerStartGameMsg [playerId=66513, prey=false, _predatorIndex=]
2009-04-26 13:57:41,228 ERROR: vampire.server.feeding.FeedingRecord sendPlayerStartGameMsg [playerId=9093, prey=true, _predatorIndex=]
2009-04-26 13:57:41,229 ERROR: vampire.server.feeding.FeedingRecord sendPlayerStartGameMsg [playerId=261567, prey=false, _predatorIndex=]
2009-04-26 13:57:50,103 ERROR: vampire.server.feeding.FeedingRecord sendPlayerStartGameMsg [playerId=510740, prey=true, _predatorIndex=]
2009-04-26 13:57:50,104 ERROR: vampire.server.feeding.FeedingRecord sendPlayerStartGameMsg [playerId=141461, prey=false, _predatorIndex=]
2009-04-26 13:58:08,531 ERROR: vampire.server.feeding.FeedingRecord sendPlayerStartGameMsg [playerId=53030, prey=true, _predatorIndex=]
2009-04-26 13:58:08,532 ERROR: vampire.server.feeding.FeedingRecord sendPlayerStartGameMsg [playerId=82254, prey=false, _predatorIndex=]
2009-04-26 13:58:42,391 ERROR: vampire.server.feeding.FeedingRecord sendPlayerStartGameMsg [playerId=196543, prey=false, _predatorIndex=66513]
2009-04-26 13:58:58,699 ERROR: vampire.server.feeding.FeedingRecord sendPlayerStartGameMsg [playerId=501908, prey=false, _predatorIndex=]
2009-04-26 13:59:29,855 ERROR: vampire.server.feeding.FeedingRecord sendPlayerStartGameMsg [playerId=196543, prey=true, _predatorIndex=]
2009-04-26 13:59:29,855 ERROR: vampire.server.feeding.FeedingRecord sendPlayerStartGameMsg [playerId=54084, prey=false, _predatorIndex=]
2009-04-26 14:00:21,738 ERROR: vampire.server.feeding.FeedingRecord sendPlayerStartGameMsg [playerId=66513, prey=false, _predatorIndex=501908]
2009-04-26 14:00:57,371 ERROR: vampire.server.feeding.FeedingRecord sendPlayerStartGameMsg [playerId=66540, prey=true, _predatorIndex=]
2009-04-26 14:00:57,371 ERROR: vampire.server.feeding.FeedingRecord sendPlayerStartGameMsg [playerId=769463, prey=false, _predatorIndex=]
2009-04-26 14:01:10,390 ERROR: vampire.server.feeding.FeedingRecord sendPlayerStartGameMsg [playerId=797824, prey=false, _predatorIndex=]
2009-04-26 14:01:26,796 ERROR: vampire.server.feeding.FeedingRecord sendPlayerStartGameMsg [playerId=578918, prey=false, _predatorIndex=]
2009-04-26 14:01:41,806 ERROR: vampire.server.feeding.FeedingRecord sendPlayerStartGameMsg [playerId=66513, prey=false, _predatorIndex=797824]
2009-04-26 14:02:00,939 ERROR: vampire.server.feeding.FeedingRecord sendPlayerStartGameMsg [playerId=66513, prey=false, _predatorIndex=797824,66513]
2009-04-26 14:02:05,073 ERROR: vampire.server.feeding.FeedingRecord sendPlayerStartGameMsg [playerId=103033, prey=true, _predatorIndex=]
2009-04-26 14:02:05,074 ERROR: vampire.server.feeding.FeedingRecord sendPlayerStartGameMsg [playerId=501908, prey=false, _predatorIndex=]

