2009-05-09 21:25:57,303 ERROR: vampire.server.feeding.FeedingRecord sendPlayerStartGameMsg [playerId=1285589, prey=false, _predatorIndex=]
2009-05-09 21:26:12,788 ERROR: vampire.server.feeding.FeedingRecord sendPlayerStartGameMsg [playerId=634607, prey=true, _predatorIndex=]
2009-05-09 21:26:12,789 ERROR: vampire.server.feeding.FeedingRecord sendPlayerStartGameMsg [playerId=416886, prey=false, _predatorIndex=]
2009-05-09 21:26:41,402 ERROR: vampire.server.feeding.FeedingRecord sendPlayerStartGameMsg [playerId=1124156, prey=true, _predatorIndex=]
2009-05-09 21:26:41,403 ERROR: vampire.server.feeding.FeedingRecord sendPlayerStartGameMsg [playerId=840880, prey=false, _predatorIndex=]
2009-05-09 21:27:03,993 ERROR: vampire.server.feeding.FeedingRecord sendPlayerStartGameMsg [playerId=109752, prey=false, _predatorIndex=416886]
2009-05-09 21:27:18,594 ERROR: vampire.server.feeding.FeedingRecord sendPlayerStartGameMsg [playerId=160693, prey=false, _predatorIndex=]
2009-05-09 21:27:38,177 ERROR: vampire.server.feeding.FeedingRecord sendPlayerStartGameMsg [playerId=1391735, prey=false, _predatorIndex=]
2009-05-09 21:27:40,340 ERROR: vampire.server.feeding.FeedingRecord sendPlayerStartGameMsg [playerId=109752, prey=false, _predatorIndex=]
2009-05-09 21:27:55,789 ERROR: vampire.server.feeding.FeedingRecord sendPlayerStartGameMsg [playerId=526836, prey=true, _predatorIndex=]
2009-05-09 21:27:55,790 ERROR: vampire.server.feeding.FeedingRecord sendPlayerStartGameMsg [playerId=170520, prey=false, _predatorIndex=]
2009-05-09 21:28:42,813 ERROR: vampire.server.feeding.FeedingRecord sendPlayerStartGameMsg [playerId=32634, prey=true, _predatorIndex=]
2009-05-09 21:28:42,814 ERROR: vampire.server.feeding.FeedingRecord sendPlayerStartGameMsg [playerId=176400, prey=false, _predatorIndex=]
2009-05-09 21:29:47,427 ERROR: vampire.server.feeding.FeedingRecord sendPlayerStartGameMsg [playerId=405327, prey=false, _predatorIndex=]
2009-05-09 21:30:13,712 ERROR: vampire.server.feeding.FeedingRecord sendPlayerStartGameMsg [playerId=634607, prey=false, _predatorIndex=]
2009-05-09 21:30:15,024 ERROR: vampire.server.feeding.FeedingRecord sendPlayerStartGameMsg [playerId=110006, prey=true, _predatorIndex=]
2009-05-09 21:30:15,024 ERROR: vampire.server.feeding.FeedingRecord sendPlayerStartGameMsg [playerId=206273, prey=false, _predatorIndex=]
2009-05-09 21:30:22,165 ERROR: vampire.server.feeding.FeedingRecord sendPlayerStartGameMsg [playerId=109752, prey=false, _predatorIndex=634607]
2009-05-09 21:30:29,475 ERROR: vampire.server.feeding.FeedingRecord sendPlayerStartGameMsg [playerId=106069, prey=false, _predatorIndex=634607,109752]
2009-05-09 21:31:25,035 ERROR: vampire.server.feeding.FeedingRecord sendPlayerStartGameMsg [playerId=1329788, prey=true, _predatorIndex=]
2009-05-09 21:31:25,036 ERROR: vampire.server.feeding.FeedingRecord sendPlayerStartGameMsg [playerId=176400, prey=false, _predatorIndex=]
2009-05-09 21:31:26,320 ERROR: vampire.server.feeding.FeedingRecord sendPlayerStartGameMsg [playerId=118877, prey=false, _predatorIndex=]

>>>>BeginStats

>>>>BeginTable
PlayerId, StartTime, EndTime, ProgenyPayout, XPFromFeeding, FeedingGames, MeanFeedingScore, BloodBond, Progeny, GrandProgeny, Sire, Level, Invites
101052, , , 105.30000000000001, 0, 0, 0, 0, 8, 1, 552702, , 
101493, , , 44.75000000000001, 0, 0, 0, 0, 2, 1, 52887, , 
102595, 1241926877655, 1241927351703, 0, 0, 0, 0, 0, 1, 0, 1255618, 2, 
10260, 1241927190937, 1241927819340, 274.6, 4686, 11, 282, 8527, 10, 9, 713, 16, 2
103033, 1241928085079, 1241929040586, 0, 1221, 6, 234.33333333333334, 767143, 18, 14, 81899, 7, 1
1032847, 1241926853111, 1241926926178, 0, 0, 0, 0, 0, 0, 0, 1010692, 3, 
1047840, 1241927459837, , 0, 0, 0, 0, 1106386, 7, 0, 408501, 6, 1
1055910, 1241925879871, 1241925945962, 0, 0, 0, 0, 0, 1, 0, 63415, 3, 
106069, 1241929158153, , 0, 895, 3, 337, 236834, 14, 11, 236834, 8, 1
1062, 1241925769238, 1241926751626, 0, 1031, 2, 210.5, 54776, 13, 10, 713, 17, 2
10642, 1241927429486, , 0, 6077, 11, 505.1818181818182, 447249, 35, 46, 351598, 16, 2
1092321, , , 31.6, 0, 0, 0, 0, 33, 8, 35568, , 
109752, 1241928880716, , 0, 1139, 5, 191.4, 0, 0, 0, 634607, 2, 0
110006, 1241929663231, , 0, 213, 1, 229, 0, 5, 4, 321365, 4, 0
1117799, 1241928982202, 1241929560599, 0, 670, 2, 218.5, 0, 1, 0, 592692, 4, 
1120688, 1241925807508, 1241926271677, 0, 632, 2, 316, 0, 0, 0, 543921, 3, 
1124156, 1241927498094, , 150.1, 6572, 13, 680.6153846153846, 269484, 12, 2, 184671, 9, 3
113237, , , 51.9, 0, 0, 0, 0, 9, 24, 10642, , 
1155409, , , 136.5, 0, 0, 0, 0, 2, 6, 674637, , 
1182573, 1241927692322, 1241927702752, 0, 0, 0, 0, 0, 0, 0, 634607, 1, 
118877, 1241929773336, , 0, 0, 0, 0, 0, 0, 0, 0, 1, 0
1192337, , , 34.8, 0, 0, 0, 0, 17, 17, 1012813, , 
12, , , 1338.8500000000004, 0, 0, 0, 0, 20, 53, 383387, , 
1206054, 1241929100941, 1241929694932, 0, 201, 2, 100.5, 0, 0, 0, 0, 1, 
121984, , , 16.5, 0, 0, 0, 0, 6, 1, 166, , 
122194, , , 27, 0, 0, 0, 0, 1, 12, 170316, , 
122882, 1241927685138, , 0, 1053, 3, 265.3333333333333, 1372195, 1, 0, 101052, 3, 0
122907, , , 15.8, 0, 0, 0, 0, 6, 10, 251062, , 
123961, 1241925932347, 1241927367119, 137.55, 2746, 6, 463.3333333333333, 878, 5, 23, 713, 16, 2
1241484, 1241928513336, , 0, 356, 3, 94, 0, 0, 0, 80094, 1, 0
1252178, 1241929831330, 1241929868863, 0, 0, 0, 0, 0, 0, 0, 1223024, 1, 
1261178, 1241929645918, , 0, 1365, 5, 181.8, 0, 6, 0, 1155409, 5, 1
12791, 1241925786768, 1241926344466, 0, 1288, 3, 324.6666666666667, 0, 15, 25, 12, 13, 2
1285589, 1241929344491, 1241929871579, 0, 1075, 8, 125.875, 0, 0, 0, 526836, 2, 
128711, 1241926765459, 1241926887608, 0, 0, 0, 0, 0, 0, 0, 171513, 1, 
130688, 1241926299900, 1241926339238, 0, 0, 0, 0, 0, 0, 0, 63415, 2, 
132326, , , 40.400000000000006, 0, 0, 0, 0, 2, 0, 234385, , 
1329788, 1241929801616, 1241929945540, 0, 0, 0, 0, 0, 0, 0, 0, 1, 
1329831, 1241928799001, , 0, 1044, 4, 261, 0, 0, 0, 988642, 3, 0
1354719, 1241928747285, 1241929278662, 0, 0, 0, 0, 0, 0, 0, 0, 1, 
1380818, 1241929564827, 1241929581694, 0, 0, 0, 0, 0, 0, 0, 0, 1, 
1390021, 1241928521006, 1241928736160, 0, 118, 1, 119, 0, 0, 0, 0, 1, 
1391735, 1241927975043, , 0, 1501, 6, 139.16666666666666, 0, 0, 0, 1124156, 2, 0
1397754, 1241929600991, , 0, 0, 0, 0, 0, 0, 0, 0, 1, 0
1400444, 1241927378009, 1241928395343, 122.50000000000001, 403, 2, 161.5, 0, 1, 0, 859282, 2, 
1404618, 1241927248399, 1241929010640, 0, 106, 3, 4.666666666666667, 0, 0, 0, 0, 1, 
1404996, 1241929243104, 1241929266327, 0, 0, 0, 0, 0, 0, 0, 0, 1, 
145433, 1241928737653, 1241928758849, 0, 0, 0, 0, 0, 0, 0, 0, 1, 
155376, , , 20.6, 0, 0, 0, 0, 5, 4, 113127, , 
160693, 1241929381080, 1241929896567, 0, 191, 2, 95.5, 0, 0, 0, 293187, 3, 0
168426, 1241928731663, 1241928911675, 0, 0, 0, 0, 0, 1, 0, 164243, 4, 0
170316, , , 13.5, 0, 0, 0, 0, 4, 1, 210210, , 
170520, 1241929546453, , 0, 103, 1, 121, 0, 0, 0, 526836, 1, 0
170954, 1241925953996, 1241926671003, 0, 231, 2, 115.5, 0, 0, 0, 317044, 1, 
171151, 1241925766162, 1241925911653, 0, 0, 0, 0, 77, 42, 19, 21067, 14, 3
171513, 1241927358126, 1241927401789, 328.6, 0, 0, 0, 0, 12, 7, 170191, 13, 3
176400, 1241929233658, , 84.9, 2296, 10, 309.1, 0, 19, 0, 21067, 8, 5
182539, 1241926915193, 1241928551571, 0, 987, 3, 458, 0, 4, 0, 879079, 4, 
184671, , , 732.25, 0, 0, 0, 0, 1, 12, 171513, , 
190687, , , 21.650000000000002, 0, 0, 0, 0, 7, 8, 383937, , 
195736, , , 72.1, 0, 0, 0, 0, 6, 36, 334835, , 
196543, , , 49.35000000000001, 0, 0, 0, 0, 6, 2, 32314, , 
197960, 1241925805420, 1241927477137, 0, 330, 1, 227, 0, 1, 0, 385644, 3, 0
206273, 1241929785317, , 0, 213, 1, 196, 0, 0, 0, 176400, 3, 0
21067, , , 272.05, 0, 0, 0, 0, 3, 61, 302907, , 
219, 1241925839478, 1241926813871, 0, 2751, 6, 583.8333333333334, 32169, 2, 4, 878, 12, 2
23340, 1241929841794, , 0, 0, 0, 0, 0, 10, 15, 383387, 20, 11
234385, , , 20.200000000000003, 0, 0, 0, 0, 1, 2, 320570, , 
236834, , , 89.50000000000001, 0, 0, 0, 0, 1, 14, 101493, , 
251062, , , 16.4, 0, 0, 0, 0, 6, 17, 296361, , 
261716, , , 20.15, 0, 0, 0, 0, 1, 2, 181264, , 
265444, 1241927957284, 1241929522640, 0, 1225, 7, 156, 0, 0, 0, 1400444, 2, 0
274225, 1241927595239, 1241927911568, 0, 170, 1, 111, 0, 2, 0, 344937, 4, 0
280082, 1241925978531, 1241926691650, 0, 158, 1, 147, 0, 0, 0, 122907, 3, 0
283305, 1241926691835, 1241927946507, 33.5, 549, 2, 211, 544450, 5, 10, 497122, 8, 3
293187, , , 19.1, 0, 0, 0, 0, 2, 0, 190687, , 
302907, , , 114.80000000000003, 0, 0, 0, 0, 2, 3, 283855, , 
308635, 1241927773770, , 0, 270, 2, 135, 199696, 12, 2, 122194, 7, 6
31590, , , 41.2, 0, 0, 0, 0, 4, 1, 155376, , 
317044, , , 23.1, 0, 0, 0, 0, 1, 0, 562953, , 
317371, , , 10.65, 0, 0, 0, 0, 3, 3, 104507, , 
3197, , , 24.200000000000003, 0, 0, 0, 0, 1, 1, 190687, , 
321365, , , 21.3, 0, 0, 0, 0, 3, 5, 317371, , 
32169, 1241926509374, 1241927012743, 0, 2746, 6, 597.3333333333334, 219, 8, 0, 10260, 14, 5
32314, 1241927955078, 1241928510470, 0, 0, 0, 0, 635003, 11, 14, 40508, 13, 2
32634, 1241928330934, , 0, 526, 3, 143.66666666666666, 0, 0, 0, 526836, 1, 0
334835, , , 36.05, 0, 0, 0, 0, 2, 6, 143501, , 
336524, 1241925823077, 1241929937132, 0, 721, 2, 548, 988642, 36, 6, 195736, 12, 2
344937, , , 17, 0, 0, 0, 0, 11, 3, 251062, , 
350957, 1241929805739, 1241929918980, 0, 671, 3, 177, 0, 0, 0, 526836, 1, 
351598, , , 607.7, 0, 0, 0, 0, 1, 35, 359624, , 
359624, , , 303.85, 0, 0, 0, 0, 4, 1, 201132, , 
383387, , , 457.85, 0, 0, 0, 0, 7, 57, 0, , 
385644, , , 33, 0, 0, 0, 0, 1, 1, 121984, , 
387114, , , 66.9, 0, 0, 0, 0, 3, 3, 104034, , 
387494, 1241929049456, , 0, 242, 1, 242, 0, 1, 0, 3197, 3, 3
389718, , , 35, 0, 0, 0, 0, 1, 2, 53030, , 
393551, 1241926594562, 1241926598111, 0, 0, 0, 0, 0, 0, 0, 43402, 4, 0
395550, 1241929230241, 1241929257176, 0, 0, 0, 0, 0, 0, 0, 233753, 3, 0
397835, , , 70.4, 0, 0, 0, 0, 5, 35, 47379, , 
405327, 1241929774888, 1241929915636, 0, 0, 0, 0, 0, 0, 0, 0, 1, 
416886, 1241929180922, 1241929817784, 0, 391, 2, 155, 0, 0, 0, 634607, 1, 0
430717, 1241926237358, 1241927051630, 0, 0, 0, 0, 503425, 30, 26, 256746, 12, 6
433959, 1241927167296, 1241927168206, 0, 0, 0, 0, 0, 0, 0, 32314, 3, 0
438751, 1241929362442, 1241929431891, 52.2, 0, 0, 0, 0, 20, 16, 210163, 10, 2
439277, , , 7.9, 0, 0, 0, 0, 7, 2, 208602, , 
483956, 1241928807227, , 0, 412, 2, 217.5, 0, 1, 0, 31590, 4, 0
497122, , , 54.900000000000006, 0, 0, 0, 0, 15, 5, 82321, , 
519788, 1241927760229, 1241927770390, 0, 0, 0, 0, 0, 0, 0, 0, 1, 
523528, 1241929573399, 1241929694844, 0, 0, 0, 0, 0, 0, 0, 0, 1, 0
526836, 1241925807471, , 278.3, 1338, 7, 219.28571428571428, 0, 10, 0, 93856, 4, 0
53030, , , 17.5, 0, 0, 0, 0, 10, 1, 122907, , 
531561, 1241927782931, 1241927978913, 0, 0, 0, 0, 0, 0, 0, 281414, 1, 0
536854, , , 15.8, 0, 0, 0, 0, 2, 2, 439277, , 
543921, , , 63.2, 0, 0, 0, 0, 8, 0, 1092321, , 
54776, , , 169.3, 0, 0, 0, 0, 83, 14, 89757, , 
552702, , , 52.650000000000006, 0, 0, 0, 0, 5, 8, 92894, , 
555840, 1241928767694, 1241929910136, 0, 860, 5, 161.2, 0, 0, 0, 526836, 2, 0
562953, , , 11.55, 0, 0, 0, 0, 4, 1, 437233, , 
57748, , , 69.6, 0, 0, 0, 0, 6, 1, 1192337, , 
57863, 1241928987929, 1241929887713, 0, 0, 0, 0, 0, 0, 0, 543921, 2, 0
592692, , , 67, 0, 0, 0, 0, 10, 9, 283305, , 
61045, , , 12.600000000000001, 0, 0, 0, 0, 7, 10, 74372, , 
627249, 1241926932293, 1241927853849, 0, 409, 3, 89.33333333333333, 0, 0, 0, 176400, 2, 
634607, 1241929171580, , 141, 988, 5, 226.4, 0, 7, 3, 54776, 5, 3
674637, , , 68.25, 0, 0, 0, 0, 11, 2, 1192337, , 
68289, 1241925833496, 1241926280291, 0, 350, 2, 175, 157588, 2, 3, 389718, 6, 1
70997, , , 152.70000000000002, 0, 0, 0, 0, 35, 28, 397835, , 
713, 1241925783676, 1241927113220, 983.6000000000001, 3183, 7, 342, 1265, 11, 81, 12, 20, 6
76480, 1241929900987, , 0, 0, 0, 0, 0, 0, 0, 123060, 2, 2
77481, 1241927589053, 1241928463940, 0, 404, 2, 228, 0, 0, 0, 132326, 4, 0
79336, 1241926360875, 1241926687251, 0, 158, 1, 168, 63301, 2, 0, 536854, 4, 0
80094, 1241926303010, 1241929248880, 23.8, 1408, 8, 167.875, 65812, 11, 1, 70997, 6, 4
802319, , , 61.050000000000004, 0, 0, 0, 0, 2, 6, 773108, , 
81899, , , 122.10000000000001, 0, 0, 0, 0, 6, 18, 802319, , 
822174, 1241928570561, 1241929035722, 0, 227, 2, 124.5, 0, 0, 0, 176400, 2, 
82321, , , 27.450000000000003, 0, 0, 0, 0, 6, 15, 57717, , 
836050, , , 103.8, 0, 0, 0, 0, 18, 7, 113237, , 
840880, 1241928655904, , 0, 1038, 3, 137.66666666666666, 0, 1, 0, 836050, 3, 0
859282, , , 101.55, 0, 0, 0, 0, 2, 1, 261716, , 
86926, , , 25.200000000000003, 0, 0, 0, 0, 7, 1, 61045, , 
877354, 1241925917791, 1241926014467, 0, 0, 0, 0, 0, 0, 0, 0, 1, 
878, , , 275.1, 0, 0, 0, 0, 9, 12, 123961, , 
879079, , , 98.70000000000002, 0, 0, 0, 0, 2, 4, 196543, , 
89757, , , 49.400000000000006, 0, 0, 0, 0, 3, 83, 20260, , 
9342, 1241927098136, 1241928629616, 0, 696, 5, 121.4, 0, 1, 0, 57748, 3, 
93640, 1241928262849, 1241929031649, 0, 252, 1, 155, 0, 1, 0, 86926, 4, 0
93856, , , 272.95, 0, 0, 0, 0, 3, 10, 387114, , 
988642, , , 104.4, 0, 0, 0, 0, 11, 0, 438751, , 
995, 1241925865492, 1241927832150, 0, 4686, 11, 608.8181818181819, 12, 13, 26, 12, 15, 5
<<<<EndTable

PlayersOnlineNow=25
PlayersOnlineEachMinute=0, 13, 19, 20, 22, 22, 22, 22, 23, 22, 19, 18, 17, 19, 19, 19, 17, 17, 17, 18, 19, 18, 17, 16, 17, 19, 19, 17, 17, 18, 18, 19, 20, 22, 25, 21, 22, 20, 21, 21, 19, 20, 21, 22, 21, 20, 21, 21, 20, 23, 22, 25, 26, 26, 28, 24, 24, 28, 30, 26, 27, 28, 27, 26, 27, 30, 27, 29, 33, 30
PlayersInEachFeedingGame=2, 2, 1, 1, 6, 2, 2, 1, 2, 1, 2, 2, 2, 1, 2, 2, 2, 1, 1, 2, 2, 3, 1, 2, 1, 2, 1, 2, 2, 2, 2, 1, 1, 1, 2, 2, 2, 2, 2, 1, 2, 1, 2, 2, 2, 2, 2, 2, 2, 3, 1, 2, 3, 2, 2, 2, 2, 2, 1, 1, 2, 1, 2, 2, 2, 1, 1, 2, 2, 2, 1, 1, 1, 2, 1, 1, 2, 1, 1, 2, 1, 1, 2, 1, 2, 1, 1, 2, 2, 1, 1, 1, 2, 2, 1, 2, 3, 2, 1
PlayersStarted=136
PlayersQuit=111
StatsStartTime=1241925764086
StatsDumpTime=1241929964284
<<<<EndStats
2009-05-09 21:32:53,545 ERROR: vampire.server.feeding.FeedingRecord sendPlayerStartGameMsg [playerId=1329831, prey=false, _predatorIndex=206273]
2009-05-09 21:33:01,580 ERROR: vampire.server.feeding.FeedingRecord sendPlayerStartGameMsg [playerId=1329831, prey=false, _predatorIndex=]
2009-05-09 21:33:19,484 ERROR: vampire.server.feeding.FeedingRecord sendPlayerStartGameMsg [playerId=109752, prey=false, _predatorIndex=634607,109752,106069]

