
>>>>BeginStats

>>>>BeginTable
PlayerId, StartTime, EndTime, ProgenyPayout, XPFromFeeding, FeedingGames, MeanFeedingScore, BloodBond, Progeny, GrandProgeny, Sire, Level, Invites
100300, 1241661622912, 1241661722157, 0, 0, 0, 0, 0, 1, 0, 447249, 4, 0
10260, 1241662711290, , 201.20000000000002, 8284, 22, 288.27272727272725, 8527, 10, 9, 713, 15, 2
103033, 1241660835823, 1241663136309, 19, 421, 3, 222, 767143, 12, 13, 81899, 6, 1
1032421, 1241665694317, , 0, 510, 2, 362.5, 0, 7, 1, 990799, 7, 1
1032874, 1241662043850, 1241662132682, 0, 0, 0, 0, 1090611, 4, 0, 1127083, 4, 
1062, 1241663202703, , 0, 6007, 10, 415.5, 17790, 11, 7, 713, 16, 2
1062231, 1241661124756, 1241662524378, 0, 215, 2, 98.5, 0, 0, 0, 218716, 2, 
1062853, , , 3.5, 0, 0, 0, 0, 9, 17, 1124214, , 
10642, 1241661852167, 1241662243197, 0, 0, 0, 0, 447249, 32, 46, 351598, 15, 2
107345, 1241662321683, 1241662327442, 0, 0, 0, 0, 0, 0, 0, 0, 1, 
1089041, 1241660858343, 1241663768138, 0, 675, 8, 84.25, 0, 0, 0, 10260, 3, 
1090131, 1241663797762, 1241664053061, 0, 339, 1, 147, 0, 0, 0, 555728, 3, 
1092321, , , 103.3, 0, 0, 0, 0, 29, 23, 35568, , 
1100116, 1241661702474, 1241662316971, 0, 190, 3, 78.66666666666667, 0, 0, 0, 103033, 2, 
1101, , , 16.95, 0, 0, 0, 0, 2, 16, 239981, , 
110735, 1241665779826, , 0, 650, 3, 95.66666666666667, 0, 0, 0, 408501, 1, 0
1117799, 1241666767915, 1241666821161, 0, 0, 0, 0, 0, 1, 0, 592692, 4, 
1122449, , , 68.9, 0, 0, 0, 0, 10, 7, 555728, , 
1124156, 1241660932267, 1241664432089, 0, 6566, 17, 482.05882352941177, 269484, 6, 2, 184671, 7, 1
1124214, , , 1.75, 0, 0, 0, 0, 6, 9, 1122449, , 
1126061, , , 44.5, 0, 0, 0, 0, 2, 0, 52350, , 
1127083, 1241666673185, 1241666994868, 18.6, 186, 1, 249, 998652, 20, 5, 998652, 5, 1
1145581, 1241661292774, 1241661843931, 0, 445, 3, 148.33333333333334, 0, 0, 0, 1126061, 3, 
1148755, 1241662905296, 1241663517020, 111.6, 115, 1, 230, 0, 21, 1, 1092321, 7, 5
1162172, 1241660857502, 1241663504314, 0, 720, 5, 145.2, 1181188, 0, 0, 835426, 3, 
116548, 1241660846574, 1241662096976, 0, 268, 3, 89.33333333333333, 0, 0, 0, 0, 1, 0
12, , , 2106.749999999999, 0, 0, 0, 0, 20, 85, 383387, , 
1214279, 1241660838115, 1241661156356, 0, 0, 0, 0, 0, 3, 0, 1152211, 3, 
1217334, 1241667227275, , 0, 0, 0, 0, 0, 0, 0, 1032421, 2, 0
1227772, 1241665862011, 1241666444286, 0, 390, 2, 151, 0, 0, 0, 87714, 1, 
122907, , , 131.3, 0, 0, 0, 0, 6, 10, 251062, , 
1229552, 1241661426902, 1241661773414, 0, 120, 1, 131, 0, 0, 0, 900329, 2, 
123534, 1241663892240, 1241664056969, 0, 0, 0, 0, 0, 0, 0, 931, 1, 0
123961, 1241660925734, 1241661932964, 104.15000000000002, 1784, 4, 592, 878, 5, 22, 713, 15, 2
1254611, 1241661410979, 1241661797460, 0, 219, 2, 104, 0, 0, 0, 1148755, 2, 
1255618, 1241664056167, 1241665355868, 0, 1378, 8, 120.75, 0, 2, 0, 206148, 3, 
1255708, 1241662540115, 1241662560854, 0, 0, 0, 0, 0, 0, 0, 0, 1, 
1257548, 1241664264995, 1241664932938, 0, 956, 3, 115, 0, 0, 0, 70997, 1, 
125837, 1241662793788, 1241663684804, 0, 1258, 3, 616.6666666666666, 0, 2, 0, 336524, 6, 1
1266077, 1241665157560, 1241665555685, 0, 0, 0, 0, 0, 0, 0, 1093416, 1, 
12770, , , 260.5, 0, 0, 0, 0, 23, 22, 383387, , 
12791, 1241665373062, 1241665529104, 0, 0, 0, 0, 0, 15, 23, 12, 12, 2
1279761, 1241662848678, 1241664001280, 0, 441, 3, 103.33333333333333, 0, 0, 0, 171513, 2, 
1281427, 1241666748646, 1241667052206, 0, 186, 1, 123, 0, 0, 0, 1127083, 1, 
1299868, 1241665954408, 1241666020639, 0, 0, 0, 0, 0, 0, 0, 0, 1, 
1304828, 1241662956363, 1241663319853, 0, 0, 0, 0, 0, 0, 0, 0, 1, 
1305200, 1241663441479, 1241663535881, 0, 0, 0, 0, 0, 0, 0, 0, 1, 
1305314, 1241664132793, 1241664313662, 0, 0, 0, 0, 0, 0, 0, 127942, 1, 
1305400, 1241664274190, 1241664514361, 0, 151, 1, 104, 0, 0, 0, 10260, 1, 
1305579, 1241665863069, 1241665881882, 0, 0, 0, 0, 0, 0, 0, 0, 1, 
132921, 1241666439628, , 0, 149, 1, 160, 0, 8, 0, 211601, 6, 2
139153, 1241666607530, 1241666611096, 0, 0, 0, 0, 0, 0, 0, 0, 1, 0
141364, , , 52.300000000000004, 0, 0, 0, 0, 6, 7, 16514, , 
14467, 1241665762695, 1241666988835, 0, 1716, 4, 445.5, 0, 4, 0, 58859, 4, 3
145896, , , 51.25, 0, 0, 0, 0, 6, 3, 225840, , 
147436, 1241664819469, 1241665124439, 0, 510, 2, 125.5, 0, 0, 0, 0, 1, 
147628, , , 30.400000000000002, 0, 0, 0, 0, 6, 3, 63846, , 
152662, 1241661331551, 1241661367128, 0, 0, 0, 0, 0, 0, 0, 0, 1, 
153097, 1241661095747, , 0, 35, 1, 0, 1110484, 17, 0, 1062853, 4, 15
1531, , , 65.7, 0, 0, 0, 0, 2, 14, 12, , 
156489, 1241667098010, , 0, 784, 1, 369, 154238, 16, 23, 713, 9, 1
16514, , , 26.150000000000002, 0, 0, 0, 0, 5, 8, 1062, , 
168214, 1241661348213, 1241661552597, 0, 0, 0, 0, 0, 4, 5, 190430, 6, 4
168962, 1241666183309, 1241666838780, 0, 425, 2, 158, 0, 0, 0, 0, 1, 
169321, , , 126.9, 0, 0, 0, 0, 1, 1, 224647, , 
170191, , , 100.25, 0, 0, 0, 0, 3, 10, 202873, , 
171513, 1241664267089, 1241664275897, 372.4000000000001, 782, 3, 271.6666666666667, 0, 10, 7, 170191, 12, 2
173571, , , 32.4, 0, 0, 0, 0, 3, 0, 233753, , 
176940, 1241660835774, 1241661673218, 0, 120, 1, 137, 0, 0, 0, 0, 1, 
17790, 1241661132443, , 0, 8431, 15, 717.4666666666667, 1062, 12, 13, 20260, 16, 3
182851, 1241664906641, 1241665502880, 0, 1269, 1, 438, 0, 1, 0, 169321, 4, 0
184671, , , 656.6000000000001, 0, 0, 0, 0, 1, 6, 171513, , 
185505, , , 102.5, 0, 0, 0, 0, 3, 0, 145896, , 
188229, , , 10.75, 0, 0, 0, 0, 2, 13, 168234, , 
1923, 1241661354021, 1241666124744, 0, 1157, 4, 302.5, 0, 0, 0, 995, 4, 
195736, , , 241.3, 0, 0, 0, 0, 6, 22, 334835, , 
196543, 1241661846385, 1241662296196, 0, 204, 1, 251, 0, 6, 0, 32314, 4, 1
20260, 1241667330903, , 843.1000000000001, 0, 0, 0, 0, 18, 45, 12, 17, 13
202873, , , 39.1, 0, 0, 0, 0, 1, 3, 341164, , 
205330, , , 5.25, 0, 0, 0, 0, 1, 2, 273767, , 
205955, 1241666101801, 1241667098782, 0, 324, 3, 95.66666666666667, 0, 0, 0, 173571, 4, 0
206148, , , 137.8, 0, 0, 0, 0, 1, 2, 1122449, , 
211601, , , 14.9, 0, 0, 0, 0, 1, 8, 7078, , 
217283, , , 83.19999999999999, 0, 0, 0, 0, 1, 3, 57393, , 
218716, , , 21.5, 0, 0, 0, 0, 13, 0, 188229, , 
22279, 1241662395344, 1241663113015, 0, 314, 2, 164.5, 0, 0, 0, 0, 2, 
223494, , , 73.15, 0, 0, 0, 0, 1, 1, 179687, , 
224647, , , 63.45, 0, 0, 0, 0, 1, 1, 234337, , 
227007, 1241665961673, , 0, 2083, 5, 371.2, 0, 3, 5, 43402, 7, 1
22707, , , 537.2, 0, 0, 0, 0, 7, 11, 8842, , 
233753, , , 16.2, 0, 0, 0, 0, 1, 3, 380604, , 
251062, , , 65.65, 0, 0, 0, 0, 6, 17, 296361, , 
259344, , , 28.200000000000003, 0, 0, 0, 0, 23, 7, 143538, , 
2606, 1241666523053, , 0, 1505, 3, 720.6666666666666, 0, 8, 2, 307471, 6, 1
264673, 1241664240423, 1241665171988, 0, 0, 0, 0, 0, 0, 0, 28294, 3, 0
271936, 1241660890342, 1241663282629, 0, 0, 0, 0, 0, 3, 0, 887964, 4, 
280406, 1241662532678, 1241662537503, 0, 0, 0, 0, 0, 0, 0, 556276, 1, 
283059, 1241660829559, 1241661066174, 0, 0, 0, 0, 0, 0, 0, 0, 1, 
291108, 1241665746881, 1241665774700, 0, 0, 0, 0, 0, 0, 0, 171513, 2, 
298666, , , 56.400000000000006, 0, 0, 0, 0, 7, 0, 259344, , 
307471, , , 490.80000000000007, 0, 0, 0, 0, 6, 18, 12, , 
30940, 1241663952296, 1241664799638, 0, 1314, 4, 414.75, 0, 0, 0, 8842, 4, 
32169, 1241663084410, 1241663563009, 0, 1186, 3, 613.6666666666666, 219, 8, 0, 10260, 14, 5
322949, 1241663521399, 1241664557742, 0, 265, 3, 88.33333333333333, 0, 0, 0, 0, 1, 
32314, , , 20.400000000000002, 0, 0, 0, 0, 10, 6, 40508, , 
334835, , , 89.19999999999999, 0, 0, 0, 0, 2, 6, 143501, , 
336228, , , 842.6500000000001, 0, 0, 0, 0, 10, 16, 307471, , 
336524, 1241665546129, , 125.80000000000001, 1784, 6, 370.6666666666667, 101052, 22, 6, 195736, 11, 2
351430, 1241660846171, 1241665379740, 343.6, 6806, 18, 335.27777777777777, 336228, 14, 47, 336228, 13, 2
35568, , , 5.75, 0, 0, 0, 0, 2, 29, 258951, , 
376717, 1241666178785, 1241666608907, 0, 0, 0, 0, 0, 0, 0, 811852, 1, 
380174, , , 21.35, 0, 0, 0, 0, 2, 2, 205330, , 
383387, , , 245.70000000000002, 0, 0, 0, 0, 7, 57, 0, , 
396113, , , 85.80000000000001, 0, 0, 0, 0, 2, 9, 44987, , 
397835, , , 211.95000000000002, 0, 0, 0, 0, 5, 35, 47379, , 
40508, , , 10.200000000000001, 0, 0, 0, 0, 1, 10, 23340, , 
408501, 1241665983025, 1241667038428, 21.200000000000003, 1664, 5, 329.6, 402647, 8, 19, 637936, 11, 2
4139, 1241664583877, , 50.25000000000001, 2201, 4, 740.5, 44987, 22, 23, 713, 18, 3
416503, 1241662571280, 1241663134150, 0, 1365, 3, 166.66666666666666, 0, 3, 0, 82321, 3, 1
421572, 1241661012321, 1241665441778, 0, 564, 3, 100.66666666666667, 0, 0, 0, 298666, 2, 0
43402, , , 208.30000000000004, 0, 0, 0, 0, 12, 8, 123961, , 
447249, 1241667295495, , 0, 0, 0, 0, 10642, 4, 4, 199427, 15, 2
44987, 1241661545710, 1241664836952, 0, 2605, 6, 681.1666666666666, 4139, 17, 18, 12770, 14, 2
47379, , , 82.7, 0, 0, 0, 0, 1, 5, 54776, , 
502119, 1241661564060, 1241665881778, 0, 5372, 17, 289.70588235294116, 520359, 11, 14, 22707, 10, 2
503, , , 736.4, 0, 0, 0, 0, 5, 2, 12, , 
504207, 1241660859355, 1241663294068, 0, 1005, 7, 92.42857142857143, 0, 1, 1, 506297, 3, 0
506297, , , 100.50000000000001, 0, 0, 0, 0, 5, 1, 4139, , 
52350, , , 22.25, 0, 0, 0, 0, 5, 2, 674637, , 
53030, 1241666061020, 1241667185432, 0, 1313, 4, 344, 1092321, 10, 6, 122907, 14, 3
533476, 1241665150864, 1241665179033, 0, 0, 0, 0, 520205, 0, 0, 520205, 1, 0
535, 1241665153752, , 0, 304, 1, 326, 533, 3, 2, 147628, 13, 3
538369, 1241667347900, , 0, 0, 0, 0, 203784, 2, 0, 351430, 8, 1
555728, , , 33.9, 0, 0, 0, 0, 16, 10, 1101, , 
562788, , , 21.800000000000004, 0, 0, 0, 0, 1, 5, 409656, , 
564162, 1241665990927, 1241666896697, 0, 523, 3, 174.33333333333334, 176275, 7, 0, 141364, 6, 6
57717, , , 68.25, 0, 0, 0, 0, 4, 6, 110178, , 
57871, 1241666081074, 1241667075973, 0, 897, 3, 351, 0, 0, 0, 1148755, 4, 0
58859, , , 171.60000000000002, 0, 0, 0, 0, 9, 8, 396113, , 
597005, 1241664836342, 1241665500959, 0, 436, 3, 238, 0, 2, 1, 603011, 4, 0
603011, , , 43.60000000000001, 0, 0, 0, 0, 5, 2, 562788, , 
624485, 1241661372698, 1241661837018, 0, 0, 0, 0, 0, 0, 0, 562953, 2, 
624616, 1241662628495, 1241662749409, 0, 0, 0, 0, 0, 1, 0, 104252, 2, 
637936, , , 176.99999999999997, 0, 0, 0, 0, 3, 8, 217283, , 
63846, , , 15.200000000000001, 0, 0, 0, 0, 1, 6, 65246, , 
68238, 1241662758768, 1241663456999, 21.700000000000003, 105, 1, 111, 0, 2, 0, 380174, 2, 
68523, 1241661522689, 1241662230230, 0, 242, 1, 166, 0, 0, 0, 351430, 2, 
70557, , , 6, 0, 0, 0, 0, 5, 24, 502119, , 
7078, , , 7.45, 0, 0, 0, 0, 9, 3, 177916, , 
70997, 1241663487164, 1241666338581, 93.1, 1654, 6, 454, 1010692, 35, 32, 397835, 12, 3
713, 1241666827618, , 2006.5999999999995, 2309, 6, 361.3333333333333, 1265, 11, 76, 12, 19, 6
71724, 1241662496905, 1241663883531, 0, 1463, 3, 281, 3200, 19, 5, 94103, 12, 4
72927, 1241661117480, 1241662680110, 0, 1025, 8, 110.375, 0, 0, 0, 185505, 2, 0
8013, 1241661707028, 1241661771795, 0, 0, 0, 0, 0, 0, 0, 1124156, 3, 
802319, , , 21.05, 0, 0, 0, 0, 2, 6, 773108, , 
81899, , , 51.6, 0, 0, 0, 0, 6, 12, 802319, , 
82321, , , 136.5, 0, 0, 0, 0, 6, 4, 57717, , 
825362, 1241662540099, 1241663190232, 0, 217, 2, 105, 0, 0, 0, 68238, 1, 
835426, , , 72, 0, 0, 0, 0, 2, 0, 1092321, , 
836417, , , 25.5, 0, 0, 0, 0, 3, 5, 582081, , 
8527, 1241666116657, , 0, 7364, 21, 366.04761904761904, 10260, 2, 0, 503, 10, 2
859397, 1241665191625, , 0, 0, 0, 0, 0, 0, 0, 0, 1, 0
87600, 1241661014513, 1241661311635, 0, 122, 1, 122, 0, 0, 0, 0, 1, 
87714, 1241664877991, 1241667335073, 39, 2999, 8, 369.375, 0, 10, 3, 351430, 11, 6
880098, 1241665260356, 1241665282633, 0, 0, 0, 0, 0, 0, 0, 0, 1, 
8842, , , 400, 0, 0, 0, 0, 12, 7, 1531, , 
900329, , , 12, 0, 0, 0, 0, 24, 5, 70557, , 
94103, , , 146.3, 0, 0, 0, 0, 1, 19, 223494, , 
97875, 1241666847576, 1241667150464, 0, 0, 0, 0, 0, 0, 0, 0, 1, 
990799, , , 60.3, 0, 0, 0, 0, 5, 13, 836417, , 
995, , , 115.70000000000002, 0, 0, 0, 0, 12, 0, 12, , 
998652, , , 27.900000000000002, 0, 0, 0, 0, 3, 20, 990799, , 
<<<<EndTable

PlayersOnlineNow=20
PlayersOnlineEachMinute=0, 13, 17, 17, 18, 20, 21, 22, 23, 24, 25, 25, 26, 26, 27, 27, 25, 23, 25, 24, 24, 25, 23, 23, 21, 20, 19, 20, 22, 21, 22, 21, 22, 23, 24, 25, 26, 26, 27, 25, 24, 23, 21, 21, 21, 22, 22, 21, 20, 19, 19, 18, 21, 21, 18, 18, 19, 20, 22, 21, 21, 20, 19, 19, 19, 18, 18, 18, 20, 19, 19, 21, 18, 20, 20, 18, 17, 16, 15, 14, 13, 14, 16, 16, 18, 16, 20, 20, 22, 21, 23, 23, 22, 22, 22, 23, 23, 22, 23, 25, 25, 25, 24, 22, 20, 19, 17, 19, 19, 20
PlayersInEachFeedingGame=1, 1, 1, 2, 2, 1, 2, 1, 1, 1, 2, 1, 1, 1, 3, 1, 1, 2, 1, 2, 2, 2, 2, 2, 1, 2, 2, 2, 2, 1, 2, 2, 2, 2, 1, 2, 2, 2, 1, 1, 2, 1, 2, 1, 2, 2, 2, 2, 2, 1, 2, 2, 2, 2, 2, 1, 2, 2, 1, 2, 1, 2, 2, 2, 1, 2, 2, 2, 2, 2, 2, 2, 2, 2, 2, 2, 2, 2, 1, 2, 2, 2, 1, 2, 2, 2, 2, 1, 2, 2, 2, 2, 3, 2, 2, 2, 2, 2, 1, 2, 2, 1, 2, 2, 2, 1, 2, 2, 2, 2, 2, 3, 1, 2, 2, 2
PlayersStarted=144
PlayersQuit=124
StatsStartTime=1241660826964
StatsDumpTime=1241667428869
<<<<EndStats
2009-05-06 20:37:27,970 ERROR: vampire.server.feeding.FeedingRecord sendPlayerStartGameMsg [playerId=4139, prey=false, _predatorIndex=]
2009-05-06 20:39:49,257 ERROR: vampire.server.feeding.FeedingRecord sendPlayerStartGameMsg [playerId=538369, prey=true, _predatorIndex=]
2009-05-06 20:39:49,259 ERROR: vampire.server.feeding.FeedingRecord sendPlayerStartGameMsg [playerId=227007, prey=false, _predatorIndex=]
2009-05-06 20:40:06,046 ERROR: vampire.server.feeding.FeedingRecord sendPlayerStartGameMsg [playerId=8527, prey=true, _predatorIndex=]
2009-05-06 20:40:06,048 ERROR: vampire.server.feeding.FeedingRecord sendPlayerStartGameMsg [playerId=713, prey=false, _predatorIndex=]
2009-05-06 20:41:32,939 ERROR: vampire.server.feeding.FeedingRecord sendPlayerStartGameMsg [playerId=4139, prey=false, _predatorIndex=713]
2009-05-06 20:42:30,410 ERROR: vampire.server.feeding.FeedingRecord sendPlayerStartGameMsg [playerId=543213, prey=false, _predatorIndex=]
2009-05-06 20:43:32,305 ERROR: vampire.server.feeding.FeedingRecord sendPlayerStartGameMsg [playerId=543213, prey=true, _predatorIndex=]
2009-05-06 20:43:32,307 ERROR: vampire.server.feeding.FeedingRecord sendPlayerStartGameMsg [playerId=696029, prey=false, _predatorIndex=]
2009-05-06 20:43:57,018 ERROR: vampire.server.feeding.FeedingRecord sendPlayerStartGameMsg [playerId=1032421, prey=true, _predatorIndex=]
2009-05-06 20:43:57,020 ERROR: vampire.server.feeding.FeedingRecord sendPlayerStartGameMsg [playerId=524637, prey=false, _predatorIndex=]
2009-05-06 20:46:02,444 ERROR: vampire.server.feeding.FeedingRecord sendPlayerStartGameMsg [playerId=696029, prey=true, _predatorIndex=]
2009-05-06 20:46:02,448 ERROR: vampire.server.feeding.FeedingRecord sendPlayerStartGameMsg [playerId=543213, prey=false, _predatorIndex=]

>>>>BeginStats

>>>>BeginTable
PlayerId, StartTime, EndTime, ProgenyPayout, XPFromFeeding, FeedingGames, MeanFeedingScore, BloodBond, Progeny, GrandProgeny, Sire, Level, Invites
100300, 1241661622912, 1241661722157, 0, 0, 0, 0, 0, 1, 0, 447249, 4, 0
10260, 1241662711290, , 201.20000000000002, 8284, 22, 288.27272727272725, 8527, 10, 9, 713, 15, 2
103033, 1241660835823, 1241663136309, 19, 421, 3, 222, 767143, 12, 13, 81899, 6, 1
1032421, 1241665694317, , 0, 1187, 4, 429.5, 0, 7, 1, 990799, 7, 1
1032874, 1241662043850, 1241662132682, 0, 0, 0, 0, 1090611, 4, 0, 1127083, 4, 
1047840, 1241667590852, , 0, 0, 0, 0, 1106386, 4, 0, 408501, 5, 1
1062, 1241663202703, , 0, 6007, 10, 415.5, 17790, 11, 7, 713, 16, 2
1062231, 1241661124756, 1241662524378, 0, 215, 2, 98.5, 0, 0, 0, 218716, 2, 
1062853, , , 3.5, 0, 0, 0, 0, 9, 17, 1124214, , 
10642, 1241661852167, 1241662243197, 0, 0, 0, 0, 447249, 32, 46, 351598, 15, 2
107345, 1241662321683, 1241662327442, 0, 0, 0, 0, 0, 0, 0, 0, 1, 
1089041, 1241660858343, 1241663768138, 0, 675, 8, 84.25, 0, 0, 0, 10260, 3, 
1090131, 1241663797762, 1241664053061, 0, 339, 1, 147, 0, 0, 0, 555728, 3, 
1092321, , , 103.3, 0, 0, 0, 0, 29, 23, 35568, , 
1100116, 1241661702474, 1241662316971, 0, 190, 3, 78.66666666666667, 0, 0, 0, 103033, 2, 
1101, , , 16.95, 0, 0, 0, 0, 2, 16, 239981, , 
110735, 1241665779826, , 0, 866, 4, 98.75, 0, 0, 0, 408501, 1, 0
1117799, 1241666767915, 1241666821161, 0, 0, 0, 0, 0, 1, 0, 592692, 4, 
1122449, , , 68.9, 0, 0, 0, 0, 10, 7, 555728, , 
1124156, 1241660932267, 1241664432089, 0, 6566, 17, 482.05882352941177, 269484, 6, 2, 184671, 7, 1
1124214, , , 1.75, 0, 0, 0, 0, 6, 9, 1122449, , 
1126061, , , 44.5, 0, 0, 0, 0, 2, 0, 52350, , 
1127083, 1241666673185, 1241666994868, 18.6, 186, 1, 249, 998652, 20, 5, 998652, 5, 1
1145581, 1241661292774, 1241661843931, 0, 445, 3, 148.33333333333334, 0, 0, 0, 1126061, 3, 
1148755, 1241662905296, 1241663517020, 111.6, 115, 1, 230, 0, 21, 1, 1092321, 7, 5
1162172, 1241660857502, 1241663504314, 0, 720, 5, 145.2, 1181188, 0, 0, 835426, 3, 
116548, 1241660846574, 1241662096976, 0, 268, 3, 89.33333333333333, 0, 0, 0, 0, 1, 0
12, , , 2407.9999999999986, 0, 0, 0, 0, 20, 85, 383387, , 
1214279, 1241660838115, 1241661156356, 0, 0, 0, 0, 0, 3, 0, 1152211, 3, 
1217334, 1241667227275, 1241667643334, 0, 0, 0, 0, 0, 0, 0, 1032421, 2, 
1227772, 1241665862011, 1241666444286, 0, 390, 2, 151, 0, 0, 0, 87714, 1, 
122907, , , 131.3, 0, 0, 0, 0, 6, 10, 251062, , 
1229552, 1241661426902, 1241661773414, 0, 120, 1, 131, 0, 0, 0, 900329, 2, 
123534, 1241663892240, 1241664056969, 0, 0, 0, 0, 0, 0, 0, 931, 1, 0
123961, 1241660925734, 1241661932964, 124.80000000000001, 1784, 4, 592, 878, 5, 22, 713, 15, 2
1254611, 1241661410979, 1241661797460, 0, 219, 2, 104, 0, 0, 0, 1148755, 2, 
1255618, 1241664056167, 1241665355868, 0, 1378, 8, 120.75, 0, 2, 0, 206148, 3, 
1255708, 1241662540115, 1241662560854, 0, 0, 0, 0, 0, 0, 0, 0, 1, 
1257548, 1241664264995, 1241664932938, 0, 956, 3, 115, 0, 0, 0, 70997, 1, 
125837, 1241662793788, 1241663684804, 0, 1258, 3, 616.6666666666666, 0, 2, 0, 336524, 6, 1
1266077, 1241665157560, 1241665555685, 0, 0, 0, 0, 0, 0, 0, 1093416, 1, 
1275599, 1241667731710, 1241667743287, 0, 0, 0, 0, 0, 0, 0, 0, 1, 
12770, , , 260.5, 0, 0, 0, 0, 23, 23, 383387, , 
12791, 1241665373062, 1241665529104, 0, 0, 0, 0, 0, 15, 23, 12, 12, 2
1279761, 1241662848678, 1241664001280, 0, 441, 3, 103.33333333333333, 0, 0, 0, 171513, 2, 
1281427, 1241666748646, 1241667052206, 0, 186, 1, 123, 0, 0, 0, 1127083, 1, 
1299868, 1241665954408, 1241666020639, 0, 0, 0, 0, 0, 0, 0, 0, 1, 
1304828, 1241662956363, 1241663319853, 0, 0, 0, 0, 0, 0, 0, 0, 1, 
1305200, 1241663441479, 1241663535881, 0, 0, 0, 0, 0, 0, 0, 0, 1, 
1305314, 1241664132793, 1241664313662, 0, 0, 0, 0, 0, 0, 0, 127942, 1, 
1305400, 1241664274190, 1241664514361, 0, 151, 1, 104, 0, 0, 0, 10260, 1, 
1305579, 1241665863069, 1241665881882, 0, 0, 0, 0, 0, 0, 0, 0, 1, 
132921, 1241666439628, , 0, 149, 1, 160, 0, 8, 0, 211601, 6, 2
137784, 1241668016532, , 0, 0, 0, 0, 0, 0, 0, 153510, 3, 0
139153, 1241666607530, 1241666611096, 0, 0, 0, 0, 0, 0, 0, 0, 1, 0
141364, , , 52.300000000000004, 0, 0, 0, 0, 6, 7, 16514, , 
14467, 1241665762695, 1241666988835, 0, 1716, 4, 445.5, 0, 4, 0, 58859, 4, 3
145896, , , 51.25, 0, 0, 0, 0, 6, 3, 225840, , 
147436, 1241664819469, 1241665124439, 0, 510, 2, 125.5, 0, 0, 0, 0, 1, 
147628, , , 30.400000000000002, 0, 0, 0, 0, 6, 3, 63846, , 
152662, 1241661331551, 1241661367128, 0, 0, 0, 0, 0, 0, 0, 0, 1, 
153097, 1241661095747, , 0, 35, 1, 0, 1110484, 17, 0, 1062853, 4, 15
1531, , , 65.7, 0, 0, 0, 0, 2, 14, 12, , 
156489, 1241667098010, 1241667776447, 0, 1257, 2, 280, 154238, 16, 23, 713, 9, 1
16514, , , 26.150000000000002, 0, 0, 0, 0, 5, 8, 1062, , 
168214, 1241661348213, 1241661552597, 0, 0, 0, 0, 0, 4, 5, 190430, 6, 4
168962, 1241666183309, 1241666838780, 0, 425, 2, 158, 0, 0, 0, 0, 1, 
169321, , , 126.9, 0, 0, 0, 0, 1, 1, 224647, , 
170191, , , 100.25, 0, 0, 0, 0, 3, 10, 202873, , 
171513, 1241664267089, 1241664275897, 372.4000000000001, 782, 3, 271.6666666666667, 0, 10, 7, 170191, 12, 2
173571, , , 32.4, 0, 0, 0, 0, 3, 0, 233753, , 
176940, 1241660835774, 1241661673218, 0, 120, 1, 137, 0, 0, 0, 0, 1, 
17790, 1241661132443, , 0, 8431, 15, 717.4666666666667, 1062, 12, 13, 20260, 16, 3
182851, 1241664906641, 1241665502880, 0, 1269, 1, 438, 0, 1, 0, 169321, 4, 0
184671, , , 656.6000000000001, 0, 0, 0, 0, 1, 6, 171513, , 
185505, , , 102.5, 0, 0, 0, 0, 3, 0, 145896, , 
188229, , , 10.75, 0, 0, 0, 0, 2, 13, 168234, , 
1923, 1241661354021, 1241666124744, 0, 1157, 4, 302.5, 0, 0, 0, 995, 4, 
195736, , , 241.3, 0, 0, 0, 0, 6, 22, 334835, , 
196543, 1241661846385, 1241662296196, 0, 204, 1, 251, 0, 6, 0, 32314, 4, 1
20260, 1241667330903, , 843.1000000000001, 0, 0, 0, 0, 18, 45, 12, 17, 13
202873, , , 39.1, 0, 0, 0, 0, 1, 3, 341164, , 
205330, , , 5.25, 0, 0, 0, 0, 1, 2, 273767, , 
205955, 1241666101801, 1241667098782, 0, 324, 3, 95.66666666666667, 0, 0, 0, 173571, 4, 0
206148, , , 137.8, 0, 0, 0, 0, 1, 2, 1122449, , 
211601, , , 14.9, 0, 0, 0, 0, 1, 8, 7078, , 
217283, , , 83.19999999999999, 0, 0, 0, 0, 1, 3, 57393, , 
218716, , , 21.5, 0, 0, 0, 0, 13, 0, 188229, , 
22279, 1241662395344, 1241663113015, 0, 314, 2, 164.5, 0, 0, 0, 0, 2, 
223494, , , 73.15, 0, 0, 0, 0, 1, 1, 179687, , 
224647, , , 63.45, 0, 0, 0, 0, 1, 1, 234337, , 
227007, 1241665961673, , 0, 2496, 7, 341, 0, 3, 5, 43402, 8, 1
22707, , , 537.2, 0, 0, 0, 0, 7, 11, 8842, , 
233753, , , 16.2, 0, 0, 0, 0, 1, 3, 380604, , 
251062, , , 65.65, 0, 0, 0, 0, 6, 17, 296361, , 
256746, , , 5.800000000000001, 0, 0, 0, 0, 5, 30, 61984, , 
259344, , , 28.200000000000003, 0, 0, 0, 0, 23, 7, 143538, , 
2606, 1241666523053, 1241667896957, 0, 1505, 3, 720.6666666666666, 0, 8, 2, 307471, 6, 1
264673, 1241664240423, 1241665171988, 0, 0, 0, 0, 0, 0, 0, 28294, 3, 0
271936, 1241660890342, 1241663282629, 0, 0, 0, 0, 0, 3, 0, 887964, 4, 
280406, 1241662532678, 1241662537503, 0, 0, 0, 0, 0, 0, 0, 556276, 1, 
283059, 1241660829559, 1241661066174, 0, 0, 0, 0, 0, 0, 0, 0, 1, 
291108, 1241665746881, 1241665774700, 0, 0, 0, 0, 0, 0, 0, 171513, 2, 
298666, , , 56.400000000000006, 0, 0, 0, 0, 7, 0, 259344, , 
307471, , , 490.80000000000007, 0, 0, 0, 0, 6, 18, 12, , 
30940, 1241663952296, 1241664799638, 0, 1314, 4, 414.75, 0, 0, 0, 8842, 4, 
32169, 1241663084410, 1241663563009, 0, 1186, 3, 613.6666666666666, 219, 8, 0, 10260, 14, 5
322949, 1241663521399, 1241664557742, 0, 265, 3, 88.33333333333333, 0, 0, 0, 0, 1, 
32314, , , 20.400000000000002, 0, 0, 0, 0, 10, 6, 40508, , 
334835, , , 89.19999999999999, 0, 0, 0, 0, 2, 6, 143501, , 
336228, , , 852.5000000000001, 0, 0, 0, 0, 10, 16, 307471, , 
336524, 1241665546129, , 125.80000000000001, 1784, 6, 370.6666666666667, 101052, 22, 6, 195736, 11, 2
351430, 1241660846171, 1241665379740, 363.3, 6806, 18, 335.27777777777777, 336228, 14, 47, 336228, 13, 2
35568, 1241667801694, , 5.75, 0, 0, 0, 0, 2, 29, 258951, 4, 0
376717, 1241666178785, 1241666608907, 0, 0, 0, 0, 0, 0, 0, 811852, 1, 
380174, , , 21.35, 0, 0, 0, 0, 2, 2, 205330, , 
383387, , , 314.45000000000005, 0, 0, 0, 0, 7, 57, 0, , 
396113, , , 85.80000000000001, 0, 0, 0, 0, 2, 9, 44987, , 
397835, , , 211.95000000000002, 0, 0, 0, 0, 5, 35, 47379, , 
40508, , , 10.200000000000001, 0, 0, 0, 0, 1, 10, 23340, , 
408501, 1241665983025, 1241667038428, 42.800000000000004, 1664, 5, 329.6, 402647, 8, 19, 637936, 11, 2
4139, 1241664583877, , 50.25000000000001, 3628, 7, 742.2857142857143, 44987, 22, 23, 713, 18, 3
416503, 1241662571280, 1241663134150, 0, 1365, 3, 166.66666666666666, 0, 3, 0, 82321, 3, 1
421572, 1241661012321, 1241665441778, 0, 564, 3, 100.66666666666667, 0, 0, 0, 298666, 2, 0
430717, , , 11.600000000000001, 0, 0, 0, 0, 30, 0, 256746, , 
43402, , , 249.60000000000002, 0, 0, 0, 0, 12, 8, 123961, , 
447249, 1241667295495, , 0, 0, 0, 0, 10642, 4, 4, 199427, 15, 2
44987, 1241661545710, 1241664836952, 0, 2605, 6, 681.1666666666666, 4139, 17, 18, 12770, 14, 2
47379, , , 82.7, 0, 0, 0, 0, 1, 5, 54776, , 
502119, 1241661564060, 1241665881778, 0, 5372, 17, 289.70588235294116, 520359, 11, 14, 22707, 10, 2
503, , , 873.9000000000001, 0, 0, 0, 0, 5, 2, 12, , 
504207, 1241660859355, 1241663294068, 0, 1005, 7, 92.42857142857143, 0, 1, 1, 506297, 3, 0
506297, , , 100.50000000000001, 0, 0, 0, 0, 5, 1, 4139, , 
52350, , , 22.25, 0, 0, 0, 0, 5, 2, 674637, , 
524637, 1241667817472, , 0, 204, 1, 169, 0, 1, 0, 83320, 3, 0
53030, 1241666061020, 1241667185432, 0, 1313, 4, 344, 1092321, 10, 6, 122907, 14, 3
533476, 1241665150864, 1241665179033, 0, 0, 0, 0, 520205, 0, 0, 520205, 1, 0
535, 1241665153752, , 0, 304, 1, 326, 533, 3, 2, 147628, 13, 3
538369, 1241667347900, , 0, 197, 1, 186, 203784, 2, 0, 351430, 8, 1
543213, 1241667621036, , 0, 116, 1, 121, 0, 0, 0, 575140, 2, 0
555728, , , 33.9, 0, 0, 0, 0, 16, 10, 1101, , 
562788, , , 21.800000000000004, 0, 0, 0, 0, 1, 5, 409656, , 
564162, 1241665990927, 1241666896697, 0, 523, 3, 174.33333333333334, 176275, 7, 0, 141364, 6, 6
575140, , , 11.600000000000001, 0, 0, 0, 0, 2, 0, 603011, , 
57717, , , 68.25, 0, 0, 0, 0, 4, 6, 110178, , 
57871, 1241666081074, 1241667075973, 0, 897, 3, 351, 0, 0, 0, 1148755, 4, 0
58859, , , 171.60000000000002, 0, 0, 0, 0, 9, 8, 396113, , 
597005, 1241664836342, 1241665500959, 0, 436, 3, 238, 0, 2, 1, 603011, 4, 0
603011, , , 49.400000000000006, 0, 0, 0, 0, 5, 4, 562788, , 
624485, 1241661372698, 1241661837018, 0, 0, 0, 0, 0, 0, 0, 562953, 2, 
624616, 1241662628495, 1241662749409, 0, 0, 0, 0, 0, 1, 0, 104252, 2, 
637936, , , 187.79999999999998, 0, 0, 0, 0, 3, 8, 217283, , 
63846, , , 15.200000000000001, 0, 0, 0, 0, 1, 6, 65246, , 
68238, 1241662758768, 1241663456999, 21.700000000000003, 105, 1, 111, 0, 2, 0, 380174, 2, 
68523, 1241661522689, 1241662230230, 0, 242, 1, 166, 0, 0, 0, 351430, 2, 
696029, 1241667795817, , 0, 116, 1, 111, 0, 0, 0, 430717, 2, 0
70557, , , 6, 0, 0, 0, 0, 5, 24, 502119, , 
7078, , , 7.45, 0, 0, 0, 0, 9, 3, 177916, , 
70997, 1241663487164, 1241666338581, 93.1, 1654, 6, 454, 1010692, 35, 32, 397835, 12, 3
713, 1241666827618, , 2196.5999999999995, 3684, 9, 355.22222222222223, 1265, 11, 76, 12, 19, 6
71724, 1241662496905, 1241663883531, 0, 1463, 3, 281, 3200, 19, 5, 94103, 12, 4
72927, 1241661117480, 1241662680110, 0, 1025, 8, 110.375, 0, 0, 0, 185505, 2, 0
8013, 1241661707028, 1241661771795, 0, 0, 0, 0, 0, 0, 0, 1124156, 3, 
802319, , , 21.05, 0, 0, 0, 0, 2, 6, 773108, , 
81899, , , 51.6, 0, 0, 0, 0, 6, 12, 802319, , 
82321, , , 136.5, 0, 0, 0, 0, 6, 4, 57717, , 
825362, 1241662540099, 1241663190232, 0, 217, 2, 105, 0, 0, 0, 68238, 1, 
83320, , , 20.400000000000002, 0, 0, 0, 0, 4, 1, 96838, , 
835426, , , 72, 0, 0, 0, 0, 2, 0, 1092321, , 
836417, , , 59.35000000000001, 0, 0, 0, 0, 3, 5, 582081, , 
8527, 1241666116657, , 0, 8739, 24, 358.375, 10260, 2, 0, 503, 10, 2
859397, 1241665191625, , 0, 0, 0, 0, 0, 0, 0, 0, 1, 0
87600, 1241661014513, 1241661311635, 0, 122, 1, 122, 0, 0, 0, 0, 1, 
87714, 1241664877991, 1241667335073, 39, 2999, 8, 369.375, 0, 10, 3, 351430, 11, 6
880098, 1241665260356, 1241665282633, 0, 0, 0, 0, 0, 0, 0, 0, 1, 
8842, , , 400, 0, 0, 0, 0, 12, 8, 1531, , 
900329, , , 12, 0, 0, 0, 0, 24, 5, 70557, , 
94103, , , 146.3, 0, 0, 0, 0, 1, 19, 223494, , 
96838, , , 10.200000000000001, 0, 0, 0, 0, 1, 4, 166371, , 
97875, 1241666847576, 1241667150464, 0, 0, 0, 0, 0, 0, 0, 0, 1, 
990799, , , 128, 0, 0, 0, 0, 5, 13, 836417, , 
995, , , 115.70000000000002, 0, 0, 0, 0, 12, 0, 12, , 
998652, , , 27.900000000000002, 0, 0, 0, 0, 3, 20, 990799, , 
<<<<EndTable

PlayersOnlineNow=23
PlayersOnlineEachMinute=0, 13, 17, 17, 18, 20, 21, 22, 23, 24, 25, 25, 26, 26, 27, 27, 25, 23, 25, 24, 24, 25, 23, 23, 21, 20, 19, 20, 22, 21, 22, 21, 22, 23, 24, 25, 26, 26, 27, 25, 24, 23, 21, 21, 21, 22, 22, 21, 20, 19, 19, 18, 21, 21, 18, 18, 19, 20, 22, 21, 21, 20, 19, 19, 19, 18, 18, 18, 20, 19, 19, 21, 18, 20, 20, 18, 17, 16, 15, 14, 13, 14, 16, 16, 18, 16, 20, 20, 22, 21, 23, 23, 22, 22, 22, 23, 23, 22, 23, 25, 25, 25, 24, 22, 20, 19, 17, 19, 19, 20, 20, 20, 20, 21, 21, 22, 20, 23, 22, 22
PlayersInEachFeedingGame=1, 1, 1, 2, 2, 1, 2, 1, 1, 1, 2, 1, 1, 1, 3, 1, 1, 2, 1, 2, 2, 2, 2, 2, 1, 2, 2, 2, 2, 1, 2, 2, 2, 2, 1, 2, 2, 2, 1, 1, 2, 1, 2, 1, 2, 2, 2, 2, 2, 1, 2, 2, 2, 2, 2, 1, 2, 2, 1, 2, 1, 2, 2, 2, 1, 2, 2, 2, 2, 2, 2, 2, 2, 2, 2, 2, 2, 2, 1, 2, 2, 2, 1, 2, 2, 2, 2, 1, 2, 2, 2, 2, 3, 2, 2, 2, 2, 2, 1, 2, 2, 1, 2, 2, 2, 1, 2, 2, 2, 2, 2, 3, 1, 2, 2, 2, 1, 2, 2, 2, 2, 2
PlayersStarted=152
PlayersQuit=129
StatsStartTime=1241660826964
StatsDumpTime=1241668029112
<<<<EndStats
2009-05-06 20:47:29,169 ERROR: vampire.server.feeding.FeedingRecord sendPlayerStartGameMsg [playerId=110735, prey=true, _predatorIndex=]
2009-05-06 20:47:29,171 ERROR: vampire.server.feeding.FeedingRecord sendPlayerStartGameMsg [playerId=35568, prey=false, _predatorIndex=]
2009-05-06 20:47:41,957 ERROR: vampire.server.feeding.FeedingRecord sendPlayerStartGameMsg [playerId=137784, prey=true, _predatorIndex=]
2009-05-06 20:47:41,959 ERROR: vampire.server.feeding.FeedingRecord sendPlayerStartGameMsg [playerId=524637, prey=false, _predatorIndex=]
2009-05-06 20:47:46,408 ERROR: vampire.server.feeding.FeedingRecord sendPlayerStartGameMsg [playerId=336524, prey=true, _predatorIndex=]
2009-05-06 20:47:46,410 ERROR: vampire.server.feeding.FeedingRecord sendPlayerStartGameMsg [playerId=1047840, prey=false, _predatorIndex=]
2009-05-06 20:48:22,988 ERROR: vampire.server.feeding.FeedingRecord sendPlayerStartGameMsg [playerId=224484, prey=false, _predatorIndex=524637]
2009-05-06 20:48:53,122 ERROR: vampire.server.feeding.FeedingRecord sendPlayerStartGameMsg [playerId=543213, prey=false, _predatorIndex=]
2009-05-06 20:50:44,240 ERROR: vampire.server.feeding.FeedingRecord sendPlayerStartGameMsg [playerId=110735, prey=false, _predatorIndex=]
2009-05-06 20:51:08,108 ERROR: vampire.server.feeding.FeedingRecord sendPlayerStartGameMsg [playerId=696029, prey=false, _predatorIndex=]
2009-05-06 20:51:40,046 ERROR: vampire.server.feeding.FeedingRecord sendPlayerStartGameMsg [playerId=713, prey=true, _predatorIndex=]
2009-05-06 20:51:40,049 ERROR: vampire.server.feeding.FeedingRecord sendPlayerStartGameMsg [playerId=1062, prey=false, _predatorIndex=]
2009-05-06 20:52:12,813 ERROR: vampire.server.feeding.FeedingRecord sendPlayerStartGameMsg [playerId=4139, prey=false, _predatorIndex=1062]
2009-05-06 20:55:34,583 ERROR: vampire.server.feeding.FeedingRecord sendPlayerStartGameMsg [playerId=1189990, prey=true, _predatorIndex=]
2009-05-06 20:55:34,586 ERROR: vampire.server.feeding.FeedingRecord sendPlayerStartGameMsg [playerId=298666, prey=false, _predatorIndex=]

>>>>BeginStats

>>>>BeginTable
PlayerId, StartTime, EndTime, ProgenyPayout, XPFromFeeding, FeedingGames, MeanFeedingScore, BloodBond, Progeny, GrandProgeny, Sire, Level, Invites
100300, 1241661622912, 1241661722157, 0, 0, 0, 0, 0, 1, 0, 447249, 4, 0
10260, 1241662711290, 1241668546402, 201.20000000000002, 8284, 22, 288.27272727272725, 8527, 10, 9, 713, 15, 2
103033, 1241660835823, 1241663136309, 19, 421, 3, 222, 767143, 12, 13, 81899, 6, 1
1032421, 1241665694317, , 0, 1187, 4, 429.5, 0, 7, 1, 990799, 7, 1
1032874, 1241662043850, 1241662132682, 0, 0, 0, 0, 1090611, 4, 0, 1127083, 4, 
1047840, 1241667590852, , 0, 356, 1, 211, 1106386, 4, 0, 408501, 5, 1
1062, 1241663202703, , 0, 7107, 12, 454.4166666666667, 17790, 11, 7, 713, 16, 2
1062231, 1241661124756, 1241662524378, 0, 215, 2, 98.5, 0, 0, 0, 218716, 2, 
1062853, , , 3.5, 0, 0, 0, 0, 9, 17, 1124214, , 
10642, 1241661852167, 1241662243197, 0, 0, 0, 0, 447249, 32, 46, 351598, 15, 2
107345, 1241662321683, 1241662327442, 0, 0, 0, 0, 0, 0, 0, 0, 1, 
1088592, 1241668124576, 1241668376974, 0, 0, 0, 0, 0, 0, 0, 836050, 1, 
1089041, 1241660858343, 1241663768138, 0, 675, 8, 84.25, 0, 0, 0, 10260, 3, 
1090131, 1241663797762, 1241664053061, 0, 339, 1, 147, 0, 0, 0, 555728, 3, 
1092321, , , 103.3, 0, 0, 0, 0, 29, 23, 35568, , 
1100116, 1241661702474, 1241662316971, 0, 190, 3, 78.66666666666667, 0, 0, 0, 103033, 2, 
1101, , , 16.95, 0, 0, 0, 0, 2, 16, 239981, , 
110735, 1241665779826, , 0, 970, 5, 99.8, 0, 0, 0, 408501, 1, 0
1117799, 1241666767915, 1241666821161, 0, 0, 0, 0, 0, 1, 0, 592692, 4, 
1122449, , , 68.9, 0, 0, 0, 0, 10, 7, 555728, , 
1124156, 1241660932267, 1241664432089, 0, 6566, 17, 482.05882352941177, 269484, 6, 2, 184671, 7, 1
1124214, , , 1.75, 0, 0, 0, 0, 6, 9, 1122449, , 
1126061, , , 44.5, 0, 0, 0, 0, 2, 0, 52350, , 
1127083, 1241666673185, 1241666994868, 18.6, 186, 1, 249, 998652, 20, 5, 998652, 5, 1
112953, , , 12.25, 0, 0, 0, 0, 3, 7, 241176, , 
1145581, 1241661292774, 1241661843931, 0, 445, 3, 148.33333333333334, 0, 0, 0, 1126061, 3, 
1148755, 1241662905296, 1241663517020, 111.6, 115, 1, 230, 0, 21, 1, 1092321, 7, 5
1162172, 1241660857502, 1241663504314, 0, 720, 5, 145.2, 1181188, 0, 0, 835426, 3, 
116548, 1241660846574, 1241662096976, 0, 268, 3, 89.33333333333333, 0, 0, 0, 0, 1, 0
1189990, 1241668186249, , 0, 0, 0, 0, 0, 0, 0, 0, 1, 0
12, , , 2798.499999999998, 0, 0, 0, 0, 20, 85, 383387, , 
1214279, 1241660838115, 1241661156356, 0, 0, 0, 0, 0, 3, 0, 1152211, 3, 
1217334, 1241667227275, 1241667643334, 0, 0, 0, 0, 0, 0, 0, 1032421, 2, 
1227772, 1241665862011, 1241666444286, 0, 390, 2, 151, 0, 0, 0, 87714, 1, 
122907, , , 131.3, 0, 0, 0, 0, 6, 10, 251062, , 
1229552, 1241661426902, 1241661773414, 0, 120, 1, 131, 0, 0, 0, 900329, 2, 
123534, 1241663892240, 1241664056969, 0, 0, 0, 0, 0, 0, 0, 931, 1, 0
123961, 1241660925734, 1241661932964, 124.80000000000001, 1784, 4, 592, 878, 5, 22, 713, 15, 2
1254611, 1241661410979, 1241661797460, 0, 219, 2, 104, 0, 0, 0, 1148755, 2, 
1255618, 1241664056167, 1241665355868, 0, 1378, 8, 120.75, 0, 2, 0, 206148, 3, 
1255708, 1241662540115, 1241662560854, 0, 0, 0, 0, 0, 0, 0, 0, 1, 
1257513, 1241668627713, , 0, 0, 0, 0, 0, 0, 0, 0, 1, 0
1257548, 1241664264995, 1241664932938, 0, 956, 3, 115, 0, 0, 0, 70997, 1, 
125837, 1241662793788, 1241663684804, 0, 1258, 3, 616.6666666666666, 0, 2, 0, 336524, 6, 1
1265, , , 5.2, 0, 0, 0, 0, 2, 29, 12, , 
1266077, 1241665157560, 1241665555685, 0, 0, 0, 0, 0, 0, 0, 1093416, 1, 
1275599, 1241667731710, 1241667743287, 0, 0, 0, 0, 0, 0, 0, 0, 1, 
12770, , , 260.5, 0, 0, 0, 0, 23, 23, 383387, , 
12791, 1241665373062, 1241665529104, 0, 0, 0, 0, 0, 15, 23, 12, 12, 2
1279761, 1241662848678, 1241664001280, 0, 441, 3, 103.33333333333333, 0, 0, 0, 171513, 2, 
1281427, 1241668040281, 1241668061479, 0, 186, 1, 123, 0, 0, 0, 1127083, 1, 
1299868, 1241665954408, 1241666020639, 0, 0, 0, 0, 0, 0, 0, 0, 1, 
1303160, 1241668517551, 1241668595351, 0, 0, 0, 0, 0, 0, 0, 0, 1, 
1304828, 1241662956363, 1241663319853, 0, 0, 0, 0, 0, 0, 0, 0, 1, 
1305200, 1241663441479, 1241663535881, 0, 0, 0, 0, 0, 0, 0, 0, 1, 
1305314, 1241664132793, 1241664313662, 0, 0, 0, 0, 0, 0, 0, 127942, 1, 
1305400, 1241664274190, 1241664514361, 0, 151, 1, 104, 0, 0, 0, 10260, 1, 
1305579, 1241665863069, 1241665881882, 0, 0, 0, 0, 0, 0, 0, 0, 1, 
132921, 1241666439628, , 0, 149, 1, 160, 0, 8, 0, 211601, 6, 2
137784, 1241668016532, , 0, 245, 2, 95, 0, 0, 0, 153510, 3, 0
139153, 1241666607530, 1241666611096, 0, 0, 0, 0, 0, 0, 0, 0, 1, 0
141364, , , 52.300000000000004, 0, 0, 0, 0, 6, 7, 16514, , 
14467, 1241665762695, 1241666988835, 0, 1716, 4, 445.5, 0, 4, 0, 58859, 4, 3
145896, , , 51.25, 0, 0, 0, 0, 6, 3, 225840, , 
147436, 1241664819469, 1241665124439, 0, 510, 2, 125.5, 0, 0, 0, 0, 1, 
147628, , , 30.400000000000002, 0, 0, 0, 0, 6, 3, 63846, , 
152662, 1241661331551, 1241661367128, 0, 0, 0, 0, 0, 0, 0, 0, 1, 
153097, 1241661095747, , 0, 35, 1, 0, 1110484, 17, 0, 1062853, 4, 15
1531, , , 65.7, 0, 0, 0, 0, 2, 14, 12, , 
153510, , , 24.5, 0, 0, 0, 0, 7, 0, 112953, , 
156489, 1241667098010, 1241667776447, 0, 1257, 2, 280, 154238, 16, 23, 713, 9, 1
16514, , , 26.150000000000002, 0, 0, 0, 0, 5, 8, 1062, , 
168214, 1241661348213, 1241661552597, 0, 0, 0, 0, 0, 4, 5, 190430, 6, 4
168962, 1241666183309, 1241666838780, 0, 425, 2, 158, 0, 0, 0, 0, 1, 
169321, , , 126.9, 0, 0, 0, 0, 1, 1, 224647, , 
170191, , , 100.25, 0, 0, 0, 0, 3, 10, 202873, , 
171513, 1241664267089, 1241664275897, 372.4000000000001, 782, 3, 271.6666666666667, 0, 10, 7, 170191, 12, 2
173571, , , 32.4, 0, 0, 0, 0, 3, 0, 233753, , 
176940, 1241660835774, 1241661673218, 0, 120, 1, 137, 0, 0, 0, 0, 1, 
17790, 1241661132443, , 0, 8431, 15, 717.4666666666667, 1062, 12, 13, 20260, 16, 3
182851, 1241664906641, 1241665502880, 0, 1269, 1, 438, 0, 1, 0, 169321, 4, 0
184671, , , 656.6000000000001, 0, 0, 0, 0, 1, 6, 171513, , 
185505, , , 102.5, 0, 0, 0, 0, 3, 0, 145896, , 
188229, , , 10.75, 0, 0, 0, 0, 2, 13, 168234, , 
1923, 1241661354021, 1241666124744, 0, 1157, 4, 302.5, 0, 0, 0, 995, 4, 
195736, , , 276.90000000000003, 0, 0, 0, 0, 6, 22, 334835, , 
196543, 1241661846385, 1241662296196, 0, 204, 1, 251, 0, 6, 0, 32314, 4, 1
19658, , , 5.95, 0, 0, 0, 0, 1, 1, 118975, , 
19693, , , 11.9, 0, 0, 0, 0, 1, 0, 19658, , 
20260, 1241667330903, , 843.1000000000001, 0, 0, 0, 0, 18, 45, 12, 17, 13
202873, , , 39.1, 0, 0, 0, 0, 1, 3, 341164, , 
205330, , , 5.25, 0, 0, 0, 0, 1, 2, 273767, , 
205955, 1241666101801, 1241667098782, 0, 324, 3, 95.66666666666667, 0, 0, 0, 173571, 4, 0
206148, , , 137.8, 0, 0, 0, 0, 1, 2, 1122449, , 
211601, , , 14.9, 0, 0, 0, 0, 1, 8, 7078, , 
217283, , , 83.19999999999999, 0, 0, 0, 0, 1, 3, 57393, , 
218716, , , 21.5, 0, 0, 0, 0, 13, 0, 188229, , 
22279, 1241662395344, 1241663113015, 0, 314, 2, 164.5, 0, 0, 0, 0, 2, 
223494, , , 73.15, 0, 0, 0, 0, 1, 1, 179687, , 
224484, 1241668090877, 1241668406126, 0, 119, 1, 157, 0, 0, 0, 19693, 2, 0
224647, , , 63.45, 0, 0, 0, 0, 1, 1, 234337, , 
227007, 1241665961673, 1241668041105, 0, 2496, 7, 341, 0, 3, 5, 43402, 8, 1
22707, , , 537.2, 0, 0, 0, 0, 7, 11, 8842, , 
233753, , , 16.2, 0, 0, 0, 0, 1, 3, 380604, , 
251062, , , 65.65, 0, 0, 0, 0, 6, 17, 296361, , 
254043, 1241668208545, 1241668239300, 0, 0, 0, 0, 0, 0, 0, 17790, 2, 0
256746, , , 15.4, 0, 0, 0, 0, 5, 30, 61984, , 
258951, , , 10.4, 0, 0, 0, 0, 23, 2, 1265, , 
259344, , , 28.200000000000003, 0, 0, 0, 0, 23, 7, 143538, , 
2606, 1241666523053, 1241667896957, 0, 1505, 3, 720.6666666666666, 0, 8, 2, 307471, 6, 1
264673, 1241664240423, 1241665171988, 0, 0, 0, 0, 0, 0, 0, 28294, 3, 0
271936, 1241660890342, 1241663282629, 0, 0, 0, 0, 0, 3, 0, 887964, 4, 
280406, 1241662532678, 1241662537503, 0, 0, 0, 0, 0, 0, 0, 556276, 1, 
280766, 1241668606025, 1241668613976, 0, 0, 0, 0, 0, 0, 0, 83959, 4, 0
283059, 1241660829559, 1241661066174, 0, 0, 0, 0, 0, 0, 0, 0, 1, 
291108, 1241665746881, 1241665774700, 0, 0, 0, 0, 0, 0, 0, 171513, 2, 
298666, 1241668292025, , 56.400000000000006, 0, 0, 0, 868186, 7, 0, 259344, 7, 2
307471, , , 490.80000000000007, 0, 0, 0, 0, 6, 18, 12, , 
30940, 1241663952296, 1241664799638, 0, 1314, 4, 414.75, 0, 0, 0, 8842, 4, 
32169, 1241663084410, 1241663563009, 0, 1186, 3, 613.6666666666666, 219, 8, 0, 10260, 14, 5
322949, 1241663521399, 1241664557742, 0, 265, 3, 88.33333333333333, 0, 0, 0, 0, 1, 
32314, , , 20.400000000000002, 0, 0, 0, 0, 10, 6, 40508, , 
334835, , , 106.99999999999999, 0, 0, 0, 0, 2, 6, 143501, , 
336228, , , 852.5000000000001, 0, 0, 0, 0, 10, 16, 307471, , 
336524, 1241665546129, , 125.80000000000001, 2140, 7, 389.14285714285717, 101052, 22, 6, 195736, 11, 2
351430, 1241660846171, 1241665379740, 363.3, 6806, 18, 335.27777777777777, 336228, 14, 47, 336228, 13, 2
35568, 1241667801694, , 5.75, 104, 1, 103, 0, 2, 29, 258951, 4, 0
376717, 1241666178785, 1241666608907, 0, 0, 0, 0, 0, 0, 0, 811852, 1, 
380174, , , 21.35, 0, 0, 0, 0, 2, 2, 205330, , 
383387, , , 420.50000000000006, 0, 0, 0, 0, 7, 57, 0, , 
396113, , , 85.80000000000001, 0, 0, 0, 0, 2, 9, 44987, , 
397835, , , 211.95000000000002, 0, 0, 0, 0, 5, 35, 47379, , 
40508, , , 10.200000000000001, 0, 0, 0, 0, 1, 10, 23340, , 
408501, 1241665983025, 1241667038428, 88.80000000000001, 1664, 5, 329.6, 402647, 8, 19, 637936, 11, 2
4139, 1241664583877, , 50.25000000000001, 5075, 10, 749.1, 44987, 22, 23, 713, 18, 3
416503, 1241662571280, 1241663134150, 0, 1365, 3, 166.66666666666666, 0, 3, 0, 82321, 3, 1
421572, 1241661012321, 1241665441778, 0, 564, 3, 100.66666666666667, 0, 0, 0, 298666, 2, 0
430717, , , 30.8, 0, 0, 0, 0, 30, 0, 256746, , 
43402, , , 249.60000000000002, 0, 0, 0, 0, 12, 8, 123961, , 
447249, 1241667295495, , 0, 0, 0, 0, 10642, 4, 4, 199427, 15, 2
44987, 1241661545710, 1241664836952, 0, 2605, 6, 681.1666666666666, 4139, 17, 18, 12770, 14, 2
47379, , , 82.7, 0, 0, 0, 0, 1, 5, 54776, , 
502119, 1241661564060, 1241665881778, 0, 5372, 17, 289.70588235294116, 520359, 11, 14, 22707, 10, 2
503, , , 976.0000000000001, 0, 0, 0, 0, 5, 2, 12, , 
504207, 1241660859355, 1241663294068, 0, 1005, 7, 92.42857142857143, 0, 1, 1, 506297, 3, 0
506297, , , 100.50000000000001, 0, 0, 0, 0, 5, 1, 4139, , 
52350, , , 22.25, 0, 0, 0, 0, 5, 2, 674637, , 
524637, 1241667817472, 1241668592265, 0, 330, 2, 156, 0, 1, 0, 83320, 3, 
53030, 1241666061020, 1241667185432, 0, 1313, 4, 344, 1092321, 10, 6, 122907, 14, 3
533476, 1241665150864, 1241665179033, 0, 0, 0, 0, 520205, 0, 0, 520205, 1, 0
535, 1241665153752, , 0, 304, 1, 326, 533, 3, 2, 147628, 13, 3
538369, 1241667347900, , 0, 197, 1, 186, 203784, 2, 0, 351430, 8, 1
543213, 1241667621036, , 0, 317, 3, 111.33333333333333, 0, 0, 0, 575140, 2, 0
555728, , , 33.9, 0, 0, 0, 0, 16, 10, 1101, , 
562788, , , 21.800000000000004, 0, 0, 0, 0, 1, 5, 409656, , 
564162, 1241665990927, 1241666896697, 0, 523, 3, 174.33333333333334, 176275, 7, 0, 141364, 6, 6
575140, , , 31.700000000000003, 0, 0, 0, 0, 2, 0, 603011, , 
57717, , , 68.25, 0, 0, 0, 0, 4, 6, 110178, , 
57871, 1241666081074, 1241667075973, 0, 897, 3, 351, 0, 0, 0, 1148755, 4, 0
58859, , , 171.60000000000002, 0, 0, 0, 0, 9, 8, 396113, , 
597005, 1241664836342, 1241665500959, 0, 436, 3, 238, 0, 2, 1, 603011, 4, 0
603011, , , 59.45000000000001, 0, 0, 0, 0, 5, 4, 562788, , 
624485, 1241661372698, 1241661837018, 0, 0, 0, 0, 0, 0, 0, 562953, 2, 
624616, 1241662628495, 1241662749409, 0, 0, 0, 0, 0, 1, 0, 104252, 2, 
637936, , , 210.79999999999998, 0, 0, 0, 0, 3, 8, 217283, , 
63846, , , 15.200000000000001, 0, 0, 0, 0, 1, 6, 65246, , 
645293, 1241668538918, 1241668544812, 0, 0, 0, 0, 0, 0, 0, 0, 1, 
68238, 1241662758768, 1241663456999, 21.700000000000003, 105, 1, 111, 0, 2, 0, 380174, 2, 
68523, 1241661522689, 1241662230230, 0, 242, 1, 166, 0, 0, 0, 351430, 2, 
696029, 1241667795817, , 0, 308, 3, 97, 0, 0, 0, 430717, 2, 0
70557, , , 6, 0, 0, 0, 0, 5, 24, 502119, , 
7078, , , 7.45, 0, 0, 0, 0, 9, 3, 177916, , 
70997, 1241663487164, 1241666338581, 93.1, 1654, 6, 454, 1010692, 35, 32, 397835, 12, 3
713, 1241666827618, , 2451.2999999999993, 5805, 13, 346.38461538461536, 1265, 11, 76, 12, 19, 6
71724, 1241662496905, 1241663883531, 0, 1463, 3, 281, 3200, 19, 5, 94103, 12, 4
72927, 1241661117480, 1241662680110, 0, 1025, 8, 110.375, 0, 0, 0, 185505, 2, 0
8013, 1241661707028, 1241661771795, 0, 0, 0, 0, 0, 0, 0, 1124156, 3, 
802319, , , 21.05, 0, 0, 0, 0, 2, 6, 773108, , 
81899, , , 51.6, 0, 0, 0, 0, 6, 12, 802319, , 
82321, , , 136.5, 0, 0, 0, 0, 6, 4, 57717, , 
825362, 1241662540099, 1241663190232, 0, 217, 2, 105, 0, 0, 0, 68238, 1, 
83320, , , 33, 0, 0, 0, 0, 4, 1, 96838, , 
835426, , , 72, 0, 0, 0, 0, 2, 0, 1092321, , 
836417, , , 59.35000000000001, 0, 0, 0, 0, 3, 5, 582081, , 
8527, 1241666116657, , 0, 9760, 26, 361.0769230769231, 10260, 2, 0, 503, 10, 2
859397, 1241665191625, , 0, 0, 0, 0, 0, 0, 0, 0, 1, 0
87600, 1241661014513, 1241661311635, 0, 122, 1, 122, 0, 0, 0, 0, 1, 
87714, 1241664877991, 1241667335073, 39, 2999, 8, 369.375, 0, 10, 3, 351430, 11, 6
880098, 1241665260356, 1241665282633, 0, 0, 0, 0, 0, 0, 0, 0, 1, 
8842, , , 400, 0, 0, 0, 0, 12, 8, 1531, , 
900329, , , 12, 0, 0, 0, 0, 24, 5, 70557, , 
94103, , , 146.3, 0, 0, 0, 0, 1, 19, 223494, , 
96838, , , 16.5, 0, 0, 0, 0, 1, 4, 166371, , 
97875, 1241666847576, 1241667150464, 0, 0, 0, 0, 0, 0, 0, 0, 1, 
990799, , , 128, 0, 0, 0, 0, 5, 13, 836417, , 
995, 1241668528096, , 115.70000000000002, 0, 0, 0, 12, 12, 23, 12, 14, 5
998652, , , 27.900000000000002, 0, 0, 0, 0, 3, 20, 990799, , 
<<<<EndTable

PlayersOnlineNow=24
PlayersOnlineEachMinute=0, 13, 17, 17, 18, 20, 21, 22, 23, 24, 25, 25, 26, 26, 27, 27, 25, 23, 25, 24, 24, 25, 23, 23, 21, 20, 19, 20, 22, 21, 22, 21, 22, 23, 24, 25, 26, 26, 27, 25, 24, 23, 21, 21, 21, 22, 22, 21, 20, 19, 19, 18, 21, 21, 18, 18, 19, 20, 22, 21, 21, 20, 19, 19, 19, 18, 18, 18, 20, 19, 19, 21, 18, 20, 20, 18, 17, 16, 15, 14, 13, 14, 16, 16, 18, 16, 20, 20, 22, 21, 23, 23, 22, 22, 22, 23, 23, 22, 23, 25, 25, 25, 24, 22, 20, 19, 17, 19, 19, 20, 20, 20, 20, 21, 21, 22, 20, 23, 22, 22, 23, 22, 24, 26, 25, 26, 25, 24, 24, 25
PlayersInEachFeedingGame=1, 1, 1, 2, 2, 1, 2, 1, 1, 1, 2, 1, 1, 1, 3, 1, 1, 2, 1, 2, 2, 2, 2, 2, 1, 2, 2, 2, 2, 1, 2, 2, 2, 2, 1, 2, 2, 2, 1, 1, 2, 1, 2, 1, 2, 2, 2, 2, 2, 1, 2, 2, 2, 2, 2, 1, 2, 2, 1, 2, 1, 2, 2, 2, 1, 2, 2, 2, 2, 2, 2, 2, 2, 2, 2, 2, 2, 2, 1, 2, 2, 2, 1, 2, 2, 2, 2, 1, 2, 2, 2, 2, 3, 2, 2, 2, 2, 2, 1, 2, 2, 1, 2, 2, 2, 1, 2, 2, 2, 2, 2, 3, 1, 2, 2, 2, 1, 2, 2, 2, 2, 2, 2, 2, 2, 1, 1, 1, 2, 2
PlayersStarted=164
PlayersQuit=140
StatsStartTime=1241660826964
StatsDumpTime=1241668629413
<<<<EndStats
2009-05-06 20:57:09,440 ERROR: vampire.server.feeding.FeedingRecord sendPlayerStartGameMsg [playerId=995, prey=false, _predatorIndex=1062,4139]
2009-05-06 20:59:27,365 ERROR: vampire.server.feeding.FeedingRecord sendPlayerStartGameMsg [playerId=1032421, prey=true, _predatorIndex=]
2009-05-06 20:59:27,367 ERROR: vampire.server.feeding.FeedingRecord sendPlayerStartGameMsg [playerId=1257513, prey=false, _predatorIndex=]
2009-05-06 20:59:57,362 ERROR: vampire.server.feeding.FeedingRecord sendPlayerStartGameMsg [playerId=110735, prey=true, _predatorIndex=]
2009-05-06 20:59:57,364 ERROR: vampire.server.feeding.FeedingRecord sendPlayerStartGameMsg [playerId=37261, prey=false, _predatorIndex=]
2009-05-06 21:00:49,644 ERROR: vampire.server.feeding.FeedingRecord sendPlayerStartGameMsg [playerId=1047840, prey=true, _predatorIndex=]
2009-05-06 21:00:49,646 ERROR: vampire.server.feeding.FeedingRecord sendPlayerStartGameMsg [playerId=224484, prey=false, _predatorIndex=]
2009-05-06 21:02:17,379 ERROR: vampire.server.feeding.FeedingRecord sendPlayerStartGameMsg [playerId=1257513, prey=false, _predatorIndex=]
2009-05-06 21:03:07,311 ERROR: vampire.server.feeding.FeedingRecord sendPlayerStartGameMsg [playerId=224484, prey=true, _predatorIndex=]
2009-05-06 21:03:07,318 ERROR: vampire.server.feeding.FeedingRecord sendPlayerStartGameMsg [playerId=524637, prey=false, _predatorIndex=]
2009-05-06 21:03:08,701 ERROR: vampire.server.feeding.FeedingRecord sendPlayerStartGameMsg [playerId=17790, prey=false, _predatorIndex=1062,4139,995]
2009-05-06 21:03:15,148 ERROR: vampire.server.feeding.FeedingRecord sendPlayerStartGameMsg [playerId=1032421, prey=false, _predatorIndex=1257513]
2009-05-06 21:04:21,215 ERROR: vampire.server.feeding.FeedingRecord sendPlayerStartGameMsg [playerId=224484, prey=true, _predatorIndex=]
2009-05-06 21:04:21,231 ERROR: vampire.server.feeding.FeedingRecord sendPlayerStartGameMsg [playerId=1047840, prey=false, _predatorIndex=]
2009-05-06 21:04:23,474 ERROR: vampire.server.feeding.FeedingRecord sendPlayerStartGameMsg [playerId=1032421, prey=false, _predatorIndex=1047840]
2009-05-06 21:04:54,173 ERROR: vampire.server.feeding.FeedingRecord sendPlayerStartGameMsg [playerId=35568, prey=true, _predatorIndex=]
2009-05-06 21:04:54,180 ERROR: vampire.server.feeding.FeedingRecord sendPlayerStartGameMsg [playerId=1302055, prey=false, _predatorIndex=]
2009-05-06 21:05:13,584 ERROR: vampire.server.feeding.FeedingRecord sendPlayerStartGameMsg [playerId=1257513, prey=false, _predatorIndex=]
2009-05-06 21:05:28,294 ERROR: vampire.server.feeding.FeedingRecord sendPlayerStartGameMsg [playerId=1257513, prey=false, _predatorIndex=]

>>>>BeginStats

>>>>BeginTable
PlayerId, StartTime, EndTime, ProgenyPayout, XPFromFeeding, FeedingGames, MeanFeedingScore, BloodBond, Progeny, GrandProgeny, Sire, Level, Invites
100300, 1241661622912, 1241661722157, 0, 0, 0, 0, 0, 1, 0, 447249, 4, 0
10260, 1241662711290, 1241668546402, 201.20000000000002, 8284, 22, 288.27272727272725, 8527, 10, 9, 713, 15, 2
103033, 1241660835823, 1241663136309, 19, 421, 3, 222, 767143, 12, 13, 81899, 6, 1
1032421, 1241665694317, , 23.900000000000002, 1563, 6, 399.6666666666667, 0, 8, 1, 990799, 7, 1
1032874, 1241662043850, 1241662132682, 0, 0, 0, 0, 1090611, 4, 0, 1127083, 4, 
1047840, 1241667590852, , 0, 719, 3, 183.66666666666666, 1106386, 4, 0, 408501, 5, 1
1062, 1241663202703, , 0, 9209, 16, 439.375, 17790, 11, 7, 713, 16, 2
1062231, 1241661124756, 1241662524378, 0, 215, 2, 98.5, 0, 0, 0, 218716, 2, 
1062853, , , 3.5, 0, 0, 0, 0, 9, 17, 1124214, , 
10642, 1241661852167, 1241662243197, 0, 0, 0, 0, 447249, 32, 46, 351598, 15, 2
107345, 1241662321683, 1241662327442, 0, 0, 0, 0, 0, 0, 0, 0, 1, 
1088592, 1241668124576, 1241668376974, 0, 0, 0, 0, 0, 0, 0, 836050, 1, 
1089041, 1241660858343, 1241663768138, 0, 675, 8, 84.25, 0, 0, 0, 10260, 3, 
1090131, 1241663797762, 1241664053061, 0, 339, 1, 147, 0, 0, 0, 555728, 3, 
1092321, , , 103.3, 0, 0, 0, 0, 29, 23, 35568, , 
1100116, 1241661702474, 1241662316971, 0, 190, 3, 78.66666666666667, 0, 0, 0, 103033, 2, 
1101, , , 16.95, 0, 0, 0, 0, 2, 16, 239981, , 
110735, 1241665779826, 1241669036985, 0, 970, 5, 99.8, 0, 0, 0, 408501, 1, 
1117799, 1241666767915, 1241666821161, 0, 0, 0, 0, 0, 1, 0, 592692, 4, 
1122449, , , 68.9, 0, 0, 0, 0, 10, 7, 555728, , 
1124156, 1241660932267, 1241664432089, 0, 6566, 17, 482.05882352941177, 269484, 6, 2, 184671, 7, 1
1124214, , , 1.75, 0, 0, 0, 0, 6, 9, 1122449, , 
1126061, , , 44.5, 0, 0, 0, 0, 2, 0, 52350, , 
1127083, 1241666673185, 1241666994868, 18.6, 186, 1, 249, 998652, 20, 5, 998652, 5, 1
112953, , , 12.25, 0, 0, 0, 0, 3, 7, 241176, , 
1145581, 1241661292774, 1241661843931, 0, 445, 3, 148.33333333333334, 0, 0, 0, 1126061, 3, 
1148755, 1241662905296, 1241663517020, 111.6, 115, 1, 230, 0, 21, 1, 1092321, 7, 5
1162172, 1241660857502, 1241663504314, 0, 720, 5, 145.2, 1181188, 0, 0, 835426, 3, 
116548, 1241660846574, 1241662096976, 0, 268, 3, 89.33333333333333, 0, 0, 0, 0, 1, 0
1189990, 1241668186249, , 0, 0, 0, 0, 0, 0, 0, 0, 1, 0
12, , , 3345.3999999999983, 0, 0, 0, 0, 20, 85, 383387, , 
120374, 1241668761215, 1241668770479, 0, 0, 0, 0, 0, 0, 0, 211710, 3, 0
1214279, 1241660838115, 1241661156356, 0, 0, 0, 0, 0, 3, 0, 1152211, 3, 
1217334, 1241667227275, 1241667643334, 0, 0, 0, 0, 0, 0, 0, 1032421, 2, 
1227772, 1241665862011, 1241666444286, 0, 390, 2, 151, 0, 0, 0, 87714, 1, 
122907, , , 131.3, 0, 0, 0, 0, 6, 10, 251062, , 
1229552, 1241661426902, 1241661773414, 0, 120, 1, 131, 0, 0, 0, 900329, 2, 
123534, 1241663892240, 1241664056969, 0, 0, 0, 0, 0, 0, 0, 931, 1, 0
1237789, , , 10.100000000000001, 0, 0, 0, 0, 1, 5, 510740, , 
123961, 1241660925734, 1241661932964, 124.80000000000001, 1784, 4, 592, 878, 5, 22, 713, 15, 2
1254611, 1241661410979, 1241661797460, 0, 219, 2, 104, 0, 0, 0, 1148755, 2, 
1255618, 1241664056167, 1241665355868, 0, 1378, 8, 120.75, 0, 2, 0, 206148, 3, 
1255708, 1241662540115, 1241662560854, 0, 0, 0, 0, 0, 0, 0, 0, 1, 
1257513, 1241668627713, , 0, 239, 2, 108.5, 0, 0, 0, 1032421, 1, 0
1257548, 1241664264995, 1241664932938, 0, 956, 3, 115, 0, 0, 0, 70997, 1, 
125837, 1241662793788, 1241663684804, 0, 1258, 3, 616.6666666666666, 0, 2, 0, 336524, 6, 1
1265, , , 11.850000000000001, 0, 0, 0, 0, 2, 29, 12, , 
1266077, 1241665157560, 1241665555685, 0, 0, 0, 0, 0, 0, 0, 1093416, 1, 
1275599, 1241667731710, 1241667743287, 0, 0, 0, 0, 0, 0, 0, 0, 1, 
12770, , , 260.5, 0, 0, 0, 0, 23, 23, 383387, , 
12791, 1241665373062, 1241665529104, 0, 0, 0, 0, 0, 15, 23, 12, 12, 2
1279761, 1241662848678, 1241664001280, 0, 441, 3, 103.33333333333333, 0, 0, 0, 171513, 2, 
1281427, 1241668040281, 1241668061479, 0, 186, 1, 123, 0, 0, 0, 1127083, 1, 
1285629, 1241668770712, 1241668771480, 0, 0, 0, 0, 0, 0, 0, 0, 1, 
1299868, 1241665954408, 1241666020639, 0, 0, 0, 0, 0, 0, 0, 0, 1, 
1302055, 1241669019461, , 0, 133, 1, 113, 0, 0, 0, 35568, 1, 0
1303160, 1241668653054, 1241668689698, 0, 0, 0, 0, 0, 0, 0, 0, 1, 
1304828, 1241662956363, 1241663319853, 0, 0, 0, 0, 0, 0, 0, 0, 1, 
1305200, 1241663441479, 1241663535881, 0, 0, 0, 0, 0, 0, 0, 0, 1, 
1305314, 1241664132793, 1241664313662, 0, 0, 0, 0, 0, 0, 0, 127942, 1, 
1305400, 1241664274190, 1241664514361, 0, 151, 1, 104, 0, 0, 0, 10260, 1, 
1305550, 1241668759468, 1241668775990, 0, 0, 0, 0, 0, 0, 0, 0, 1, 
1305579, 1241665863069, 1241665881882, 0, 0, 0, 0, 0, 0, 0, 0, 1, 
132921, 1241666439628, , 0, 149, 1, 160, 0, 8, 0, 211601, 6, 2
137784, 1241668016532, 1241669036997, 0, 245, 2, 95, 0, 0, 0, 153510, 3, 0
139153, 1241666607530, 1241666611096, 0, 0, 0, 0, 0, 0, 0, 0, 1, 0
141364, , , 52.300000000000004, 0, 0, 0, 0, 6, 7, 16514, , 
143538, , , 4.55, 0, 0, 0, 0, 2, 23, 1531, , 
14467, 1241665762695, 1241666988835, 0, 1716, 4, 445.5, 0, 4, 0, 58859, 4, 3
145896, , , 51.25, 0, 0, 0, 0, 6, 3, 225840, , 
147436, 1241664819469, 1241665124439, 0, 510, 2, 125.5, 0, 0, 0, 0, 1, 
147628, , , 30.400000000000002, 0, 0, 0, 0, 6, 3, 63846, , 
152662, 1241661331551, 1241661367128, 0, 0, 0, 0, 0, 0, 0, 0, 1, 
153097, 1241661095747, , 0, 35, 1, 0, 1110484, 17, 0, 1062853, 4, 15
1531, , , 65.7, 0, 0, 0, 0, 2, 14, 12, , 
153510, , , 24.5, 0, 0, 0, 0, 7, 1, 112953, , 
156489, 1241667098010, 1241667776447, 0, 1257, 2, 280, 154238, 16, 23, 713, 9, 1
16514, , , 26.150000000000002, 0, 0, 0, 0, 5, 8, 1062, , 
168214, 1241661348213, 1241661552597, 0, 0, 0, 0, 0, 4, 5, 190430, 6, 4
168962, 1241666183309, 1241666838780, 0, 425, 2, 158, 0, 0, 0, 0, 1, 
169321, , , 126.9, 0, 0, 0, 0, 1, 1, 224647, , 
170191, , , 100.25, 0, 0, 0, 0, 3, 10, 202873, , 
171513, 1241664267089, 1241664275897, 372.4000000000001, 782, 3, 271.6666666666667, 0, 10, 7, 170191, 12, 2
173571, , , 32.4, 0, 0, 0, 0, 3, 0, 233753, , 
176940, 1241660835774, 1241661673218, 0, 120, 1, 137, 0, 0, 0, 0, 1, 
17790, 1241661132443, , 0, 8431, 15, 717.4666666666667, 1062, 12, 13, 20260, 16, 3
182851, 1241664906641, 1241665502880, 0, 1269, 1, 438, 0, 1, 0, 169321, 4, 0
184671, , , 656.6000000000001, 0, 0, 0, 0, 1, 6, 171513, , 
185505, , , 102.5, 0, 0, 0, 0, 3, 0, 145896, , 
188229, , , 10.75, 0, 0, 0, 0, 2, 13, 168234, , 
1923, 1241661354021, 1241666124744, 0, 1157, 4, 302.5, 0, 0, 0, 995, 4, 
192883, 1241669112195, 1241669121836, 0, 0, 0, 0, 0, 9, 3, 210210, 7, 5
195736, , , 276.90000000000003, 0, 0, 0, 0, 6, 22, 334835, , 
196543, 1241661846385, 1241662296196, 0, 204, 1, 251, 0, 6, 0, 32314, 4, 1
19658, , , 19.35, 0, 0, 0, 0, 1, 1, 118975, , 
19693, , , 38.7, 0, 0, 0, 0, 1, 0, 19658, , 
20260, 1241667330903, , 843.1000000000001, 0, 0, 0, 0, 18, 45, 12, 17, 13
202873, , , 39.1, 0, 0, 0, 0, 1, 3, 341164, , 
205330, , , 5.25, 0, 0, 0, 0, 1, 2, 273767, , 
205955, 1241666101801, 1241667098782, 0, 324, 3, 95.66666666666667, 0, 0, 0, 173571, 4, 0
206148, , , 137.8, 0, 0, 0, 0, 1, 2, 1122449, , 
211601, , , 14.9, 0, 0, 0, 0, 1, 8, 7078, , 
217283, , , 83.19999999999999, 0, 0, 0, 0, 1, 3, 57393, , 
218716, , , 21.5, 0, 0, 0, 0, 13, 0, 188229, , 
22279, 1241662395344, 1241663113015, 0, 314, 2, 164.5, 0, 0, 0, 0, 2, 
223494, , , 73.15, 0, 0, 0, 0, 1, 1, 179687, , 
224484, 1241668805814, , 0, 387, 2, 129, 0, 0, 0, 19693, 2, 0
224647, , , 63.45, 0, 0, 0, 0, 1, 1, 234337, , 
227007, 1241665961673, 1241668041105, 0, 2496, 7, 341, 0, 3, 5, 43402, 8, 1
22707, , , 537.2, 0, 0, 0, 0, 7, 11, 8842, , 
233753, , , 16.2, 0, 0, 0, 0, 1, 3, 380604, , 
251062, , , 65.65, 0, 0, 0, 0, 6, 17, 296361, , 
254043, 1241668208545, 1241668239300, 0, 0, 0, 0, 0, 0, 0, 17790, 2, 0
256746, , , 15.4, 0, 0, 0, 0, 5, 30, 61984, , 
258951, , , 30.35, 0, 0, 0, 0, 23, 3, 1265, , 
259344, , , 37.300000000000004, 0, 0, 0, 0, 23, 7, 143538, , 
2606, 1241666523053, 1241667896957, 0, 1505, 3, 720.6666666666666, 0, 8, 2, 307471, 6, 1
264673, 1241664240423, 1241665171988, 0, 0, 0, 0, 0, 0, 0, 28294, 3, 0
269484, 1241668744300, , 0, 0, 0, 0, 1124156, 10, 0, 166371, 9, 2
271936, 1241660890342, 1241663282629, 0, 0, 0, 0, 0, 3, 0, 887964, 4, 
280406, 1241662532678, 1241662537503, 0, 0, 0, 0, 0, 0, 0, 556276, 1, 
280766, 1241668723322, , 0, 0, 0, 0, 0, 0, 0, 83959, 4, 0
283059, 1241660829559, 1241661066174, 0, 0, 0, 0, 0, 0, 0, 0, 1, 
291108, 1241665746881, 1241665774700, 0, 0, 0, 0, 0, 0, 0, 171513, 2, 
298666, 1241668292025, 1241668717405, 56.400000000000006, 91, 1, 181, 868186, 7, 0, 259344, 7, 2
307471, , , 490.80000000000007, 0, 0, 0, 0, 6, 18, 12, , 
30940, 1241663952296, 1241664799638, 0, 1314, 4, 414.75, 0, 0, 0, 8842, 4, 
32169, 1241663084410, 1241663563009, 0, 1186, 3, 613.6666666666666, 219, 8, 0, 10260, 14, 5
322949, 1241663521399, 1241664557742, 0, 265, 3, 88.33333333333333, 0, 0, 0, 0, 1, 
32314, , , 20.400000000000002, 0, 0, 0, 0, 10, 6, 40508, , 
334835, , , 106.99999999999999, 0, 0, 0, 0, 2, 6, 143501, , 
336228, 1241668761422, 1241668770516, 852.5000000000001, 0, 0, 0, 351430, 10, 21, 307471, 12, 4
336524, 1241665546129, , 125.80000000000001, 2140, 7, 389.14285714285717, 101052, 22, 6, 195736, 11, 2
351430, 1241668762462, 1241668770102, 363.3, 6806, 18, 335.27777777777777, 336228, 14, 47, 336228, 13, 2
35568, 1241667801694, , 19.05, 237, 2, 128, 0, 3, 29, 258951, 4, 0
37261, 1241668790977, 1241668994938, 0, 101, 1, 201, 0, 5, 0, 1237789, 5, 1
376717, 1241666178785, 1241666608907, 0, 0, 0, 0, 0, 0, 0, 811852, 1, 
380174, , , 21.35, 0, 0, 0, 0, 2, 2, 205330, , 
383387, , , 605.8, 0, 0, 0, 0, 7, 57, 0, , 
396113, , , 85.80000000000001, 0, 0, 0, 0, 2, 9, 44987, , 
397835, , , 211.95000000000002, 0, 0, 0, 0, 5, 35, 47379, , 
40508, , , 10.200000000000001, 0, 0, 0, 0, 1, 10, 23340, , 
408501, 1241665983025, 1241667038428, 125.10000000000001, 1664, 5, 329.6, 402647, 8, 19, 637936, 11, 2
4139, 1241664583877, , 50.25000000000001, 6499, 13, 743.3076923076923, 44987, 22, 23, 713, 18, 3
416503, 1241662571280, 1241663134150, 0, 1365, 3, 166.66666666666666, 0, 3, 0, 82321, 3, 1
421572, 1241661012321, 1241665441778, 0, 564, 3, 100.66666666666667, 0, 0, 0, 298666, 2, 0
430717, , , 30.8, 0, 0, 0, 0, 30, 0, 256746, , 
43402, , , 249.60000000000002, 0, 0, 0, 0, 12, 8, 123961, , 
447249, 1241667295495, , 0, 0, 0, 0, 10642, 4, 4, 199427, 15, 2
44987, 1241661545710, 1241664836952, 0, 2605, 6, 681.1666666666666, 4139, 17, 18, 12770, 14, 2
47379, , , 82.7, 0, 0, 0, 0, 1, 5, 54776, , 
502119, 1241661564060, 1241665881778, 0, 5372, 17, 289.70588235294116, 520359, 11, 14, 22707, 10, 2
503, , , 976.0000000000001, 0, 0, 0, 0, 5, 2, 12, , 
504207, 1241660859355, 1241663294068, 0, 1005, 7, 92.42857142857143, 0, 1, 1, 506297, 3, 0
506297, , , 100.50000000000001, 0, 0, 0, 0, 5, 1, 4139, , 
510740, , , 5.050000000000001, 0, 0, 0, 0, 70, 13, 534632, , 
52350, , , 22.25, 0, 0, 0, 0, 5, 2, 674637, , 
524637, 1241668964604, 1241669041700, 0, 330, 2, 156, 0, 1, 0, 83320, 3, 
53030, 1241666061020, 1241667185432, 0, 1313, 4, 344, 1092321, 10, 6, 122907, 14, 3
533476, 1241665150864, 1241665179033, 0, 0, 0, 0, 520205, 0, 0, 520205, 1, 0
535, 1241665153752, , 0, 304, 1, 326, 533, 3, 2, 147628, 13, 3
538369, 1241667347900, , 0, 197, 1, 186, 203784, 2, 0, 351430, 8, 1
543213, 1241667621036, 1241668713674, 0, 317, 3, 111.33333333333333, 0, 0, 0, 575140, 2, 0
555728, , , 33.9, 0, 0, 0, 0, 16, 10, 1101, , 
562788, , , 21.800000000000004, 0, 0, 0, 0, 1, 5, 409656, , 
564162, 1241665990927, 1241666896697, 0, 523, 3, 174.33333333333334, 176275, 7, 0, 141364, 6, 6
575140, , , 31.700000000000003, 0, 0, 0, 0, 2, 0, 603011, , 
57717, , , 68.25, 0, 0, 0, 0, 4, 6, 110178, , 
57871, 1241666081074, 1241667075973, 0, 897, 3, 351, 0, 0, 0, 1148755, 4, 0
58859, , , 171.60000000000002, 0, 0, 0, 0, 9, 8, 396113, , 
597005, 1241664836342, 1241665500959, 0, 436, 3, 238, 0, 2, 1, 603011, 4, 0
603011, , , 59.45000000000001, 0, 0, 0, 0, 5, 4, 562788, , 
611099, 1241668760681, 1241668768612, 0, 0, 0, 0, 0, 0, 0, 336228, 1, 
624485, 1241661372698, 1241661837018, 0, 0, 0, 0, 0, 0, 0, 562953, 2, 
624616, 1241662628495, 1241662749409, 0, 0, 0, 0, 0, 1, 0, 104252, 2, 
637936, , , 228.95, 0, 0, 0, 0, 3, 8, 217283, , 
63846, , , 15.200000000000001, 0, 0, 0, 0, 1, 6, 65246, , 
645293, 1241668538918, 1241668544812, 0, 0, 0, 0, 0, 0, 0, 0, 1, 
68238, 1241662758768, 1241663456999, 21.700000000000003, 105, 1, 111, 0, 2, 0, 380174, 2, 
68523, 1241661522689, 1241662230230, 0, 242, 1, 166, 0, 0, 0, 351430, 2, 
696029, 1241667795817, 1241668863196, 0, 308, 3, 97, 0, 0, 0, 430717, 2, 
70557, , , 6, 0, 0, 0, 0, 5, 24, 502119, , 
7078, , , 7.45, 0, 0, 0, 0, 9, 3, 177916, , 
70997, 1241663487164, 1241666338581, 93.1, 1654, 6, 454, 1010692, 35, 32, 397835, 12, 3
713, 1241666827618, , 2803.8999999999996, 7907, 17, 368.3529411764706, 1265, 11, 76, 12, 19, 6
71724, 1241662496905, 1241663883531, 0, 1463, 3, 281, 3200, 19, 5, 94103, 12, 4
72927, 1241661117480, 1241662680110, 0, 1025, 8, 110.375, 0, 0, 0, 185505, 2, 0
75123, 1241668795357, , 0, 0, 0, 0, 101358, 14, 14, 2843, 12, 4
8013, 1241661707028, 1241661771795, 0, 0, 0, 0, 0, 0, 0, 1124156, 3, 
802319, , , 21.05, 0, 0, 0, 0, 2, 6, 773108, , 
81899, , , 51.6, 0, 0, 0, 0, 6, 12, 802319, , 
82321, , , 136.5, 0, 0, 0, 0, 6, 4, 57717, , 
825362, 1241662540099, 1241663190232, 0, 217, 2, 105, 0, 0, 0, 68238, 1, 
83320, , , 33, 0, 0, 0, 0, 4, 1, 96838, , 
835426, , , 72, 0, 0, 0, 0, 2, 0, 1092321, , 
836417, , , 78.15000000000002, 0, 0, 0, 0, 3, 5, 582081, , 
8527, 1241666116657, , 0, 9760, 26, 361.0769230769231, 10260, 2, 0, 503, 10, 2
859397, 1241665191625, , 0, 0, 0, 0, 0, 0, 0, 0, 1, 0
87600, 1241661014513, 1241661311635, 0, 122, 1, 122, 0, 0, 0, 0, 1, 
87714, 1241664877991, 1241667335073, 39, 2999, 8, 369.375, 0, 10, 3, 351430, 11, 6
880098, 1241665260356, 1241665282633, 0, 0, 0, 0, 0, 0, 0, 0, 1, 
8842, , , 400, 0, 0, 0, 0, 12, 8, 1531, , 
900329, , , 12, 0, 0, 0, 0, 24, 5, 70557, , 
94103, , , 146.3, 0, 0, 0, 0, 1, 19, 223494, , 
96838, , , 16.5, 0, 0, 0, 0, 1, 4, 166371, , 
97875, 1241666847576, 1241667150464, 0, 0, 0, 0, 0, 0, 0, 0, 1, 
990799, , , 177.55000000000004, 0, 0, 0, 0, 5, 14, 836417, , 
995, 1241668528096, , 115.70000000000002, 1604, 3, 571.6666666666666, 12, 12, 23, 12, 14, 5
998652, , , 27.900000000000002, 0, 0, 0, 0, 3, 20, 990799, , 
<<<<EndTable

PlayersOnlineNow=24
PlayersOnlineEachMinute=0, 13, 17, 17, 18, 20, 21, 22, 23, 24, 25, 25, 26, 26, 27, 27, 25, 23, 25, 24, 24, 25, 23, 23, 21, 20, 19, 20, 22, 21, 22, 21, 22, 23, 24, 25, 26, 26, 27, 25, 24, 23, 21, 21, 21, 22, 22, 21, 20, 19, 19, 18, 21, 21, 18, 18, 19, 20, 22, 21, 21, 20, 19, 19, 19, 18, 18, 18, 20, 19, 19, 21, 18, 20, 20, 18, 17, 16, 15, 14, 13, 14, 16, 16, 18, 16, 20, 20, 22, 21, 23, 23, 22, 22, 22, 23, 23, 22, 23, 25, 25, 25, 24, 22, 20, 19, 17, 19, 19, 20, 20, 20, 20, 21, 21, 22, 20, 23, 22, 22, 23, 22, 24, 26, 25, 26, 25, 24, 24, 25, 24, 26, 24, 27, 26, 26, 27, 24, 24, 24
PlayersInEachFeedingGame=1, 1, 1, 2, 2, 1, 2, 1, 1, 1, 2, 1, 1, 1, 3, 1, 1, 2, 1, 2, 2, 2, 2, 2, 1, 2, 2, 2, 2, 1, 2, 2, 2, 2, 1, 2, 2, 2, 1, 1, 2, 1, 2, 1, 2, 2, 2, 2, 2, 1, 2, 2, 2, 2, 2, 1, 2, 2, 1, 2, 1, 2, 2, 2, 1, 2, 2, 2, 2, 2, 2, 2, 2, 2, 2, 2, 2, 2, 1, 2, 2, 2, 1, 2, 2, 2, 2, 1, 2, 2, 2, 2, 3, 2, 2, 2, 2, 2, 1, 2, 2, 1, 2, 2, 2, 1, 2, 2, 2, 2, 2, 3, 1, 2, 2, 2, 1, 2, 2, 2, 2, 2, 2, 2, 2, 1, 1, 1, 2, 2, 2, 2, 2, 1, 2, 3, 2, 1
PlayersStarted=181
PlayersQuit=157
StatsStartTime=1241660826964
StatsDumpTime=1241669230524
<<<<EndStats
2009-05-06 21:07:20,421 ERROR: vampire.server.feeding.FeedingRecord sendPlayerStartGameMsg [playerId=1062, prey=true, _predatorIndex=]
2009-05-06 21:07:20,422 ERROR: vampire.server.feeding.FeedingRecord sendPlayerStartGameMsg [playerId=17790, prey=false, _predatorIndex=]
2009-05-06 21:07:25,127 ERROR: vampire.server.feeding.FeedingRecord sendPlayerStartGameMsg [playerId=4139, prey=false, _predatorIndex=17790]
2009-05-06 21:07:40,830 ERROR: vampire.server.feeding.FeedingRecord sendPlayerStartGameMsg [playerId=4139, prey=false, _predatorIndex=17790,4139]
2009-05-06 21:08:39,496 ERROR: vampire.server.feeding.FeedingRecord sendPlayerStartGameMsg [playerId=1047840, prey=true, _predatorIndex=]
2009-05-06 21:08:39,498 ERROR: vampire.server.feeding.FeedingRecord sendPlayerStartGameMsg [playerId=224484, prey=false, _predatorIndex=]
2009-05-06 21:09:12,739 ERROR: vampire.server.feeding.FeedingRecord sendPlayerStartGameMsg [playerId=1257513, prey=false, _predatorIndex=]
2009-05-06 21:10:59,885 ERROR: vampire.server.feeding.FeedingRecord sendPlayerStartGameMsg [playerId=8527, prey=false, _predatorIndex=]
2009-05-06 21:13:17,713 ERROR: vampire.server.feeding.FeedingRecord sendPlayerStartGameMsg [playerId=8527, prey=false, _predatorIndex=]
2009-05-06 21:13:32,803 ERROR: vampire.server.feeding.FeedingRecord sendPlayerStartGameMsg [playerId=336524, prey=true, _predatorIndex=]
2009-05-06 21:13:32,805 ERROR: vampire.server.feeding.FeedingRecord sendPlayerStartGameMsg [playerId=1032421, prey=false, _predatorIndex=]
2009-05-06 21:16:34,877 ERROR: vampire.server.feeding.FeedingRecord sendPlayerStartGameMsg [playerId=8527, prey=false, _predatorIndex=]
2009-05-06 21:17:00,700 ERROR: vampire.server.feeding.FeedingRecord sendPlayerStartGameMsg [playerId=4139, prey=false, _predatorIndex=17790,4139]

