
>>>>BeginStats

>>>>BeginTable
PlayerId, StartTime, EndTime, ProgenyPayout, XPFromFeeding, FeedingGames, MeanFeedingScore, BloodBond, Progeny, GrandProgeny, Sire, Level, Invites
1019248, , , 115.7, 0, 0, 0, 0, 1, 0, 210163, , 
1020260, 1241469745796, 1241470616923, 0, 1157, 4, 269.25, 0, 0, 0, 1019248, 3, 
1021250, 1241471001392, 1241471505811, 0, 95, 1, 95, 0, 0, 0, 0, 1, 
1021278, 1241473509678, , 19.5, 0, 0, 0, 0, 2, 2, 452296, 3, 0
1022386, 1241468831066, 1241469716949, 0, 203, 2, 119.5, 0, 0, 0, 182431, 1, 
10260, 1241467906952, , 469.70000000000005, 5907, 13, 441.61538461538464, 1101, 7, 8, 713, 13, 2
103033, , , 472.05000000000007, 0, 0, 0, 0, 8, 7, 81899, , 
1044730, 1241467517806, 1241467715104, 0, 0, 0, 0, 0, 12, 1, 1010692, 6, 3
1051628, 1241469001320, 1241469018694, 0, 0, 0, 0, 0, 0, 0, 0, 1, 
1059336, 1241468166029, 1241468410063, 0, 105, 1, 105, 0, 0, 0, 0, 1, 
1059384, 1241471349400, 1241473120459, 0, 657, 8, 80.125, 0, 0, 0, 462408, 1, 
1062, 1241472355455, 1241472717012, 0, 0, 0, 0, 54776, 9, 7, 713, 15, 2
10628, 1241466921900, 1241468007243, 0, 206, 1, 121, 0, 0, 0, 1265, 4, 0
1062853, , , 19.900000000000002, 0, 0, 0, 0, 9, 11, 1124214, , 
10642, 1241473557050, , 205.14999999999998, 8953, 11, 735.1818181818181, 447249, 30, 46, 351598, 15, 2
1077614, 1241470548146, 1241470561321, 0, 0, 0, 0, 0, 1, 0, 836050, 3, 
1082674, 1241472932637, , 0, 324, 2, 138.5, 0, 0, 0, 366650, 1, 0
1082840, 1241466203558, 1241466513986, 0, 0, 0, 0, 0, 0, 0, 0, 1, 
1084434, 1241473281471, 1241473409161, 0, 0, 0, 0, 0, 0, 0, 54776, 2, 
1085689, 1241473571673, 1241473614388, 0, 0, 0, 0, 0, 0, 0, 1148755, 1, 
1086242, 1241472779648, , 0, 952, 4, 184.25, 0, 0, 0, 39030, 3, 0
1088614, 1241470295995, 1241471125322, 0, 0, 0, 0, 0, 0, 0, 208217, 1, 
1092321, , , 209.60000000000002, 0, 0, 0, 0, 24, 15, 35568, , 
110117, 1241466874508, 1241467208877, 0, 236, 1, 236, 0, 0, 0, 129764, 1, 
1110327, 1241469341764, 1241469416988, 0, 0, 0, 0, 0, 0, 0, 0, 1, 
1110484, 1241469168001, 1241469656961, 0, 398, 2, 199, 153097, 0, 0, 153097, 3, 
1111437, 1241468450543, 1241472252322, 34.5, 655, 5, 88.8, 0, 1, 0, 70997, 1, 
1112884, 1241468984569, 1241470916942, 0, 0, 0, 0, 0, 0, 0, 1148755, 2, 
111395, 1241473101449, , 0, 125, 1, 106, 0, 1, 0, 1892, 4, 1
1114188, 1241473139278, , 0, 95, 1, 102, 0, 0, 0, 0, 1, 0
1114474, 1241471776291, 1241471852413, 0, 0, 0, 0, 0, 0, 0, 0, 1, 
1116105, 1241471270341, 1241471447817, 0, 0, 0, 0, 0, 0, 0, 303737, 2, 
1122449, , , 59.10000000000001, 0, 0, 0, 0, 5, 5, 555728, , 
1123103, 1241472289304, 1241472750638, 0, 0, 0, 0, 0, 0, 0, 1127473, 1, 
1124214, 1241472299728, 1241472922822, 0, 591, 2, 249.5, 0, 5, 9, 1122449, 4, 
113237, , , 489.44999999999993, 0, 0, 0, 0, 9, 12, 10642, , 
114128, 1241467998418, 1241468143990, 0, 0, 0, 0, 0, 0, 0, 0, 1, 
1143633, 1241471452090, 1241472125342, 0, 186, 1, 143, 0, 0, 0, 130730, 1, 
1143768, 1241470426520, 1241470441555, 0, 0, 0, 0, 0, 0, 0, 0, 1, 
1146252, 1241471054531, 1241472069431, 0, 885, 3, 239.66666666666666, 1192337, 1, 0, 3811, 5, 1
1148098, 1241467760304, 1241468149272, 0, 195, 1, 173, 0, 2, 1, 1021278, 4, 
1148755, 1241472654794, , 0, 1465, 5, 331.4, 0, 13, 1, 1092321, 5, 5
1159167, 1241470934990, 1241471864377, 0, 743, 3, 168, 0, 0, 0, 8401, 1, 
1164090, 1241470033384, 1241470645137, 0, 0, 0, 0, 0, 0, 0, 175754, 1, 
116762, , , 34.6, 0, 0, 0, 0, 2, 0, 356893, , 
1173838, 1241468386641, 1241468876949, 0, 182, 2, 60, 0, 0, 0, 0, 1, 
1193591, 1241467137330, 1241467141413, 0, 0, 0, 0, 0, 0, 0, 0, 1, 
1194247, 1241472473433, 1241472968446, 0, 117, 1, 156, 0, 0, 0, 308635, 2, 
1196189, 1241466297330, 1241466837000, 0, 525, 2, 147, 0, 0, 0, 533, 1, 
12, , , 3249.5, 0, 0, 0, 0, 20, 87, 383387, , 
1203484, 1241466692935, 1241467161403, 0, 473, 3, 124.33333333333333, 0, 0, 0, 30152, 2, 
1207233, 1241469223082, 1241469774403, 0, 0, 0, 0, 0, 1, 0, 239111, 2, 
1214750, 1241468453200, 1241468866670, 0, 0, 0, 0, 0, 0, 0, 0, 1, 
1216946, 1241469815713, 1241469930208, 0, 0, 0, 0, 0, 0, 0, 836050, 1, 
1217870, 1241470348400, 1241471069278, 0, 299, 2, 118, 0, 0, 0, 0, 1, 
122012, 1241469572929, 1241469610020, 0, 0, 0, 0, 0, 0, 0, 217283, 1, 
122194, , , 5.8500000000000005, 0, 0, 0, 0, 1, 12, 170316, , 
1222327, 1241469076435, 1241471318788, 0, 1463, 8, 165.5, 0, 0, 0, 0, 2, 
122401, 1241471219869, 1241471750608, 0, 346, 1, 192, 0, 0, 0, 116762, 3, 0
1225761, 1241472972140, 1241473208090, 0, 0, 0, 0, 0, 0, 0, 8401, 1, 
1226436, 1241473665531, , 0, 0, 0, 0, 0, 0, 0, 0, 1, 0
1228337, 1241471776826, 1241472242583, 0, 321, 2, 160.5, 0, 0, 0, 0, 1, 
1235003, 1241471780024, 1241471809671, 0, 0, 0, 0, 0, 0, 0, 0, 1, 
124503, , , 13.200000000000001, 0, 0, 0, 0, 3, 1, 170934, , 
1245435, 1241468646083, 1241469606986, 0, 345, 3, 121, 0, 0, 0, 1111437, 1, 
1249173, 1241470424451, 1241472416960, 0, 147, 2, 91, 0, 0, 0, 0, 1, 
1249303, 1241469778303, 1241470016940, 0, 914, 6, 126.83333333333333, 0, 0, 0, 0, 1, 
1249365, 1241466975111, 1241466994518, 0, 0, 0, 0, 0, 0, 0, 0, 1, 
1249506, 1241470956441, 1241473047437, 0, 292, 3, 76.66666666666667, 0, 0, 0, 90041, 1, 
1249764, 1241470154044, 1241470846451, 0, 0, 0, 0, 0, 0, 0, 0, 1, 
1250100, 1241469616135, 1241469645643, 0, 0, 0, 0, 0, 0, 0, 0, 1, 
1250809, 1241470909325, 1241470979374, 0, 0, 0, 0, 0, 0, 0, 33995, 1, 
1250868, 1241471062171, 1241471085617, 0, 0, 0, 0, 0, 0, 0, 0, 1, 
1265, 1241469128264, 1241470447340, 208.2, 6555, 11, 768.6363636363636, 713, 15, 34, 12, 16, 3
127632, 1241468497012, 1241468855530, 0, 278, 1, 80, 0, 0, 0, 0, 1, 
127763, , , 128.65, 0, 0, 0, 0, 2, 6, 143278, , 
12791, 1241467042399, 1241473652296, 441.45000000000005, 4174, 8, 677.375, 0, 13, 22, 12, 12, 2
128794, , , 50.150000000000006, 0, 0, 0, 0, 2, 4, 93202, , 
129764, , , 23.6, 0, 0, 0, 0, 10, 0, 370341, , 
130457, 1241472116531, 1241472604037, 0, 0, 0, 0, 0, 1, 0, 341164, 3, 0
130730, 1241469825414, 1241472882561, 18.6, 1214, 10, 110.2, 0, 1, 0, 402642, 2, 1
131355, 1241466996512, 1241467344818, 0, 0, 0, 0, 0, 1, 2, 461901, 4, 0
142178, , , 36.7, 0, 0, 0, 0, 2, 17, 73621, , 
143528, 1241470583864, 1241470621357, 0, 0, 0, 0, 0, 0, 0, 561343, 1, 1
143734, 1241469274628, 1241469896984, 0, 584, 1, 190, 0, 0, 0, 0, 1, 
143937, 1241466442323, 1241468035333, 0, 627, 3, 188, 0, 0, 0, 7078, 4, 0
147246, 1241469020602, 1241470676922, 0, 948, 6, 188.5, 0, 0, 0, 68390, 1, 
147628, , , 38.5, 0, 0, 0, 0, 6, 0, 63846, , 
149684, , , 8.1, 0, 0, 0, 0, 3, 4, 184167, , 
153097, , , 39.800000000000004, 0, 0, 0, 0, 11, 0, 1062853, , 
1531, 1241467474324, 1241472058097, 203.60000000000002, 4756, 10, 502, 503, 5, 14, 12, 14, 3
154004, 1241472372645, 1241472383036, 0, 0, 0, 0, 561706, 8, 5, 90041, 4, 0
156489, , , 73.85000000000001, 0, 0, 0, 0, 12, 22, 713, , 
157404, 1241470702085, 1241471105010, 0, 229, 2, 106.5, 0, 0, 0, 0, 1, 
164243, , , 100.30000000000001, 0, 0, 0, 0, 4, 2, 128794, , 
168395, 1241469265182, 1241469484840, 0, 383, 2, 202, 0, 0, 0, 46604, 4, 
168473, , , 105.45, 0, 0, 0, 0, 10, 4, 180508, , 
170191, , , 22.5, 0, 0, 0, 0, 3, 7, 202873, , 
170316, , , 883.35, 0, 0, 0, 0, 4, 5, 210210, , 
1704, , , 33.55, 0, 0, 0, 0, 2, 6, 33541, , 
170934, , , 4.4, 0, 0, 0, 0, 7, 4, 49732, , 
171513, 1241469549136, 1241469771735, 0, 225, 1, 225, 0, 7, 7, 170191, 11, 2
174845, 1241468228637, 1241470291090, 0, 1986, 6, 222.5, 0, 0, 0, 52206, 4, 0
177916, , , 31.35, 0, 0, 0, 0, 4, 9, 202501, , 
18, 1241468663709, 1241470171080, 0, 1062, 5, 236.2, 0, 0, 0, 383387, 2, 0
180508, , , 40.050000000000004, 0, 0, 0, 0, 1, 10, 12791, , 
182431, 1241469065684, 1241469518965, 8.8, 88, 1, 51, 0, 1, 0, 124503, 3, 0
187326, 1241473106647, 1241473256972, 0, 0, 0, 0, 0, 0, 0, 194202, 5, 1
187381, 1241470253531, 1241471799040, 0, 873, 4, 193.75, 211710, 7, 4, 2843, 8, 1
1892, 1241473207547, , 232.29999999999998, 3070, 10, 371.3, 33511, 20, 6, 995, 12, 2
191950, , , 313.00000000000006, 0, 0, 0, 0, 1, 6, 191984, , 
191984, 1241467325060, 1241472776987, 133.90000000000003, 367, 1, 166, 191950, 17, 5, 142178, 9, 9
19205, 1241470710638, 1241471369791, 0, 4072, 9, 527.1111111111111, 0, 3, 2, 8842, 8, 1
196462, , , 47.6, 0, 0, 0, 0, 2, 10, 392944, , 
199427, , , 1659.6000000000001, 0, 0, 0, 0, 1, 3, 208602, , 
202327, 1241466737510, 1241469044378, 0, 69, 1, 22, 166836, 3, 3, 249362, 6, 1
20260, , , 201.45000000000002, 0, 0, 0, 0, 18, 14, 12, , 
202873, , , 11.25, 0, 0, 0, 0, 1, 3, 341164, , 
206799, 1241471157873, 1241471171752, 0, 0, 0, 0, 0, 0, 0, 0, 1, 
208602, , , 829.8000000000001, 0, 0, 0, 0, 7, 2, 351626, , 
209166, 1241471210704, 1241471682566, 0, 125, 1, 125, 0, 0, 0, 0, 1, 
210163, , , 57.85, 0, 0, 0, 0, 12, 1, 255725, , 
210210, , , 421.65000000000003, 0, 0, 0, 0, 4, 4, 381607, , 
2108, 1241470929779, 1241471086856, 0, 0, 0, 0, 198620, 4, 0, 1090442, 4, 
212304, 1241472267476, 1241473394386, 0, 631, 3, 295.6666666666667, 0, 0, 0, 1092321, 4, 0
214539, , , 27.85, 0, 0, 0, 0, 1, 2, 72070, , 
217283, 1241471033603, 1241471086385, 18.900000000000002, 0, 0, 0, 532467, 48, 21, 57393, 12, 15
218183, 1241467879101, 1241467887042, 0, 0, 0, 0, 0, 0, 0, 0, 1, 
218766, 1241473104602, , 0, 671, 3, 181, 0, 1, 0, 369681, 4, 0
220964, , , 38.550000000000004, 0, 0, 0, 0, 5, 7, 143501, , 
222826, , , 99.3, 0, 0, 0, 0, 1, 1, 102942, , 
224560, 1241473290635, , 0, 0, 0, 0, 0, 1, 0, 132334, 3, 0
224790, 1241470055332, 1241470067836, 0, 0, 0, 0, 0, 0, 0, 0, 1, 0
22707, 1241472975178, 1241473003884, 0, 0, 0, 0, 0, 7, 14, 8842, 10, 5
23340, 1241470813097, 1241471305185, 0, 907, 2, 453.5, 0, 10, 14, 383387, 20, 11
238, 1241468056199, 1241468291052, 0, 297, 1, 297, 0, 0, 0, 12791, 4, 0
247084, 1241469749682, 1241470976945, 0, 2198, 11, 174.0909090909091, 0, 0, 0, 1892, 4, 0
247992, , , 95.05, 0, 0, 0, 0, 2, 4, 214539, , 
249362, , , 6.9, 0, 0, 0, 0, 1, 3, 12791, , 
254186, 1241466983169, 1241467406080, 0, 360, 2, 199, 268558, 3, 0, 477335, 7, 1
258951, , , 385.6, 0, 0, 0, 0, 22, 27, 1265, , 
280455, 1241469232554, 1241470096706, 0, 771, 2, 364, 0, 0, 0, 386780, 3, 0
283054, 1241468251686, 1241468324846, 0, 0, 0, 0, 0, 0, 0, 220457, 1, 0
2843, , , 238.20000000000002, 0, 0, 0, 0, 8, 33, 3383, , 
284839, 1241469428990, 1241470349214, 0, 102, 1, 111, 0, 0, 0, 340930, 3, 0
295964, 1241468042854, 1241468253910, 0, 0, 0, 0, 0, 0, 0, 70997, 2, 
30152, 1241467029436, 1241467325520, 47.300000000000004, 0, 0, 0, 0, 4, 0, 40683, 6, 4
308635, , , 11.700000000000001, 0, 0, 0, 0, 12, 0, 122194, , 
30940, 1241467846732, 1241467915883, 0, 0, 0, 0, 0, 0, 0, 8842, 2, 
32169, 1241468823544, 1241472369687, 0, 4697, 10, 365.2, 219, 7, 0, 10260, 12, 4
33541, 1241469643473, 1241471376628, 0, 4602, 10, 394.1, 0, 1, 2, 12, 8, 1
336228, , , 30.55, 0, 0, 0, 0, 9, 13, 307471, , 
3383, 1241469698615, 1241469721245, 119.10000000000001, 4083, 6, 511.6666666666667, 8842, 6, 10, 12791, 15, 2
3399, 1241473620236, 1241473634896, 0, 0, 0, 0, 0, 1, 1, 24890, 4, 0
340930, , , 10.200000000000001, 0, 0, 0, 0, 1, 0, 52887, , 
34108, , , 16.2, 0, 0, 0, 0, 4, 0, 149684, , 
349289, 1241469664580, 1241469949572, 0, 135, 1, 136, 0, 0, 0, 68390, 1, 
351430, , , 61.1, 0, 0, 0, 0, 11, 9, 336228, , 
351598, , , 895.3000000000002, 0, 0, 0, 0, 1, 30, 359624, , 
35568, , , 104.80000000000001, 0, 0, 0, 0, 1, 24, 258951, , 
356893, , , 17.3, 0, 0, 0, 0, 1, 2, 395656, , 
359624, , , 447.6500000000001, 0, 0, 0, 0, 3, 1, 201132, , 
365721, 1241470313171, 1241470323267, 0, 0, 0, 0, 0, 0, 0, 423714, 3, 1
366650, 1241469675110, , 80.1, 8433, 33, 277.1515151515152, 52818, 4, 0, 170316, 5, 2
367452, , , 257.3, 0, 0, 0, 0, 5, 3, 127763, , 
369681, , , 67.1, 0, 0, 0, 0, 2, 1, 1704, , 
370341, , , 11.8, 0, 0, 0, 0, 1, 10, 326885, , 
372191, 1241469458816, 1241469741106, 0, 0, 0, 0, 0, 5, 4, 425071, 5, 1
37261, 1241467851161, 1241468029892, 0, 0, 0, 0, 0, 0, 0, 1237789, 4, 
3811, , , 88.5, 0, 0, 0, 0, 2, 1, 452296, , 
383387, , , 1282.1, 0, 0, 0, 0, 7, 56, 0, , 
386780, , , 77.10000000000001, 0, 0, 0, 0, 7, 0, 220964, , 
39030, , , 95.2, 0, 0, 0, 0, 10, 0, 196462, , 
396113, , , 4.75, 0, 0, 0, 0, 2, 8, 44987, , 
397835, , , 435.45, 0, 0, 0, 0, 5, 29, 47379, , 
402642, 1241470485938, 1241471672492, 87.99999999999999, 557, 4, 134.25, 0, 4, 4, 247992, 4, 0
404364, 1241468388963, 1241469900114, 0, 706, 6, 123.83333333333333, 0, 0, 0, 0, 1, 
40683, , , 23.650000000000002, 0, 0, 0, 0, 1, 4, 388185, , 
4139, 1241469535217, , 0, 6267, 13, 463.2307692307692, 44987, 21, 23, 713, 17, 3
4141, 1241467846758, 1241468083931, 0, 0, 0, 0, 0, 0, 0, 2796, 1, 
42736, 1241466525725, 1241466528247, 0, 0, 0, 0, 93562, 2, 3, 133482, 4, 1
447249, 1241470341348, , 0, 16596, 24, 735.0416666666666, 10642, 3, 3, 199427, 14, 2
452296, , , 54, 0, 0, 0, 0, 9, 4, 103144, , 
462408, 1241470123484, , 90.4, 2678, 10, 323.6, 121604, 6, 1, 191950, 10, 2
46604, , , 38.3, 0, 0, 0, 0, 2, 0, 921283, , 
47379, , , 185.05, 0, 0, 0, 0, 4, 5, 54776, , 
477335, , , 36, 0, 0, 0, 0, 2, 3, 88917, , 
503425, 1241470661624, 1241470854294, 0, 0, 0, 0, 430717, 0, 0, 39171, 4, 0
5212, , , 147.70000000000002, 0, 0, 0, 0, 17, 16, 156489, , 
52206, , , 198.6, 0, 0, 0, 0, 1, 0, 222826, , 
52818, 1241468009634, 1241471996960, 0, 2573, 9, 285.8888888888889, 366650, 3, 0, 367452, 4, 0
52887, , , 5.1000000000000005, 0, 0, 0, 0, 3, 1, 237967, , 
533, 1241465963908, , 52.5, 1752, 4, 487, 535, 9, 11, 20260, 12, 2
540887, 1241469643838, 1241469846696, 0, 385, 2, 138.5, 0, 0, 0, 147628, 2, 
545771, 1241466844050, 1241467052294, 0, 162, 1, 163, 0, 0, 0, 34108, 3, 0
546037, 1241470905396, 1241472814250, 0, 615, 4, 103.5, 0, 0, 0, 462408, 1, 
546954, 1241469926357, 1241470550779, 0, 325, 1, 82, 0, 0, 0, 836050, 1, 
5477, 1241470431891, 1241470895175, 0, 67, 1, 58, 0, 0, 0, 68390, 1, 
54776, 1241466751129, 1241467817560, 0, 0, 0, 0, 1062, 72, 32, 89757, 15, 3
55022, 1241472197572, 1241472402089, 0, 0, 0, 0, 0, 5, 1, 538748, 3, 
555728, , , 29.550000000000004, 0, 0, 0, 0, 16, 5, 1101, , 
565767, 1241466342866, 1241466542108, 0, 0, 0, 0, 0, 0, 0, 0, 1, 
57393, , , 9.450000000000001, 0, 0, 0, 0, 5, 51, 159420, , 
57717, , , 14.9, 0, 0, 0, 0, 4, 6, 110178, , 
586681, , , 49.800000000000004, 0, 0, 0, 0, 6, 8, 10642, , 
58859, , , 9.5, 0, 0, 0, 0, 8, 0, 396113, , 
59431, 1241467077152, 1241467090458, 0, 0, 0, 0, 0, 0, 0, 0, 1, 0
624485, 1241469120467, 1241469237798, 0, 0, 0, 0, 0, 0, 0, 562953, 1, 
63846, , , 19.25, 0, 0, 0, 0, 1, 6, 65246, , 
67941, 1241472322080, , 0, 1477, 7, 122.71428571428571, 0, 0, 0, 5212, 3, 0
68390, 1241469524404, 1241470997371, 50.7, 801, 7, 117, 0, 3, 0, 168473, 2, 
7078, , , 62.7, 0, 0, 0, 0, 9, 5, 177916, , 
70816, 1241472320599, 1241472954081, 0, 1399, 7, 130.71428571428572, 0, 0, 0, 366650, 2, 
70997, 1241469653568, 1241472034119, 147.95000000000002, 3701, 10, 590.5, 1010692, 29, 31, 397835, 11, 2
713, 1241467595785, , 1452.25, 1617, 3, 457.3333333333333, 1265, 10, 66, 12, 18, 6
73306, 1241470706535, , 0, 0, 0, 0, 0, 0, 0, 39030, 2, 0
73481, 1241467235327, 1241468568645, 0, 1003, 5, 192.2, 0, 2, 1, 164243, 4, 0
73621, , , 18.35, 0, 0, 0, 0, 2, 2, 112194, , 
75123, 1241466816352, , 0, 1509, 3, 467.6666666666667, 101358, 14, 14, 2843, 12, 4
77, 1241469088743, 1241469122433, 0, 0, 0, 0, 171151, 11, 2, 12770, 14, 2
797824, 1241471910490, 1241472592311, 0, 298, 1, 298, 574401, 15, 4, 82321, 7, 5
80646, 1241472113810, , 0, 0, 0, 0, 204792, 1, 0, 1148755, 4, 0
81899, , , 217.45000000000002, 0, 0, 0, 0, 5, 8, 802319, , 
820185, 1241473121348, 1241473359186, 0, 95, 1, 181, 0, 0, 0, 58859, 1, 
82321, , , 29.8, 0, 0, 0, 0, 6, 15, 57717, , 
836050, 1241473475094, , 257.9, 3605, 9, 536.7777777777778, 592692, 12, 1, 113237, 7, 2
8401, 1241470309485, 1241472558844, 74.30000000000001, 4349, 14, 330.92857142857144, 413254, 7, 1, 103033, 6, 4
8527, 1241470423641, 1241470473798, 0, 0, 0, 0, 0, 1, 0, 503, 8, 1
87714, 1241466143672, 1241471676736, 0, 611, 2, 340, 0, 9, 3, 351430, 9, 6
8842, , , 407.20000000000005, 0, 0, 0, 0, 12, 22, 1531, , 
885698, 1241467989002, 1241473653283, 0, 2254, 9, 301.22222222222223, 891151, 0, 0, 836050, 4, 
88917, , , 18, 0, 0, 0, 0, 3, 2, 372191, , 
89322, 1241470366504, 1241472567823, 0, 2447, 6, 251.5, 0, 0, 0, 70997, 2, 
8938, 1241472756698, 1241472774871, 0, 0, 0, 0, 0, 19, 7, 541655, 6, 1
90041, 1241469777944, , 20.8, 3752, 12, 371.1666666666667, 175933, 7, 8, 258951, 11, 12
921283, , , 19.15, 0, 0, 0, 0, 4, 2, 338409, , 
926905, 1241468402538, 1241468405693, 0, 0, 0, 0, 0, 0, 0, 0, 1, 
942791, 1241472931249, , 0, 189, 1, 141, 0, 0, 0, 217283, 3, 0
94801, 1241471632689, 1241471676336, 0, 0, 0, 0, 0, 0, 0, 0, 1, 
95038, 1241473659082, , 0, 0, 0, 0, 0, 0, 0, 0, 1, 0
95479, 1241469365927, 1241469658070, 0, 498, 2, 290.5, 0, 8, 2, 586681, 6, 1
977713, 1241467586280, 1241467598809, 0, 0, 0, 0, 0, 0, 0, 0, 1, 
995, , , 423.1500000000001, 0, 0, 0, 0, 11, 20, 12, , 
<<<<EndTable

PlayersOnlineNow=26
PlayersOnlineEachMinute=0, 3, 4, 6, 6, 8, 8, 8, 9, 11, 13, 12, 11, 11, 13, 14, 16, 16, 17, 19, 22, 22, 20, 21, 21, 21, 19, 21, 22, 24, 27, 25, 25, 27, 28, 28, 28, 26, 25, 25, 24, 22, 24, 24, 25, 24, 24, 25, 25, 26, 26, 26, 26, 26, 28, 30, 32, 34, 34, 36, 38, 39, 40, 38, 40, 33, 37, 36, 33, 34, 34, 36, 35, 36, 39, 41, 44, 42, 41, 41, 39, 41, 41, 41, 41, 43, 43, 39, 38, 39, 41, 39, 38, 38, 37, 37, 39, 33, 33, 34, 32, 33, 32, 30, 30, 29, 30, 30, 34, 33, 32, 32, 30, 29, 29, 26, 26, 25, 24, 24, 23, 26, 27, 26, 28, 27, 25, 24, 26, 26
PlayersInEachFeedingGame=2, 2, 1, 2, 1, 2, 2, 1, 1, 2, 2, 2, 1, 1, 2, 1, 2, 1, 2, 1, 2, 1, 2, 1, 2, 2, 2, 2, 2, 2, 1, 1, 2, 1, 1, 2, 1, 1, 2, 2, 2, 2, 2, 1, 1, 2, 2, 2, 2, 2, 1, 2, 2, 1, 1, 1, 2, 2, 2, 1, 2, 2, 2, 2, 1, 2, 2, 2, 2, 2, 2, 2, 2, 2, 2, 2, 1, 2, 6, 2, 2, 2, 1, 2, 2, 2, 2, 1, 2, 2, 1, 3, 1, 2, 2, 1, 1, 1, 2, 2, 1, 2, 2, 1, 1, 2, 2, 2, 2, 1, 2, 2, 2, 2, 1, 2, 2, 1, 2, 1, 1, 2, 2, 1, 1, 2, 1, 2, 2, 1, 2, 2, 1, 2, 2, 1, 2, 2, 2, 2, 1, 1, 2, 2, 2, 2, 1, 1, 2, 1, 1, 2, 1, 1, 2, 2, 1, 2, 2, 2, 1, 2, 2, 2, 1, 1, 1, 2, 2, 2, 2, 1, 2, 1, 2, 1, 1, 2, 1, 2, 2, 3, 2, 2, 1, 2, 2, 1, 2, 1, 1, 2, 2, 2, 2, 1
PlayersStarted=254
PlayersQuit=228
StatsStartTime=1241465875689
StatsDumpTime=1241473676214
<<<<EndStats
2009-05-04 14:48:43,461 ERROR: vampire.server.feeding.FeedingRecord sendPlayerStartGameMsg [playerId=90041, prey=true, _predatorIndex=]
2009-05-04 14:48:43,462 ERROR: vampire.server.feeding.FeedingRecord sendPlayerStartGameMsg [playerId=1082674, prey=false, _predatorIndex=]
2009-05-04 14:49:16,380 ERROR: vampire.server.feeding.FeedingRecord sendPlayerStartGameMsg [playerId=95038, prey=true, _predatorIndex=]
2009-05-04 14:49:16,381 ERROR: vampire.server.feeding.FeedingRecord sendPlayerStartGameMsg [playerId=836050, prey=false, _predatorIndex=]
2009-05-04 14:49:18,250 ERROR: vampire.server.feeding.FeedingRecord sendPlayerStartGameMsg [playerId=1021278, prey=false, _predatorIndex=836050]
2009-05-04 14:49:57,259 ERROR: vampire.server.feeding.FeedingRecord sendPlayerStartGameMsg [playerId=74412, prey=false, _predatorIndex=]
2009-05-04 14:50:02,254 ERROR: vampire.server.feeding.FeedingRecord sendPlayerStartGameMsg [playerId=218766, prey=false, _predatorIndex=]
2009-05-04 14:50:44,137 ERROR: vampire.server.feeding.FeedingRecord sendPlayerStartGameMsg [playerId=1085689, prey=false, _predatorIndex=]
2009-05-04 14:51:19,292 ERROR: vampire.server.feeding.FeedingRecord sendPlayerStartGameMsg [playerId=90041, prey=true, _predatorIndex=]
2009-05-04 14:51:19,293 ERROR: vampire.server.feeding.FeedingRecord sendPlayerStartGameMsg [playerId=1021278, prey=false, _predatorIndex=]
2009-05-04 14:51:51,426 ERROR: vampire.server.feeding.FeedingRecord sendPlayerStartGameMsg [playerId=1114188, prey=true, _predatorIndex=]
2009-05-04 14:51:51,426 ERROR: vampire.server.feeding.FeedingRecord sendPlayerStartGameMsg [playerId=1086242, prey=false, _predatorIndex=]
2009-05-04 14:52:27,303 ERROR: vampire.server.feeding.FeedingRecord sendPlayerStartGameMsg [playerId=836050, prey=true, _predatorIndex=]
2009-05-04 14:52:27,303 ERROR: vampire.server.feeding.FeedingRecord sendPlayerStartGameMsg [playerId=95038, prey=false, _predatorIndex=]
2009-05-04 14:52:27,955 ERROR: vampire.server.feeding.FeedingRecord sendPlayerStartGameMsg [playerId=218766, prey=false, _predatorIndex=]
2009-05-04 14:53:30,192 ERROR: vampire.server.feeding.FeedingRecord sendPlayerStartGameMsg [playerId=74412, prey=false, _predatorIndex=1086242]
2009-05-04 14:53:42,926 ERROR: vampire.server.feeding.FeedingRecord sendPlayerStartGameMsg [playerId=1892, prey=true, _predatorIndex=]
2009-05-04 14:53:42,928 ERROR: vampire.server.feeding.FeedingRecord sendPlayerStartGameMsg [playerId=33511, prey=false, _predatorIndex=]
2009-05-04 14:53:56,265 ERROR: vampire.server.feeding.FeedingRecord sendPlayerStartGameMsg [playerId=74412, prey=false, _predatorIndex=1086242,74412]
2009-05-04 14:54:15,805 ERROR: vampire.server.feeding.FeedingRecord sendPlayerStartGameMsg [playerId=187326, prey=true, _predatorIndex=]
2009-05-04 14:54:15,805 ERROR: vampire.server.feeding.FeedingRecord sendPlayerStartGameMsg [playerId=79942, prey=false, _predatorIndex=]
2009-05-04 14:54:22,673 ERROR: vampire.server.feeding.FeedingRecord sendPlayerStartGameMsg [playerId=74412, prey=false, _predatorIndex=]
2009-05-04 14:54:34,455 ERROR: vampire.server.feeding.FeedingRecord sendPlayerStartGameMsg [playerId=1021278, prey=false, _predatorIndex=]
2009-05-04 14:54:57,314 ERROR: vampire.server.feeding.FeedingRecord sendPlayerStartGameMsg [playerId=218766, prey=false, _predatorIndex=1021278]
2009-05-04 14:55:09,480 ERROR: vampire.server.feeding.FeedingRecord sendPlayerStartGameMsg [playerId=95038, prey=true, _predatorIndex=]
2009-05-04 14:55:09,481 ERROR: vampire.server.feeding.FeedingRecord sendPlayerStartGameMsg [playerId=90041, prey=false, _predatorIndex=]
2009-05-04 14:55:19,363 ERROR: vampire.server.feeding.FeedingRecord sendPlayerStartGameMsg [playerId=218766, prey=false, _predatorIndex=]
2009-05-04 14:55:30,291 ERROR: vampire.server.feeding.FeedingRecord sendPlayerStartGameMsg [playerId=1086242, prey=true, _predatorIndex=]
2009-05-04 14:55:30,292 ERROR: vampire.server.feeding.FeedingRecord sendPlayerStartGameMsg [playerId=1114188, prey=false, _predatorIndex=]
2009-05-04 14:55:35,745 ERROR: vampire.server.feeding.FeedingRecord sendPlayerStartGameMsg [playerId=1216946, prey=false, _predatorIndex=]
2009-05-04 14:56:41,158 ERROR: vampire.server.feeding.FeedingRecord sendPlayerStartGameMsg [playerId=67941, prey=false, _predatorIndex=]
2009-05-04 14:57:16,668 ERROR: vampire.server.feeding.FeedingRecord sendPlayerStartGameMsg [playerId=187326, prey=false, _predatorIndex=]
2009-05-04 14:57:25,450 ERROR: vampire.server.feeding.FeedingRecord sendPlayerStartGameMsg [playerId=1021278, prey=true, _predatorIndex=]
2009-05-04 14:57:25,451 ERROR: vampire.server.feeding.FeedingRecord sendPlayerStartGameMsg [playerId=54776, prey=false, _predatorIndex=]
2009-05-04 14:57:42,002 ERROR: vampire.server.feeding.FeedingRecord sendPlayerStartGameMsg [playerId=1062, prey=true, _predatorIndex=]
2009-05-04 14:57:42,002 ERROR: vampire.server.feeding.FeedingRecord sendPlayerStartGameMsg [playerId=218766, prey=false, _predatorIndex=]
2009-05-04 14:57:56,282 ERROR: vampire.server.feeding.FeedingRecord sendPlayerStartGameMsg [playerId=111395, prey=true, _predatorIndex=]
2009-05-04 14:57:56,283 ERROR: vampire.server.feeding.FeedingRecord sendPlayerStartGameMsg [playerId=90041, prey=false, _predatorIndex=]

>>>>BeginStats

>>>>BeginTable
PlayerId, StartTime, EndTime, ProgenyPayout, XPFromFeeding, FeedingGames, MeanFeedingScore, BloodBond, Progeny, GrandProgeny, Sire, Level, Invites
100300, 1241474214029, , 0, 0, 0, 0, 0, 0, 0, 0, 2, 0
1019248, , , 115.7, 0, 0, 0, 0, 1, 0, 210163, , 
1020260, 1241469745796, 1241470616923, 0, 1157, 4, 269.25, 0, 0, 0, 1019248, 3, 
1021250, 1241471001392, 1241471505811, 0, 95, 1, 95, 0, 0, 0, 0, 1, 
1021278, 1241473509678, , 19.5, 479, 3, 104.33333333333333, 0, 2, 2, 452296, 3, 0
1022386, 1241468831066, 1241469716949, 0, 203, 2, 119.5, 0, 0, 0, 182431, 1, 
10260, 1241467906952, , 469.70000000000005, 5907, 13, 441.61538461538464, 1101, 7, 8, 713, 13, 2
102613, , , 33.2, 0, 0, 0, 0, 1, 0, 39171, , 
102770, , , 6.8500000000000005, 0, 0, 0, 0, 2, 10, 7078, , 
103033, , , 472.05000000000007, 0, 0, 0, 0, 8, 7, 81899, , 
103144, , , 23.950000000000003, 0, 0, 0, 0, 5, 9, 116005, , 
1044730, 1241467517806, 1241467715104, 0, 0, 0, 0, 0, 12, 1, 1010692, 6, 3
1051628, 1241469001320, 1241469018694, 0, 0, 0, 0, 0, 0, 0, 0, 1, 
1059336, 1241468166029, 1241468410063, 0, 105, 1, 105, 0, 0, 0, 0, 1, 
1059384, 1241471349400, 1241473120459, 0, 657, 8, 80.125, 0, 0, 0, 462408, 1, 
1062, 1241474210107, , 0, 0, 0, 0, 54776, 9, 7, 713, 15, 2
10628, 1241466921900, 1241468007243, 0, 206, 1, 121, 0, 0, 0, 1265, 4, 0
1062853, , , 19.900000000000002, 0, 0, 0, 0, 9, 11, 1124214, , 
10642, 1241473557050, , 235.54999999999998, 8953, 11, 735.1818181818181, 447249, 30, 46, 351598, 15, 2
1077614, 1241470548146, 1241470561321, 0, 0, 0, 0, 0, 1, 0, 836050, 3, 
1082674, 1241472932637, 1241473839651, 0, 324, 2, 138.5, 0, 0, 0, 366650, 1, 
1082840, 1241466203558, 1241466513986, 0, 0, 0, 0, 0, 0, 0, 0, 1, 
1084434, 1241473281471, 1241473409161, 0, 0, 0, 0, 0, 0, 0, 54776, 2, 
1085689, 1241473765164, , 0, 32, 1, 32, 0, 0, 0, 1148755, 1, 0
1086242, 1241472779648, , 22.5, 1507, 7, 205.28571428571428, 0, 1, 0, 39030, 3, 0
1088614, 1241470295995, 1241471125322, 0, 0, 0, 0, 0, 0, 0, 208217, 1, 
1092321, , , 211.20000000000002, 0, 0, 0, 0, 24, 15, 35568, , 
110117, 1241466874508, 1241467208877, 0, 236, 1, 236, 0, 0, 0, 129764, 1, 
1109070, 1241474253444, , 0, 0, 0, 0, 0, 0, 0, 1092321, 2, 0
1110327, 1241469341764, 1241469416988, 0, 0, 0, 0, 0, 0, 0, 0, 1, 
1110484, 1241469168001, 1241469656961, 0, 398, 2, 199, 153097, 0, 0, 153097, 3, 
1111437, 1241468450543, 1241472252322, 34.5, 655, 5, 88.8, 0, 1, 0, 70997, 1, 
1112884, 1241468984569, 1241470916942, 0, 0, 0, 0, 0, 0, 0, 1148755, 2, 
111395, 1241473101449, , 0, 1116, 6, 116.33333333333333, 0, 1, 0, 1892, 4, 1
1114188, 1241473139278, , 0, 482, 3, 114.66666666666667, 0, 0, 0, 1086242, 1, 0
1114474, 1241471776291, 1241471852413, 0, 0, 0, 0, 0, 0, 0, 0, 1, 
1116105, 1241471270341, 1241471447817, 0, 0, 0, 0, 0, 0, 0, 303737, 2, 
1122449, , , 59.10000000000001, 0, 0, 0, 0, 5, 5, 555728, , 
1123103, 1241472289304, 1241472750638, 0, 0, 0, 0, 0, 0, 0, 1127473, 1, 
1124214, 1241472299728, 1241472922822, 0, 591, 2, 249.5, 0, 5, 9, 1122449, 4, 
113237, , , 582.8999999999999, 0, 0, 0, 0, 9, 13, 10642, , 
114128, 1241467998418, 1241468143990, 0, 0, 0, 0, 0, 0, 0, 0, 1, 
1143633, 1241471452090, 1241472125342, 0, 186, 1, 143, 0, 0, 0, 130730, 1, 
1143768, 1241470426520, 1241470441555, 0, 0, 0, 0, 0, 0, 0, 0, 1, 
1146252, 1241471054531, 1241472069431, 0, 885, 3, 239.66666666666666, 1192337, 1, 0, 3811, 5, 1
1148098, 1241467760304, 1241468149272, 0, 195, 1, 173, 0, 2, 1, 1021278, 4, 
1148755, 1241472654794, 1241473796958, 3.2, 1465, 5, 331.4, 0, 13, 1, 1092321, 5, 5
1159167, 1241470934990, 1241471864377, 0, 743, 3, 168, 0, 0, 0, 8401, 1, 
1164090, 1241470033384, 1241470645137, 0, 0, 0, 0, 0, 1, 0, 175754, 1, 
116762, , , 34.6, 0, 0, 0, 0, 2, 0, 356893, , 
1173838, 1241468386641, 1241468876949, 0, 182, 2, 60, 0, 0, 0, 0, 1, 
1193591, 1241467137330, 1241467141413, 0, 0, 0, 0, 0, 0, 0, 0, 1, 
1194247, 1241472473433, 1241472968446, 0, 117, 1, 156, 0, 0, 0, 308635, 2, 
1196189, 1241466297330, 1241466837000, 0, 525, 2, 147, 0, 0, 0, 533, 1, 
12, , , 3265.6, 0, 0, 0, 0, 20, 87, 383387, , 
1203484, 1241466692935, 1241467161403, 0, 473, 3, 124.33333333333333, 0, 0, 0, 30152, 2, 
1207233, 1241469223082, 1241469774403, 0, 0, 0, 0, 0, 1, 0, 239111, 2, 
1214750, 1241468453200, 1241468866670, 0, 0, 0, 0, 0, 0, 0, 0, 1, 
1216946, 1241473859023, , 0, 78, 1, 78, 0, 0, 0, 836050, 1, 0
1217870, 1241470348400, 1241471069278, 0, 299, 2, 118, 0, 0, 0, 0, 1, 
122012, 1241469572929, 1241469610020, 0, 0, 0, 0, 0, 0, 0, 217283, 1, 
122194, , , 5.8500000000000005, 0, 0, 0, 0, 1, 12, 170316, , 
1222327, 1241469076435, 1241471318788, 0, 1463, 8, 165.5, 0, 0, 0, 0, 2, 
122401, 1241471219869, 1241471750608, 0, 346, 1, 192, 0, 0, 0, 116762, 3, 0
1225520, 1241474265893, , 0, 0, 0, 0, 0, 0, 0, 0, 1, 0
1225761, 1241472972140, 1241473208090, 0, 0, 0, 0, 0, 0, 0, 8401, 1, 
1226436, 1241473665531, 1241473725450, 0, 0, 0, 0, 0, 0, 0, 0, 1, 
1228337, 1241471776826, 1241472242583, 0, 321, 2, 160.5, 0, 0, 0, 0, 1, 
1231958, 1241473957308, 1241474125226, 0, 0, 0, 0, 0, 0, 0, 943783, 1, 
1235003, 1241471780024, 1241471809671, 0, 0, 0, 0, 0, 0, 0, 0, 1, 
124503, , , 13.200000000000001, 0, 0, 0, 0, 3, 6, 170934, , 
1245435, 1241468646083, 1241469606986, 0, 345, 3, 121, 0, 0, 0, 1111437, 1, 
1249160, 1241474245767, , 0, 0, 0, 0, 0, 0, 0, 0, 1, 0
1249173, 1241470424451, 1241472416960, 0, 147, 2, 91, 0, 0, 0, 0, 1, 
1249303, 1241469778303, 1241470016940, 0, 914, 6, 126.83333333333333, 0, 0, 0, 0, 1, 
1249365, 1241466975111, 1241466994518, 0, 0, 0, 0, 0, 0, 0, 0, 1, 
1249506, 1241470956441, 1241473047437, 0, 292, 3, 76.66666666666667, 0, 0, 0, 90041, 1, 
1249764, 1241470154044, 1241470846451, 0, 0, 0, 0, 0, 0, 0, 0, 1, 
1250100, 1241469616135, 1241469645643, 0, 0, 0, 0, 0, 0, 0, 0, 1, 
1250809, 1241470909325, 1241470979374, 0, 0, 0, 0, 0, 0, 0, 33995, 1, 
1250868, 1241471062171, 1241471085617, 0, 0, 0, 0, 0, 0, 0, 0, 1, 
1251884, 1241474275643, , 0, 0, 0, 0, 0, 0, 0, 0, 1, 0
1251928, 1241474181292, , 0, 0, 0, 0, 0, 0, 0, 0, 1, 0
1265, 1241469128264, 1241470447340, 235.65, 6555, 11, 768.6363636363636, 713, 15, 34, 12, 16, 3
127632, 1241468497012, 1241468855530, 0, 278, 1, 80, 0, 0, 0, 0, 1, 
127763, , , 128.65, 0, 0, 0, 0, 2, 6, 143278, , 
12791, 1241473998055, 1241474007350, 441.45000000000005, 4174, 8, 677.375, 0, 13, 22, 12, 12, 2
128794, , , 50.150000000000006, 0, 0, 0, 0, 2, 4, 93202, , 
129764, , , 23.6, 0, 0, 0, 0, 10, 0, 370341, , 
130457, 1241472116531, 1241472604037, 0, 0, 0, 0, 0, 1, 0, 341164, 3, 0
130730, 1241469825414, 1241472882561, 18.6, 1214, 10, 110.2, 0, 1, 0, 402642, 2, 1
131355, 1241466996512, 1241467344818, 0, 0, 0, 0, 0, 1, 2, 461901, 4, 0
132334, , , 13.600000000000001, 0, 0, 0, 0, 3, 1, 66842, , 
136131, 1241473843817, 1241473969592, 0, 0, 0, 0, 1089370, 1, 0, 403501, 4, 0
142178, , , 36.7, 0, 0, 0, 0, 2, 17, 73621, , 
143528, 1241470583864, 1241470621357, 0, 0, 0, 0, 0, 0, 0, 561343, 1, 1
143734, 1241469274628, 1241469896984, 0, 584, 1, 190, 0, 0, 0, 0, 1, 
143937, 1241466442323, 1241468035333, 0, 627, 3, 188, 0, 0, 0, 7078, 4, 0
147246, 1241469020602, 1241470676922, 0, 948, 6, 188.5, 0, 0, 0, 68390, 1, 
147628, , , 38.5, 0, 0, 0, 0, 6, 0, 63846, , 
149684, , , 8.1, 0, 0, 0, 0, 3, 4, 184167, , 
153097, , , 39.800000000000004, 0, 0, 0, 0, 11, 0, 1062853, , 
1531, 1241467474324, 1241472058097, 203.60000000000002, 4756, 10, 502, 503, 5, 14, 12, 14, 3
154004, 1241472372645, 1241472383036, 0, 0, 0, 0, 561706, 8, 5, 90041, 4, 0
156489, , , 80.65, 0, 0, 0, 0, 12, 22, 713, , 
157404, 1241470702085, 1241471105010, 0, 229, 2, 106.5, 0, 0, 0, 0, 1, 
164243, , , 100.30000000000001, 0, 0, 0, 0, 4, 2, 128794, , 
168395, 1241469265182, 1241469484840, 0, 383, 2, 202, 0, 0, 0, 46604, 4, 
168473, , , 105.45, 0, 0, 0, 0, 10, 4, 180508, , 
170191, , , 22.5, 0, 0, 0, 0, 3, 7, 202873, , 
170316, , , 883.35, 0, 0, 0, 0, 4, 5, 210210, , 
1704, , , 67.75, 0, 0, 0, 0, 2, 6, 33541, , 
170934, , , 4.4, 0, 0, 0, 0, 7, 4, 49732, , 
171513, 1241469549136, 1241469771735, 0, 225, 1, 225, 0, 7, 7, 170191, 11, 2
174845, 1241468228637, 1241470291090, 0, 1986, 6, 222.5, 0, 0, 0, 52206, 4, 0
177916, , , 31.35, 0, 0, 0, 0, 4, 9, 202501, , 
18, 1241468663709, 1241470171080, 0, 1062, 5, 236.2, 0, 0, 0, 383387, 2, 0
180508, , , 40.050000000000004, 0, 0, 0, 0, 1, 10, 12791, , 
182431, 1241469065684, 1241469518965, 8.8, 88, 1, 51, 0, 1, 0, 124503, 3, 0
187326, 1241473964179, , 0, 137, 1, 164, 0, 0, 0, 194202, 5, 1
187381, 1241470253531, 1241471799040, 0, 873, 4, 193.75, 211710, 7, 4, 2843, 8, 1
1892, 1241473207547, , 331.4, 3392, 12, 345.6666666666667, 33511, 20, 6, 995, 12, 2
191950, , , 407.1, 0, 0, 0, 0, 1, 6, 191984, , 
191984, 1241467325060, 1241472776987, 180.95000000000005, 367, 1, 166, 191950, 17, 5, 142178, 9, 9
19205, 1241470710638, 1241471369791, 0, 4072, 9, 527.1111111111111, 0, 3, 2, 8842, 8, 1
194202, , , 13.700000000000001, 0, 0, 0, 0, 2, 0, 102770, , 
196462, , , 75.35, 0, 0, 0, 0, 2, 10, 392944, , 
198149, , , 13.700000000000001, 0, 0, 0, 0, 1, 7, 380604, , 
199427, , , 1659.6000000000001, 0, 0, 0, 0, 1, 3, 208602, , 
202327, 1241466737510, 1241469044378, 0, 69, 1, 22, 166836, 3, 3, 249362, 6, 1
20260, , , 201.45000000000002, 0, 0, 0, 0, 18, 14, 12, , 
202873, , , 11.25, 0, 0, 0, 0, 1, 3, 341164, , 
206799, 1241471157873, 1241471171752, 0, 0, 0, 0, 0, 0, 0, 0, 1, 
208602, , , 829.8000000000001, 0, 0, 0, 0, 7, 2, 351626, , 
209166, 1241471210704, 1241471682566, 0, 125, 1, 125, 0, 0, 0, 0, 1, 
210163, , , 57.85, 0, 0, 0, 0, 12, 1, 255725, , 
210210, , , 421.65000000000003, 0, 0, 0, 0, 4, 4, 381607, , 
2108, 1241470929779, 1241471086856, 0, 0, 0, 0, 198620, 4, 0, 1090442, 4, 
212304, 1241472267476, 1241473394386, 0, 631, 3, 295.6666666666667, 0, 0, 0, 1092321, 4, 0
214539, , , 27.85, 0, 0, 0, 0, 1, 2, 72070, , 
215287, 1241473764875, , 0, 0, 0, 0, 32314, 0, 0, 195736, 4, 0
217283, 1241471033603, 1241471086385, 18.900000000000002, 0, 0, 0, 532467, 48, 21, 57393, 12, 15
218183, 1241467879101, 1241467887042, 0, 0, 0, 0, 0, 0, 0, 0, 1, 
218766, 1241473104602, , 0, 1355, 6, 204.5, 0, 1, 0, 369681, 4, 0
220964, , , 38.550000000000004, 0, 0, 0, 0, 5, 7, 143501, , 
222826, , , 99.3, 0, 0, 0, 0, 1, 1, 102942, , 
224560, 1241473290635, 1241473748858, 0, 136, 1, 120, 0, 1, 0, 132334, 3, 0
224790, 1241470055332, 1241470067836, 0, 0, 0, 0, 0, 0, 0, 0, 1, 0
22707, 1241472975178, 1241473003884, 0, 0, 0, 0, 0, 7, 14, 8842, 10, 5
23340, 1241470813097, 1241471305185, 0, 907, 2, 453.5, 0, 10, 14, 383387, 20, 11
238, 1241468056199, 1241468291052, 0, 297, 1, 297, 0, 0, 0, 12791, 4, 0
246356, , , 32.2, 0, 0, 0, 0, 4, 3, 54776, , 
247084, 1241469749682, 1241470976945, 0, 2198, 11, 174.0909090909091, 0, 0, 0, 1892, 4, 0
247992, , , 95.05, 0, 0, 0, 0, 2, 4, 214539, , 
249362, , , 6.9, 0, 0, 0, 0, 1, 3, 12791, , 
254186, 1241466983169, 1241467406080, 0, 360, 2, 199, 268558, 3, 0, 477335, 7, 1
258951, , , 440.50000000000006, 0, 0, 0, 0, 22, 27, 1265, , 
280455, 1241469232554, 1241470096706, 0, 771, 2, 364, 0, 0, 0, 386780, 3, 0
283054, 1241468251686, 1241468324846, 0, 0, 0, 0, 0, 0, 0, 220457, 1, 0
2843, , , 238.20000000000002, 0, 0, 0, 0, 8, 33, 3383, , 
284839, 1241469428990, 1241470349214, 0, 102, 1, 111, 0, 0, 0, 340930, 3, 0
295964, 1241468042854, 1241468253910, 0, 0, 0, 0, 0, 0, 0, 70997, 2, 
30152, 1241467029436, 1241467325520, 47.300000000000004, 0, 0, 0, 0, 4, 0, 40683, 6, 4
308635, , , 11.700000000000001, 0, 0, 0, 0, 12, 0, 122194, , 
30940, 1241467846732, 1241467915883, 0, 0, 0, 0, 0, 0, 0, 8842, 2, 
311783, 1241474101165, , 0, 0, 0, 0, 0, 8, 2, 11460, 9, 4
3195, 1241473732798, 1241473847683, 0, 0, 0, 0, 0, 0, 0, 878, 4, 1
32169, 1241468823544, 1241472369687, 0, 4697, 10, 365.2, 219, 7, 0, 10260, 12, 4
32654, 1241473783391, 1241474171442, 0, 0, 0, 0, 294285, 3, 0, 25664, 7, 1
33511, 1241473905790, , 0, 322, 2, 104, 1892, 1, 0, 246356, 9, 4
33541, 1241473721890, , 0, 4602, 10, 394.1, 0, 1, 2, 12, 8, 1
336228, , , 30.55, 0, 0, 0, 0, 9, 13, 307471, , 
3383, 1241469698615, 1241469721245, 119.10000000000001, 4083, 6, 511.6666666666667, 8842, 6, 10, 12791, 15, 2
3399, 1241473620236, 1241473634896, 0, 0, 0, 0, 0, 1, 1, 24890, 4, 0
340930, , , 10.200000000000001, 0, 0, 0, 0, 1, 0, 52887, , 
34108, , , 16.2, 0, 0, 0, 0, 4, 0, 149684, , 
349289, 1241469664580, 1241469949572, 0, 135, 1, 136, 0, 0, 0, 68390, 1, 
351430, , , 61.1, 0, 0, 0, 0, 11, 9, 336228, , 
351598, , , 895.3000000000002, 0, 0, 0, 0, 1, 30, 359624, , 
35568, , , 104.80000000000001, 0, 0, 0, 0, 1, 24, 258951, , 
356893, , , 17.3, 0, 0, 0, 0, 1, 2, 395656, , 
359624, , , 447.6500000000001, 0, 0, 0, 0, 3, 1, 201132, , 
365721, 1241470313171, 1241470323267, 0, 0, 0, 0, 0, 0, 0, 423714, 3, 1
366650, 1241469675110, , 80.1, 8433, 33, 277.1515151515152, 52818, 4, 0, 170316, 5, 2
367452, , , 257.3, 0, 0, 0, 0, 5, 3, 127763, , 
369681, , , 135.5, 0, 0, 0, 0, 2, 1, 1704, , 
370341, , , 11.8, 0, 0, 0, 0, 1, 10, 326885, , 
372191, 1241469458816, 1241469741106, 0, 0, 0, 0, 0, 5, 4, 425071, 5, 1
37261, 1241467851161, 1241468029892, 0, 0, 0, 0, 0, 0, 0, 1237789, 4, 
380604, , , 6.8500000000000005, 0, 0, 0, 0, 4, 4, 375444, , 
3811, , , 88.5, 0, 0, 0, 0, 2, 1, 452296, , 
383387, , , 1282.1, 0, 0, 0, 0, 7, 56, 0, , 
386780, , , 77.10000000000001, 0, 0, 0, 0, 7, 0, 220964, , 
39030, , , 161.95, 0, 0, 0, 0, 10, 1, 196462, , 
39171, , , 16.6, 0, 0, 0, 0, 8, 1, 102770, , 
396113, , , 4.75, 0, 0, 0, 0, 2, 8, 44987, , 
397835, , , 435.45, 0, 0, 0, 0, 5, 29, 47379, , 
402642, 1241470485938, 1241471672492, 87.99999999999999, 557, 4, 134.25, 0, 4, 4, 247992, 4, 0
404364, 1241468388963, 1241469900114, 0, 706, 6, 123.83333333333333, 0, 0, 0, 0, 1, 
40683, , , 23.650000000000002, 0, 0, 0, 0, 1, 4, 388185, , 
4139, 1241469535217, , 0, 6267, 13, 463.2307692307692, 44987, 21, 23, 713, 17, 3
4141, 1241467846758, 1241468083931, 0, 0, 0, 0, 0, 0, 0, 2796, 1, 
42736, 1241466525725, 1241466528247, 0, 0, 0, 0, 93562, 2, 3, 133482, 4, 1
447249, 1241470341348, , 0, 16596, 24, 735.0416666666666, 10642, 3, 3, 199427, 14, 2
452296, , , 101.89999999999999, 0, 0, 0, 0, 9, 4, 103144, , 
462408, 1241470123484, , 90.4, 3619, 14, 330.35714285714283, 121604, 6, 1, 191950, 10, 2
46604, , , 38.3, 0, 0, 0, 0, 2, 0, 921283, , 
47379, , , 185.05, 0, 0, 0, 0, 4, 5, 54776, , 
477335, , , 36, 0, 0, 0, 0, 2, 3, 88917, , 
503425, 1241470661624, 1241470854294, 0, 0, 0, 0, 430717, 0, 0, 39171, 4, 0
5212, , , 161.3, 0, 0, 0, 0, 17, 16, 156489, , 
52206, , , 198.6, 0, 0, 0, 0, 1, 0, 222826, , 
52818, 1241468009634, 1241471996960, 0, 2573, 9, 285.8888888888889, 366650, 3, 0, 367452, 4, 0
52887, , , 5.1000000000000005, 0, 0, 0, 0, 3, 1, 237967, , 
533, 1241465963908, , 52.5, 1752, 4, 487, 535, 9, 11, 20260, 12, 2
540887, 1241469643838, 1241469846696, 0, 385, 2, 138.5, 0, 0, 0, 147628, 2, 
545771, 1241466844050, 1241467052294, 0, 162, 1, 163, 0, 0, 0, 34108, 3, 0
546037, 1241470905396, 1241472814250, 0, 615, 4, 103.5, 0, 0, 0, 462408, 1, 
546954, 1241469926357, 1241470550779, 0, 325, 1, 82, 0, 0, 0, 836050, 1, 
5477, 1241470431891, 1241470895175, 0, 67, 1, 58, 0, 0, 0, 68390, 1, 
54776, 1241473900938, , 16.1, 0, 0, 0, 1062, 72, 32, 89757, 15, 3
55022, 1241472197572, 1241472402089, 0, 0, 0, 0, 0, 5, 1, 538748, 3, 
555728, , , 29.550000000000004, 0, 0, 0, 0, 16, 5, 1101, , 
565767, 1241466342866, 1241466542108, 0, 0, 0, 0, 0, 0, 0, 0, 1, 
57393, , , 9.450000000000001, 0, 0, 0, 0, 5, 51, 159420, , 
57717, , , 14.9, 0, 0, 0, 0, 4, 6, 110178, , 
586681, , , 49.800000000000004, 0, 0, 0, 0, 6, 8, 10642, , 
58859, , , 9.5, 0, 0, 0, 0, 8, 0, 396113, , 
59431, 1241467077152, 1241467090458, 0, 0, 0, 0, 0, 0, 0, 0, 1, 0
624485, 1241469120467, 1241469237798, 0, 0, 0, 0, 0, 0, 0, 562953, 1, 
63846, , , 19.25, 0, 0, 0, 0, 1, 6, 65246, , 
66842, , , 6.800000000000001, 0, 0, 0, 0, 1, 3, 153510, , 
67941, 1241474190984, , 0, 1613, 8, 126.375, 0, 0, 0, 5212, 3, 0
68390, 1241469524404, 1241470997371, 50.7, 801, 7, 117, 0, 3, 0, 168473, 2, 
7078, , , 62.7, 0, 0, 0, 0, 9, 5, 177916, , 
70816, 1241472320599, 1241472954081, 0, 1399, 7, 130.71428571428572, 0, 0, 0, 366650, 2, 
70997, 1241469653568, 1241472034119, 147.95000000000002, 3701, 10, 590.5, 1010692, 29, 31, 397835, 11, 2
713, 1241467595785, , 1452.25, 1617, 3, 457.3333333333333, 1265, 10, 66, 12, 18, 6
73306, 1241470706535, , 0, 0, 0, 0, 0, 0, 0, 39030, 2, 0
73481, 1241467235327, 1241468568645, 0, 1003, 5, 192.2, 0, 2, 1, 164243, 4, 0
73621, , , 18.35, 0, 0, 0, 0, 2, 2, 112194, , 
74412, 1241473703654, , 0, 332, 2, 166, 171193, 0, 0, 102613, 4, 0
75123, 1241466816352, , 0, 1509, 3, 467.6666666666667, 101358, 14, 14, 2843, 12, 4
77, 1241469088743, 1241469122433, 0, 0, 0, 0, 171151, 11, 2, 12770, 14, 2
797824, 1241471910490, 1241472592311, 0, 298, 1, 298, 574401, 15, 4, 82321, 7, 5
79942, 1241474006731, , 0, 137, 1, 109, 633051, 7, 5, 198149, 6, 2
80646, 1241472113810, 1241473916977, 0, 0, 0, 0, 204792, 1, 0, 1148755, 4, 
81899, , , 217.45000000000002, 0, 0, 0, 0, 5, 8, 802319, , 
820185, 1241473121348, 1241473359186, 0, 95, 1, 181, 0, 0, 0, 58859, 1, 
82321, , , 29.8, 0, 0, 0, 0, 6, 15, 57717, , 
836050, 1241474187751, , 323.2, 4213, 12, 481.9166666666667, 592692, 13, 1, 113237, 7, 2
8401, 1241470309485, 1241472558844, 74.30000000000001, 4349, 14, 330.92857142857144, 413254, 7, 1, 103033, 6, 4
8527, 1241470423641, 1241470473798, 0, 0, 0, 0, 0, 1, 0, 503, 8, 1
87714, 1241466143672, 1241471676736, 0, 611, 2, 340, 0, 9, 3, 351430, 9, 6
8842, , , 407.20000000000005, 0, 0, 0, 0, 12, 22, 1531, , 
885698, 1241473747477, , 0, 2254, 9, 301.22222222222223, 891151, 0, 0, 836050, 4, 0
88917, , , 18, 0, 0, 0, 0, 3, 2, 372191, , 
89322, 1241470366504, 1241472567823, 0, 2447, 6, 251.5, 0, 0, 0, 70997, 2, 
8938, 1241472756698, 1241472774871, 0, 0, 0, 0, 0, 19, 7, 541655, 6, 1
90041, 1241469777944, , 20.8, 4301, 15, 352.6666666666667, 175933, 7, 8, 258951, 11, 12
921283, 1241474238386, , 19.15, 0, 0, 0, 0, 4, 2, 338409, 4, 0
926905, 1241468402538, 1241468405693, 0, 0, 0, 0, 0, 0, 0, 0, 1, 
942433, 1241473774463, 1241473856946, 0, 0, 0, 0, 0, 0, 0, 1164090, 1, 
942791, 1241473890840, , 0, 189, 1, 141, 0, 0, 0, 217283, 3, 0
94801, 1241471632689, 1241471676336, 0, 0, 0, 0, 0, 0, 0, 0, 1, 
95038, 1241473659082, , 0, 668, 3, 127.66666666666667, 0, 0, 0, 836050, 1, 0
95479, 1241469365927, 1241469658070, 0, 498, 2, 290.5, 0, 8, 2, 586681, 6, 1
977713, 1241467586280, 1241467598809, 0, 0, 0, 0, 0, 0, 0, 0, 1, 
995, , , 504.90000000000003, 0, 0, 0, 0, 11, 20, 12, , 
<<<<EndTable

PlayersOnlineNow=40
PlayersOnlineEachMinute=0, 3, 4, 6, 6, 8, 8, 8, 9, 11, 13, 12, 11, 11, 13, 14, 16, 16, 17, 19, 22, 22, 20, 21, 21, 21, 19, 21, 22, 24, 27, 25, 25, 27, 28, 28, 28, 26, 25, 25, 24, 22, 24, 24, 25, 24, 24, 25, 25, 26, 26, 26, 26, 26, 28, 30, 32, 34, 34, 36, 38, 39, 40, 38, 40, 33, 37, 36, 33, 34, 34, 36, 35, 36, 39, 41, 44, 42, 41, 41, 39, 41, 41, 41, 41, 43, 43, 39, 38, 39, 41, 39, 38, 38, 37, 37, 39, 33, 33, 34, 32, 33, 32, 30, 30, 29, 30, 30, 34, 33, 32, 32, 30, 29, 29, 26, 26, 25, 24, 24, 23, 26, 27, 26, 28, 27, 25, 24, 26, 26, 26, 29, 31, 28, 30, 31, 32, 32, 32, 35
PlayersInEachFeedingGame=2, 2, 1, 2, 1, 2, 2, 1, 1, 2, 2, 2, 1, 1, 2, 1, 2, 1, 2, 1, 2, 1, 2, 1, 2, 2, 2, 2, 2, 2, 1, 1, 2, 1, 1, 2, 1, 1, 2, 2, 2, 2, 2, 1, 1, 2, 2, 2, 2, 2, 1, 2, 2, 1, 1, 1, 2, 2, 2, 1, 2, 2, 2, 2, 1, 2, 2, 2, 2, 2, 2, 2, 2, 2, 2, 2, 1, 2, 6, 2, 2, 2, 1, 2, 2, 2, 2, 1, 2, 2, 1, 3, 1, 2, 2, 1, 1, 1, 2, 2, 1, 2, 2, 1, 1, 2, 2, 2, 2, 1, 2, 2, 2, 2, 1, 2, 2, 1, 2, 1, 1, 2, 2, 1, 1, 2, 1, 2, 2, 1, 2, 2, 1, 2, 2, 1, 2, 2, 2, 2, 1, 1, 2, 2, 2, 2, 1, 1, 2, 1, 1, 2, 1, 1, 2, 2, 1, 2, 2, 2, 1, 2, 2, 2, 1, 1, 1, 2, 2, 2, 2, 1, 2, 1, 2, 1, 1, 2, 1, 2, 2, 3, 2, 2, 1, 2, 2, 1, 2, 1, 1, 2, 2, 2, 2, 1, 2, 3, 1, 1, 1, 2, 2, 2, 1, 2, 2, 1, 1, 2, 1, 2, 1, 1, 1, 2, 2
PlayersStarted=284
PlayersQuit=244
StatsStartTime=1241465875689
StatsDumpTime=1241474276327
<<<<EndStats
2009-05-04 14:58:39,484 ERROR: vampire.server.feeding.FeedingRecord sendPlayerStartGameMsg [playerId=1225520, prey=true, _predatorIndex=]
2009-05-04 14:58:39,485 ERROR: vampire.server.feeding.FeedingRecord sendPlayerStartGameMsg [playerId=1109070, prey=false, _predatorIndex=]
2009-05-04 14:58:45,302 ERROR: vampire.server.feeding.FeedingRecord sendPlayerStartGameMsg [playerId=921283, prey=false, _predatorIndex=1109070]
2009-05-04 15:00:02,108 ERROR: vampire.server.feeding.FeedingRecord sendPlayerStartGameMsg [playerId=218766, prey=false, _predatorIndex=]
2009-05-04 15:00:09,002 ERROR: vampire.server.feeding.FeedingRecord sendPlayerStartGameMsg [playerId=187326, prey=true, _predatorIndex=]
2009-05-04 15:00:09,002 ERROR: vampire.server.feeding.FeedingRecord sendPlayerStartGameMsg [playerId=79942, prey=false, _predatorIndex=]
2009-05-04 15:00:17,431 ERROR: vampire.server.feeding.FeedingRecord sendPlayerStartGameMsg [playerId=1062, prey=true, _predatorIndex=]
2009-05-04 15:00:17,432 ERROR: vampire.server.feeding.FeedingRecord sendPlayerStartGameMsg [playerId=90041, prey=false, _predatorIndex=]
2009-05-04 15:00:30,482 ERROR: vampire.server.feeding.FeedingRecord sendPlayerStartGameMsg [playerId=1249160, prey=false, _predatorIndex=]
2009-05-04 15:01:09,468 ERROR: vampire.server.feeding.FeedingRecord sendPlayerStartGameMsg [playerId=67941, prey=false, _predatorIndex=]
2009-05-04 15:01:25,453 ERROR: vampire.server.feeding.FeedingRecord sendPlayerStartGameMsg [playerId=54776, prey=true, _predatorIndex=]
2009-05-04 15:01:25,454 ERROR: vampire.server.feeding.FeedingRecord sendPlayerStartGameMsg [playerId=58859, prey=false, _predatorIndex=]
2009-05-04 15:02:18,936 ERROR: vampire.server.feeding.FeedingRecord sendPlayerStartGameMsg [playerId=1086242, prey=false, _predatorIndex=]
2009-05-04 15:03:01,248 ERROR: vampire.server.feeding.FeedingRecord sendPlayerStartGameMsg [playerId=1109070, prey=true, _predatorIndex=]
2009-05-04 15:03:01,249 ERROR: vampire.server.feeding.FeedingRecord sendPlayerStartGameMsg [playerId=1225520, prey=false, _predatorIndex=]
2009-05-04 15:03:16,114 ERROR: vampire.server.feeding.FeedingRecord sendPlayerStartGameMsg [playerId=462408, prey=true, _predatorIndex=]
2009-05-04 15:03:16,115 ERROR: vampire.server.feeding.FeedingRecord sendPlayerStartGameMsg [playerId=1062, prey=false, _predatorIndex=]
2009-05-04 15:03:19,870 ERROR: vampire.server.feeding.FeedingRecord sendPlayerStartGameMsg [playerId=885698, prey=true, _predatorIndex=]
2009-05-04 15:03:19,870 ERROR: vampire.server.feeding.FeedingRecord sendPlayerStartGameMsg [playerId=1021278, prey=false, _predatorIndex=]
2009-05-04 15:04:11,350 ERROR: vampire.server.feeding.FeedingRecord sendPlayerStartGameMsg [playerId=218766, prey=true, _predatorIndex=]
2009-05-04 15:04:11,352 ERROR: vampire.server.feeding.FeedingRecord sendPlayerStartGameMsg [playerId=58859, prey=false, _predatorIndex=]
2009-05-04 15:04:24,195 ERROR: vampire.server.feeding.FeedingRecord sendPlayerStartGameMsg [playerId=58859, prey=false, _predatorIndex=33511]
2009-05-04 15:04:31,365 ERROR: vampire.server.feeding.FeedingRecord sendPlayerStartGameMsg [playerId=100300, prey=false, _predatorIndex=]
2009-05-04 15:04:41,301 ERROR: vampire.server.feeding.FeedingRecord sendPlayerStartGameMsg [playerId=218766, prey=false, _predatorIndex=33511,58859]
2009-05-04 15:04:47,636 ERROR: vampire.server.feeding.FeedingRecord sendPlayerStartGameMsg [playerId=1086242, prey=false, _predatorIndex=]
2009-05-04 15:04:54,598 ERROR: vampire.server.feeding.FeedingRecord sendPlayerStartGameMsg [playerId=218766, prey=false, _predatorIndex=1225520]
2009-05-04 15:05:15,178 ERROR: vampire.server.feeding.FeedingRecord sendPlayerStartGameMsg [playerId=218766, prey=false, _predatorIndex=1225520,218766]
2009-05-04 15:05:26,884 ERROR: vampire.server.feeding.FeedingRecord sendPlayerStartGameMsg [playerId=218766, prey=false, _predatorIndex=1086242]
2009-05-04 15:05:32,081 ERROR: vampire.server.feeding.FeedingRecord sendPlayerStartGameMsg [playerId=67941, prey=false, _predatorIndex=]
2009-05-04 15:05:47,174 ERROR: vampire.server.feeding.FeedingRecord sendPlayerStartGameMsg [playerId=1114188, prey=true, _predatorIndex=]
2009-05-04 15:05:47,175 ERROR: vampire.server.feeding.FeedingRecord sendPlayerStartGameMsg [playerId=90041, prey=false, _predatorIndex=]
2009-05-04 15:05:50,319 ERROR: vampire.server.feeding.FeedingRecord sendPlayerStartGameMsg [playerId=54776, prey=true, _predatorIndex=]
2009-05-04 15:05:50,320 ERROR: vampire.server.feeding.FeedingRecord sendPlayerStartGameMsg [playerId=1109070, prey=false, _predatorIndex=]
2009-05-04 15:05:54,056 ERROR: vampire.server.feeding.FeedingRecord sendPlayerStartGameMsg [playerId=133625, prey=false, _predatorIndex=]
2009-05-04 15:05:56,086 ERROR: vampire.server.feeding.FeedingRecord sendPlayerStartGameMsg [playerId=1232593, prey=true, _predatorIndex=]
2009-05-04 15:05:56,087 ERROR: vampire.server.feeding.FeedingRecord sendPlayerStartGameMsg [playerId=885698, prey=false, _predatorIndex=]
2009-05-04 15:06:18,430 ERROR: vampire.server.feeding.FeedingRecord sendPlayerStartGameMsg [playerId=1225103, prey=true, _predatorIndex=]
2009-05-04 15:06:18,431 ERROR: vampire.server.feeding.FeedingRecord sendPlayerStartGameMsg [playerId=1062, prey=false, _predatorIndex=]
2009-05-04 15:07:20,689 ERROR: vampire.server.feeding.FeedingRecord sendPlayerStartGameMsg [playerId=480591, prey=false, _predatorIndex=]
2009-05-04 15:07:22,719 ERROR: vampire.server.feeding.FeedingRecord sendPlayerStartGameMsg [playerId=311783, prey=true, _predatorIndex=]
2009-05-04 15:07:22,720 ERROR: vampire.server.feeding.FeedingRecord sendPlayerStartGameMsg [playerId=58859, prey=false, _predatorIndex=]

