
>>>>BeginStats

>>>>BeginTable
PlayerId, StartTime, EndTime, ProgenyPayout, XPFromFeeding, FeedingGames, MeanFeedingScore, BloodBond, Progeny, GrandProgeny, Sire, Level, Invites
1019248, , , 115.7, 0, 0, 0, 0, 1, 0, 210163, , 
1020260, 1241469745796, 1241470616923, 0, 1157, 4, 269.25, 0, 0, 0, 1019248, 3, 
1021250, 1241471001392, 1241471505811, 0, 95, 1, 95, 0, 0, 0, 0, 1, 
1021278, , , 19.5, 0, 0, 0, 0, 2, 2, 452296, , 
1022386, 1241468831066, 1241469716949, 0, 203, 2, 119.5, 0, 0, 0, 182431, 1, 
10260, 1241467906952, , 469.70000000000005, 5907, 13, 441.61538461538464, 1101, 7, 8, 713, 13, 2
103033, , , 380.55000000000007, 0, 0, 0, 0, 8, 7, 81899, , 
1044730, 1241467517806, 1241467715104, 0, 0, 0, 0, 0, 12, 1, 1010692, 6, 3
1051628, 1241469001320, 1241469018694, 0, 0, 0, 0, 0, 0, 0, 0, 1, 
1059336, 1241468166029, 1241468410063, 0, 105, 1, 105, 0, 0, 0, 0, 1, 
1059384, 1241471349400, , 0, 174, 2, 113.5, 0, 0, 0, 0, 1, 0
10628, 1241466921900, 1241468007243, 0, 206, 1, 121, 0, 0, 0, 1265, 4, 0
1062853, , , 19.900000000000002, 0, 0, 0, 0, 9, 11, 1124214, , 
10642, 1241471813107, , 140.35, 1519, 2, 711.5, 447249, 30, 46, 351598, 15, 2
1077614, 1241470548146, 1241470561321, 0, 0, 0, 0, 0, 1, 0, 836050, 3, 
1082674, 1241471184710, 1241471533757, 0, 0, 0, 0, 0, 0, 0, 0, 1, 
1082840, 1241466203558, 1241466513986, 0, 0, 0, 0, 0, 0, 0, 0, 1, 
1085689, 1241466373561, 1241466417380, 0, 0, 0, 0, 0, 0, 0, 1148755, 1, 
1086242, 1241470368948, 1241470411050, 0, 0, 0, 0, 0, 0, 0, 39030, 3, 
1088614, 1241470295995, 1241471125322, 0, 0, 0, 0, 0, 0, 0, 208217, 1, 
1092321, , , 37.800000000000004, 0, 0, 0, 0, 24, 15, 35568, , 
110117, 1241466874508, 1241467208877, 0, 236, 1, 236, 0, 0, 0, 129764, 1, 
1110327, 1241469341764, 1241469416988, 0, 0, 0, 0, 0, 0, 0, 0, 1, 
1110484, 1241469168001, 1241469656961, 0, 398, 2, 199, 153097, 0, 0, 153097, 3, 
1111437, 1241468450543, , 34.5, 655, 5, 88.8, 0, 1, 0, 70997, 1, 0
1112884, 1241468984569, 1241470916942, 0, 0, 0, 0, 0, 0, 0, 1148755, 2, 
1114474, 1241471776291, 1241471852413, 0, 0, 0, 0, 0, 0, 0, 0, 1, 
1116105, 1241471270341, 1241471447817, 0, 0, 0, 0, 0, 0, 0, 303737, 2, 
113237, , , 312.25, 0, 0, 0, 0, 9, 12, 10642, , 
114128, 1241467998418, 1241468143990, 0, 0, 0, 0, 0, 0, 0, 0, 1, 
1143633, 1241471452090, , 0, 0, 0, 0, 0, 0, 0, 130730, 1, 0
1143768, 1241470426520, 1241470441555, 0, 0, 0, 0, 0, 0, 0, 0, 1, 
1146252, 1241471054531, , 0, 699, 2, 245, 1192337, 1, 0, 3811, 5, 1
1148098, 1241467760304, 1241468149272, 0, 195, 1, 173, 0, 2, 1, 1021278, 4, 
1148755, 1241466566908, 1241468216965, 0, 378, 1, 510, 0, 13, 1, 1092321, 5, 5
1159167, 1241470934990, 1241471864377, 0, 743, 3, 168, 0, 0, 0, 8401, 1, 
1164090, 1241470033384, 1241470645137, 0, 0, 0, 0, 0, 0, 0, 175754, 1, 
116762, , , 34.6, 0, 0, 0, 0, 2, 0, 356893, , 
1173838, 1241468386641, 1241468876949, 0, 182, 2, 60, 0, 0, 0, 0, 1, 
1193591, 1241467137330, 1241467141413, 0, 0, 0, 0, 0, 0, 0, 0, 1, 
1196189, 1241466297330, 1241466837000, 0, 525, 2, 147, 0, 0, 0, 533, 1, 
12, , , 3167.45, 0, 0, 0, 0, 20, 87, 383387, , 
1203484, 1241466692935, 1241467161403, 0, 473, 3, 124.33333333333333, 0, 0, 0, 30152, 2, 
1207233, 1241469223082, 1241469774403, 0, 0, 0, 0, 0, 1, 0, 239111, 2, 
1214750, 1241468453200, 1241468866670, 0, 0, 0, 0, 0, 0, 0, 0, 1, 
1216946, 1241469815713, 1241469930208, 0, 0, 0, 0, 0, 0, 0, 836050, 1, 
1217870, 1241470348400, 1241471069278, 0, 299, 2, 118, 0, 0, 0, 0, 1, 
122012, 1241469572929, 1241469610020, 0, 0, 0, 0, 0, 0, 0, 217283, 1, 
1222327, 1241469076435, 1241471318788, 0, 1463, 8, 165.5, 0, 0, 0, 0, 2, 
122401, 1241471219869, 1241471750608, 0, 346, 1, 192, 0, 0, 0, 116762, 3, 0
1225761, 1241470284942, , 0, 0, 0, 0, 0, 0, 0, 8401, 1, 0
1228337, 1241471776826, , 0, 0, 0, 0, 0, 0, 0, 0, 1, 0
1235003, 1241471780024, 1241471809671, 0, 0, 0, 0, 0, 0, 0, 0, 1, 
124503, , , 13.200000000000001, 0, 0, 0, 0, 3, 1, 170934, , 
1245435, 1241468646083, 1241469606986, 0, 345, 3, 121, 0, 0, 0, 1111437, 1, 
1249173, 1241470424451, , 0, 147, 2, 91, 0, 0, 0, 0, 1, 0
1249303, 1241469778303, 1241470016940, 0, 914, 6, 126.83333333333333, 0, 0, 0, 0, 1, 
1249365, 1241466975111, 1241466994518, 0, 0, 0, 0, 0, 0, 0, 0, 1, 
1249506, 1241470956441, , 0, 0, 0, 0, 0, 0, 0, 0, 1, 0
1249764, 1241470154044, 1241470846451, 0, 0, 0, 0, 0, 0, 0, 0, 1, 
1250100, 1241469616135, 1241469645643, 0, 0, 0, 0, 0, 0, 0, 0, 1, 
1250809, 1241470909325, 1241470979374, 0, 0, 0, 0, 0, 0, 0, 33995, 1, 
1250868, 1241471062171, 1241471085617, 0, 0, 0, 0, 0, 0, 0, 0, 1, 
1265, 1241469128264, 1241470447340, 68.2, 6555, 11, 768.6363636363636, 713, 15, 34, 12, 16, 3
127632, 1241468497012, 1241468855530, 0, 278, 1, 80, 0, 0, 0, 0, 1, 
127763, , , 128.65, 0, 0, 0, 0, 2, 6, 143278, , 
12791, 1241467042399, , 441.45000000000005, 4174, 8, 677.375, 0, 13, 22, 12, 12, 2
128794, , , 50.150000000000006, 0, 0, 0, 0, 2, 4, 93202, , 
129764, , , 23.6, 0, 0, 0, 0, 10, 0, 370341, , 
130730, 1241469825414, , 0, 986, 7, 124.85714285714286, 0, 1, 0, 402642, 1, 1
131355, 1241466996512, 1241467344818, 0, 0, 0, 0, 0, 1, 2, 461901, 4, 0
142178, , , 36.7, 0, 0, 0, 0, 2, 17, 73621, , 
143528, 1241470583864, 1241470621357, 0, 0, 0, 0, 0, 0, 0, 561343, 1, 1
143734, 1241469274628, 1241469896984, 0, 584, 1, 190, 0, 0, 0, 0, 1, 
143937, 1241466442323, 1241468035333, 0, 627, 3, 188, 0, 0, 0, 7078, 4, 0
147246, 1241469020602, 1241470676922, 0, 948, 6, 188.5, 0, 0, 0, 68390, 1, 
147628, , , 38.5, 0, 0, 0, 0, 6, 0, 63846, , 
149684, , , 8.1, 0, 0, 0, 0, 3, 4, 184167, , 
153097, , , 39.800000000000004, 0, 0, 0, 0, 11, 0, 1062853, , 
1531, 1241467474324, , 203.60000000000002, 4756, 10, 502, 503, 5, 14, 12, 14, 3
154004, 1241470093777, 1241470177915, 0, 0, 0, 0, 561706, 8, 5, 90041, 4, 0
157404, 1241470702085, 1241471105010, 0, 229, 2, 106.5, 0, 0, 0, 0, 1, 
164243, , , 100.30000000000001, 0, 0, 0, 0, 4, 2, 128794, , 
168395, 1241469265182, 1241469484840, 0, 383, 2, 202, 0, 0, 0, 46604, 4, 
168473, , , 105.45, 0, 0, 0, 0, 10, 4, 180508, , 
170191, , , 22.5, 0, 0, 0, 0, 3, 7, 202873, , 
170316, , , 748.4000000000001, 0, 0, 0, 0, 4, 2, 210210, , 
170934, , , 4.4, 0, 0, 0, 0, 7, 4, 49732, , 
171513, 1241469549136, 1241469771735, 0, 225, 1, 225, 0, 7, 7, 170191, 11, 2
174845, 1241468228637, 1241470291090, 0, 1986, 6, 222.5, 0, 0, 0, 52206, 4, 0
177916, , , 31.35, 0, 0, 0, 0, 4, 9, 202501, , 
18, 1241468663709, 1241470171080, 0, 1062, 5, 236.2, 0, 0, 0, 383387, 2, 0
180508, , , 40.050000000000004, 0, 0, 0, 0, 1, 10, 12791, , 
182431, 1241469065684, 1241469518965, 8.8, 88, 1, 51, 0, 1, 0, 124503, 3, 0
187381, 1241470253531, 1241471799040, 0, 873, 4, 193.75, 211710, 7, 4, 2843, 8, 1
1892, 1241467350547, 1241471203908, 219.79999999999998, 2581, 8, 386, 33511, 20, 6, 995, 12, 2
191950, , , 102.20000000000002, 0, 0, 0, 0, 1, 4, 191984, , 
191984, 1241467325060, , 51.10000000000001, 367, 1, 166, 191950, 17, 5, 142178, 9, 9
19205, 1241470710638, 1241471369791, 0, 4072, 9, 527.1111111111111, 0, 3, 2, 8842, 8, 1
199427, , , 916.2000000000002, 0, 0, 0, 0, 1, 3, 208602, , 
202327, 1241466737510, 1241469044378, 0, 69, 1, 22, 166836, 3, 3, 249362, 6, 1
20260, , , 201.45000000000002, 0, 0, 0, 0, 18, 13, 12, , 
202873, , , 11.25, 0, 0, 0, 0, 1, 3, 341164, , 
206799, 1241471157873, 1241471171752, 0, 0, 0, 0, 0, 0, 0, 0, 1, 
208602, , , 458.1000000000001, 0, 0, 0, 0, 7, 2, 351626, , 
209166, 1241471210704, 1241471682566, 0, 125, 1, 125, 0, 0, 0, 0, 1, 
210163, , , 57.85, 0, 0, 0, 0, 12, 1, 255725, , 
210210, , , 374.20000000000005, 0, 0, 0, 0, 4, 4, 381607, , 
2108, 1241470929779, 1241471086856, 0, 0, 0, 0, 198620, 4, 0, 1090442, 4, 
214539, , , 27.85, 0, 0, 0, 0, 1, 2, 72070, , 
217283, 1241471033603, 1241471086385, 0, 0, 0, 0, 532467, 48, 21, 57393, 12, 15
218183, 1241467879101, 1241467887042, 0, 0, 0, 0, 0, 0, 0, 0, 1, 
220964, , , 38.550000000000004, 0, 0, 0, 0, 5, 7, 143501, , 
222826, , , 99.3, 0, 0, 0, 0, 1, 1, 102942, , 
224790, 1241470055332, 1241470067836, 0, 0, 0, 0, 0, 0, 0, 0, 1, 0
23340, 1241470813097, 1241471305185, 0, 907, 2, 453.5, 0, 10, 14, 383387, 20, 11
238, 1241468056199, 1241468291052, 0, 297, 1, 297, 0, 0, 0, 12791, 4, 0
247084, 1241469749682, 1241470976945, 0, 2198, 11, 174.0909090909091, 0, 0, 0, 1892, 4, 0
247992, , , 83.65, 0, 0, 0, 0, 2, 4, 214539, , 
249362, , , 6.9, 0, 0, 0, 0, 1, 3, 12791, , 
254186, 1241466983169, 1241467406080, 0, 360, 2, 199, 268558, 3, 0, 477335, 7, 1
258951, , , 95.2, 0, 0, 0, 0, 22, 26, 1265, , 
280455, 1241469232554, 1241470096706, 0, 771, 2, 364, 0, 0, 0, 386780, 3, 0
283054, 1241468251686, 1241468324846, 0, 0, 0, 0, 0, 0, 0, 220457, 1, 0
2843, , , 238.20000000000002, 0, 0, 0, 0, 8, 33, 3383, , 
284839, 1241469428990, 1241470349214, 0, 102, 1, 111, 0, 0, 0, 340930, 3, 0
295964, 1241468042854, 1241468253910, 0, 0, 0, 0, 0, 0, 0, 70997, 2, 
30152, 1241467029436, 1241467325520, 47.300000000000004, 0, 0, 0, 0, 4, 0, 40683, 6, 4
30940, 1241467846732, 1241467915883, 0, 0, 0, 0, 0, 0, 0, 8842, 2, 
32169, 1241468823544, , 0, 4697, 10, 365.2, 219, 7, 0, 10260, 12, 4
33541, 1241469643473, 1241471376628, 0, 4602, 10, 394.1, 0, 1, 2, 12, 8, 1
336228, , , 30.55, 0, 0, 0, 0, 9, 13, 307471, , 
3383, 1241469698615, 1241469721245, 119.10000000000001, 4083, 6, 511.6666666666667, 8842, 6, 10, 12791, 15, 2
340930, , , 10.200000000000001, 0, 0, 0, 0, 1, 0, 52887, , 
34108, , , 16.2, 0, 0, 0, 0, 4, 0, 149684, , 
349289, 1241469664580, 1241469949572, 0, 135, 1, 136, 0, 0, 0, 68390, 1, 
351430, , , 61.1, 0, 0, 0, 0, 11, 9, 336228, , 
351598, , , 151.90000000000003, 0, 0, 0, 0, 1, 30, 359624, , 
35568, , , 18.900000000000002, 0, 0, 0, 0, 1, 24, 258951, , 
356893, , , 17.3, 0, 0, 0, 0, 1, 2, 395656, , 
359624, , , 75.95000000000002, 0, 0, 0, 0, 3, 1, 201132, , 
365721, 1241470313171, 1241470323267, 0, 0, 0, 0, 0, 0, 0, 423714, 3, 1
366650, 1241469675110, , 0, 7484, 29, 277.5172413793104, 52818, 2, 0, 170316, 5, 2
367452, , , 257.3, 0, 0, 0, 0, 5, 3, 127763, , 
370341, , , 11.8, 0, 0, 0, 0, 1, 10, 326885, , 
372191, 1241469458816, 1241469741106, 0, 0, 0, 0, 0, 5, 4, 425071, 5, 1
37261, 1241467851161, 1241468029892, 0, 0, 0, 0, 0, 0, 0, 1237789, 4, 
3811, , , 69.9, 0, 0, 0, 0, 2, 1, 452296, , 
383387, , , 1282.1, 0, 0, 0, 0, 7, 56, 0, , 
386780, , , 77.10000000000001, 0, 0, 0, 0, 7, 0, 220964, , 
397835, , , 358, 0, 0, 0, 0, 5, 28, 47379, , 
402642, 1241470485938, 1241471672492, 55.9, 557, 4, 134.25, 0, 4, 4, 247992, 4, 0
404364, 1241468388963, 1241469900114, 0, 706, 6, 123.83333333333333, 0, 0, 0, 0, 1, 
40683, , , 23.650000000000002, 0, 0, 0, 0, 1, 4, 388185, , 
4139, 1241469535217, , 0, 5115, 11, 442.72727272727275, 44987, 21, 23, 713, 17, 3
4141, 1241467846758, 1241468083931, 0, 0, 0, 0, 0, 0, 0, 2796, 1, 
42736, 1241466525725, 1241466528247, 0, 0, 0, 0, 93562, 2, 3, 133482, 4, 1
447249, 1241470341348, , 0, 9162, 15, 629.4, 10642, 3, 3, 199427, 14, 2
452296, , , 44.7, 0, 0, 0, 0, 9, 4, 103144, , 
462408, 1241470123484, , 0, 1022, 4, 354.25, 121604, 4, 1, 191950, 10, 2
46604, , , 38.3, 0, 0, 0, 0, 2, 0, 921283, , 
47379, , , 165.1, 0, 0, 0, 0, 4, 5, 54776, , 
477335, , , 36, 0, 0, 0, 0, 2, 3, 88917, , 
503425, 1241470661624, 1241470854294, 0, 0, 0, 0, 430717, 0, 0, 39171, 4, 0
52206, , , 198.6, 0, 0, 0, 0, 1, 0, 222826, , 
52818, 1241468009634, , 0, 2573, 9, 285.8888888888889, 366650, 3, 0, 367452, 4, 0
52887, , , 5.1000000000000005, 0, 0, 0, 0, 3, 1, 237967, , 
533, 1241465963908, , 52.5, 1752, 4, 487, 535, 9, 11, 20260, 12, 2
540887, 1241469643838, 1241469846696, 0, 385, 2, 138.5, 0, 0, 0, 147628, 2, 
545771, 1241466844050, 1241467052294, 0, 162, 1, 163, 0, 0, 0, 34108, 3, 0
546037, 1241470905396, , 0, 0, 0, 0, 0, 0, 0, 0, 1, 0
546954, 1241469926357, 1241470550779, 0, 325, 1, 82, 0, 0, 0, 836050, 1, 
5477, 1241470431891, 1241470895175, 0, 67, 1, 58, 0, 0, 0, 68390, 1, 
54776, 1241466751129, 1241467817560, 0, 0, 0, 0, 1062, 72, 32, 89757, 15, 3
565767, 1241466342866, 1241466542108, 0, 0, 0, 0, 0, 0, 0, 0, 1, 
586681, , , 49.800000000000004, 0, 0, 0, 0, 6, 8, 10642, , 
59431, 1241467077152, 1241467090458, 0, 0, 0, 0, 0, 0, 0, 0, 1, 0
624485, 1241469120467, 1241469237798, 0, 0, 0, 0, 0, 0, 0, 562953, 1, 
63846, , , 19.25, 0, 0, 0, 0, 1, 6, 65246, , 
68390, 1241469524404, 1241470997371, 50.7, 801, 7, 117, 0, 3, 0, 168473, 2, 
7078, , , 62.7, 0, 0, 0, 0, 9, 4, 177916, , 
70816, 1241471555110, , 0, 922, 4, 132.75, 0, 0, 0, 0, 1, 0
70997, 1241469653568, , 72.85000000000001, 3302, 9, 590.5555555555555, 1010692, 28, 31, 397835, 11, 2
713, 1241467595785, , 1337.05, 1617, 3, 457.3333333333333, 1265, 10, 66, 12, 18, 6
73306, 1241470706535, , 0, 0, 0, 0, 0, 0, 0, 39030, 2, 0
73481, 1241467235327, 1241468568645, 0, 1003, 5, 192.2, 0, 2, 1, 164243, 4, 0
73621, , , 18.35, 0, 0, 0, 0, 2, 2, 112194, , 
75123, 1241466816352, , 0, 1509, 3, 467.6666666666667, 101358, 14, 14, 2843, 12, 4
77, 1241469088743, 1241469122433, 0, 0, 0, 0, 171151, 11, 2, 12770, 14, 2
81899, , , 171.70000000000002, 0, 0, 0, 0, 5, 8, 802319, , 
836050, 1241471104962, , 162.7, 2309, 5, 644, 592692, 12, 1, 113237, 7, 2
8401, 1241470309485, , 74.30000000000001, 3434, 11, 334.54545454545456, 413254, 7, 1, 103033, 5, 4
8527, 1241470423641, 1241470473798, 0, 0, 0, 0, 0, 1, 0, 503, 8, 1
87714, 1241466143672, 1241471676736, 0, 611, 2, 340, 0, 9, 3, 351430, 9, 6
8842, , , 407.20000000000005, 0, 0, 0, 0, 12, 22, 1531, , 
885698, 1241467989002, , 0, 1302, 5, 325.2, 891151, 0, 0, 836050, 4, 0
88917, , , 18, 0, 0, 0, 0, 3, 2, 372191, , 
89322, 1241470366504, , 0, 1696, 4, 267.25, 0, 0, 0, 0, 2, 0
90041, 1241469777944, , 0, 952, 4, 312.5, 175933, 6, 8, 258951, 11, 12
921283, , , 19.15, 0, 0, 0, 0, 4, 2, 338409, , 
926905, 1241468402538, 1241468405693, 0, 0, 0, 0, 0, 0, 0, 0, 1, 
94801, 1241471632689, 1241471676336, 0, 0, 0, 0, 0, 0, 0, 0, 1, 
95479, 1241469365927, 1241469658070, 0, 498, 2, 290.5, 0, 8, 2, 586681, 6, 1
977713, 1241467586280, 1241467598809, 0, 0, 0, 0, 0, 0, 0, 0, 1, 
995, , , 368.00000000000006, 0, 0, 0, 0, 11, 20, 12, , 
<<<<EndTable

PlayersOnlineNow=32
PlayersOnlineEachMinute=0, 3, 4, 6, 6, 8, 8, 8, 9, 11, 13, 12, 11, 11, 13, 14, 16, 16, 17, 19, 22, 22, 20, 21, 21, 21, 19, 21, 22, 24, 27, 25, 25, 27, 28, 28, 28, 26, 25, 25, 24, 22, 24, 24, 25, 24, 24, 25, 25, 26, 26, 26, 26, 26, 28, 30, 32, 34, 34, 36, 38, 39, 40, 38, 40, 33, 37, 36, 33, 34, 34, 36, 35, 36, 39, 41, 44, 42, 41, 41, 39, 41, 41, 41, 41, 43, 43, 39, 38, 39, 41, 39, 38, 38, 37, 37, 39, 33, 33, 34
PlayersInEachFeedingGame=2, 2, 1, 2, 1, 2, 2, 1, 1, 2, 2, 2, 1, 1, 2, 1, 2, 1, 2, 1, 2, 1, 2, 1, 2, 2, 2, 2, 2, 2, 1, 1, 2, 1, 1, 2, 1, 1, 2, 2, 2, 2, 2, 1, 1, 2, 2, 2, 2, 2, 1, 2, 2, 1, 1, 1, 2, 2, 2, 1, 2, 2, 2, 2, 1, 2, 2, 2, 2, 2, 2, 2, 2, 2, 2, 2, 1, 2, 6, 2, 2, 2, 1, 2, 2, 2, 2, 1, 2, 2, 1, 3, 1, 2, 2, 1, 1, 1, 2, 2, 1, 2, 2, 1, 1, 2, 2, 2, 2, 1, 2, 2, 2, 2, 1, 2, 2, 1, 2, 1, 1, 2, 2, 1, 1, 2, 1, 2, 2, 1, 2, 2, 1, 2, 2, 1, 2, 2, 2, 2, 1, 1, 2, 2, 2
PlayersStarted=214
PlayersQuit=182
StatsStartTime=1241465875689
StatsDumpTime=1241471876054
<<<<EndStats
2009-05-04 14:18:02,309 ERROR: vampire.server.feeding.FeedingRecord sendPlayerStartGameMsg [playerId=1143633, prey=true, _predatorIndex=]
2009-05-04 14:18:02,309 ERROR: vampire.server.feeding.FeedingRecord sendPlayerStartGameMsg [playerId=1146252, prey=false, _predatorIndex=]
2009-05-04 14:19:22,059 ERROR: vampire.server.feeding.FeedingRecord sendPlayerStartGameMsg [playerId=130730, prey=false, _predatorIndex=]
2009-05-04 14:19:32,490 ERROR: vampire.server.feeding.FeedingRecord sendPlayerStartGameMsg [playerId=797824, prey=false, _predatorIndex=]
2009-05-04 14:20:08,186 ERROR: vampire.server.feeding.FeedingRecord sendPlayerStartGameMsg [playerId=1228337, prey=false, _predatorIndex=797824]
2009-05-04 14:20:10,970 ERROR: vampire.server.feeding.FeedingRecord sendPlayerStartGameMsg [playerId=885698, prey=true, _predatorIndex=]
2009-05-04 14:20:10,971 ERROR: vampire.server.feeding.FeedingRecord sendPlayerStartGameMsg [playerId=90041, prey=false, _predatorIndex=]
2009-05-04 14:20:36,957 ERROR: vampire.server.feeding.FeedingRecord sendPlayerStartGameMsg [playerId=1228337, prey=false, _predatorIndex=]
2009-05-04 14:20:56,559 ERROR: vampire.server.feeding.FeedingRecord sendPlayerStartGameMsg [playerId=1146252, prey=false, _predatorIndex=]
2009-05-04 14:21:18,836 ERROR: vampire.server.feeding.FeedingRecord sendPlayerStartGameMsg [playerId=8401, prey=false, _predatorIndex=797824,1228337]
2009-05-04 14:21:46,930 ERROR: vampire.server.feeding.FeedingRecord sendPlayerStartGameMsg [playerId=447249, prey=true, _predatorIndex=]
2009-05-04 14:21:46,931 ERROR: vampire.server.feeding.FeedingRecord sendPlayerStartGameMsg [playerId=10642, prey=false, _predatorIndex=]
2009-05-04 14:21:58,785 ERROR: vampire.server.feeding.FeedingRecord sendPlayerStartGameMsg [playerId=1059384, prey=false, _predatorIndex=]
2009-05-04 14:21:58,791 ERROR: vampire.server.feeding.FeedingRecord sendPlayerStartGameMsg [playerId=1249506, prey=false, _predatorIndex=797824,1228337,8401]
2009-05-04 14:22:03,576 ERROR: vampire.server.feeding.FeedingRecord sendPlayerStartGameMsg [playerId=546037, prey=false, _predatorIndex=]
2009-05-04 14:22:11,119 ERROR: vampire.server.feeding.FeedingRecord sendPlayerStartGameMsg [playerId=942791, prey=true, _predatorIndex=]
2009-05-04 14:22:11,120 ERROR: vampire.server.feeding.FeedingRecord sendPlayerStartGameMsg [playerId=130730, prey=false, _predatorIndex=]
2009-05-04 14:22:41,391 ERROR: vampire.server.feeding.FeedingRecord sendPlayerStartGameMsg [playerId=366650, prey=true, _predatorIndex=]
2009-05-04 14:22:41,392 ERROR: vampire.server.feeding.FeedingRecord sendPlayerStartGameMsg [playerId=89322, prey=false, _predatorIndex=]
2009-05-04 14:23:35,890 ERROR: vampire.server.feeding.FeedingRecord sendPlayerStartGameMsg [playerId=462408, prey=true, _predatorIndex=]
2009-05-04 14:23:35,890 ERROR: vampire.server.feeding.FeedingRecord sendPlayerStartGameMsg [playerId=90041, prey=false, _predatorIndex=]
2009-05-04 14:24:00,146 ERROR: vampire.server.feeding.FeedingRecord sendPlayerStartGameMsg [playerId=1249506, prey=false, _predatorIndex=]
2009-05-04 14:24:15,401 ERROR: vampire.server.feeding.FeedingRecord sendPlayerStartGameMsg [playerId=836050, prey=true, _predatorIndex=]
2009-05-04 14:24:15,402 ERROR: vampire.server.feeding.FeedingRecord sendPlayerStartGameMsg [playerId=885698, prey=false, _predatorIndex=]
2009-05-04 14:24:18,177 ERROR: vampire.server.feeding.FeedingRecord sendPlayerStartGameMsg [playerId=55022, prey=true, _predatorIndex=]
2009-05-04 14:24:18,178 ERROR: vampire.server.feeding.FeedingRecord sendPlayerStartGameMsg [playerId=130730, prey=false, _predatorIndex=]
2009-05-04 14:25:35,254 ERROR: vampire.server.feeding.FeedingRecord sendPlayerStartGameMsg [playerId=89322, prey=false, _predatorIndex=]
2009-05-04 14:25:53,520 ERROR: vampire.server.feeding.FeedingRecord sendPlayerStartGameMsg [playerId=67941, prey=false, _predatorIndex=546037]
2009-05-04 14:26:09,690 ERROR: vampire.server.feeding.FeedingRecord sendPlayerStartGameMsg [playerId=67941, prey=false, _predatorIndex=546037,67941]
2009-05-04 14:26:29,540 ERROR: vampire.server.feeding.FeedingRecord sendPlayerStartGameMsg [playerId=8401, prey=true, _predatorIndex=]
2009-05-04 14:26:29,541 ERROR: vampire.server.feeding.FeedingRecord sendPlayerStartGameMsg [playerId=70816, prey=false, _predatorIndex=]
2009-05-04 14:26:39,486 ERROR: vampire.server.feeding.FeedingRecord sendPlayerStartGameMsg [playerId=90041, prey=false, _predatorIndex=546037,67941]
2009-05-04 14:27:03,612 ERROR: vampire.server.feeding.FeedingRecord sendPlayerStartGameMsg [playerId=90041, prey=true, _predatorIndex=]
2009-05-04 14:27:03,612 ERROR: vampire.server.feeding.FeedingRecord sendPlayerStartGameMsg [playerId=67941, prey=false, _predatorIndex=]
2009-05-04 14:27:19,920 ERROR: vampire.server.feeding.FeedingRecord sendPlayerStartGameMsg [playerId=130730, prey=false, _predatorIndex=]
2009-05-04 14:27:31,919 ERROR: vampire.server.feeding.FeedingRecord sendPlayerStartGameMsg [playerId=546037, prey=false, _predatorIndex=1059384]
2009-05-04 14:27:33,983 ERROR: vampire.server.feeding.FeedingRecord sendPlayerStartGameMsg [playerId=1249506, prey=false, _predatorIndex=1059384,546037]

>>>>BeginStats

>>>>BeginTable
PlayerId, StartTime, EndTime, ProgenyPayout, XPFromFeeding, FeedingGames, MeanFeedingScore, BloodBond, Progeny, GrandProgeny, Sire, Level, Invites
1019248, , , 115.7, 0, 0, 0, 0, 1, 0, 210163, , 
1020260, 1241469745796, 1241470616923, 0, 1157, 4, 269.25, 0, 0, 0, 1019248, 3, 
1021250, 1241471001392, 1241471505811, 0, 95, 1, 95, 0, 0, 0, 0, 1, 
1021278, , , 19.5, 0, 0, 0, 0, 2, 2, 452296, , 
1022386, 1241468831066, 1241469716949, 0, 203, 2, 119.5, 0, 0, 0, 182431, 1, 
10260, 1241467906952, , 469.70000000000005, 5907, 13, 441.61538461538464, 1101, 7, 8, 713, 13, 2
103033, , , 456.8500000000001, 0, 0, 0, 0, 8, 7, 81899, , 
1044730, 1241467517806, 1241467715104, 0, 0, 0, 0, 0, 12, 1, 1010692, 6, 3
1051628, 1241469001320, 1241469018694, 0, 0, 0, 0, 0, 0, 0, 0, 1, 
1059336, 1241468166029, 1241468410063, 0, 105, 1, 105, 0, 0, 0, 0, 1, 
1059384, 1241471349400, , 0, 451, 5, 95, 0, 0, 0, 462408, 1, 0
1062, 1241472355455, , 0, 0, 0, 0, 54776, 9, 7, 713, 15, 2
10628, 1241466921900, 1241468007243, 0, 206, 1, 121, 0, 0, 0, 1265, 4, 0
1062853, , , 19.900000000000002, 0, 0, 0, 0, 9, 11, 1124214, , 
10642, 1241471813107, , 151.79999999999998, 3724, 5, 793, 447249, 30, 46, 351598, 15, 2
1077614, 1241470548146, 1241470561321, 0, 0, 0, 0, 0, 1, 0, 836050, 3, 
1082674, 1241471184710, 1241471533757, 0, 0, 0, 0, 0, 0, 0, 0, 1, 
1082840, 1241466203558, 1241466513986, 0, 0, 0, 0, 0, 0, 0, 0, 1, 
1085689, 1241466373561, 1241466417380, 0, 0, 0, 0, 0, 0, 0, 1148755, 1, 
1086242, 1241470368948, 1241470411050, 0, 0, 0, 0, 0, 0, 0, 39030, 3, 
1088614, 1241470295995, 1241471125322, 0, 0, 0, 0, 0, 0, 0, 208217, 1, 
1092321, , , 37.800000000000004, 0, 0, 0, 0, 24, 15, 35568, , 
110117, 1241466874508, 1241467208877, 0, 236, 1, 236, 0, 0, 0, 129764, 1, 
1110327, 1241469341764, 1241469416988, 0, 0, 0, 0, 0, 0, 0, 0, 1, 
1110484, 1241469168001, 1241469656961, 0, 398, 2, 199, 153097, 0, 0, 153097, 3, 
1111437, 1241468450543, 1241472252322, 34.5, 655, 5, 88.8, 0, 1, 0, 70997, 1, 
1112884, 1241468984569, 1241470916942, 0, 0, 0, 0, 0, 0, 0, 1148755, 2, 
1114474, 1241471776291, 1241471852413, 0, 0, 0, 0, 0, 0, 0, 0, 1, 
1116105, 1241471270341, 1241471447817, 0, 0, 0, 0, 0, 0, 0, 303737, 2, 
1123103, 1241472289304, , 0, 0, 0, 0, 0, 0, 0, 1127473, 1, 0
1124214, 1241472299728, , 0, 0, 0, 0, 0, 5, 9, 1122449, 4, 0
113237, , , 359.99999999999994, 0, 0, 0, 0, 9, 12, 10642, , 
114128, 1241467998418, 1241468143990, 0, 0, 0, 0, 0, 0, 0, 0, 1, 
1143633, 1241471452090, 1241472125342, 0, 186, 1, 143, 0, 0, 0, 130730, 1, 
1143768, 1241470426520, 1241470441555, 0, 0, 0, 0, 0, 0, 0, 0, 1, 
1146252, 1241471054531, 1241472069431, 0, 885, 3, 239.66666666666666, 1192337, 1, 0, 3811, 5, 1
1148098, 1241467760304, 1241468149272, 0, 195, 1, 173, 0, 2, 1, 1021278, 4, 
1148755, 1241472364915, 1241472430205, 0, 378, 1, 510, 0, 13, 1, 1092321, 5, 5
1159167, 1241470934990, 1241471864377, 0, 743, 3, 168, 0, 0, 0, 8401, 1, 
1164090, 1241470033384, 1241470645137, 0, 0, 0, 0, 0, 0, 0, 175754, 1, 
116762, , , 34.6, 0, 0, 0, 0, 2, 0, 356893, , 
1173838, 1241468386641, 1241468876949, 0, 182, 2, 60, 0, 0, 0, 0, 1, 
1193591, 1241467137330, 1241467141413, 0, 0, 0, 0, 0, 0, 0, 0, 1, 
1194247, 1241472473433, , 0, 0, 0, 0, 0, 0, 0, 308635, 1, 0
1196189, 1241466297330, 1241466837000, 0, 525, 2, 147, 0, 0, 0, 533, 1, 
12, , , 3167.45, 0, 0, 0, 0, 20, 87, 383387, , 
1203484, 1241466692935, 1241467161403, 0, 473, 3, 124.33333333333333, 0, 0, 0, 30152, 2, 
1207233, 1241469223082, 1241469774403, 0, 0, 0, 0, 0, 1, 0, 239111, 2, 
1214750, 1241468453200, 1241468866670, 0, 0, 0, 0, 0, 0, 0, 0, 1, 
1216946, 1241469815713, 1241469930208, 0, 0, 0, 0, 0, 0, 0, 836050, 1, 
1217870, 1241470348400, 1241471069278, 0, 299, 2, 118, 0, 0, 0, 0, 1, 
122012, 1241469572929, 1241469610020, 0, 0, 0, 0, 0, 0, 0, 217283, 1, 
1222327, 1241469076435, 1241471318788, 0, 1463, 8, 165.5, 0, 0, 0, 0, 2, 
122401, 1241471219869, 1241471750608, 0, 346, 1, 192, 0, 0, 0, 116762, 3, 0
1225761, 1241470284942, 1241472036868, 0, 0, 0, 0, 0, 0, 0, 8401, 1, 
1228337, 1241471776826, 1241472242583, 0, 321, 2, 160.5, 0, 0, 0, 0, 1, 
1235003, 1241471780024, 1241471809671, 0, 0, 0, 0, 0, 0, 0, 0, 1, 
124503, , , 13.200000000000001, 0, 0, 0, 0, 3, 1, 170934, , 
1245435, 1241468646083, 1241469606986, 0, 345, 3, 121, 0, 0, 0, 1111437, 1, 
1249173, 1241470424451, 1241472416960, 0, 147, 2, 91, 0, 0, 0, 0, 1, 
1249303, 1241469778303, 1241470016940, 0, 914, 6, 126.83333333333333, 0, 0, 0, 0, 1, 
1249365, 1241466975111, 1241466994518, 0, 0, 0, 0, 0, 0, 0, 0, 1, 
1249506, 1241470956441, , 0, 84, 1, 84, 0, 0, 0, 0, 1, 0
1249764, 1241470154044, 1241470846451, 0, 0, 0, 0, 0, 0, 0, 0, 1, 
1250100, 1241469616135, 1241469645643, 0, 0, 0, 0, 0, 0, 0, 0, 1, 
1250809, 1241470909325, 1241470979374, 0, 0, 0, 0, 0, 0, 0, 33995, 1, 
1250868, 1241471062171, 1241471085617, 0, 0, 0, 0, 0, 0, 0, 0, 1, 
1265, 1241469128264, 1241470447340, 91.15, 6555, 11, 768.6363636363636, 713, 15, 34, 12, 16, 3
127632, 1241468497012, 1241468855530, 0, 278, 1, 80, 0, 0, 0, 0, 1, 
127763, , , 128.65, 0, 0, 0, 0, 2, 6, 143278, , 
12791, 1241467042399, , 441.45000000000005, 4174, 8, 677.375, 0, 13, 22, 12, 12, 2
128794, , , 50.150000000000006, 0, 0, 0, 0, 2, 4, 93202, , 
129764, , , 23.6, 0, 0, 0, 0, 10, 0, 370341, , 
130457, 1241472116531, , 0, 0, 0, 0, 0, 1, 0, 341164, 3, 0
130730, 1241469825414, , 18.6, 1143, 9, 114.55555555555556, 0, 1, 0, 402642, 2, 1
131355, 1241466996512, 1241467344818, 0, 0, 0, 0, 0, 1, 2, 461901, 4, 0
142178, , , 36.7, 0, 0, 0, 0, 2, 17, 73621, , 
143528, 1241470583864, 1241470621357, 0, 0, 0, 0, 0, 0, 0, 561343, 1, 1
143734, 1241469274628, 1241469896984, 0, 584, 1, 190, 0, 0, 0, 0, 1, 
143937, 1241466442323, 1241468035333, 0, 627, 3, 188, 0, 0, 0, 7078, 4, 0
147246, 1241469020602, 1241470676922, 0, 948, 6, 188.5, 0, 0, 0, 68390, 1, 
147628, , , 38.5, 0, 0, 0, 0, 6, 0, 63846, , 
149684, , , 8.1, 0, 0, 0, 0, 3, 4, 184167, , 
153097, , , 39.800000000000004, 0, 0, 0, 0, 11, 0, 1062853, , 
1531, 1241467474324, 1241472058097, 203.60000000000002, 4756, 10, 502, 503, 5, 14, 12, 14, 3
154004, 1241472372645, 1241472383036, 0, 0, 0, 0, 561706, 8, 5, 90041, 4, 0
157404, 1241470702085, 1241471105010, 0, 229, 2, 106.5, 0, 0, 0, 0, 1, 
164243, , , 100.30000000000001, 0, 0, 0, 0, 4, 2, 128794, , 
168395, 1241469265182, 1241469484840, 0, 383, 2, 202, 0, 0, 0, 46604, 4, 
168473, , , 105.45, 0, 0, 0, 0, 10, 4, 180508, , 
170191, , , 22.5, 0, 0, 0, 0, 3, 7, 202873, , 
170316, , , 809.7000000000002, 0, 0, 0, 0, 4, 4, 210210, , 
170934, , , 4.4, 0, 0, 0, 0, 7, 4, 49732, , 
171513, 1241469549136, 1241469771735, 0, 225, 1, 225, 0, 7, 7, 170191, 11, 2
174845, 1241468228637, 1241470291090, 0, 1986, 6, 222.5, 0, 0, 0, 52206, 4, 0
177916, , , 31.35, 0, 0, 0, 0, 4, 9, 202501, , 
18, 1241468663709, 1241470171080, 0, 1062, 5, 236.2, 0, 0, 0, 383387, 2, 0
180508, , , 40.050000000000004, 0, 0, 0, 0, 1, 10, 12791, , 
182431, 1241469065684, 1241469518965, 8.8, 88, 1, 51, 0, 1, 0, 124503, 3, 0
187381, 1241470253531, 1241471799040, 0, 873, 4, 193.75, 211710, 7, 4, 2843, 8, 1
1892, 1241467350547, 1241471203908, 219.79999999999998, 2581, 8, 386, 33511, 20, 6, 995, 12, 2
191950, , , 148.35, 0, 0, 0, 0, 1, 5, 191984, , 
191984, 1241467325060, , 67.25000000000001, 367, 1, 166, 191950, 17, 5, 142178, 9, 9
19205, 1241470710638, 1241471369791, 0, 4072, 9, 527.1111111111111, 0, 3, 2, 8842, 8, 1
199427, , , 1136.7, 0, 0, 0, 0, 1, 3, 208602, , 
202327, 1241466737510, 1241469044378, 0, 69, 1, 22, 166836, 3, 3, 249362, 6, 1
20260, , , 201.45000000000002, 0, 0, 0, 0, 18, 13, 12, , 
202873, , , 11.25, 0, 0, 0, 0, 1, 3, 341164, , 
206799, 1241471157873, 1241471171752, 0, 0, 0, 0, 0, 0, 0, 0, 1, 
208602, , , 568.35, 0, 0, 0, 0, 7, 2, 351626, , 
209166, 1241471210704, 1241471682566, 0, 125, 1, 125, 0, 0, 0, 0, 1, 
210163, , , 57.85, 0, 0, 0, 0, 12, 1, 255725, , 
210210, , , 400.50000000000006, 0, 0, 0, 0, 4, 4, 381607, , 
2108, 1241470929779, 1241471086856, 0, 0, 0, 0, 198620, 4, 0, 1090442, 4, 
212304, 1241472267476, , 0, 0, 0, 0, 0, 0, 0, 1092321, 4, 0
214539, , , 27.85, 0, 0, 0, 0, 1, 2, 72070, , 
217283, 1241471033603, 1241471086385, 0, 0, 0, 0, 532467, 48, 21, 57393, 12, 15
218183, 1241467879101, 1241467887042, 0, 0, 0, 0, 0, 0, 0, 0, 1, 
220964, , , 38.550000000000004, 0, 0, 0, 0, 5, 7, 143501, , 
222826, , , 99.3, 0, 0, 0, 0, 1, 1, 102942, , 
224790, 1241470055332, 1241470067836, 0, 0, 0, 0, 0, 0, 0, 0, 1, 0
23340, 1241470813097, 1241471305185, 0, 907, 2, 453.5, 0, 10, 14, 383387, 20, 11
238, 1241468056199, 1241468291052, 0, 297, 1, 297, 0, 0, 0, 12791, 4, 0
247084, 1241469749682, 1241470976945, 0, 2198, 11, 174.0909090909091, 0, 0, 0, 1892, 4, 0
247992, , , 91.5, 0, 0, 0, 0, 2, 4, 214539, , 
249362, , , 6.9, 0, 0, 0, 0, 1, 3, 12791, , 
254186, 1241466983169, 1241467406080, 0, 360, 2, 199, 268558, 3, 0, 477335, 7, 1
258951, , , 141.1, 0, 0, 0, 0, 22, 26, 1265, , 
280455, 1241469232554, 1241470096706, 0, 771, 2, 364, 0, 0, 0, 386780, 3, 0
283054, 1241468251686, 1241468324846, 0, 0, 0, 0, 0, 0, 0, 220457, 1, 0
2843, , , 238.20000000000002, 0, 0, 0, 0, 8, 33, 3383, , 
284839, 1241469428990, 1241470349214, 0, 102, 1, 111, 0, 0, 0, 340930, 3, 0
295964, 1241468042854, 1241468253910, 0, 0, 0, 0, 0, 0, 0, 70997, 2, 
30152, 1241467029436, 1241467325520, 47.300000000000004, 0, 0, 0, 0, 4, 0, 40683, 6, 4
30940, 1241467846732, 1241467915883, 0, 0, 0, 0, 0, 0, 0, 8842, 2, 
32169, 1241468823544, 1241472369687, 0, 4697, 10, 365.2, 219, 7, 0, 10260, 12, 4
33541, 1241469643473, 1241471376628, 0, 4602, 10, 394.1, 0, 1, 2, 12, 8, 1
336228, , , 30.55, 0, 0, 0, 0, 9, 13, 307471, , 
3383, 1241469698615, 1241469721245, 119.10000000000001, 4083, 6, 511.6666666666667, 8842, 6, 10, 12791, 15, 2
340930, , , 10.200000000000001, 0, 0, 0, 0, 1, 0, 52887, , 
34108, , , 16.2, 0, 0, 0, 0, 4, 0, 149684, , 
349289, 1241469664580, 1241469949572, 0, 135, 1, 136, 0, 0, 0, 68390, 1, 
351430, , , 61.1, 0, 0, 0, 0, 11, 9, 336228, , 
351598, , , 372.4000000000001, 0, 0, 0, 0, 1, 30, 359624, , 
35568, , , 18.900000000000002, 0, 0, 0, 0, 1, 24, 258951, , 
356893, , , 17.3, 0, 0, 0, 0, 1, 2, 395656, , 
359624, , , 186.20000000000005, 0, 0, 0, 0, 3, 1, 201132, , 
365721, 1241470313171, 1241470323267, 0, 0, 0, 0, 0, 0, 0, 423714, 3, 1
366650, 1241469675110, , 17.400000000000002, 8010, 31, 282.12903225806457, 52818, 3, 0, 170316, 5, 2
367452, , , 257.3, 0, 0, 0, 0, 5, 3, 127763, , 
370341, , , 11.8, 0, 0, 0, 0, 1, 10, 326885, , 
372191, 1241469458816, 1241469741106, 0, 0, 0, 0, 0, 5, 4, 425071, 5, 1
37261, 1241467851161, 1241468029892, 0, 0, 0, 0, 0, 0, 0, 1237789, 4, 
3811, , , 88.5, 0, 0, 0, 0, 2, 1, 452296, , 
383387, , , 1282.1, 0, 0, 0, 0, 7, 56, 0, , 
386780, , , 77.10000000000001, 0, 0, 0, 0, 7, 0, 220964, , 
397835, , , 435.45, 0, 0, 0, 0, 5, 29, 47379, , 
402642, 1241470485938, 1241471672492, 80.89999999999999, 557, 4, 134.25, 0, 4, 4, 247992, 4, 0
404364, 1241468388963, 1241469900114, 0, 706, 6, 123.83333333333333, 0, 0, 0, 0, 1, 
40683, , , 23.650000000000002, 0, 0, 0, 0, 1, 4, 388185, , 
4139, 1241469535217, , 0, 5115, 11, 442.72727272727275, 44987, 21, 23, 713, 17, 3
4141, 1241467846758, 1241468083931, 0, 0, 0, 0, 0, 0, 0, 2796, 1, 
42736, 1241466525725, 1241466528247, 0, 0, 0, 0, 93562, 2, 3, 133482, 4, 1
447249, 1241470341348, , 0, 11367, 18, 628.2777777777778, 10642, 3, 3, 199427, 14, 2
452296, , , 54, 0, 0, 0, 0, 9, 4, 103144, , 
462408, 1241470123484, , 27.700000000000003, 1345, 6, 295.8333333333333, 121604, 5, 1, 191950, 10, 2
46604, , , 38.3, 0, 0, 0, 0, 2, 0, 921283, , 
47379, , , 185.05, 0, 0, 0, 0, 4, 5, 54776, , 
477335, , , 36, 0, 0, 0, 0, 2, 3, 88917, , 
503425, 1241470661624, 1241470854294, 0, 0, 0, 0, 430717, 0, 0, 39171, 4, 0
52206, , , 198.6, 0, 0, 0, 0, 1, 0, 222826, , 
52818, 1241468009634, 1241471996960, 0, 2573, 9, 285.8888888888889, 366650, 3, 0, 367452, 4, 0
52887, , , 5.1000000000000005, 0, 0, 0, 0, 3, 1, 237967, , 
533, 1241465963908, , 52.5, 1752, 4, 487, 535, 9, 11, 20260, 12, 2
540887, 1241469643838, 1241469846696, 0, 385, 2, 138.5, 0, 0, 0, 147628, 2, 
545771, 1241466844050, 1241467052294, 0, 162, 1, 163, 0, 0, 0, 34108, 3, 0
546037, 1241470905396, , 0, 194, 2, 97, 0, 0, 0, 0, 1, 0
546954, 1241469926357, 1241470550779, 0, 325, 1, 82, 0, 0, 0, 836050, 1, 
5477, 1241470431891, 1241470895175, 0, 67, 1, 58, 0, 0, 0, 68390, 1, 
54776, 1241466751129, 1241467817560, 0, 0, 0, 0, 1062, 72, 32, 89757, 15, 3
55022, 1241472197572, 1241472402089, 0, 0, 0, 0, 0, 5, 1, 538748, 3, 
565767, 1241466342866, 1241466542108, 0, 0, 0, 0, 0, 0, 0, 0, 1, 
57717, , , 14.9, 0, 0, 0, 0, 4, 6, 110178, , 
586681, , , 49.800000000000004, 0, 0, 0, 0, 6, 8, 10642, , 
59431, 1241467077152, 1241467090458, 0, 0, 0, 0, 0, 0, 0, 0, 1, 0
624485, 1241469120467, 1241469237798, 0, 0, 0, 0, 0, 0, 0, 562953, 1, 
63846, , , 19.25, 0, 0, 0, 0, 1, 6, 65246, , 
67941, 1241472322080, , 0, 0, 0, 0, 0, 0, 0, 5212, 2, 0
68390, 1241469524404, 1241470997371, 50.7, 801, 7, 117, 0, 3, 0, 168473, 2, 
7078, , , 62.7, 0, 0, 0, 0, 9, 4, 177916, , 
70816, 1241472320599, , 0, 1096, 5, 130.2, 0, 0, 0, 366650, 2, 0
70997, 1241469653568, 1241472034119, 147.95000000000002, 3701, 10, 590.5, 1010692, 29, 31, 397835, 11, 2
713, 1241467595785, , 1337.05, 1617, 3, 457.3333333333333, 1265, 10, 66, 12, 18, 6
73306, 1241470706535, , 0, 0, 0, 0, 0, 0, 0, 39030, 2, 0
73481, 1241467235327, 1241468568645, 0, 1003, 5, 192.2, 0, 2, 1, 164243, 4, 0
73621, , , 18.35, 0, 0, 0, 0, 2, 2, 112194, , 
75123, 1241466816352, , 0, 1509, 3, 467.6666666666667, 101358, 14, 14, 2843, 12, 4
77, 1241469088743, 1241469122433, 0, 0, 0, 0, 171151, 11, 2, 12770, 14, 2
797824, 1241471910490, , 0, 298, 1, 298, 574401, 15, 4, 82321, 7, 5
80646, 1241472113810, , 0, 0, 0, 0, 204792, 1, 0, 1148755, 4, 0
81899, , , 209.85000000000002, 0, 0, 0, 0, 5, 8, 802319, , 
82321, , , 29.8, 0, 0, 0, 0, 6, 15, 57717, , 
836050, 1241471104962, , 212.4, 2538, 6, 578.5, 592692, 12, 1, 113237, 7, 2
8401, 1241470309485, , 74.30000000000001, 4197, 13, 341.7692307692308, 413254, 7, 1, 103033, 6, 4
8527, 1241470423641, 1241470473798, 0, 0, 0, 0, 0, 1, 0, 503, 8, 1
87714, 1241466143672, 1241471676736, 0, 611, 2, 340, 0, 9, 3, 351430, 9, 6
8842, , , 407.20000000000005, 0, 0, 0, 0, 12, 22, 1531, , 
885698, 1241467989002, , 0, 1799, 7, 309.14285714285717, 891151, 0, 0, 836050, 4, 0
88917, , , 18, 0, 0, 0, 0, 3, 2, 372191, , 
89322, 1241470366504, , 0, 2447, 6, 251.5, 0, 0, 0, 70997, 2, 0
90041, 1241469777944, , 0, 1411, 6, 272.8333333333333, 175933, 6, 8, 258951, 11, 12
921283, , , 19.15, 0, 0, 0, 0, 4, 2, 338409, , 
926905, 1241468402538, 1241468405693, 0, 0, 0, 0, 0, 0, 0, 0, 1, 
942791, 1241472034337, , 0, 0, 0, 0, 0, 0, 0, 217283, 3, 0
94801, 1241471632689, 1241471676336, 0, 0, 0, 0, 0, 0, 0, 0, 1, 
95479, 1241469365927, 1241469658070, 0, 498, 2, 290.5, 0, 8, 2, 586681, 6, 1
977713, 1241467586280, 1241467598809, 0, 0, 0, 0, 0, 0, 0, 0, 1, 
995, , , 368.00000000000006, 0, 0, 0, 0, 11, 20, 12, , 
<<<<EndTable

PlayersOnlineNow=32
PlayersOnlineEachMinute=0, 3, 4, 6, 6, 8, 8, 8, 9, 11, 13, 12, 11, 11, 13, 14, 16, 16, 17, 19, 22, 22, 20, 21, 21, 21, 19, 21, 22, 24, 27, 25, 25, 27, 28, 28, 28, 26, 25, 25, 24, 22, 24, 24, 25, 24, 24, 25, 25, 26, 26, 26, 26, 26, 28, 30, 32, 34, 34, 36, 38, 39, 40, 38, 40, 33, 37, 36, 33, 34, 34, 36, 35, 36, 39, 41, 44, 42, 41, 41, 39, 41, 41, 41, 41, 43, 43, 39, 38, 39, 41, 39, 38, 38, 37, 37, 39, 33, 33, 34, 32, 33, 32, 30, 30, 29, 30, 30, 34, 33
PlayersInEachFeedingGame=2, 2, 1, 2, 1, 2, 2, 1, 1, 2, 2, 2, 1, 1, 2, 1, 2, 1, 2, 1, 2, 1, 2, 1, 2, 2, 2, 2, 2, 2, 1, 1, 2, 1, 1, 2, 1, 1, 2, 2, 2, 2, 2, 1, 1, 2, 2, 2, 2, 2, 1, 2, 2, 1, 1, 1, 2, 2, 2, 1, 2, 2, 2, 2, 1, 2, 2, 2, 2, 2, 2, 2, 2, 2, 2, 2, 1, 2, 6, 2, 2, 2, 1, 2, 2, 2, 2, 1, 2, 2, 1, 3, 1, 2, 2, 1, 1, 1, 2, 2, 1, 2, 2, 1, 1, 2, 2, 2, 2, 1, 2, 2, 2, 2, 1, 2, 2, 1, 2, 1, 1, 2, 2, 1, 1, 2, 1, 2, 2, 1, 2, 2, 1, 2, 2, 1, 2, 2, 2, 2, 1, 1, 2, 2, 2, 2, 1, 1, 2, 1, 1, 2, 1, 1, 2, 2, 1, 2, 2, 2, 1
PlayersStarted=229
PlayersQuit=197
StatsStartTime=1241465875689
StatsDumpTime=1241472476088
<<<<EndStats
2009-05-04 14:27:57,247 ERROR: vampire.server.feeding.FeedingRecord sendPlayerStartGameMsg [playerId=546037, prey=false, _predatorIndex=67941]
2009-05-04 14:28:17,206 ERROR: vampire.server.feeding.FeedingRecord sendPlayerStartGameMsg [playerId=836050, prey=true, _predatorIndex=]
2009-05-04 14:28:17,207 ERROR: vampire.server.feeding.FeedingRecord sendPlayerStartGameMsg [playerId=1124214, prey=false, _predatorIndex=]
2009-05-04 14:28:29,784 ERROR: vampire.server.feeding.FeedingRecord sendPlayerStartGameMsg [playerId=462408, prey=true, _predatorIndex=]
2009-05-04 14:28:29,784 ERROR: vampire.server.feeding.FeedingRecord sendPlayerStartGameMsg [playerId=546037, prey=false, _predatorIndex=]
2009-05-04 14:29:50,978 ERROR: vampire.server.feeding.FeedingRecord sendPlayerStartGameMsg [playerId=130730, prey=false, _predatorIndex=1124214]
2009-05-04 14:30:02,506 ERROR: vampire.server.feeding.FeedingRecord sendPlayerStartGameMsg [playerId=90041, prey=true, _predatorIndex=]
2009-05-04 14:30:02,506 ERROR: vampire.server.feeding.FeedingRecord sendPlayerStartGameMsg [playerId=1249506, prey=false, _predatorIndex=]
2009-05-04 14:30:05,554 ERROR: vampire.server.feeding.FeedingRecord sendPlayerStartGameMsg [playerId=67941, prey=false, _predatorIndex=]
2009-05-04 14:30:09,933 ERROR: vampire.server.feeding.FeedingRecord sendPlayerStartGameMsg [playerId=67941, prey=false, _predatorIndex=]
2009-05-04 14:30:25,721 ERROR: vampire.server.feeding.FeedingRecord sendPlayerStartGameMsg [playerId=885698, prey=false, _predatorIndex=]
2009-05-04 14:30:26,701 ERROR: vampire.server.feeding.FeedingRecord sendPlayerStartGameMsg [playerId=70816, prey=false, _predatorIndex=]
2009-05-04 14:31:52,773 ERROR: vampire.server.feeding.FeedingRecord sendPlayerStartGameMsg [playerId=10642, prey=true, _predatorIndex=]
2009-05-04 14:31:52,774 ERROR: vampire.server.feeding.FeedingRecord sendPlayerStartGameMsg [playerId=447249, prey=false, _predatorIndex=]
2009-05-04 14:31:58,659 ERROR: vampire.server.feeding.FeedingRecord sendPlayerStartGameMsg [playerId=942791, prey=true, _predatorIndex=]
2009-05-04 14:31:58,660 ERROR: vampire.server.feeding.FeedingRecord sendPlayerStartGameMsg [playerId=1124214, prey=false, _predatorIndex=]
2009-05-04 14:32:34,757 ERROR: vampire.server.feeding.FeedingRecord sendPlayerStartGameMsg [playerId=1148755, prey=true, _predatorIndex=]
2009-05-04 14:32:34,759 ERROR: vampire.server.feeding.FeedingRecord sendPlayerStartGameMsg [playerId=366650, prey=false, _predatorIndex=]
2009-05-04 14:32:53,168 ERROR: vampire.server.feeding.FeedingRecord sendPlayerStartGameMsg [playerId=212304, prey=true, _predatorIndex=]
2009-05-04 14:32:53,169 ERROR: vampire.server.feeding.FeedingRecord sendPlayerStartGameMsg [playerId=67941, prey=false, _predatorIndex=]
2009-05-04 14:33:03,272 ERROR: vampire.server.feeding.FeedingRecord sendPlayerStartGameMsg [playerId=1249506, prey=false, _predatorIndex=]
2009-05-04 14:33:10,526 ERROR: vampire.server.feeding.FeedingRecord sendPlayerStartGameMsg [playerId=1059384, prey=true, _predatorIndex=]
2009-05-04 14:33:10,527 ERROR: vampire.server.feeding.FeedingRecord sendPlayerStartGameMsg [playerId=1194247, prey=false, _predatorIndex=]
2009-05-04 14:33:23,961 ERROR: vampire.server.feeding.FeedingRecord sendPlayerStartGameMsg [playerId=1086242, prey=false, _predatorIndex=]
2009-05-04 14:34:06,315 ERROR: vampire.server.feeding.FeedingRecord sendPlayerStartGameMsg [playerId=90041, prey=true, _predatorIndex=]
2009-05-04 14:34:06,316 ERROR: vampire.server.feeding.FeedingRecord sendPlayerStartGameMsg [playerId=836050, prey=false, _predatorIndex=]
2009-05-04 14:35:48,093 ERROR: vampire.server.feeding.FeedingRecord sendPlayerStartGameMsg [playerId=1082674, prey=false, _predatorIndex=67941]
2009-05-04 14:36:36,519 ERROR: vampire.server.feeding.FeedingRecord sendPlayerStartGameMsg [playerId=1148755, prey=false, _predatorIndex=]
2009-05-04 14:37:39,220 ERROR: vampire.server.feeding.FeedingRecord sendPlayerStartGameMsg [playerId=4139, prey=false, _predatorIndex=]
2009-05-04 14:37:47,534 ERROR: vampire.server.feeding.FeedingRecord sendPlayerStartGameMsg [playerId=885698, prey=true, _predatorIndex=]
2009-05-04 14:37:47,535 ERROR: vampire.server.feeding.FeedingRecord sendPlayerStartGameMsg [playerId=1086242, prey=false, _predatorIndex=]

>>>>BeginStats

>>>>BeginTable
PlayerId, StartTime, EndTime, ProgenyPayout, XPFromFeeding, FeedingGames, MeanFeedingScore, BloodBond, Progeny, GrandProgeny, Sire, Level, Invites
1019248, , , 115.7, 0, 0, 0, 0, 1, 0, 210163, , 
1020260, 1241469745796, 1241470616923, 0, 1157, 4, 269.25, 0, 0, 0, 1019248, 3, 
1021250, 1241471001392, 1241471505811, 0, 95, 1, 95, 0, 0, 0, 0, 1, 
1021278, , , 19.5, 0, 0, 0, 0, 2, 2, 452296, , 
1022386, 1241468831066, 1241469716949, 0, 203, 2, 119.5, 0, 0, 0, 182431, 1, 
10260, 1241467906952, , 469.70000000000005, 5907, 13, 441.61538461538464, 1101, 7, 8, 713, 13, 2
103033, , , 472.05000000000007, 0, 0, 0, 0, 8, 7, 81899, , 
1044730, 1241467517806, 1241467715104, 0, 0, 0, 0, 0, 12, 1, 1010692, 6, 3
1051628, 1241469001320, 1241469018694, 0, 0, 0, 0, 0, 0, 0, 0, 1, 
1059336, 1241468166029, 1241468410063, 0, 105, 1, 105, 0, 0, 0, 0, 1, 
1059384, 1241471349400, , 0, 657, 8, 80.125, 0, 0, 0, 462408, 1, 0
1062, 1241472355455, 1241472717012, 0, 0, 0, 0, 54776, 9, 7, 713, 15, 2
10628, 1241466921900, 1241468007243, 0, 206, 1, 121, 0, 0, 0, 1265, 4, 0
1062853, , , 19.900000000000002, 0, 0, 0, 0, 9, 11, 1124214, , 
10642, 1241471813107, , 192.64999999999998, 6720, 9, 789.7777777777778, 447249, 30, 46, 351598, 15, 2
1077614, 1241470548146, 1241470561321, 0, 0, 0, 0, 0, 1, 0, 836050, 3, 
1082674, 1241472932637, , 0, 0, 0, 0, 0, 0, 0, 0, 1, 0
1082840, 1241466203558, 1241466513986, 0, 0, 0, 0, 0, 0, 0, 0, 1, 
1085689, 1241466373561, 1241466417380, 0, 0, 0, 0, 0, 0, 0, 1148755, 1, 
1086242, 1241472779648, , 0, 238, 1, 238, 0, 0, 0, 39030, 3, 0
1088614, 1241470295995, 1241471125322, 0, 0, 0, 0, 0, 0, 0, 208217, 1, 
1092321, , , 109.4, 0, 0, 0, 0, 24, 15, 35568, , 
110117, 1241466874508, 1241467208877, 0, 236, 1, 236, 0, 0, 0, 129764, 1, 
1110327, 1241469341764, 1241469416988, 0, 0, 0, 0, 0, 0, 0, 0, 1, 
1110484, 1241469168001, 1241469656961, 0, 398, 2, 199, 153097, 0, 0, 153097, 3, 
1111437, 1241468450543, 1241472252322, 34.5, 655, 5, 88.8, 0, 1, 0, 70997, 1, 
1112884, 1241468984569, 1241470916942, 0, 0, 0, 0, 0, 0, 0, 1148755, 2, 
1114474, 1241471776291, 1241471852413, 0, 0, 0, 0, 0, 0, 0, 0, 1, 
1116105, 1241471270341, 1241471447817, 0, 0, 0, 0, 0, 0, 0, 303737, 2, 
1122449, , , 59.10000000000001, 0, 0, 0, 0, 5, 5, 555728, , 
1123103, 1241472289304, 1241472750638, 0, 0, 0, 0, 0, 0, 0, 1127473, 1, 
1124214, 1241472299728, 1241472922822, 0, 591, 2, 249.5, 0, 5, 9, 1122449, 4, 
113237, , , 450.74999999999994, 0, 0, 0, 0, 9, 12, 10642, , 
114128, 1241467998418, 1241468143990, 0, 0, 0, 0, 0, 0, 0, 0, 1, 
1143633, 1241471452090, 1241472125342, 0, 186, 1, 143, 0, 0, 0, 130730, 1, 
1143768, 1241470426520, 1241470441555, 0, 0, 0, 0, 0, 0, 0, 0, 1, 
1146252, 1241471054531, 1241472069431, 0, 885, 3, 239.66666666666666, 1192337, 1, 0, 3811, 5, 1
1148098, 1241467760304, 1241468149272, 0, 195, 1, 173, 0, 2, 1, 1021278, 4, 
1148755, 1241472654794, , 0, 623, 2, 412, 0, 13, 1, 1092321, 5, 5
1159167, 1241470934990, 1241471864377, 0, 743, 3, 168, 0, 0, 0, 8401, 1, 
1164090, 1241470033384, 1241470645137, 0, 0, 0, 0, 0, 0, 0, 175754, 1, 
116762, , , 34.6, 0, 0, 0, 0, 2, 0, 356893, , 
1173838, 1241468386641, 1241468876949, 0, 182, 2, 60, 0, 0, 0, 0, 1, 
1193591, 1241467137330, 1241467141413, 0, 0, 0, 0, 0, 0, 0, 0, 1, 
1194247, 1241472473433, 1241472968446, 0, 117, 1, 156, 0, 0, 0, 308635, 2, 
1196189, 1241466297330, 1241466837000, 0, 525, 2, 147, 0, 0, 0, 533, 1, 
12, , , 3167.45, 0, 0, 0, 0, 20, 87, 383387, , 
1203484, 1241466692935, 1241467161403, 0, 473, 3, 124.33333333333333, 0, 0, 0, 30152, 2, 
1207233, 1241469223082, 1241469774403, 0, 0, 0, 0, 0, 1, 0, 239111, 2, 
1214750, 1241468453200, 1241468866670, 0, 0, 0, 0, 0, 0, 0, 0, 1, 
1216946, 1241469815713, 1241469930208, 0, 0, 0, 0, 0, 0, 0, 836050, 1, 
1217870, 1241470348400, 1241471069278, 0, 299, 2, 118, 0, 0, 0, 0, 1, 
122012, 1241469572929, 1241469610020, 0, 0, 0, 0, 0, 0, 0, 217283, 1, 
122194, , , 5.8500000000000005, 0, 0, 0, 0, 1, 12, 170316, , 
1222327, 1241469076435, 1241471318788, 0, 1463, 8, 165.5, 0, 0, 0, 0, 2, 
122401, 1241471219869, 1241471750608, 0, 346, 1, 192, 0, 0, 0, 116762, 3, 0
1225761, 1241472972140, , 0, 0, 0, 0, 0, 0, 0, 8401, 1, 0
1228337, 1241471776826, 1241472242583, 0, 321, 2, 160.5, 0, 0, 0, 0, 1, 
1235003, 1241471780024, 1241471809671, 0, 0, 0, 0, 0, 0, 0, 0, 1, 
124503, , , 13.200000000000001, 0, 0, 0, 0, 3, 1, 170934, , 
1245435, 1241468646083, 1241469606986, 0, 345, 3, 121, 0, 0, 0, 1111437, 1, 
1249173, 1241470424451, 1241472416960, 0, 147, 2, 91, 0, 0, 0, 0, 1, 
1249303, 1241469778303, 1241470016940, 0, 914, 6, 126.83333333333333, 0, 0, 0, 0, 1, 
1249365, 1241466975111, 1241466994518, 0, 0, 0, 0, 0, 0, 0, 0, 1, 
1249506, 1241470956441, 1241473047437, 0, 292, 3, 76.66666666666667, 0, 0, 0, 90041, 1, 
1249764, 1241470154044, 1241470846451, 0, 0, 0, 0, 0, 0, 0, 0, 1, 
1250100, 1241469616135, 1241469645643, 0, 0, 0, 0, 0, 0, 0, 0, 1, 
1250809, 1241470909325, 1241470979374, 0, 0, 0, 0, 0, 0, 0, 33995, 1, 
1250868, 1241471062171, 1241471085617, 0, 0, 0, 0, 0, 0, 0, 0, 1, 
1265, 1241469128264, 1241470447340, 143.2, 6555, 11, 768.6363636363636, 713, 15, 34, 12, 16, 3
127632, 1241468497012, 1241468855530, 0, 278, 1, 80, 0, 0, 0, 0, 1, 
127763, , , 128.65, 0, 0, 0, 0, 2, 6, 143278, , 
12791, 1241467042399, , 441.45000000000005, 4174, 8, 677.375, 0, 13, 22, 12, 12, 2
128794, , , 50.150000000000006, 0, 0, 0, 0, 2, 4, 93202, , 
129764, , , 23.6, 0, 0, 0, 0, 10, 0, 370341, , 
130457, 1241472116531, 1241472604037, 0, 0, 0, 0, 0, 1, 0, 341164, 3, 0
130730, 1241469825414, 1241472882561, 18.6, 1214, 10, 110.2, 0, 1, 0, 402642, 2, 1
131355, 1241466996512, 1241467344818, 0, 0, 0, 0, 0, 1, 2, 461901, 4, 0
142178, , , 36.7, 0, 0, 0, 0, 2, 17, 73621, , 
143528, 1241470583864, 1241470621357, 0, 0, 0, 0, 0, 0, 0, 561343, 1, 1
143734, 1241469274628, 1241469896984, 0, 584, 1, 190, 0, 0, 0, 0, 1, 
143937, 1241466442323, 1241468035333, 0, 627, 3, 188, 0, 0, 0, 7078, 4, 0
147246, 1241469020602, 1241470676922, 0, 948, 6, 188.5, 0, 0, 0, 68390, 1, 
147628, , , 38.5, 0, 0, 0, 0, 6, 0, 63846, , 
149684, , , 8.1, 0, 0, 0, 0, 3, 4, 184167, , 
153097, , , 39.800000000000004, 0, 0, 0, 0, 11, 0, 1062853, , 
1531, 1241467474324, 1241472058097, 203.60000000000002, 4756, 10, 502, 503, 5, 14, 12, 14, 3
154004, 1241472372645, 1241472383036, 0, 0, 0, 0, 561706, 8, 5, 90041, 4, 0
156489, , , 52.75000000000001, 0, 0, 0, 0, 12, 22, 713, , 
157404, 1241470702085, 1241471105010, 0, 229, 2, 106.5, 0, 0, 0, 0, 1, 
164243, , , 100.30000000000001, 0, 0, 0, 0, 4, 2, 128794, , 
168395, 1241469265182, 1241469484840, 0, 383, 2, 202, 0, 0, 0, 46604, 4, 
168473, , , 105.45, 0, 0, 0, 0, 10, 4, 180508, , 
170191, , , 22.5, 0, 0, 0, 0, 3, 7, 202873, , 
170316, , , 849.3500000000001, 0, 0, 0, 0, 4, 4, 210210, , 
170934, , , 4.4, 0, 0, 0, 0, 7, 4, 49732, , 
171513, 1241469549136, 1241469771735, 0, 225, 1, 225, 0, 7, 7, 170191, 11, 2
174845, 1241468228637, 1241470291090, 0, 1986, 6, 222.5, 0, 0, 0, 52206, 4, 0
177916, , , 31.35, 0, 0, 0, 0, 4, 9, 202501, , 
18, 1241468663709, 1241470171080, 0, 1062, 5, 236.2, 0, 0, 0, 383387, 2, 0
180508, , , 40.050000000000004, 0, 0, 0, 0, 1, 10, 12791, , 
182431, 1241469065684, 1241469518965, 8.8, 88, 1, 51, 0, 1, 0, 124503, 3, 0
187381, 1241470253531, 1241471799040, 0, 873, 4, 193.75, 211710, 7, 4, 2843, 8, 1
1892, 1241472553848, 1241472626913, 219.79999999999998, 2581, 8, 386, 33511, 20, 6, 995, 12, 2
191950, , , 221.80000000000004, 0, 0, 0, 0, 1, 6, 191984, , 
191984, 1241467325060, 1241472776987, 88.30000000000003, 367, 1, 166, 191950, 17, 5, 142178, 9, 9
19205, 1241470710638, 1241471369791, 0, 4072, 9, 527.1111111111111, 0, 3, 2, 8842, 8, 1
196462, , , 11.9, 0, 0, 0, 0, 2, 10, 392944, , 
199427, , , 1436.3000000000002, 0, 0, 0, 0, 1, 3, 208602, , 
202327, 1241466737510, 1241469044378, 0, 69, 1, 22, 166836, 3, 3, 249362, 6, 1
20260, , , 201.45000000000002, 0, 0, 0, 0, 18, 13, 12, , 
202873, , , 11.25, 0, 0, 0, 0, 1, 3, 341164, , 
206799, 1241471157873, 1241471171752, 0, 0, 0, 0, 0, 0, 0, 0, 1, 
208602, , , 718.1500000000001, 0, 0, 0, 0, 7, 2, 351626, , 
209166, 1241471210704, 1241471682566, 0, 125, 1, 125, 0, 0, 0, 0, 1, 
210163, , , 57.85, 0, 0, 0, 0, 12, 1, 255725, , 
210210, , , 412.75000000000006, 0, 0, 0, 0, 4, 4, 381607, , 
2108, 1241470929779, 1241471086856, 0, 0, 0, 0, 198620, 4, 0, 1090442, 4, 
212304, 1241472267476, , 0, 471, 2, 338, 0, 0, 0, 1092321, 4, 0
214539, , , 27.85, 0, 0, 0, 0, 1, 2, 72070, , 
217283, 1241471033603, 1241471086385, 18.900000000000002, 0, 0, 0, 532467, 48, 21, 57393, 12, 15
218183, 1241467879101, 1241467887042, 0, 0, 0, 0, 0, 0, 0, 0, 1, 
220964, , , 38.550000000000004, 0, 0, 0, 0, 5, 7, 143501, , 
222826, , , 99.3, 0, 0, 0, 0, 1, 1, 102942, , 
224790, 1241470055332, 1241470067836, 0, 0, 0, 0, 0, 0, 0, 0, 1, 0
22707, 1241472975178, 1241473003884, 0, 0, 0, 0, 0, 7, 14, 8842, 10, 5
23340, 1241470813097, 1241471305185, 0, 907, 2, 453.5, 0, 10, 14, 383387, 20, 11
238, 1241468056199, 1241468291052, 0, 297, 1, 297, 0, 0, 0, 12791, 4, 0
247084, 1241469749682, 1241470976945, 0, 2198, 11, 174.0909090909091, 0, 0, 0, 1892, 4, 0
247992, , , 95.05, 0, 0, 0, 0, 2, 4, 214539, , 
249362, , , 6.9, 0, 0, 0, 0, 1, 3, 12791, , 
254186, 1241466983169, 1241467406080, 0, 360, 2, 199, 268558, 3, 0, 477335, 7, 1
258951, , , 255.6, 0, 0, 0, 0, 22, 27, 1265, , 
280455, 1241469232554, 1241470096706, 0, 771, 2, 364, 0, 0, 0, 386780, 3, 0
283054, 1241468251686, 1241468324846, 0, 0, 0, 0, 0, 0, 0, 220457, 1, 0
2843, , , 238.20000000000002, 0, 0, 0, 0, 8, 33, 3383, , 
284839, 1241469428990, 1241470349214, 0, 102, 1, 111, 0, 0, 0, 340930, 3, 0
295964, 1241468042854, 1241468253910, 0, 0, 0, 0, 0, 0, 0, 70997, 2, 
30152, 1241467029436, 1241467325520, 47.300000000000004, 0, 0, 0, 0, 4, 0, 40683, 6, 4
308635, , , 11.700000000000001, 0, 0, 0, 0, 12, 0, 122194, , 
30940, 1241467846732, 1241467915883, 0, 0, 0, 0, 0, 0, 0, 8842, 2, 
32169, 1241468823544, 1241472369687, 0, 4697, 10, 365.2, 219, 7, 0, 10260, 12, 4
33541, 1241469643473, 1241471376628, 0, 4602, 10, 394.1, 0, 1, 2, 12, 8, 1
336228, , , 30.55, 0, 0, 0, 0, 9, 13, 307471, , 
3383, 1241469698615, 1241469721245, 119.10000000000001, 4083, 6, 511.6666666666667, 8842, 6, 10, 12791, 15, 2
340930, , , 10.200000000000001, 0, 0, 0, 0, 1, 0, 52887, , 
34108, , , 16.2, 0, 0, 0, 0, 4, 0, 149684, , 
349289, 1241469664580, 1241469949572, 0, 135, 1, 136, 0, 0, 0, 68390, 1, 
351430, , , 61.1, 0, 0, 0, 0, 11, 9, 336228, , 
351598, , , 672.0000000000001, 0, 0, 0, 0, 1, 30, 359624, , 
35568, , , 54.7, 0, 0, 0, 0, 1, 24, 258951, , 
356893, , , 17.3, 0, 0, 0, 0, 1, 2, 395656, , 
359624, , , 336.00000000000006, 0, 0, 0, 0, 3, 1, 201132, , 
365721, 1241470313171, 1241470323267, 0, 0, 0, 0, 0, 0, 0, 423714, 3, 1
366650, 1241469675110, , 47.7, 8255, 32, 278.81250000000006, 52818, 3, 0, 170316, 5, 2
367452, , , 257.3, 0, 0, 0, 0, 5, 3, 127763, , 
370341, , , 11.8, 0, 0, 0, 0, 1, 10, 326885, , 
372191, 1241469458816, 1241469741106, 0, 0, 0, 0, 0, 5, 4, 425071, 5, 1
37261, 1241467851161, 1241468029892, 0, 0, 0, 0, 0, 0, 0, 1237789, 4, 
3811, , , 88.5, 0, 0, 0, 0, 2, 1, 452296, , 
383387, , , 1282.1, 0, 0, 0, 0, 7, 56, 0, , 
386780, , , 77.10000000000001, 0, 0, 0, 0, 7, 0, 220964, , 
39030, , , 23.8, 0, 0, 0, 0, 10, 0, 196462, , 
397835, , , 435.45, 0, 0, 0, 0, 5, 29, 47379, , 
402642, 1241470485938, 1241471672492, 87.99999999999999, 557, 4, 134.25, 0, 4, 4, 247992, 4, 0
404364, 1241468388963, 1241469900114, 0, 706, 6, 123.83333333333333, 0, 0, 0, 0, 1, 
40683, , , 23.650000000000002, 0, 0, 0, 0, 1, 4, 388185, , 
4139, 1241469535217, , 0, 5115, 11, 442.72727272727275, 44987, 21, 23, 713, 17, 3
4141, 1241467846758, 1241468083931, 0, 0, 0, 0, 0, 0, 0, 2796, 1, 
42736, 1241466525725, 1241466528247, 0, 0, 0, 0, 93562, 2, 3, 133482, 4, 1
447249, 1241470341348, , 0, 14363, 22, 643.4090909090909, 10642, 3, 3, 199427, 14, 2
452296, , , 54, 0, 0, 0, 0, 9, 4, 103144, , 
462408, 1241470123484, , 90.4, 1766, 8, 299.625, 121604, 6, 1, 191950, 10, 2
46604, , , 38.3, 0, 0, 0, 0, 2, 0, 921283, , 
47379, , , 185.05, 0, 0, 0, 0, 4, 5, 54776, , 
477335, , , 36, 0, 0, 0, 0, 2, 3, 88917, , 
503425, 1241470661624, 1241470854294, 0, 0, 0, 0, 430717, 0, 0, 39171, 4, 0
5212, , , 105.50000000000001, 0, 0, 0, 0, 17, 16, 156489, , 
52206, , , 198.6, 0, 0, 0, 0, 1, 0, 222826, , 
52818, 1241468009634, 1241471996960, 0, 2573, 9, 285.8888888888889, 366650, 3, 0, 367452, 4, 0
52887, , , 5.1000000000000005, 0, 0, 0, 0, 3, 1, 237967, , 
533, 1241465963908, , 52.5, 1752, 4, 487, 535, 9, 11, 20260, 12, 2
540887, 1241469643838, 1241469846696, 0, 385, 2, 138.5, 0, 0, 0, 147628, 2, 
545771, 1241466844050, 1241467052294, 0, 162, 1, 163, 0, 0, 0, 34108, 3, 0
546037, 1241470905396, 1241472814250, 0, 615, 4, 103.5, 0, 0, 0, 462408, 1, 
546954, 1241469926357, 1241470550779, 0, 325, 1, 82, 0, 0, 0, 836050, 1, 
5477, 1241470431891, 1241470895175, 0, 67, 1, 58, 0, 0, 0, 68390, 1, 
54776, 1241466751129, 1241467817560, 0, 0, 0, 0, 1062, 72, 32, 89757, 15, 3
55022, 1241472197572, 1241472402089, 0, 0, 0, 0, 0, 5, 1, 538748, 3, 
555728, , , 29.550000000000004, 0, 0, 0, 0, 16, 5, 1101, , 
565767, 1241466342866, 1241466542108, 0, 0, 0, 0, 0, 0, 0, 0, 1, 
57393, , , 9.450000000000001, 0, 0, 0, 0, 5, 51, 159420, , 
57717, , , 14.9, 0, 0, 0, 0, 4, 6, 110178, , 
586681, , , 49.800000000000004, 0, 0, 0, 0, 6, 8, 10642, , 
59431, 1241467077152, 1241467090458, 0, 0, 0, 0, 0, 0, 0, 0, 1, 0
624485, 1241469120467, 1241469237798, 0, 0, 0, 0, 0, 0, 0, 562953, 1, 
63846, , , 19.25, 0, 0, 0, 0, 1, 6, 65246, , 
67941, 1241472322080, , 0, 1055, 4, 122.25, 0, 0, 0, 5212, 3, 0
68390, 1241469524404, 1241470997371, 50.7, 801, 7, 117, 0, 3, 0, 168473, 2, 
7078, , , 62.7, 0, 0, 0, 0, 9, 4, 177916, , 
70816, 1241472320599, 1241472954081, 0, 1399, 7, 130.71428571428572, 0, 0, 0, 366650, 2, 
70997, 1241469653568, 1241472034119, 147.95000000000002, 3701, 10, 590.5, 1010692, 29, 31, 397835, 11, 2
713, 1241467595785, , 1337.05, 1617, 3, 457.3333333333333, 1265, 10, 66, 12, 18, 6
73306, 1241470706535, , 0, 0, 0, 0, 0, 0, 0, 39030, 2, 0
73481, 1241467235327, 1241468568645, 0, 1003, 5, 192.2, 0, 2, 1, 164243, 4, 0
73621, , , 18.35, 0, 0, 0, 0, 2, 2, 112194, , 
75123, 1241466816352, , 0, 1509, 3, 467.6666666666667, 101358, 14, 14, 2843, 12, 4
77, 1241469088743, 1241469122433, 0, 0, 0, 0, 171151, 11, 2, 12770, 14, 2
797824, 1241471910490, 1241472592311, 0, 298, 1, 298, 574401, 15, 4, 82321, 7, 5
80646, 1241472113810, , 0, 0, 0, 0, 204792, 1, 0, 1148755, 4, 0
81899, , , 217.45000000000002, 0, 0, 0, 0, 5, 8, 802319, , 
82321, , , 29.8, 0, 0, 0, 0, 6, 15, 57717, , 
836050, 1241471104962, , 230.5, 3355, 8, 562.375, 592692, 12, 1, 113237, 7, 2
8401, 1241470309485, 1241472558844, 74.30000000000001, 4349, 14, 330.92857142857144, 413254, 7, 1, 103033, 6, 4
8527, 1241470423641, 1241470473798, 0, 0, 0, 0, 0, 1, 0, 503, 8, 1
87714, 1241466143672, 1241471676736, 0, 611, 2, 340, 0, 9, 3, 351430, 9, 6
8842, , , 407.20000000000005, 0, 0, 0, 0, 12, 22, 1531, , 
885698, 1241467989002, , 0, 1980, 8, 293.125, 891151, 0, 0, 836050, 4, 0
88917, , , 18, 0, 0, 0, 0, 3, 2, 372191, , 
89322, 1241470366504, 1241472567823, 0, 2447, 6, 251.5, 0, 0, 0, 70997, 2, 
8938, 1241472756698, 1241472774871, 0, 0, 0, 0, 0, 19, 7, 541655, 6, 1
90041, 1241469777944, , 20.8, 2452, 9, 336.22222222222223, 175933, 7, 8, 258951, 11, 12
921283, , , 19.15, 0, 0, 0, 0, 4, 2, 338409, , 
926905, 1241468402538, 1241468405693, 0, 0, 0, 0, 0, 0, 0, 0, 1, 
942791, 1241472931249, , 0, 189, 1, 141, 0, 0, 0, 217283, 3, 0
94801, 1241471632689, 1241471676336, 0, 0, 0, 0, 0, 0, 0, 0, 1, 
95479, 1241469365927, 1241469658070, 0, 498, 2, 290.5, 0, 8, 2, 586681, 6, 1
977713, 1241467586280, 1241467598809, 0, 0, 0, 0, 0, 0, 0, 0, 1, 
995, , , 368.00000000000006, 0, 0, 0, 0, 11, 20, 12, , 
<<<<EndTable

PlayersOnlineNow=23
PlayersOnlineEachMinute=0, 3, 4, 6, 6, 8, 8, 8, 9, 11, 13, 12, 11, 11, 13, 14, 16, 16, 17, 19, 22, 22, 20, 21, 21, 21, 19, 21, 22, 24, 27, 25, 25, 27, 28, 28, 28, 26, 25, 25, 24, 22, 24, 24, 25, 24, 24, 25, 25, 26, 26, 26, 26, 26, 28, 30, 32, 34, 34, 36, 38, 39, 40, 38, 40, 33, 37, 36, 33, 34, 34, 36, 35, 36, 39, 41, 44, 42, 41, 41, 39, 41, 41, 41, 41, 43, 43, 39, 38, 39, 41, 39, 38, 38, 37, 37, 39, 33, 33, 34, 32, 33, 32, 30, 30, 29, 30, 30, 34, 33, 32, 32, 30, 29, 29, 26, 26, 25, 24, 24
PlayersInEachFeedingGame=2, 2, 1, 2, 1, 2, 2, 1, 1, 2, 2, 2, 1, 1, 2, 1, 2, 1, 2, 1, 2, 1, 2, 1, 2, 2, 2, 2, 2, 2, 1, 1, 2, 1, 1, 2, 1, 1, 2, 2, 2, 2, 2, 1, 1, 2, 2, 2, 2, 2, 1, 2, 2, 1, 1, 1, 2, 2, 2, 1, 2, 2, 2, 2, 1, 2, 2, 2, 2, 2, 2, 2, 2, 2, 2, 2, 1, 2, 6, 2, 2, 2, 1, 2, 2, 2, 2, 1, 2, 2, 1, 3, 1, 2, 2, 1, 1, 1, 2, 2, 1, 2, 2, 1, 1, 2, 2, 2, 2, 1, 2, 2, 2, 2, 1, 2, 2, 1, 2, 1, 1, 2, 2, 1, 1, 2, 1, 2, 2, 1, 2, 2, 1, 2, 2, 1, 2, 2, 2, 2, 1, 1, 2, 2, 2, 2, 1, 1, 2, 1, 1, 2, 1, 1, 2, 2, 1, 2, 2, 2, 1, 2, 2, 2, 1, 1, 1, 2, 2, 2, 2, 1, 2, 1, 2, 1, 1, 2
PlayersStarted=237
PlayersQuit=214
StatsStartTime=1241465875689
StatsDumpTime=1241473076136
<<<<EndStats
2009-05-04 14:38:01,792 ERROR: vampire.server.feeding.FeedingRecord sendPlayerStartGameMsg [playerId=1082674, prey=false, _predatorIndex=]
2009-05-04 14:38:23,316 ERROR: vampire.server.feeding.FeedingRecord sendPlayerStartGameMsg [playerId=462408, prey=true, _predatorIndex=]
2009-05-04 14:38:23,317 ERROR: vampire.server.feeding.FeedingRecord sendPlayerStartGameMsg [playerId=90041, prey=false, _predatorIndex=]
2009-05-04 14:39:18,977 ERROR: vampire.server.feeding.FeedingRecord sendPlayerStartGameMsg [playerId=111395, prey=true, _predatorIndex=]
2009-05-04 14:39:18,978 ERROR: vampire.server.feeding.FeedingRecord sendPlayerStartGameMsg [playerId=218766, prey=false, _predatorIndex=]
2009-05-04 14:39:45,134 ERROR: vampire.server.feeding.FeedingRecord sendPlayerStartGameMsg [playerId=1082674, prey=true, _predatorIndex=]
2009-05-04 14:39:45,135 ERROR: vampire.server.feeding.FeedingRecord sendPlayerStartGameMsg [playerId=1114188, prey=false, _predatorIndex=]
2009-05-04 14:39:45,163 ERROR: vampire.server.feeding.FeedingRecord sendPlayerStartGameMsg [playerId=820185, prey=false, _predatorIndex=1114188]
2009-05-04 14:40:24,051 ERROR: vampire.server.feeding.FeedingRecord sendPlayerStartGameMsg [playerId=836050, prey=false, _predatorIndex=1114188,820185]
2009-05-04 14:40:40,678 ERROR: vampire.server.feeding.FeedingRecord sendPlayerStartGameMsg [playerId=1086242, prey=false, _predatorIndex=447249]
2009-05-04 14:40:56,035 ERROR: vampire.server.feeding.FeedingRecord sendPlayerStartGameMsg [playerId=1892, prey=true, _predatorIndex=]
2009-05-04 14:40:56,036 ERROR: vampire.server.feeding.FeedingRecord sendPlayerStartGameMsg [playerId=90041, prey=false, _predatorIndex=]
2009-05-04 14:41:00,827 ERROR: vampire.server.feeding.FeedingRecord sendPlayerStartGameMsg [playerId=462408, prey=true, _predatorIndex=]
2009-05-04 14:41:00,828 ERROR: vampire.server.feeding.FeedingRecord sendPlayerStartGameMsg [playerId=1086242, prey=false, _predatorIndex=]
2009-05-04 14:41:12,052 ERROR: vampire.server.feeding.FeedingRecord sendPlayerStartGameMsg [playerId=836050, prey=false, _predatorIndex=1114188,820185,836050]
2009-05-04 14:41:25,784 ERROR: vampire.server.feeding.FeedingRecord sendPlayerStartGameMsg [playerId=67941, prey=false, _predatorIndex=]
2009-05-04 14:41:43,182 ERROR: vampire.server.feeding.FeedingRecord sendPlayerStartGameMsg [playerId=836050, prey=true, _predatorIndex=]
2009-05-04 14:41:43,183 ERROR: vampire.server.feeding.FeedingRecord sendPlayerStartGameMsg [playerId=218766, prey=false, _predatorIndex=]
2009-05-04 14:42:50,144 ERROR: vampire.server.feeding.FeedingRecord sendPlayerStartGameMsg [playerId=366650, prey=true, _predatorIndex=]
2009-05-04 14:42:50,144 ERROR: vampire.server.feeding.FeedingRecord sendPlayerStartGameMsg [playerId=1082674, prey=false, _predatorIndex=]
2009-05-04 14:43:46,104 ERROR: vampire.server.feeding.FeedingRecord sendPlayerStartGameMsg [playerId=67941, prey=false, _predatorIndex=]
2009-05-04 14:44:47,139 ERROR: vampire.server.feeding.FeedingRecord sendPlayerStartGameMsg [playerId=1148755, prey=true, _predatorIndex=]
2009-05-04 14:44:47,140 ERROR: vampire.server.feeding.FeedingRecord sendPlayerStartGameMsg [playerId=90041, prey=false, _predatorIndex=]
2009-05-04 14:45:26,828 ERROR: vampire.server.feeding.FeedingRecord sendPlayerStartGameMsg [playerId=1086242, prey=false, _predatorIndex=]
2009-05-04 14:45:28,373 ERROR: vampire.server.feeding.FeedingRecord sendPlayerStartGameMsg [playerId=1082674, prey=false, _predatorIndex=]
2009-05-04 14:45:29,739 ERROR: vampire.server.feeding.FeedingRecord sendPlayerStartGameMsg [playerId=218766, prey=false, _predatorIndex=1082674]
2009-05-04 14:45:37,790 ERROR: vampire.server.feeding.FeedingRecord sendPlayerStartGameMsg [playerId=1892, prey=true, _predatorIndex=]
2009-05-04 14:45:37,791 ERROR: vampire.server.feeding.FeedingRecord sendPlayerStartGameMsg [playerId=218766, prey=false, _predatorIndex=]
2009-05-04 14:46:01,355 ERROR: vampire.server.feeding.FeedingRecord sendPlayerStartGameMsg [playerId=836050, prey=true, _predatorIndex=]
2009-05-04 14:46:01,356 ERROR: vampire.server.feeding.FeedingRecord sendPlayerStartGameMsg [playerId=1021278, prey=false, _predatorIndex=]
2009-05-04 14:46:25,367 ERROR: vampire.server.feeding.FeedingRecord sendPlayerStartGameMsg [playerId=224560, prey=true, _predatorIndex=]
2009-05-04 14:46:25,367 ERROR: vampire.server.feeding.FeedingRecord sendPlayerStartGameMsg [playerId=67941, prey=false, _predatorIndex=]
2009-05-04 14:46:46,971 ERROR: vampire.server.feeding.FeedingRecord sendPlayerStartGameMsg [playerId=462408, prey=true, _predatorIndex=]
2009-05-04 14:46:46,972 ERROR: vampire.server.feeding.FeedingRecord sendPlayerStartGameMsg [playerId=111395, prey=false, _predatorIndex=]
2009-05-04 14:47:38,069 ERROR: vampire.server.feeding.FeedingRecord sendPlayerStartGameMsg [playerId=1086242, prey=false, _predatorIndex=]
2009-05-04 14:47:48,759 ERROR: vampire.server.feeding.FeedingRecord sendPlayerStartGameMsg [playerId=1082674, prey=false, _predatorIndex=1021278]

