
>>>>BeginStats

>>>>BeginTable
PlayerId, StartTime, EndTime, ProgenyPayout, XPFromFeeding, FeedingGames, MeanFeedingScore, BloodBond, Progeny, GrandProgeny, Sire, Level, Invites
102127,undefined,0,121.55000000000001,0,0,0,0,1,1,168234,undefined,undefined
10260,1240729764531,1240731319885,0,1466,4,438.75,0,4,4,713,11,2
103033,1240731657074,1240732011891,0,183,1,183,767143,5,0,81899,4,null
12,undefined,0,505.25000000000006,0,0,0,0,19,44,383387,undefined,undefined
122907,undefined,0,304.6,0,0,0,0,6,7,251062,undefined,undefined
1265,undefined,0,75.55000000000001,0,0,0,0,5,11,12,undefined,undefined
12770,undefined,0,558.3000000000001,0,0,0,0,19,17,383387,undefined,undefined
12791,undefined,0,496.35000000000014,0,0,0,0,9,9,12,undefined,undefined
129679,1240731931466,0,0,1389,8,226.25,0,0,0,21067,3,1
131355,undefined,0,6,0,0,0,0,1,2,461901,undefined,undefined
133711,1240730911956,1240731598053,0,931,3,125,0,0,0,88366,3,0
141288,1240730452544,1240733003703,0,1942,6,283.6666666666667,841332,3,0,510740,4,null
142178,undefined,0,677.5500000000001,0,0,0,0,2,9,73621,undefined,undefined
143538,undefined,0,75.05000000000001,0,0,0,0,2,15,1531,undefined,undefined
144314,1240730096216,1240730273563,0,0,0,0,0,0,0,0,1,null
145421,1240732097418,1240732618953,0,0,0,0,0,0,0,0,1,null
151500,1240729312406,1240730905435,0,1478,6,157,0,0,0,483162,3,null
159420,undefined,0,222.75,0,0,0,0,1,5,206649,undefined,undefined
160138,undefined,0,106.04999999999998,0,0,0,0,6,5,150469,undefined,undefined
169944,undefined,0,243.10000000000002,0,0,0,0,1,0,102127,undefined,undefined
172342,1240731327198,1240731337441,0,0,0,0,0,0,0,320570,1,0
173409,1240732604614,0,0,0,0,0,0,0,0,197193,1,0
176013,1240732360440,1240732396564,0,0,0,0,327986,3,1,95378,4,1
177614,1240731241669,1240732275446,0,153,1,130,0,3,0,3200,3,1
178366,1240733135245,1240733254690,0,1501,7,212.71428571428572,0,0,0,259344,3,0
181738,undefined,0,78.70000000000002,0,0,0,0,5,4,12791,undefined,undefined
190982,1240732311004,1240733281298,0,0,0,0,0,0,0,0,1,null
191984,1240730981639,0,198.10000000000002,5785,19,342.2631578947368,191950,9,3,142178,8,3
195736,undefined,0,12.9,0,0,0,0,6,11,334835,undefined,undefined
196543,1240729399899,1240732408988,0,1464,9,110.33333333333333,0,0,0,32314,3,null
210155,1240729532369,1240733219509,0,2270,12,145.58333333333334,0,0,0,217283,2,null
21067,undefined,0,138.9,0,0,0,0,2,0,302907,undefined,undefined
212370,undefined,0,46.550000000000004,0,0,0,0,8,1,105778,undefined,undefined
217283,1240729345804,0,185.40000000000003,4455,12,461.75,0,18,13,57393,10,3
223864,undefined,0,226.09999999999997,0,0,0,0,5,15,160138,undefined,undefined
23340,undefined,0,8.1,0,0,0,0,6,4,383387,undefined,undefined
239429,1240733110131,1240733328772,0,0,0,0,0,0,0,0,1,null
251062,undefined,0,152.3,0,0,0,0,6,6,296361,undefined,undefined
256746,1240729378745,1240730678703,0,1335,5,241.8,260844,5,28,61984,8,6
258951,1240732209378,1240733059753,39.5,558,3,267.3333333333333,555644,10,13,1265,11,8
259344,undefined,0,150.10000000000002,0,0,0,0,15,0,143538,undefined,undefined
297654,1240730317421,1240730951192,0,787,2,351,204487,4,1,181738,11,3
302907,undefined,0,69.45,0,0,0,0,2,2,283855,undefined,undefined
311783,1240730961645,1240731003557,0,0,0,0,0,6,2,11460,8,3
3200,1240730947229,0,28,2121,8,384.5,71724,15,4,223864,12,2
32314,1240729582424,1240729750546,132.3,162,1,215,20731,7,2,40508,12,2
334835,undefined,0,6.45,0,0,0,0,2,6,143501,undefined,undefined
336524,1240732450184,0,0,129,1,182,512737,8,4,195736,9,1
3383,1240730354407,0,0,4570,9,467.22222222222223,968,4,9,12791,13,2
340461,1240732212223,0,0,1981,9,179.77777777777777,0,0,0,191984,4,1
340845,1240732992786,1240733051475,0,0,0,0,0,1,0,184355,2,0
363172,1240731714274,1240732470673,0,0,0,0,0,0,0,600946,2,0
364226,1240732448870,1240733375162,0,0,0,0,0,1,0,210210,3,1
383387,undefined,0,224.35000000000005,0,0,0,0,3,44,0,undefined,undefined
397835,undefined,0,109.00000000000001,0,0,0,0,5,8,47379,undefined,undefined
40508,undefined,0,82.35,0,0,0,0,4,7,23340,undefined,undefined
4139,1240731847586,0,0,3511,8,498,16040,11,19,713,14,3
416886,1240731857093,1240731868428,0,0,0,0,0,0,0,0,1,0
430717,1240731018950,1240731371352,0,0,0,0,0,25,9,256746,11,6
44987,1240729342650,0,219.2,4487,10,640.9,0,11,16,12770,12,2
47477,undefined,0,338.40000000000003,0,0,0,0,1,0,58859,undefined,undefined
483162,undefined,0,147.8,0,0,0,0,1,0,534632,undefined,undefined
49151,1240732252353,1240732800891,0,566,2,154,0,0,0,0,1,null
493115,1240730724980,1240730816607,0,0,0,0,0,0,0,10260,2,0
510740,undefined,0,503.2,0,0,0,0,48,15,534632,undefined,undefined
5129,1240732483381,0,0,661,5,111.8,0,0,0,258951,1,0
527214,1240732526476,1240732538018,0,0,0,0,0,0,0,0,1,null
53030,1240732980369,0,0,3046,6,731.5,0,7,5,122907,12,3
534632,undefined,0,325.50000000000006,0,0,0,0,5,49,445660,undefined,undefined
547122,1240730937260,1240731740794,0,252,2,126,0,0,0,0,1,null
557317,1240732176707,1240732564597,0,127,1,74,0,0,0,3200,1,null
57393,undefined,0,538.2,0,0,0,0,5,19,159420,undefined,undefined
58859,undefined,0,169.20000000000002,0,0,0,0,4,2,396113,undefined,undefined
61045,undefined,0,66.75,0,0,0,0,6,1,74372,undefined,undefined
61984,undefined,0,133.5,0,0,0,0,1,5,61045,undefined,undefined
630520,1240732626632,0,0,203,2,74.5,0,0,0,0,1,0
65812,1240730174944,1240732816395,0,2431,14,171.92857142857142,80094,0,0,169944,4,null
70997,undefined,0,270.1,0,0,0,0,8,5,397835,undefined,undefined
713,undefined,0,497.7000000000001,0,0,0,0,9,15,12,undefined,undefined
729225,undefined,0,12,0,0,0,0,2,0,131355,undefined,undefined
73621,undefined,0,289.25,0,0,0,0,2,2,112194,undefined,undefined
772113,1240731405889,1240733463528,0,1430,7,227.57142857142858,0,0,0,510740,4,null
773108,1240729993671,1240732101316,0,1660,5,257.6,0,4,2,510740,4,null
778166,1240730473481,1240731219311,0,120,2,44,0,0,0,729225,1,null
80094,1240729989981,0,104.19999999999999,2180,12,175.66666666666666,65812,5,0,70997,4,4
802319,undefined,0,9.15,0,0,0,0,2,4,773108,undefined,undefined
814516,1240731915510,1240733454321,0,3384,8,305.125,0,0,0,47477,3,null
81899,undefined,0,18.3,0,0,0,0,4,6,802319,undefined,undefined
845103,1240730386799,1240731110066,0,0,0,0,0,0,0,0,1,null
846950,1240731684821,0,0,2302,6,118.33333333333333,0,0,0,44987,2,0
847929,1240731739100,1240732261151,0,66,1,66,0,0,0,0,1,null
8527,1240733450974,1240733503523,0,0,0,0,0,1,0,503,6,1
859223,1240733142665,0,0,110,1,110,0,0,0,0,1,0
88366,undefined,0,93.10000000000001,0,0,0,0,1,0,212370,undefined,undefined
894542,1240730954868,1240732552613,0,1042,6,160,0,0,0,80094,2,null
896753,1240729355641,1240729968435,0,605,3,201.66666666666666,0,0,0,0,1,null
900033,1240733093898,1240733103904,0,0,0,0,0,0,0,0,1,null
<<<<EndTable

PlayersOnlineNow=16
PlayersOnlineEachMinute=0, 5, 8, 8, 9, 10, 10, 10, 10, 11, 11, 10, 12, 12, 13, 14, 14, 14, 16, 17, 19, 19, 19, 18, 19, 19, 18, 17, 21, 20, 19, 19, 18, 19, 18, 19, 19, 19, 19, 19, 20, 21, 21, 23, 24, 23, 23, 21, 22, 25, 24, 25, 24, 25, 24, 24, 24, 24, 24, 22, 22, 22, 22, 20, 23, 23, 21, 19, 18, 19
PlayersInEachFeedingGame=1, 1, 1, 1, 1, 2, 1, 2, 2, 1, 1, 1, 1, 1, 1, 2, 1, 1, 2, 2, 1, 1, 1, 2, 1, 2, 1, 1, 1, 1, 3, 2, 2, 2, 2, 2, 2, 2, 2, 1, 1, 2, 2, 1, 2, 2, 1, 2, 2, 1, 2, 1, 1, 2, 1, 2, 1, 2, 2, 1, 2, 1, 2, 2, 2, 1, 2, 2, 2, 1, 2, 1, 2, 1, 1, 2, 2, 2, 1, 2, 1, 1, 2, 2, 2, 2, 2, 2, 2, 1, 2, 1, 3, 2, 2, 1, 2, 2, 1, 2, 2, 2, 1
PlayersStarted=74
PlayersQuit=58
StatsStartTime=1240729312270
StatsDumpTime=1240733512425
<<<<EndStats
2009-04-26 01:15:22,199 ERROR: vampire.server.feeding.FeedingRecord sendPlayerStartGameMsg [playerId=899745, prey=false, _predatorIndex=]
2009-04-26 01:15:49,573 ERROR: vampire.server.feeding.FeedingRecord sendPlayerStartGameMsg [playerId=859223, prey=false, _predatorIndex=]
2009-04-26 01:15:53,532 ERROR: vampire.server.feeding.FeedingRecord sendPlayerStartGameMsg [playerId=5129, prey=true, _predatorIndex=]
2009-04-26 01:15:53,533 ERROR: vampire.server.feeding.FeedingRecord sendPlayerStartGameMsg [playerId=846950, prey=false, _predatorIndex=]
2009-04-26 01:16:16,529 ERROR: vampire.server.feeding.FeedingRecord sendPlayerStartGameMsg [playerId=630520, prey=false, _predatorIndex=]
2009-04-26 01:16:29,522 ERROR: vampire.server.feeding.FeedingRecord sendPlayerStartGameMsg [playerId=3200, prey=false, _predatorIndex=630520]
2009-04-26 01:17:02,037 ERROR: vampire.server.feeding.FeedingRecord sendPlayerStartGameMsg [playerId=5212, prey=true, _predatorIndex=]
2009-04-26 01:17:02,037 ERROR: vampire.server.feeding.FeedingRecord sendPlayerStartGameMsg [playerId=230164, prey=false, _predatorIndex=]
2009-04-26 01:18:58,696 ERROR: vampire.server.feeding.FeedingRecord sendPlayerStartGameMsg [playerId=899612, prey=false, _predatorIndex=]
2009-04-26 01:19:06,161 ERROR: vampire.server.feeding.FeedingRecord sendPlayerStartGameMsg [playerId=340461, prey=true, _predatorIndex=]
2009-04-26 01:19:06,162 ERROR: vampire.server.feeding.FeedingRecord sendPlayerStartGameMsg [playerId=847929, prey=false, _predatorIndex=]
2009-04-26 01:19:39,645 ERROR: vampire.server.feeding.FeedingRecord sendPlayerStartGameMsg [playerId=61153, prey=false, _predatorIndex=]
2009-04-26 01:20:55,979 ERROR: vampire.server.feeding.FeedingRecord sendPlayerStartGameMsg [playerId=781781, prey=true, _predatorIndex=]
2009-04-26 01:20:55,980 ERROR: vampire.server.feeding.FeedingRecord sendPlayerStartGameMsg [playerId=846950, prey=false, _predatorIndex=]

>>>>BeginStats

>>>>BeginTable
PlayerId, StartTime, EndTime, ProgenyPayout, XPFromFeeding, FeedingGames, MeanFeedingScore, BloodBond, Progeny, GrandProgeny, Sire, Level, Invites
102127,undefined,0,121.55000000000001,0,0,0,0,1,1,168234,undefined,undefined
10260,1240729764531,1240731319885,0,1466,4,438.75,0,4,4,713,11,2
103033,1240731657074,1240732011891,0,183,1,183,767143,5,0,81899,4,null
12,undefined,0,505.25000000000006,0,0,0,0,19,44,383387,undefined,undefined
122907,undefined,0,304.6,0,0,0,0,6,7,251062,undefined,undefined
1265,undefined,0,123.55000000000001,0,0,0,0,5,11,12,undefined,undefined
12770,undefined,0,584.3000000000001,0,0,0,0,19,17,383387,undefined,undefined
12791,undefined,0,496.35000000000014,0,0,0,0,9,9,12,undefined,undefined
129679,1240731931466,1240733518153,0,1389,8,226.25,0,0,0,21067,3,1
131355,undefined,0,6,0,0,0,0,1,2,461901,undefined,undefined
133711,1240730911956,1240731598053,0,931,3,125,0,0,0,88366,3,0
141288,1240730452544,1240733003703,0,1942,6,283.6666666666667,841332,3,0,510740,4,null
142178,undefined,0,707.3000000000001,0,0,0,0,2,9,73621,undefined,undefined
143538,undefined,0,75.05000000000001,0,0,0,0,2,15,1531,undefined,undefined
144314,1240730096216,1240730273563,0,0,0,0,0,0,0,0,1,null
145421,1240732097418,1240732618953,0,0,0,0,0,0,0,0,1,null
151500,1240729312406,1240730905435,0,1478,6,157,0,0,0,483162,3,null
156489,undefined,0,23.400000000000002,0,0,0,0,12,13,713,undefined,undefined
159420,undefined,0,264.65,0,0,0,0,1,5,206649,undefined,undefined
160138,undefined,0,122.79999999999998,0,0,0,0,6,5,150469,undefined,undefined
169944,undefined,0,243.10000000000002,0,0,0,0,1,0,102127,undefined,undefined
172342,1240731327198,1240731337441,0,0,0,0,0,0,0,320570,1,0
173409,1240732604614,0,0,0,0,0,0,0,0,197193,1,0
176013,1240732360440,1240732396564,0,0,0,0,327986,3,1,95378,4,1
177614,1240731241669,1240732275446,0,153,1,130,0,3,0,3200,3,1
178366,1240733135245,1240733254690,0,1501,7,212.71428571428572,0,0,0,259344,3,0
181738,undefined,0,78.70000000000002,0,0,0,0,5,4,12791,undefined,undefined
190687,undefined,0,11.700000000000001,0,0,0,0,7,5,383937,undefined,undefined
190982,1240732311004,1240733281298,0,0,0,0,0,0,0,0,1,null
191984,1240730981639,1240733611032,208.15,6049,20,338.35,191950,9,4,142178,8,3
195736,undefined,0,12.9,0,0,0,0,6,11,334835,undefined,undefined
196543,1240734075661,0,0,1464,9,110.33333333333333,0,0,0,32314,3,0
209842,1240734045899,0,0,0,0,0,0,0,0,0,2,0
210155,1240729532369,1240733219509,0,2270,12,145.58333333333334,0,0,0,217283,2,null
21067,undefined,0,138.9,0,0,0,0,2,0,302907,undefined,undefined
212370,undefined,0,46.550000000000004,0,0,0,0,8,1,105778,undefined,undefined
217283,1240729345804,0,185.40000000000003,5293,14,485.07142857142856,0,18,13,57393,10,3
223864,undefined,0,277.45,0,0,0,0,5,16,160138,undefined,undefined
230164,1240733803094,0,0,234,1,204,510740,7,1,250837,12,2
23340,undefined,0,8.1,0,0,0,0,6,4,383387,undefined,undefined
239429,1240733110131,1240733328772,0,0,0,0,0,0,0,0,1,null
250837,undefined,0,23.400000000000002,0,0,0,0,1,7,190687,undefined,undefined
251062,undefined,0,152.3,0,0,0,0,6,6,296361,undefined,undefined
256746,1240729378745,1240730678703,0,1335,5,241.8,260844,5,28,61984,8,6
258951,1240732209378,1240733059753,135.5,558,3,267.3333333333333,555644,10,13,1265,11,8
259344,undefined,0,150.10000000000002,0,0,0,0,15,0,143538,undefined,undefined
297654,1240730317421,1240730951192,0,787,2,351,204487,4,1,181738,11,3
302907,undefined,0,69.45,0,0,0,0,2,2,283855,undefined,undefined
311783,1240730961645,1240731003557,0,0,0,0,0,6,2,11460,8,3
312674,1240734080530,1240734096725,0,0,0,0,0,0,0,0,1,0
3200,1240730947229,0,63.7,2456,10,355.4,71724,16,4,223864,12,2
32314,1240729582424,1240729750546,132.3,162,1,215,20731,7,2,40508,12,2
334835,undefined,0,6.45,0,0,0,0,2,6,143501,undefined,undefined
336524,1240732450184,0,0,129,1,182,512737,8,4,195736,9,1
3383,1240730354407,0,0,4570,9,467.22222222222223,968,4,9,12791,13,2
340461,1240732212223,0,6.7,2048,10,169.2,0,1,0,191984,4,1
340845,1240732992786,1240733051475,0,0,0,0,0,1,0,184355,2,0
363172,1240731714274,1240732470673,0,0,0,0,0,0,0,600946,2,0
364226,1240732448870,1240733375162,0,0,0,0,0,1,0,210210,3,1
383387,undefined,0,224.35000000000005,0,0,0,0,3,44,0,undefined,undefined
397835,undefined,0,117.45000000000002,0,0,0,0,5,8,47379,undefined,undefined
40508,undefined,0,82.35,0,0,0,0,4,7,23340,undefined,undefined
4139,1240731847586,0,0,3511,8,498,16040,11,19,713,14,3
416886,1240731857093,1240731868428,0,0,0,0,0,0,0,0,1,0
430717,1240731018950,1240731371352,0,0,0,0,0,25,9,256746,11,6
44987,1240729342650,0,271.2,4487,10,640.9,0,11,16,12770,12,2
47477,undefined,0,338.40000000000003,0,0,0,0,1,0,58859,undefined,undefined
483162,undefined,0,147.8,0,0,0,0,1,0,534632,undefined,undefined
49151,1240732252353,1240732800891,0,566,2,154,0,0,0,0,1,null
493115,1240730724980,1240730816607,0,0,0,0,0,0,0,10260,2,0
510740,undefined,0,503.2,0,0,0,0,48,15,534632,undefined,undefined
5129,1240732483381,1240733950242,0,1621,8,139.25,0,0,0,258951,2,null
5212,1240733990888,0,0,234,1,263,2843,13,10,156489,14,2
527214,1240732526476,1240732538018,0,0,0,0,0,0,0,0,1,null
53030,1240732980369,0,0,3046,6,731.5,0,7,5,122907,12,3
534632,undefined,0,325.50000000000006,0,0,0,0,5,49,445660,undefined,undefined
535,1240733668372,0,0,0,0,0,0,2,1,147628,10,3
547122,1240730937260,1240731740794,0,252,2,126,0,0,0,0,1,null
557317,1240732176707,1240732564597,0,127,1,74,0,0,0,3200,1,null
57393,undefined,0,622,0,0,0,0,5,19,159420,undefined,undefined
58859,undefined,0,169.20000000000002,0,0,0,0,4,2,396113,undefined,undefined
61045,undefined,0,66.75,0,0,0,0,6,1,74372,undefined,undefined
61153,1240733897424,0,0,154,1,154,0,0,0,0,1,0
61984,undefined,0,133.5,0,0,0,0,1,5,61045,undefined,undefined
630520,1240732626632,0,0,560,5,91.4,0,0,0,3200,1,0
65812,1240730174944,1240732816395,0,2431,14,171.92857142857142,80094,0,0,169944,4,null
70997,undefined,0,287,0,0,0,0,8,5,397835,undefined,undefined
713,undefined,0,509.4000000000001,0,0,0,0,9,27,12,undefined,undefined
729225,undefined,0,12,0,0,0,0,2,0,131355,undefined,undefined
73621,undefined,0,302.45,0,0,0,0,2,2,112194,undefined,undefined
772113,1240731405889,1240733463528,0,1430,7,227.57142857142858,0,0,0,510740,4,null
773108,1240729993671,1240732101316,0,1660,5,257.6,0,4,2,510740,4,null
778166,1240730473481,1240731219311,0,120,2,44,0,0,0,729225,1,null
781781,1240733835165,0,0,0,0,0,0,0,0,120076,2,0
80094,1240729989981,0,104.19999999999999,2349,13,176.53846153846155,65812,5,0,70997,4,4
802319,undefined,0,9.15,0,0,0,0,2,4,773108,undefined,undefined
814516,1240731915510,1240733454321,0,3384,8,305.125,0,0,0,47477,3,null
81899,undefined,0,18.3,0,0,0,0,4,6,802319,undefined,undefined
845103,1240730386799,1240731110066,0,0,0,0,0,0,0,0,1,null
846950,1240731684821,0,0,2822,10,118.9,0,0,0,44987,2,0
847929,1240733861880,0,0,133,2,63,0,0,0,340461,1,0
8527,1240733450974,1240733503523,0,0,0,0,0,1,0,503,6,1
859223,1240733142665,0,0,436,3,139,0,0,0,0,1,0
88366,undefined,0,93.10000000000001,0,0,0,0,1,0,212370,undefined,undefined
894542,1240730954868,1240732552613,0,1042,6,160,0,0,0,80094,2,null
896753,1240729355641,1240729968435,0,605,3,201.66666666666666,0,0,0,0,1,null
897577,1240733512828,1240733637381,0,0,0,0,0,0,0,0,1,null
899612,1240733845477,0,0,0,0,0,0,0,0,0,1,0
899745,1240733671115,1240733848015,0,0,0,0,0,0,0,0,1,null
900033,1240733093898,1240733103904,0,0,0,0,0,0,0,0,1,null
<<<<EndTable

PlayersOnlineNow=22
PlayersOnlineEachMinute=0, 5, 8, 8, 9, 10, 10, 10, 10, 11, 11, 10, 12, 12, 13, 14, 14, 14, 16, 17, 19, 19, 19, 18, 19, 19, 18, 17, 21, 20, 19, 19, 18, 19, 18, 19, 19, 19, 19, 19, 20, 21, 21, 23, 24, 23, 23, 21, 22, 25, 24, 25, 24, 25, 24, 24, 24, 24, 24, 22, 22, 22, 22, 20, 23, 23, 21, 19, 18, 19, 17, 16, 17, 16, 18, 18, 20, 21, 20, 21
PlayersInEachFeedingGame=1, 1, 1, 1, 1, 2, 1, 2, 2, 1, 1, 1, 1, 1, 1, 2, 1, 1, 2, 2, 1, 1, 1, 2, 1, 2, 1, 1, 1, 1, 3, 2, 2, 2, 2, 2, 2, 2, 2, 1, 1, 2, 2, 1, 2, 2, 1, 2, 2, 1, 2, 1, 1, 2, 1, 2, 1, 2, 2, 1, 2, 1, 2, 2, 2, 1, 2, 2, 2, 1, 2, 1, 2, 1, 1, 2, 2, 2, 1, 2, 1, 1, 2, 2, 2, 2, 2, 2, 2, 1, 2, 1, 3, 2, 2, 1, 2, 2, 1, 2, 2, 2, 1, 1, 1, 2, 1, 2, 2, 1, 1, 2
PlayersStarted=91
PlayersQuit=69
StatsStartTime=1240729312270
StatsDumpTime=1240734112472
<<<<EndStats
2009-04-26 01:22:02,355 ERROR: vampire.server.feeding.FeedingRecord sendPlayerStartGameMsg [playerId=5212, prey=true, _predatorIndex=]
2009-04-26 01:22:02,356 ERROR: vampire.server.feeding.FeedingRecord sendPlayerStartGameMsg [playerId=209842, prey=false, _predatorIndex=]
2009-04-26 01:22:32,698 ERROR: vampire.server.feeding.FeedingRecord sendPlayerStartGameMsg [playerId=3200, prey=true, _predatorIndex=]
2009-04-26 01:22:32,699 ERROR: vampire.server.feeding.FeedingRecord sendPlayerStartGameMsg [playerId=4139, prey=false, _predatorIndex=]
2009-04-26 01:22:50,083 ERROR: vampire.server.feeding.FeedingRecord sendPlayerStartGameMsg [playerId=340461, prey=false, _predatorIndex=]
2009-04-26 01:24:27,317 ERROR: vampire.server.feeding.FeedingRecord sendPlayerStartGameMsg [playerId=61153, prey=false, _predatorIndex=846950]
2009-04-26 01:25:14,972 ERROR: vampire.server.feeding.FeedingRecord sendPlayerStartGameMsg [playerId=899612, prey=true, _predatorIndex=]
2009-04-26 01:25:14,973 ERROR: vampire.server.feeding.FeedingRecord sendPlayerStartGameMsg [playerId=230164, prey=false, _predatorIndex=]
2009-04-26 01:25:25,278 ERROR: vampire.server.feeding.FeedingRecord sendPlayerStartGameMsg [playerId=340461, prey=false, _predatorIndex=]
2009-04-26 01:25:54,196 ERROR: vampire.server.feeding.FeedingRecord sendPlayerStartGameMsg [playerId=859223, prey=false, _predatorIndex=]
2009-04-26 01:26:53,895 ERROR: vampire.server.feeding.FeedingRecord sendPlayerStartGameMsg [playerId=847929, prey=false, _predatorIndex=]
2009-04-26 01:26:59,004 ERROR: vampire.server.feeding.FeedingRecord sendPlayerStartGameMsg [playerId=209842, prey=false, _predatorIndex=846950,61153]
2009-04-26 01:27:03,830 ERROR: vampire.server.feeding.FeedingRecord sendPlayerStartGameMsg [playerId=58859, prey=false, _predatorIndex=846950,61153,209842]
2009-04-26 01:28:18,034 ERROR: vampire.server.feeding.FeedingRecord sendPlayerStartGameMsg [playerId=44987, prey=true, _predatorIndex=]
2009-04-26 01:28:18,035 ERROR: vampire.server.feeding.FeedingRecord sendPlayerStartGameMsg [playerId=899612, prey=false, _predatorIndex=]
Error! Your code is broken! Unable to call a host method, perhaps you've been shut down? [msg=Room not in game [roomId=1], trace=Error: Room not in game [roomId=1]
	at com.threerings.msoy.avrg.client::ThaneAVRGameController/getRoomProps()[/export/bamboo/bamboo-home/xml-data/build-dir/WHIRLED-PROD/src/as/com/threerings/msoy/avrg/client/ThaneAVRGameController.as:182]
	at com.threerings.msoy.avrg.client::ThaneAVRGameBackend/room_sendMessage_v1()[/export/bamboo/bamboo-home/xml-data/build-dir/WHIRLED-PROD/src/as/com/threerings/msoy/avrg/client/ThaneAVRGameBackend.as:540]
	at Function/http://adobe.com/AS3/2006/builtin::apply()
	at com.whirled::AbstractControl/callHostCode()
	at Function/http://adobe.com/AS3/2006/builtin::apply()
	at com.whirled::AbstractSubControl/callHostCode()
	at Function/http://adobe.com/AS3/2006/builtin::apply()
	at com.whirled::TargetedSubControl/callHostCode()
	at com.whirled.avrg::RoomSubControlServer/sendMessage()
	at vampire.feeding.server::ServerCtx/sendMessage()
	at vampire.feeding.server::ServerGameMode/onTimeOver()
	at flash.events::EventDispatcher/dispatchEvent()
	at flash.utils::Timer/expire()
	at flash.utils::Timer$/heartbeat()
	at Thane$/heartbeat()
	at Thane$/heartbeat()].
2009-04-26 01:30:53,968 ERROR: vampire.server.feeding.FeedingRecord sendPlayerStartGameMsg [playerId=80094, prey=false, _predatorIndex=]

>>>>BeginStats

>>>>BeginTable
PlayerId, StartTime, EndTime, ProgenyPayout, XPFromFeeding, FeedingGames, MeanFeedingScore, BloodBond, Progeny, GrandProgeny, Sire, Level, Invites
102127,undefined,0,121.55000000000001,0,0,0,0,1,1,168234,undefined,undefined
10260,1240729764531,1240731319885,0,1466,4,438.75,0,4,4,713,11,2
103033,1240731657074,1240732011891,0,183,1,183,767143,5,0,81899,4,null
12,undefined,0,543.7,0,0,0,0,19,44,383387,undefined,undefined
120076,undefined,0,121.60000000000002,0,0,0,0,9,1,34987,undefined,undefined
122907,undefined,0,304.6,0,0,0,0,6,7,251062,undefined,undefined
1265,undefined,0,123.55000000000001,0,0,0,0,5,11,12,undefined,undefined
12770,undefined,0,646.1500000000001,0,0,0,0,19,17,383387,undefined,undefined
12791,undefined,0,496.35000000000014,0,0,0,0,9,9,12,undefined,undefined
129679,1240731931466,1240733518153,0,1389,8,226.25,0,0,0,21067,3,1
131355,undefined,0,6,0,0,0,0,1,2,461901,undefined,undefined
133711,1240730911956,1240731598053,0,931,3,125,0,0,0,88366,3,0
141288,1240730452544,1240733003703,0,1942,6,283.6666666666667,841332,3,0,510740,4,null
142178,undefined,0,714.9000000000001,0,0,0,0,2,9,73621,undefined,undefined
143538,undefined,0,75.05000000000001,0,0,0,0,2,15,1531,undefined,undefined
144314,1240730096216,1240730273563,0,0,0,0,0,0,0,0,1,null
145421,1240732097418,1240732618953,0,0,0,0,0,0,0,0,1,null
151500,1240729312406,1240730905435,0,1478,6,157,0,0,0,483162,3,null
156489,undefined,0,142.55000000000004,0,0,0,0,12,14,713,undefined,undefined
159420,undefined,0,264.65,0,0,0,0,1,5,206649,undefined,undefined
160138,undefined,0,161.25,0,0,0,0,6,5,150469,undefined,undefined
169944,undefined,0,243.10000000000002,0,0,0,0,1,0,102127,undefined,undefined
172342,1240731327198,1240731337441,0,0,0,0,0,0,0,320570,1,0
173409,1240732604614,0,0,0,0,0,0,0,0,197193,1,0
176013,1240732360440,1240732396564,0,0,0,0,327986,3,1,95378,4,1
177614,1240731241669,1240732275446,0,153,1,130,0,3,0,3200,3,1
178366,1240733135245,1240733254690,0,1501,7,212.71428571428572,0,0,0,259344,3,0
181738,undefined,0,78.70000000000002,0,0,0,0,5,4,12791,undefined,undefined
190687,undefined,0,31.200000000000003,0,0,0,0,7,5,383937,undefined,undefined
190982,1240732311004,1240733281298,0,0,0,0,0,0,0,0,1,null
191984,1240730981639,1240733611032,223.35000000000002,6049,20,338.35,191950,9,4,142178,8,3
195736,undefined,0,12.9,0,0,0,0,6,11,334835,undefined,undefined
196543,1240734075661,0,0,1464,9,110.33333333333333,0,0,0,32314,3,0
209842,1240734045899,0,0,943,3,210.33333333333334,0,0,0,5212,3,0
210155,1240729532369,1240733219509,0,2270,12,145.58333333333334,0,0,0,217283,2,null
21067,undefined,0,138.9,0,0,0,0,2,0,302907,undefined,undefined
212370,undefined,0,46.550000000000004,0,0,0,0,8,1,105778,undefined,undefined
217283,1240734246246,0,185.40000000000003,5293,14,485.07142857142856,0,18,13,57393,10,3
223864,undefined,0,354.35,0,0,0,0,5,16,160138,undefined,undefined
230164,1240733803094,0,0,624,2,428,510740,7,1,250837,12,2
23340,undefined,0,8.1,0,0,0,0,6,4,383387,undefined,undefined
239429,1240733110131,1240733328772,0,0,0,0,0,0,0,0,1,null
250837,undefined,0,62.400000000000006,0,0,0,0,1,7,190687,undefined,undefined
251062,undefined,0,152.3,0,0,0,0,6,6,296361,undefined,undefined
256746,1240729378745,1240730678703,0,1335,5,241.8,260844,5,28,61984,8,6
258951,1240732209378,1240733059753,135.5,558,3,267.3333333333333,555644,10,13,1265,11,8
259344,undefined,0,150.10000000000002,0,0,0,0,15,0,143538,undefined,undefined
297654,1240730317421,1240730951192,0,787,2,351,204487,4,1,181738,11,3
302907,undefined,0,69.45,0,0,0,0,2,2,283855,undefined,undefined
311783,1240730961645,1240731003557,0,0,0,0,0,6,2,11460,8,3
312674,1240734080530,1240734096725,0,0,0,0,0,0,0,0,1,0
3200,1240730947229,1240734446145,63.7,3225,11,398.27272727272725,71724,16,4,223864,12,2
32314,1240729582424,1240729750546,132.3,162,1,215,20731,7,2,40508,12,2
334835,undefined,0,6.45,0,0,0,0,2,6,143501,undefined,undefined
336524,1240732450184,0,0,129,1,182,512737,8,4,195736,9,1
3383,1240730354407,1240734597410,0,4570,9,467.22222222222223,968,4,9,12791,13,2
340461,1240732212223,1240734568927,6.7,2200,12,153.66666666666666,0,1,0,191984,4,1
340845,1240732992786,1240733051475,0,0,0,0,0,1,0,184355,2,0
34987,undefined,0,45.25,0,0,0,0,2,9,8842,undefined,undefined
363172,1240731714274,1240732470673,0,0,0,0,0,0,0,600946,2,0
364226,1240732448870,1240733375162,0,0,0,0,0,1,0,210210,3,1
372617,1240734257567,1240734271768,0,0,0,0,612159,2,2,36432,6,1
383387,undefined,0,232.65000000000006,0,0,0,0,3,44,0,undefined,undefined
396113,undefined,0,45.5,0,0,0,0,2,4,44987,undefined,undefined
397835,undefined,0,117.45000000000002,0,0,0,0,5,8,47379,undefined,undefined
40508,undefined,0,82.35,0,0,0,0,4,7,23340,undefined,undefined
4139,1240731847586,1240734699565,0,4280,9,521.5555555555555,16040,11,19,713,14,3
416886,1240731857093,1240731868428,0,0,0,0,0,0,0,0,1,0
430717,1240731018950,1240731371352,0,0,0,0,0,25,9,256746,11,6
44987,1240729342650,1240734665084,384.45,4653,11,612.7272727272727,0,11,16,12770,12,2
47477,undefined,0,338.40000000000003,0,0,0,0,1,0,58859,undefined,undefined
483162,undefined,0,147.8,0,0,0,0,1,0,534632,undefined,undefined
49151,1240732252353,1240732800891,0,566,2,154,0,0,0,0,1,null
493115,1240730724980,1240730816607,0,0,0,0,0,0,0,10260,2,0
510740,undefined,0,503.2,0,0,0,0,48,15,534632,undefined,undefined
5129,1240732483381,1240733950242,0,1621,8,139.25,0,0,0,258951,2,null
5212,1240733990888,0,94.3,954,3,405,2843,14,10,156489,14,2
527214,1240732526476,1240732538018,0,0,0,0,0,0,0,0,1,null
53030,1240732980369,1240734358373,0,3046,6,731.5,0,7,5,122907,12,3
534632,undefined,0,325.50000000000006,0,0,0,0,5,49,445660,undefined,undefined
535,1240734318099,1240734395983,0,0,0,0,0,2,1,147628,10,3
547122,1240730937260,1240731740794,0,252,2,126,0,0,0,0,1,null
557317,1240732176707,1240732564597,0,127,1,74,0,0,0,3200,1,null
57393,undefined,0,622,0,0,0,0,5,19,159420,undefined,undefined
58859,1240734399242,0,169.20000000000002,455,2,469,43017,4,2,396113,12,2
61045,undefined,0,66.75,0,0,0,0,6,1,74372,undefined,undefined
61153,1240733897424,0,0,776,4,153.25,0,0,0,781781,1,0
61984,undefined,0,133.5,0,0,0,0,1,5,61045,undefined,undefined
630520,1240732626632,0,0,560,5,91.4,0,0,0,3200,1,0
65812,1240730174944,1240732816395,0,2431,14,171.92857142857142,80094,0,0,169944,4,null
70997,undefined,0,287,0,0,0,0,8,5,397835,undefined,undefined
713,undefined,0,622.3000000000001,0,0,0,0,9,27,12,undefined,undefined
729225,undefined,0,12,0,0,0,0,2,0,131355,undefined,undefined
73621,undefined,0,302.45,0,0,0,0,2,2,112194,undefined,undefined
772113,1240731405889,1240733463528,0,1430,7,227.57142857142858,0,0,0,510740,4,null
773108,1240729993671,1240732101316,0,1660,5,257.6,0,4,2,510740,4,null
778166,1240730473481,1240731219311,0,120,2,44,0,0,0,729225,1,null
781781,1240733835165,0,62.2,905,5,190.4,0,1,0,120076,2,0
80094,1240729989981,0,104.19999999999999,2349,13,176.53846153846155,65812,5,0,70997,4,4
802319,undefined,0,9.15,0,0,0,0,2,4,773108,undefined,undefined
814516,1240731915510,1240733454321,0,3384,8,305.125,0,0,0,47477,3,null
81899,undefined,0,18.3,0,0,0,0,4,6,802319,undefined,undefined
845103,1240730386799,1240731110066,0,0,0,0,0,0,0,0,1,null
846950,1240731684821,0,0,3727,15,120.13333333333334,0,0,0,44987,3,0
847929,1240733861880,1240734420780,0,133,2,63,0,0,0,340461,1,null
8527,1240733450974,1240733503523,0,0,0,0,0,1,0,503,6,1
859223,1240733142665,0,0,581,4,140.5,0,0,0,0,1,0
88366,undefined,0,93.10000000000001,0,0,0,0,1,0,212370,undefined,undefined
894542,1240730954868,1240732552613,0,1042,6,160,0,0,0,80094,2,null
895992,1240734643070,0,0,0,0,0,0,0,0,0,1,0
896753,1240729355641,1240729968435,0,605,3,201.66666666666666,0,0,0,0,1,null
897577,1240733512828,1240733637381,0,0,0,0,0,0,0,0,1,null
899612,1240733845477,0,0,390,1,128,0,0,0,0,1,0
899745,1240733671115,1240733848015,0,0,0,0,0,0,0,0,1,null
900033,1240733093898,1240733103904,0,0,0,0,0,0,0,0,1,null
90342,1240734563172,1240734688667,0,0,0,0,0,0,0,0,1,0
<<<<EndTable

PlayersOnlineNow=16
PlayersOnlineEachMinute=0, 5, 8, 8, 9, 10, 10, 10, 10, 11, 11, 10, 12, 12, 13, 14, 14, 14, 16, 17, 19, 19, 19, 18, 19, 19, 18, 17, 21, 20, 19, 19, 18, 19, 18, 19, 19, 19, 19, 19, 20, 21, 21, 23, 24, 23, 23, 21, 22, 25, 24, 25, 24, 25, 24, 24, 24, 24, 24, 22, 22, 22, 22, 20, 23, 23, 21, 19, 18, 19, 17, 16, 17, 16, 18, 18, 20, 21, 20, 21, 22, 22, 21, 22, 22, 21, 19, 19, 19, 19
PlayersInEachFeedingGame=1, 1, 1, 1, 1, 2, 1, 2, 2, 1, 1, 1, 1, 1, 1, 2, 1, 1, 2, 2, 1, 1, 1, 2, 1, 2, 1, 1, 1, 1, 3, 2, 2, 2, 2, 2, 2, 2, 2, 1, 1, 2, 2, 1, 2, 2, 1, 2, 2, 1, 2, 1, 1, 2, 1, 2, 1, 2, 2, 1, 2, 1, 2, 2, 2, 1, 2, 2, 2, 1, 2, 1, 2, 1, 1, 2, 2, 2, 1, 2, 1, 1, 2, 2, 2, 2, 2, 2, 2, 1, 2, 1, 3, 2, 2, 1, 2, 2, 1, 2, 2, 2, 1, 1, 1, 2, 1, 2, 2, 1, 1, 2, 2, 1, 2, 2, 1, 1, 1, 2, 1
PlayersStarted=97
PlayersQuit=81
StatsStartTime=1240729312270
StatsDumpTime=1240734712498
<<<<EndStats
2009-04-26 01:32:15,459 ERROR: vampire.server.feeding.FeedingRecord sendPlayerStartGameMsg [playerId=895992, prey=false, _predatorIndex=846950,61153,209842,58859]
2009-04-26 01:32:29,310 ERROR: vampire.server.feeding.FeedingRecord sendPlayerStartGameMsg [playerId=899612, prey=true, _predatorIndex=]
2009-04-26 01:32:29,310 ERROR: vampire.server.feeding.FeedingRecord sendPlayerStartGameMsg [playerId=209842, prey=false, _predatorIndex=]
2009-04-26 01:32:31,272 ERROR: vampire.server.feeding.FeedingRecord sendPlayerStartGameMsg [playerId=5212, prey=true, _predatorIndex=]
2009-04-26 01:32:31,273 ERROR: vampire.server.feeding.FeedingRecord sendPlayerStartGameMsg [playerId=58859, prey=false, _predatorIndex=]
2009-04-26 01:32:37,819 ERROR: vampire.server.feeding.FeedingRecord sendPlayerStartGameMsg [playerId=61153, prey=false, _predatorIndex=]
2009-04-26 01:33:15,052 ERROR: vampire.server.feeding.FeedingRecord sendPlayerStartGameMsg [playerId=847929, prey=false, _predatorIndex=]
2009-04-26 01:33:45,579 ERROR: vampire.server.feeding.FeedingRecord sendPlayerStartGameMsg [playerId=80094, prey=true, _predatorIndex=]
2009-04-26 01:33:45,586 ERROR: vampire.server.feeding.FeedingRecord sendPlayerStartGameMsg [playerId=859223, prey=false, _predatorIndex=]
2009-04-26 01:34:03,116 ERROR: vampire.server.feeding.FeedingRecord sendPlayerStartGameMsg [playerId=158274, prey=false, _predatorIndex=]
2009-04-26 01:34:20,945 ERROR: vampire.server.feeding.FeedingRecord sendPlayerStartGameMsg [playerId=158274, prey=false, _predatorIndex=]
2009-04-26 01:34:23,496 ERROR: vampire.server.feeding.FeedingRecord sendPlayerStartGameMsg [playerId=846950, prey=false, _predatorIndex=209842]
2009-04-26 01:35:12,616 ERROR: vampire.server.feeding.FeedingRecord sendPlayerStartGameMsg [playerId=217283, prey=true, _predatorIndex=]
2009-04-26 01:35:12,616 ERROR: vampire.server.feeding.FeedingRecord sendPlayerStartGameMsg [playerId=58859, prey=false, _predatorIndex=]
2009-04-26 01:35:24,286 ERROR: vampire.server.feeding.FeedingRecord sendPlayerStartGameMsg [playerId=61153, prey=false, _predatorIndex=58859]
2009-04-26 01:35:30,852 ERROR: vampire.server.feeding.FeedingRecord sendPlayerStartGameMsg [playerId=522658, prey=false, _predatorIndex=58859,61153]
2009-04-26 01:35:50,645 ERROR: vampire.server.feeding.FeedingRecord sendPlayerStartGameMsg [playerId=61153, prey=true, _predatorIndex=]
2009-04-26 01:35:50,645 ERROR: vampire.server.feeding.FeedingRecord sendPlayerStartGameMsg [playerId=522658, prey=false, _predatorIndex=]
2009-04-26 01:36:13,072 ERROR: vampire.server.feeding.FeedingRecord sendPlayerStartGameMsg [playerId=781781, prey=false, _predatorIndex=522658]
2009-04-26 01:36:20,926 ERROR: vampire.server.feeding.FeedingRecord sendPlayerStartGameMsg [playerId=634506, prey=false, _predatorIndex=]
2009-04-26 01:36:50,379 ERROR: vampire.server.feeding.FeedingRecord sendPlayerStartGameMsg [playerId=859223, prey=false, _predatorIndex=]
2009-04-26 01:37:09,029 ERROR: vampire.server.feeding.FeedingRecord sendPlayerStartGameMsg [playerId=191984, prey=true, _predatorIndex=]
2009-04-26 01:37:09,030 ERROR: vampire.server.feeding.FeedingRecord sendPlayerStartGameMsg [playerId=158274, prey=false, _predatorIndex=]
2009-04-26 01:37:10,916 ERROR: vampire.server.feeding.FeedingRecord sendPlayerStartGameMsg [playerId=781781, prey=true, _predatorIndex=]
2009-04-26 01:37:10,917 ERROR: vampire.server.feeding.FeedingRecord sendPlayerStartGameMsg [playerId=114384, prey=false, _predatorIndex=]
2009-04-26 01:37:55,549 ERROR: vampire.server.feeding.FeedingRecord sendPlayerStartGameMsg [playerId=336524, prey=true, _predatorIndex=]
2009-04-26 01:37:55,550 ERROR: vampire.server.feeding.FeedingRecord sendPlayerStartGameMsg [playerId=58859, prey=false, _predatorIndex=]
2009-04-26 01:38:27,771 ERROR: vampire.server.feeding.FeedingRecord sendPlayerStartGameMsg [playerId=61153, prey=true, _predatorIndex=]
2009-04-26 01:38:27,771 ERROR: vampire.server.feeding.FeedingRecord sendPlayerStartGameMsg [playerId=780028, prey=false, _predatorIndex=]
2009-04-26 01:38:31,510 ERROR: vampire.server.feeding.FeedingRecord sendPlayerStartGameMsg [playerId=612041, prey=false, _predatorIndex=114384]
2009-04-26 01:38:56,677 ERROR: vampire.server.feeding.FeedingRecord sendPlayerStartGameMsg [playerId=65812, prey=false, _predatorIndex=859223]
2009-04-26 01:40:44,246 ERROR: vampire.server.feeding.FeedingRecord sendPlayerStartGameMsg [playerId=780028, prey=true, _predatorIndex=]
2009-04-26 01:40:44,247 ERROR: vampire.server.feeding.FeedingRecord sendPlayerStartGameMsg [playerId=58859, prey=false, _predatorIndex=]
2009-04-26 01:41:25,300 ERROR: vampire.server.feeding.FeedingRecord sendPlayerStartGameMsg [playerId=847929, prey=false, _predatorIndex=]

>>>>BeginStats

>>>>BeginTable
PlayerId, StartTime, EndTime, ProgenyPayout, XPFromFeeding, FeedingGames, MeanFeedingScore, BloodBond, Progeny, GrandProgeny, Sire, Level, Invites
102127,undefined,0,130.95000000000002,0,0,0,0,1,1,168234,undefined,undefined
10260,1240729764531,1240731319885,0,1466,4,438.75,0,4,4,713,11,2
103033,1240731657074,1240732011891,0,183,1,183,767143,5,0,81899,4,null
10642,undefined,0,19.3,0,0,0,0,22,5,351598,undefined,undefined
114384,1240734992242,0,0,322,2,114.5,0,0,0,208246,2,0
12,undefined,0,543.7,0,0,0,0,19,44,383387,undefined,undefined
120076,undefined,0,199.65000000000003,0,0,0,0,9,1,34987,undefined,undefined
122907,undefined,0,304.6,0,0,0,0,6,7,251062,undefined,undefined
1265,undefined,0,123.55000000000001,0,0,0,0,5,11,12,undefined,undefined
12770,undefined,0,668.1000000000001,0,0,0,0,19,18,383387,undefined,undefined
12791,undefined,0,496.35000000000014,0,0,0,0,9,9,12,undefined,undefined
129679,1240731931466,1240733518153,0,1389,8,226.25,0,0,0,21067,3,1
131355,undefined,0,6,0,0,0,0,1,2,461901,undefined,undefined
133711,1240730911956,1240731598053,0,931,3,125,0,0,0,88366,3,0
141288,1240730452544,1240733003703,0,1942,6,283.6666666666667,841332,3,0,510740,4,null
142178,undefined,0,728.2,0,0,0,0,2,9,73621,undefined,undefined
143538,undefined,0,75.05000000000001,0,0,0,0,2,15,1531,undefined,undefined
144314,1240730096216,1240730273563,0,0,0,0,0,0,0,0,1,null
145421,1240732097418,1240732618953,0,0,0,0,0,0,0,0,1,null
145609,undefined,0,16.1,0,0,0,0,4,2,92300,undefined,undefined
151500,1240729312406,1240730905435,0,1478,6,157,0,0,0,483162,3,null
156489,undefined,0,210.40000000000003,0,0,0,0,12,14,713,undefined,undefined
158274,1240734828012,0,0,246,2,128,0,0,0,32314,3,0
159420,undefined,0,272.34999999999997,0,0,0,0,1,5,206649,undefined,undefined
160138,undefined,0,161.25,0,0,0,0,6,5,150469,undefined,undefined
165735,1240735267328,0,0,0,0,0,0,0,0,169326,1,0
169944,undefined,0,261.90000000000003,0,0,0,0,1,0,102127,undefined,undefined
172342,1240731327198,1240731337441,0,0,0,0,0,0,0,320570,1,0
173409,1240732604614,0,0,0,0,0,0,0,0,197193,1,0
176013,1240732360440,1240732396564,0,0,0,0,327986,3,1,95378,4,1
177614,1240731241669,1240732275446,0,153,1,130,0,3,0,3200,3,1
178366,1240733135245,1240733254690,0,1501,7,212.71428571428572,0,0,0,259344,3,0
181738,undefined,0,78.70000000000002,0,0,0,0,5,4,12791,undefined,undefined
190687,undefined,0,31.200000000000003,0,0,0,0,7,6,383937,undefined,undefined
190982,1240732311004,1240733281298,0,0,0,0,0,0,0,0,1,null
191984,1240734869195,0,236.95000000000002,6182,21,328.04761904761904,191950,9,4,142178,8,3
195736,undefined,0,45,0,0,0,0,6,11,334835,undefined,undefined
196543,1240734075661,1240734722957,0,1464,9,110.33333333333333,0,0,0,32314,3,null
207373,1240735297855,0,0,0,0,0,0,0,0,142343,1,0
208246,undefined,0,32.2,0,0,0,0,2,0,145609,undefined,undefined
209842,1240734045899,1240734976979,0,1096,4,200.75,0,0,0,5212,3,null
210155,1240735137232,0,0,2270,12,145.58333333333334,0,0,0,217283,2,0
21067,undefined,0,138.9,0,0,0,0,2,0,302907,undefined,undefined
212370,undefined,0,46.550000000000004,0,0,0,0,8,2,105778,undefined,undefined
217283,1240734246246,0,185.40000000000003,5447,15,460.06666666666666,0,18,13,57393,10,3
223864,undefined,0,354.35,0,0,0,0,5,16,160138,undefined,undefined
230164,1240733803094,1240734818048,0,624,2,428,510740,7,1,250837,12,2
23340,undefined,0,8.1,0,0,0,0,6,4,383387,undefined,undefined
239429,1240733110131,1240733328772,0,0,0,0,0,0,0,0,1,null
250837,undefined,0,62.400000000000006,0,0,0,0,1,7,190687,undefined,undefined
251062,undefined,0,152.3,0,0,0,0,6,6,296361,undefined,undefined
256746,1240729378745,1240730678703,0,1335,5,241.8,260844,5,28,61984,8,6
258951,1240732209378,1240733059753,135.5,558,3,267.3333333333333,555644,10,13,1265,11,8
259344,undefined,0,150.10000000000002,0,0,0,0,15,0,143538,undefined,undefined
297654,1240730317421,1240730951192,0,787,2,351,204487,4,1,181738,11,3
302907,undefined,0,69.45,0,0,0,0,2,2,283855,undefined,undefined
311783,1240730961645,1240731003557,0,0,0,0,0,6,2,11460,8,3
312674,1240734080530,1240734096725,0,0,0,0,0,0,0,0,1,0
3200,1240730947229,1240734446145,63.7,3225,11,398.27272727272725,71724,16,4,223864,12,2
32314,1240729582424,1240729750546,156.90000000000003,162,1,215,20731,7,2,40508,12,2
334835,undefined,0,22.5,0,0,0,0,2,6,143501,undefined,undefined
336524,1240732450184,0,0,450,2,210.5,512737,8,4,195736,9,1
3383,1240730354407,1240734597410,0,4570,9,467.22222222222223,968,4,9,12791,13,2
340461,1240732212223,1240734568927,33.900000000000006,2200,12,153.66666666666666,0,1,0,191984,4,1
340845,1240732992786,1240733051475,0,0,0,0,0,1,0,184355,2,0
34987,undefined,0,75.7,0,0,0,0,2,9,8842,undefined,undefined
351598,undefined,0,9.65,0,0,0,0,1,22,359624,undefined,undefined
363172,1240731714274,1240732470673,0,0,0,0,0,0,0,600946,2,0
364226,1240732448870,1240733375162,0,0,0,0,0,1,0,210210,3,1
372617,1240734257567,1240734271768,0,0,0,0,612159,2,2,36432,6,1
383387,undefined,0,232.65000000000006,0,0,0,0,3,44,0,undefined,undefined
396113,undefined,0,153.20000000000002,0,0,0,0,2,4,44987,undefined,undefined
397835,undefined,0,133.4,0,0,0,0,5,8,47379,undefined,undefined
40508,undefined,0,94.65,0,0,0,0,4,7,23340,undefined,undefined
4139,1240731847586,1240734699565,0,4280,9,521.5555555555555,16040,11,19,713,14,3
416886,1240731857093,1240731868428,0,0,0,0,0,0,0,0,1,0
430717,1240731018950,1240731371352,0,0,0,0,0,25,9,256746,11,6
44987,1240735177619,0,482.2,4653,11,612.7272727272727,0,11,16,12770,12,2
47477,undefined,0,338.40000000000003,0,0,0,0,1,0,58859,undefined,undefined
483162,undefined,0,147.8,0,0,0,0,1,0,534632,undefined,undefined
49151,1240732252353,1240732800891,0,566,2,154,0,0,0,0,1,null
493115,1240730724980,1240730816607,0,0,0,0,0,0,0,10260,2,0
510740,undefined,0,503.2,0,0,0,0,48,15,534632,undefined,undefined
5129,1240732483381,1240733950242,0,1621,8,139.25,0,0,0,258951,2,null
5212,1240733990888,0,109.6,1556,4,423.75,2843,14,10,156489,14,2
522658,1240734890426,0,0,193,1,215,0,5,4,10642,4,0
527214,1240732526476,1240732538018,0,0,0,0,0,0,0,0,1,null
53030,1240732980369,1240734358373,0,3046,6,731.5,0,7,5,122907,12,3
534632,undefined,0,325.50000000000006,0,0,0,0,5,49,445660,undefined,undefined
535,1240734318099,1240734395983,0,0,0,0,0,2,1,147628,10,3
547122,1240730937260,1240731740794,0,252,2,126,0,0,0,0,1,null
557317,1240732176707,1240732564597,0,127,1,74,0,0,0,3200,1,null
57393,undefined,0,637.4,0,0,0,0,5,19,159420,undefined,undefined
58859,1240734399242,0,169.20000000000002,1532,5,452.2,43017,4,2,396113,12,2
61045,undefined,0,66.75,0,0,0,0,6,1,74372,undefined,undefined
61153,1240733897424,1240735113800,0,1119,6,155.66666666666666,0,0,0,781781,2,null
612041,1240735037457,1240735201168,0,0,0,0,0,0,0,120076,1,null
61984,undefined,0,133.5,0,0,0,0,1,5,61045,undefined,undefined
630520,1240732626632,0,0,560,5,91.4,0,0,0,3200,1,0
634506,1240734933392,1240735141101,0,169,1,169,0,0,0,0,1,null
65812,1240735080481,0,0,2619,15,173,80094,0,0,169944,4,0
70997,undefined,0,336.6,0,0,0,0,8,6,397835,undefined,undefined
713,undefined,0,652.4000000000001,0,0,0,0,9,28,12,undefined,undefined
729225,undefined,0,12,0,0,0,0,2,0,131355,undefined,undefined
73621,undefined,0,309.09999999999997,0,0,0,0,2,2,112194,undefined,undefined
772113,1240731405889,1240733463528,0,1430,7,227.57142857142858,0,0,0,510740,4,null
773108,1240729993671,1240732101316,0,1660,5,257.6,0,4,2,510740,4,null
778166,1240730473481,1240731219311,0,120,2,44,0,0,0,729225,1,null
780028,1240734962305,0,0,0,0,0,0,0,0,141288,2,0
781781,1240733835165,0,96.5,1514,8,215.25,0,1,0,120076,3,0
80094,1240729989981,0,139.6,2668,15,174.06666666666666,65812,6,0,70997,4,4
802319,undefined,0,9.15,0,0,0,0,2,4,773108,undefined,undefined
814516,1240731915510,1240733454321,0,3384,8,305.125,0,0,0,47477,3,null
81899,undefined,0,18.3,0,0,0,0,4,6,802319,undefined,undefined
845103,1240730386799,1240731110066,0,0,0,0,0,0,0,0,1,null
846950,1240731684821,0,0,4166,17,136.58823529411765,0,0,0,44987,3,0
847929,1240734726219,0,0,405,4,99.5,0,0,0,340461,1,0
8527,1240733450974,1240733503523,0,0,0,0,0,1,0,503,6,1
859223,1240733142665,0,0,935,6,153.16666666666666,0,0,0,80094,1,0
88366,undefined,0,93.10000000000001,0,0,0,0,1,0,212370,undefined,undefined
894542,1240730954868,1240732552613,0,1042,6,160,0,0,0,80094,2,null
895992,1240734643070,1240734915485,0,0,0,0,0,0,0,0,1,null
896753,1240729355641,1240729968435,0,605,3,201.66666666666666,0,0,0,0,1,null
897577,1240733512828,1240733637381,0,0,0,0,0,0,0,0,1,null
899612,1240733845477,1240735166074,0,543,2,130.5,0,0,0,0,1,null
899745,1240733671115,1240733848015,0,0,0,0,0,0,0,0,1,null
900033,1240733093898,1240733103904,0,0,0,0,0,0,0,0,1,null
900362,1240735214658,0,0,0,0,0,0,0,0,0,1,0
90342,1240734563172,1240734688667,0,0,0,0,0,0,0,0,1,0
97971,1240735064073,1240735112507,0,0,0,0,139402,4,1,103053,5,4
<<<<EndTable

PlayersOnlineNow=22
PlayersOnlineEachMinute=0, 5, 8, 8, 9, 10, 10, 10, 10, 11, 11, 10, 12, 12, 13, 14, 14, 14, 16, 17, 19, 19, 19, 18, 19, 19, 18, 17, 21, 20, 19, 19, 18, 19, 18, 19, 19, 19, 19, 19, 20, 21, 21, 23, 24, 23, 23, 21, 22, 25, 24, 25, 24, 25, 24, 24, 24, 24, 24, 22, 22, 22, 22, 20, 23, 23, 21, 19, 18, 19, 17, 16, 17, 16, 18, 18, 20, 21, 20, 21, 22, 22, 21, 22, 22, 21, 19, 19, 19, 19, 16, 16, 17, 18, 18, 19, 22, 20, 20, 20
PlayersInEachFeedingGame=1, 1, 1, 1, 1, 2, 1, 2, 2, 1, 1, 1, 1, 1, 1, 2, 1, 1, 2, 2, 1, 1, 1, 2, 1, 2, 1, 1, 1, 1, 3, 2, 2, 2, 2, 2, 2, 2, 2, 1, 1, 2, 2, 1, 2, 2, 1, 2, 2, 1, 2, 1, 1, 2, 1, 2, 1, 2, 2, 1, 2, 1, 2, 2, 2, 1, 2, 2, 2, 1, 2, 1, 2, 1, 1, 2, 2, 2, 1, 2, 1, 1, 2, 2, 2, 2, 2, 2, 2, 1, 2, 1, 3, 2, 2, 1, 2, 2, 1, 2, 2, 2, 1, 1, 1, 2, 1, 2, 2, 1, 1, 2, 2, 1, 2, 2, 1, 1, 1, 2, 1, 2, 2, 1, 1, 2, 1, 2, 2, 1, 1, 2, 2, 2, 2, 1
PlayersStarted=116
PlayersQuit=94
StatsStartTime=1240729312270
StatsDumpTime=1240735312539
<<<<EndStats
2009-04-26 01:41:53,616 ERROR: vampire.server.feeding.FeedingRecord sendPlayerStartGameMsg [playerId=65812, prey=false, _predatorIndex=]
2009-04-26 01:42:34,438 ERROR: vampire.server.feeding.FeedingRecord sendPlayerStartGameMsg [playerId=900362, prey=true, _predatorIndex=]
2009-04-26 01:42:34,439 ERROR: vampire.server.feeding.FeedingRecord sendPlayerStartGameMsg [playerId=114384, prey=false, _predatorIndex=]
2009-04-26 01:42:43,101 ERROR: vampire.server.feeding.FeedingRecord sendPlayerStartGameMsg [playerId=165735, prey=true, _predatorIndex=]
2009-04-26 01:42:43,102 ERROR: vampire.server.feeding.FeedingRecord sendPlayerStartGameMsg [playerId=210155, prey=false, _predatorIndex=]
2009-04-26 01:43:38,289 ERROR: vampire.server.feeding.FeedingRecord sendPlayerStartGameMsg [playerId=859223, prey=false, _predatorIndex=65812]
2009-04-26 01:43:45,167 ERROR: vampire.server.feeding.FeedingRecord sendPlayerStartGameMsg [playerId=58859, prey=false, _predatorIndex=210155]
2009-04-26 01:44:03,246 ERROR: vampire.server.feeding.FeedingRecord sendPlayerStartGameMsg [playerId=859223, prey=false, _predatorIndex=65812,859223]
2009-04-26 01:44:07,372 ERROR: vampire.server.feeding.FeedingRecord sendPlayerStartGameMsg [playerId=900362, prey=true, _predatorIndex=]
2009-04-26 01:44:07,373 ERROR: vampire.server.feeding.FeedingRecord sendPlayerStartGameMsg [playerId=182501, prey=false, _predatorIndex=]
2009-04-26 01:44:16,713 ERROR: vampire.server.feeding.FeedingRecord sendPlayerStartGameMsg [playerId=80094, prey=false, _predatorIndex=65812,859223]
2009-04-26 01:44:37,850 ERROR: vampire.server.feeding.FeedingRecord sendPlayerStartGameMsg [playerId=207373, prey=true, _predatorIndex=]
2009-04-26 01:44:37,851 ERROR: vampire.server.feeding.FeedingRecord sendPlayerStartGameMsg [playerId=847929, prey=false, _predatorIndex=]
2009-04-26 01:44:48,821 ERROR: vampire.server.feeding.FeedingRecord sendPlayerStartGameMsg [playerId=846950, prey=false, _predatorIndex=]
2009-04-26 01:45:16,903 ERROR: vampire.server.feeding.FeedingRecord sendPlayerStartGameMsg [playerId=5212, prey=true, _predatorIndex=]
2009-04-26 01:45:16,903 ERROR: vampire.server.feeding.FeedingRecord sendPlayerStartGameMsg [playerId=58859, prey=false, _predatorIndex=]
2009-04-26 01:45:51,468 ERROR: vampire.server.feeding.FeedingRecord sendPlayerStartGameMsg [playerId=900362, prey=true, _predatorIndex=]
2009-04-26 01:45:51,469 ERROR: vampire.server.feeding.FeedingRecord sendPlayerStartGameMsg [playerId=182501, prey=false, _predatorIndex=]
2009-04-26 01:46:09,045 ERROR: vampire.server.feeding.FeedingRecord sendPlayerStartGameMsg [playerId=210155, prey=true, _predatorIndex=]
2009-04-26 01:46:09,046 ERROR: vampire.server.feeding.FeedingRecord sendPlayerStartGameMsg [playerId=165735, prey=false, _predatorIndex=]
2009-04-26 01:48:27,830 ERROR: vampire.server.feeding.FeedingRecord sendPlayerStartGameMsg [playerId=5212, prey=true, _predatorIndex=]
2009-04-26 01:48:27,831 ERROR: vampire.server.feeding.FeedingRecord sendPlayerStartGameMsg [playerId=620394, prey=false, _predatorIndex=]
2009-04-26 01:48:51,574 ERROR: vampire.server.feeding.FeedingRecord sendPlayerStartGameMsg [playerId=182501, prey=true, _predatorIndex=]
2009-04-26 01:48:51,575 ERROR: vampire.server.feeding.FeedingRecord sendPlayerStartGameMsg [playerId=900362, prey=false, _predatorIndex=]
2009-04-26 01:50:05,520 ERROR: vampire.server.feeding.FeedingRecord sendPlayerStartGameMsg [playerId=847929, prey=true, _predatorIndex=]
2009-04-26 01:50:05,521 ERROR: vampire.server.feeding.FeedingRecord sendPlayerStartGameMsg [playerId=164902, prey=false, _predatorIndex=]
2009-04-26 01:50:06,248 ERROR: vampire.server.feeding.FeedingRecord sendPlayerStartGameMsg [playerId=859223, prey=true, _predatorIndex=]
2009-04-26 01:50:06,249 ERROR: vampire.server.feeding.FeedingRecord sendPlayerStartGameMsg [playerId=80094, prey=false, _predatorIndex=]
2009-04-26 01:50:42,374 ERROR: vampire.server.feeding.FeedingRecord sendPlayerStartGameMsg [playerId=348886, prey=true, _predatorIndex=]
2009-04-26 01:50:42,375 ERROR: vampire.server.feeding.FeedingRecord sendPlayerStartGameMsg [playerId=207373, prey=false, _predatorIndex=]
2009-04-26 01:50:55,944 ERROR: vampire.server.feeding.FeedingRecord sendPlayerStartGameMsg [playerId=202328, prey=true, _predatorIndex=]
2009-04-26 01:50:55,945 ERROR: vampire.server.feeding.FeedingRecord sendPlayerStartGameMsg [playerId=620394, prey=false, _predatorIndex=]
2009-04-26 01:51:18,357 ERROR: vampire.server.feeding.FeedingRecord sendPlayerStartGameMsg [playerId=182501, prey=true, _predatorIndex=]
2009-04-26 01:51:18,358 ERROR: vampire.server.feeding.FeedingRecord sendPlayerStartGameMsg [playerId=900362, prey=false, _predatorIndex=]
2009-04-26 01:51:21,862 ERROR: vampire.server.feeding.FeedingRecord sendPlayerStartGameMsg [playerId=781781, prey=true, _predatorIndex=]
2009-04-26 01:51:21,863 ERROR: vampire.server.feeding.FeedingRecord sendPlayerStartGameMsg [playerId=780672, prey=false, _predatorIndex=]

>>>>BeginStats

>>>>BeginTable
PlayerId, StartTime, EndTime, ProgenyPayout, XPFromFeeding, FeedingGames, MeanFeedingScore, BloodBond, Progeny, GrandProgeny, Sire, Level, Invites
102127,undefined,0,147.00000000000003,0,0,0,0,1,1,168234,undefined,undefined
10260,1240729764531,1240731319885,0,1466,4,438.75,0,4,4,713,11,2
103033,1240731657074,1240732011891,0,183,1,183,767143,5,0,81899,4,null
10642,undefined,0,19.3,0,0,0,0,22,5,351598,undefined,undefined
114384,1240734992242,1240735825973,0,377,3,113,0,0,0,208246,2,0
12,undefined,0,543.7,0,0,0,0,19,56,383387,undefined,undefined
120076,undefined,0,199.65000000000003,0,0,0,0,9,1,34987,undefined,undefined
122494,1240735891953,0,0,0,0,0,0,0,0,582081,2,0
122907,undefined,0,304.6,0,0,0,0,6,7,251062,undefined,undefined
1265,undefined,0,123.55000000000001,0,0,0,0,5,11,12,undefined,undefined
12770,undefined,0,678.5000000000001,0,0,0,0,19,18,383387,undefined,undefined
12791,undefined,0,496.35000000000014,0,0,0,0,9,9,12,undefined,undefined
129679,1240731931466,1240733518153,0,1389,8,226.25,0,0,0,21067,3,1
131355,undefined,0,6,0,0,0,0,1,2,461901,undefined,undefined
133711,1240730911956,1240731598053,0,931,3,125,0,0,0,88366,3,0
141288,1240730452544,1240733003703,37.300000000000004,1942,6,283.6666666666667,841332,3,0,510740,4,null
142178,undefined,0,728.2,0,0,0,0,2,9,73621,undefined,undefined
143538,undefined,0,75.05000000000001,0,0,0,0,2,15,1531,undefined,undefined
144314,1240730096216,1240730273563,0,0,0,0,0,0,0,0,1,null
145421,1240732097418,1240732618953,0,0,0,0,0,0,0,0,1,null
145609,undefined,0,18.85,0,0,0,0,4,2,92300,undefined,undefined
151500,1240729312406,1240730905435,0,1478,6,157,0,0,0,483162,3,null
156489,undefined,0,318.1,0,0,0,0,12,14,713,undefined,undefined
158274,1240734828012,1240735356127,0,246,2,128,0,0,0,32314,3,null
159420,undefined,0,272.34999999999997,0,0,0,0,1,5,206649,undefined,undefined
160138,undefined,0,161.25,0,0,0,0,6,5,150469,undefined,undefined
164902,1240735758546,0,0,0,0,0,0,0,0,217283,3,0
165735,1240735267328,1240735829690,0,333,2,155,0,0,0,169326,1,null
169326,undefined,0,33.300000000000004,0,0,0,0,1,0,180789,undefined,undefined
169944,undefined,0,294.00000000000006,0,0,0,0,1,0,102127,undefined,undefined
172342,1240731327198,1240731337441,0,0,0,0,0,0,0,320570,1,0
173409,1240732604614,0,0,0,0,0,0,0,0,197193,1,0
176013,1240732360440,1240732396564,0,0,0,0,327986,3,1,95378,4,1
177614,1240731241669,1240732275446,0,153,1,130,0,3,0,3200,3,1
178366,1240733135245,1240733254690,0,1501,7,212.71428571428572,0,0,0,259344,3,0
180789,undefined,0,16.650000000000002,0,0,0,0,2,1,58030,undefined,undefined
181738,undefined,0,78.70000000000002,0,0,0,0,5,4,12791,undefined,undefined
182501,1240735387758,0,16.6,358,2,282.5,108722,6,0,430717,7,3
1892,1240735795182,0,0,0,0,0,455390,15,6,995,10,2
190687,undefined,0,31.200000000000003,0,0,0,0,7,6,383937,undefined,undefined
190982,1240732311004,1240733281298,0,0,0,0,0,0,0,0,1,null
191984,1240734869195,0,247.85000000000002,6182,21,328.04761904761904,191950,9,4,142178,8,3
195736,undefined,0,45,0,0,0,0,6,11,334835,undefined,undefined
196543,1240734075661,1240734722957,0,1464,9,110.33333333333333,0,0,0,32314,3,null
202328,1240735716405,0,0,0,0,0,0,4,3,173395,4,0
207373,1240735297855,0,0,87,1,86,0,0,0,142343,1,0
208246,undefined,0,37.7,0,0,0,0,2,0,145609,undefined,undefined
209842,1240734045899,1240734976979,0,1096,4,200.75,0,0,0,5212,3,null
210155,1240735137232,1240735808038,0,2603,14,150.21428571428572,0,0,0,217283,2,null
21067,undefined,0,138.9,0,0,0,0,2,0,302907,undefined,undefined
212370,undefined,0,46.550000000000004,0,0,0,0,8,2,105778,undefined,undefined
217283,1240734246246,0,218.70000000000002,5447,15,460.06666666666666,0,18,13,57393,10,3
223864,undefined,0,354.35,0,0,0,0,5,17,160138,undefined,undefined
230164,1240735361585,0,0,624,2,428,510740,7,1,250837,12,2
23340,undefined,0,8.1,0,0,0,0,6,4,383387,undefined,undefined
239429,1240733110131,1240733328772,0,0,0,0,0,0,0,0,1,null
250837,undefined,0,62.400000000000006,0,0,0,0,1,7,190687,undefined,undefined
251062,undefined,0,152.3,0,0,0,0,6,6,296361,undefined,undefined
256746,1240729378745,1240730678703,17.900000000000002,1335,5,241.8,260844,5,28,61984,8,6
258951,1240732209378,1240733059753,135.5,558,3,267.3333333333333,555644,10,13,1265,11,8
259344,undefined,0,150.10000000000002,0,0,0,0,15,0,143538,undefined,undefined
2843,undefined,0,23.400000000000002,0,0,0,0,7,27,3383,undefined,undefined
297654,1240730317421,1240730951192,0,787,2,351,204487,4,1,181738,11,3
302907,undefined,0,69.45,0,0,0,0,2,2,283855,undefined,undefined
311783,1240730961645,1240731003557,0,0,0,0,0,6,2,11460,8,3
312674,1240734080530,1240734096725,0,0,0,0,0,0,0,0,1,0
3200,1240730947229,1240734446145,63.7,3225,11,398.27272727272725,71724,16,4,223864,12,2
32314,1240729582424,1240729750546,156.90000000000003,162,1,215,20731,7,2,40508,12,2
334835,undefined,0,22.5,0,0,0,0,2,6,143501,undefined,undefined
336524,1240732450184,1240735657685,0,450,2,210.5,512737,8,4,195736,9,1
3383,1240730354407,1240734597410,11.700000000000001,4570,9,467.22222222222223,968,4,9,12791,13,2
340461,1240732212223,1240734568927,55.70000000000001,2200,12,153.66666666666666,0,1,0,191984,4,1
340845,1240732992786,1240733051475,0,0,0,0,0,1,0,184355,2,0
348886,1240735799985,0,0,0,0,0,0,1,0,59534,2,1
34987,undefined,0,75.7,0,0,0,0,2,9,8842,undefined,undefined
351598,undefined,0,9.65,0,0,0,0,1,22,359624,undefined,undefined
363172,1240731714274,1240732470673,0,0,0,0,0,0,0,600946,2,0
364226,1240732448870,1240733375162,0,0,0,0,0,1,0,210210,3,1
372617,1240734257567,1240734271768,0,0,0,0,612159,2,2,36432,6,1
383387,undefined,0,232.65000000000006,0,0,0,0,3,44,0,undefined,undefined
396113,undefined,0,274.80000000000007,0,0,0,0,2,4,44987,undefined,undefined
397835,undefined,0,133.4,0,0,0,0,5,8,47379,undefined,undefined
40508,undefined,0,94.65,0,0,0,0,4,7,23340,undefined,undefined
4139,1240731847586,1240734699565,0,4280,9,521.5555555555555,16040,11,19,713,14,3
416886,1240731857093,1240731868428,0,0,0,0,0,0,0,0,1,0
430717,1240731018950,1240731371352,44.10000000000001,0,0,0,0,25,10,256746,11,6
44987,1240735177619,0,563.8,4653,11,612.7272727272727,0,11,16,12770,12,2
47477,undefined,0,338.40000000000003,0,0,0,0,1,0,58859,undefined,undefined
483162,undefined,0,147.8,0,0,0,0,1,0,534632,undefined,undefined
49151,1240732252353,1240732800891,0,566,2,154,0,0,0,0,1,null
493115,1240730724980,1240730816607,0,0,0,0,0,0,0,10260,2,0
510740,undefined,0,521.85,0,0,0,0,48,15,534632,undefined,undefined
5129,1240732483381,1240733950242,0,1621,8,139.25,0,0,0,258951,2,null
5212,1240733990888,0,109.6,2633,6,422.6666666666667,2843,14,10,156489,14,2
522658,1240734890426,1240735499282,0,193,1,215,0,5,4,10642,4,0
527214,1240732526476,1240732538018,0,0,0,0,0,0,0,0,1,null
53030,1240735560566,0,0,3046,6,731.5,0,7,5,122907,12,3
534632,undefined,0,325.50000000000006,0,0,0,0,5,49,445660,undefined,undefined
535,1240734318099,1240734395983,0,0,0,0,0,2,1,147628,10,3
547122,1240730937260,1240731740794,0,252,2,126,0,0,0,0,1,null
557317,1240732176707,1240732564597,0,127,1,74,0,0,0,3200,1,null
57393,undefined,0,654.05,0,0,0,0,5,19,159420,undefined,undefined
58859,1240734399242,1240735755664,169.20000000000002,2748,7,576.7142857142857,43017,4,2,396113,12,2
61045,undefined,0,66.75,0,0,0,0,6,1,74372,undefined,undefined
61153,1240733897424,1240735113800,0,1119,6,155.66666666666666,0,0,0,781781,2,null
612041,1240735037457,1240735201168,0,0,0,0,0,0,0,120076,1,null
61984,undefined,0,133.5,0,0,0,0,1,5,61045,undefined,undefined
620394,1240735701021,0,0,234,1,111,0,1,0,2843,4,0
630520,1240732626632,0,0,560,5,91.4,0,0,0,3200,1,0
634506,1240734933392,1240735141101,0,169,1,169,0,0,0,0,1,null
65812,1240735080481,0,0,2940,17,173.8235294117647,80094,0,0,169944,4,0
70997,undefined,0,346.15000000000003,0,0,0,0,8,6,397835,undefined,undefined
713,undefined,0,706.2500000000001,0,0,0,0,9,28,12,undefined,undefined
729225,undefined,0,12,0,0,0,0,2,0,131355,undefined,undefined
73621,undefined,0,309.09999999999997,0,0,0,0,2,2,112194,undefined,undefined
772113,1240731405889,1240733463528,0,1430,7,227.57142857142858,0,0,0,510740,4,null
773108,1240729993671,1240732101316,0,1660,5,257.6,0,4,2,510740,4,null
778166,1240730473481,1240731219311,0,120,2,44,0,0,0,729225,1,null
780028,1240734962305,1240735478345,0,373,1,170,0,0,0,141288,2,null
780672,1240735852439,0,0,0,0,0,0,0,0,408501,3,0
781781,1240733835165,0,96.5,1514,8,215.25,0,1,0,120076,3,0
80094,1240729989981,1240735846258,158.7,2668,15,174.06666666666666,65812,6,0,70997,4,4
802319,undefined,0,9.15,0,0,0,0,2,4,773108,undefined,undefined
814516,1240731915510,1240733454321,0,3384,8,305.125,0,0,0,47477,3,null
81899,undefined,0,18.3,0,0,0,0,4,6,802319,undefined,undefined
845103,1240730386799,1240731110066,0,0,0,0,0,0,0,0,1,null
846950,1240731684821,1240735638021,0,4374,18,140.55555555555554,0,0,0,44987,3,null
847929,1240734726219,0,0,623,6,102.83333333333333,0,0,0,340461,1,0
8527,1240733450974,1240733503523,0,0,0,0,0,1,0,503,6,1
859223,1240733142665,0,0,1126,7,153,0,0,0,80094,2,0
88366,undefined,0,93.10000000000001,0,0,0,0,1,0,212370,undefined,undefined
894542,1240730954868,1240732552613,0,1042,6,160,0,0,0,80094,2,null
895992,1240734643070,1240734915485,0,0,0,0,0,0,0,0,1,null
896753,1240729355641,1240729968435,0,605,3,201.66666666666666,0,0,0,0,1,null
897577,1240733512828,1240733637381,0,0,0,0,0,0,0,0,1,null
899612,1240733845477,1240735166074,0,543,2,130.5,0,0,0,0,1,null
899745,1240733671115,1240733848015,0,0,0,0,0,0,0,0,1,null
900020,1240735633333,1240735657457,0,0,0,0,0,0,0,0,1,null
900033,1240733093898,1240733103904,0,0,0,0,0,0,0,0,1,null
900362,1240735214658,1240735910947,0,358,2,75,0,0,0,182501,1,null
90342,1240734563172,1240734688667,0,0,0,0,0,0,0,0,1,0
97971,1240735064073,1240735112507,0,0,0,0,139402,4,1,103053,5,4
<<<<EndTable

PlayersOnlineNow=21
PlayersOnlineEachMinute=0, 5, 8, 8, 9, 10, 10, 10, 10, 11, 11, 10, 12, 12, 13, 14, 14, 14, 16, 17, 19, 19, 19, 18, 19, 19, 18, 17, 21, 20, 19, 19, 18, 19, 18, 19, 19, 19, 19, 19, 20, 21, 21, 23, 24, 23, 23, 21, 22, 25, 24, 25, 24, 25, 24, 24, 24, 24, 24, 22, 22, 22, 22, 20, 23, 23, 21, 19, 18, 19, 17, 16, 17, 16, 18, 18, 20, 21, 20, 21, 22, 22, 21, 22, 22, 21, 19, 19, 19, 19, 16, 16, 17, 18, 18, 19, 22, 20, 20, 20, 22, 22, 23, 22, 21, 22, 20, 22, 22, 21
PlayersInEachFeedingGame=1, 1, 1, 1, 1, 2, 1, 2, 2, 1, 1, 1, 1, 1, 1, 2, 1, 1, 2, 2, 1, 1, 1, 2, 1, 2, 1, 1, 1, 1, 3, 2, 2, 2, 2, 2, 2, 2, 2, 1, 1, 2, 2, 1, 2, 2, 1, 2, 2, 1, 2, 1, 1, 2, 1, 2, 1, 2, 2, 1, 2, 1, 2, 2, 2, 1, 2, 2, 2, 1, 2, 1, 2, 1, 1, 2, 2, 2, 1, 2, 1, 1, 2, 2, 2, 2, 2, 2, 2, 1, 2, 1, 3, 2, 2, 1, 2, 2, 1, 2, 2, 2, 1, 1, 1, 2, 1, 2, 2, 1, 1, 2, 2, 1, 2, 2, 1, 1, 1, 2, 1, 2, 2, 1, 1, 2, 1, 2, 2, 1, 1, 2, 2, 2, 2, 1, 1, 2, 2, 1, 2, 2, 2, 2, 2, 2, 2, 2, 2, 2, 2
PlayersStarted=127
PlayersQuit=106
StatsStartTime=1240729312270
StatsDumpTime=1240735912583
<<<<EndStats
2009-04-26 01:52:02,451 ERROR: vampire.server.feeding.FeedingRecord sendPlayerStartGameMsg [playerId=859223, prey=false, _predatorIndex=]
2009-04-26 01:53:06,970 ERROR: vampire.server.feeding.FeedingRecord sendPlayerStartGameMsg [playerId=620394, prey=false, _predatorIndex=900362]
2009-04-26 01:53:26,260 ERROR: vampire.server.feeding.FeedingRecord sendPlayerStartGameMsg [playerId=202328, prey=true, _predatorIndex=]
2009-04-26 01:53:26,261 ERROR: vampire.server.feeding.FeedingRecord sendPlayerStartGameMsg [playerId=348886, prey=false, _predatorIndex=]
2009-04-26 01:54:59,665 ERROR: vampire.server.feeding.FeedingRecord sendPlayerStartGameMsg [playerId=379139, prey=true, _predatorIndex=]
2009-04-26 01:54:59,666 ERROR: vampire.server.feeding.FeedingRecord sendPlayerStartGameMsg [playerId=122494, prey=false, _predatorIndex=]
2009-04-26 01:54:59,788 ERROR: vampire.server.feeding.FeedingRecord sendPlayerStartGameMsg [playerId=847929, prey=false, _predatorIndex=122494]
2009-04-26 01:55:56,525 ERROR: vampire.server.feeding.FeedingRecord sendPlayerStartGameMsg [playerId=202328, prey=true, _predatorIndex=]
2009-04-26 01:55:56,525 ERROR: vampire.server.feeding.FeedingRecord sendPlayerStartGameMsg [playerId=348886, prey=false, _predatorIndex=]
2009-04-26 01:56:46,598 ERROR: vampire.server.feeding.FeedingRecord sendPlayerStartGameMsg [playerId=780672, prey=false, _predatorIndex=122494,847929]
2009-04-26 01:57:48,783 ERROR: vampire.server.feeding.FeedingRecord sendPlayerStartGameMsg [playerId=210155, prey=false, _predatorIndex=348886]
2009-04-26 01:57:58,588 ERROR: vampire.server.feeding.FeedingRecord sendPlayerStartGameMsg [playerId=794144, prey=false, _predatorIndex=]
2009-04-26 01:58:42,789 ERROR: vampire.server.feeding.FeedingRecord sendPlayerStartGameMsg [playerId=202328, prey=true, _predatorIndex=]
2009-04-26 01:58:42,790 ERROR: vampire.server.feeding.FeedingRecord sendPlayerStartGameMsg [playerId=210155, prey=false, _predatorIndex=]
2009-04-26 02:01:17,205 ERROR: vampire.server.feeding.FeedingRecord sendPlayerStartGameMsg [playerId=510740, prey=true, _predatorIndex=]
2009-04-26 02:01:17,206 ERROR: vampire.server.feeding.FeedingRecord sendPlayerStartGameMsg [playerId=210155, prey=false, _predatorIndex=]
2009-04-26 02:01:38,133 ERROR: vampire.server.feeding.FeedingRecord sendPlayerStartGameMsg [playerId=379139, prey=true, _predatorIndex=]
2009-04-26 02:01:38,134 ERROR: vampire.server.feeding.FeedingRecord sendPlayerStartGameMsg [playerId=202328, prey=false, _predatorIndex=]

