
>>>>BeginStats

>>>>BeginTable
PlayerId, StartTime, EndTime, ProgenyPayout, XPFromFeeding, FeedingGames, MeanFeedingScore, BloodBond, Progeny, GrandProgeny, Sire, Level, Invites
1021278, , , 12.5, 0, 0, 0, 0, 2, 2, 452296, , 
103033, 1241912809664, 1241913883376, 0, 841, 3, 214.33333333333334, 767143, 18, 14, 81899, 7, 1
103053, , , 21.6, 0, 0, 0, 0, 3, 0, 96213, , 
103634, , , 133.95000000000002, 0, 0, 0, 0, 1, 3, 369681, , 
1043, 1241912172010, 1241912175504, 0, 0, 0, 0, 453, 6, 3, 12, 13, 3
1047840, 1241921177130, , 0, 943, 5, 227.6, 1106386, 7, 0, 408501, 6, 1
104890, 1241915085895, 1241915287027, 0, 121, 1, 121, 0, 1, 0, 22707, 4, 0
1062, 1241913287055, 1241913316664, 451.55000000000007, 1371, 7, 284, 54776, 13, 10, 713, 17, 2
106210, 1241920468968, 1241920848769, 0, 216, 1, 151, 43386, 0, 0, 103053, 6, 2
1062853, , , 206.60000000000002, 0, 0, 0, 0, 9, 0, 1124214, , 
10642, , , 186.40000000000003, 0, 0, 0, 0, 34, 17, 351598, , 
1077614, , , 221.8, 0, 0, 0, 0, 2, 2, 836050, , 
108338, , , 140.70000000000002, 0, 0, 0, 0, 1, 6, 288860, , 
1084434, 1241910654804, 1241911694408, 0, 1502, 7, 134, 1892, 0, 0, 54776, 3, 
10850, 1241920028214, , 0, 2218, 12, 133.5, 0, 2, 0, 1077614, 4, 2
1090611, 1241922001200, , 0, 0, 0, 0, 1032874, 2, 0, 1032648, 4, 0
1092321, , , 225.59999999999997, 0, 0, 0, 0, 33, 11, 35568, , 
1092398, 1241913873690, 1241914648887, 0, 878, 6, 155.66666666666666, 0, 0, 0, 1204358, 1, 
110006, 1241918567467, 1241918930767, 0, 139, 1, 175, 0, 5, 4, 321365, 4, 0
1100493, 1241918856029, 1241919491644, 0, 78, 1, 78, 0, 0, 0, 0, 1, 
1101, , , 317.1, 0, 0, 0, 0, 2, 19, 239981, , 
1103506, 1241919904747, 1241921701835, 0, 2066, 11, 172.1818181818182, 0, 0, 0, 1062853, 4, 
110735, 1241916737335, 1241916777488, 0, 0, 0, 0, 1255618, 0, 0, 408501, 3, 
1111437, 1241913755123, 1241913826076, 0, 0, 0, 0, 0, 2, 0, 70997, 2, 
1120688, 1241917871938, 1241917878315, 0, 1501, 10, 142, 0, 0, 0, 543921, 2, 
1122449, , , 28.2, 0, 0, 0, 0, 15, 2, 555728, , 
1124156, 1241914276890, 1241914645095, 199.29999999999998, 476, 2, 358, 269484, 11, 2, 184671, 9, 3
1124214, , , 103.30000000000001, 0, 0, 0, 0, 1, 9, 1122449, , 
113237, , , 432.1, 0, 0, 0, 0, 9, 18, 10642, , 
114461, 1241918056066, 1241918831645, 0, 203, 2, 101.5, 0, 2, 2, 390995, 4, 0
11460, , , 219, 0, 0, 0, 0, 1, 15, 41022, , 
1148098, , , 25, 0, 0, 0, 0, 2, 3, 1021278, , 
1162584, 1241916977446, 1241919266958, 0, 1256, 5, 174.8, 0, 0, 0, 178724, 3, 
1163664, 1241915685737, 1241915742326, 0, 0, 0, 0, 0, 0, 0, 1255018, 1, 
116434, 1241917693738, 1241918539636, 0, 1112, 4, 249.75, 0, 2, 0, 371343, 4, 2
1165025, 1241918093286, 1241918114833, 0, 0, 0, 0, 0, 0, 0, 0, 1, 
1173068, 1241917433089, 1241918658637, 0, 1071, 7, 153.28571428571428, 0, 0, 0, 176400, 2, 
117857, , , 23.75, 0, 0, 0, 0, 3, 6, 146211, , 
1178608, 1241917216578, 1241917225714, 0, 0, 0, 0, 0, 0, 0, 0, 1, 
1181562, 1241916333149, 1241916343709, 0, 0, 0, 0, 0, 0, 0, 0, 1, 
1199648, 1241912465309, 1241913102920, 0, 0, 0, 0, 0, 2, 0, 394001, 4, 1
12, , , 143.64999999999998, 0, 0, 0, 0, 20, 47, 383387, , 
120076, , , 188.1, 0, 0, 0, 0, 11, 0, 34987, , 
1204358, 1241912719663, 1241916544825, 87.6, 1556, 12, 105.66666666666667, 0, 2, 0, 1062, 2, 
1207789, 1241916425981, 1241916449225, 0, 0, 0, 0, 0, 0, 0, 0, 1, 
1208580, , , 38.300000000000004, 0, 0, 0, 0, 1, 0, 885698, , 
1211786, 1241914313863, 1241914330148, 0, 0, 0, 0, 0, 0, 0, 0, 1, 
121874, 1241921537944, 1241921908360, 0, 0, 0, 0, 0, 0, 0, 0, 1, 
122194, , , 3.5, 0, 0, 0, 0, 1, 12, 170316, , 
1223024, 1241912192450, 1241912682246, 0, 250, 2, 136, 0, 3, 2, 1148098, 2, 1
122324, 1241921982592, , 0, 0, 0, 0, 0, 0, 0, 0, 1, 0
122718, 1241910612199, 1241910749072, 0, 0, 0, 0, 0, 0, 0, 0, 1, 
123961, 1241921767318, , 0, 0, 0, 0, 878, 5, 23, 713, 15, 2
1246998, 1241920851272, 1241921125954, 0, 0, 0, 0, 0, 0, 0, 0, 1, 
125347, 1241917760702, 1241917935118, 0, 183, 1, 183, 0, 1, 0, 561527, 2, 0
1254632, 1241915484171, 1241915940017, 0, 78, 1, 61, 0, 0, 0, 0, 1, 
1255618, 1241915129337, 1241916491662, 14.600000000000001, 564, 4, 159.5, 110735, 3, 1, 206148, 4, 
1265, , , 69.85, 0, 0, 0, 0, 2, 31, 12, , 
126757, 1241913795321, 1241914051489, 0, 130, 1, 130, 0, 0, 0, 0, 1, 
1273954, 1241917139211, 1241917144314, 0, 0, 0, 0, 0, 0, 0, 4139, 2, 
1275561, 1241912251831, 1241912951649, 0, 176, 1, 184, 0, 1, 0, 772113, 3, 
1279761, 1241915214890, 1241916871041, 0, 1513, 9, 172, 0, 0, 0, 171513, 4, 
1281412, 1241916790858, 1241918165265, 0, 168, 2, 100, 0, 0, 0, 1124156, 1, 
1283335, 1241911478812, 1241912629761, 0, 627, 4, 174.75, 0, 0, 0, 0, 2, 
1285504, 1241916608068, 1241916842815, 0, 0, 0, 0, 1346597, 4, 0, 1241857, 4, 3
128711, 1241921421401, , 0, 495, 3, 145, 0, 0, 0, 171513, 1, 0
129076, 1241912463187, 1241912472928, 0, 0, 0, 0, 0, 0, 0, 0, 1, 
1298136, 1241916754104, 1241917016542, 0, 0, 0, 0, 0, 0, 0, 0, 1, 
1299774, 1241912925016, 1241913255841, 0, 102, 1, 102, 0, 0, 0, 0, 1, 
1304810, 1241919338625, 1241919804308, 0, 0, 0, 0, 0, 0, 0, 103033, 1, 
1309580, 1241911690102, 1241912566112, 0, 240, 2, 123, 0, 0, 0, 1204358, 1, 
1314704, 1241915481032, 1241915503986, 0, 0, 0, 0, 0, 0, 0, 0, 1, 
131657, 1241917063143, 1241917073789, 0, 0, 0, 0, 0, 0, 0, 0, 1, 0
1327275, 1241921723365, 1241921765603, 0, 0, 0, 0, 0, 0, 0, 0, 1, 
1327457, 1241921898134, 1241921924925, 0, 0, 0, 0, 0, 0, 0, 0, 1, 
1328683, 1241911662913, 1241911789947, 0, 0, 0, 0, 0, 0, 0, 522720, 1, 
1329831, 1241920332818, , 0, 2484, 11, 219.72727272727272, 0, 0, 0, 988642, 2, 0
1342864, 1241917598513, 1241918026795, 0, 419, 1, 160, 0, 0, 0, 836050, 1, 
1351488, 1241920920682, , 47.10000000000001, 2424, 18, 125.66666666666667, 0, 1, 0, 835426, 2, 0
1355145, 1241921812898, , 0, 0, 0, 0, 0, 0, 0, 0, 1, 0
1357148, 1241919318247, 1241920067059, 0, 633, 3, 193.33333333333334, 0, 0, 0, 178724, 1, 
1358455, 1241919033994, 1241919353850, 0, 303, 2, 160, 0, 0, 0, 47154, 2, 
1358947, 1241911710529, 1241911747751, 0, 0, 0, 0, 0, 0, 0, 0, 1, 
1361827, 1241914583655, 1241915543981, 0, 419, 4, 104.75, 0, 0, 0, 0, 1, 
1369162, 1241921999192, , 0, 0, 0, 0, 0, 0, 0, 0, 1, 0
1380095, 1241921501748, 1241921508387, 0, 117, 2, 58.5, 0, 0, 0, 0, 1, 
1386570, 1241917695720, 1241917705246, 0, 0, 0, 0, 0, 0, 0, 0, 1, 
1387719, 1241917653254, 1241918147242, 0, 0, 0, 0, 0, 0, 0, 0, 1, 
1388538, 1241921108826, 1241921249580, 0, 0, 0, 0, 0, 0, 0, 0, 1, 
1392006, 1241916426737, 1241916491639, 0, 0, 0, 0, 0, 0, 0, 0, 1, 
1394515, 1241916133579, 1241916841282, 0, 331, 3, 111.66666666666667, 0, 0, 0, 392522, 1, 
1395746, 1241920940964, , 0, 638, 3, 178.33333333333334, 0, 0, 0, 988642, 1, 0
1396452, 1241918378651, 1241920867815, 0, 852, 4, 143.75, 0, 0, 0, 176400, 2, 
1397345, 1241912958693, 1241912997752, 0, 0, 0, 0, 0, 0, 0, 0, 1, 
1398404, 1241921834761, , 0, 0, 0, 0, 0, 0, 0, 0, 1, 0
1398512, 1241919209435, 1241919332068, 0, 0, 0, 0, 0, 0, 0, 0, 1, 
1399577, 1241912421338, 1241915265054, 22.700000000000003, 2909, 13, 160.92307692307693, 0, 1, 0, 1062, 2, 
1400444, 1241920613720, 1241920990472, 0, 640, 3, 107.66666666666667, 0, 0, 0, 859282, 1, 
1400516, 1241915129014, 1241915143424, 0, 0, 0, 0, 0, 0, 0, 0, 1, 
1400571, 1241919507575, 1241919523962, 0, 0, 0, 0, 0, 0, 0, 0, 1, 
1400665, 1241915809981, 1241916283146, 0, 213, 2, 132, 0, 0, 0, 1255618, 1, 
1400876, 1241914770193, 1241914780015, 0, 0, 0, 0, 0, 0, 0, 0, 1, 
1401271, 1241916524985, 1241916542784, 0, 0, 0, 0, 0, 0, 0, 0, 1, 
143538, , , 10.55, 0, 0, 0, 0, 2, 23, 1531, , 
147367, 1241915638839, 1241915652728, 0, 0, 0, 0, 0, 0, 0, 156489, 1, 0
147608, , , 9.15, 0, 0, 0, 0, 1, 1, 502119, , 
153751, 1241917539344, 1241919088574, 0, 725, 6, 110.83333333333333, 0, 0, 0, 1351488, 1, 
156489, , , 35.6, 0, 0, 0, 0, 16, 17, 713, , 
157713, , , 7.800000000000001, 0, 0, 0, 0, 4, 0, 58859, , 
159950, 1241915741602, 1241916098724, 0, 711, 4, 156.25, 0, 0, 0, 840880, 1, 
160138, , , 40.95, 0, 0, 0, 0, 7, 7, 150469, , 
161001, , , 45.800000000000004, 0, 0, 0, 0, 1, 2, 377820, , 
161283, , , 47.5, 0, 0, 0, 0, 6, 0, 117857, , 
166, , , 184.79999999999998, 0, 0, 0, 0, 6, 1, 578, , 
16825, 1241911172613, 1241911701829, 0, 895, 3, 298.3333333333333, 0, 14, 10, 4139, 6, 1
168426, 1241912256745, 1241912365730, 0, 0, 0, 0, 0, 1, 0, 164243, 4, 0
170191, , , 465.24999999999994, 0, 0, 0, 0, 3, 12, 202873, , 
170934, , , 9.1, 0, 0, 0, 0, 7, 10, 49732, , 
171513, 1241918869952, 1241919760979, 201.90000000000003, 3762, 12, 274.8333333333333, 0, 12, 7, 170191, 13, 3
171683, 1241920853402, 1241921291681, 0, 475, 2, 321.5, 0, 0, 0, 161283, 4, 0
171720, 1241917496741, 1241917619734, 0, 0, 0, 0, 94555, 5, 1, 128013, 4, 4
176400, 1241920334678, , 446.4, 5768, 24, 300.4583333333334, 0, 18, 0, 21067, 7, 5
177501, 1241912107366, 1241912496051, 0, 100, 1, 101, 0, 1, 0, 298229, 4, 
177634, 1241919595676, 1241920216011, 0, 422, 2, 129, 0, 0, 0, 555728, 1, 
178724, 1241918693294, 1241920086869, 230.5, 1446, 4, 559.75, 0, 20, 2, 58859, 6, 1
178734, 1241920617735, 1241920618539, 0, 416, 3, 99.33333333333333, 0, 0, 0, 178724, 1, 
181253, 1241919206682, , 24.1, 1219, 6, 223, 0, 3, 0, 103634, 7, 3
181264, , , 66.35000000000001, 0, 0, 0, 0, 2, 1, 3812, , 
181613, 1241920989361, , 0, 1512, 7, 207.57142857142858, 0, 1, 0, 61609, 3, 0
182539, 1241919844365, 1241921531687, 0, 1335, 7, 223.57142857142858, 0, 4, 0, 879079, 3, 
184671, , , 147.25000000000003, 0, 0, 0, 0, 1, 11, 171513, , 
1892, 1241913344660, 1241913520461, 0, 1502, 7, 294.7142857142857, 1084434, 23, 7, 995, 12, 2
191409, 1241913333843, 1241913814480, 0, 227, 2, 106, 0, 0, 0, 1399577, 1, 
192080, , , 33.1, 0, 0, 0, 0, 2, 10, 220964, , 
195601, 1241919524096, 1241920669258, 0, 121, 1, 70, 0, 0, 0, 0, 1, 
196543, , , 66.75, 0, 0, 0, 0, 6, 2, 32314, , 
197080, , , 14, 0, 0, 0, 0, 4, 1, 110178, , 
202873, , , 188.1, 0, 0, 0, 0, 1, 3, 341164, , 
205535, 1241914506870, 1241914837363, 0, 0, 0, 0, 0, 2, 2, 95479, 7, 2
206148, , , 63.7, 0, 0, 0, 0, 1, 3, 1122449, , 
206273, 1241915774784, 1241919551643, 0, 2541, 13, 241.3846153846154, 0, 0, 0, 176400, 3, 
210163, , , 76.6, 0, 0, 0, 0, 12, 20, 255725, , 
21067, , , 800.0000000000001, 0, 0, 0, 0, 3, 18, 302907, , 
211715, , , 18.450000000000003, 0, 0, 0, 0, 2, 3, 299646, , 
213087, 1241914650944, 1241914756530, 0, 0, 0, 0, 0, 0, 0, 258951, 2, 0
217283, , , 18.450000000000003, 0, 0, 0, 0, 71, 6, 57393, , 
220964, , , 72.14999999999999, 0, 0, 0, 0, 5, 6, 143501, , 
223864, , , 81.9, 0, 0, 0, 0, 7, 37, 160138, , 
224560, 1241911882680, 1241911991646, 0, 0, 0, 0, 0, 2, 0, 132334, 3, 1
22707, , , 87.7, 0, 0, 0, 0, 7, 17, 8842, , 
228764, , , 28, 0, 0, 0, 0, 1, 2, 197080, , 
238812, 1241911530996, 1241912714163, 0, 331, 2, 214.5, 546831, 10, 6, 192080, 5, 2
239981, , , 148.00000000000003, 0, 0, 0, 0, 1, 2, 209944, , 
246491, 1241918203320, 1241918711648, 0, 0, 0, 0, 0, 0, 0, 336524, 1, 0
249956, 1241914256521, 1241915674132, 0, 1798, 8, 193.25, 0, 0, 0, 166, 3, 
256746, , , 44.599999999999994, 0, 0, 0, 0, 5, 30, 61984, , 
258951, , , 139.7, 0, 0, 0, 0, 25, 14, 1265, , 
259344, , , 21.1, 0, 0, 0, 0, 23, 13, 143538, , 
261716, , , 164.70000000000002, 0, 0, 0, 0, 1, 2, 181264, , 
276754, 1241914016646, 1241914062254, 0, 0, 0, 0, 0, 0, 0, 0, 1, 
283305, 1241920950907, 1241921411687, 0, 304, 1, 134, 544450, 5, 10, 497122, 8, 3
293092, 1241917195242, 1241917871647, 0, 0, 0, 0, 184475, 3, 0, 320880, 4, 2
295991, , , 91.60000000000001, 0, 0, 0, 0, 2, 4, 161001, , 
298229, , , 10, 0, 0, 0, 0, 1, 1, 166, , 
298666, 1241920205454, 1241921066082, 0, 211, 1, 277, 868186, 9, 2, 259344, 8, 4
299646, , , 6.15, 0, 0, 0, 0, 4, 2, 69257, , 
302907, , , 288.40000000000003, 0, 0, 0, 0, 2, 3, 283855, , 
307471, , , 20.450000000000003, 0, 0, 0, 0, 1, 10, 12, , 
308635, , , 7, 0, 0, 0, 0, 12, 0, 122194, , 
311783, 1241911134971, 1241913583810, 140.55, 1641, 6, 406, 0, 15, 4, 11460, 10, 7
317371, , , 6.95, 0, 0, 0, 0, 3, 3, 104507, , 
3200, 1241916860884, 1241917674772, 0, 819, 3, 349.3333333333333, 71724, 37, 22, 223864, 14, 2
321365, , , 13.9, 0, 0, 0, 0, 3, 6, 317371, , 
321891, 1241910632343, 1241913454629, 61.5, 1349, 11, 106.63636363636364, 0, 1, 0, 311783, 4, 0
32314, , , 61.10000000000001, 0, 0, 0, 0, 10, 6, 40508, , 
328907, 1241911083278, 1241914151643, 0, 624, 6, 94.5, 0, 0, 0, 321891, 1, 
329560, 1241917821251, 1241917847494, 0, 0, 0, 0, 0, 0, 0, 261567, 2, 
335645, 1241913862191, 1241914031652, 0, 0, 0, 0, 0, 0, 0, 297654, 1, 
336024, , , 54.150000000000006, 0, 0, 0, 0, 1, 4, 510740, , 
336228, , , 40.900000000000006, 0, 0, 0, 0, 10, 16, 307471, , 
336620, 1241915104481, 1241916971670, 0, 78, 1, 95, 0, 0, 0, 157713, 2, 
336694, , , 15.150000000000002, 0, 0, 0, 0, 3, 1, 338481, , 
34987, , , 94.05, 0, 0, 0, 0, 1, 11, 8842, , 
351430, 1241919304466, 1241920246284, 0, 409, 1, 386, 336228, 14, 47, 336228, 14, 2
351598, , , 2.6500000000000004, 0, 0, 0, 0, 1, 34, 359624, , 
35568, , , 6.050000000000001, 0, 0, 0, 0, 3, 33, 258951, , 
36377, 1241913207566, 1241914967028, 0, 1784, 6, 378.8333333333333, 0, 4, 8, 453809, 10, 3
369681, , , 60.95000000000001, 0, 0, 0, 0, 2, 1, 1704, , 
371343, , , 111.19999999999999, 0, 0, 0, 0, 3, 3, 220964, , 
372887, , , 89.2, 0, 0, 0, 0, 1, 1, 386780, , 
380197, 1241915620416, 1241919719846, 0, 916, 8, 120.375, 0, 4, 0, 295991, 4, 10
384125, 1241920327239, 1241921554377, 0, 280, 2, 113, 0, 2, 0, 228764, 2, 0
384703, 1241915868221, 1241916070631, 0, 0, 0, 0, 0, 2, 7, 338481, 4, 0
387496, 1241915407853, 1241915999118, 0, 0, 0, 0, 0, 1, 0, 82377, 3, 1
388615, , , 10.15, 0, 0, 0, 0, 1, 2, 395687, , 
390995, , , 20.3, 0, 0, 0, 0, 2, 2, 388615, , 
391630, 1241912944688, 1241914992914, 0, 2814, 21, 121.9047619047619, 0, 0, 0, 64152, 3, 0
39180, 1241912045195, 1241912150016, 0, 0, 0, 0, 0, 8, 16, 68619, 7, 1
392522, 1241916608206, 1241918273951, 12.3, 123, 1, 118, 1242476, 3, 0, 217283, 3, 
396113, , , 72.3, 0, 0, 0, 0, 2, 11, 44987, , 
403770, 1241915740843, 1241915763727, 0, 0, 0, 0, 0, 0, 0, 64247, 4, 0
40508, , , 30.550000000000004, 0, 0, 0, 0, 1, 10, 23340, , 
408501, , , 94.30000000000001, 0, 0, 0, 0, 8, 7, 637936, , 
409641, 1241914889607, 1241916040526, 0, 182, 1, 182, 0, 0, 0, 98128, 3, 0
41022, , , 82.05000000000001, 0, 0, 0, 0, 2, 1, 412796, , 
4139, , , 89.5, 0, 0, 0, 0, 25, 14, 713, , 
43017, 1241917959601, 1241917977388, 0, 0, 0, 0, 58859, 1, 2, 339818, 9, 2
430717, , , 89.19999999999999, 0, 0, 0, 0, 30, 1, 256746, , 
43402, 1241918393313, 1241918399161, 0, 0, 0, 0, 29810, 12, 17, 123961, 11, 3
438751, , , 238.05, 0, 0, 0, 0, 20, 10, 210163, , 
453809, , , 178.4, 0, 0, 0, 0, 1, 4, 372887, , 
47154, , , 30.300000000000004, 0, 0, 0, 0, 1, 0, 336694, , 
497122, , , 30.400000000000002, 0, 0, 0, 0, 15, 5, 82321, , 
505544, 1241918318288, 1241921941281, 12.3, 123, 1, 138, 0, 3, 0, 211715, 2, 0
510740, , , 8.8, 0, 0, 0, 0, 71, 3, 534632, , 
5212, , , 71.2, 0, 0, 0, 0, 17, 5, 156489, , 
52818, 1241921743185, , 0, 0, 0, 0, 1118266, 4, 1, 367452, 4, 0
543921, , , 214.39999999999998, 0, 0, 0, 0, 8, 0, 1092321, , 
54776, 1241913317131, 1241914624109, 170.2, 0, 0, 0, 1062, 83, 37, 89757, 16, 3
555728, 1241916719175, , 42.2, 2960, 13, 320.3076923076923, 828191, 19, 15, 1101, 4, 0
561527, , , 18.3, 0, 0, 0, 0, 1, 1, 147608, , 
561727, 1241912477413, 1241913697533, 0, 383, 3, 133.66666666666666, 0, 0, 0, 1208580, 3, 
57393, , , 6.15, 0, 0, 0, 0, 6, 75, 159420, , 
578, , , 89.89999999999999, 0, 0, 0, 0, 1, 6, 12770, , 
57863, 1241912133961, 1241912813368, 0, 643, 4, 143, 0, 0, 0, 543921, 2, 0
58022, 1241917105920, 1241917364142, 0, 0, 0, 0, 0, 4, 5, 175065, 4, 0
58429, 1241918587942, 1241918771672, 0, 53, 1, 106, 0, 7, 13, 10642, 4, 
58859, , , 263.75, 0, 0, 0, 0, 11, 24, 396113, , 
608349, 1241920707501, 1241920886591, 0, 0, 0, 0, 0, 0, 0, 430717, 3, 
61045, , , 30.450000000000003, 0, 0, 0, 0, 7, 10, 74372, , 
61609, , , 151.20000000000002, 0, 0, 0, 0, 4, 1, 22707, , 
617358, 1241917745583, 1241918075890, 0, 0, 0, 0, 0, 0, 0, 209274, 3, 
624632, 1241918827436, , 0, 123, 1, 108, 0, 0, 0, 505544, 2, 0
634607, 1241918814739, 1241920331628, 0, 0, 0, 0, 0, 4, 3, 54776, 5, 2
637936, , , 47.150000000000006, 0, 0, 0, 0, 3, 8, 217283, , 
64152, , , 281.40000000000003, 0, 0, 0, 0, 6, 0, 108338, , 
64748, 1241910604159, 1241910779132, 0, 0, 0, 0, 0, 0, 0, 66537, 2, 
66755, 1241921515821, 1241921581060, 0, 0, 0, 0, 0, 0, 0, 0, 1, 
695462, 1241911177793, 1241911192677, 0, 0, 0, 0, 0, 0, 0, 0, 1, 
713, , , 380.05, 0, 0, 0, 0, 11, 59, 12, , 
733513, 1241911188263, 1241911198715, 0, 0, 0, 0, 0, 0, 0, 0, 1, 
74372, , , 108.30000000000001, 0, 0, 0, 0, 4, 7, 336024, , 
74653, 1241916060917, 1241919748219, 0, 1083, 5, 212.6, 0, 0, 0, 74372, 4, 0
748546, 1241916274741, 1241916291273, 0, 0, 0, 0, 0, 0, 0, 0, 1, 
76723, 1241920341296, 1241920404766, 0, 0, 0, 0, 0, 0, 0, 55982, 1, 
769463, 1241913585055, 1241920114203, 0, 892, 5, 156.4, 208692, 1, 0, 430717, 4, 
769849, 1241915204209, 1241917270483, 0, 200, 2, 165.5, 0, 1, 0, 54776, 4, 
77, 1241919373017, 1241919392348, 0, 0, 0, 0, 171151, 11, 2, 12770, 14, 2
772113, , , 17.6, 0, 0, 0, 0, 1, 1, 510740, , 
78233, 1241918138379, 1241918447894, 0, 0, 0, 0, 0, 0, 0, 54776, 3, 
79588, 1241915745107, 1241915760346, 0, 0, 0, 0, 0, 0, 0, 33511, 1, 0
802319, , , 42.050000000000004, 0, 0, 0, 0, 2, 6, 773108, , 
813096, 1241920328946, 1241921725623, 0, 1881, 9, 220.88888888888889, 0, 0, 0, 120076, 4, 
81391, 1241920622854, 1241921291684, 0, 287, 2, 174.5, 0, 0, 0, 0, 1, 
81899, , , 84.10000000000001, 0, 0, 0, 0, 6, 18, 802319, , 
822174, 1241910607220, 1241911207769, 0, 0, 0, 0, 0, 0, 0, 176400, 1, 
82321, , , 15.200000000000001, 0, 0, 0, 0, 6, 15, 57717, , 
825362, 1241912331957, 1241912541225, 0, 0, 0, 0, 0, 0, 0, 68238, 1, 
835426, 1241916534114, 1241916790305, 236.14999999999998, 121, 1, 117, 0, 3, 2, 1092321, 3, 
836050, 1241915880549, 1241921368179, 283, 3622, 10, 543.8, 592692, 18, 7, 113237, 9, 2
840880, 1241912802437, 1241913338999, 64.60000000000001, 979, 5, 115.4, 0, 1, 0, 836050, 3, 
859282, 1241917889642, 1241920443502, 64, 1327, 9, 105.11111111111111, 0, 2, 0, 261716, 4, 
861024, 1241918798450, 1241920325930, 0, 70, 1, 70, 0, 0, 0, 308635, 2, 
86131, 1241916473061, 1241917738624, 0, 2047, 12, 125.83333333333333, 0, 0, 0, 1124156, 2, 
86926, , , 60.900000000000006, 0, 0, 0, 0, 7, 1, 61045, , 
879079, , , 133.5, 0, 0, 0, 0, 2, 4, 196543, , 
8842, , , 6.050000000000001, 0, 0, 0, 0, 12, 8, 1531, , 
885698, , , 19.150000000000002, 0, 0, 0, 0, 4, 1, 836050, , 
89757, , , 85.1, 0, 0, 0, 0, 3, 83, 20260, , 
90041, 1241914123248, 1241915351631, 0, 1397, 4, 398.75, 175933, 10, 10, 258951, 12, 14
910170, 1241915545637, 1241917386414, 0, 611, 3, 110, 0, 0, 0, 32314, 1, 
92509, 1241915656400, 1241916476820, 0, 712, 3, 238, 0, 5, 0, 5212, 6, 3
93640, 1241918947621, 1241921171664, 0, 609, 4, 134.5, 0, 1, 0, 86926, 4, 0
937925, 1241920702561, 1241920717036, 0, 0, 0, 0, 0, 0, 0, 0, 1, 
96213, , , 10.8, 0, 0, 0, 0, 1, 3, 41862, , 
98128, , , 18.2, 0, 0, 0, 0, 9, 2, 170934, , 
988021, 1241920351696, 1241921264687, 0, 241, 2, 114, 0, 0, 0, 181253, 1, 
988642, 1241920209329, , 169.7, 1532, 4, 428.75, 336524, 10, 0, 438751, 9, 2
995, , , 150.2, 0, 0, 0, 0, 13, 23, 12, , 
<<<<EndTable

PlayersOnlineNow=19
PlayersOnlineEachMinute=0, 13, 13, 10, 9, 9, 9, 10, 9, 11, 13, 12, 13, 13, 13, 15, 16, 16, 18, 17, 15, 16, 16, 17, 16, 20, 19, 20, 22, 23, 21, 21, 22, 20, 18, 17, 18, 20, 21, 21, 21, 20, 18, 18, 18, 18, 19, 19, 17, 16, 18, 18, 17, 18, 14, 14, 15, 16, 14, 14, 14, 15, 16, 15, 14, 15, 16, 17, 15, 15, 14, 11, 12, 12, 12, 12, 14, 16, 15, 14, 14, 15, 17, 16, 18, 18, 19, 20, 23, 23, 23, 22, 19, 21, 22, 21, 21, 21, 22, 21, 20, 23, 25, 25, 23, 23, 23, 22, 22, 22, 22, 23, 23, 22, 23, 23, 24, 24, 26, 25, 27, 26, 27, 27, 25, 26, 24, 23, 22, 24, 25, 25, 23, 23, 24, 24, 22, 23, 24, 22, 23, 24, 23, 24, 25, 25, 25, 24, 23, 24, 24, 25, 24, 23, 22, 23, 24, 23, 22, 20, 21, 20, 19, 23, 19, 21, 21, 23, 22, 23, 23, 24, 21, 23, 23, 22, 22, 22, 20, 18, 17, 17, 18, 16, 16, 15, 17, 18, 19, 17
PlayersInEachFeedingGame=1, 1, 1, 1, 2, 1, 1, 1, 1, 2, 1, 2, 2, 3, 1, 2, 2, 1, 2, 2, 3, 2, 1, 2, 1, 1, 2, 1, 1, 2, 1, 2, 2, 1, 2, 2, 2, 2, 2, 2, 2, 2, 2, 2, 2, 1, 2, 2, 2, 2, 1, 2, 1, 2, 1, 2, 1, 2, 1, 2, 2, 2, 2, 1, 2, 2, 1, 1, 2, 2, 1, 1, 1, 1, 2, 2, 1, 2, 1, 1, 2, 2, 1, 2, 2, 2, 1, 2, 2, 1, 1, 1, 2, 2, 1, 2, 2, 1, 1, 1, 1, 1, 1, 2, 2, 2, 1, 2, 2, 2, 1, 2, 2, 2, 2, 1, 1, 2, 2, 1, 2, 2, 1, 1, 1, 2, 2, 1, 2, 1, 1, 2, 2, 2, 2, 1, 1, 2, 2, 1, 2, 4, 2, 1, 5, 1, 2, 1, 2, 2, 2, 2, 1, 2, 2, 2, 1, 1, 2, 1, 2, 2, 2, 2, 2, 2, 1, 2, 2, 1, 2, 2, 2, 2, 1, 3, 2, 2, 2, 2, 2, 1, 3, 1, 1, 2, 1, 2, 2, 2, 1, 1, 2, 2, 1, 2, 2, 2, 2, 3, 2, 2, 2, 2, 2, 2, 2, 2, 1, 2, 2, 1, 2, 1, 1, 2, 1, 2, 3, 2, 1, 2, 3, 2, 1, 2, 1, 2, 2, 2, 2, 1, 2, 3, 2
PlayersStarted=268
PlayersQuit=249
StatsStartTime=1241910601956
StatsDumpTime=1241922002698
<<<<EndStats
2009-05-09 19:20:32,451 ERROR: vampire.server.feeding.FeedingRecord sendPlayerStartGameMsg [playerId=122324, prey=true, _predatorIndex=]
2009-05-09 19:20:32,452 ERROR: vampire.server.feeding.FeedingRecord sendPlayerStartGameMsg [playerId=10850, prey=false, _predatorIndex=]
2009-05-09 19:20:36,246 ERROR: vampire.server.feeding.FeedingRecord sendPlayerStartGameMsg [playerId=1329831, prey=false, _predatorIndex=10850]
2009-05-09 19:20:49,084 ERROR: vampire.server.feeding.FeedingRecord sendPlayerStartGameMsg [playerId=10850, prey=false, _predatorIndex=1351488,1355145]
2009-05-09 19:21:18,157 ERROR: vampire.server.feeding.FeedingRecord sendPlayerStartGameMsg [playerId=1090611, prey=true, _predatorIndex=]
2009-05-09 19:21:18,157 ERROR: vampire.server.feeding.FeedingRecord sendPlayerStartGameMsg [playerId=10850, prey=false, _predatorIndex=]
2009-05-09 19:21:46,605 ERROR: vampire.server.feeding.FeedingRecord sendPlayerStartGameMsg [playerId=176400, prey=true, _predatorIndex=]
2009-05-09 19:21:46,606 ERROR: vampire.server.feeding.FeedingRecord sendPlayerStartGameMsg [playerId=122324, prey=false, _predatorIndex=]
2009-05-09 19:21:57,982 ERROR: vampire.server.feeding.FeedingRecord sendPlayerStartGameMsg [playerId=1329831, prey=false, _predatorIndex=122324]
2009-05-09 19:22:05,434 ERROR: vampire.server.feeding.FeedingRecord sendPlayerStartGameMsg [playerId=1329831, prey=false, _predatorIndex=]
2009-05-09 19:22:42,830 ERROR: vampire.server.feeding.FeedingRecord sendPlayerStartGameMsg [playerId=52818, prey=true, _predatorIndex=]
2009-05-09 19:22:42,831 ERROR: vampire.server.feeding.FeedingRecord sendPlayerStartGameMsg [playerId=113098, prey=false, _predatorIndex=]
2009-05-09 19:23:58,631 ERROR: vampire.server.feeding.FeedingRecord sendPlayerStartGameMsg [playerId=10850, prey=false, _predatorIndex=]
2009-05-09 19:24:19,554 ERROR: vampire.server.feeding.FeedingRecord sendPlayerStartGameMsg [playerId=1329831, prey=false, _predatorIndex=113098]
2009-05-09 19:24:25,260 ERROR: vampire.server.feeding.FeedingRecord sendPlayerStartGameMsg [playerId=122324, prey=true, _predatorIndex=]
2009-05-09 19:24:25,261 ERROR: vampire.server.feeding.FeedingRecord sendPlayerStartGameMsg [playerId=1355145, prey=false, _predatorIndex=]
2009-05-09 19:24:33,141 ERROR: vampire.server.feeding.FeedingRecord sendPlayerStartGameMsg [playerId=1329831, prey=false, _predatorIndex=]
2009-05-09 19:24:48,857 ERROR: vampire.server.feeding.FeedingRecord sendPlayerStartGameMsg [playerId=122324, prey=true, _predatorIndex=]
2009-05-09 19:24:48,858 ERROR: vampire.server.feeding.FeedingRecord sendPlayerStartGameMsg [playerId=1355145, prey=false, _predatorIndex=]
2009-05-09 19:24:58,105 ERROR: vampire.server.feeding.FeedingRecord sendPlayerStartGameMsg [playerId=1369162, prey=true, _predatorIndex=]
2009-05-09 19:24:58,106 ERROR: vampire.server.feeding.FeedingRecord sendPlayerStartGameMsg [playerId=176400, prey=false, _predatorIndex=]
2009-05-09 19:25:29,051 ERROR: vampire.server.feeding.FeedingRecord sendPlayerStartGameMsg [playerId=1355145, prey=false, _predatorIndex=1329831]
2009-05-09 19:26:22,223 ERROR: vampire.server.feeding.FeedingRecord sendPlayerStartGameMsg [playerId=122324, prey=true, _predatorIndex=]
2009-05-09 19:26:22,224 ERROR: vampire.server.feeding.FeedingRecord sendPlayerStartGameMsg [playerId=10850, prey=false, _predatorIndex=]
2009-05-09 19:26:36,965 ERROR: vampire.server.feeding.FeedingRecord sendPlayerStartGameMsg [playerId=10850, prey=false, _predatorIndex=1329831,1355145]
2009-05-09 19:27:21,051 ERROR: vampire.server.feeding.FeedingRecord sendPlayerStartGameMsg [playerId=176400, prey=true, _predatorIndex=]
2009-05-09 19:27:21,052 ERROR: vampire.server.feeding.FeedingRecord sendPlayerStartGameMsg [playerId=122324, prey=false, _predatorIndex=]
2009-05-09 19:27:25,575 ERROR: vampire.server.feeding.FeedingRecord sendPlayerStartGameMsg [playerId=181253, prey=true, _predatorIndex=]
2009-05-09 19:27:25,576 ERROR: vampire.server.feeding.FeedingRecord sendPlayerStartGameMsg [playerId=1062, prey=false, _predatorIndex=]
2009-05-09 19:27:34,672 ERROR: vampire.server.feeding.FeedingRecord sendPlayerStartGameMsg [playerId=555728, prey=true, _predatorIndex=]
2009-05-09 19:27:34,673 ERROR: vampire.server.feeding.FeedingRecord sendPlayerStartGameMsg [playerId=988642, prey=false, _predatorIndex=]
2009-05-09 19:27:37,756 ERROR: vampire.server.feeding.FeedingRecord sendPlayerStartGameMsg [playerId=1329831, prey=false, _predatorIndex=122324]
2009-05-09 19:27:44,596 ERROR: vampire.server.feeding.FeedingRecord sendPlayerStartGameMsg [playerId=128711, prey=false, _predatorIndex=]
2009-05-09 19:28:00,526 ERROR: vampire.server.feeding.FeedingRecord sendPlayerStartGameMsg [playerId=1329831, prey=false, _predatorIndex=988642]
2009-05-09 19:28:09,785 ERROR: vampire.server.feeding.FeedingRecord sendPlayerStartGameMsg [playerId=1329831, prey=false, _predatorIndex=988642,1329831]
2009-05-09 19:29:03,688 ERROR: vampire.server.feeding.FeedingRecord sendPlayerStartGameMsg [playerId=113098, prey=true, _predatorIndex=]
2009-05-09 19:29:03,688 ERROR: vampire.server.feeding.FeedingRecord sendPlayerStartGameMsg [playerId=10850, prey=false, _predatorIndex=]
2009-05-09 19:29:03,761 ERROR: vampire.server.feeding.FeedingRecord sendPlayerStartGameMsg [playerId=1355145, prey=false, _predatorIndex=10850]

>>>>BeginStats

>>>>BeginTable
PlayerId, StartTime, EndTime, ProgenyPayout, XPFromFeeding, FeedingGames, MeanFeedingScore, BloodBond, Progeny, GrandProgeny, Sire, Level, Invites
1021278, , , 12.5, 0, 0, 0, 0, 2, 2, 452296, , 
103033, 1241912809664, 1241913883376, 0, 841, 3, 214.33333333333334, 767143, 18, 14, 81899, 7, 1
103053, , , 21.6, 0, 0, 0, 0, 3, 0, 96213, , 
1032648, , , 25.900000000000002, 0, 0, 0, 0, 4, 2, 234337, , 
103634, , , 154.45000000000002, 0, 0, 0, 0, 1, 3, 369681, , 
1043, 1241912172010, 1241912175504, 0, 0, 0, 0, 453, 6, 3, 12, 13, 3
1047840, 1241921177130, , 0, 943, 5, 227.6, 1106386, 7, 0, 408501, 6, 1
104890, 1241915085895, 1241915287027, 0, 121, 1, 121, 0, 1, 0, 22707, 4, 0
1062, 1241922383428, , 451.55000000000007, 1576, 8, 287.375, 54776, 13, 10, 713, 17, 2
106210, 1241920468968, 1241920848769, 0, 216, 1, 151, 43386, 0, 0, 103053, 6, 2
1062853, , , 206.60000000000002, 0, 0, 0, 0, 9, 0, 1124214, , 
10642, , , 186.40000000000003, 0, 0, 0, 0, 34, 17, 351598, , 
1077614, , , 282.3, 0, 0, 0, 0, 2, 2, 836050, , 
108338, , , 140.70000000000002, 0, 0, 0, 0, 1, 6, 288860, , 
1084434, 1241910654804, 1241911694408, 0, 1502, 7, 134, 1892, 0, 0, 54776, 3, 
10850, 1241920028214, , 0, 2823, 15, 137.66666666666666, 0, 2, 0, 1077614, 4, 2
1090611, 1241922001200, , 0, 259, 1, 363, 1032874, 2, 0, 1032648, 4, 0
1092321, , , 232.64999999999998, 0, 0, 0, 0, 33, 11, 35568, , 
1092398, 1241913873690, 1241914648887, 0, 878, 6, 155.66666666666666, 0, 0, 0, 1204358, 1, 
110006, 1241918567467, 1241918930767, 0, 139, 1, 175, 0, 5, 4, 321365, 4, 0
1100493, 1241918856029, 1241919491644, 0, 78, 1, 78, 0, 0, 0, 0, 1, 
1101, , , 352.40000000000003, 0, 0, 0, 0, 2, 19, 239981, , 
1103506, 1241919904747, 1241921701835, 0, 2066, 11, 172.1818181818182, 0, 0, 0, 1062853, 4, 
110735, 1241916737335, 1241916777488, 0, 0, 0, 0, 1255618, 0, 0, 408501, 3, 
1111437, 1241913755123, 1241913826076, 0, 0, 0, 0, 0, 2, 0, 70997, 2, 
1120688, 1241917871938, 1241917878315, 0, 1501, 10, 142, 0, 0, 0, 543921, 2, 
1120961, 1241922549270, 1241922560718, 0, 0, 0, 0, 0, 0, 0, 0, 1, 
1122449, , , 28.2, 0, 0, 0, 0, 15, 2, 555728, , 
1124156, 1241914276890, 1241914645095, 199.29999999999998, 476, 2, 358, 269484, 11, 2, 184671, 9, 3
1124214, , , 103.30000000000001, 0, 0, 0, 0, 1, 9, 1122449, , 
113098, 1241922095744, , 0, 97, 1, 73, 0, 0, 0, 261751, 3, 0
113237, , , 432.1, 0, 0, 0, 0, 9, 18, 10642, , 
114461, 1241918056066, 1241918831645, 0, 203, 2, 101.5, 0, 2, 2, 390995, 4, 0
11460, , , 219, 0, 0, 0, 0, 1, 15, 41022, , 
1148098, , , 25, 0, 0, 0, 0, 2, 3, 1021278, , 
116253, 1241922573407, , 0, 0, 0, 0, 0, 0, 0, 0, 1, 0
1162584, 1241916977446, 1241919266958, 0, 1256, 5, 174.8, 0, 0, 0, 178724, 3, 
1163664, 1241915685737, 1241915742326, 0, 0, 0, 0, 0, 0, 0, 1255018, 1, 
116434, 1241917693738, 1241918539636, 0, 1112, 4, 249.75, 0, 2, 0, 371343, 4, 2
1165025, 1241918093286, 1241918114833, 0, 0, 0, 0, 0, 0, 0, 0, 1, 
1173068, 1241917433089, 1241918658637, 0, 1071, 7, 153.28571428571428, 0, 0, 0, 176400, 2, 
117857, , , 23.75, 0, 0, 0, 0, 3, 6, 146211, , 
1178608, 1241917216578, 1241917225714, 0, 0, 0, 0, 0, 0, 0, 0, 1, 
1181562, 1241916333149, 1241916343709, 0, 0, 0, 0, 0, 0, 0, 0, 1, 
1199648, 1241912465309, 1241913102920, 0, 0, 0, 0, 0, 2, 0, 394001, 4, 1
12, , , 153.89999999999998, 0, 0, 0, 0, 20, 55, 383387, , 
120076, , , 188.1, 0, 0, 0, 0, 11, 0, 34987, , 
1204358, 1241912719663, 1241916544825, 87.6, 1556, 12, 105.66666666666667, 0, 2, 0, 1062, 2, 
1207789, 1241916425981, 1241916449225, 0, 0, 0, 0, 0, 0, 0, 0, 1, 
1208580, , , 38.300000000000004, 0, 0, 0, 0, 1, 0, 885698, , 
1211786, 1241914313863, 1241914330148, 0, 0, 0, 0, 0, 0, 0, 0, 1, 
121874, 1241921537944, 1241921908360, 0, 0, 0, 0, 0, 0, 0, 0, 1, 
122194, , , 3.5, 0, 0, 0, 0, 1, 12, 170316, , 
1223024, 1241912192450, 1241912682246, 0, 250, 2, 136, 0, 3, 2, 1148098, 2, 1
122324, 1241921982592, , 0, 499, 2, 167, 0, 0, 0, 176400, 1, 0
122718, 1241910612199, 1241910749072, 0, 0, 0, 0, 0, 0, 0, 0, 1, 
123961, 1241921767318, 1241922334222, 0, 0, 0, 0, 878, 5, 23, 713, 15, 2
1246998, 1241920851272, 1241921125954, 0, 0, 0, 0, 0, 0, 0, 0, 1, 
125347, 1241917760702, 1241917935118, 0, 183, 1, 183, 0, 1, 0, 561527, 2, 0
1254632, 1241915484171, 1241915940017, 0, 78, 1, 61, 0, 0, 0, 0, 1, 
1255618, 1241915129337, 1241916491662, 14.600000000000001, 564, 4, 159.5, 110735, 3, 1, 206148, 4, 
1261178, 1241922518467, , 0, 0, 0, 0, 0, 6, 0, 1155409, 5, 1
1265, , , 69.85, 0, 0, 0, 0, 2, 31, 12, , 
126757, 1241913795321, 1241914051489, 0, 130, 1, 130, 0, 0, 0, 0, 1, 
1273954, 1241917139211, 1241917144314, 0, 0, 0, 0, 0, 0, 0, 4139, 2, 
1275561, 1241912251831, 1241912951649, 0, 176, 1, 184, 0, 1, 0, 772113, 3, 
127763, , , 4.8500000000000005, 0, 0, 0, 0, 2, 6, 143278, , 
1279761, 1241915214890, 1241916871041, 0, 1513, 9, 172, 0, 0, 0, 171513, 4, 
1281412, 1241916790858, 1241918165265, 0, 168, 2, 100, 0, 0, 0, 1124156, 1, 
1283335, 1241911478812, 1241912629761, 0, 627, 4, 174.75, 0, 0, 0, 0, 2, 
1285504, 1241916608068, 1241916842815, 0, 0, 0, 0, 1346597, 4, 0, 1241857, 4, 3
128711, 1241921421401, , 0, 639, 4, 144.75, 0, 0, 0, 171513, 1, 0
129076, 1241912463187, 1241912472928, 0, 0, 0, 0, 0, 0, 0, 0, 1, 
1298136, 1241916754104, 1241917016542, 0, 0, 0, 0, 0, 0, 0, 0, 1, 
1299774, 1241912925016, 1241913255841, 0, 102, 1, 102, 0, 0, 0, 0, 1, 
1304810, 1241919338625, 1241919804308, 0, 0, 0, 0, 0, 0, 0, 103033, 1, 
1309580, 1241911690102, 1241912566112, 0, 240, 2, 123, 0, 0, 0, 1204358, 1, 
1314704, 1241915481032, 1241915503986, 0, 0, 0, 0, 0, 0, 0, 0, 1, 
131657, 1241917063143, 1241917073789, 0, 0, 0, 0, 0, 0, 0, 0, 1, 0
1327275, 1241921723365, 1241921765603, 0, 0, 0, 0, 0, 0, 0, 0, 1, 
1327457, 1241921898134, 1241921924925, 0, 0, 0, 0, 0, 0, 0, 0, 1, 
1328683, 1241911662913, 1241911789947, 0, 0, 0, 0, 0, 0, 0, 522720, 1, 
1329831, 1241920332818, , 0, 2876, 13, 216.07692307692307, 0, 0, 0, 988642, 2, 0
1342864, 1241917598513, 1241918026795, 0, 419, 1, 160, 0, 0, 0, 836050, 1, 
1351488, 1241920920682, 1241922071668, 47.10000000000001, 2565, 19, 124.47368421052632, 0, 1, 0, 835426, 2, 
1355145, 1241921812898, , 0, 385, 3, 168.33333333333334, 0, 0, 0, 0, 1, 0
1357148, 1241919318247, 1241920067059, 0, 633, 3, 193.33333333333334, 0, 0, 0, 178724, 1, 
1358455, 1241919033994, 1241919353850, 0, 303, 2, 160, 0, 0, 0, 47154, 2, 
1358947, 1241911710529, 1241911747751, 0, 0, 0, 0, 0, 0, 0, 0, 1, 
1361827, 1241914583655, 1241915543981, 0, 419, 4, 104.75, 0, 0, 0, 0, 1, 
1369162, 1241922287820, , 0, 0, 0, 0, 0, 0, 0, 0, 1, 0
1380095, 1241921501748, 1241921508387, 0, 117, 2, 58.5, 0, 0, 0, 0, 1, 
1386570, 1241917695720, 1241917705246, 0, 0, 0, 0, 0, 0, 0, 0, 1, 
1387719, 1241917653254, 1241918147242, 0, 0, 0, 0, 0, 0, 0, 0, 1, 
1388538, 1241921108826, 1241921249580, 0, 0, 0, 0, 0, 0, 0, 0, 1, 
1392006, 1241916426737, 1241916491639, 0, 0, 0, 0, 0, 0, 0, 0, 1, 
1394515, 1241916133579, 1241916841282, 0, 331, 3, 111.66666666666667, 0, 0, 0, 392522, 1, 
1395746, 1241920940964, , 0, 638, 3, 178.33333333333334, 0, 0, 0, 988642, 1, 0
1396452, 1241918378651, 1241920867815, 0, 852, 4, 143.75, 0, 0, 0, 176400, 2, 
1397345, 1241912958693, 1241912997752, 0, 0, 0, 0, 0, 0, 0, 0, 1, 
1398404, 1241921834761, 1241922067157, 0, 141, 1, 164, 0, 0, 0, 0, 1, 
1398512, 1241919209435, 1241919332068, 0, 0, 0, 0, 0, 0, 0, 0, 1, 
1399577, 1241912421338, 1241915265054, 22.700000000000003, 2909, 13, 160.92307692307693, 0, 1, 0, 1062, 2, 
1400145, 1241922174380, 1241922189140, 0, 0, 0, 0, 0, 0, 0, 0, 1, 
1400444, 1241920613720, 1241920990472, 0, 640, 3, 107.66666666666667, 0, 0, 0, 859282, 1, 
1400516, 1241915129014, 1241915143424, 0, 0, 0, 0, 0, 0, 0, 0, 1, 
1400571, 1241919507575, 1241919523962, 0, 0, 0, 0, 0, 0, 0, 0, 1, 
1400665, 1241915809981, 1241916283146, 0, 213, 2, 132, 0, 0, 0, 1255618, 1, 
1400876, 1241914770193, 1241914780015, 0, 0, 0, 0, 0, 0, 0, 0, 1, 
1401271, 1241916524985, 1241916542784, 0, 0, 0, 0, 0, 0, 0, 0, 1, 
1403236, 1241922170740, 1241922174182, 0, 0, 0, 0, 0, 0, 0, 0, 1, 
143538, , , 10.55, 0, 0, 0, 0, 2, 23, 1531, , 
147367, 1241915638839, 1241915652728, 0, 0, 0, 0, 0, 0, 0, 156489, 1, 0
147608, , , 9.15, 0, 0, 0, 0, 1, 1, 502119, , 
153751, 1241917539344, 1241919088574, 0, 725, 6, 110.83333333333333, 0, 0, 0, 1351488, 1, 
156489, , , 35.6, 0, 0, 0, 0, 16, 17, 713, , 
157713, , , 7.800000000000001, 0, 0, 0, 0, 4, 0, 58859, , 
159950, 1241915741602, 1241916098724, 0, 711, 4, 156.25, 0, 0, 0, 840880, 1, 
160138, , , 40.95, 0, 0, 0, 0, 7, 7, 150469, , 
161001, , , 45.800000000000004, 0, 0, 0, 0, 1, 2, 377820, , 
161283, , , 47.5, 0, 0, 0, 0, 6, 0, 117857, , 
166, , , 184.79999999999998, 0, 0, 0, 0, 6, 1, 578, , 
168234, , , 4.8500000000000005, 0, 0, 0, 0, 6, 2, 100080, , 
16825, 1241911172613, 1241911701829, 0, 895, 3, 298.3333333333333, 0, 14, 10, 4139, 6, 1
168426, 1241912256745, 1241912365730, 0, 0, 0, 0, 0, 1, 0, 164243, 4, 0
170191, , , 472.44999999999993, 0, 0, 0, 0, 3, 12, 202873, , 
170934, , , 9.1, 0, 0, 0, 0, 7, 10, 49732, , 
171513, 1241918869952, 1241919760979, 216.30000000000004, 3762, 12, 274.8333333333333, 0, 12, 7, 170191, 13, 3
171683, 1241920853402, 1241921291681, 0, 475, 2, 321.5, 0, 0, 0, 161283, 4, 0
171720, 1241917496741, 1241917619734, 0, 0, 0, 0, 94555, 5, 1, 128013, 4, 4
176400, 1241920334678, , 496.29999999999995, 6432, 28, 292.9642857142857, 0, 19, 0, 21067, 7, 5
177501, 1241912107366, 1241912496051, 0, 100, 1, 101, 0, 1, 0, 298229, 4, 
177634, 1241919595676, 1241920216011, 0, 422, 2, 129, 0, 0, 0, 555728, 1, 
178724, 1241922318474, , 230.5, 1446, 4, 559.75, 0, 20, 2, 58859, 6, 1
178734, 1241920617735, 1241920618539, 0, 416, 3, 99.33333333333333, 0, 0, 0, 178724, 1, 
181253, 1241919206682, , 24.1, 1424, 7, 205.28571428571428, 0, 3, 0, 103634, 7, 3
181264, , , 66.35000000000001, 0, 0, 0, 0, 2, 1, 3812, , 
181613, 1241920989361, 1241922111686, 0, 1512, 7, 207.57142857142858, 0, 1, 0, 61609, 3, 0
182539, 1241922570980, , 0, 1335, 7, 223.57142857142858, 0, 4, 0, 879079, 3, 0
184671, , , 147.25000000000003, 0, 0, 0, 0, 1, 11, 171513, , 
1892, 1241913344660, 1241913520461, 0, 1502, 7, 294.7142857142857, 1084434, 23, 7, 995, 12, 2
191409, 1241913333843, 1241913814480, 0, 227, 2, 106, 0, 0, 0, 1399577, 1, 
192080, , , 33.1, 0, 0, 0, 0, 2, 10, 220964, , 
195601, 1241919524096, 1241920669258, 0, 121, 1, 70, 0, 0, 0, 0, 1, 
196543, , , 66.75, 0, 0, 0, 0, 6, 2, 32314, , 
197080, , , 14, 0, 0, 0, 0, 4, 1, 110178, , 
202873, , , 188.1, 0, 0, 0, 0, 1, 3, 341164, , 
205535, 1241914506870, 1241914837363, 0, 0, 0, 0, 0, 2, 2, 95479, 7, 2
206148, , , 63.7, 0, 0, 0, 0, 1, 3, 1122449, , 
206273, 1241915774784, 1241919551643, 0, 2541, 13, 241.3846153846154, 0, 0, 0, 176400, 3, 
210163, , , 94.25, 0, 0, 0, 0, 12, 20, 255725, , 
21067, , , 891.3500000000003, 0, 0, 0, 0, 3, 19, 302907, , 
211715, , , 18.450000000000003, 0, 0, 0, 0, 2, 3, 299646, , 
213087, 1241914650944, 1241914756530, 0, 0, 0, 0, 0, 0, 0, 258951, 2, 0
215287, 1241922472230, 1241922478592, 0, 0, 0, 0, 0, 0, 0, 195736, 4, 0
217283, , , 18.450000000000003, 0, 0, 0, 0, 71, 6, 57393, , 
220964, , , 72.14999999999999, 0, 0, 0, 0, 5, 6, 143501, , 
223864, , , 81.9, 0, 0, 0, 0, 7, 37, 160138, , 
224560, 1241911882680, 1241911991646, 0, 0, 0, 0, 0, 2, 0, 132334, 3, 1
22707, , , 87.7, 0, 0, 0, 0, 7, 17, 8842, , 
228764, , , 28, 0, 0, 0, 0, 1, 2, 197080, , 
234337, , , 12.950000000000001, 0, 0, 0, 0, 5, 4, 97523, , 
238812, 1241911530996, 1241912714163, 0, 331, 2, 214.5, 546831, 10, 6, 192080, 5, 2
239981, , , 165.65000000000003, 0, 0, 0, 0, 1, 2, 209944, , 
246491, 1241918203320, 1241918711648, 0, 0, 0, 0, 0, 0, 0, 336524, 1, 0
249956, 1241914256521, 1241915674132, 0, 1798, 8, 193.25, 0, 0, 0, 166, 3, 
256746, , , 44.599999999999994, 0, 0, 0, 0, 5, 30, 61984, , 
258951, , , 139.7, 0, 0, 0, 0, 25, 14, 1265, , 
259344, , , 21.1, 0, 0, 0, 0, 23, 13, 143538, , 
261716, , , 164.70000000000002, 0, 0, 0, 0, 1, 2, 181264, , 
261751, , , 9.700000000000001, 0, 0, 0, 0, 2, 0, 168234, , 
276754, 1241914016646, 1241914062254, 0, 0, 0, 0, 0, 0, 0, 0, 1, 
283305, 1241920950907, 1241921411687, 0, 304, 1, 134, 544450, 5, 10, 497122, 8, 3
293092, 1241917195242, 1241917871647, 0, 0, 0, 0, 184475, 3, 0, 320880, 4, 2
295991, , , 91.60000000000001, 0, 0, 0, 0, 2, 4, 161001, , 
298229, , , 10, 0, 0, 0, 0, 1, 1, 166, , 
298666, 1241920205454, 1241921066082, 0, 211, 1, 277, 868186, 9, 2, 259344, 8, 4
299646, , , 6.15, 0, 0, 0, 0, 4, 2, 69257, , 
302907, , , 321.6000000000001, 0, 0, 0, 0, 2, 3, 283855, , 
307471, , , 20.450000000000003, 0, 0, 0, 0, 1, 10, 12, , 
308635, , , 7, 0, 0, 0, 0, 12, 0, 122194, , 
311783, 1241911134971, 1241913583810, 140.55, 1641, 6, 406, 0, 15, 4, 11460, 10, 7
317371, , , 6.95, 0, 0, 0, 0, 3, 3, 104507, , 
3200, 1241916860884, 1241917674772, 0, 819, 3, 349.3333333333333, 71724, 37, 22, 223864, 14, 2
321365, , , 13.9, 0, 0, 0, 0, 3, 6, 317371, , 
321891, 1241910632343, 1241913454629, 61.5, 1349, 11, 106.63636363636364, 0, 1, 0, 311783, 4, 0
32314, , , 61.10000000000001, 0, 0, 0, 0, 10, 6, 40508, , 
328907, 1241911083278, 1241914151643, 0, 624, 6, 94.5, 0, 0, 0, 321891, 1, 
329560, 1241917821251, 1241917847494, 0, 0, 0, 0, 0, 0, 0, 261567, 2, 
333230, 1241922486933, 1241922505239, 0, 0, 0, 0, 0, 1, 0, 167153, 5, 3
335645, 1241913862191, 1241914031652, 0, 0, 0, 0, 0, 0, 0, 297654, 1, 
336024, , , 54.150000000000006, 0, 0, 0, 0, 1, 4, 510740, , 
336228, , , 40.900000000000006, 0, 0, 0, 0, 10, 16, 307471, , 
336620, 1241915104481, 1241916971670, 0, 78, 1, 95, 0, 0, 0, 157713, 2, 
336694, , , 15.150000000000002, 0, 0, 0, 0, 3, 1, 338481, , 
34987, , , 94.05, 0, 0, 0, 0, 1, 11, 8842, , 
351430, 1241919304466, 1241920246284, 0, 409, 1, 386, 336228, 14, 47, 336228, 14, 2
351598, , , 2.6500000000000004, 0, 0, 0, 0, 1, 34, 359624, , 
35568, , , 6.050000000000001, 0, 0, 0, 0, 3, 33, 258951, , 
36377, 1241913207566, 1241914967028, 0, 1784, 6, 378.8333333333333, 0, 4, 8, 453809, 10, 3
367452, , , 9.700000000000001, 0, 0, 0, 0, 6, 4, 127763, , 
369681, , , 71.20000000000002, 0, 0, 0, 0, 2, 1, 1704, , 
371343, , , 111.19999999999999, 0, 0, 0, 0, 3, 3, 220964, , 
372887, , , 89.2, 0, 0, 0, 0, 1, 1, 386780, , 
380197, 1241915620416, 1241919719846, 0, 916, 8, 120.375, 0, 4, 0, 295991, 4, 10
384125, 1241920327239, 1241921554377, 0, 280, 2, 113, 0, 2, 0, 228764, 2, 0
384703, 1241915868221, 1241916070631, 0, 0, 0, 0, 0, 2, 7, 338481, 4, 0
387496, 1241915407853, 1241915999118, 0, 0, 0, 0, 0, 1, 0, 82377, 3, 1
388615, , , 10.15, 0, 0, 0, 0, 1, 2, 395687, , 
390995, , , 20.3, 0, 0, 0, 0, 2, 2, 388615, , 
391630, 1241912944688, 1241914992914, 0, 2814, 21, 121.9047619047619, 0, 0, 0, 64152, 3, 0
39180, 1241912045195, 1241912150016, 0, 0, 0, 0, 0, 8, 16, 68619, 7, 1
392522, 1241916608206, 1241918273951, 12.3, 123, 1, 118, 1242476, 3, 0, 217283, 3, 
396113, , , 72.3, 0, 0, 0, 0, 2, 11, 44987, , 
403770, 1241915740843, 1241915763727, 0, 0, 0, 0, 0, 0, 0, 64247, 4, 0
40508, , , 30.550000000000004, 0, 0, 0, 0, 1, 10, 23340, , 
408501, , , 94.30000000000001, 0, 0, 0, 0, 8, 7, 637936, , 
409641, 1241914889607, 1241916040526, 0, 182, 1, 182, 0, 0, 0, 98128, 3, 0
41022, , , 82.05000000000001, 0, 0, 0, 0, 2, 1, 412796, , 
4139, , , 89.5, 0, 0, 0, 0, 25, 14, 713, , 
43017, 1241917959601, 1241917977388, 0, 0, 0, 0, 58859, 1, 2, 339818, 9, 2
430717, , , 89.19999999999999, 0, 0, 0, 0, 30, 1, 256746, , 
43402, 1241918393313, 1241918399161, 0, 0, 0, 0, 29810, 12, 17, 123961, 11, 3
438751, , , 292.95, 0, 0, 0, 0, 20, 10, 210163, , 
453809, , , 178.4, 0, 0, 0, 0, 1, 4, 372887, , 
47154, , , 30.300000000000004, 0, 0, 0, 0, 1, 0, 336694, , 
497122, , , 30.400000000000002, 0, 0, 0, 0, 15, 5, 82321, , 
505544, 1241918318288, 1241921941281, 12.3, 123, 1, 138, 0, 3, 0, 211715, 2, 0
510740, , , 8.8, 0, 0, 0, 0, 71, 3, 534632, , 
5212, , , 71.2, 0, 0, 0, 0, 17, 5, 156489, , 
52818, 1241921743185, , 0, 97, 1, 120, 1118266, 4, 1, 367452, 4, 0
543921, , , 214.39999999999998, 0, 0, 0, 0, 8, 0, 1092321, , 
54776, 1241913317131, 1241914624109, 170.2, 0, 0, 0, 1062, 83, 37, 89757, 16, 3
555728, 1241916719175, , 42.2, 3313, 14, 316.07142857142856, 828191, 19, 15, 1101, 4, 0
561527, , , 18.3, 0, 0, 0, 0, 1, 1, 147608, , 
561727, 1241912477413, 1241913697533, 0, 383, 3, 133.66666666666666, 0, 0, 0, 1208580, 3, 
57393, , , 6.15, 0, 0, 0, 0, 6, 75, 159420, , 
578, , , 89.89999999999999, 0, 0, 0, 0, 1, 6, 12770, , 
57863, 1241912133961, 1241912813368, 0, 643, 4, 143, 0, 0, 0, 543921, 2, 0
58022, 1241917105920, 1241917364142, 0, 0, 0, 0, 0, 4, 5, 175065, 4, 0
58429, 1241918587942, 1241918771672, 0, 53, 1, 106, 0, 7, 13, 10642, 4, 
58859, , , 263.75, 0, 0, 0, 0, 11, 24, 396113, , 
608349, 1241920707501, 1241920886591, 0, 0, 0, 0, 0, 0, 0, 430717, 3, 
61045, , , 30.450000000000003, 0, 0, 0, 0, 7, 10, 74372, , 
61609, , , 151.20000000000002, 0, 0, 0, 0, 4, 1, 22707, , 
617358, 1241917745583, 1241918075890, 0, 0, 0, 0, 0, 0, 0, 209274, 3, 
624632, 1241918827436, , 0, 123, 1, 108, 0, 0, 0, 505544, 2, 0
634607, 1241918814739, 1241920331628, 0, 0, 0, 0, 0, 4, 3, 54776, 5, 2
637936, , , 47.150000000000006, 0, 0, 0, 0, 3, 8, 217283, , 
64152, , , 281.40000000000003, 0, 0, 0, 0, 6, 0, 108338, , 
64748, 1241910604159, 1241910779132, 0, 0, 0, 0, 0, 0, 0, 66537, 2, 
66755, 1241922292643, , 0, 0, 0, 0, 0, 0, 0, 0, 1, 0
695462, 1241911177793, 1241911192677, 0, 0, 0, 0, 0, 0, 0, 0, 1, 
713, , , 400.55, 0, 0, 0, 0, 11, 59, 12, , 
733513, 1241911188263, 1241911198715, 0, 0, 0, 0, 0, 0, 0, 0, 1, 
74372, , , 108.30000000000001, 0, 0, 0, 0, 4, 7, 336024, , 
74653, 1241916060917, 1241919748219, 0, 1083, 5, 212.6, 0, 0, 0, 74372, 4, 0
748546, 1241916274741, 1241916291273, 0, 0, 0, 0, 0, 0, 0, 0, 1, 
76723, 1241920341296, 1241920404766, 0, 0, 0, 0, 0, 0, 0, 55982, 1, 
769463, 1241913585055, 1241920114203, 0, 892, 5, 156.4, 208692, 1, 0, 430717, 4, 
769849, 1241915204209, 1241917270483, 0, 200, 2, 165.5, 0, 1, 0, 54776, 4, 
77, 1241919373017, 1241919392348, 0, 0, 0, 0, 171151, 11, 2, 12770, 14, 2
772113, , , 17.6, 0, 0, 0, 0, 1, 1, 510740, , 
78233, 1241918138379, 1241918447894, 0, 0, 0, 0, 0, 0, 0, 54776, 3, 
79588, 1241915745107, 1241915760346, 0, 0, 0, 0, 0, 0, 0, 33511, 1, 0
802319, , , 42.050000000000004, 0, 0, 0, 0, 2, 6, 773108, , 
813096, 1241920328946, 1241921725623, 0, 1881, 9, 220.88888888888889, 0, 0, 0, 120076, 4, 
81391, 1241920622854, 1241921291684, 0, 287, 2, 174.5, 0, 0, 0, 0, 1, 
81899, , , 84.10000000000001, 0, 0, 0, 0, 6, 18, 802319, , 
822174, 1241910607220, 1241911207769, 0, 0, 0, 0, 0, 0, 0, 176400, 1, 
82321, , , 15.200000000000001, 0, 0, 0, 0, 6, 15, 57717, , 
825362, 1241912331957, 1241912541225, 0, 0, 0, 0, 0, 0, 0, 68238, 1, 
835426, 1241916534114, 1241916790305, 250.24999999999997, 121, 1, 117, 0, 3, 2, 1092321, 3, 
836050, 1241915880549, 1241921368179, 313.25, 3622, 10, 543.8, 592692, 18, 7, 113237, 9, 2
840880, 1241912802437, 1241913338999, 64.60000000000001, 979, 5, 115.4, 0, 1, 0, 836050, 3, 
859282, 1241917889642, 1241920443502, 64, 1327, 9, 105.11111111111111, 0, 2, 0, 261716, 4, 
861024, 1241918798450, 1241920325930, 0, 70, 1, 70, 0, 0, 0, 308635, 2, 
86131, 1241916473061, 1241917738624, 0, 2047, 12, 125.83333333333333, 0, 0, 0, 1124156, 2, 
86926, , , 60.900000000000006, 0, 0, 0, 0, 7, 1, 61045, , 
879079, , , 133.5, 0, 0, 0, 0, 2, 4, 196543, , 
8842, , , 6.050000000000001, 0, 0, 0, 0, 12, 8, 1531, , 
885698, , , 19.150000000000002, 0, 0, 0, 0, 4, 1, 836050, , 
89757, , , 85.1, 0, 0, 0, 0, 3, 83, 20260, , 
90041, 1241914123248, 1241915351631, 0, 1397, 4, 398.75, 175933, 10, 10, 258951, 12, 14
910170, 1241915545637, 1241917386414, 0, 611, 3, 110, 0, 0, 0, 32314, 1, 
92509, 1241915656400, 1241916476820, 0, 712, 3, 238, 0, 5, 0, 5212, 6, 3
93640, 1241918947621, 1241921171664, 0, 609, 4, 134.5, 0, 1, 0, 86926, 4, 0
937925, 1241920702561, 1241920717036, 0, 0, 0, 0, 0, 0, 0, 0, 1, 
96213, , , 10.8, 0, 0, 0, 0, 1, 3, 41862, , 
98128, , , 18.2, 0, 0, 0, 0, 9, 2, 170934, , 
988021, 1241920351696, 1241921264687, 0, 241, 2, 114, 0, 0, 0, 181253, 1, 
988642, 1241920209329, , 208.89999999999998, 1885, 5, 431.8, 336524, 10, 0, 438751, 9, 2
995, , , 150.2, 0, 0, 0, 0, 13, 23, 12, , 
<<<<EndTable

PlayersOnlineNow=22
PlayersOnlineEachMinute=0, 13, 13, 10, 9, 9, 9, 10, 9, 11, 13, 12, 13, 13, 13, 15, 16, 16, 18, 17, 15, 16, 16, 17, 16, 20, 19, 20, 22, 23, 21, 21, 22, 20, 18, 17, 18, 20, 21, 21, 21, 20, 18, 18, 18, 18, 19, 19, 17, 16, 18, 18, 17, 18, 14, 14, 15, 16, 14, 14, 14, 15, 16, 15, 14, 15, 16, 17, 15, 15, 14, 11, 12, 12, 12, 12, 14, 16, 15, 14, 14, 15, 17, 16, 18, 18, 19, 20, 23, 23, 23, 22, 19, 21, 22, 21, 21, 21, 22, 21, 20, 23, 25, 25, 23, 23, 23, 22, 22, 22, 22, 23, 23, 22, 23, 23, 24, 24, 26, 25, 27, 26, 27, 27, 25, 26, 24, 23, 22, 24, 25, 25, 23, 23, 24, 24, 22, 23, 24, 22, 23, 24, 23, 24, 25, 25, 25, 24, 23, 24, 24, 25, 24, 23, 22, 23, 24, 23, 22, 20, 21, 20, 19, 23, 19, 21, 21, 23, 22, 23, 23, 24, 21, 23, 23, 22, 22, 22, 20, 18, 17, 17, 18, 16, 16, 15, 17, 18, 19, 17, 19, 19, 16, 18, 16, 18, 18, 19, 19, 20
PlayersInEachFeedingGame=1, 1, 1, 1, 2, 1, 1, 1, 1, 2, 1, 2, 2, 3, 1, 2, 2, 1, 2, 2, 3, 2, 1, 2, 1, 1, 2, 1, 1, 2, 1, 2, 2, 1, 2, 2, 2, 2, 2, 2, 2, 2, 2, 2, 2, 1, 2, 2, 2, 2, 1, 2, 1, 2, 1, 2, 1, 2, 1, 2, 2, 2, 2, 1, 2, 2, 1, 1, 2, 2, 1, 1, 1, 1, 2, 2, 1, 2, 1, 1, 2, 2, 1, 2, 2, 2, 1, 2, 2, 1, 1, 1, 2, 2, 1, 2, 2, 1, 1, 1, 1, 1, 1, 2, 2, 2, 1, 2, 2, 2, 1, 2, 2, 2, 2, 1, 1, 2, 2, 1, 2, 2, 1, 1, 1, 2, 2, 1, 2, 1, 1, 2, 2, 2, 2, 1, 1, 2, 2, 1, 2, 4, 2, 1, 5, 1, 2, 1, 2, 2, 2, 2, 1, 2, 2, 2, 1, 1, 2, 1, 2, 2, 2, 2, 2, 2, 1, 2, 2, 1, 2, 2, 2, 2, 1, 3, 2, 2, 2, 2, 2, 1, 3, 1, 1, 2, 1, 2, 2, 2, 1, 1, 2, 2, 1, 2, 2, 2, 2, 3, 2, 2, 2, 2, 2, 2, 2, 2, 1, 2, 2, 1, 2, 1, 1, 2, 1, 2, 3, 2, 1, 2, 3, 2, 1, 2, 1, 2, 2, 2, 2, 1, 2, 3, 2, 2, 2, 1, 2, 1, 1, 2, 2, 2, 2, 1, 3
PlayersStarted=288
PlayersQuit=266
StatsStartTime=1241910601956
StatsDumpTime=1241922602773
<<<<EndStats

