
>>>>BeginStats

>>>>BeginTable
PlayerId, StartTime, EndTime, ProgenyPayout, XPFromFeeding, FeedingGames, MeanFeedingScore, BloodBond, Progeny, GrandProgeny, Sire, Level, Invites
100300, 1241661622912, 1241661722157, 0, 0, 0, 0, 0, 1, 0, 447249, 4, 0
10260, 1241662711290, , 201.20000000000002, 7473, 20, 290.54999999999995, 8527, 10, 9, 713, 15, 2
103033, 1241660835823, 1241663136309, 19, 421, 3, 222, 767143, 12, 13, 81899, 6, 1
1032874, 1241662043850, 1241662132682, 0, 0, 0, 0, 1090611, 4, 0, 1127083, 4, 
1062, 1241663202703, , 0, 4044, 7, 375.57142857142856, 17790, 11, 7, 713, 16, 2
1062231, 1241661124756, 1241662524378, 0, 215, 2, 98.5, 0, 0, 0, 218716, 2, 
1062853, , , 3.5, 0, 0, 0, 0, 9, 17, 1124214, , 
10642, 1241661852167, 1241662243197, 0, 0, 0, 0, 447249, 32, 46, 351598, 15, 2
107345, 1241662321683, 1241662327442, 0, 0, 0, 0, 0, 0, 0, 0, 1, 
1089041, 1241660858343, 1241663768138, 0, 675, 8, 84.25, 0, 0, 0, 10260, 3, 
1090131, 1241663797762, 1241664053061, 0, 339, 1, 147, 0, 0, 0, 555728, 3, 
1092321, , , 58.45, 0, 0, 0, 0, 29, 23, 35568, , 
1100116, 1241661702474, 1241662316971, 0, 190, 3, 78.66666666666667, 0, 0, 0, 103033, 2, 
1101, , , 16.95, 0, 0, 0, 0, 2, 16, 239981, , 
1122449, , , 53.55, 0, 0, 0, 0, 10, 7, 555728, , 
1124156, 1241660932267, 1241664432089, 0, 6566, 17, 482.05882352941177, 269484, 6, 2, 184671, 7, 1
1124214, , , 1.75, 0, 0, 0, 0, 6, 9, 1122449, , 
1126061, , , 44.5, 0, 0, 0, 0, 2, 0, 52350, , 
1145581, 1241661292774, 1241661843931, 0, 445, 3, 148.33333333333334, 0, 0, 0, 1126061, 3, 
1148755, 1241662905296, 1241663517020, 21.9, 115, 1, 230, 0, 21, 1, 1092321, 7, 5
1162172, 1241660857502, 1241663504314, 0, 720, 5, 145.2, 1181188, 0, 0, 835426, 3, 
116548, 1241660846574, 1241662096976, 0, 268, 3, 89.33333333333333, 0, 0, 0, 0, 1, 0
12, , , 1595.7499999999998, 0, 0, 0, 0, 20, 66, 383387, , 
1214279, 1241660838115, 1241661156356, 0, 0, 0, 0, 0, 3, 0, 1152211, 3, 
1229552, 1241661426902, 1241661773414, 0, 120, 1, 131, 0, 0, 0, 900329, 2, 
123534, 1241663892240, 1241664056969, 0, 0, 0, 0, 0, 0, 0, 931, 1, 0
123961, 1241660925734, 1241661932964, 0, 1784, 4, 592, 878, 5, 22, 713, 15, 2
1254611, 1241661410979, 1241661797460, 0, 219, 2, 104, 0, 0, 0, 1148755, 2, 
1255618, 1241664056167, , 0, 1071, 7, 116.42857142857143, 0, 2, 0, 206148, 3, 0
1255708, 1241662540115, 1241662560854, 0, 0, 0, 0, 0, 0, 0, 0, 1, 
1257548, 1241664264995, 1241664932938, 0, 956, 3, 115, 0, 0, 0, 70997, 1, 
125837, 1241662793788, 1241663684804, 0, 1258, 3, 616.6666666666666, 0, 2, 0, 336524, 6, 1
12770, , , 260.5, 0, 0, 0, 0, 23, 22, 383387, , 
1279761, 1241662848678, 1241664001280, 0, 441, 3, 103.33333333333333, 0, 0, 0, 171513, 2, 
1304828, 1241662956363, 1241663319853, 0, 0, 0, 0, 0, 0, 0, 0, 1, 
1305200, 1241663441479, 1241663535881, 0, 0, 0, 0, 0, 0, 0, 0, 1, 
1305314, 1241664132793, 1241664313662, 0, 0, 0, 0, 0, 0, 0, 127942, 1, 
1305400, 1241664274190, 1241664514361, 0, 151, 1, 104, 0, 0, 0, 10260, 1, 
145896, , , 51.25, 0, 0, 0, 0, 6, 3, 225840, , 
147436, 1241664819469, , 0, 510, 2, 125.5, 0, 0, 0, 0, 1, 0
152662, 1241661331551, 1241661367128, 0, 0, 0, 0, 0, 0, 0, 0, 1, 
153097, 1241661095747, , 0, 35, 1, 0, 1110484, 17, 0, 1062853, 4, 15
1531, , , 65.7, 0, 0, 0, 0, 2, 14, 12, , 
168214, 1241661348213, 1241661552597, 0, 0, 0, 0, 0, 4, 5, 190430, 6, 4
170191, , , 100.25, 0, 0, 0, 0, 3, 10, 202873, , 
171513, 1241664267089, 1241664275897, 372.4000000000001, 782, 3, 271.6666666666667, 0, 10, 7, 170191, 12, 2
176940, 1241660835774, 1241661673218, 0, 120, 1, 137, 0, 0, 0, 0, 1, 
17790, 1241661132443, , 0, 5199, 11, 569.2727272727273, 1062, 12, 13, 20260, 16, 3
182851, 1241664906641, , 0, 0, 0, 0, 0, 1, 0, 169321, 4, 0
184671, , , 656.6000000000001, 0, 0, 0, 0, 1, 6, 171513, , 
185505, , , 102.5, 0, 0, 0, 0, 3, 0, 145896, , 
188229, , , 10.75, 0, 0, 0, 0, 2, 13, 168234, , 
1923, 1241661354021, , 0, 853, 3, 309.3333333333333, 0, 0, 0, 995, 4, 0
195736, , , 123.70000000000002, 0, 0, 0, 0, 6, 22, 334835, , 
196543, 1241661846385, 1241662296196, 0, 204, 1, 251, 0, 6, 0, 32314, 4, 1
20260, , , 519.9000000000001, 0, 0, 0, 0, 18, 14, 12, , 
202873, , , 39.1, 0, 0, 0, 0, 1, 3, 341164, , 
205330, , , 5.25, 0, 0, 0, 0, 1, 2, 273767, , 
206148, , , 107.1, 0, 0, 0, 0, 1, 2, 1122449, , 
218716, , , 21.5, 0, 0, 0, 0, 13, 0, 188229, , 
22279, 1241662395344, 1241663113015, 0, 314, 2, 164.5, 0, 0, 0, 0, 2, 
223494, , , 73.15, 0, 0, 0, 0, 1, 1, 179687, , 
22707, , , 383.6, 0, 0, 0, 0, 7, 11, 8842, , 
259344, , , 28.200000000000003, 0, 0, 0, 0, 23, 7, 143538, , 
264673, 1241664240423, , 0, 0, 0, 0, 0, 0, 0, 28294, 3, 0
271936, 1241660890342, 1241663282629, 0, 0, 0, 0, 0, 3, 0, 887964, 4, 
280406, 1241662532678, 1241662537503, 0, 0, 0, 0, 0, 0, 0, 556276, 1, 
283059, 1241660829559, 1241661066174, 0, 0, 0, 0, 0, 0, 0, 0, 1, 
298666, , , 56.400000000000006, 0, 0, 0, 0, 7, 0, 259344, , 
307471, , , 340.30000000000007, 0, 0, 0, 0, 1, 10, 12, , 
30940, 1241663952296, 1241664799638, 0, 1314, 4, 414.75, 0, 0, 0, 8842, 4, 
32169, 1241663084410, 1241663563009, 0, 1186, 3, 613.6666666666666, 219, 8, 0, 10260, 14, 5
322949, 1241663521399, 1241664557742, 0, 265, 3, 88.33333333333333, 0, 0, 0, 0, 1, 
32314, , , 20.400000000000002, 0, 0, 0, 0, 10, 6, 40508, , 
334835, , , 30.4, 0, 0, 0, 0, 2, 6, 143501, , 
336228, , , 692.7000000000002, 0, 0, 0, 0, 10, 16, 307471, , 
336524, 1241661886706, , 125.80000000000001, 608, 2, 466.5, 101052, 22, 6, 195736, 11, 2
351430, 1241660846171, , 24.200000000000003, 6806, 18, 335.27777777777777, 336228, 14, 46, 336228, 13, 2
35568, , , 5.75, 0, 0, 0, 0, 2, 29, 258951, , 
380174, , , 21.35, 0, 0, 0, 0, 2, 2, 205330, , 
383387, , , 225.45000000000002, 0, 0, 0, 0, 7, 57, 0, , 
397835, , , 186.85000000000002, 0, 0, 0, 0, 5, 35, 47379, , 
40508, , , 10.200000000000001, 0, 0, 0, 0, 1, 10, 23340, , 
408501, 1241663543209, 1241664055967, 0, 0, 0, 0, 402647, 7, 19, 637936, 11, 2
4139, 1241664583877, , 50.25000000000001, 1795, 3, 789.3333333333334, 44987, 22, 23, 713, 18, 3
416503, 1241662571280, 1241663134150, 0, 1365, 3, 166.66666666666666, 0, 3, 0, 82321, 3, 1
421572, 1241661012321, , 0, 564, 3, 100.66666666666667, 0, 0, 0, 298666, 2, 0
44987, 1241661545710, 1241664836952, 0, 2605, 6, 681.1666666666666, 4139, 17, 18, 12770, 14, 2
47379, , , 70.15, 0, 0, 0, 0, 1, 5, 54776, , 
502119, 1241661564060, , 0, 3836, 14, 224.14285714285714, 520359, 11, 14, 22707, 10, 2
503, , , 695.9, 0, 0, 0, 0, 5, 2, 12, , 
504207, 1241660859355, 1241663294068, 0, 1005, 7, 92.42857142857143, 0, 1, 1, 506297, 3, 0
506297, , , 100.50000000000001, 0, 0, 0, 0, 5, 1, 4139, , 
52350, , , 22.25, 0, 0, 0, 0, 5, 2, 674637, , 
555728, , , 33.9, 0, 0, 0, 0, 16, 10, 1101, , 
562788, , , 15.100000000000001, 0, 0, 0, 0, 1, 5, 409656, , 
57717, , , 68.25, 0, 0, 0, 0, 4, 6, 110178, , 
597005, 1241664836342, , 0, 302, 1, 446, 0, 2, 1, 603011, 4, 0
603011, , , 30.200000000000003, 0, 0, 0, 0, 5, 2, 562788, , 
624485, 1241661372698, 1241661837018, 0, 0, 0, 0, 0, 0, 0, 562953, 2, 
624616, 1241662628495, 1241662749409, 0, 0, 0, 0, 0, 1, 0, 104252, 2, 
68238, 1241662758768, 1241663456999, 21.700000000000003, 105, 1, 111, 0, 2, 0, 380174, 2, 
68523, 1241661522689, 1241662230230, 0, 242, 1, 166, 0, 0, 0, 351430, 2, 
70557, , , 6, 0, 0, 0, 0, 5, 24, 502119, , 
70997, 1241663487164, , 93.1, 1403, 5, 462.8, 1010692, 35, 32, 397835, 12, 3
713, 1241664258452, , 1610.1999999999998, 1904, 5, 342.2, 1265, 11, 76, 12, 19, 6
71724, 1241662496905, 1241663883531, 0, 1463, 3, 281, 3200, 19, 5, 94103, 12, 4
72927, 1241661117480, 1241662680110, 0, 1025, 8, 110.375, 0, 0, 0, 185505, 2, 0
8013, 1241661707028, 1241661771795, 0, 0, 0, 0, 0, 0, 0, 1124156, 3, 
802319, , , 21.05, 0, 0, 0, 0, 2, 6, 773108, , 
81899, , , 51.6, 0, 0, 0, 0, 6, 12, 802319, , 
82321, , , 136.5, 0, 0, 0, 0, 6, 3, 57717, , 
825362, 1241662540099, 1241663190232, 0, 217, 2, 105, 0, 0, 0, 68238, 1, 
835426, , , 72, 0, 0, 0, 0, 2, 0, 1092321, , 
8527, 1241660835854, , 0, 6959, 20, 362.15, 10260, 2, 0, 503, 10, 2
87600, 1241661014513, 1241661311635, 0, 122, 1, 122, 0, 0, 0, 0, 1, 
87714, 1241664877991, , 0, 0, 0, 0, 0, 9, 3, 351430, 11, 6
8842, , , 323.2, 0, 0, 0, 0, 12, 7, 1531, , 
900329, , , 12, 0, 0, 0, 0, 24, 5, 70557, , 
94103, , , 146.3, 0, 0, 0, 0, 1, 19, 223494, , 
995, , , 85.30000000000001, 0, 0, 0, 0, 12, 0, 12, , 
<<<<EndTable

PlayersOnlineNow=19
PlayersOnlineEachMinute=0, 13, 17, 17, 18, 20, 21, 22, 23, 24, 25, 25, 26, 26, 27, 27, 25, 23, 25, 24, 24, 25, 23, 23, 21, 20, 19, 20, 22, 21, 22, 21, 22, 23, 24, 25, 26, 26, 27, 25, 24, 23, 21, 21, 21, 22, 22, 21, 20, 19, 19, 18, 21, 21, 18, 18, 19, 20, 22, 21, 21, 20, 19, 19, 19, 18, 18, 18, 20, 19
PlayersInEachFeedingGame=1, 1, 1, 2, 2, 1, 2, 1, 1, 1, 2, 1, 1, 1, 3, 1, 1, 2, 1, 2, 2, 2, 2, 2, 1, 2, 2, 2, 2, 1, 2, 2, 2, 2, 1, 2, 2, 2, 1, 1, 2, 1, 2, 1, 2, 2, 2, 2, 2, 1, 2, 2, 2, 2, 2, 1, 2, 2, 1, 2, 1, 2, 2, 2, 1, 2, 2, 2, 2, 2, 2, 2, 2, 2, 2, 2, 2, 2, 1, 2
PlayersStarted=95
PlayersQuit=76
StatsStartTime=1241660826964
StatsDumpTime=1241665027931
<<<<EndStats
2009-05-06 19:57:27,290 ERROR: vampire.server.feeding.FeedingRecord sendPlayerStartGameMsg [playerId=70997, prey=true, _predatorIndex=]
2009-05-06 19:57:27,292 ERROR: vampire.server.feeding.FeedingRecord sendPlayerStartGameMsg [playerId=597005, prey=false, _predatorIndex=]
2009-05-06 19:57:31,811 ERROR: vampire.server.feeding.FeedingRecord sendPlayerStartGameMsg [playerId=1255618, prey=true, _predatorIndex=]
2009-05-06 19:57:31,813 ERROR: vampire.server.feeding.FeedingRecord sendPlayerStartGameMsg [playerId=502119, prey=false, _predatorIndex=]
2009-05-06 19:58:45,963 ERROR: vampire.server.feeding.FeedingRecord sendPlayerStartGameMsg [playerId=87714, prey=false, _predatorIndex=]
2009-05-06 19:59:36,612 ERROR: vampire.server.feeding.FeedingRecord sendPlayerStartGameMsg [playerId=17790, prey=true, _predatorIndex=]
2009-05-06 19:59:36,614 ERROR: vampire.server.feeding.FeedingRecord sendPlayerStartGameMsg [playerId=1062, prey=false, _predatorIndex=]
2009-05-06 19:59:51,916 ERROR: vampire.server.feeding.FeedingRecord sendPlayerStartGameMsg [playerId=1266077, prey=true, _predatorIndex=]
2009-05-06 19:59:51,918 ERROR: vampire.server.feeding.FeedingRecord sendPlayerStartGameMsg [playerId=597005, prey=false, _predatorIndex=]
2009-05-06 20:00:26,957 ERROR: vampire.server.feeding.FeedingRecord sendPlayerStartGameMsg [playerId=182851, prey=false, _predatorIndex=]
2009-05-06 20:01:42,962 ERROR: vampire.server.feeding.FeedingRecord sendPlayerStartGameMsg [playerId=535, prey=true, _predatorIndex=]
2009-05-06 20:01:42,964 ERROR: vampire.server.feeding.FeedingRecord sendPlayerStartGameMsg [playerId=1923, prey=false, _predatorIndex=]
2009-05-06 20:03:20,865 ERROR: vampire.server.feeding.FeedingRecord sendPlayerStartGameMsg [playerId=502119, prey=true, _predatorIndex=]
2009-05-06 20:03:20,867 ERROR: vampire.server.feeding.FeedingRecord sendPlayerStartGameMsg [playerId=87714, prey=false, _predatorIndex=]
2009-05-06 20:04:58,456 ERROR: vampire.server.feeding.FeedingRecord sendPlayerStartGameMsg [playerId=53030, prey=false, _predatorIndex=]
2009-05-06 20:06:43,039 ERROR: vampire.server.feeding.FeedingRecord sendPlayerStartGameMsg [playerId=1062, prey=true, _predatorIndex=]
2009-05-06 20:06:43,041 ERROR: vampire.server.feeding.FeedingRecord sendPlayerStartGameMsg [playerId=17790, prey=false, _predatorIndex=]

>>>>BeginStats

>>>>BeginTable
PlayerId, StartTime, EndTime, ProgenyPayout, XPFromFeeding, FeedingGames, MeanFeedingScore, BloodBond, Progeny, GrandProgeny, Sire, Level, Invites
100300, 1241661622912, 1241661722157, 0, 0, 0, 0, 0, 1, 0, 447249, 4, 0
10260, 1241662711290, , 201.20000000000002, 7878, 21, 291.6190476190476, 8527, 10, 9, 713, 15, 2
103033, 1241660835823, 1241663136309, 19, 421, 3, 222, 767143, 12, 13, 81899, 6, 1
1032874, 1241662043850, 1241662132682, 0, 0, 0, 0, 1090611, 4, 0, 1127083, 4, 
1062, 1241663202703, , 0, 6007, 10, 415.5, 17790, 11, 7, 713, 16, 2
1062231, 1241661124756, 1241662524378, 0, 215, 2, 98.5, 0, 0, 0, 218716, 2, 
1062853, , , 3.5, 0, 0, 0, 0, 9, 17, 1124214, , 
10642, 1241661852167, 1241662243197, 0, 0, 0, 0, 447249, 32, 46, 351598, 15, 2
107345, 1241662321683, 1241662327442, 0, 0, 0, 0, 0, 0, 0, 0, 1, 
1089041, 1241660858343, 1241663768138, 0, 675, 8, 84.25, 0, 0, 0, 10260, 3, 
1090131, 1241663797762, 1241664053061, 0, 339, 1, 147, 0, 0, 0, 555728, 3, 
1092321, , , 58.45, 0, 0, 0, 0, 29, 23, 35568, , 
1100116, 1241661702474, 1241662316971, 0, 190, 3, 78.66666666666667, 0, 0, 0, 103033, 2, 
1101, , , 16.95, 0, 0, 0, 0, 2, 16, 239981, , 
110735, 1241665056860, 1241665090564, 0, 0, 0, 0, 0, 0, 0, 0, 1, 
1122449, , , 68.9, 0, 0, 0, 0, 10, 7, 555728, , 
1124156, 1241660932267, 1241664432089, 0, 6566, 17, 482.05882352941177, 269484, 6, 2, 184671, 7, 1
1124214, , , 1.75, 0, 0, 0, 0, 6, 9, 1122449, , 
1126061, , , 44.5, 0, 0, 0, 0, 2, 0, 52350, , 
1145581, 1241661292774, 1241661843931, 0, 445, 3, 148.33333333333334, 0, 0, 0, 1126061, 3, 
1148755, 1241662905296, 1241663517020, 21.9, 115, 1, 230, 0, 21, 1, 1092321, 7, 5
1162172, 1241660857502, 1241663504314, 0, 720, 5, 145.2, 1181188, 0, 0, 835426, 3, 
116548, 1241660846574, 1241662096976, 0, 268, 3, 89.33333333333333, 0, 0, 0, 0, 1, 0
12, , , 1951.6999999999996, 0, 0, 0, 0, 20, 80, 383387, , 
1214279, 1241660838115, 1241661156356, 0, 0, 0, 0, 0, 3, 0, 1152211, 3, 
122907, , , 28.900000000000002, 0, 0, 0, 0, 6, 10, 251062, , 
1229552, 1241661426902, 1241661773414, 0, 120, 1, 131, 0, 0, 0, 900329, 2, 
123534, 1241663892240, 1241664056969, 0, 0, 0, 0, 0, 0, 0, 931, 1, 0
123961, 1241660925734, 1241661932964, 0, 1784, 4, 592, 878, 5, 22, 713, 15, 2
1254611, 1241661410979, 1241661797460, 0, 219, 2, 104, 0, 0, 0, 1148755, 2, 
1255618, 1241664056167, 1241665355868, 0, 1378, 8, 120.75, 0, 2, 0, 206148, 3, 
1255708, 1241662540115, 1241662560854, 0, 0, 0, 0, 0, 0, 0, 0, 1, 
1257548, 1241664264995, 1241664932938, 0, 956, 3, 115, 0, 0, 0, 70997, 1, 
125837, 1241662793788, 1241663684804, 0, 1258, 3, 616.6666666666666, 0, 2, 0, 336524, 6, 1
1266077, 1241665157560, 1241665555685, 0, 0, 0, 0, 0, 0, 0, 1093416, 1, 
12770, , , 260.5, 0, 0, 0, 0, 23, 22, 383387, , 
12791, 1241665373062, 1241665529104, 0, 0, 0, 0, 0, 15, 23, 12, 12, 2
1279761, 1241662848678, 1241664001280, 0, 441, 3, 103.33333333333333, 0, 0, 0, 171513, 2, 
1304828, 1241662956363, 1241663319853, 0, 0, 0, 0, 0, 0, 0, 0, 1, 
1305200, 1241663441479, 1241663535881, 0, 0, 0, 0, 0, 0, 0, 0, 1, 
1305314, 1241664132793, 1241664313662, 0, 0, 0, 0, 0, 0, 0, 127942, 1, 
1305400, 1241664274190, 1241664514361, 0, 151, 1, 104, 0, 0, 0, 10260, 1, 
145896, , , 51.25, 0, 0, 0, 0, 6, 3, 225840, , 
147436, 1241664819469, 1241665124439, 0, 510, 2, 125.5, 0, 0, 0, 0, 1, 
147628, , , 30.400000000000002, 0, 0, 0, 0, 6, 3, 63846, , 
152662, 1241661331551, 1241661367128, 0, 0, 0, 0, 0, 0, 0, 0, 1, 
153097, 1241661095747, , 0, 35, 1, 0, 1110484, 17, 0, 1062853, 4, 15
1531, , , 65.7, 0, 0, 0, 0, 2, 14, 12, , 
168214, 1241661348213, 1241661552597, 0, 0, 0, 0, 0, 4, 5, 190430, 6, 4
169321, , , 126.9, 0, 0, 0, 0, 1, 1, 224647, , 
170191, , , 100.25, 0, 0, 0, 0, 3, 10, 202873, , 
171513, 1241664267089, 1241664275897, 372.4000000000001, 782, 3, 271.6666666666667, 0, 10, 7, 170191, 12, 2
176940, 1241660835774, 1241661673218, 0, 120, 1, 137, 0, 0, 0, 0, 1, 
17790, 1241661132443, , 0, 8431, 15, 717.4666666666667, 1062, 12, 13, 20260, 16, 3
182851, 1241664906641, 1241665502880, 0, 1269, 1, 438, 0, 1, 0, 169321, 4, 0
184671, , , 656.6000000000001, 0, 0, 0, 0, 1, 6, 171513, , 
185505, , , 102.5, 0, 0, 0, 0, 3, 0, 145896, , 
188229, , , 10.75, 0, 0, 0, 0, 2, 13, 168234, , 
1923, 1241661354021, , 0, 1157, 4, 302.5, 0, 0, 0, 995, 4, 0
195736, , , 123.70000000000002, 0, 0, 0, 0, 6, 22, 334835, , 
196543, 1241661846385, 1241662296196, 0, 204, 1, 251, 0, 6, 0, 32314, 4, 1
20260, , , 843.1000000000001, 0, 0, 0, 0, 18, 14, 12, , 
202873, , , 39.1, 0, 0, 0, 0, 1, 3, 341164, , 
205330, , , 5.25, 0, 0, 0, 0, 1, 2, 273767, , 
206148, , , 137.8, 0, 0, 0, 0, 1, 2, 1122449, , 
218716, , , 21.5, 0, 0, 0, 0, 13, 0, 188229, , 
22279, 1241662395344, 1241663113015, 0, 314, 2, 164.5, 0, 0, 0, 0, 2, 
223494, , , 73.15, 0, 0, 0, 0, 1, 1, 179687, , 
224647, , , 63.45, 0, 0, 0, 0, 1, 1, 234337, , 
22707, , , 489.6, 0, 0, 0, 0, 7, 11, 8842, , 
251062, , , 14.450000000000001, 0, 0, 0, 0, 6, 17, 296361, , 
259344, , , 28.200000000000003, 0, 0, 0, 0, 23, 7, 143538, , 
264673, 1241664240423, 1241665171988, 0, 0, 0, 0, 0, 0, 0, 28294, 3, 0
271936, 1241660890342, 1241663282629, 0, 0, 0, 0, 0, 3, 0, 887964, 4, 
280406, 1241662532678, 1241662537503, 0, 0, 0, 0, 0, 0, 0, 556276, 1, 
283059, 1241660829559, 1241661066174, 0, 0, 0, 0, 0, 0, 0, 0, 1, 
298666, , , 56.400000000000006, 0, 0, 0, 0, 7, 0, 259344, , 
307471, , , 340.30000000000007, 0, 0, 0, 0, 1, 10, 12, , 
30940, 1241663952296, 1241664799638, 0, 1314, 4, 414.75, 0, 0, 0, 8842, 4, 
32169, 1241663084410, 1241663563009, 0, 1186, 3, 613.6666666666666, 219, 8, 0, 10260, 14, 5
322949, 1241663521399, 1241664557742, 0, 265, 3, 88.33333333333333, 0, 0, 0, 0, 1, 
32314, , , 20.400000000000002, 0, 0, 0, 0, 10, 6, 40508, , 
334835, , , 30.4, 0, 0, 0, 0, 2, 6, 143501, , 
336228, , , 787.7500000000001, 0, 0, 0, 0, 10, 16, 307471, , 
336524, 1241665546129, , 125.80000000000001, 608, 2, 466.5, 101052, 22, 6, 195736, 11, 2
351430, 1241660846171, 1241665379740, 214.3, 6806, 18, 335.27777777777777, 336228, 14, 46, 336228, 13, 2
35568, , , 5.75, 0, 0, 0, 0, 2, 29, 258951, , 
380174, , , 21.35, 0, 0, 0, 0, 2, 2, 205330, , 
383387, , , 245.70000000000002, 0, 0, 0, 0, 7, 57, 0, , 
397835, , , 186.85000000000002, 0, 0, 0, 0, 5, 35, 47379, , 
40508, , , 10.200000000000001, 0, 0, 0, 0, 1, 10, 23340, , 
408501, 1241663543209, 1241664055967, 0, 0, 0, 0, 402647, 7, 19, 637936, 11, 2
4139, 1241664583877, , 50.25000000000001, 1795, 3, 789.3333333333334, 44987, 22, 23, 713, 18, 3
416503, 1241662571280, 1241663134150, 0, 1365, 3, 166.66666666666666, 0, 3, 0, 82321, 3, 1
421572, 1241661012321, 1241665441778, 0, 564, 3, 100.66666666666667, 0, 0, 0, 298666, 2, 0
44987, 1241661545710, 1241664836952, 0, 2605, 6, 681.1666666666666, 4139, 17, 18, 12770, 14, 2
47379, , , 70.15, 0, 0, 0, 0, 1, 5, 54776, , 
502119, 1241661564060, , 0, 4896, 16, 286.375, 520359, 11, 14, 22707, 10, 2
503, , , 736.4, 0, 0, 0, 0, 5, 2, 12, , 
504207, 1241660859355, 1241663294068, 0, 1005, 7, 92.42857142857143, 0, 1, 1, 506297, 3, 0
506297, , , 100.50000000000001, 0, 0, 0, 0, 5, 1, 4139, , 
52350, , , 22.25, 0, 0, 0, 0, 5, 2, 674637, , 
53030, 1241665485895, , 0, 289, 1, 289, 1092321, 10, 6, 122907, 14, 3
533476, 1241665150864, 1241665179033, 0, 0, 0, 0, 520205, 0, 0, 520205, 1, 0
535, 1241665153752, , 0, 304, 1, 326, 533, 3, 2, 147628, 13, 3
555728, , , 33.9, 0, 0, 0, 0, 16, 10, 1101, , 
562788, , , 21.800000000000004, 0, 0, 0, 0, 1, 5, 409656, , 
57717, , , 68.25, 0, 0, 0, 0, 4, 6, 110178, , 
597005, 1241664836342, 1241665500959, 0, 436, 3, 238, 0, 2, 1, 603011, 4, 0
603011, , , 43.60000000000001, 0, 0, 0, 0, 5, 2, 562788, , 
624485, 1241661372698, 1241661837018, 0, 0, 0, 0, 0, 0, 0, 562953, 2, 
624616, 1241662628495, 1241662749409, 0, 0, 0, 0, 0, 1, 0, 104252, 2, 
63846, , , 15.200000000000001, 0, 0, 0, 0, 1, 6, 65246, , 
68238, 1241662758768, 1241663456999, 21.700000000000003, 105, 1, 111, 0, 2, 0, 380174, 2, 
68523, 1241661522689, 1241662230230, 0, 242, 1, 166, 0, 0, 0, 351430, 2, 
70557, , , 6, 0, 0, 0, 0, 5, 24, 502119, , 
70997, 1241663487164, , 93.1, 1403, 5, 462.8, 1010692, 35, 32, 397835, 12, 3
713, 1241664258452, 1241665256974, 1846.9999999999995, 2309, 6, 361.3333333333333, 1265, 11, 76, 12, 19, 6
71724, 1241662496905, 1241663883531, 0, 1463, 3, 281, 3200, 19, 5, 94103, 12, 4
72927, 1241661117480, 1241662680110, 0, 1025, 8, 110.375, 0, 0, 0, 185505, 2, 0
8013, 1241661707028, 1241661771795, 0, 0, 0, 0, 0, 0, 0, 1124156, 3, 
802319, , , 21.05, 0, 0, 0, 0, 2, 6, 773108, , 
81899, , , 51.6, 0, 0, 0, 0, 6, 12, 802319, , 
82321, , , 136.5, 0, 0, 0, 0, 6, 3, 57717, , 
825362, 1241662540099, 1241663190232, 0, 217, 2, 105, 0, 0, 0, 68238, 1, 
835426, , , 72, 0, 0, 0, 0, 2, 0, 1092321, , 
8527, 1241660835854, 1241665622641, 0, 7364, 21, 366.04761904761904, 10260, 2, 0, 503, 10, 2
859397, 1241665191625, , 0, 0, 0, 0, 0, 0, 0, 0, 1, 0
87600, 1241661014513, 1241661311635, 0, 122, 1, 122, 0, 0, 0, 0, 1, 
87714, 1241664877991, , 0, 1901, 4, 417.75, 0, 9, 3, 351430, 11, 6
880098, 1241665260356, 1241665282633, 0, 0, 0, 0, 0, 0, 0, 0, 1, 
8842, , , 376.2, 0, 0, 0, 0, 12, 7, 1531, , 
900329, , , 12, 0, 0, 0, 0, 24, 5, 70557, , 
94103, , , 146.3, 0, 0, 0, 0, 1, 19, 223494, , 
995, , , 115.70000000000002, 0, 0, 0, 0, 12, 0, 12, , 
<<<<EndTable

PlayersOnlineNow=13
PlayersOnlineEachMinute=0, 13, 17, 17, 18, 20, 21, 22, 23, 24, 25, 25, 26, 26, 27, 27, 25, 23, 25, 24, 24, 25, 23, 23, 21, 20, 19, 20, 22, 21, 22, 21, 22, 23, 24, 25, 26, 26, 27, 25, 24, 23, 21, 21, 21, 22, 22, 21, 20, 19, 19, 18, 21, 21, 18, 18, 19, 20, 22, 21, 21, 20, 19, 19, 19, 18, 18, 18, 20, 19, 19, 21, 18, 20, 20, 18, 17, 16, 15, 14
PlayersInEachFeedingGame=1, 1, 1, 2, 2, 1, 2, 1, 1, 1, 2, 1, 1, 1, 3, 1, 1, 2, 1, 2, 2, 2, 2, 2, 1, 2, 2, 2, 2, 1, 2, 2, 2, 2, 1, 2, 2, 2, 1, 1, 2, 1, 2, 1, 2, 2, 2, 2, 2, 1, 2, 2, 2, 2, 2, 1, 2, 2, 1, 2, 1, 2, 2, 2, 1, 2, 2, 2, 2, 2, 2, 2, 2, 2, 2, 2, 2, 2, 1, 2, 2, 2, 1, 2, 2, 2, 2, 1
PlayersStarted=108
PlayersQuit=95
StatsStartTime=1241660826964
StatsDumpTime=1241665628129
<<<<EndStats
2009-05-06 20:08:00,755 ERROR: vampire.server.feeding.FeedingRecord sendPlayerStartGameMsg [playerId=53030, prey=true, _predatorIndex=]
2009-05-06 20:08:00,757 ERROR: vampire.server.feeding.FeedingRecord sendPlayerStartGameMsg [playerId=87714, prey=false, _predatorIndex=]
2009-05-06 20:10:45,611 ERROR: vampire.server.feeding.FeedingRecord sendPlayerStartGameMsg [playerId=53030, prey=true, _predatorIndex=]
2009-05-06 20:10:45,613 ERROR: vampire.server.feeding.FeedingRecord sendPlayerStartGameMsg [playerId=14467, prey=false, _predatorIndex=]
2009-05-06 20:11:38,700 ERROR: vampire.server.feeding.FeedingRecord sendPlayerStartGameMsg [playerId=87714, prey=true, _predatorIndex=]
2009-05-06 20:11:38,702 ERROR: vampire.server.feeding.FeedingRecord sendPlayerStartGameMsg [playerId=1227772, prey=false, _predatorIndex=]
2009-05-06 20:13:33,654 ERROR: vampire.server.feeding.FeedingRecord sendPlayerStartGameMsg [playerId=110735, prey=true, _predatorIndex=]
2009-05-06 20:13:33,657 ERROR: vampire.server.feeding.FeedingRecord sendPlayerStartGameMsg [playerId=70997, prey=false, _predatorIndex=]
2009-05-06 20:14:16,673 ERROR: vampire.server.feeding.FeedingRecord sendPlayerStartGameMsg [playerId=227007, prey=true, _predatorIndex=]
2009-05-06 20:14:16,674 ERROR: vampire.server.feeding.FeedingRecord sendPlayerStartGameMsg [playerId=408501, prey=false, _predatorIndex=]
2009-05-06 20:14:23,679 ERROR: vampire.server.feeding.FeedingRecord sendPlayerStartGameMsg [playerId=14467, prey=false, _predatorIndex=408501]
2009-05-06 20:15:58,817 ERROR: vampire.server.feeding.FeedingRecord sendPlayerStartGameMsg [playerId=336524, prey=true, _predatorIndex=]
2009-05-06 20:15:58,839 ERROR: vampire.server.feeding.FeedingRecord sendPlayerStartGameMsg [playerId=1227772, prey=false, _predatorIndex=]

>>>>BeginStats

>>>>BeginTable
PlayerId, StartTime, EndTime, ProgenyPayout, XPFromFeeding, FeedingGames, MeanFeedingScore, BloodBond, Progeny, GrandProgeny, Sire, Level, Invites
100300, 1241661622912, 1241661722157, 0, 0, 0, 0, 0, 1, 0, 447249, 4, 0
10260, 1241662711290, , 201.20000000000002, 7878, 21, 291.6190476190476, 8527, 10, 9, 713, 15, 2
103033, 1241660835823, 1241663136309, 19, 421, 3, 222, 767143, 12, 13, 81899, 6, 1
1032421, 1241665694317, , 0, 0, 0, 0, 0, 7, 1, 990799, 7, 1
1032874, 1241662043850, 1241662132682, 0, 0, 0, 0, 1090611, 4, 0, 1127083, 4, 
1062, 1241663202703, , 0, 6007, 10, 415.5, 17790, 11, 7, 713, 16, 2
1062231, 1241661124756, 1241662524378, 0, 215, 2, 98.5, 0, 0, 0, 218716, 2, 
1062853, , , 3.5, 0, 0, 0, 0, 9, 17, 1124214, , 
10642, 1241661852167, 1241662243197, 0, 0, 0, 0, 447249, 32, 46, 351598, 15, 2
107345, 1241662321683, 1241662327442, 0, 0, 0, 0, 0, 0, 0, 0, 1, 
1089041, 1241660858343, 1241663768138, 0, 675, 8, 84.25, 0, 0, 0, 10260, 3, 
1090131, 1241663797762, 1241664053061, 0, 339, 1, 147, 0, 0, 0, 555728, 3, 
1092321, , , 58.45, 0, 0, 0, 0, 29, 23, 35568, , 
1100116, 1241661702474, 1241662316971, 0, 190, 3, 78.66666666666667, 0, 0, 0, 103033, 2, 
1101, , , 16.95, 0, 0, 0, 0, 2, 16, 239981, , 
110735, 1241665779826, , 0, 251, 1, 92, 0, 0, 0, 0, 1, 0
1122449, , , 68.9, 0, 0, 0, 0, 10, 7, 555728, , 
1124156, 1241660932267, 1241664432089, 0, 6566, 17, 482.05882352941177, 269484, 6, 2, 184671, 7, 1
1124214, , , 1.75, 0, 0, 0, 0, 6, 9, 1122449, , 
1126061, , , 44.5, 0, 0, 0, 0, 2, 0, 52350, , 
1145581, 1241661292774, 1241661843931, 0, 445, 3, 148.33333333333334, 0, 0, 0, 1126061, 3, 
1148755, 1241662905296, 1241663517020, 21.9, 115, 1, 230, 0, 21, 1, 1092321, 7, 5
1162172, 1241660857502, 1241663504314, 0, 720, 5, 145.2, 1181188, 0, 0, 835426, 3, 
116548, 1241660846574, 1241662096976, 0, 268, 3, 89.33333333333333, 0, 0, 0, 0, 1, 0
12, , , 1951.6999999999996, 0, 0, 0, 0, 20, 80, 383387, , 
1214279, 1241660838115, 1241661156356, 0, 0, 0, 0, 0, 3, 0, 1152211, 3, 
1227772, 1241665862011, , 0, 185, 1, 144, 0, 0, 0, 87714, 1, 0
122907, , , 99.10000000000001, 0, 0, 0, 0, 6, 10, 251062, , 
1229552, 1241661426902, 1241661773414, 0, 120, 1, 131, 0, 0, 0, 900329, 2, 
123534, 1241663892240, 1241664056969, 0, 0, 0, 0, 0, 0, 0, 931, 1, 0
123961, 1241660925734, 1241661932964, 24.200000000000003, 1784, 4, 592, 878, 5, 22, 713, 15, 2
1254611, 1241661410979, 1241661797460, 0, 219, 2, 104, 0, 0, 0, 1148755, 2, 
1255618, 1241664056167, 1241665355868, 0, 1378, 8, 120.75, 0, 2, 0, 206148, 3, 
1255708, 1241662540115, 1241662560854, 0, 0, 0, 0, 0, 0, 0, 0, 1, 
1257548, 1241664264995, 1241664932938, 0, 956, 3, 115, 0, 0, 0, 70997, 1, 
125837, 1241662793788, 1241663684804, 0, 1258, 3, 616.6666666666666, 0, 2, 0, 336524, 6, 1
1266077, 1241665157560, 1241665555685, 0, 0, 0, 0, 0, 0, 0, 1093416, 1, 
12770, , , 260.5, 0, 0, 0, 0, 23, 22, 383387, , 
12791, 1241665373062, 1241665529104, 0, 0, 0, 0, 0, 15, 23, 12, 12, 2
1279761, 1241662848678, 1241664001280, 0, 441, 3, 103.33333333333333, 0, 0, 0, 171513, 2, 
1299868, 1241665954408, 1241666020639, 0, 0, 0, 0, 0, 0, 0, 0, 1, 
1304828, 1241662956363, 1241663319853, 0, 0, 0, 0, 0, 0, 0, 0, 1, 
1305200, 1241663441479, 1241663535881, 0, 0, 0, 0, 0, 0, 0, 0, 1, 
1305314, 1241664132793, 1241664313662, 0, 0, 0, 0, 0, 0, 0, 127942, 1, 
1305400, 1241664274190, 1241664514361, 0, 151, 1, 104, 0, 0, 0, 10260, 1, 
1305579, 1241665863069, 1241665881882, 0, 0, 0, 0, 0, 0, 0, 0, 1, 
132921, 1241665940080, 1241666111611, 0, 0, 0, 0, 0, 8, 0, 211601, 6, 2
139153, 1241666050797, 1241666055224, 0, 0, 0, 0, 0, 0, 0, 0, 1, 0
14467, 1241665762695, , 0, 931, 2, 387.5, 0, 4, 0, 58859, 4, 3
145896, , , 51.25, 0, 0, 0, 0, 6, 3, 225840, , 
147436, 1241664819469, 1241665124439, 0, 510, 2, 125.5, 0, 0, 0, 0, 1, 
147628, , , 30.400000000000002, 0, 0, 0, 0, 6, 3, 63846, , 
152662, 1241661331551, 1241661367128, 0, 0, 0, 0, 0, 0, 0, 0, 1, 
153097, 1241661095747, , 0, 35, 1, 0, 1110484, 17, 0, 1062853, 4, 15
1531, , , 65.7, 0, 0, 0, 0, 2, 14, 12, , 
168214, 1241661348213, 1241661552597, 0, 0, 0, 0, 0, 4, 5, 190430, 6, 4
168962, 1241666183309, , 0, 0, 0, 0, 0, 0, 0, 0, 1, 0
169321, , , 126.9, 0, 0, 0, 0, 1, 1, 224647, , 
170191, , , 100.25, 0, 0, 0, 0, 3, 10, 202873, , 
171513, 1241664267089, 1241664275897, 372.4000000000001, 782, 3, 271.6666666666667, 0, 10, 7, 170191, 12, 2
176940, 1241660835774, 1241661673218, 0, 120, 1, 137, 0, 0, 0, 0, 1, 
17790, 1241661132443, , 0, 8431, 15, 717.4666666666667, 1062, 12, 13, 20260, 16, 3
182851, 1241664906641, 1241665502880, 0, 1269, 1, 438, 0, 1, 0, 169321, 4, 0
184671, , , 656.6000000000001, 0, 0, 0, 0, 1, 6, 171513, , 
185505, , , 102.5, 0, 0, 0, 0, 3, 0, 145896, , 
188229, , , 10.75, 0, 0, 0, 0, 2, 13, 168234, , 
1923, 1241661354021, 1241666124744, 0, 1157, 4, 302.5, 0, 0, 0, 995, 4, 
195736, , , 123.70000000000002, 0, 0, 0, 0, 6, 22, 334835, , 
196543, 1241661846385, 1241662296196, 0, 204, 1, 251, 0, 6, 0, 32314, 4, 1
20260, , , 843.1000000000001, 0, 0, 0, 0, 18, 14, 12, , 
202873, , , 39.1, 0, 0, 0, 0, 1, 3, 341164, , 
205330, , , 5.25, 0, 0, 0, 0, 1, 2, 273767, , 
205955, 1241666101801, , 0, 0, 0, 0, 0, 0, 0, 173571, 4, 0
206148, , , 137.8, 0, 0, 0, 0, 1, 2, 1122449, , 
217283, , , 24.200000000000003, 0, 0, 0, 0, 1, 3, 57393, , 
218716, , , 21.5, 0, 0, 0, 0, 13, 0, 188229, , 
22279, 1241662395344, 1241663113015, 0, 314, 2, 164.5, 0, 0, 0, 0, 2, 
223494, , , 73.15, 0, 0, 0, 0, 1, 1, 179687, , 
224647, , , 63.45, 0, 0, 0, 0, 1, 1, 234337, , 
227007, 1241665961673, , 0, 484, 1, 535, 0, 3, 5, 43402, 7, 1
22707, , , 537.2, 0, 0, 0, 0, 7, 11, 8842, , 
251062, , , 49.550000000000004, 0, 0, 0, 0, 6, 17, 296361, , 
259344, , , 28.200000000000003, 0, 0, 0, 0, 23, 7, 143538, , 
264673, 1241664240423, 1241665171988, 0, 0, 0, 0, 0, 0, 0, 28294, 3, 0
271936, 1241660890342, 1241663282629, 0, 0, 0, 0, 0, 3, 0, 887964, 4, 
280406, 1241662532678, 1241662537503, 0, 0, 0, 0, 0, 0, 0, 556276, 1, 
283059, 1241660829559, 1241661066174, 0, 0, 0, 0, 0, 0, 0, 0, 1, 
291108, 1241665746881, 1241665774700, 0, 0, 0, 0, 0, 0, 0, 171513, 2, 
298666, , , 56.400000000000006, 0, 0, 0, 0, 7, 0, 259344, , 
307471, , , 340.30000000000007, 0, 0, 0, 0, 1, 10, 12, , 
30940, 1241663952296, 1241664799638, 0, 1314, 4, 414.75, 0, 0, 0, 8842, 4, 
32169, 1241663084410, 1241663563009, 0, 1186, 3, 613.6666666666666, 219, 8, 0, 10260, 14, 5
322949, 1241663521399, 1241664557742, 0, 265, 3, 88.33333333333333, 0, 0, 0, 0, 1, 
32314, , , 20.400000000000002, 0, 0, 0, 0, 10, 6, 40508, , 
334835, , , 30.4, 0, 0, 0, 0, 2, 6, 143501, , 
336228, , , 833.5500000000001, 0, 0, 0, 0, 10, 16, 307471, , 
336524, 1241665546129, , 125.80000000000001, 608, 2, 466.5, 101052, 22, 6, 195736, 11, 2
351430, 1241660846171, 1241665379740, 315.15000000000003, 6806, 18, 335.27777777777777, 336228, 14, 47, 336228, 13, 2
35568, , , 5.75, 0, 0, 0, 0, 2, 29, 258951, , 
376717, 1241666178785, , 0, 0, 0, 0, 0, 0, 0, 811852, 1, 0
380174, , , 21.35, 0, 0, 0, 0, 2, 2, 205330, , 
383387, , , 245.70000000000002, 0, 0, 0, 0, 7, 57, 0, , 
396113, , , 46.550000000000004, 0, 0, 0, 0, 2, 9, 44987, , 
397835, , , 211.95000000000002, 0, 0, 0, 0, 5, 35, 47379, , 
40508, , , 10.200000000000001, 0, 0, 0, 0, 1, 10, 23340, , 
408501, 1241665983025, , 0, 484, 1, 432, 402647, 7, 19, 637936, 11, 2
4139, 1241664583877, , 50.25000000000001, 1795, 3, 789.3333333333334, 44987, 22, 23, 713, 18, 3
416503, 1241662571280, 1241663134150, 0, 1365, 3, 166.66666666666666, 0, 3, 0, 82321, 3, 1
421572, 1241661012321, 1241665441778, 0, 564, 3, 100.66666666666667, 0, 0, 0, 298666, 2, 0
43402, , , 48.400000000000006, 0, 0, 0, 0, 12, 8, 123961, , 
44987, 1241661545710, 1241664836952, 0, 2605, 6, 681.1666666666666, 4139, 17, 18, 12770, 14, 2
47379, , , 82.7, 0, 0, 0, 0, 1, 5, 54776, , 
502119, 1241661564060, 1241665881778, 0, 5372, 17, 289.70588235294116, 520359, 11, 14, 22707, 10, 2
503, , , 736.4, 0, 0, 0, 0, 5, 2, 12, , 
504207, 1241660859355, 1241663294068, 0, 1005, 7, 92.42857142857143, 0, 1, 1, 506297, 3, 0
506297, , , 100.50000000000001, 0, 0, 0, 0, 5, 1, 4139, , 
52350, , , 22.25, 0, 0, 0, 0, 5, 2, 674637, , 
53030, 1241666061020, , 0, 991, 3, 377, 1092321, 10, 6, 122907, 14, 3
533476, 1241665150864, 1241665179033, 0, 0, 0, 0, 520205, 0, 0, 520205, 1, 0
535, 1241665153752, , 0, 304, 1, 326, 533, 3, 2, 147628, 13, 3
555728, , , 33.9, 0, 0, 0, 0, 16, 10, 1101, , 
562788, , , 21.800000000000004, 0, 0, 0, 0, 1, 5, 409656, , 
564162, 1241665990927, , 0, 0, 0, 0, 176275, 7, 0, 141364, 6, 6
57717, , , 68.25, 0, 0, 0, 0, 4, 6, 110178, , 
57871, 1241666081074, , 0, 0, 0, 0, 0, 0, 0, 1148755, 4, 0
58859, , , 93.10000000000001, 0, 0, 0, 0, 9, 8, 396113, , 
597005, 1241664836342, 1241665500959, 0, 436, 3, 238, 0, 2, 1, 603011, 4, 0
603011, , , 43.60000000000001, 0, 0, 0, 0, 5, 2, 562788, , 
624485, 1241661372698, 1241661837018, 0, 0, 0, 0, 0, 0, 0, 562953, 2, 
624616, 1241662628495, 1241662749409, 0, 0, 0, 0, 0, 1, 0, 104252, 2, 
637936, , , 48.400000000000006, 0, 0, 0, 0, 3, 7, 217283, , 
63846, , , 15.200000000000001, 0, 0, 0, 0, 1, 6, 65246, , 
68238, 1241662758768, 1241663456999, 21.700000000000003, 105, 1, 111, 0, 2, 0, 380174, 2, 
68523, 1241661522689, 1241662230230, 0, 242, 1, 166, 0, 0, 0, 351430, 2, 
70557, , , 6, 0, 0, 0, 0, 5, 24, 502119, , 
70997, 1241663487164, , 93.1, 1654, 6, 454, 1010692, 35, 32, 397835, 12, 3
713, 1241664258452, 1241665256974, 1846.9999999999995, 2309, 6, 361.3333333333333, 1265, 11, 76, 12, 19, 6
71724, 1241662496905, 1241663883531, 0, 1463, 3, 281, 3200, 19, 5, 94103, 12, 4
72927, 1241661117480, 1241662680110, 0, 1025, 8, 110.375, 0, 0, 0, 185505, 2, 0
8013, 1241661707028, 1241661771795, 0, 0, 0, 0, 0, 0, 0, 1124156, 3, 
802319, , , 21.05, 0, 0, 0, 0, 2, 6, 773108, , 
81899, , , 51.6, 0, 0, 0, 0, 6, 12, 802319, , 
82321, , , 136.5, 0, 0, 0, 0, 6, 3, 57717, , 
825362, 1241662540099, 1241663190232, 0, 217, 2, 105, 0, 0, 0, 68238, 1, 
835426, , , 72, 0, 0, 0, 0, 2, 0, 1092321, , 
8527, 1241666116657, , 0, 7364, 21, 366.04761904761904, 10260, 2, 0, 503, 10, 2
859397, 1241665191625, , 0, 0, 0, 0, 0, 0, 0, 0, 1, 0
87600, 1241661014513, 1241661311635, 0, 122, 1, 122, 0, 0, 0, 0, 1, 
87714, 1241664877991, , 18.5, 2817, 7, 396.14285714285717, 0, 10, 3, 351430, 11, 6
880098, 1241665260356, 1241665282633, 0, 0, 0, 0, 0, 0, 0, 0, 1, 
8842, , , 400, 0, 0, 0, 0, 12, 7, 1531, , 
900329, , , 12, 0, 0, 0, 0, 24, 5, 70557, , 
94103, , , 146.3, 0, 0, 0, 0, 1, 19, 223494, , 
995, , , 115.70000000000002, 0, 0, 0, 0, 12, 0, 12, , 
<<<<EndTable

PlayersOnlineNow=23
PlayersOnlineEachMinute=0, 13, 17, 17, 18, 20, 21, 22, 23, 24, 25, 25, 26, 26, 27, 27, 25, 23, 25, 24, 24, 25, 23, 23, 21, 20, 19, 20, 22, 21, 22, 21, 22, 23, 24, 25, 26, 26, 27, 25, 24, 23, 21, 21, 21, 22, 22, 21, 20, 19, 19, 18, 21, 21, 18, 18, 19, 20, 22, 21, 21, 20, 19, 19, 19, 18, 18, 18, 20, 19, 19, 21, 18, 20, 20, 18, 17, 16, 15, 14, 13, 14, 16, 16, 18, 16, 20, 20, 22, 21
PlayersInEachFeedingGame=1, 1, 1, 2, 2, 1, 2, 1, 1, 1, 2, 1, 1, 1, 3, 1, 1, 2, 1, 2, 2, 2, 2, 2, 1, 2, 2, 2, 2, 1, 2, 2, 2, 2, 1, 2, 2, 2, 1, 1, 2, 1, 2, 1, 2, 2, 2, 2, 2, 1, 2, 2, 2, 2, 2, 1, 2, 2, 1, 2, 1, 2, 2, 2, 1, 2, 2, 2, 2, 2, 2, 2, 2, 2, 2, 2, 2, 2, 1, 2, 2, 2, 1, 2, 2, 2, 2, 1, 2, 2, 2, 2, 3, 2
PlayersStarted=129
PlayersQuit=106
StatsStartTime=1241660826964
StatsDumpTime=1241666228383
<<<<EndStats
2009-05-06 20:17:47,341 ERROR: vampire.server.feeding.FeedingRecord sendPlayerStartGameMsg [playerId=14467, prey=true, _predatorIndex=]
2009-05-06 20:17:47,357 ERROR: vampire.server.feeding.FeedingRecord sendPlayerStartGameMsg [playerId=227007, prey=false, _predatorIndex=]
2009-05-06 20:17:55,323 ERROR: vampire.server.feeding.FeedingRecord sendPlayerStartGameMsg [playerId=376717, prey=true, _predatorIndex=]
2009-05-06 20:17:55,345 ERROR: vampire.server.feeding.FeedingRecord sendPlayerStartGameMsg [playerId=205955, prey=false, _predatorIndex=]
2009-05-06 20:17:55,602 ERROR: vampire.server.feeding.FeedingRecord sendPlayerStartGameMsg [playerId=168962, prey=true, _predatorIndex=]
2009-05-06 20:17:55,604 ERROR: vampire.server.feeding.FeedingRecord sendPlayerStartGameMsg [playerId=408501, prey=false, _predatorIndex=]
2009-05-06 20:18:34,431 ERROR: vampire.server.feeding.FeedingRecord sendPlayerStartGameMsg [playerId=57871, prey=true, _predatorIndex=]
2009-05-06 20:18:34,437 ERROR: vampire.server.feeding.FeedingRecord sendPlayerStartGameMsg [playerId=70997, prey=false, _predatorIndex=]
2009-05-06 20:19:17,657 ERROR: vampire.server.feeding.FeedingRecord sendPlayerStartGameMsg [playerId=1227772, prey=false, _predatorIndex=408501]
2009-05-06 20:20:16,792 ERROR: vampire.server.feeding.FeedingRecord sendPlayerStartGameMsg [playerId=564162, prey=false, _predatorIndex=]
2009-05-06 20:20:25,353 ERROR: vampire.server.feeding.FeedingRecord sendPlayerStartGameMsg [playerId=408501, prey=false, _predatorIndex=227007]
2009-05-06 20:21:53,400 ERROR: vampire.server.feeding.FeedingRecord sendPlayerStartGameMsg [playerId=1032421, prey=true, _predatorIndex=]
2009-05-06 20:21:53,408 ERROR: vampire.server.feeding.FeedingRecord sendPlayerStartGameMsg [playerId=205955, prey=false, _predatorIndex=]
2009-05-06 20:22:52,982 ERROR: vampire.server.feeding.FeedingRecord sendPlayerStartGameMsg [playerId=408501, prey=true, _predatorIndex=]
2009-05-06 20:22:52,984 ERROR: vampire.server.feeding.FeedingRecord sendPlayerStartGameMsg [playerId=14467, prey=false, _predatorIndex=]
2009-05-06 20:23:02,859 ERROR: vampire.server.feeding.FeedingRecord sendPlayerStartGameMsg [playerId=132921, prey=true, _predatorIndex=]
2009-05-06 20:23:02,863 ERROR: vampire.server.feeding.FeedingRecord sendPlayerStartGameMsg [playerId=227007, prey=false, _predatorIndex=]
2009-05-06 20:23:09,186 ERROR: vampire.server.feeding.FeedingRecord sendPlayerStartGameMsg [playerId=14467, prey=false, _predatorIndex=227007]
2009-05-06 20:23:13,907 ERROR: vampire.server.feeding.FeedingRecord sendPlayerStartGameMsg [playerId=14467, prey=false, _predatorIndex=227007,14467]
2009-05-06 20:23:30,417 ERROR: vampire.server.feeding.FeedingRecord sendPlayerStartGameMsg [playerId=408501, prey=false, _predatorIndex=227007,14467]
2009-05-06 20:24:19,571 ERROR: vampire.server.feeding.FeedingRecord sendPlayerStartGameMsg [playerId=168962, prey=false, _predatorIndex=]
2009-05-06 20:24:25,508 ERROR: vampire.server.feeding.FeedingRecord sendPlayerStartGameMsg [playerId=2606, prey=false, _predatorIndex=168962]
2009-05-06 20:24:30,442 ERROR: vampire.server.feeding.FeedingRecord sendPlayerStartGameMsg [playerId=110735, prey=true, _predatorIndex=]
2009-05-06 20:24:30,443 ERROR: vampire.server.feeding.FeedingRecord sendPlayerStartGameMsg [playerId=408501, prey=false, _predatorIndex=]
2009-05-06 20:25:09,623 ERROR: vampire.server.feeding.FeedingRecord sendPlayerStartGameMsg [playerId=10260, prey=true, _predatorIndex=]
2009-05-06 20:25:09,625 ERROR: vampire.server.feeding.FeedingRecord sendPlayerStartGameMsg [playerId=4139, prey=false, _predatorIndex=]
2009-05-06 20:25:56,024 ERROR: vampire.server.feeding.FeedingRecord sendPlayerStartGameMsg [playerId=2606, prey=true, _predatorIndex=]
2009-05-06 20:25:56,028 ERROR: vampire.server.feeding.FeedingRecord sendPlayerStartGameMsg [playerId=336524, prey=false, _predatorIndex=]
2009-05-06 20:26:06,702 ERROR: vampire.server.feeding.FeedingRecord sendPlayerStartGameMsg [playerId=57871, prey=false, _predatorIndex=]
2009-05-06 20:26:15,145 ERROR: vampire.server.feeding.FeedingRecord sendPlayerStartGameMsg [playerId=1281427, prey=false, _predatorIndex=336524]
2009-05-06 20:27:02,201 ERROR: vampire.server.feeding.FeedingRecord sendPlayerStartGameMsg [playerId=1127083, prey=true, _predatorIndex=]
2009-05-06 20:27:02,203 ERROR: vampire.server.feeding.FeedingRecord sendPlayerStartGameMsg [playerId=1281427, prey=false, _predatorIndex=]

>>>>BeginStats

>>>>BeginTable
PlayerId, StartTime, EndTime, ProgenyPayout, XPFromFeeding, FeedingGames, MeanFeedingScore, BloodBond, Progeny, GrandProgeny, Sire, Level, Invites
100300, 1241661622912, 1241661722157, 0, 0, 0, 0, 0, 1, 0, 447249, 4, 0
10260, 1241662711290, , 201.20000000000002, 7878, 21, 291.6190476190476, 8527, 10, 9, 713, 15, 2
103033, 1241660835823, 1241663136309, 19, 421, 3, 222, 767143, 12, 13, 81899, 6, 1
1032421, 1241665694317, , 0, 225, 1, 361, 0, 7, 1, 990799, 7, 1
1032874, 1241662043850, 1241662132682, 0, 0, 0, 0, 1090611, 4, 0, 1127083, 4, 
1062, 1241663202703, , 0, 6007, 10, 415.5, 17790, 11, 7, 713, 16, 2
1062231, 1241661124756, 1241662524378, 0, 215, 2, 98.5, 0, 0, 0, 218716, 2, 
1062853, , , 3.5, 0, 0, 0, 0, 9, 17, 1124214, , 
10642, 1241661852167, 1241662243197, 0, 0, 0, 0, 447249, 32, 46, 351598, 15, 2
107345, 1241662321683, 1241662327442, 0, 0, 0, 0, 0, 0, 0, 0, 1, 
1089041, 1241660858343, 1241663768138, 0, 675, 8, 84.25, 0, 0, 0, 10260, 3, 
1090131, 1241663797762, 1241664053061, 0, 339, 1, 147, 0, 0, 0, 555728, 3, 
1092321, , , 66.3, 0, 0, 0, 0, 29, 23, 35568, , 
1100116, 1241661702474, 1241662316971, 0, 190, 3, 78.66666666666667, 0, 0, 0, 103033, 2, 
1101, , , 16.95, 0, 0, 0, 0, 2, 16, 239981, , 
110735, 1241665779826, , 0, 438, 2, 93, 0, 0, 0, 0, 1, 0
1117799, 1241666767915, 1241666821161, 0, 0, 0, 0, 0, 1, 0, 592692, 4, 
1122449, , , 68.9, 0, 0, 0, 0, 10, 7, 555728, , 
1124156, 1241660932267, 1241664432089, 0, 6566, 17, 482.05882352941177, 269484, 6, 2, 184671, 7, 1
1124214, , , 1.75, 0, 0, 0, 0, 6, 9, 1122449, , 
1126061, , , 44.5, 0, 0, 0, 0, 2, 0, 52350, , 
1127083, 1241666673185, , 0, 0, 0, 0, 998652, 19, 5, 998652, 5, 1
1145581, 1241661292774, 1241661843931, 0, 445, 3, 148.33333333333334, 0, 0, 0, 1126061, 3, 
1148755, 1241662905296, 1241663517020, 37.6, 115, 1, 230, 0, 21, 1, 1092321, 7, 5
1162172, 1241660857502, 1241663504314, 0, 720, 5, 145.2, 1181188, 0, 0, 835426, 3, 
116548, 1241660846574, 1241662096976, 0, 268, 3, 89.33333333333333, 0, 0, 0, 0, 1, 0
12, , , 1951.6999999999996, 0, 0, 0, 0, 20, 85, 383387, , 
1214279, 1241660838115, 1241661156356, 0, 0, 0, 0, 0, 3, 0, 1152211, 3, 
1227772, 1241665862011, 1241666444286, 0, 390, 2, 151, 0, 0, 0, 87714, 1, 
122907, , , 99.10000000000001, 0, 0, 0, 0, 6, 10, 251062, , 
1229552, 1241661426902, 1241661773414, 0, 120, 1, 131, 0, 0, 0, 900329, 2, 
123534, 1241663892240, 1241664056969, 0, 0, 0, 0, 0, 0, 0, 931, 1, 0
123961, 1241660925734, 1241661932964, 47.10000000000001, 1784, 4, 592, 878, 5, 22, 713, 15, 2
1254611, 1241661410979, 1241661797460, 0, 219, 2, 104, 0, 0, 0, 1148755, 2, 
1255618, 1241664056167, 1241665355868, 0, 1378, 8, 120.75, 0, 2, 0, 206148, 3, 
1255708, 1241662540115, 1241662560854, 0, 0, 0, 0, 0, 0, 0, 0, 1, 
1257548, 1241664264995, 1241664932938, 0, 956, 3, 115, 0, 0, 0, 70997, 1, 
125837, 1241662793788, 1241663684804, 0, 1258, 3, 616.6666666666666, 0, 2, 0, 336524, 6, 1
1266077, 1241665157560, 1241665555685, 0, 0, 0, 0, 0, 0, 0, 1093416, 1, 
12770, , , 260.5, 0, 0, 0, 0, 23, 22, 383387, , 
12791, 1241665373062, 1241665529104, 0, 0, 0, 0, 0, 15, 23, 12, 12, 2
1279761, 1241662848678, 1241664001280, 0, 441, 3, 103.33333333333333, 0, 0, 0, 171513, 2, 
1281427, 1241666748646, , 0, 0, 0, 0, 0, 0, 0, 0, 1, 0
1299868, 1241665954408, 1241666020639, 0, 0, 0, 0, 0, 0, 0, 0, 1, 
1304828, 1241662956363, 1241663319853, 0, 0, 0, 0, 0, 0, 0, 0, 1, 
1305200, 1241663441479, 1241663535881, 0, 0, 0, 0, 0, 0, 0, 0, 1, 
1305314, 1241664132793, 1241664313662, 0, 0, 0, 0, 0, 0, 0, 127942, 1, 
1305400, 1241664274190, 1241664514361, 0, 151, 1, 104, 0, 0, 0, 10260, 1, 
1305579, 1241665863069, 1241665881882, 0, 0, 0, 0, 0, 0, 0, 0, 1, 
132921, 1241666439628, , 0, 149, 1, 160, 0, 8, 0, 211601, 6, 2
139153, 1241666607530, 1241666611096, 0, 0, 0, 0, 0, 0, 0, 0, 1, 0
141364, , , 52.300000000000004, 0, 0, 0, 0, 6, 7, 16514, , 
14467, 1241665762695, , 0, 1716, 4, 445.5, 0, 4, 0, 58859, 4, 3
145896, , , 51.25, 0, 0, 0, 0, 6, 3, 225840, , 
147436, 1241664819469, 1241665124439, 0, 510, 2, 125.5, 0, 0, 0, 0, 1, 
147628, , , 30.400000000000002, 0, 0, 0, 0, 6, 3, 63846, , 
152662, 1241661331551, 1241661367128, 0, 0, 0, 0, 0, 0, 0, 0, 1, 
153097, 1241661095747, , 0, 35, 1, 0, 1110484, 17, 0, 1062853, 4, 15
1531, , , 65.7, 0, 0, 0, 0, 2, 14, 12, , 
16514, , , 26.150000000000002, 0, 0, 0, 0, 5, 8, 1062, , 
168214, 1241661348213, 1241661552597, 0, 0, 0, 0, 0, 4, 5, 190430, 6, 4
168962, 1241666183309, , 0, 425, 2, 158, 0, 0, 0, 0, 1, 0
169321, , , 126.9, 0, 0, 0, 0, 1, 1, 224647, , 
170191, , , 100.25, 0, 0, 0, 0, 3, 10, 202873, , 
171513, 1241664267089, 1241664275897, 372.4000000000001, 782, 3, 271.6666666666667, 0, 10, 7, 170191, 12, 2
173571, , , 27.7, 0, 0, 0, 0, 3, 0, 233753, , 
176940, 1241660835774, 1241661673218, 0, 120, 1, 137, 0, 0, 0, 0, 1, 
17790, 1241661132443, , 0, 8431, 15, 717.4666666666667, 1062, 12, 13, 20260, 16, 3
182851, 1241664906641, 1241665502880, 0, 1269, 1, 438, 0, 1, 0, 169321, 4, 0
184671, , , 656.6000000000001, 0, 0, 0, 0, 1, 6, 171513, , 
185505, , , 102.5, 0, 0, 0, 0, 3, 0, 145896, , 
188229, , , 10.75, 0, 0, 0, 0, 2, 13, 168234, , 
1923, 1241661354021, 1241666124744, 0, 1157, 4, 302.5, 0, 0, 0, 995, 4, 
195736, , , 144.20000000000002, 0, 0, 0, 0, 6, 22, 334835, , 
196543, 1241661846385, 1241662296196, 0, 204, 1, 251, 0, 6, 0, 32314, 4, 1
20260, , , 843.1000000000001, 0, 0, 0, 0, 18, 14, 12, , 
202873, , , 39.1, 0, 0, 0, 0, 1, 3, 341164, , 
205330, , , 5.25, 0, 0, 0, 0, 1, 2, 273767, , 
205955, 1241666101801, , 0, 277, 2, 96.5, 0, 0, 0, 173571, 4, 0
206148, , , 137.8, 0, 0, 0, 0, 1, 2, 1122449, , 
211601, , , 14.9, 0, 0, 0, 0, 1, 8, 7078, , 
217283, , , 72.6, 0, 0, 0, 0, 1, 3, 57393, , 
218716, , , 21.5, 0, 0, 0, 0, 13, 0, 188229, , 
22279, 1241662395344, 1241663113015, 0, 314, 2, 164.5, 0, 0, 0, 0, 2, 
223494, , , 73.15, 0, 0, 0, 0, 1, 1, 179687, , 
224647, , , 63.45, 0, 0, 0, 0, 1, 1, 234337, , 
227007, 1241665961673, , 0, 942, 3, 344.6666666666667, 0, 3, 5, 43402, 7, 1
22707, , , 537.2, 0, 0, 0, 0, 7, 11, 8842, , 
233753, , , 13.85, 0, 0, 0, 0, 1, 3, 380604, , 
251062, , , 49.550000000000004, 0, 0, 0, 0, 6, 17, 296361, , 
259344, , , 28.200000000000003, 0, 0, 0, 0, 23, 7, 143538, , 
2606, 1241666523053, , 0, 0, 0, 0, 0, 8, 2, 307471, 6, 1
264673, 1241664240423, 1241665171988, 0, 0, 0, 0, 0, 0, 0, 28294, 3, 0
271936, 1241660890342, 1241663282629, 0, 0, 0, 0, 0, 3, 0, 887964, 4, 
280406, 1241662532678, 1241662537503, 0, 0, 0, 0, 0, 0, 0, 556276, 1, 
283059, 1241660829559, 1241661066174, 0, 0, 0, 0, 0, 0, 0, 0, 1, 
291108, 1241665746881, 1241665774700, 0, 0, 0, 0, 0, 0, 0, 171513, 2, 
298666, , , 56.400000000000006, 0, 0, 0, 0, 7, 0, 259344, , 
307471, , , 340.30000000000007, 0, 0, 0, 0, 6, 18, 12, , 
30940, 1241663952296, 1241664799638, 0, 1314, 4, 414.75, 0, 0, 0, 8842, 4, 
32169, 1241663084410, 1241663563009, 0, 1186, 3, 613.6666666666666, 219, 8, 0, 10260, 14, 5
322949, 1241663521399, 1241664557742, 0, 265, 3, 88.33333333333333, 0, 0, 0, 0, 1, 
32314, , , 20.400000000000002, 0, 0, 0, 0, 10, 6, 40508, , 
334835, , , 40.65, 0, 0, 0, 0, 2, 6, 143501, , 
336228, , , 833.5500000000001, 0, 0, 0, 0, 10, 16, 307471, , 
336524, 1241665546129, , 125.80000000000001, 813, 3, 394.6666666666667, 101052, 22, 6, 195736, 11, 2
351430, 1241660846171, 1241665379740, 325.40000000000003, 6806, 18, 335.27777777777777, 336228, 14, 47, 336228, 13, 2
35568, , , 5.75, 0, 0, 0, 0, 2, 29, 258951, , 
376717, 1241666178785, 1241666608907, 0, 0, 0, 0, 0, 0, 0, 811852, 1, 
380174, , , 21.35, 0, 0, 0, 0, 2, 2, 205330, , 
383387, , , 245.70000000000002, 0, 0, 0, 0, 7, 57, 0, , 
396113, , , 85.80000000000001, 0, 0, 0, 0, 2, 9, 44987, , 
397835, , , 211.95000000000002, 0, 0, 0, 0, 5, 35, 47379, , 
40508, , , 10.200000000000001, 0, 0, 0, 0, 1, 10, 23340, , 
408501, 1241665983025, , 0, 1452, 4, 331.25, 402647, 7, 19, 637936, 11, 2
4139, 1241664583877, , 50.25000000000001, 1795, 3, 789.3333333333334, 44987, 22, 23, 713, 18, 3
416503, 1241662571280, 1241663134150, 0, 1365, 3, 166.66666666666666, 0, 3, 0, 82321, 3, 1
421572, 1241661012321, 1241665441778, 0, 564, 3, 100.66666666666667, 0, 0, 0, 298666, 2, 0
43402, , , 94.20000000000002, 0, 0, 0, 0, 12, 8, 123961, , 
44987, 1241661545710, 1241664836952, 0, 2605, 6, 681.1666666666666, 4139, 17, 18, 12770, 14, 2
47379, , , 82.7, 0, 0, 0, 0, 1, 5, 54776, , 
502119, 1241661564060, 1241665881778, 0, 5372, 17, 289.70588235294116, 520359, 11, 14, 22707, 10, 2
503, , , 736.4, 0, 0, 0, 0, 5, 2, 12, , 
504207, 1241660859355, 1241663294068, 0, 1005, 7, 92.42857142857143, 0, 1, 1, 506297, 3, 0
506297, , , 100.50000000000001, 0, 0, 0, 0, 5, 1, 4139, , 
52350, , , 22.25, 0, 0, 0, 0, 5, 2, 674637, , 
53030, 1241666061020, , 0, 991, 3, 377, 1092321, 10, 6, 122907, 14, 3
533476, 1241665150864, 1241665179033, 0, 0, 0, 0, 520205, 0, 0, 520205, 1, 0
535, 1241665153752, , 0, 304, 1, 326, 533, 3, 2, 147628, 13, 3
555728, , , 33.9, 0, 0, 0, 0, 16, 10, 1101, , 
562788, , , 21.800000000000004, 0, 0, 0, 0, 1, 5, 409656, , 
564162, 1241665990927, , 0, 523, 3, 174.33333333333334, 176275, 7, 0, 141364, 6, 6
57717, , , 68.25, 0, 0, 0, 0, 4, 6, 110178, , 
57871, 1241666081074, , 0, 157, 1, 313, 0, 0, 0, 1148755, 4, 0
58859, , , 171.60000000000002, 0, 0, 0, 0, 9, 8, 396113, , 
597005, 1241664836342, 1241665500959, 0, 436, 3, 238, 0, 2, 1, 603011, 4, 0
603011, , , 43.60000000000001, 0, 0, 0, 0, 5, 2, 562788, , 
624485, 1241661372698, 1241661837018, 0, 0, 0, 0, 0, 0, 0, 562953, 2, 
624616, 1241662628495, 1241662749409, 0, 0, 0, 0, 0, 1, 0, 104252, 2, 
637936, , , 145.2, 0, 0, 0, 0, 3, 7, 217283, , 
63846, , , 15.200000000000001, 0, 0, 0, 0, 1, 6, 65246, , 
68238, 1241662758768, 1241663456999, 21.700000000000003, 105, 1, 111, 0, 2, 0, 380174, 2, 
68523, 1241661522689, 1241662230230, 0, 242, 1, 166, 0, 0, 0, 351430, 2, 
70557, , , 6, 0, 0, 0, 0, 5, 24, 502119, , 
7078, , , 7.45, 0, 0, 0, 0, 9, 3, 177916, , 
70997, 1241663487164, 1241666338581, 93.1, 1654, 6, 454, 1010692, 35, 32, 397835, 12, 3
713, 1241666827618, , 1846.9999999999995, 2309, 6, 361.3333333333333, 1265, 11, 76, 12, 19, 6
71724, 1241662496905, 1241663883531, 0, 1463, 3, 281, 3200, 19, 5, 94103, 12, 4
72927, 1241661117480, 1241662680110, 0, 1025, 8, 110.375, 0, 0, 0, 185505, 2, 0
8013, 1241661707028, 1241661771795, 0, 0, 0, 0, 0, 0, 0, 1124156, 3, 
802319, , , 21.05, 0, 0, 0, 0, 2, 6, 773108, , 
81899, , , 51.6, 0, 0, 0, 0, 6, 12, 802319, , 
82321, , , 136.5, 0, 0, 0, 0, 6, 4, 57717, , 
825362, 1241662540099, 1241663190232, 0, 217, 2, 105, 0, 0, 0, 68238, 1, 
835426, , , 72, 0, 0, 0, 0, 2, 0, 1092321, , 
836417, , , 11.25, 0, 0, 0, 0, 3, 5, 582081, , 
8527, 1241666116657, , 0, 7364, 21, 366.04761904761904, 10260, 2, 0, 503, 10, 2
859397, 1241665191625, , 0, 0, 0, 0, 0, 0, 0, 0, 1, 0
87600, 1241661014513, 1241661311635, 0, 122, 1, 122, 0, 0, 0, 0, 1, 
87714, 1241664877991, , 39, 2817, 7, 396.14285714285717, 0, 10, 3, 351430, 11, 6
880098, 1241665260356, 1241665282633, 0, 0, 0, 0, 0, 0, 0, 0, 1, 
8842, , , 400, 0, 0, 0, 0, 12, 7, 1531, , 
900329, , , 12, 0, 0, 0, 0, 24, 5, 70557, , 
94103, , , 146.3, 0, 0, 0, 0, 1, 19, 223494, , 
990799, , , 22.5, 0, 0, 0, 0, 5, 13, 836417, , 
995, , , 115.70000000000002, 0, 0, 0, 0, 12, 0, 12, , 
<<<<EndTable

PlayersOnlineNow=25
PlayersOnlineEachMinute=0, 13, 17, 17, 18, 20, 21, 22, 23, 24, 25, 25, 26, 26, 27, 27, 25, 23, 25, 24, 24, 25, 23, 23, 21, 20, 19, 20, 22, 21, 22, 21, 22, 23, 24, 25, 26, 26, 27, 25, 24, 23, 21, 21, 21, 22, 22, 21, 20, 19, 19, 18, 21, 21, 18, 18, 19, 20, 22, 21, 21, 20, 19, 19, 19, 18, 18, 18, 20, 19, 19, 21, 18, 20, 20, 18, 17, 16, 15, 14, 13, 14, 16, 16, 18, 16, 20, 20, 22, 21, 23, 23, 22, 22, 22, 23, 23, 22, 23, 25
PlayersInEachFeedingGame=1, 1, 1, 2, 2, 1, 2, 1, 1, 1, 2, 1, 1, 1, 3, 1, 1, 2, 1, 2, 2, 2, 2, 2, 1, 2, 2, 2, 2, 1, 2, 2, 2, 2, 1, 2, 2, 2, 1, 1, 2, 1, 2, 1, 2, 2, 2, 2, 2, 1, 2, 2, 2, 2, 2, 1, 2, 2, 1, 2, 1, 2, 2, 2, 1, 2, 2, 2, 2, 2, 2, 2, 2, 2, 2, 2, 2, 2, 1, 2, 2, 2, 1, 2, 2, 2, 2, 1, 2, 2, 2, 2, 3, 2, 2, 2, 2, 2, 1, 2, 2, 1, 2, 2, 2, 1
PlayersStarted=137
PlayersQuit=112
StatsStartTime=1241660826964
StatsDumpTime=1241666828627
<<<<EndStats
2009-05-06 20:27:45,213 ERROR: vampire.server.feeding.FeedingRecord sendPlayerStartGameMsg [playerId=408501, prey=true, _predatorIndex=]
2009-05-06 20:27:45,215 ERROR: vampire.server.feeding.FeedingRecord sendPlayerStartGameMsg [playerId=110735, prey=false, _predatorIndex=]
2009-05-06 20:28:13,466 ERROR: vampire.server.feeding.FeedingRecord sendPlayerStartGameMsg [playerId=14467, prey=false, _predatorIndex=110735]
2009-05-06 20:28:29,497 ERROR: vampire.server.feeding.FeedingRecord sendPlayerStartGameMsg [playerId=205955, prey=true, _predatorIndex=]
2009-05-06 20:28:29,499 ERROR: vampire.server.feeding.FeedingRecord sendPlayerStartGameMsg [playerId=97875, prey=false, _predatorIndex=]
2009-05-06 20:29:23,051 ERROR: vampire.server.feeding.FeedingRecord sendPlayerStartGameMsg [playerId=2606, prey=true, _predatorIndex=]
2009-05-06 20:29:23,060 ERROR: vampire.server.feeding.FeedingRecord sendPlayerStartGameMsg [playerId=227007, prey=false, _predatorIndex=]
2009-05-06 20:29:28,593 ERROR: vampire.server.feeding.FeedingRecord sendPlayerStartGameMsg [playerId=14467, prey=false, _predatorIndex=227007]
2009-05-06 20:30:45,883 ERROR: vampire.server.feeding.FeedingRecord sendPlayerStartGameMsg [playerId=336524, prey=true, _predatorIndex=]
2009-05-06 20:30:45,886 ERROR: vampire.server.feeding.FeedingRecord sendPlayerStartGameMsg [playerId=53030, prey=false, _predatorIndex=]
2009-05-06 20:31:36,726 ERROR: vampire.server.feeding.FeedingRecord sendPlayerStartGameMsg [playerId=8527, prey=true, _predatorIndex=]
2009-05-06 20:31:36,732 ERROR: vampire.server.feeding.FeedingRecord sendPlayerStartGameMsg [playerId=713, prey=false, _predatorIndex=]
2009-05-06 20:32:24,865 ERROR: vampire.server.feeding.FeedingRecord sendPlayerStartGameMsg [playerId=87714, prey=false, _predatorIndex=]
2009-05-06 20:32:31,045 ERROR: vampire.server.feeding.FeedingRecord sendPlayerStartGameMsg [playerId=156489, prey=true, _predatorIndex=]
2009-05-06 20:32:31,051 ERROR: vampire.server.feeding.FeedingRecord sendPlayerStartGameMsg [playerId=2606, prey=false, _predatorIndex=]
2009-05-06 20:32:31,155 ERROR: vampire.server.feeding.FeedingRecord sendPlayerStartGameMsg [playerId=227007, prey=false, _predatorIndex=2606]
2009-05-06 20:33:33,455 ERROR: vampire.server.feeding.FeedingRecord sendPlayerStartGameMsg [playerId=336524, prey=true, _predatorIndex=]
2009-05-06 20:33:33,457 ERROR: vampire.server.feeding.FeedingRecord sendPlayerStartGameMsg [playerId=1032421, prey=false, _predatorIndex=]
2009-05-06 20:35:47,232 ERROR: vampire.server.feeding.FeedingRecord sendPlayerStartGameMsg [playerId=110735, prey=true, _predatorIndex=]
2009-05-06 20:35:47,235 ERROR: vampire.server.feeding.FeedingRecord sendPlayerStartGameMsg [playerId=227007, prey=false, _predatorIndex=]
2009-05-06 20:36:34,098 ERROR: vampire.server.feeding.FeedingRecord sendPlayerStartGameMsg [playerId=156489, prey=true, _predatorIndex=]
2009-05-06 20:36:34,100 ERROR: vampire.server.feeding.FeedingRecord sendPlayerStartGameMsg [playerId=1032421, prey=false, _predatorIndex=]

