2009-05-03 09:19:10,944 ERROR: vampire.server.feeding.FeedingRecord sendPlayerStartGameMsg [playerId=1192337, prey=false, _predatorIndex=]
2009-05-03 09:19:20,957 ERROR: vampire.server.feeding.FeedingRecord sendPlayerStartGameMsg [playerId=634607, prey=false, _predatorIndex=]
2009-05-03 09:19:23,937 ERROR: vampire.server.feeding.FeedingRecord sendPlayerStartGameMsg [playerId=406928, prey=false, _predatorIndex=32169]
2009-05-03 09:19:36,888 ERROR: vampire.server.feeding.FeedingRecord sendPlayerStartGameMsg [playerId=1156485, prey=true, _predatorIndex=]
2009-05-03 09:19:36,888 ERROR: vampire.server.feeding.FeedingRecord sendPlayerStartGameMsg [playerId=769463, prey=false, _predatorIndex=]
2009-05-03 09:19:47,546 ERROR: vampire.server.feeding.FeedingRecord sendPlayerStartGameMsg [playerId=944429, prey=false, _predatorIndex=32169,406928]
2009-05-03 09:20:22,778 ERROR: vampire.server.feeding.FeedingRecord sendPlayerStartGameMsg [playerId=69841, prey=true, _predatorIndex=]
2009-05-03 09:20:22,779 ERROR: vampire.server.feeding.FeedingRecord sendPlayerStartGameMsg [playerId=406928, prey=false, _predatorIndex=]
2009-05-03 09:20:29,683 ERROR: vampire.server.feeding.FeedingRecord sendPlayerStartGameMsg [playerId=1170410, prey=false, _predatorIndex=406928]
2009-05-03 09:20:46,620 ERROR: vampire.server.feeding.FeedingRecord sendPlayerStartGameMsg [playerId=1178289, prey=true, _predatorIndex=]
2009-05-03 09:20:46,621 ERROR: vampire.server.feeding.FeedingRecord sendPlayerStartGameMsg [playerId=1170410, prey=false, _predatorIndex=]
2009-05-03 09:20:50,644 ERROR: vampire.server.feeding.FeedingRecord sendPlayerStartGameMsg [playerId=1112543, prey=false, _predatorIndex=]
2009-05-03 09:20:58,583 ERROR: vampire.server.feeding.FeedingRecord sendPlayerStartGameMsg [playerId=32169, prey=true, _predatorIndex=]
2009-05-03 09:20:58,584 ERROR: vampire.server.feeding.FeedingRecord sendPlayerStartGameMsg [playerId=944429, prey=false, _predatorIndex=]

>>>>BeginStats

>>>>BeginTable
PlayerId, StartTime, EndTime, ProgenyPayout, XPFromFeeding, FeedingGames, MeanFeedingScore, BloodBond, Progeny, GrandProgeny, Sire, Level, Invites
1010692, 1241365439880, 1241366690750, 0, 1404, 5, 231.4, 70997, 14, 11, 70997, 6, 2
1012813, , , 277.65, 0, 0, 0, 0, 6, 12, 54776, , 
1021278, 1241365930855, 1241367246950, 0, 513, 3, 114.33333333333333, 0, 2, 1, 452296, 3, 
10260, , , 54.5, 0, 0, 0, 0, 7, 8, 713, , 
103144, , , 25.65, 0, 0, 0, 0, 5, 14, 116005, , 
103824, 1241363535500, 1241364482560, 0, 456, 3, 98, 0, 0, 0, 900329, 1, 
1042066, 1241365694374, 1241365904206, 0, 58, 1, 116, 0, 0, 0, 0, 1, 
1047840, 1241365886444, , 0, 318, 3, 140, 0, 1, 0, 408501, 4, 0
1062231, 1241363632508, 1241364607101, 0, 226, 2, 102.5, 0, 0, 0, 218716, 2, 
1062853, 1241363561217, 1241366911954, 291.45000000000005, 3829, 17, 321.4117647058824, 1138895, 7, 3, 1124214, 5, 1
1071139, 1241366213054, 1241366520771, 0, 267, 1, 267, 0, 0, 0, 153097, 1, 
1075275, 1241363827819, 1241363841803, 0, 0, 0, 0, 0, 0, 0, 0, 1, 
1084285, 1241363472031, 1241364759889, 0, 442, 3, 111, 900329, 0, 0, 769463, 3, 
1092321, , , 302.4, 0, 0, 0, 0, 23, 13, 35568, , 
110178, , , 133.8, 0, 0, 0, 0, 6, 11, 12770, , 
1111833, 1241367552408, , 0, 0, 0, 0, 0, 0, 0, 0, 1, 0
1112543, 1241367568133, , 0, 156, 1, 154, 0, 0, 0, 0, 1, 0
1113223, 1241364431467, 1241364475666, 0, 0, 0, 0, 0, 0, 0, 0, 1, 
1114884, 1241363823720, 1241364320786, 0, 534, 2, 267, 0, 1, 0, 998652, 2, 
1115214, 1241363581746, 1241363595599, 0, 0, 0, 0, 0, 0, 0, 0, 1, 
1119819, 1241363659153, 1241363883818, 0, 0, 0, 0, 0, 0, 0, 0, 1, 
1122449, , , 199.90000000000003, 0, 0, 0, 0, 5, 5, 555728, , 
1124214, , , 538.8500000000001, 0, 0, 0, 0, 5, 7, 1122449, , 
112535, 1241367097901, 1241367180231, 0, 353, 1, 453, 0, 1, 1, 430717, 4, 0
112616, 1241366439715, , 0, 1562, 9, 129, 0, 0, 0, 174027, 3, 0
1128158, 1241367609669, , 0, 0, 0, 0, 0, 0, 0, 0, 1, 0
113794, , , 127.4, 0, 0, 0, 0, 3, 5, 94657, , 
1138551, 1241366648803, 1241367132199, 0, 183, 1, 134, 0, 0, 0, 1138895, 1, 
1138895, 1241365420797, 1241367132201, 18.3, 2758, 15, 164, 1062853, 1, 0, 227147, 2, 1
1138962, 1241366713187, 1241366999376, 0, 0, 0, 0, 0, 0, 0, 153097, 1, 
1139739, 1241364444587, 1241364577805, 0, 0, 0, 0, 0, 0, 0, 0, 1, 
1145721, 1241366033774, 1241366333715, 0, 0, 0, 0, 0, 0, 0, 0, 1, 
1148755, 1241366817143, , 187.5, 605, 2, 352.5, 0, 4, 1, 1092321, 3, 0
1151112, 1241364067150, 1241364210802, 0, 0, 0, 0, 0, 0, 0, 0, 1, 
1152360, 1241364262469, 1241364651795, 0, 0, 0, 0, 0, 0, 0, 70997, 2, 
1155229, 1241367661555, , 0, 0, 0, 0, 0, 0, 0, 0, 1, 0
1156485, 1241365583832, , 0, 181, 2, 96.5, 0, 0, 0, 1092321, 1, 0
1158005, 1241365366542, , 0, 877, 7, 132.42857142857142, 0, 0, 0, 1192337, 1, 0
1158201, 1241364638173, 1241364731174, 0, 0, 0, 0, 0, 0, 0, 0, 1, 
1161674, 1241367295006, 1241367392838, 0, 0, 0, 0, 0, 0, 0, 0, 1, 
1168478, 1241367209202, , 0, 169, 1, 152, 0, 0, 0, 1124214, 1, 0
1170410, 1241366281422, , 0, 722, 6, 109.83333333333333, 0, 0, 0, 0, 1, 0
1172947, 1241367034264, 1241367153909, 0, 0, 0, 0, 0, 0, 0, 0, 1, 
1176371, 1241365791628, 1241365812426, 0, 0, 0, 0, 0, 0, 0, 0, 1, 
1178289, 1241367629908, , 0, 0, 0, 0, 0, 0, 0, 0, 1, 0
1178563, 1241363832811, 1241364003419, 0, 0, 0, 0, 0, 0, 0, 0, 1, 
1190294, 1241366299482, 1241366536196, 0, 126, 1, 146, 0, 0, 0, 31330, 1, 
1192337, 1241364618330, , 199.8, 1809, 10, 210.6, 1146252, 8, 1, 1012813, 3, 0
1192866, 1241365989423, 1241366242447, 0, 499, 1, 113, 0, 0, 0, 307471, 1, 
119842, , , 11.600000000000001, 0, 0, 0, 0, 7, 0, 351626, , 
1199316, 1241365729929, , 0, 573, 4, 109.5, 0, 0, 0, 1192337, 1, 0
12, , , 90.60000000000001, 0, 0, 0, 0, 20, 121, 383387, , 
1200065, 1241364369251, 1241364446777, 0, 0, 0, 0, 0, 0, 0, 0, 1, 
1200560, 1241365962725, 1241365994158, 0, 0, 0, 0, 0, 0, 0, 0, 1, 
1201508, 1241364617000, 1241364623482, 0, 0, 0, 0, 0, 0, 0, 0, 1, 
1201803, 1241364745996, 1241365032209, 0, 172, 1, 172, 0, 0, 0, 0, 1, 
1202406, 1241366979532, 1241367237999, 0, 0, 0, 0, 0, 0, 0, 0, 1, 
1203198, 1241367247712, 1241367259321, 0, 0, 0, 0, 0, 0, 0, 0, 1, 
1203489, 1241367200393, 1241367249205, 0, 0, 0, 0, 0, 0, 0, 0, 1, 
1204015, 1241367543787, 1241367583312, 0, 0, 0, 0, 0, 0, 0, 0, 1, 
124585, , , 14.45, 0, 0, 0, 0, 5, 4, 143278, , 
1265, 1241363588954, , 31.5, 0, 0, 0, 0, 14, 32, 12, 16, 3
12770, , , 23.6, 0, 0, 0, 0, 23, 75, 383387, , 
129205, 1241367639868, 1241367647465, 0, 291, 3, 87.66666666666667, 0, 0, 0, 227806, 1, 0
130627, 1241366357532, , 0, 1351, 8, 186.625, 0, 8, 22, 85079, 11, 5
141044, 1241367629933, , 0, 0, 0, 0, 0, 0, 0, 0, 1, 0
153097, 1241365352280, , 26.700000000000003, 2781, 14, 223.42857142857142, 0, 3, 0, 1062853, 3, 3
156414, 1241366917558, 1241367314017, 0, 251, 2, 125.5, 0, 0, 0, 190864, 3, 0
163362, 1241365928464, 1241366099251, 0, 0, 0, 0, 0, 1, 5, 12, 4, 0
16444, 1241364648946, 1241364782923, 0, 0, 0, 0, 0, 0, 0, 1043, 9, 1
164943, 1241366057042, 1241367414285, 0, 813, 6, 117.5, 0, 0, 0, 82321, 1, 
16825, , , 6, 0, 0, 0, 0, 14, 6, 4139, , 
169345, 1241367007139, 1241367478738, 0, 1274, 6, 156.5, 0, 1, 0, 113794, 3, 0
169408, 1241363960211, 1241366296513, 0, 0, 0, 0, 0, 3, 4, 173395, 4, 0
171145, 1241366010059, , 0, 315, 2, 182.5, 0, 1, 0, 1265, 4, 6
174027, , , 156.2, 0, 0, 0, 0, 2, 0, 24572, , 
174092, 1241366008752, , 0, 855, 7, 122.14285714285714, 0, 0, 0, 0, 1, 0
180951, , , 15.6, 0, 0, 0, 0, 2, 7, 153510, , 
187169, 1241367015790, , 0, 472, 3, 144.66666666666666, 0, 1, 0, 110178, 1, 1
188229, , , 11.3, 0, 0, 0, 0, 2, 11, 168234, , 
190864, , , 25.1, 0, 0, 0, 0, 2, 1, 296361, , 
191704, 1241364564710, 1241364611704, 0, 0, 0, 0, 0, 0, 0, 0, 1, 
193978, , , 10.850000000000001, 0, 0, 0, 0, 4, 5, 196206, , 
195722, 1241364200875, 1241365138762, 0, 100, 1, 93, 37528, 1, 0, 208602, 6, 1
196231, , , 20.8, 0, 0, 0, 0, 5, 0, 7078, , 
198422, 1241365629360, 1241365690720, 0, 0, 0, 0, 0, 0, 0, 0, 1, 
199030, 1241367287745, 1241367297000, 0, 0, 0, 0, 0, 0, 0, 133817, 1, 0
202104, 1241365707779, , 0, 208, 2, 143.5, 0, 0, 0, 196231, 2, 0
204546, , , 14.55, 0, 0, 0, 0, 2, 5, 7078, , 
204792, 1241364593415, , 0, 1142, 9, 120.88888888888889, 80646, 0, 0, 80646, 2, 0
208602, , , 10, 0, 0, 0, 0, 7, 1, 351626, , 
212304, 1241366078301, , 0, 211, 1, 229, 0, 0, 0, 1092321, 3, 0
218716, 1241366941055, 1241367072226, 22.6, 0, 0, 0, 0, 11, 2, 188229, 9, 7
227147, 1241364293593, 1241364792196, 267.15, 312, 2, 145, 0, 6, 4, 238782, 5, 2
227806, , , 29.1, 0, 0, 0, 0, 2, 0, 204546, , 
238782, , , 160.20000000000002, 0, 0, 0, 0, 2, 6, 180951, , 
24572, , , 78.1, 0, 0, 0, 0, 1, 2, 108988, , 
247971, 1241366085382, 1241366479108, 0, 55, 1, 15, 0, 0, 0, 0, 1, 
25243, 1241364527925, 1241364802663, 0, 0, 0, 0, 0, 0, 0, 0, 1, 
256746, , , 26.550000000000004, 0, 0, 0, 0, 5, 30, 61984, , 
261567, 1241363605508, 1241363612523, 0, 0, 0, 0, 0, 31, 8, 237231, 13, 13
274529, 1241365832612, 1241366675293, 0, 1036, 9, 121.88888888888889, 0, 0, 0, 1192337, 2, 
296361, , , 12.55, 0, 0, 0, 0, 3, 11, 180570, , 
307471, 1241363490446, 1241367433743, 49.900000000000006, 499, 1, 884, 0, 4, 16, 12, 9, 1
31330, , , 12.600000000000001, 0, 0, 0, 0, 1, 0, 1192337, , 
314868, 1241367225103, 1241367599344, 0, 0, 0, 0, 0, 0, 0, 187169, 1, 
315071, 1241364172760, 1241365250461, 0, 593, 5, 114.8, 0, 0, 0, 900329, 2, 0
32169, 1241367233050, , 0, 545, 2, 257, 219, 7, 0, 10260, 12, 4
338409, , , 11.3, 0, 0, 0, 0, 4, 4, 65584, , 
340234, 1241366747827, 1241366762690, 0, 0, 0, 0, 0, 0, 0, 0, 1, 
351626, , , 10.8, 0, 0, 0, 0, 7, 15, 183403, , 
35568, , , 109, 0, 0, 0, 0, 1, 23, 258951, , 
383249, , , 21.700000000000003, 0, 0, 0, 0, 4, 0, 193978, , 
383387, , , 24.950000000000003, 0, 0, 0, 0, 6, 56, 0, , 
384703, , , 5.15, 0, 0, 0, 0, 2, 7, 338481, , 
397835, , , 70.20000000000002, 0, 0, 0, 0, 5, 25, 47379, , 
40081, 1241365258233, 1241366698128, 0, 116, 2, 107.5, 0, 0, 0, 119842, 1, 
406928, 1241366714656, , 0, 659, 4, 153.5, 0, 0, 0, 1148755, 1, 0
408501, , , 31.8, 0, 0, 0, 0, 6, 14, 637936, , 
409656, , , 10.3, 0, 0, 0, 0, 7, 0, 384703, , 
4139, , , 3, 0, 0, 0, 0, 21, 23, 713, , 
415271, 1241365845483, 1241366814208, 0, 289, 2, 158, 0, 10, 2, 66689, 4, 0
430717, , , 53.10000000000001, 0, 0, 0, 0, 30, 2, 256746, , 
431598, 1241364682094, 1241366014161, 0, 226, 1, 146, 639914, 0, 0, 921283, 3, 0
43402, , , 67.55, 0, 0, 0, 0, 11, 12, 123961, , 
438751, 1241366557359, 1241366726394, 0, 0, 0, 0, 0, 4, 0, 210163, 5, 1
446342, 1241367631538, , 0, 0, 0, 0, 0, 0, 0, 346096, 2, 0
452296, , , 51.3, 0, 0, 0, 0, 7, 4, 103144, , 
47445, 1241367076428, 1241367087034, 0, 0, 0, 0, 72522, 7, 6, 2843, 12, 2
480066, 1241367643057, 1241367660750, 0, 0, 0, 0, 0, 0, 0, 507656, 1, 0
48126, 1241363652955, 1241363657073, 0, 0, 0, 0, 0, 5, 1, 145896, 7, 6
48163, 1241363796363, 1241367563544, 0, 2030, 12, 122.25, 0, 0, 0, 900329, 2, 
48787, 1241363753214, 1241363845702, 0, 0, 0, 0, 0, 0, 0, 0, 1, 
502119, , , 33.050000000000004, 0, 0, 0, 0, 8, 12, 22707, , 
53030, , , 7.300000000000001, 0, 0, 0, 0, 9, 6, 122907, , 
538748, , , 14.600000000000001, 0, 0, 0, 0, 1, 5, 53030, , 
543921, 1241363708609, , 0, 1183, 7, 138.28571428571428, 0, 8, 0, 1092321, 4, 0
546523, 1241365450935, 1241365928921, 0, 103, 1, 77, 0, 0, 0, 409656, 1, 0
54776, 1241364781552, 1241367296911, 90.45, 0, 0, 0, 1062, 70, 31, 89757, 15, 3
55022, 1241366523010, , 0, 146, 1, 166, 0, 5, 0, 538748, 3, 0
57717, , , 213.85000000000002, 0, 0, 0, 0, 4, 10, 110178, , 
578918, 1241364205584, 1241364521408, 0, 0, 0, 0, 0, 2, 0, 179326, 3, 0
634607, 1241367142908, , 0, 0, 0, 0, 0, 2, 0, 54776, 4, 0
636873, 1241367289655, , 0, 0, 0, 0, 0, 0, 0, 1892, 2, 0
637936, , , 15.9, 0, 0, 0, 0, 3, 6, 217283, , 
66689, , , 28.9, 0, 0, 0, 0, 4, 10, 124585, , 
69841, 1241367187167, , 0, 60, 1, 120, 0, 0, 0, 16825, 2, 0
70557, , , 242.15, 0, 0, 0, 0, 5, 23, 502119, , 
7078, , , 10.4, 0, 0, 0, 0, 9, 18, 177916, , 
70997, , , 140.40000000000003, 0, 0, 0, 0, 25, 29, 397835, , 
713, , , 27.25, 0, 0, 0, 0, 10, 65, 12, , 
74412, 1241366281398, 1241366675679, 0, 0, 0, 0, 171193, 0, 0, 102613, 4, 0
769463, 1241367310469, , 0, 178, 1, 148, 208692, 1, 0, 430717, 4, 0
80646, 1241365719958, , 37.4, 1335, 10, 142.7, 204792, 1, 0, 1148755, 4, 0
82321, 1241365055212, , 81.30000000000001, 1732, 7, 392.2857142857143, 138183, 6, 34, 57717, 11, 2
85079, , , 135.1, 0, 0, 0, 0, 4, 11, 43402, , 
868186, 1241366154950, 1241366315343, 0, 0, 0, 0, 298666, 1, 0, 210163, 5, 1
900329, 1241363468005, 1241364692222, 352.1, 661, 4, 250.5, 1084285, 23, 5, 70557, 8, 2
921283, , , 22.6, 0, 0, 0, 0, 4, 0, 338409, , 
944429, 1241367394813, , 0, 217, 1, 308, 0, 0, 0, 383249, 3, 0
94657, , , 63.7, 0, 0, 0, 0, 1, 3, 163484, , 
95038, 1241364951736, 1241364976142, 0, 0, 0, 0, 0, 0, 0, 0, 1, 
98566, 1241367324064, 1241367334635, 0, 0, 0, 0, 0, 0, 0, 0, 1, 
990799, , , 26.700000000000003, 0, 0, 0, 0, 5, 9, 836417, , 
998652, , , 53.400000000000006, 0, 0, 0, 0, 3, 6, 990799, , 
<<<<EndTable

PlayersOnlineNow=36
PlayersOnlineEachMinute=0, 3, 7, 7, 9, 11, 13, 12, 12, 12, 12, 13, 15, 16, 18, 17, 18, 18, 17, 19, 19, 19, 18, 16, 16, 17, 17, 20, 18, 19, 18, 18, 20, 22, 23, 23, 25, 26, 28, 28, 28, 27, 29, 31, 33, 34, 35, 35, 33, 34, 35, 34, 35, 35, 31, 32, 31, 32, 32, 34, 37, 36, 34, 36, 36, 36, 35, 33, 33, 31
PlayersInEachFeedingGame=3, 2, 1, 1, 1, 2, 1, 2, 2, 2, 2, 2, 2, 2, 2, 2, 1, 1, 2, 1, 2, 1, 2, 2, 2, 2, 2, 1, 2, 2, 1, 2, 2, 2, 2, 2, 2, 1, 3, 1, 1, 2, 1, 2, 1, 2, 2, 2, 1, 2, 2, 2, 1, 2, 2, 2, 2, 1, 2, 2, 2, 1, 2, 2, 2, 2, 1, 3, 2, 2, 2, 1, 2, 1, 1, 1, 1, 3, 2, 2, 2, 1, 2, 2, 2, 2, 2, 2, 2, 2, 2, 2, 2, 1, 2, 2, 2, 1, 2
PlayersStarted=151
PlayersQuit=115
StatsStartTime=1241363466672
StatsDumpTime=1241367666880
<<<<EndStats
2009-05-03 09:22:29,801 ERROR: vampire.server.feeding.FeedingRecord sendPlayerStartGameMsg [playerId=1192337, prey=true, _predatorIndex=]
2009-05-03 09:22:29,802 ERROR: vampire.server.feeding.FeedingRecord sendPlayerStartGameMsg [playerId=1111833, prey=false, _predatorIndex=]
2009-05-03 09:23:31,593 ERROR: vampire.server.feeding.FeedingRecord sendPlayerStartGameMsg [playerId=944429, prey=true, _predatorIndex=]
2009-05-03 09:23:31,594 ERROR: vampire.server.feeding.FeedingRecord sendPlayerStartGameMsg [playerId=32169, prey=false, _predatorIndex=]
2009-05-03 09:23:33,236 ERROR: vampire.server.feeding.FeedingRecord sendPlayerStartGameMsg [playerId=69841, prey=true, _predatorIndex=]
2009-05-03 09:23:33,237 ERROR: vampire.server.feeding.FeedingRecord sendPlayerStartGameMsg [playerId=406928, prey=false, _predatorIndex=]
2009-05-03 09:23:47,998 ERROR: vampire.server.feeding.FeedingRecord sendPlayerStartGameMsg [playerId=247992, prey=false, _predatorIndex=1111833]
2009-05-03 09:24:07,470 ERROR: vampire.server.feeding.FeedingRecord sendPlayerStartGameMsg [playerId=769463, prey=true, _predatorIndex=]
2009-05-03 09:24:07,471 ERROR: vampire.server.feeding.FeedingRecord sendPlayerStartGameMsg [playerId=1047840, prey=false, _predatorIndex=]
2009-05-03 09:25:31,058 ERROR: vampire.server.feeding.FeedingRecord sendPlayerStartGameMsg [playerId=174092, prey=true, _predatorIndex=]
2009-05-03 09:25:31,058 ERROR: vampire.server.feeding.FeedingRecord sendPlayerStartGameMsg [playerId=1128158, prey=false, _predatorIndex=]
2009-05-03 09:25:42,560 ERROR: vampire.server.feeding.FeedingRecord sendPlayerStartGameMsg [playerId=141044, prey=true, _predatorIndex=]
2009-05-03 09:25:42,561 ERROR: vampire.server.feeding.FeedingRecord sendPlayerStartGameMsg [playerId=1156485, prey=false, _predatorIndex=]
2009-05-03 09:26:04,388 ERROR: vampire.server.feeding.FeedingRecord sendPlayerStartGameMsg [playerId=1192337, prey=true, _predatorIndex=]
2009-05-03 09:26:04,389 ERROR: vampire.server.feeding.FeedingRecord sendPlayerStartGameMsg [playerId=1111833, prey=false, _predatorIndex=]
2009-05-03 09:26:22,747 ERROR: vampire.server.feeding.FeedingRecord sendPlayerStartGameMsg [playerId=944429, prey=true, _predatorIndex=]
2009-05-03 09:26:22,748 ERROR: vampire.server.feeding.FeedingRecord sendPlayerStartGameMsg [playerId=1170410, prey=false, _predatorIndex=]
2009-05-03 09:26:58,075 ERROR: vampire.server.feeding.FeedingRecord sendPlayerStartGameMsg [playerId=406928, prey=true, _predatorIndex=]
2009-05-03 09:26:58,076 ERROR: vampire.server.feeding.FeedingRecord sendPlayerStartGameMsg [playerId=769463, prey=false, _predatorIndex=]
2009-05-03 09:27:48,402 ERROR: vampire.server.feeding.FeedingRecord sendPlayerStartGameMsg [playerId=247992, prey=false, _predatorIndex=130627,153097,212304]
2009-05-03 09:29:27,541 ERROR: vampire.server.feeding.FeedingRecord sendPlayerStartGameMsg [playerId=564162, prey=false, _predatorIndex=]
2009-05-03 09:29:58,973 ERROR: vampire.server.feeding.FeedingRecord sendPlayerStartGameMsg [playerId=406928, prey=false, _predatorIndex=]
2009-05-03 09:29:59,972 ERROR: vampire.server.feeding.FeedingRecord sendPlayerStartGameMsg [playerId=944429, prey=false, _predatorIndex=]
2009-05-03 09:30:01,895 ERROR: vampire.server.feeding.FeedingRecord sendPlayerStartGameMsg [playerId=130627, prey=false, _predatorIndex=130627,153097,212304,247992]
2009-05-03 09:31:01,260 ERROR: vampire.server.feeding.FeedingRecord sendPlayerStartGameMsg [playerId=564162, prey=false, _predatorIndex=]

>>>>BeginStats

>>>>BeginTable
PlayerId, StartTime, EndTime, ProgenyPayout, XPFromFeeding, FeedingGames, MeanFeedingScore, BloodBond, Progeny, GrandProgeny, Sire, Level, Invites
1010692, 1241365439880, 1241366690750, 0, 1404, 5, 231.4, 70997, 14, 11, 70997, 6, 2
1012813, , , 356.65, 0, 0, 0, 0, 6, 13, 54776, , 
1021278, 1241365930855, 1241367246950, 0, 513, 3, 114.33333333333333, 0, 2, 1, 452296, 3, 
10260, , , 123.30000000000001, 0, 0, 0, 0, 7, 8, 713, , 
103144, , , 25.65, 0, 0, 0, 0, 5, 14, 116005, , 
103824, 1241363535500, 1241364482560, 0, 456, 3, 98, 0, 0, 0, 900329, 1, 
1042066, 1241365694374, 1241365904206, 0, 58, 1, 116, 0, 0, 0, 0, 1, 
1047840, 1241365886444, , 0, 667, 5, 136.8, 0, 1, 0, 408501, 4, 0
1062231, 1241363632508, 1241364607101, 0, 226, 2, 102.5, 0, 0, 0, 218716, 2, 
1062853, 1241363561217, 1241366911954, 291.45000000000005, 3829, 17, 321.4117647058824, 1138895, 7, 3, 1124214, 5, 1
1071139, 1241366213054, 1241366520771, 0, 267, 1, 267, 0, 0, 0, 153097, 1, 
1075275, 1241363827819, 1241363841803, 0, 0, 0, 0, 0, 0, 0, 0, 1, 
1084285, 1241363472031, 1241364759889, 0, 442, 3, 111, 900329, 0, 0, 769463, 3, 
1088402, 1241368248923, , 0, 0, 0, 0, 0, 0, 0, 43386, 2, 0
1088819, 1241367777819, 1241367806986, 0, 0, 0, 0, 0, 0, 0, 0, 1, 
1092321, , , 432.5, 0, 0, 0, 0, 23, 13, 35568, , 
110178, , , 133.8, 0, 0, 0, 0, 6, 11, 12770, , 
1111833, 1241367552408, , 0, 384, 2, 126.5, 0, 0, 0, 1192337, 1, 0
1112543, 1241367568133, 1241367794564, 0, 299, 2, 148.5, 0, 0, 0, 0, 1, 
1112884, 1241368233216, , 0, 0, 0, 0, 0, 0, 0, 0, 1, 0
1113223, 1241364431467, 1241364475666, 0, 0, 0, 0, 0, 0, 0, 0, 1, 
1114884, 1241363823720, 1241364320786, 0, 534, 2, 267, 0, 1, 0, 998652, 2, 
1115214, 1241363581746, 1241363595599, 0, 0, 0, 0, 0, 0, 0, 0, 1, 
1119819, 1241363659153, 1241363883818, 0, 0, 0, 0, 0, 0, 0, 0, 1, 
1122449, , , 199.90000000000003, 0, 0, 0, 0, 5, 5, 555728, , 
1124214, , , 538.8500000000001, 0, 0, 0, 0, 5, 7, 1122449, , 
112535, 1241367097901, 1241367180231, 0, 353, 1, 453, 0, 1, 1, 430717, 4, 0
112616, 1241366439715, , 0, 2219, 13, 127.46153846153847, 0, 0, 0, 174027, 3, 0
1128158, 1241367711648, , 0, 344, 2, 194.5, 0, 0, 0, 0, 1, 0
113794, , , 127.4, 0, 0, 0, 0, 3, 5, 94657, , 
1138551, 1241366648803, 1241367132199, 0, 183, 1, 134, 0, 0, 0, 1138895, 1, 
1138895, 1241365420797, 1241367132201, 18.3, 2758, 15, 164, 1062853, 1, 0, 227147, 2, 1
1138962, 1241366713187, 1241366999376, 0, 0, 0, 0, 0, 0, 0, 153097, 1, 
1139739, 1241364444587, 1241364577805, 0, 0, 0, 0, 0, 0, 0, 0, 1, 
1145721, 1241366033774, 1241366333715, 0, 0, 0, 0, 0, 0, 0, 0, 1, 
1148755, 1241366817143, , 258.35, 605, 2, 352.5, 0, 4, 1, 1092321, 3, 0
1151112, 1241364067150, 1241364210802, 0, 0, 0, 0, 0, 0, 0, 0, 1, 
1152360, 1241364262469, 1241364651795, 0, 0, 0, 0, 0, 0, 0, 70997, 2, 
1155229, 1241367661555, 1241367680501, 0, 0, 0, 0, 0, 0, 0, 0, 1, 
1156485, 1241365583832, , 0, 528, 5, 101.2, 0, 0, 0, 1092321, 1, 0
1158005, 1241365366542, 1241367805062, 0, 877, 7, 132.42857142857142, 0, 0, 0, 1192337, 1, 
1158201, 1241364638173, 1241364731174, 0, 0, 0, 0, 0, 0, 0, 0, 1, 
1161674, 1241367295006, 1241367392838, 0, 0, 0, 0, 0, 0, 0, 0, 1, 
1162674, 1241367748629, 1241367757556, 0, 0, 0, 0, 0, 0, 0, 0, 1, 
1168478, 1241367209202, , 0, 169, 1, 152, 0, 0, 0, 1124214, 1, 0
1169237, 1241368079976, , 0, 0, 0, 0, 0, 0, 0, 0, 1, 0
1170410, 1241366281422, , 0, 1083, 9, 104.11111111111111, 0, 0, 0, 944429, 2, 0
1172947, 1241367034264, 1241367153909, 0, 0, 0, 0, 0, 0, 0, 0, 1, 
1176371, 1241365791628, 1241365812426, 0, 0, 0, 0, 0, 0, 0, 0, 1, 
1178289, 1241367629908, 1241367979135, 0, 224, 2, 134.5, 0, 0, 0, 0, 1, 
1178563, 1241363832811, 1241364003419, 0, 0, 0, 0, 0, 0, 0, 0, 1, 
1190294, 1241366299482, 1241366536196, 0, 126, 1, 146, 0, 0, 0, 31330, 1, 
1192337, 1241364618330, , 238.20000000000002, 2407, 13, 223.07692307692307, 1146252, 9, 1, 1012813, 4, 0
1192866, 1241365989423, 1241366242447, 0, 499, 1, 113, 0, 0, 0, 307471, 1, 
119842, , , 11.600000000000001, 0, 0, 0, 0, 7, 0, 351626, , 
1199316, 1241365729929, 1241368060266, 0, 573, 4, 109.5, 0, 0, 0, 1192337, 1, 
1199581, 1241367760698, 1241367939065, 0, 0, 0, 0, 0, 0, 0, 0, 1, 
12, , , 90.60000000000001, 0, 0, 0, 0, 20, 121, 383387, , 
1200065, 1241364369251, 1241364446777, 0, 0, 0, 0, 0, 0, 0, 0, 1, 
1200560, 1241365962725, 1241365994158, 0, 0, 0, 0, 0, 0, 0, 0, 1, 
1201160, 1241368061507, 1241368168358, 0, 0, 0, 0, 0, 0, 0, 0, 1, 
1201508, 1241364617000, 1241364623482, 0, 0, 0, 0, 0, 0, 0, 0, 1, 
1201803, 1241364745996, 1241365032209, 0, 172, 1, 172, 0, 0, 0, 0, 1, 
1202406, 1241366979532, 1241367237999, 0, 0, 0, 0, 0, 0, 0, 0, 1, 
1203198, 1241367247712, 1241367259321, 0, 0, 0, 0, 0, 0, 0, 0, 1, 
1203489, 1241367200393, 1241367249205, 0, 0, 0, 0, 0, 0, 0, 0, 1, 
1204015, 1241367543787, 1241367583312, 0, 0, 0, 0, 0, 0, 0, 0, 1, 
124585, , , 14.45, 0, 0, 0, 0, 5, 4, 143278, , 
125207, 1241368082925, 1241368093728, 0, 0, 0, 0, 273503, 1, 0, 544643, 4, 0
1265, 1241363588954, 1241367674701, 31.5, 0, 0, 0, 0, 14, 32, 12, 16, 3
12770, , , 23.6, 0, 0, 0, 0, 23, 75, 383387, , 
129205, 1241367768051, 1241367785356, 0, 291, 3, 87.66666666666667, 0, 0, 0, 227806, 1, 0
130627, 1241366357532, , 0, 1351, 8, 186.625, 0, 8, 22, 85079, 11, 5
131657, 1241368095664, 1241368099147, 0, 0, 0, 0, 0, 0, 0, 0, 1, 0
141044, 1241367807547, , 0, 234, 2, 127, 0, 0, 0, 0, 1, 0
153097, 1241365352280, 1241367722573, 26.700000000000003, 2781, 14, 223.42857142857142, 0, 3, 0, 1062853, 3, 3
156414, 1241366917558, 1241367314017, 0, 251, 2, 125.5, 0, 0, 0, 190864, 3, 0
163362, 1241365928464, 1241366099251, 0, 0, 0, 0, 0, 1, 5, 12, 4, 0
16444, 1241364648946, 1241364782923, 0, 0, 0, 0, 0, 0, 0, 1043, 9, 1
164943, 1241366057042, 1241367414285, 0, 813, 6, 117.5, 0, 0, 0, 82321, 1, 
16825, , , 6, 0, 0, 0, 0, 14, 6, 4139, , 
169345, 1241367007139, 1241367478738, 0, 1274, 6, 156.5, 0, 1, 0, 113794, 3, 0
169408, 1241363960211, 1241366296513, 0, 0, 0, 0, 0, 3, 4, 173395, 4, 0
171145, 1241366010059, 1241367967762, 0, 315, 2, 182.5, 0, 1, 0, 1265, 4, 6
174027, , , 221.89999999999998, 0, 0, 0, 0, 2, 0, 24572, , 
174092, 1241366008752, , 0, 1199, 9, 128, 0, 0, 0, 0, 2, 0
180951, , , 15.6, 0, 0, 0, 0, 2, 7, 153510, , 
187169, 1241367015790, , 0, 472, 3, 144.66666666666666, 0, 1, 0, 110178, 1, 1
188229, , , 11.3, 0, 0, 0, 0, 2, 11, 168234, , 
190864, , , 25.1, 0, 0, 0, 0, 2, 1, 296361, , 
191704, 1241364564710, 1241364611704, 0, 0, 0, 0, 0, 0, 0, 0, 1, 
193978, , , 52.1, 0, 0, 0, 0, 4, 5, 196206, , 
195722, 1241364200875, 1241365138762, 0, 100, 1, 93, 37528, 1, 0, 208602, 6, 1
196231, , , 20.8, 0, 0, 0, 0, 5, 0, 7078, , 
198422, 1241365629360, 1241365690720, 0, 0, 0, 0, 0, 0, 0, 0, 1, 
199030, 1241367287745, 1241367297000, 0, 0, 0, 0, 0, 0, 0, 133817, 1, 0
202104, 1241365707779, 1241367717183, 0, 208, 2, 143.5, 0, 0, 0, 196231, 2, 
204546, , , 14.55, 0, 0, 0, 0, 2, 5, 7078, , 
204792, 1241364593415, , 0, 1371, 11, 119.36363636363636, 80646, 0, 0, 80646, 2, 0
208602, , , 10, 0, 0, 0, 0, 7, 2, 351626, , 
212304, 1241366078301, , 0, 868, 5, 202.6, 0, 0, 0, 1092321, 3, 0
214539, , , 14.200000000000001, 0, 0, 0, 0, 1, 2, 72070, , 
218716, 1241366941055, 1241367072226, 22.6, 0, 0, 0, 0, 11, 2, 188229, 9, 7
227147, 1241364293593, 1241364792196, 267.15, 312, 2, 145, 0, 6, 4, 238782, 5, 2
227806, , , 29.1, 0, 0, 0, 0, 2, 0, 204546, , 
23340, 1241367696971, 1241367710517, 0, 0, 0, 0, 0, 10, 14, 383387, 20, 11
238782, , , 160.20000000000002, 0, 0, 0, 0, 2, 6, 180951, , 
24572, , , 110.94999999999999, 0, 0, 0, 0, 1, 2, 108988, , 
247971, 1241366085382, 1241366479108, 0, 55, 1, 15, 0, 0, 0, 0, 1, 
247992, 1241367807813, , 0, 142, 1, 174, 0, 2, 4, 214539, 5, 4
25243, 1241364527925, 1241364802663, 0, 0, 0, 0, 0, 0, 0, 0, 1, 
256746, , , 47.150000000000006, 0, 0, 0, 0, 5, 30, 61984, , 
261567, 1241363605508, 1241363612523, 0, 0, 0, 0, 0, 31, 8, 237231, 13, 13
274529, 1241365832612, 1241366675293, 0, 1036, 9, 121.88888888888889, 0, 0, 0, 1192337, 2, 
286583, 1241367792035, 1241367830570, 0, 0, 0, 0, 0, 0, 0, 141864, 2, 0
296361, , , 12.55, 0, 0, 0, 0, 3, 11, 180570, , 
307471, 1241363490446, 1241367433743, 49.900000000000006, 499, 1, 884, 0, 4, 16, 12, 9, 1
31330, , , 12.600000000000001, 0, 0, 0, 0, 1, 0, 1192337, , 
314868, 1241367225103, 1241367599344, 0, 0, 0, 0, 0, 0, 0, 187169, 1, 
315071, 1241364172760, 1241365250461, 0, 593, 5, 114.8, 0, 0, 0, 900329, 2, 0
32169, 1241367233050, 1241368222571, 0, 1233, 4, 312.75, 219, 7, 0, 10260, 12, 4
338409, , , 11.3, 0, 0, 0, 0, 4, 4, 65584, , 
340234, 1241366747827, 1241366762690, 0, 0, 0, 0, 0, 0, 0, 0, 1, 
351626, , , 10.8, 0, 0, 0, 0, 7, 15, 183403, , 
35568, , , 159.2, 0, 0, 0, 0, 1, 23, 258951, , 
383249, , , 111.05, 0, 0, 0, 0, 4, 1, 193978, , 
383387, , , 24.950000000000003, 0, 0, 0, 0, 6, 56, 0, , 
384703, , , 5.15, 0, 0, 0, 0, 2, 7, 338481, , 
397835, , , 70.20000000000002, 0, 0, 0, 0, 5, 25, 47379, , 
40081, 1241365258233, 1241366698128, 0, 116, 2, 107.5, 0, 0, 0, 119842, 1, 
406928, 1241366714656, , 0, 1024, 7, 150, 0, 0, 0, 1148755, 2, 0
408501, , , 66.7, 0, 0, 0, 0, 6, 14, 637936, , 
409656, , , 10.3, 0, 0, 0, 0, 7, 0, 384703, , 
4139, , , 3, 0, 0, 0, 0, 21, 23, 713, , 
415271, 1241365845483, 1241366814208, 0, 289, 2, 158, 0, 10, 2, 66689, 4, 0
430717, , , 94.30000000000001, 0, 0, 0, 0, 30, 2, 256746, , 
431598, 1241364682094, 1241366014161, 0, 226, 1, 146, 639914, 0, 0, 921283, 3, 0
43402, , , 67.55, 0, 0, 0, 0, 11, 12, 123961, , 
438751, 1241366557359, 1241366726394, 0, 0, 0, 0, 0, 4, 0, 210163, 5, 1
446342, 1241367631538, , 0, 0, 0, 0, 0, 0, 0, 346096, 2, 0
452296, , , 51.3, 0, 0, 0, 0, 7, 4, 103144, , 
47445, 1241367076428, 1241367087034, 0, 0, 0, 0, 72522, 7, 6, 2843, 12, 2
480066, 1241367643057, 1241367660750, 0, 0, 0, 0, 0, 0, 0, 507656, 1, 0
48126, 1241363652955, 1241363657073, 0, 0, 0, 0, 0, 5, 1, 145896, 7, 6
48163, 1241368164153, , 0, 2030, 12, 122.25, 0, 0, 0, 900329, 2, 0
48787, 1241363753214, 1241363845702, 0, 0, 0, 0, 0, 0, 0, 0, 1, 
502119, , , 33.050000000000004, 0, 0, 0, 0, 8, 12, 22707, , 
53030, , , 7.300000000000001, 0, 0, 0, 0, 9, 6, 122907, , 
538748, , , 14.600000000000001, 0, 0, 0, 0, 1, 5, 53030, , 
543921, 1241363708609, 1241367972137, 0, 1183, 7, 138.28571428571428, 0, 8, 0, 1092321, 4, 0
546523, 1241365450935, 1241365928921, 0, 103, 1, 77, 0, 0, 0, 409656, 1, 0
54776, 1241364781552, 1241367296911, 132.65, 0, 0, 0, 1062, 70, 31, 89757, 15, 3
55022, 1241366523010, 1241368088992, 0, 146, 1, 166, 0, 5, 0, 538748, 3, 
564162, 1241368053893, , 0, 0, 0, 0, 176275, 2, 0, 141364, 6, 1
57717, , , 213.85000000000002, 0, 0, 0, 0, 4, 10, 110178, , 
578918, 1241364205584, 1241364521408, 0, 0, 0, 0, 0, 2, 0, 179326, 3, 0
611789, 1241367847291, 1241367850250, 0, 0, 0, 0, 0, 0, 0, 0, 2, 
634607, 1241367142908, , 0, 123, 1, 123, 0, 2, 0, 54776, 4, 0
636873, 1241367289655, , 0, 0, 0, 0, 0, 0, 0, 1892, 2, 0
637936, , , 33.35, 0, 0, 0, 0, 3, 6, 217283, , 
66689, , , 28.9, 0, 0, 0, 0, 4, 10, 124585, , 
69841, 1241367187167, , 0, 60, 1, 120, 0, 0, 0, 16825, 2, 0
70557, , , 242.15, 0, 0, 0, 0, 5, 23, 502119, , 
7078, , , 10.4, 0, 0, 0, 0, 9, 18, 177916, , 
70997, , , 140.40000000000003, 0, 0, 0, 0, 25, 29, 397835, , 
713, , , 61.650000000000006, 0, 0, 0, 0, 10, 65, 12, , 
72070, , , 7.1000000000000005, 0, 0, 0, 0, 5, 8, 36, , 
74412, 1241368038603, , 0, 0, 0, 0, 171193, 0, 0, 102613, 4, 0
769463, 1241367310469, , 0, 590, 4, 146.25, 208692, 1, 0, 430717, 4, 0
80646, 1241365719958, , 60.3, 1564, 12, 138.25, 204792, 1, 0, 1148755, 4, 0
82321, 1241365055212, , 81.30000000000001, 1732, 7, 392.2857142857143, 138183, 6, 34, 57717, 11, 2
85079, , , 135.1, 0, 0, 0, 0, 4, 11, 43402, , 
85132, 1241367941632, 1241368057702, 0, 0, 0, 0, 0, 2, 0, 42736, 2, 2
862584, 1241367795321, 1241368013837, 0, 0, 0, 0, 0, 0, 0, 0, 1, 
868186, 1241366154950, 1241366315343, 0, 0, 0, 0, 298666, 1, 0, 210163, 5, 1
89757, , , 6.15, 0, 0, 0, 0, 3, 73, 20260, , 
900329, 1241363468005, 1241364692222, 352.1, 661, 4, 250.5, 1084285, 23, 5, 70557, 8, 2
921283, , , 22.6, 0, 0, 0, 0, 4, 0, 338409, , 
944429, 1241367394813, , 13.700000000000001, 1042, 4, 279.75, 0, 1, 0, 383249, 3, 0
94657, , , 63.7, 0, 0, 0, 0, 1, 3, 163484, , 
95038, 1241364951736, 1241364976142, 0, 0, 0, 0, 0, 0, 0, 0, 1, 
98566, 1241367324064, 1241367334635, 0, 0, 0, 0, 0, 0, 0, 0, 1, 
990799, , , 26.700000000000003, 0, 0, 0, 0, 5, 9, 836417, , 
998652, , , 53.400000000000006, 0, 0, 0, 0, 3, 6, 990799, , 
<<<<EndTable

PlayersOnlineNow=31
PlayersOnlineEachMinute=0, 3, 7, 7, 9, 11, 13, 12, 12, 12, 12, 13, 15, 16, 18, 17, 18, 18, 17, 19, 19, 19, 18, 16, 16, 17, 17, 20, 18, 19, 18, 18, 20, 22, 23, 23, 25, 26, 28, 28, 28, 27, 29, 31, 33, 34, 35, 35, 33, 34, 35, 34, 35, 35, 31, 32, 31, 32, 32, 34, 37, 36, 34, 36, 36, 36, 35, 33, 33, 31, 36, 32, 33, 35, 35, 33, 30, 32, 30, 30
PlayersInEachFeedingGame=3, 2, 1, 1, 1, 2, 1, 2, 2, 2, 2, 2, 2, 2, 2, 2, 1, 1, 2, 1, 2, 1, 2, 2, 2, 2, 2, 1, 2, 2, 1, 2, 2, 2, 2, 2, 2, 1, 3, 1, 1, 2, 1, 2, 1, 2, 2, 2, 1, 2, 2, 2, 1, 2, 2, 2, 2, 1, 2, 2, 2, 1, 2, 2, 2, 2, 1, 3, 2, 2, 2, 1, 2, 1, 1, 1, 1, 3, 2, 2, 2, 1, 2, 2, 2, 2, 2, 2, 2, 2, 2, 2, 2, 1, 2, 2, 2, 1, 2, 2, 2, 2, 2, 2, 2, 2, 2, 2, 1, 1, 1, 1
PlayersStarted=187
PlayersQuit=156
StatsStartTime=1241363466672
StatsDumpTime=1241368266932
<<<<EndStats
2009-05-03 09:31:35,621 ERROR: vampire.server.feeding.FeedingRecord sendPlayerStartGameMsg [playerId=1128158, prey=true, _predatorIndex=]
2009-05-03 09:31:35,621 ERROR: vampire.server.feeding.FeedingRecord sendPlayerStartGameMsg [playerId=174092, prey=false, _predatorIndex=]
2009-05-03 09:32:05,204 ERROR: vampire.server.feeding.FeedingRecord sendPlayerStartGameMsg [playerId=769463, prey=true, _predatorIndex=]
2009-05-03 09:32:05,204 ERROR: vampire.server.feeding.FeedingRecord sendPlayerStartGameMsg [playerId=1088402, prey=false, _predatorIndex=]
2009-05-03 09:32:18,684 ERROR: vampire.server.feeding.FeedingRecord sendPlayerStartGameMsg [playerId=142394, prey=true, _predatorIndex=]
2009-05-03 09:32:18,684 ERROR: vampire.server.feeding.FeedingRecord sendPlayerStartGameMsg [playerId=944429, prey=false, _predatorIndex=]
2009-05-03 09:32:18,800 ERROR: vampire.server.feeding.FeedingRecord sendPlayerStartGameMsg [playerId=1168478, prey=false, _predatorIndex=944429]
2009-05-03 09:32:58,010 ERROR: vampire.server.feeding.FeedingRecord sendPlayerStartGameMsg [playerId=130627, prey=true, _predatorIndex=]
2009-05-03 09:32:58,010 ERROR: vampire.server.feeding.FeedingRecord sendPlayerStartGameMsg [playerId=1192337, prey=false, _predatorIndex=]
2009-05-03 09:33:11,455 ERROR: vampire.server.feeding.FeedingRecord sendPlayerStartGameMsg [playerId=446342, prey=false, _predatorIndex=]
2009-05-03 09:33:12,666 ERROR: vampire.server.feeding.FeedingRecord sendPlayerStartGameMsg [playerId=1148755, prey=true, _predatorIndex=]
2009-05-03 09:33:12,667 ERROR: vampire.server.feeding.FeedingRecord sendPlayerStartGameMsg [playerId=1112884, prey=false, _predatorIndex=]
2009-05-03 09:33:14,617 ERROR: vampire.server.feeding.FeedingRecord sendPlayerStartGameMsg [playerId=1169237, prey=false, _predatorIndex=]
2009-05-03 09:33:15,765 ERROR: vampire.server.feeding.FeedingRecord sendPlayerStartGameMsg [playerId=564162, prey=false, _predatorIndex=]
2009-05-03 09:33:18,247 ERROR: vampire.server.feeding.FeedingRecord sendPlayerStartGameMsg [playerId=86614, prey=false, _predatorIndex=1169237]
2009-05-03 09:33:38,751 ERROR: vampire.server.feeding.FeedingRecord sendPlayerStartGameMsg [playerId=86614, prey=false, _predatorIndex=]
2009-05-03 09:33:56,561 ERROR: vampire.server.feeding.FeedingRecord sendPlayerStartGameMsg [playerId=1112884, prey=false, _predatorIndex=1112884]
2009-05-03 09:34:43,929 ERROR: vampire.server.feeding.FeedingRecord sendPlayerStartGameMsg [playerId=63951, prey=true, _predatorIndex=]
2009-05-03 09:34:43,930 ERROR: vampire.server.feeding.FeedingRecord sendPlayerStartGameMsg [playerId=142394, prey=false, _predatorIndex=]
2009-05-03 09:34:55,424 ERROR: vampire.server.feeding.FeedingRecord sendPlayerStartGameMsg [playerId=174092, prey=true, _predatorIndex=]
2009-05-03 09:34:55,424 ERROR: vampire.server.feeding.FeedingRecord sendPlayerStartGameMsg [playerId=1128158, prey=false, _predatorIndex=]
2009-05-03 09:34:58,112 ERROR: vampire.server.feeding.FeedingRecord sendPlayerStartGameMsg [playerId=1112884, prey=false, _predatorIndex=1112884]
2009-05-03 09:35:13,656 ERROR: vampire.server.feeding.FeedingRecord sendPlayerStartGameMsg [playerId=116180, prey=true, _predatorIndex=]
2009-05-03 09:35:13,656 ERROR: vampire.server.feeding.FeedingRecord sendPlayerStartGameMsg [playerId=247992, prey=false, _predatorIndex=]
2009-05-03 09:35:29,673 ERROR: vampire.server.feeding.FeedingRecord sendPlayerStartGameMsg [playerId=1088402, prey=true, _predatorIndex=]
2009-05-03 09:35:29,673 ERROR: vampire.server.feeding.FeedingRecord sendPlayerStartGameMsg [playerId=1168478, prey=false, _predatorIndex=]
2009-05-03 09:35:40,115 ERROR: vampire.server.feeding.FeedingRecord sendPlayerStartGameMsg [playerId=1192337, prey=true, _predatorIndex=]
2009-05-03 09:35:40,116 ERROR: vampire.server.feeding.FeedingRecord sendPlayerStartGameMsg [playerId=130627, prey=false, _predatorIndex=]
2009-05-03 09:36:01,145 ERROR: vampire.server.feeding.FeedingRecord sendPlayerStartGameMsg [playerId=86614, prey=false, _predatorIndex=]
2009-05-03 09:36:11,159 ERROR: vampire.server.feeding.FeedingRecord sendPlayerStartGameMsg [playerId=112616, prey=true, _predatorIndex=]
2009-05-03 09:36:11,160 ERROR: vampire.server.feeding.FeedingRecord sendPlayerStartGameMsg [playerId=944429, prey=false, _predatorIndex=]
2009-05-03 09:36:50,928 ERROR: vampire.server.feeding.FeedingRecord sendPlayerStartGameMsg [playerId=769463, prey=true, _predatorIndex=]
2009-05-03 09:36:50,929 ERROR: vampire.server.feeding.FeedingRecord sendPlayerStartGameMsg [playerId=1169237, prey=false, _predatorIndex=]
2009-05-03 09:36:57,848 ERROR: vampire.server.feeding.FeedingRecord sendPlayerStartGameMsg [playerId=48064, prey=false, _predatorIndex=446342]
2009-05-03 09:37:05,528 ERROR: vampire.server.feeding.FeedingRecord sendPlayerStartGameMsg [playerId=1201160, prey=true, _predatorIndex=]
2009-05-03 09:37:05,529 ERROR: vampire.server.feeding.FeedingRecord sendPlayerStartGameMsg [playerId=447249, prey=false, _predatorIndex=]
2009-05-03 09:37:18,473 ERROR: vampire.server.feeding.FeedingRecord sendPlayerStartGameMsg [playerId=1148755, prey=true, _predatorIndex=]
2009-05-03 09:37:18,474 ERROR: vampire.server.feeding.FeedingRecord sendPlayerStartGameMsg [playerId=1112884, prey=false, _predatorIndex=]
2009-05-03 09:38:56,542 ERROR: vampire.server.feeding.FeedingRecord sendPlayerStartGameMsg [playerId=1088402, prey=true, _predatorIndex=]
2009-05-03 09:38:56,542 ERROR: vampire.server.feeding.FeedingRecord sendPlayerStartGameMsg [playerId=447249, prey=false, _predatorIndex=]
2009-05-03 09:39:41,311 ERROR: vampire.server.feeding.FeedingRecord sendPlayerStartGameMsg [playerId=1169237, prey=false, _predatorIndex=]
2009-05-03 09:39:47,971 ERROR: vampire.server.feeding.FeedingRecord sendPlayerStartGameMsg [playerId=116180, prey=false, _predatorIndex=]
2009-05-03 09:40:00,414 ERROR: vampire.server.feeding.FeedingRecord sendPlayerStartGameMsg [playerId=141044, prey=true, _predatorIndex=]
2009-05-03 09:40:00,415 ERROR: vampire.server.feeding.FeedingRecord sendPlayerStartGameMsg [playerId=1168478, prey=false, _predatorIndex=]
2009-05-03 09:40:03,105 ERROR: vampire.server.feeding.FeedingRecord sendPlayerStartGameMsg [playerId=1148755, prey=true, _predatorIndex=]
2009-05-03 09:40:03,106 ERROR: vampire.server.feeding.FeedingRecord sendPlayerStartGameMsg [playerId=1112884, prey=false, _predatorIndex=]
2009-05-03 09:40:44,114 ERROR: vampire.server.feeding.FeedingRecord sendPlayerStartGameMsg [playerId=1112543, prey=false, _predatorIndex=]

>>>>BeginStats

>>>>BeginTable
PlayerId, StartTime, EndTime, ProgenyPayout, XPFromFeeding, FeedingGames, MeanFeedingScore, BloodBond, Progeny, GrandProgeny, Sire, Level, Invites
1010692, 1241365439880, 1241366690750, 0, 1404, 5, 231.4, 70997, 14, 11, 70997, 6, 2
1012813, , , 448.15, 0, 0, 0, 0, 6, 13, 54776, , 
1021278, 1241365930855, 1241367246950, 0, 513, 3, 114.33333333333333, 0, 2, 1, 452296, 3, 
10260, , , 123.30000000000001, 0, 0, 0, 0, 7, 8, 713, , 
103144, , , 25.65, 0, 0, 0, 0, 5, 14, 116005, , 
1032648, 1241368790759, , 0, 0, 0, 0, 0, 4, 0, 234337, 4, 4
103824, 1241363535500, 1241364482560, 0, 456, 3, 98, 0, 0, 0, 900329, 1, 
1042066, 1241365694374, 1241365904206, 0, 58, 1, 116, 0, 0, 0, 0, 1, 
1047840, 1241365886444, , 0, 667, 5, 136.8, 0, 1, 0, 408501, 4, 0
1062231, 1241363632508, 1241364607101, 0, 226, 2, 102.5, 0, 0, 0, 218716, 2, 
1062853, 1241363561217, 1241366911954, 291.45000000000005, 3829, 17, 321.4117647058824, 1138895, 7, 3, 1124214, 5, 1
1071139, 1241366213054, 1241366520771, 0, 267, 1, 267, 0, 0, 0, 153097, 1, 
1075275, 1241363827819, 1241363841803, 0, 0, 0, 0, 0, 0, 0, 0, 1, 
1084285, 1241363472031, 1241364759889, 0, 442, 3, 111, 900329, 0, 0, 769463, 3, 
1088402, 1241368248923, , 0, 319, 2, 185, 0, 0, 0, 43386, 2, 0
1088819, 1241367777819, 1241367806986, 0, 0, 0, 0, 0, 0, 0, 0, 1, 
1092321, , , 541.3, 0, 0, 0, 0, 23, 13, 35568, , 
110178, , , 133.8, 0, 0, 0, 0, 6, 11, 12770, , 
1111833, 1241367552408, 1241368572077, 0, 384, 2, 126.5, 0, 0, 0, 1192337, 1, 
1112543, 1241368589336, , 0, 299, 2, 148.5, 0, 0, 0, 0, 1, 0
1112884, 1241368233216, , 0, 0, 0, 0, 0, 0, 0, 0, 1, 0
1113223, 1241364431467, 1241364475666, 0, 0, 0, 0, 0, 0, 0, 0, 1, 
1114884, 1241363823720, 1241364320786, 0, 534, 2, 267, 0, 1, 0, 998652, 2, 
1115214, 1241363581746, 1241363595599, 0, 0, 0, 0, 0, 0, 0, 0, 1, 
1119819, 1241363659153, 1241363883818, 0, 0, 0, 0, 0, 0, 0, 0, 1, 
1122449, , , 214.65000000000003, 0, 0, 0, 0, 5, 5, 555728, , 
1124214, , , 568.3500000000001, 0, 0, 0, 0, 5, 7, 1122449, , 
112535, 1241367097901, 1241367180231, 0, 353, 1, 453, 0, 1, 1, 430717, 4, 0
112616, 1241366439715, , 0, 2647, 16, 124.5625, 0, 0, 0, 174027, 3, 0
1128158, 1241367711648, , 0, 838, 5, 175.6, 0, 0, 0, 0, 1, 0
113794, , , 127.4, 0, 0, 0, 0, 3, 5, 94657, , 
1138551, 1241366648803, 1241367132199, 0, 183, 1, 134, 0, 0, 0, 1138895, 1, 
1138895, 1241365420797, 1241367132201, 18.3, 2758, 15, 164, 1062853, 1, 0, 227147, 2, 1
1138962, 1241366713187, 1241366999376, 0, 0, 0, 0, 0, 0, 0, 153097, 1, 
1139739, 1241364444587, 1241364577805, 0, 0, 0, 0, 0, 0, 0, 0, 1, 
1145599, 1241368477697, 1241368834801, 0, 0, 0, 0, 0, 0, 0, 0, 1, 
1145721, 1241366033774, 1241366333715, 0, 0, 0, 0, 0, 0, 0, 0, 1, 
1148755, 1241366817143, , 274.35, 877, 4, 311.75, 0, 4, 1, 1092321, 4, 0
1151112, 1241364067150, 1241364210802, 0, 0, 0, 0, 0, 0, 0, 0, 1, 
1152360, 1241364262469, 1241364651795, 0, 0, 0, 0, 0, 0, 0, 70997, 2, 
1155229, 1241367661555, 1241367680501, 0, 0, 0, 0, 0, 0, 0, 0, 1, 
1156485, 1241365583832, , 0, 993, 9, 100.33333333333333, 141044, 0, 0, 1092321, 2, 0
1158005, 1241365366542, 1241367805062, 0, 877, 7, 132.42857142857142, 0, 0, 0, 1192337, 1, 
1158201, 1241364638173, 1241364731174, 0, 0, 0, 0, 0, 0, 0, 0, 1, 
1161674, 1241367295006, 1241367392838, 0, 0, 0, 0, 0, 0, 0, 0, 1, 
116180, 1241368477258, , 0, 198, 1, 104, 0, 0, 0, 0, 1, 0
1162674, 1241367748629, 1241367757556, 0, 0, 0, 0, 0, 0, 0, 0, 1, 
1168478, 1241367209202, , 0, 464, 3, 153, 0, 0, 0, 1124214, 1, 0
1169237, 1241368079976, , 0, 245, 2, 188, 0, 0, 0, 0, 1, 0
1170410, 1241366281422, 1241368327162, 0, 1083, 9, 104.11111111111111, 0, 0, 0, 944429, 2, 
1172947, 1241367034264, 1241367153909, 0, 0, 0, 0, 0, 0, 0, 0, 1, 
1176371, 1241365791628, 1241365812426, 0, 0, 0, 0, 0, 0, 0, 0, 1, 
1178289, 1241367629908, 1241367979135, 0, 224, 2, 134.5, 0, 0, 0, 0, 1, 
1178563, 1241363832811, 1241364003419, 0, 0, 0, 0, 0, 0, 0, 0, 1, 
1190294, 1241366299482, 1241366536196, 0, 126, 1, 146, 0, 0, 0, 31330, 1, 
1192337, 1241364618330, 1241368838357, 238.20000000000002, 3322, 16, 240.875, 1146252, 9, 1, 1012813, 4, 
1192866, 1241365989423, 1241366242447, 0, 499, 1, 113, 0, 0, 0, 307471, 1, 
119842, , , 11.600000000000001, 0, 0, 0, 0, 7, 0, 351626, , 
1199316, 1241365729929, 1241368060266, 0, 573, 4, 109.5, 0, 0, 0, 1192337, 1, 
1199581, 1241367760698, 1241367939065, 0, 0, 0, 0, 0, 0, 0, 0, 1, 
12, , , 90.60000000000001, 0, 0, 0, 0, 20, 121, 383387, , 
1200065, 1241364369251, 1241364446777, 0, 0, 0, 0, 0, 0, 0, 0, 1, 
1200560, 1241365962725, 1241365994158, 0, 0, 0, 0, 0, 0, 0, 0, 1, 
1201160, 1241368287135, , 0, 0, 0, 0, 0, 0, 0, 0, 1, 0
1201508, 1241364617000, 1241364623482, 0, 0, 0, 0, 0, 0, 0, 0, 1, 
1201803, 1241364745996, 1241365032209, 0, 172, 1, 172, 0, 0, 0, 0, 1, 
1202406, 1241366979532, 1241367237999, 0, 0, 0, 0, 0, 0, 0, 0, 1, 
1203198, 1241367247712, 1241367259321, 0, 0, 0, 0, 0, 0, 0, 0, 1, 
1203489, 1241367200393, 1241367249205, 0, 0, 0, 0, 0, 0, 0, 0, 1, 
1203966, 1241368722303, 1241368794365, 0, 0, 0, 0, 0, 0, 0, 0, 1, 
1204015, 1241367543787, 1241367583312, 0, 0, 0, 0, 0, 0, 0, 0, 1, 
124585, , , 14.45, 0, 0, 0, 0, 5, 4, 143278, , 
125207, 1241368082925, 1241368093728, 0, 0, 0, 0, 273503, 1, 0, 544643, 4, 0
1265, 1241363588954, 1241367674701, 31.5, 0, 0, 0, 0, 14, 32, 12, 16, 3
12770, , , 23.6, 0, 0, 0, 0, 23, 75, 383387, , 
129205, 1241367768051, 1241367785356, 0, 291, 3, 87.66666666666667, 0, 0, 0, 227806, 1, 0
130244, , , 15.95, 0, 0, 0, 0, 3, 10, 237967, , 
130627, 1241366357532, , 0, 2266, 11, 215.36363636363637, 0, 8, 22, 85079, 11, 5
131657, 1241368095664, 1241368099147, 0, 0, 0, 0, 0, 0, 0, 0, 1, 0
141044, 1241367807547, , 0, 699, 6, 131, 1156485, 0, 0, 0, 1, 0
141364, , , 25.5, 0, 0, 0, 0, 6, 2, 16514, , 
142394, 1241368465895, 1241368677364, 0, 101, 1, 103, 0, 0, 0, 63951, 1, 0
152578, 1241368804624, , 0, 0, 0, 0, 238356, 0, 0, 208699, 4, 1
153097, 1241365352280, 1241367722573, 26.700000000000003, 2781, 14, 223.42857142857142, 0, 3, 0, 1062853, 3, 3
156414, 1241366917558, 1241367314017, 0, 251, 2, 125.5, 0, 0, 0, 190864, 3, 0
163362, 1241365928464, 1241366099251, 0, 0, 0, 0, 0, 1, 5, 12, 4, 0
16444, 1241364648946, 1241364782923, 0, 0, 0, 0, 0, 0, 0, 1043, 9, 1
164943, 1241366057042, 1241367414285, 0, 813, 6, 117.5, 0, 0, 0, 82321, 1, 
16514, , , 12.75, 0, 0, 0, 0, 4, 8, 1062, , 
16825, , , 6, 0, 0, 0, 0, 14, 6, 4139, , 
169345, 1241367007139, 1241367478738, 0, 1274, 6, 156.5, 0, 1, 0, 113794, 3, 0
169408, 1241363960211, 1241366296513, 0, 0, 0, 0, 0, 3, 4, 173395, 4, 0
171145, 1241366010059, 1241367967762, 0, 315, 2, 182.5, 0, 1, 0, 1265, 4, 6
174027, , , 264.7, 0, 0, 0, 0, 2, 0, 24572, , 
174092, 1241366008752, , 0, 1693, 12, 137.41666666666666, 0, 0, 0, 0, 2, 0
180951, , , 15.6, 0, 0, 0, 0, 2, 7, 153510, , 
187169, 1241367015790, 1241368453217, 0, 472, 3, 144.66666666666666, 0, 1, 0, 110178, 1, 1
188229, , , 11.3, 0, 0, 0, 0, 2, 11, 168234, , 
1892, , , 41.800000000000004, 0, 0, 0, 0, 19, 6, 995, , 
190864, , , 25.1, 0, 0, 0, 0, 2, 1, 296361, , 
191704, 1241364564710, 1241364611704, 0, 0, 0, 0, 0, 0, 0, 0, 1, 
193978, , , 74.45, 0, 0, 0, 0, 4, 5, 196206, , 
195722, 1241364200875, 1241365138762, 0, 100, 1, 93, 37528, 1, 0, 208602, 6, 1
196231, , , 20.8, 0, 0, 0, 0, 5, 0, 7078, , 
198422, 1241365629360, 1241365690720, 0, 0, 0, 0, 0, 0, 0, 0, 1, 
199030, 1241367287745, 1241367297000, 0, 0, 0, 0, 0, 0, 0, 133817, 1, 0
202104, 1241365707779, 1241367717183, 0, 208, 2, 143.5, 0, 0, 0, 196231, 2, 
204546, , , 14.55, 0, 0, 0, 0, 2, 5, 7078, , 
204792, 1241364593415, , 0, 1371, 11, 119.36363636363636, 80646, 0, 0, 80646, 2, 0
208602, , , 10, 0, 0, 0, 0, 7, 3, 351626, , 
212304, 1241366078301, 1241368689011, 0, 1139, 7, 186.14285714285714, 0, 0, 0, 1092321, 4, 0
214539, , , 61.10000000000001, 0, 0, 0, 0, 1, 2, 72070, , 
218716, 1241366941055, 1241367072226, 22.6, 0, 0, 0, 0, 11, 2, 188229, 9, 7
227147, 1241364293593, 1241364792196, 267.15, 312, 2, 145, 0, 6, 4, 238782, 5, 2
227806, , , 29.1, 0, 0, 0, 0, 2, 0, 204546, , 
227953, , , 10.350000000000001, 0, 0, 0, 0, 2, 4, 320570, , 
23340, 1241367696971, 1241367710517, 0, 0, 0, 0, 0, 10, 14, 383387, 20, 11
238782, , , 160.20000000000002, 0, 0, 0, 0, 2, 6, 180951, , 
24572, , , 132.35, 0, 0, 0, 0, 1, 2, 108988, , 
247971, 1241366085382, 1241366479108, 0, 55, 1, 15, 0, 0, 0, 0, 1, 
247992, 1241367807813, 1241368663362, 0, 611, 4, 192.5, 0, 2, 4, 214539, 5, 4
25243, 1241364527925, 1241364802663, 0, 0, 0, 0, 0, 0, 0, 0, 1, 
256746, , , 54.75000000000001, 0, 0, 0, 0, 5, 30, 61984, , 
261567, 1241363605508, 1241363612523, 0, 0, 0, 0, 0, 31, 8, 237231, 13, 13
274529, 1241365832612, 1241366675293, 0, 1036, 9, 121.88888888888889, 0, 0, 0, 1192337, 2, 
285875, 1241368340212, 1241368370116, 0, 0, 0, 0, 0, 0, 0, 395300, 1, 0
286583, 1241367792035, 1241367830570, 0, 0, 0, 0, 0, 0, 0, 141864, 2, 0
296361, , , 12.55, 0, 0, 0, 0, 3, 11, 180570, , 
307471, 1241363490446, 1241367433743, 49.900000000000006, 499, 1, 884, 0, 4, 16, 12, 9, 1
31330, , , 12.600000000000001, 0, 0, 0, 0, 1, 0, 1192337, , 
314868, 1241367225103, 1241367599344, 0, 0, 0, 0, 0, 0, 0, 187169, 1, 
315071, 1241364172760, 1241365250461, 0, 593, 5, 114.8, 0, 0, 0, 900329, 2, 0
32169, 1241367233050, 1241368222571, 0, 1233, 4, 312.75, 219, 7, 0, 10260, 12, 4
338409, , , 11.3, 0, 0, 0, 0, 4, 4, 65584, , 
340234, 1241366747827, 1241366762690, 0, 0, 0, 0, 0, 0, 0, 0, 1, 
346096, , , 20.700000000000003, 0, 0, 0, 0, 2, 0, 227953, , 
351626, , , 10.8, 0, 0, 0, 0, 7, 15, 183403, , 
35568, , , 209.59999999999997, 0, 0, 0, 0, 1, 23, 258951, , 
383249, , , 155.75, 0, 0, 0, 0, 4, 1, 193978, , 
383387, , , 24.950000000000003, 0, 0, 0, 0, 6, 56, 0, , 
384703, , , 5.15, 0, 0, 0, 0, 2, 7, 338481, , 
397835, , , 70.20000000000002, 0, 0, 0, 0, 5, 25, 47379, , 
40081, 1241365258233, 1241366698128, 0, 116, 2, 107.5, 0, 0, 0, 119842, 1, 
406928, 1241366714656, 1241368645932, 0, 1184, 8, 151.25, 0, 0, 0, 1148755, 2, 0
408501, , , 66.7, 0, 0, 0, 0, 6, 14, 637936, , 
409656, , , 10.3, 0, 0, 0, 0, 7, 0, 384703, , 
4139, , , 3, 0, 0, 0, 0, 21, 23, 713, , 
415271, 1241365845483, 1241366814208, 0, 289, 2, 158, 0, 10, 2, 66689, 4, 0
430717, , , 109.50000000000001, 0, 0, 0, 0, 30, 2, 256746, , 
431598, 1241364682094, 1241366014161, 0, 226, 1, 146, 639914, 0, 0, 921283, 3, 0
43386, , , 31.9, 0, 0, 0, 0, 4, 2, 130244, , 
43402, , , 113.3, 0, 0, 0, 0, 11, 12, 123961, , 
438751, 1241366557359, 1241366726394, 0, 0, 0, 0, 0, 4, 0, 210163, 5, 1
446342, 1241367631538, 1241368855095, 0, 207, 2, 103.5, 0, 0, 0, 346096, 2, 0
447249, 1241368572724, , 0, 0, 0, 0, 10642, 3, 3, 199427, 13, 2
452296, , , 51.3, 0, 0, 0, 0, 7, 4, 103144, , 
47445, 1241367076428, 1241367087034, 0, 0, 0, 0, 72522, 7, 6, 2843, 12, 2
480066, 1241367643057, 1241367660750, 0, 0, 0, 0, 0, 0, 0, 507656, 1, 0
48064, 1241368583758, 1241368812210, 0, 0, 0, 0, 0, 0, 0, 132646, 2, 
480870, 1241368543248, , 0, 0, 0, 0, 0, 0, 0, 0, 1, 0
48126, 1241363652955, 1241363657073, 0, 0, 0, 0, 0, 5, 1, 145896, 7, 6
48163, 1241368164153, 1241368416640, 0, 2030, 12, 122.25, 0, 0, 0, 900329, 2, 
48787, 1241363753214, 1241363845702, 0, 0, 0, 0, 0, 0, 0, 0, 1, 
502119, , , 33.050000000000004, 0, 0, 0, 0, 8, 12, 22707, , 
53030, , , 7.300000000000001, 0, 0, 0, 0, 9, 6, 122907, , 
538748, , , 14.600000000000001, 0, 0, 0, 0, 1, 5, 53030, , 
543921, 1241363708609, 1241367972137, 0, 1183, 7, 138.28571428571428, 0, 8, 0, 1092321, 4, 0
546523, 1241365450935, 1241365928921, 0, 103, 1, 77, 0, 0, 0, 409656, 1, 0
54776, 1241368401283, , 193.55, 0, 0, 0, 1062, 70, 32, 89757, 15, 3
55022, 1241366523010, 1241368088992, 0, 146, 1, 166, 0, 5, 0, 538748, 3, 
564162, 1241368053893, 1241368767896, 0, 255, 2, 127.5, 176275, 2, 0, 141364, 6, 1
57717, , , 213.85000000000002, 0, 0, 0, 0, 4, 10, 110178, , 
578918, 1241364205584, 1241364521408, 0, 0, 0, 0, 0, 2, 0, 179326, 3, 0
611789, 1241367847291, 1241367850250, 0, 0, 0, 0, 0, 0, 0, 0, 2, 
634607, 1241367142908, , 0, 123, 1, 123, 0, 2, 0, 54776, 4, 0
636873, 1241367289655, 1241368702635, 0, 0, 0, 0, 0, 0, 0, 1892, 2, 
637936, , , 33.35, 0, 0, 0, 0, 3, 6, 217283, , 
63951, 1241368431446, , 10.100000000000001, 101, 1, 99, 0, 1, 0, 54776, 2, 0
66689, , , 28.9, 0, 0, 0, 0, 4, 10, 124585, , 
69841, 1241367187167, 1241368268088, 0, 60, 1, 120, 0, 0, 0, 16825, 2, 
70557, , , 242.15, 0, 0, 0, 0, 5, 23, 502119, , 
7078, , , 10.4, 0, 0, 0, 0, 9, 18, 177916, , 
70997, , , 140.40000000000003, 0, 0, 0, 0, 25, 29, 397835, , 
713, , , 61.650000000000006, 0, 0, 0, 0, 10, 65, 12, , 
72070, , , 30.550000000000004, 0, 0, 0, 0, 5, 8, 36, , 
74412, 1241368436180, 1241368742052, 0, 0, 0, 0, 171193, 0, 0, 102613, 4, 0
769463, 1241367310469, , 0, 742, 5, 137.8, 208692, 1, 0, 430717, 4, 0
80646, 1241365719958, , 60.3, 1564, 12, 138.25, 204792, 1, 0, 1148755, 4, 0
82321, 1241365055212, 1241368641051, 81.30000000000001, 1732, 7, 392.2857142857143, 138183, 6, 34, 57717, 11, 2
85079, , , 226.6, 0, 0, 0, 0, 4, 11, 43402, , 
85132, 1241367941632, 1241368057702, 0, 0, 0, 0, 0, 2, 0, 42736, 2, 2
862584, 1241367795321, 1241368013837, 0, 0, 0, 0, 0, 0, 0, 0, 1, 
86614, 1241368336460, 1241368827303, 0, 418, 3, 139.33333333333334, 0, 0, 0, 1892, 3, 
868186, 1241366154950, 1241366315343, 0, 0, 0, 0, 298666, 1, 0, 210163, 5, 1
89757, , , 11.200000000000001, 0, 0, 0, 0, 3, 73, 20260, , 
900329, 1241363468005, 1241364692222, 352.1, 661, 4, 250.5, 1084285, 23, 5, 70557, 8, 2
908609, 1241368818740, , 0, 0, 0, 0, 0, 0, 0, 0, 1, 0
921283, , , 22.6, 0, 0, 0, 0, 4, 0, 338409, , 
944429, 1241367394813, , 13.700000000000001, 1489, 7, 244.71428571428572, 0, 1, 0, 383249, 3, 0
94657, , , 63.7, 0, 0, 0, 0, 1, 3, 163484, , 
95038, 1241364951736, 1241364976142, 0, 0, 0, 0, 0, 0, 0, 0, 1, 
98566, 1241367324064, 1241367334635, 0, 0, 0, 0, 0, 0, 0, 0, 1, 
990799, , , 26.700000000000003, 0, 0, 0, 0, 5, 9, 836417, , 
995, , , 20.900000000000002, 0, 0, 0, 0, 11, 22, 12, , 
998652, , , 53.400000000000006, 0, 0, 0, 0, 3, 6, 990799, , 
<<<<EndTable

PlayersOnlineNow=27
PlayersOnlineEachMinute=0, 3, 7, 7, 9, 11, 13, 12, 12, 12, 12, 13, 15, 16, 18, 17, 18, 18, 17, 19, 19, 19, 18, 16, 16, 17, 17, 20, 18, 19, 18, 18, 20, 22, 23, 23, 25, 26, 28, 28, 28, 27, 29, 31, 33, 34, 35, 35, 33, 34, 35, 34, 35, 35, 31, 32, 31, 32, 32, 34, 37, 36, 34, 36, 36, 36, 35, 33, 33, 31, 36, 32, 33, 35, 35, 33, 30, 32, 30, 30, 31, 31, 32, 32, 34, 35, 37, 33, 31, 31
PlayersInEachFeedingGame=3, 2, 1, 1, 1, 2, 1, 2, 2, 2, 2, 2, 2, 2, 2, 2, 1, 1, 2, 1, 2, 1, 2, 2, 2, 2, 2, 1, 2, 2, 1, 2, 2, 2, 2, 2, 2, 1, 3, 1, 1, 2, 1, 2, 1, 2, 2, 2, 1, 2, 2, 2, 1, 2, 2, 2, 2, 1, 2, 2, 2, 1, 2, 2, 2, 2, 1, 3, 2, 2, 2, 1, 2, 1, 1, 1, 1, 3, 2, 2, 2, 1, 2, 2, 2, 2, 2, 2, 2, 2, 2, 2, 2, 1, 2, 2, 2, 1, 2, 2, 2, 2, 2, 2, 2, 2, 2, 2, 1, 1, 1, 1, 2, 2, 3, 2, 2, 1, 1, 1, 1, 2, 2, 2, 2, 2, 1, 2, 2, 2, 2, 1, 1, 2, 2, 1
PlayersStarted=207
PlayersQuit=180
StatsStartTime=1241363466672
StatsDumpTime=1241368866982
<<<<EndStats
2009-05-03 09:41:31,856 ERROR: vampire.server.feeding.FeedingRecord sendPlayerStartGameMsg [playerId=1112884, prey=false, _predatorIndex=1112884]
2009-05-03 09:41:37,717 ERROR: vampire.server.feeding.FeedingRecord sendPlayerStartGameMsg [playerId=130627, prey=true, _predatorIndex=]
2009-05-03 09:41:37,717 ERROR: vampire.server.feeding.FeedingRecord sendPlayerStartGameMsg [playerId=74412, prey=false, _predatorIndex=]
2009-05-03 09:42:13,020 ERROR: vampire.server.feeding.FeedingRecord sendPlayerStartGameMsg [playerId=1201160, prey=true, _predatorIndex=]
2009-05-03 09:42:13,021 ERROR: vampire.server.feeding.FeedingRecord sendPlayerStartGameMsg [playerId=1169237, prey=false, _predatorIndex=]
2009-05-03 09:42:15,404 ERROR: vampire.server.feeding.FeedingRecord sendPlayerStartGameMsg [playerId=480870, prey=true, _predatorIndex=]
2009-05-03 09:42:15,405 ERROR: vampire.server.feeding.FeedingRecord sendPlayerStartGameMsg [playerId=86614, prey=false, _predatorIndex=]
2009-05-03 09:42:30,575 ERROR: vampire.server.feeding.FeedingRecord sendPlayerStartGameMsg [playerId=944429, prey=false, _predatorIndex=1168478]
2009-05-03 09:43:14,323 ERROR: vampire.server.feeding.FeedingRecord sendPlayerStartGameMsg [playerId=1112884, prey=true, _predatorIndex=]
2009-05-03 09:43:14,324 ERROR: vampire.server.feeding.FeedingRecord sendPlayerStartGameMsg [playerId=1148755, prey=false, _predatorIndex=]
2009-05-03 09:44:03,937 ERROR: vampire.server.feeding.FeedingRecord sendPlayerStartGameMsg [playerId=944429, prey=false, _predatorIndex=1168478,944429]
2009-05-03 09:45:15,927 ERROR: vampire.server.feeding.FeedingRecord sendPlayerStartGameMsg [playerId=1112543, prey=false, _predatorIndex=1168478,944429]
2009-05-03 09:46:13,528 ERROR: vampire.server.feeding.FeedingRecord sendPlayerStartGameMsg [playerId=1201160, prey=true, _predatorIndex=]
2009-05-03 09:46:13,529 ERROR: vampire.server.feeding.FeedingRecord sendPlayerStartGameMsg [playerId=9067, prey=false, _predatorIndex=]
2009-05-03 09:46:45,053 ERROR: vampire.server.feeding.FeedingRecord sendPlayerStartGameMsg [playerId=1148755, prey=true, _predatorIndex=]
2009-05-03 09:46:45,053 ERROR: vampire.server.feeding.FeedingRecord sendPlayerStartGameMsg [playerId=1112884, prey=false, _predatorIndex=]
2009-05-03 09:46:49,118 ERROR: vampire.server.feeding.FeedingRecord sendPlayerStartGameMsg [playerId=1144457, prey=false, _predatorIndex=86614]
2009-05-03 09:47:01,366 ERROR: vampire.server.feeding.FeedingRecord sendPlayerStartGameMsg [playerId=1112543, prey=false, _predatorIndex=1168478,944429,1112543]
2009-05-03 09:47:07,094 ERROR: vampire.server.feeding.FeedingRecord sendPlayerStartGameMsg [playerId=1112543, prey=false, _predatorIndex=]
2009-05-03 09:47:35,796 ERROR: vampire.server.feeding.FeedingRecord sendPlayerStartGameMsg [playerId=1144457, prey=false, _predatorIndex=86614,1144457]
2009-05-03 09:48:34,320 ERROR: vampire.server.feeding.FeedingRecord sendPlayerStartGameMsg [playerId=174092, prey=true, _predatorIndex=]
2009-05-03 09:48:34,321 ERROR: vampire.server.feeding.FeedingRecord sendPlayerStartGameMsg [playerId=1144457, prey=false, _predatorIndex=]
2009-05-03 09:49:08,332 ERROR: vampire.server.feeding.FeedingRecord sendPlayerStartGameMsg [playerId=9067, prey=false, _predatorIndex=86614,1144457]
2009-05-03 09:49:08,450 ERROR: vampire.server.feeding.FeedingRecord sendPlayerStartGameMsg [playerId=944429, prey=true, _predatorIndex=]
2009-05-03 09:49:08,451 ERROR: vampire.server.feeding.FeedingRecord sendPlayerStartGameMsg [playerId=96813, prey=false, _predatorIndex=]
2009-05-03 09:49:21,846 ERROR: vampire.server.feeding.FeedingRecord sendPlayerStartGameMsg [playerId=285205, prey=true, _predatorIndex=]
2009-05-03 09:49:21,846 ERROR: vampire.server.feeding.FeedingRecord sendPlayerStartGameMsg [playerId=834132, prey=false, _predatorIndex=]
2009-05-03 09:49:25,654 ERROR: vampire.server.feeding.FeedingRecord sendPlayerStartGameMsg [playerId=1168478, prey=true, _predatorIndex=]
2009-05-03 09:49:25,655 ERROR: vampire.server.feeding.FeedingRecord sendPlayerStartGameMsg [playerId=9067, prey=false, _predatorIndex=]
2009-05-03 09:50:06,615 ERROR: vampire.server.feeding.FeedingRecord sendPlayerStartGameMsg [playerId=1169237, prey=true, _predatorIndex=]
2009-05-03 09:50:06,616 ERROR: vampire.server.feeding.FeedingRecord sendPlayerStartGameMsg [playerId=1032648, prey=false, _predatorIndex=]
2009-05-03 09:50:09,247 ERROR: vampire.server.feeding.FeedingRecord sendPlayerStartGameMsg [playerId=174092, prey=true, _predatorIndex=]
2009-05-03 09:50:09,248 ERROR: vampire.server.feeding.FeedingRecord sendPlayerStartGameMsg [playerId=1144457, prey=false, _predatorIndex=]

