
>>>>BeginStats

>>>>BeginTable
PlayerId, StartTime, EndTime, ProgenyPayout, XPFromFeeding, FeedingGames, MeanFeedingScore, BloodBond, Progeny, GrandProgeny, Sire, Level, Invites
10260,undefined,0,21.5,0,0,0,0,4,0,713,undefined,undefined
103033,1240687347107,1240690017234,0,1871,10,208.8,767143,3,0,81899,4,null
1062,1240689473633,0,9.700000000000001,2220,7,464.57142857142856,54776,6,5,713,13,2
10642,1240688505811,1240689299608,386.70000000000005,8034,21,524.8571428571429,447249,20,25,351598,13,2
107,undefined,0,160.25000000000003,0,0,0,0,1,5,12770,undefined,undefined
110006,undefined,0,131.3,0,0,0,0,3,0,321365,undefined,undefined
1101,undefined,0,100.25,0,0,0,0,2,7,239981,undefined,undefined
111249,undefined,0,176,0,0,0,0,2,8,188370,undefined,undefined
112908,1240689181699,1240689895802,0,123,1,90,0,0,0,0,1,0
113127,1240686987598,1240686991615,0,0,0,0,0,2,3,156956,4,0
113237,1240689316447,1240689841482,73.80000000000001,2778,14,176.35714285714286,0,2,0,10642,2,null
113453,1240689302672,0,116.5,3438,10,247.8,0,7,0,533,5,1
114053,1240684126300,1240684151814,0,0,0,0,0,0,0,0,1,null
11460,undefined,0,215.55000000000004,0,0,0,0,1,6,41022,undefined,undefined
116434,1240689623146,1240689806389,0,0,0,0,0,0,0,371343,4,0
117857,undefined,0,12.600000000000001,0,0,0,0,3,1,146211,undefined,undefined
12,undefined,0,215.20000000000002,0,0,0,0,19,52,383387,undefined,undefined
120076,undefined,0,103.30000000000001,0,0,0,0,9,0,34987,undefined,undefined
120364,1240687704377,1240687948569,0,0,0,0,0,0,0,565423,2,null
121938,1240686175053,1240686915196,0,981,9,108.33333333333333,169627,0,0,0,1,null
121984,1240680366030,1240680728265,463.5499999999999,0,0,0,384781,4,8,166,10,2
122194,undefined,0,235.39999999999998,0,0,0,0,1,4,170316,undefined,undefined
122907,undefined,0,450.80000000000007,0,0,0,0,6,7,251062,undefined,undefined
124656,undefined,0,105.80000000000001,0,0,0,0,1,5,96537,undefined,undefined
1265,1240680522085,1240680740011,0,0,0,0,713,5,15,12,15,3
12770,undefined,0,233.7,0,0,0,0,19,17,383387,undefined,undefined
12791,undefined,0,20.6,0,0,0,0,9,5,12,undefined,undefined
128013,1240682885280,1240683004511,0,0,0,0,0,3,2,254152,4,1
128741,1240690215894,0,0,0,0,0,0,0,0,0,1,0
129764,1240688641636,1240689821070,59.400000000000006,2582,8,326.125,78904,3,0,370341,4,0
130627,undefined,0,19.6,0,0,0,0,8,2,85079,undefined,undefined
131355,1240690021133,1240690078051,0,0,0,0,0,1,2,461901,4,0
131748,1240680096215,1240680114078,0,0,0,0,0,0,0,297380,2,0
131858,undefined,0,21.6,0,0,0,0,1,1,130627,undefined,undefined
132008,1240683433653,1240685006030,12.5,1300,7,186.42857142857142,0,1,0,311783,2,null
133118,1240685929164,1240686288555,510.4999999999999,2083,9,298.8888888888889,0,6,0,121984,3,1
133482,undefined,0,82.65,0,0,0,0,3,5,180951,undefined,undefined
134050,1240682455606,1240682467403,0,0,0,0,0,0,0,468188,1,null
135293,undefined,0,377.3500000000001,0,0,0,0,1,1,181388,undefined,undefined
136892,1240682208953,1240682919286,134.5,432,2,145,0,1,0,367411,1,0
140573,1240680158237,1240680246938,0,0,0,0,0,0,0,178528,3,0
140983,1240689770931,1240689782727,0,0,0,0,0,0,0,117857,3,0
141364,undefined,0,35,0,0,0,0,6,2,16514,undefined,undefined
143121,undefined,0,42.2,0,0,0,0,1,0,184042,undefined,undefined
143489,1240679260667,1240679362941,0,0,0,0,0,0,0,47445,4,0
143538,undefined,0,850.1000000000001,0,0,0,0,2,15,1531,undefined,undefined
143818,1240685931972,1240686226050,0,359,1,180,0,0,0,168214,3,0
145896,1240680114749,1240680336121,0,202,1,202,479642,5,6,225840,9,2
146211,undefined,0,6.300000000000001,0,0,0,0,2,3,258951,undefined,undefined
147608,undefined,0,25.8,0,0,0,0,6,0,502119,undefined,undefined
147988,1240684414357,1240688550865,0,0,0,0,170446,7,7,307477,6,2
148695,1240687677509,1240688650310,0,480,1,517,306511,8,6,161896,9,4
14882,undefined,0,26.6,0,0,0,0,2,2,44987,undefined,undefined
149021,undefined,0,292.6,0,0,0,0,4,0,94693,undefined,undefined
149224,1240688529915,0,0,0,0,0,0,0,0,0,1,0
152551,1240680516832,1240682448350,178.9,2879,12,300.9166666666667,0,1,0,135293,4,0
1531,undefined,0,425.05000000000007,0,0,0,0,2,13,12,undefined,undefined
156489,1240683228397,1240683465970,438.6,331,1,346,154238,12,18,713,5,1
157106,1240683181904,1240683810309,0,518,3,148.33333333333334,0,0,0,0,1,null
157166,1240680463914,1240680499110,0,0,0,0,0,0,0,166074,1,0
157382,undefined,0,65.30000000000001,0,0,0,0,1,3,104955,undefined,undefined
157588,undefined,0,165.3,0,0,0,0,5,3,133482,undefined,undefined
157952,1240681079826,1240681405842,0,196,2,127.5,0,0,0,130627,3,0
159420,undefined,0,101.35,0,0,0,0,1,5,206649,undefined,undefined
160138,undefined,0,157.55,0,0,0,0,5,5,150469,undefined,undefined
16040,undefined,0,233.45000000000002,0,0,0,0,7,2,3,undefined,undefined
161355,1240689461192,1240689898480,0,460,2,286.5,0,0,0,54776,5,2
162209,1240679673995,1240679695083,0,0,0,0,0,0,0,0,1,null
163801,undefined,0,33.300000000000004,0,0,0,0,1,0,12,undefined,undefined
16514,1240689811891,0,0,97,1,97,44929,3,8,1062,4,0
166,undefined,0,104.15,0,0,0,0,5,4,578,undefined,undefined
167153,undefined,0,12.05,0,0,0,0,3,9,12,undefined,undefined
167305,undefined,0,136.55,0,0,0,0,3,1,157382,undefined,undefined
168214,undefined,0,35.9,0,0,0,0,3,0,190430,undefined,undefined
16825,1240686901277,1240688487458,449.6,1980,12,202.58333333333334,0,11,4,4139,5,1
168473,1240681094990,1240681398284,0,156,1,156,772383,8,0,180508,6,7
169627,1240684377388,1240686329109,0,743,7,96.85714285714286,121938,0,0,16825,1,null
170191,1240686381323,1240686448873,113.8,551,2,217,0,2,6,202873,9,1
170316,undefined,0,117.69999999999999,0,0,0,0,3,1,210210,undefined,undefined
171513,1240684382610,1240685084551,0,1138,4,272.5,0,6,6,170191,9,2
172373,1240682491777,1240682559948,0,0,0,0,0,0,0,0,1,null
176491,undefined,0,24.700000000000003,0,0,0,0,2,0,54776,undefined,undefined
179326,undefined,0,100,0,0,0,0,2,1,185581,undefined,undefined
179801,1240685595980,1240685775497,0,187,1,159,0,0,0,336024,3,0
179893,1240689230974,1240689693821,0,140,1,112,0,0,0,0,1,null
180508,undefined,0,15.600000000000001,0,0,0,0,1,8,12791,undefined,undefined
181258,1240688348210,1240688380090,0,0,0,0,0,0,0,0,1,null
181264,undefined,0,197.60000000000002,0,0,0,0,2,1,3812,undefined,undefined
181388,undefined,0,143.95000000000002,0,0,0,0,1,1,333875,undefined,undefined
18155,undefined,0,29.75,0,0,0,0,1,1,9651,undefined,undefined
182932,1240682553116,1240683884099,0,247,2,132,0,0,0,176491,1,0
184042,undefined,0,21.1,0,0,0,0,1,1,145006,undefined,undefined
185581,undefined,0,46.1,0,0,0,0,2,3,209656,undefined,undefined
185653,1240689994250,0,0,126,1,126,0,1,1,117857,3,0
185817,1240689128455,1240689150235,0,0,0,0,0,0,0,0,1,null
186135,1240689789506,1240690094378,0,0,0,0,0,0,0,0,1,null
188109,1240687752967,1240687782200,0,0,0,0,0,0,0,0,1,null
188370,undefined,0,71.25,0,0,0,0,1,2,163484,undefined,undefined
1892,1240689361639,0,0,0,0,0,455390,15,5,995,9,2
190182,undefined,0,7.300000000000001,0,0,0,0,1,1,73304,undefined,undefined
190369,1240682262138,1240682309885,0,0,0,0,0,0,0,0,1,null
190430,undefined,0,17.95,0,0,0,0,1,3,57393,undefined,undefined
191407,1240688977506,0,0,26,1,52,0,0,0,0,1,0
193301,1240681670568,1240682722527,0,422,3,145.33333333333334,0,0,0,143121,2,1
193558,undefined,0,21.55,0,0,0,0,3,5,258951,undefined,undefined
193836,1240686577059,1240686682710,0,0,0,0,0,0,0,0,1,null
194073,1240687865100,1240687884436,0,0,0,0,0,0,0,0,1,null
199521,1240688152659,1240688164295,0,0,0,0,0,0,0,139055,2,0
200704,1240687830747,1240687889107,0,0,0,0,0,0,0,0,2,null
20260,undefined,0,171.90000000000003,0,0,0,0,4,20,12,undefined,undefined
202873,undefined,0,112,0,0,0,0,1,2,341164,undefined,undefined
203208,1240688656643,1240688871876,0,0,0,0,0,0,0,196568,3,0
205100,1240689073700,1240689924378,0,669,5,139.4,0,0,0,133118,1,null
205330,undefined,0,5.45,0,0,0,0,1,2,273767,undefined,undefined
207259,1240686156130,1240688128371,0,836,7,112.42857142857143,0,0,0,751256,1,null
207284,1240686624594,1240687720659,0,73,1,148,0,1,1,190182,5,2
20731,1240679011503,1240685702880,76.5,1952,14,121.42857142857143,32314,2,0,16040,4,1
209224,1240686471871,1240687167819,0,258,2,124,0,0,0,95479,1,null
214575,1240687938398,1240687957059,0,0,0,0,0,0,0,0,1,null
21506,1240689642118,0,0,2856,15,176.66666666666666,0,0,0,3200,2,0
217283,1240689755238,0,69.35,2027,10,230.8,0,11,12,57393,8,3
219402,1240682178768,1240683174785,0,537,5,119,0,0,0,548201,1,null
219875,1240687882182,1240688240435,0,394,1,178,0,0,0,340741,2,0
222278,1240686363979,1240686843273,0,93,1,93,0,0,0,0,1,null
223864,undefined,0,451.05,0,0,0,0,5,12,160138,undefined,undefined
225840,undefined,0,20.200000000000003,0,0,0,0,1,5,7078,undefined,undefined
227438,1240680252004,1240680796482,0,69,1,69,0,0,0,141968,1,null
230517,1240682883685,1240682936473,0,0,0,0,0,0,0,0,1,null
233517,undefined,0,3.1,0,0,0,0,1,3,212370,undefined,undefined
23989,1240689727253,0,92.40000000000002,361,2,92.5,0,3,0,55009,4,0
239981,undefined,0,44.7,0,0,0,0,1,2,209944,undefined,undefined
240605,1240690132422,0,0,0,0,0,0,0,0,237231,2,0
246356,undefined,0,28.3,0,0,0,0,4,3,54776,undefined,undefined
247014,1240683265535,1240683335442,0,0,0,0,0,1,1,85417,3,0
247468,1240683981503,1240684617475,0,258,2,106.5,0,0,0,147608,2,0
250107,undefined,0,43.1,0,0,0,0,5,0,193558,undefined,undefined
251062,undefined,0,225.40000000000003,0,0,0,0,6,7,296361,undefined,undefined
254251,1240690127280,0,0,0,0,0,0,0,0,0,1,0
256452,1240680955285,1240681105826,0,147,1,147,0,1,1,45129,3,0
256746,undefined,0,54.599999999999994,0,0,0,0,4,21,61984,undefined,undefined
258913,undefined,0,24.1,0,0,0,0,1,2,167153,undefined,undefined
259344,1240689308182,0,0,8501,51,178.45098039215685,223864,15,1,143538,8,2
261716,1240681634628,1240684953680,89.60000000000001,1528,8,199.875,0,1,0,181264,2,0
262409,1240684507787,1240684914064,0,1313,5,251.6,0,0,0,110006,2,null
269788,1240680846568,1240681025130,0,0,0,0,0,0,0,94819,1,null
282251,1240679788817,1240680150309,0,119,1,82,0,0,0,495443,1,null
2843,undefined,0,51.45,0,0,0,0,6,19,3383,undefined,undefined
286053,1240689349062,1240689362219,0,0,0,0,0,2,1,58429,2,null
287842,1240687409126,1240687612746,0,163,1,163,0,0,0,0,1,null
292209,1240684123455,1240684165184,0,0,0,0,0,0,0,202328,3,0
293092,1240687605420,1240688134469,0,0,0,0,184475,1,0,320880,4,1
3,undefined,0,97.60000000000001,0,0,0,0,2,7,383387,undefined,undefined
304084,undefined,0,19.700000000000003,0,0,0,0,2,2,203003,undefined,undefined
30735,1240685950045,1240686932362,145.2,332,2,219.5,0,5,2,124656,7,1
308635,1240688287407,1240688490679,0,2354,9,347.77777777777777,133826,4,0,122194,6,4
309096,undefined,0,18.05,0,0,0,0,6,1,192120,undefined,undefined
311783,1240683521205,1240689076560,94.55,1714,7,297.85714285714283,0,6,2,11460,7,3
312297,1240683213402,1240683524152,0,0,0,0,0,0,0,0,1,null
3200,1240684962674,1240688763838,271.90000000000003,3151,10,413.4,71724,12,0,223864,12,2
320910,1240681048719,1240681089791,0,0,0,0,0,0,0,295854,2,0
321365,undefined,0,65.65,0,0,0,0,3,3,317371,undefined,undefined
321699,1240682113103,1240682962378,0,532,4,133,0,0,0,348508,3,0
326885,undefined,0,129.10000000000002,0,0,0,0,2,4,68619,undefined,undefined
330793,1240683299019,1240683335349,0,0,0,0,0,0,0,112093,6,2
3308,1240689489433,1240689679235,0,0,0,0,0,0,0,128886,1,null
3344,1240683111185,1240685706737,0,644,4,193.75,0,0,0,20731,1,null
336024,undefined,0,18.7,0,0,0,0,7,7,510740,undefined,undefined
3383,undefined,0,22.75,0,0,0,0,4,6,12791,undefined,undefined
340741,undefined,0,39.400000000000006,0,0,0,0,2,2,304084,undefined,undefined
341164,undefined,0,27.550000000000004,0,0,0,0,1,1,57393,undefined,undefined
346096,1240682008502,1240684016925,0,0,0,0,0,1,0,227953,4,1
348508,undefined,0,53.2,0,0,0,0,2,0,14882,undefined,undefined
34987,undefined,0,51.650000000000006,0,0,0,0,2,9,8842,undefined,undefined
351598,undefined,0,949.1500000000001,0,0,0,0,1,20,359624,undefined,undefined
355917,undefined,0,336.40000000000003,0,0,0,0,5,4,107,undefined,undefined
359624,undefined,0,401.7,0,0,0,0,3,1,201132,undefined,undefined
366522,1240684279502,1240684774289,0,116,1,99,0,0,0,0,1,null
367411,undefined,0,110.45,0,0,0,0,1,1,131858,undefined,undefined
370341,undefined,0,287.90000000000003,0,0,0,0,1,3,326885,undefined,undefined
375444,undefined,0,22.05,0,0,0,0,3,9,12770,undefined,undefined
376084,1240688760904,1240688775498,0,0,0,0,0,0,0,108285,1,0
378323,1240680309040,1240681792733,0,441,2,146.5,0,0,0,380650,2,0
380174,undefined,0,10.9,0,0,0,0,2,1,205330,undefined,undefined
380650,undefined,0,44.1,0,0,0,0,2,0,375444,undefined,undefined
3812,undefined,0,76.4,0,0,0,0,1,2,65584,undefined,undefined
382358,1240685755581,1240688222213,0,333,3,100.66666666666667,0,0,0,163801,3,0
383387,undefined,0,116.85,0,0,0,0,4,46,0,undefined,undefined
384125,1240689921873,1240689967029,0,0,0,0,0,2,0,228764,2,0
389801,1240686661357,1240688161501,0,337,3,110.66666666666667,0,0,0,0,1,0
397835,undefined,0,45.400000000000006,0,0,0,0,5,5,47379,undefined,undefined
398860,1240680602570,1240680953500,0,0,0,0,0,0,0,349835,2,2
405197,1240681417654,1240681678396,0,135,1,136,0,0,0,419552,1,0
409656,undefined,0,46.75,0,0,0,0,6,1,384703,undefined,undefined
41022,undefined,0,85.70000000000002,0,0,0,0,1,1,412796,undefined,undefined
4139,1240685652461,0,403.54999999999995,1292,5,239.6,16040,11,18,713,14,3
417472,1240684348395,1240684841932,0,121,1,123,0,0,0,20731,1,null
417799,1240686607267,1240686758553,0,0,0,0,0,0,0,349835,3,0
418923,undefined,0,6.75,0,0,0,0,2,1,402642,undefined,undefined
419552,undefined,0,13.5,0,0,0,0,1,0,418923,undefined,undefined
429008,1240688648863,1240688726609,0,0,0,0,0,0,0,0,1,null
430717,1240685461031,1240687803674,44.2,325,2,243,0,21,9,256746,11,3
430891,1240685973816,1240686901497,67,1425,4,391.25,0,8,4,111249,11,2
43255,1240689888496,0,0,123,1,115,0,0,0,510740,2,0
43344,1240681329511,1240681672170,0,92,1,92,0,0,0,0,1,null
434511,1240683608146,1240683637462,0,0,0,0,0,0,0,0,1,0
44731,1240683200677,1240684088275,0,283,2,141.5,0,0,0,246356,2,0
45129,undefined,0,14.700000000000001,0,0,0,0,7,1,66842,undefined,undefined
458791,1240689377133,1240689646398,0,128,1,117,0,0,0,12791,3,0
460737,1240687743686,1240688062890,0,0,0,0,0,2,0,169408,4,0
47379,undefined,0,22.700000000000003,0,0,0,0,3,5,54776,undefined,undefined
480591,1240689808212,1240690015961,0,0,0,0,0,0,0,128013,1,0
493115,1240687003935,1240687012218,0,215,2,148,0,0,0,10260,2,0
495443,1240679196634,1240687888262,11.9,1306,7,211.57142857142858,167305,1,0,167305,4,0
502119,1240687942666,1240689853981,12.9,0,0,0,520359,6,6,22707,8,1
50281,1240686901624,1240686917523,0,595,3,165.33333333333334,0,1,0,86723,4,0
503132,1240688046207,1240688051063,0,0,0,0,0,0,0,427472,1,0
510740,1240682733687,1240683418706,209.35000000000002,0,0,0,230164,48,31,534632,16,14
5212,1240687077858,1240688324413,0,4386,10,449.1,2843,13,10,156489,14,2
52685,1240681389543,1240681555225,0,0,0,0,0,0,0,258951,1,null
53030,1240681809904,1240683372169,0,4508,14,414.7142857142857,0,7,5,122907,12,3
533,undefined,0,402.05000000000007,0,0,0,0,5,7,20260,undefined,undefined
534632,undefined,0,100.00000000000001,0,0,0,0,5,48,445660,undefined,undefined
535868,1240688255699,1240688488368,0,0,0,0,0,0,0,308635,1,0
538286,1240683726102,1240688265835,0,3334,18,155.88888888888889,0,0,0,133118,3,0
545157,1240690166603,0,0,0,0,0,0,0,0,0,1,0
546468,1240686896221,1240690082459,0,834,7,121.14285714285714,0,0,0,129764,1,null
54776,1240682850695,1240683354114,112.10000000000001,0,0,0,1062,29,17,89757,13,2
548201,1240686918908,1240686973325,53.7,248,2,108,0,1,0,217283,1,null
55009,undefined,0,82.30000000000001,0,0,0,0,1,3,309096,undefined,undefined
555728,1240689818667,0,21.700000000000003,894,3,334.3333333333333,637788,7,0,1101,4,0
561864,1240686903180,1240687098749,0,0,0,0,0,1,0,1892,3,0
562788,undefined,0,93.5,0,0,0,0,1,3,409656,undefined,undefined
564162,undefined,0,70,0,0,0,0,2,0,141364,undefined,undefined
565423,1240685222525,1240686682001,0,1653,5,333.4,0,3,0,157588,4,5
567554,1240688869123,1240689992785,0,241,2,108.5,0,2,0,258913,1,2
57393,undefined,0,223.95,0,0,0,0,5,15,159420,undefined,undefined
57717,undefined,0,121.75,0,0,0,0,4,6,110178,undefined,undefined
578,1240687874751,1240688228909,0,2337,5,481.8,166,2,5,12770,9,1
578918,1240688256746,1240689275117,15.600000000000001,922,5,182,0,1,0,179326,2,0
57950,1240687933493,1240689439387,0,641,8,92.25,0,0,0,16825,1,null
584570,1240686117421,1240687581672,0,734,5,105.4,0,0,0,3200,1,null
585199,1240686163784,1240686555498,0,0,0,0,0,1,0,0,1,1
585619,1240680449635,1240680933490,0,0,0,0,0,0,0,0,1,null
586681,undefined,0,129.5,0,0,0,0,5,7,10642,undefined,undefined
593248,1240683790388,1240684454102,0,336,2,80.5,0,0,0,16825,1,null
598459,1240690127211,1240690179798,0,0,0,0,0,0,0,0,1,null
602227,1240687153877,1240687593441,0,431,2,231.5,0,0,0,250107,3,0
603011,1240686880217,1240687483722,0,935,3,303,0,3,1,562788,4,0
611789,1240685396433,1240685620938,0,155,1,181,0,0,0,0,2,null
619450,1240682809668,1240683151949,0,0,0,0,0,0,0,0,1,null
61984,undefined,0,16.25,0,0,0,0,1,4,61045,undefined,undefined
620394,1240687954044,1240688087830,0,455,4,105,0,1,0,2843,4,null
625991,1240684537748,1240684998193,0,137,1,137,0,0,0,585199,1,null
629265,1240686917548,1240687258375,0,0,0,0,0,0,0,0,1,null
63026,1240689704241,1240689893982,0,62,1,123,0,0,0,63924,2,null
632943,1240682410760,1240682693717,0,0,0,0,0,0,0,0,1,null
639012,1240685205922,1240685273193,0,0,0,0,0,0,0,0,1,null
639206,1240680883573,1240681110975,0,102,1,102,0,0,0,510740,1,null
63924,undefined,0,6.2,0,0,0,0,3,0,233517,undefined,undefined
642041,1240684938523,1240685647446,0,465,2,201.5,0,0,0,16825,1,null
643440,1240680924790,1240680965855,0,0,0,0,0,0,0,92509,1,null
645293,1240689059997,1240689078659,0,0,0,0,0,0,0,0,1,null
645535,1240684153097,1240684171199,0,0,0,0,0,0,0,311783,1,null
651110,1240684261321,1240684680320,0,156,1,139,0,0,0,578918,1,null
65333,1240686616257,1240686632655,0,0,0,0,0,0,0,0,1,null
66842,undefined,0,7.3500000000000005,0,0,0,0,1,7,153510,undefined,undefined
677168,1240683006677,1240683015891,0,0,0,0,0,0,0,0,1,null
678261,1240684847520,1240684868526,0,0,0,0,0,0,0,0,1,null
68238,1240687148468,1240689454175,0,109,1,112,0,1,0,380174,2,null
683540,1240687498964,0,0,924,10,87.1,691188,0,0,23989,3,0
687468,1240685348681,1240685604905,0,0,0,0,0,0,0,0,1,null
687606,1240682697196,1240683960241,0,823,5,153.6,0,0,0,797824,1,null
691188,1240688219841,0,0,1000,11,86.18181818181819,683540,1,2,16825,2,0
693855,1240680504769,1240680967436,0,522,2,94,0,0,0,0,1,null
699985,1240683259794,1240683360081,0,0,0,0,0,0,0,0,1,null
70151,1240688777515,0,0,321,2,171.5,0,0,0,797824,2,0
7078,undefined,0,10.100000000000001,0,0,0,0,8,3,177916,undefined,undefined
70997,1240679051778,1240681519688,0,454,3,160.66666666666666,0,5,3,397835,6,1
713,undefined,0,718.1999999999999,0,0,0,0,9,35,12,undefined,undefined
71724,1240683314731,1240683468793,0,0,0,0,3200,8,1,94103,10,4
728983,1240690201720,1240690222285,0,0,0,0,0,0,0,0,1,null
72925,1240682037091,1240682627816,0,700,3,117.33333333333333,0,0,0,564162,1,null
73228,1240680198359,1240680489398,0,0,0,0,0,0,0,0,1,null
73304,undefined,0,3.6500000000000004,0,0,0,0,2,2,53030,undefined,undefined
734404,1240682496281,1240682898245,0,116,1,120,0,0,0,81899,1,null
738418,1240679129035,1240679427813,0,119,1,109,0,0,0,75123,2,null
745631,1240682690036,1240682730853,0,0,0,0,0,0,0,0,1,null
75123,undefined,0,11.9,0,0,0,0,11,0,2843,undefined,undefined
751256,1240689755823,0,77,2272,15,161.8,0,2,0,16825,3,0
752237,1240686280588,1240689532062,0,39,1,78,0,0,0,0,1,null
752916,1240689260686,1240689689380,0,0,0,0,0,0,0,0,1,null
75463,1240682288845,1240682742150,0,99,1,99,0,0,0,0,1,null
756570,1240684919445,1240685520671,0,126,1,80,0,0,0,16825,2,null
757190,1240686018879,1240686038292,0,0,0,0,0,0,0,0,1,null
764577,1240682618235,1240683278749,0,0,0,0,0,0,0,0,1,null
767143,1240684485873,0,31.8,3205,16,222.1875,103033,4,0,355917,5,1
769463,1240686975754,1240687996214,0,537,4,116,0,0,0,430717,1,null
773108,undefined,0,37.35,0,0,0,0,4,1,510740,undefined,undefined
775158,1240680154749,1240680369652,0,79,1,79,0,0,0,0,1,null
782580,1240679393296,1240680703060,0,344,2,168.5,0,0,0,217283,2,null
782874,1240685764562,1240687678621,0,1775,8,152,0,0,0,510740,3,null
783039,1240681672216,1240682013268,0,257,2,128.5,0,0,0,0,1,null
783295,1240690032416,0,0,546,4,99.5,0,0,0,555728,1,0
79110,1240683708218,1240684114428,0,0,0,0,0,0,0,0,1,null
791358,1240684072172,1240684079835,0,0,0,0,0,0,0,387496,4,null
795063,1240685997203,1240686088284,0,0,0,0,0,0,0,5212,2,null
795945,1240682950238,1240682982229,0,0,0,0,0,0,0,0,1,null
797824,1240679534053,1240686471402,47.1,2435,10,207.7,574401,5,0,82321,5,2
802319,undefined,0,141.65000000000003,0,0,0,0,1,4,773108,undefined,undefined
813096,1240679156892,1240680284686,0,1033,6,139.33333333333334,0,0,0,120076,2,null
814312,1240685164868,1240685179185,0,0,0,0,0,0,0,0,1,null
815527,1240683772995,1240683960370,0,0,0,0,0,0,0,0,1,null
817545,1240688739511,1240689859754,0,0,0,0,0,0,0,0,1,null
81899,1240679637636,1240683219657,133.9,747,5,113,0,4,3,164198,6,1
821054,1240685509937,0,0,1535,16,77.25,0,0,0,30735,2,0
822585,1240680729083,1240680756371,0,0,0,0,0,0,0,0,1,null
82321,undefined,0,267.05,0,0,0,0,4,5,57717,undefined,undefined
825362,1240686953362,1240687848486,0,161,2,96,0,0,0,0,1,null
829177,1240683011976,1240683106410,0,1165,6,121.83333333333333,0,0,0,113453,2,null
830074,1240690012197,0,0,0,0,0,0,0,0,0,1,0
835888,1240684066314,1240686213597,0,1436,10,137.1,857627,0,0,751256,2,null
837703,1240689710926,1240689714860,0,0,0,0,0,0,0,0,1,null
839004,1240678899916,1240679059769,0,0,0,0,0,0,0,0,1,null
842430,1240682679840,1240683247057,0,499,3,136,0,0,0,0,1,null
84297,1240688128399,1240689089641,0,394,4,95.5,0,0,0,113237,1,null
848592,1240686297288,1240686317948,0,0,0,0,0,0,0,0,1,null
849362,1240681414101,1240682006802,0,187,2,93.5,0,0,0,0,1,null
849967,1240687840582,1240687942027,0,0,0,0,0,0,0,0,1,null
85079,undefined,0,9.8,0,0,0,0,3,8,43402,undefined,undefined
852802,1240682811128,1240683344945,0,0,0,0,0,0,0,0,1,null
856450,1240685729710,1240687931830,0,1102,6,224.33333333333334,0,0,0,133118,2,null
856761,1240687044918,1240688023330,0,201,2,119.5,0,0,0,0,1,null
857627,1240684019907,1240686806481,0,2044,13,142.69230769230768,835888,0,0,0,2,null
857653,1240680451542,1240682910033,0,1585,10,144.8,0,0,0,136892,2,null
859282,1240684026340,1240686950361,0,1008,7,120.28571428571429,0,0,0,261716,2,null
859837,1240689980235,1240690013962,0,0,0,0,0,0,0,0,1,null
860271,1240682788670,1240682805759,0,0,0,0,0,0,0,346096,1,null
860820,1240680933806,1240683305992,0,1789,10,124.2,0,0,0,152551,2,null
860893,1240686758381,1240687025004,0,0,0,0,0,0,0,0,1,null
860899,1240685553641,1240685673541,0,0,0,0,0,0,0,0,1,null
861407,1240680223801,1240680610519,0,0,0,0,0,0,0,0,1,null
862513,1240682008778,1240682437287,0,111,1,111,0,0,0,0,1,null
862664,1240688113153,1240688602395,0,0,0,0,0,0,0,0,1,null
862735,1240681341077,1240681360910,0,0,0,0,0,0,0,0,1,null
862766,1240682719782,1240683261381,0,217,2,100,0,0,0,0,1,null
864791,1240683915905,1240684025572,0,0,0,0,0,0,0,0,1,null
865007,1240682642410,1240683897115,0,137,1,126,0,0,0,10642,1,null
865354,1240680447809,1240681035540,0,0,0,0,0,0,0,0,1,null
865399,1240681869500,1240682088577,0,0,0,0,0,0,0,0,1,null
865655,1240686616208,1240686971032,0,0,0,0,0,0,0,0,1,null
86614,1240685274494,1240685520673,0,0,0,0,0,0,0,1892,3,null
866928,1240686363925,1240686438131,0,0,0,0,0,0,0,0,1,null
86723,1240680433010,1240680439646,59.5,0,0,0,0,1,1,18155,3,0
867761,1240685153861,1240685544162,0,180,1,142,0,0,0,0,1,null
869259,1240684165387,1240684371758,0,0,0,0,0,0,0,767143,1,null
870174,1240684878751,1240685134290,0,85,1,85,0,0,0,0,1,null
870269,1240685683005,1240685721656,0,0,0,0,0,0,0,0,1,null
870773,1240690228096,0,0,670,4,199,0,0,0,430891,1,0
871698,1240688769124,1240688853269,0,0,0,0,0,0,0,0,1,null
87198,1240689785384,1240689836108,0,519,4,97.25,0,0,0,767143,1,null
872529,1240687628632,1240687633313,0,0,0,0,0,0,0,0,1,null
872848,1240687864046,1240687910999,0,0,0,0,0,0,0,0,1,null
873022,1240687774539,1240688574002,0,125,1,125,0,0,0,132008,1,null
874256,1240689525458,1240689550819,0,0,0,0,0,0,0,0,1,null
874604,1240689965428,1240689976385,0,0,0,0,0,0,0,0,1,null
874696,1240689503645,1240689555017,0,0,0,0,0,0,0,0,1,null
874870,1240690068366,1240690078615,0,0,0,0,0,0,0,0,1,null
874878,1240689710792,1240689748339,0,0,0,0,0,0,0,1892,1,null
89642,1240689114253,0,0,268,2,47,0,0,0,0,1,0
89757,undefined,0,42.800000000000004,0,0,0,0,3,29,20260,undefined,undefined
90616,1240682898588,1240682995129,0,0,0,0,0,0,0,0,1,null
91101,1240685387620,1240685389902,0,0,0,0,0,0,0,0,1,null
93821,1240689664356,1240689964885,0,0,0,0,0,0,0,76312,1,0
94693,undefined,0,146.3,0,0,0,0,1,4,383230,undefined,undefined
95010,1240684575390,1240688314882,0,2926,13,207.53846153846155,439277,0,0,149021,6,1
95479,1240679198065,1240679896554,25.8,1166,3,255,0,7,1,586681,4,null
95580,1240681314871,1240681323491,0,0,0,0,0,0,0,258951,3,0
95813,1240690061017,0,0,396,2,187,0,0,0,54776,3,0
96537,undefined,0,16.6,0,0,0,0,3,1,189849,undefined,undefined
97772,1240686828671,1240687891070,0,473,3,125.33333333333333,0,0,0,113237,1,0
98686,1240684476728,1240684727203,0,0,0,0,0,0,0,0,1,null
98791,1240685232579,1240685253071,0,0,0,0,0,0,0,0,1,null
99657,1240685122994,1240685413344,0,0,0,0,0,0,0,0,1,null
<<<<EndTable

PlayersOnlineNow=29
PlayersOnlineEachMinute=0, 3, 5, 7, 7, 8, 10, 12, 13, 12, 12, 12, 13, 13, 15, 14, 14, 14, 13, 14, 14, 14, 15, 19, 20, 20, 20, 22, 20, 22, 22, 21, 19, 18, 20, 22, 20, 21, 19, 19, 19, 20, 23, 21, 22, 20, 20, 24, 24, 23, 22, 23, 24, 23, 24, 25, 27, 28, 29, 27, 29, 29, 33, 32, 30, 33, 33, 32, 34, 32, 30, 32, 30, 32, 33, 27, 24, 26, 23, 25, 26, 25, 28, 28, 27, 26, 24, 25, 22, 24, 24, 29, 28, 30, 29, 31, 33, 32, 31, 29, 29, 31, 33, 33, 31, 32, 32, 35, 34, 35, 35, 36, 37, 36, 33, 34, 34, 34, 35, 38, 39, 38, 37, 39, 39, 38, 41, 41, 40, 40, 42, 41, 41, 40, 41, 43, 41, 40, 40, 41, 41, 40, 40, 42, 41, 40, 37, 37, 37, 42, 40, 38, 39, 39, 37, 35, 34, 33, 32, 31, 30, 28, 29, 26, 27, 26, 28, 28, 27, 29, 29, 26, 26, 27, 29, 31, 33, 31, 33, 31, 30, 29, 31, 33, 29, 27, 27, 26, 24, 29
PlayersInEachFeedingGame=2, 2, 2, 2, 2, 2, 2, 2, 1, 2, 2, 1, 2, 2, 1, 2, 2, 1, 2, 2, 2, 2, 1, 1, 1, 2, 1, 1, 2, 1, 1, 1, 1, 1, 2, 1, 2, 2, 1, 1, 1, 1, 1, 2, 1, 1, 1, 2, 1, 2, 2, 1, 1, 2, 2, 2, 1, 1, 2, 2, 2, 2, 1, 1, 1, 2, 2, 2, 1, 2, 2, 1, 2, 2, 2, 2, 2, 2, 1, 2, 2, 2, 1, 1, 1, 2, 2, 2, 1, 2, 1, 2, 2, 1, 2, 2, 1, 2, 1, 2, 1, 2, 2, 2, 2, 2, 1, 1, 1, 2, 2, 1, 2, 1, 1, 2, 1, 2, 1, 1, 2, 2, 2, 2, 2, 2, 2, 1, 2, 2, 2, 2, 2, 2, 2, 2, 1, 1, 2, 2, 2, 1, 2, 2, 2, 2, 2, 2, 2, 2, 2, 1, 2, 1, 2, 2, 1, 2, 2, 2, 2, 1, 2, 2, 2, 2, 2, 2, 2, 2, 2, 2, 1, 2, 2, 2, 1, 2, 1, 2, 2, 2, 2, 2, 2, 2, 2, 2, 2, 2, 2, 1, 1, 2, 2, 2, 2, 2, 1, 2, 1, 2, 2, 2, 1, 2, 1, 1, 1, 2, 2, 2, 1, 1, 1, 2, 2, 1, 3, 1, 1, 1, 2, 1, 2, 2, 2, 1, 2, 1, 1, 2, 2, 1, 2, 1, 3, 2, 2, 2, 2, 2, 2, 2, 1, 2, 2, 2, 2, 2, 2, 2, 1, 2, 2, 2, 2, 2, 2, 2, 2, 1, 2, 1, 1, 2, 2, 2, 2, 2, 1, 1, 2, 2, 1, 2, 2, 1, 2, 2, 1, 1, 1, 2, 2, 1, 1, 1, 2, 2, 2, 1, 2, 1, 1, 2, 1, 1, 2, 1, 1, 2, 1, 2, 2, 1, 2, 2, 2, 1, 1, 1, 1, 2, 2, 2, 2, 2, 2, 2, 2, 2, 1, 1, 3, 2, 1, 2, 2, 2, 2, 2, 2, 2, 3, 1, 1, 2, 2, 2, 2, 2
PlayersStarted=461
PlayersQuit=432
StatsStartTime=1240678835806
StatsDumpTime=1240690236502
<<<<EndStats
2009-04-25 13:11:14,849 ERROR: vampire.server.feeding.FeedingRecord sendPlayerStartGameMsg [playerId=1062, prey=true, _predatorIndex=]
2009-04-25 13:11:14,849 ERROR: vampire.server.feeding.FeedingRecord sendPlayerStartGameMsg [playerId=259344, prey=false, _predatorIndex=]
2009-04-25 13:11:38,960 ERROR: vampire.server.feeding.FeedingRecord sendPlayerStartGameMsg [playerId=783295, prey=true, _predatorIndex=]
2009-04-25 13:11:38,961 ERROR: vampire.server.feeding.FeedingRecord sendPlayerStartGameMsg [playerId=870773, prey=false, _predatorIndex=]
2009-04-25 13:12:24,980 ERROR: vampire.server.feeding.FeedingRecord sendPlayerStartGameMsg [playerId=128741, prey=false, _predatorIndex=]
2009-04-25 13:14:29,305 ERROR: vampire.server.feeding.FeedingRecord sendPlayerStartGameMsg [playerId=870773, prey=false, _predatorIndex=]
2009-04-25 13:14:47,237 ERROR: vampire.server.feeding.FeedingRecord sendPlayerStartGameMsg [playerId=210163, prey=false, _predatorIndex=95813]
2009-04-25 13:14:55,762 ERROR: vampire.server.feeding.FeedingRecord sendPlayerStartGameMsg [playerId=217283, prey=true, _predatorIndex=]
2009-04-25 13:14:55,762 ERROR: vampire.server.feeding.FeedingRecord sendPlayerStartGameMsg [playerId=480591, prey=false, _predatorIndex=]
2009-04-25 13:14:57,852 ERROR: vampire.server.feeding.FeedingRecord sendPlayerStartGameMsg [playerId=783295, prey=false, _predatorIndex=]
2009-04-25 13:15:01,560 ERROR: vampire.server.feeding.FeedingRecord sendPlayerStartGameMsg [playerId=254251, prey=true, _predatorIndex=]
2009-04-25 13:15:01,560 ERROR: vampire.server.feeding.FeedingRecord sendPlayerStartGameMsg [playerId=210163, prey=false, _predatorIndex=]
2009-04-25 13:15:02,982 ERROR: vampire.server.feeding.FeedingRecord sendPlayerStartGameMsg [playerId=161236, prey=true, _predatorIndex=]
2009-04-25 13:15:02,983 ERROR: vampire.server.feeding.FeedingRecord sendPlayerStartGameMsg [playerId=93377, prey=false, _predatorIndex=]
2009-04-25 13:15:10,883 ERROR: vampire.server.feeding.FeedingRecord sendPlayerStartGameMsg [playerId=870773, prey=false, _predatorIndex=]
2009-04-25 13:16:06,337 ERROR: vampire.server.feeding.FeedingRecord sendPlayerStartGameMsg [playerId=197951, prey=false, _predatorIndex=]
2009-04-25 13:16:27,330 ERROR: vampire.server.feeding.FeedingRecord sendPlayerStartGameMsg [playerId=635003, prey=false, _predatorIndex=210163]
2009-04-25 13:16:32,256 ERROR: vampire.server.feeding.FeedingRecord sendPlayerStartGameMsg [playerId=128741, prey=false, _predatorIndex=]
2009-04-25 13:16:33,125 ERROR: vampire.server.feeding.FeedingRecord sendPlayerStartGameMsg [playerId=635003, prey=false, _predatorIndex=]
2009-04-25 13:17:07,756 ERROR: vampire.server.feeding.FeedingRecord sendPlayerStartGameMsg [playerId=821054, prey=false, _predatorIndex=]
2009-04-25 13:18:07,886 ERROR: vampire.server.feeding.FeedingRecord sendPlayerStartGameMsg [playerId=718993, prey=false, _predatorIndex=]
2009-04-25 13:18:13,383 ERROR: vampire.server.feeding.FeedingRecord sendPlayerStartGameMsg [playerId=113237, prey=true, _predatorIndex=]
2009-04-25 13:18:13,383 ERROR: vampire.server.feeding.FeedingRecord sendPlayerStartGameMsg [playerId=259344, prey=false, _predatorIndex=]
2009-04-25 13:18:14,457 ERROR: vampire.server.feeding.FeedingRecord sendPlayerStartGameMsg [playerId=205100, prey=false, _predatorIndex=]
2009-04-25 13:18:18,707 ERROR: vampire.server.feeding.FeedingRecord sendPlayerStartGameMsg [playerId=870773, prey=false, _predatorIndex=259344]
2009-04-25 13:18:18,805 ERROR: vampire.server.feeding.FeedingRecord sendPlayerStartGameMsg [playerId=283870, prey=false, _predatorIndex=]
2009-04-25 13:18:38,891 ERROR: vampire.server.feeding.FeedingRecord sendPlayerStartGameMsg [playerId=870773, prey=true, _predatorIndex=]
2009-04-25 13:18:38,892 ERROR: vampire.server.feeding.FeedingRecord sendPlayerStartGameMsg [playerId=191407, prey=false, _predatorIndex=]
2009-04-25 13:19:23,015 ERROR: vampire.server.feeding.FeedingRecord sendPlayerStartGameMsg [playerId=870773, prey=true, _predatorIndex=]
2009-04-25 13:19:23,015 ERROR: vampire.server.feeding.FeedingRecord sendPlayerStartGameMsg [playerId=191407, prey=false, _predatorIndex=]
2009-04-25 13:19:23,086 ERROR: vampire.server.feeding.FeedingRecord sendPlayerStartGameMsg [playerId=1892, prey=false, _predatorIndex=191407]
2009-04-25 13:20:12,675 ERROR: vampire.server.feeding.FeedingRecord sendPlayerStartGameMsg [playerId=1062, prey=true, _predatorIndex=]
2009-04-25 13:20:12,676 ERROR: vampire.server.feeding.FeedingRecord sendPlayerStartGameMsg [playerId=816708, prey=false, _predatorIndex=]
2009-04-25 13:20:16,788 ERROR: vampire.server.feeding.FeedingRecord sendPlayerStartGameMsg [playerId=210163, prey=false, _predatorIndex=816708]

>>>>BeginStats

>>>>BeginTable
PlayerId, StartTime, EndTime, ProgenyPayout, XPFromFeeding, FeedingGames, MeanFeedingScore, BloodBond, Progeny, GrandProgeny, Sire, Level, Invites
101282,undefined,0,11.600000000000001,0,0,0,0,3,2,6998,undefined,undefined
10260,undefined,0,21.5,0,0,0,0,4,0,713,undefined,undefined
103033,1240687347107,1240690017234,0,1871,10,208.8,767143,3,0,81899,4,null
106069,undefined,0,11.650000000000002,0,0,0,0,13,1,236834,undefined,undefined
1062,1240689473633,0,9.700000000000001,2966,10,403.7,54776,6,5,713,13,2
10642,1240688505811,1240689299608,429.30000000000007,8034,21,524.8571428571429,447249,20,25,351598,13,2
107,undefined,0,160.25000000000003,0,0,0,0,1,5,12770,undefined,undefined
110006,undefined,0,131.3,0,0,0,0,3,0,321365,undefined,undefined
1101,undefined,0,111.99999999999999,0,0,0,0,2,7,239981,undefined,undefined
111249,undefined,0,183.79999999999998,0,0,0,0,2,8,188370,undefined,undefined
112908,1240689181699,1240689895802,0,123,1,90,0,0,0,0,1,0
113127,1240686987598,1240686991615,0,0,0,0,0,2,3,156956,4,0
113237,1240690490484,0,73.80000000000001,3204,15,198.53333333333333,0,2,0,10642,3,0
113453,1240689302672,0,116.5,3438,10,247.8,0,7,0,533,5,1
114053,1240684126300,1240684151814,0,0,0,0,0,0,0,0,1,null
11460,undefined,0,215.55000000000004,0,0,0,0,1,6,41022,undefined,undefined
116434,1240689623146,1240689806389,0,0,0,0,0,0,0,371343,4,0
117857,undefined,0,12.600000000000001,0,0,0,0,3,1,146211,undefined,undefined
12,undefined,0,260,0,0,0,0,19,52,383387,undefined,undefined
120076,undefined,0,103.30000000000001,0,0,0,0,9,0,34987,undefined,undefined
120364,1240687704377,1240687948569,0,0,0,0,0,0,0,565423,2,null
121938,1240686175053,1240686915196,0,981,9,108.33333333333333,169627,0,0,0,1,null
121984,1240680366030,1240680728265,467.6499999999999,0,0,0,384781,4,8,166,10,2
122194,undefined,0,235.39999999999998,0,0,0,0,1,4,170316,undefined,undefined
122907,undefined,0,450.80000000000007,0,0,0,0,6,7,251062,undefined,undefined
124656,undefined,0,111.20000000000002,0,0,0,0,1,5,96537,undefined,undefined
1265,1240680522085,1240680740011,0,0,0,0,713,5,15,12,15,3
12770,undefined,0,233.7,0,0,0,0,19,17,383387,undefined,undefined
12791,undefined,0,20.6,0,0,0,0,9,5,12,undefined,undefined
128013,1240682885280,1240683004511,46.2,0,0,0,0,3,2,254152,4,1
128741,1240690215894,1240690752640,0,115,1,115,0,0,0,0,1,null
129764,1240688641636,1240689821070,59.400000000000006,2582,8,326.125,78904,3,0,370341,4,0
130627,undefined,0,19.6,0,0,0,0,8,2,85079,undefined,undefined
131355,1240690021133,1240690078051,0,0,0,0,0,1,2,461901,4,0
131748,1240680096215,1240680114078,0,0,0,0,0,0,0,297380,2,0
131858,undefined,0,21.6,0,0,0,0,1,1,130627,undefined,undefined
132008,1240683433653,1240685006030,12.5,1300,7,186.42857142857142,0,1,0,311783,2,null
133118,1240685929164,1240686288555,518.6999999999999,2083,9,298.8888888888889,0,6,0,121984,3,1
133482,undefined,0,82.65,0,0,0,0,3,5,180951,undefined,undefined
134050,1240682455606,1240682467403,0,0,0,0,0,0,0,468188,1,null
135293,undefined,0,377.3500000000001,0,0,0,0,1,1,181388,undefined,undefined
136892,1240682208953,1240682919286,134.5,432,2,145,0,1,0,367411,1,0
140573,1240680158237,1240680246938,0,0,0,0,0,0,0,178528,3,0
140983,1240689770931,1240689782727,0,0,0,0,0,0,0,117857,3,0
141364,undefined,0,35,0,0,0,0,6,2,16514,undefined,undefined
143121,undefined,0,42.2,0,0,0,0,1,0,184042,undefined,undefined
143489,1240679260667,1240679362941,0,0,0,0,0,0,0,47445,4,0
143538,undefined,0,967.3000000000001,0,0,0,0,2,15,1531,undefined,undefined
143818,1240685931972,1240686226050,0,359,1,180,0,0,0,168214,3,0
145896,1240680114749,1240680336121,0,202,1,202,479642,5,6,225840,9,2
146211,undefined,0,6.300000000000001,0,0,0,0,2,3,258951,undefined,undefined
147608,undefined,0,25.8,0,0,0,0,6,0,502119,undefined,undefined
147988,1240684414357,1240688550865,0,0,0,0,170446,7,7,307477,6,2
148695,1240687677509,1240688650310,0,480,1,517,306511,8,6,161896,9,4
14882,undefined,0,26.6,0,0,0,0,2,2,44987,undefined,undefined
149021,undefined,0,292.6,0,0,0,0,4,0,94693,undefined,undefined
149224,1240688529915,1240690447957,0,0,0,0,0,0,0,0,1,null
152551,1240680516832,1240682448350,178.9,2879,12,300.9166666666667,0,1,0,135293,4,0
1531,undefined,0,483.65000000000003,0,0,0,0,2,13,12,undefined,undefined
156489,1240683228397,1240683465970,438.6,331,1,346,154238,12,18,713,5,1
157106,1240683181904,1240683810309,0,518,3,148.33333333333334,0,0,0,0,1,null
157166,1240680463914,1240680499110,0,0,0,0,0,0,0,166074,1,0
157382,undefined,0,65.30000000000001,0,0,0,0,1,3,104955,undefined,undefined
157588,undefined,0,165.3,0,0,0,0,5,3,133482,undefined,undefined
157952,1240681079826,1240681405842,0,196,2,127.5,0,0,0,130627,3,0
159420,undefined,0,129.6,0,0,0,0,1,5,206649,undefined,undefined
160138,undefined,0,169.20000000000002,0,0,0,0,5,7,150469,undefined,undefined
16040,undefined,0,233.45000000000002,0,0,0,0,7,2,3,undefined,undefined
161236,1240690436548,0,0,233,2,141.5,0,0,0,548248,3,0
161355,1240689461192,1240689898480,0,460,2,286.5,0,0,0,54776,5,2
162209,1240679673995,1240679695083,0,0,0,0,0,0,0,0,1,null
163801,undefined,0,33.300000000000004,0,0,0,0,1,0,12,undefined,undefined
16514,1240689811891,0,0,97,1,97,44929,3,8,1062,4,0
166,undefined,0,104.15,0,0,0,0,5,4,578,undefined,undefined
167153,undefined,0,12.05,0,0,0,0,3,9,12,undefined,undefined
167305,undefined,0,136.55,0,0,0,0,3,1,157382,undefined,undefined
168214,undefined,0,35.9,0,0,0,0,3,0,190430,undefined,undefined
16825,1240686901277,1240688487458,469.90000000000003,1980,12,202.58333333333334,0,11,5,4139,5,1
168473,1240681094990,1240681398284,0,156,1,156,772383,8,0,180508,6,7
169627,1240684377388,1240686329109,0,743,7,96.85714285714286,121938,0,0,16825,1,null
170191,1240686381323,1240686448873,113.8,551,2,217,0,2,6,202873,9,1
170316,undefined,0,117.69999999999999,0,0,0,0,3,1,210210,undefined,undefined
171513,1240684382610,1240685084551,0,1138,4,272.5,0,6,6,170191,9,2
172373,1240682491777,1240682559948,0,0,0,0,0,0,0,0,1,null
176491,undefined,0,24.700000000000003,0,0,0,0,2,0,54776,undefined,undefined
179326,undefined,0,100,0,0,0,0,2,1,185581,undefined,undefined
179801,1240685595980,1240685775497,0,187,1,159,0,0,0,336024,3,0
179893,1240689230974,1240689693821,0,140,1,112,0,0,0,0,1,null
180508,undefined,0,15.600000000000001,0,0,0,0,1,8,12791,undefined,undefined
181258,1240688348210,1240688380090,0,0,0,0,0,0,0,0,1,null
181264,undefined,0,197.60000000000002,0,0,0,0,2,1,3812,undefined,undefined
181388,undefined,0,143.95000000000002,0,0,0,0,1,1,333875,undefined,undefined
18155,undefined,0,29.75,0,0,0,0,1,1,9651,undefined,undefined
182932,1240682553116,1240683884099,0,247,2,132,0,0,0,176491,1,0
184042,undefined,0,21.1,0,0,0,0,1,1,145006,undefined,undefined
185581,undefined,0,46.1,0,0,0,0,2,3,209656,undefined,undefined
185653,1240689994250,1240690378634,0,126,1,126,0,1,1,117857,3,0
185817,1240689128455,1240689150235,0,0,0,0,0,0,0,0,1,null
186135,1240689789506,1240690094378,0,0,0,0,0,0,0,0,1,null
188109,1240687752967,1240687782200,0,0,0,0,0,0,0,0,1,null
188370,undefined,0,71.25,0,0,0,0,1,2,163484,undefined,undefined
1892,1240689361639,0,0,150,1,300,455390,15,5,995,9,2
190182,undefined,0,7.300000000000001,0,0,0,0,1,1,73304,undefined,undefined
190369,1240682262138,1240682309885,0,0,0,0,0,0,0,0,1,null
190430,undefined,0,17.95,0,0,0,0,1,3,57393,undefined,undefined
191407,1240688977506,0,0,26,1,52,0,0,0,0,1,0
193301,1240681670568,1240682722527,0,422,3,145.33333333333334,0,0,0,143121,2,1
193558,undefined,0,21.55,0,0,0,0,3,5,258951,undefined,undefined
193836,1240686577059,1240686682710,0,0,0,0,0,0,0,0,1,null
194073,1240687865100,1240687884436,0,0,0,0,0,0,0,0,1,null
197951,1240690552382,1240690580207,0,0,0,0,0,0,0,0,1,0
199521,1240688152659,1240688164295,0,0,0,0,0,0,0,139055,2,0
200704,1240687830747,1240687889107,0,0,0,0,0,0,0,0,2,null
20260,undefined,0,171.90000000000003,0,0,0,0,4,20,12,undefined,undefined
202873,undefined,0,112,0,0,0,0,1,2,341164,undefined,undefined
203208,1240688656643,1240688871876,0,0,0,0,0,0,0,196568,3,0
205100,1240690660767,0,0,751,6,129.83333333333334,0,0,0,133118,1,0
205330,undefined,0,5.45,0,0,0,0,1,2,273767,undefined,undefined
207259,1240686156130,1240688128371,0,836,7,112.42857142857143,0,0,0,751256,1,null
207284,1240686624594,1240687720659,0,73,1,148,0,1,1,190182,5,2
20731,1240679011503,1240685702880,76.5,1952,14,121.42857142857143,32314,2,0,16040,4,1
209224,1240686471871,1240687167819,0,258,2,124,0,0,0,95479,1,null
209486,1240690573166,1240690642008,0,0,0,0,0,0,0,0,1,null
210163,1240690444258,0,0,107,2,91,0,0,0,255725,1,0
214575,1240687938398,1240687957059,0,0,0,0,0,0,0,0,1,null
21506,1240690714253,0,0,2856,15,176.66666666666666,0,0,0,3200,2,0
217283,1240690489248,0,69.35,2592,13,241.84615384615384,0,11,12,57393,8,3
219402,1240682178768,1240683174785,0,537,5,119,0,0,0,548201,1,null
219875,1240687882182,1240688240435,0,394,1,178,0,0,0,340741,2,0
222278,1240686363979,1240686843273,0,93,1,93,0,0,0,0,1,null
223864,undefined,0,451.05,0,0,0,0,5,12,160138,undefined,undefined
225840,undefined,0,20.200000000000003,0,0,0,0,1,5,7078,undefined,undefined
227438,1240680252004,1240680796482,0,69,1,69,0,0,0,141968,1,null
230517,1240682883685,1240682936473,0,0,0,0,0,0,0,0,1,null
233517,undefined,0,3.1,0,0,0,0,1,3,212370,undefined,undefined
23989,1240689727253,0,92.40000000000002,361,2,92.5,0,3,0,55009,4,0
239981,undefined,0,44.7,0,0,0,0,1,2,209944,undefined,undefined
240605,1240690132422,1240690580325,0,0,0,0,0,0,0,237231,2,0
246356,undefined,0,28.3,0,0,0,0,4,3,54776,undefined,undefined
247014,1240683265535,1240683335442,0,0,0,0,0,1,1,85417,3,0
247468,1240683981503,1240684617475,0,258,2,106.5,0,0,0,147608,2,0
250107,undefined,0,43.1,0,0,0,0,5,0,193558,undefined,undefined
251062,undefined,0,225.40000000000003,0,0,0,0,6,7,296361,undefined,undefined
254152,undefined,0,23.1,0,0,0,0,2,3,172329,undefined,undefined
254251,1240690127280,0,0,176,2,52.5,0,0,0,751256,1,0
255725,undefined,0,10.700000000000001,0,0,0,0,1,0,309124,undefined,undefined
256452,1240680955285,1240681105826,0,147,1,147,0,1,1,45129,3,0
256746,undefined,0,54.599999999999994,0,0,0,0,4,21,61984,undefined,undefined
258913,undefined,0,24.1,0,0,0,0,1,2,167153,undefined,undefined
259344,1240689308182,0,0,9673,55,184.54545454545453,223864,15,1,143538,8,2
261716,1240681634628,1240684953680,89.60000000000001,1528,8,199.875,0,1,0,181264,2,0
262409,1240684507787,1240684914064,0,1313,5,251.6,0,0,0,110006,2,null
269788,1240680846568,1240681025130,0,0,0,0,0,0,0,94819,1,null
280634,undefined,0,5.6000000000000005,0,0,0,0,5,2,280346,undefined,undefined
282251,1240679788817,1240680150309,0,119,1,82,0,0,0,495443,1,null
283870,1240690463869,0,0,116,1,116,0,0,0,101282,4,0
2843,undefined,0,51.45,0,0,0,0,6,19,3383,undefined,undefined
286053,1240689349062,1240689362219,0,0,0,0,0,2,1,58429,2,null
287842,1240687409126,1240687612746,0,163,1,163,0,0,0,0,1,null
292209,1240684123455,1240684165184,0,0,0,0,0,0,0,202328,3,0
293092,1240687605420,1240688134469,0,0,0,0,184475,1,0,320880,4,1
3,undefined,0,97.60000000000001,0,0,0,0,2,7,383387,undefined,undefined
30158,undefined,0,11.200000000000001,0,0,0,0,2,0,280634,undefined,undefined
304084,undefined,0,19.700000000000003,0,0,0,0,2,2,203003,undefined,undefined
30735,1240685950045,1240686932362,156,332,2,219.5,0,5,2,124656,7,1
308635,1240688287407,1240688490679,0,2354,9,347.77777777777777,133826,4,0,122194,6,4
309096,undefined,0,18.05,0,0,0,0,6,1,192120,undefined,undefined
309124,undefined,0,5.3500000000000005,0,0,0,0,1,1,20106,undefined,undefined
311783,1240683521205,1240689076560,94.55,1714,7,297.85714285714283,0,6,2,11460,7,3
312297,1240683213402,1240683524152,0,0,0,0,0,0,0,0,1,null
3200,1240684962674,1240688763838,271.90000000000003,3151,10,413.4,71724,12,0,223864,12,2
320910,1240681048719,1240681089791,0,0,0,0,0,0,0,295854,2,0
321365,undefined,0,65.65,0,0,0,0,3,3,317371,undefined,undefined
321699,1240682113103,1240682962378,0,532,4,133,0,0,0,348508,3,0
326885,undefined,0,129.10000000000002,0,0,0,0,2,4,68619,undefined,undefined
330793,1240683299019,1240683335349,0,0,0,0,0,0,0,112093,6,2
3308,1240689489433,1240689679235,0,0,0,0,0,0,0,128886,1,null
3344,1240683111185,1240685706737,0,644,4,193.75,0,0,0,20731,1,null
336024,undefined,0,18.7,0,0,0,0,7,7,510740,undefined,undefined
3383,undefined,0,22.75,0,0,0,0,4,6,12791,undefined,undefined
340741,undefined,0,39.400000000000006,0,0,0,0,2,2,304084,undefined,undefined
341164,undefined,0,27.550000000000004,0,0,0,0,1,1,57393,undefined,undefined
346096,1240682008502,1240684016925,0,0,0,0,0,1,0,227953,4,1
348508,undefined,0,53.2,0,0,0,0,2,0,14882,undefined,undefined
34987,undefined,0,51.650000000000006,0,0,0,0,2,9,8842,undefined,undefined
351598,undefined,0,970.45,0,0,0,0,1,20,359624,undefined,undefined
355917,undefined,0,336.40000000000003,0,0,0,0,5,4,107,undefined,undefined
359624,undefined,0,401.7,0,0,0,0,3,1,201132,undefined,undefined
366522,1240684279502,1240684774289,0,116,1,99,0,0,0,0,1,null
367411,undefined,0,110.45,0,0,0,0,1,1,131858,undefined,undefined
370341,undefined,0,287.90000000000003,0,0,0,0,1,3,326885,undefined,undefined
375444,undefined,0,22.05,0,0,0,0,3,9,12770,undefined,undefined
376084,1240688760904,1240688775498,0,0,0,0,0,0,0,108285,1,0
378323,1240680309040,1240681792733,0,441,2,146.5,0,0,0,380650,2,0
380174,undefined,0,10.9,0,0,0,0,2,1,205330,undefined,undefined
380650,undefined,0,44.1,0,0,0,0,2,0,375444,undefined,undefined
3812,undefined,0,76.4,0,0,0,0,1,2,65584,undefined,undefined
382358,1240685755581,1240688222213,0,333,3,100.66666666666667,0,0,0,163801,3,0
383387,undefined,0,116.85,0,0,0,0,4,46,0,undefined,undefined
384125,1240689921873,1240689967029,0,0,0,0,0,2,0,228764,2,0
389801,1240686661357,1240688161501,0,337,3,110.66666666666667,0,0,0,0,1,0
397835,undefined,0,45.400000000000006,0,0,0,0,5,5,47379,undefined,undefined
398860,1240680602570,1240680953500,0,0,0,0,0,0,0,349835,2,2
405197,1240681417654,1240681678396,0,135,1,136,0,0,0,419552,1,0
409656,undefined,0,46.75,0,0,0,0,6,1,384703,undefined,undefined
41022,undefined,0,85.70000000000002,0,0,0,0,1,1,412796,undefined,undefined
4139,1240685652461,1240690564845,409.29999999999995,1292,5,239.6,16040,11,18,713,14,3
417472,1240684348395,1240684841932,0,121,1,123,0,0,0,20731,1,null
417799,1240686607267,1240686758553,0,0,0,0,0,0,0,349835,3,0
418923,undefined,0,6.75,0,0,0,0,2,1,402642,undefined,undefined
419552,undefined,0,13.5,0,0,0,0,1,0,418923,undefined,undefined
429008,1240688648863,1240688726609,0,0,0,0,0,0,0,0,1,null
430717,1240685461031,1240687803674,44.2,325,2,243,0,21,9,256746,11,3
430891,1240685973816,1240686901497,82.60000000000001,1425,4,391.25,0,8,4,111249,11,2
43255,1240689888496,1240690357750,0,123,1,115,0,0,0,510740,2,0
43344,1240681329511,1240681672170,0,92,1,92,0,0,0,0,1,null
434511,1240683608146,1240683637462,0,0,0,0,0,0,0,0,1,0
44731,1240683200677,1240684088275,0,283,2,141.5,0,0,0,246356,2,0
45129,undefined,0,14.700000000000001,0,0,0,0,7,1,66842,undefined,undefined
458791,1240689377133,1240689646398,0,128,1,117,0,0,0,12791,3,0
460737,1240687743686,1240688062890,0,0,0,0,0,2,0,169408,4,0
47379,undefined,0,22.700000000000003,0,0,0,0,3,5,54776,undefined,undefined
480591,1240690281761,0,0,462,2,145.5,0,0,0,128013,2,0
493115,1240687003935,1240687012218,0,215,2,148,0,0,0,10260,2,0
495443,1240679196634,1240687888262,11.9,1306,7,211.57142857142858,167305,1,0,167305,4,0
502119,1240687942666,1240689853981,12.9,0,0,0,520359,6,6,22707,8,1
50281,1240686901624,1240686917523,0,595,3,165.33333333333334,0,1,0,86723,4,0
503132,1240688046207,1240688051063,0,0,0,0,0,0,0,427472,1,0
510740,1240682733687,1240683418706,209.35000000000002,0,0,0,230164,48,31,534632,16,14
5212,1240687077858,1240688324413,0,4386,10,449.1,2843,13,10,156489,14,2
52685,1240681389543,1240681555225,0,0,0,0,0,0,0,258951,1,null
53030,1240681809904,1240683372169,0,4508,14,414.7142857142857,0,7,5,122907,12,3
533,undefined,0,402.05000000000007,0,0,0,0,5,7,20260,undefined,undefined
534632,undefined,0,100.00000000000001,0,0,0,0,5,48,445660,undefined,undefined
535868,1240688255699,1240688488368,0,0,0,0,0,0,0,308635,1,0
538286,1240683726102,1240688265835,0,3334,18,155.88888888888889,0,0,0,133118,3,0
545157,1240690166603,1240690576022,0,0,0,0,0,0,0,0,1,0
546468,1240686896221,1240690082459,0,834,7,121.14285714285714,0,0,0,129764,1,null
54776,1240682850695,1240683354114,119.9,0,0,0,1062,29,17,89757,13,2
548201,1240686918908,1240686973325,53.7,248,2,108,0,1,0,217283,1,null
548248,undefined,0,23.300000000000004,0,0,0,0,1,0,106069,undefined,undefined
55009,undefined,0,82.30000000000001,0,0,0,0,1,3,309096,undefined,undefined
555728,1240689818667,0,45.2,894,3,334.3333333333333,637788,7,0,1101,4,0
561864,1240686903180,1240687098749,0,0,0,0,0,1,0,1892,3,0
562788,undefined,0,93.5,0,0,0,0,1,3,409656,undefined,undefined
564162,undefined,0,70,0,0,0,0,2,0,141364,undefined,undefined
565423,1240685222525,1240686682001,0,1653,5,333.4,0,3,0,157588,4,5
567554,1240688869123,1240689992785,0,241,2,108.5,0,2,0,258913,1,2
57393,undefined,0,280.45,0,0,0,0,5,15,159420,undefined,undefined
57717,undefined,0,121.75,0,0,0,0,4,6,110178,undefined,undefined
578,1240687874751,1240688228909,0,2337,5,481.8,166,2,5,12770,9,1
578918,1240688256746,1240689275117,15.600000000000001,922,5,182,0,1,0,179326,2,0
57950,1240687933493,1240689439387,0,641,8,92.25,0,0,0,16825,1,null
584570,1240686117421,1240687581672,0,734,5,105.4,0,0,0,3200,1,null
585199,1240686163784,1240686555498,0,0,0,0,0,1,0,0,1,1
585619,1240680449635,1240680933490,0,0,0,0,0,0,0,0,1,null
586681,undefined,0,129.5,0,0,0,0,5,7,10642,undefined,undefined
593248,1240683790388,1240684454102,0,336,2,80.5,0,0,0,16825,1,null
598459,1240690127211,1240690179798,0,0,0,0,0,0,0,0,1,null
602227,1240687153877,1240687593441,0,431,2,231.5,0,0,0,250107,3,0
603011,1240686880217,1240687483722,0,935,3,303,0,3,1,562788,4,0
611789,1240685396433,1240685620938,0,155,1,181,0,0,0,0,2,null
619450,1240682809668,1240683151949,0,0,0,0,0,0,0,0,1,null
61984,undefined,0,16.25,0,0,0,0,1,4,61045,undefined,undefined
620394,1240687954044,1240688087830,0,455,4,105,0,1,0,2843,4,null
625991,1240684537748,1240684998193,0,137,1,137,0,0,0,585199,1,null
629265,1240686917548,1240687258375,0,0,0,0,0,0,0,0,1,null
63026,1240689704241,1240689893982,0,62,1,123,0,0,0,63924,2,null
632943,1240682410760,1240682693717,0,0,0,0,0,0,0,0,1,null
635003,1240690580748,0,0,112,1,112,0,0,0,30158,2,0
639012,1240685205922,1240685273193,0,0,0,0,0,0,0,0,1,null
639206,1240680883573,1240681110975,0,102,1,102,0,0,0,510740,1,null
63924,undefined,0,6.2,0,0,0,0,3,0,233517,undefined,undefined
642041,1240684938523,1240685647446,0,465,2,201.5,0,0,0,16825,1,null
643440,1240680924790,1240680965855,0,0,0,0,0,0,0,92509,1,null
645293,1240689059997,1240689078659,0,0,0,0,0,0,0,0,1,null
645535,1240684153097,1240684171199,0,0,0,0,0,0,0,311783,1,null
651110,1240684261321,1240684680320,0,156,1,139,0,0,0,578918,1,null
65333,1240686616257,1240686632655,0,0,0,0,0,0,0,0,1,null
659141,1240690565134,1240690580837,0,0,0,0,0,0,0,0,1,null
66842,undefined,0,7.3500000000000005,0,0,0,0,1,7,153510,undefined,undefined
677168,1240683006677,1240683015891,0,0,0,0,0,0,0,0,1,null
678261,1240684847520,1240684868526,0,0,0,0,0,0,0,0,1,null
68238,1240687148468,1240689454175,0,109,1,112,0,1,0,380174,2,null
683540,1240687498964,0,0,924,10,87.1,691188,0,0,23989,3,0
687468,1240685348681,1240685604905,0,0,0,0,0,0,0,0,1,null
687606,1240682697196,1240683960241,0,823,5,153.6,0,0,0,797824,1,null
691188,1240688219841,1240690768536,0,1000,11,86.18181818181819,683540,1,2,16825,2,null
693855,1240680504769,1240680967436,0,522,2,94,0,0,0,0,1,null
6998,undefined,0,5.800000000000001,0,0,0,0,2,3,3028,undefined,undefined
699985,1240683259794,1240683360081,0,0,0,0,0,0,0,0,1,null
70151,1240688777515,0,0,321,2,171.5,0,0,0,797824,2,0
7078,undefined,0,10.100000000000001,0,0,0,0,8,3,177916,undefined,undefined
70997,1240679051778,1240681519688,0,454,3,160.66666666666666,0,5,3,397835,6,1
713,undefined,0,792.7999999999998,0,0,0,0,9,35,12,undefined,undefined
71724,1240683314731,1240683468793,0,0,0,0,3200,8,1,94103,10,4
718993,1240690524809,0,0,104,1,104,0,0,0,0,1,0
728983,1240690201720,1240690222285,0,0,0,0,0,0,0,0,1,null
72925,1240682037091,1240682627816,0,700,3,117.33333333333333,0,0,0,564162,1,null
73228,1240680198359,1240680489398,0,0,0,0,0,0,0,0,1,null
73304,undefined,0,3.6500000000000004,0,0,0,0,2,2,53030,undefined,undefined
734404,1240682496281,1240682898245,0,116,1,120,0,0,0,81899,1,null
738418,1240679129035,1240679427813,0,119,1,109,0,0,0,75123,2,null
745631,1240682690036,1240682730853,0,0,0,0,0,0,0,0,1,null
750832,1240690749631,1240690780700,0,0,0,0,0,0,0,0,1,null
751171,1240690782865,0,0,0,0,0,0,0,0,0,1,0
75123,undefined,0,11.9,0,0,0,0,11,0,2843,undefined,undefined
751256,1240690469590,0,94.6,2387,16,161.4375,0,3,0,16825,3,0
752237,1240686280588,1240689532062,0,39,1,78,0,0,0,0,1,null
752916,1240689260686,1240689689380,0,0,0,0,0,0,0,0,1,null
75463,1240682288845,1240682742150,0,99,1,99,0,0,0,0,1,null
756570,1240684919445,1240685520671,0,126,1,80,0,0,0,16825,2,null
757190,1240686018879,1240686038292,0,0,0,0,0,0,0,0,1,null
764577,1240682618235,1240683278749,0,0,0,0,0,0,0,0,1,null
767143,1240684485873,0,31.8,3205,16,222.1875,103033,4,0,355917,5,1
769463,1240686975754,1240687996214,0,537,4,116,0,0,0,430717,1,null
773108,undefined,0,37.35,0,0,0,0,4,1,510740,undefined,undefined
775158,1240680154749,1240680369652,0,79,1,79,0,0,0,0,1,null
782580,1240679393296,1240680703060,0,344,2,168.5,0,0,0,217283,2,null
782874,1240685764562,1240687678621,0,1775,8,152,0,0,0,510740,3,null
783039,1240681672216,1240682013268,0,257,2,128.5,0,0,0,0,1,null
783295,1240690032416,0,0,781,7,91.14285714285714,0,0,0,555728,1,0
79110,1240683708218,1240684114428,0,0,0,0,0,0,0,0,1,null
791358,1240684072172,1240684079835,0,0,0,0,0,0,0,387496,4,null
795063,1240685997203,1240686088284,0,0,0,0,0,0,0,5212,2,null
795945,1240682950238,1240682982229,0,0,0,0,0,0,0,0,1,null
797824,1240679534053,1240686471402,47.1,2435,10,207.7,574401,5,0,82321,5,2
802319,undefined,0,141.65000000000003,0,0,0,0,1,4,773108,undefined,undefined
813096,1240679156892,1240680284686,0,1033,6,139.33333333333334,0,0,0,120076,2,null
814312,1240685164868,1240685179185,0,0,0,0,0,0,0,0,1,null
815527,1240683772995,1240683960370,0,0,0,0,0,0,0,0,1,null
816708,1240690747778,0,0,0,0,0,0,0,0,0,1,0
817545,1240688739511,1240689859754,0,0,0,0,0,0,0,0,1,null
81899,1240679637636,1240683219657,133.9,747,5,113,0,4,3,164198,6,1
821054,1240685509937,0,0,1643,17,79.05882352941177,0,0,0,30735,2,0
822585,1240680729083,1240680756371,0,0,0,0,0,0,0,0,1,null
82321,undefined,0,267.05,0,0,0,0,4,5,57717,undefined,undefined
825362,1240686953362,1240687848486,0,161,2,96,0,0,0,0,1,null
829177,1240683011976,1240683106410,0,1165,6,121.83333333333333,0,0,0,113453,2,null
830074,1240690012197,1240690418206,0,0,0,0,0,0,0,0,1,null
833228,1240690342661,1240690393461,0,0,0,0,0,0,0,0,1,null
835888,1240684066314,1240686213597,0,1436,10,137.1,857627,0,0,751256,2,null
837703,1240689710926,1240689714860,0,0,0,0,0,0,0,0,1,null
839004,1240678899916,1240679059769,0,0,0,0,0,0,0,0,1,null
842430,1240682679840,1240683247057,0,499,3,136,0,0,0,0,1,null
84297,1240688128399,1240689089641,0,394,4,95.5,0,0,0,113237,1,null
848592,1240686297288,1240686317948,0,0,0,0,0,0,0,0,1,null
849362,1240681414101,1240682006802,0,187,2,93.5,0,0,0,0,1,null
849967,1240687840582,1240687942027,0,0,0,0,0,0,0,0,1,null
85079,undefined,0,9.8,0,0,0,0,3,8,43402,undefined,undefined
852802,1240682811128,1240683344945,0,0,0,0,0,0,0,0,1,null
856450,1240685729710,1240687931830,0,1102,6,224.33333333333334,0,0,0,133118,2,null
856761,1240687044918,1240688023330,0,201,2,119.5,0,0,0,0,1,null
857627,1240684019907,1240686806481,0,2044,13,142.69230769230768,835888,0,0,0,2,null
857653,1240680451542,1240682910033,0,1585,10,144.8,0,0,0,136892,2,null
859282,1240684026340,1240686950361,0,1008,7,120.28571428571429,0,0,0,261716,2,null
859837,1240689980235,1240690013962,0,0,0,0,0,0,0,0,1,null
860271,1240682788670,1240682805759,0,0,0,0,0,0,0,346096,1,null
860820,1240680933806,1240683305992,0,1789,10,124.2,0,0,0,152551,2,null
860893,1240686758381,1240687025004,0,0,0,0,0,0,0,0,1,null
860899,1240685553641,1240685673541,0,0,0,0,0,0,0,0,1,null
861407,1240680223801,1240680610519,0,0,0,0,0,0,0,0,1,null
862513,1240682008778,1240682437287,0,111,1,111,0,0,0,0,1,null
862664,1240688113153,1240688602395,0,0,0,0,0,0,0,0,1,null
862735,1240681341077,1240681360910,0,0,0,0,0,0,0,0,1,null
862766,1240682719782,1240683261381,0,217,2,100,0,0,0,0,1,null
864791,1240683915905,1240684025572,0,0,0,0,0,0,0,0,1,null
865007,1240682642410,1240683897115,0,137,1,126,0,0,0,10642,1,null
865354,1240680447809,1240681035540,0,0,0,0,0,0,0,0,1,null
865399,1240681869500,1240682088577,0,0,0,0,0,0,0,0,1,null
865655,1240686616208,1240686971032,0,0,0,0,0,0,0,0,1,null
86614,1240685274494,1240685520673,0,0,0,0,0,0,0,1892,3,null
866928,1240686363925,1240686438131,0,0,0,0,0,0,0,0,1,null
86723,1240680433010,1240680439646,59.5,0,0,0,0,1,1,18155,3,0
867761,1240685153861,1240685544162,0,180,1,142,0,0,0,0,1,null
869259,1240684165387,1240684371758,0,0,0,0,0,0,0,767143,1,null
870174,1240684878751,1240685134290,0,85,1,85,0,0,0,0,1,null
870269,1240685683005,1240685721656,0,0,0,0,0,0,0,0,1,null
870773,1240690228096,0,0,826,6,157.83333333333334,0,0,0,430891,1,0
871698,1240688769124,1240688853269,0,0,0,0,0,0,0,0,1,null
87198,1240689785384,1240689836108,0,519,4,97.25,0,0,0,767143,1,null
872529,1240687628632,1240687633313,0,0,0,0,0,0,0,0,1,null
872848,1240687864046,1240687910999,0,0,0,0,0,0,0,0,1,null
873022,1240687774539,1240688574002,0,125,1,125,0,0,0,132008,1,null
874256,1240689525458,1240689550819,0,0,0,0,0,0,0,0,1,null
874604,1240689965428,1240689976385,0,0,0,0,0,0,0,0,1,null
874622,1240690588463,0,0,0,0,0,0,0,0,0,1,0
874696,1240689503645,1240689555017,0,0,0,0,0,0,0,0,1,null
874870,1240690068366,1240690078615,0,0,0,0,0,0,0,0,1,null
874878,1240689710792,1240689748339,0,0,0,0,0,0,0,1892,1,null
875083,1240690728239,1240690761193,0,0,0,0,0,0,0,0,1,null
875473,1240690805525,1240690827605,0,0,0,0,0,0,0,0,1,null
89642,1240689114253,0,0,268,2,47,0,0,0,0,1,0
89656,undefined,0,23.300000000000004,0,0,0,0,2,0,160138,undefined,undefined
89757,undefined,0,46.7,0,0,0,0,3,29,20260,undefined,undefined
90616,1240682898588,1240682995129,0,0,0,0,0,0,0,0,1,null
91101,1240685387620,1240685389902,0,0,0,0,0,0,0,0,1,null
93377,1240690397599,0,0,233,2,91.5,0,0,0,89656,1,0
93821,1240689664356,1240689964885,0,0,0,0,0,0,0,76312,1,0
94693,undefined,0,146.3,0,0,0,0,1,4,383230,undefined,undefined
95010,1240684575390,1240688314882,0,2926,13,207.53846153846155,439277,0,0,149021,6,1
95479,1240679198065,1240679896554,25.8,1166,3,255,0,7,1,586681,4,null
95580,1240681314871,1240681323491,0,0,0,0,0,0,0,258951,3,0
95813,1240690061017,1240690794159,0,474,3,176.33333333333334,0,0,0,54776,3,null
96537,undefined,0,16.6,0,0,0,0,3,1,189849,undefined,undefined
97772,1240686828671,1240687891070,0,473,3,125.33333333333333,0,0,0,113237,1,0
98686,1240684476728,1240684727203,0,0,0,0,0,0,0,0,1,null
98791,1240685232579,1240685253071,0,0,0,0,0,0,0,0,1,null
995,undefined,0,15,0,0,0,0,11,15,12,undefined,undefined
99657,1240685122994,1240685413344,0,0,0,0,0,0,0,0,1,null
<<<<EndTable

PlayersOnlineNow=31
PlayersOnlineEachMinute=0, 3, 5, 7, 7, 8, 10, 12, 13, 12, 12, 12, 13, 13, 15, 14, 14, 14, 13, 14, 14, 14, 15, 19, 20, 20, 20, 22, 20, 22, 22, 21, 19, 18, 20, 22, 20, 21, 19, 19, 19, 20, 23, 21, 22, 20, 20, 24, 24, 23, 22, 23, 24, 23, 24, 25, 27, 28, 29, 27, 29, 29, 33, 32, 30, 33, 33, 32, 34, 32, 30, 32, 30, 32, 33, 27, 24, 26, 23, 25, 26, 25, 28, 28, 27, 26, 24, 25, 22, 24, 24, 29, 28, 30, 29, 31, 33, 32, 31, 29, 29, 31, 33, 33, 31, 32, 32, 35, 34, 35, 35, 36, 37, 36, 33, 34, 34, 34, 35, 38, 39, 38, 37, 39, 39, 38, 41, 41, 40, 40, 42, 41, 41, 40, 41, 43, 41, 40, 40, 41, 41, 40, 40, 42, 41, 40, 37, 37, 37, 42, 40, 38, 39, 39, 37, 35, 34, 33, 32, 31, 30, 28, 29, 26, 27, 26, 28, 28, 27, 29, 29, 26, 26, 27, 29, 31, 33, 31, 33, 31, 30, 29, 31, 33, 29, 27, 27, 26, 24, 29, 29, 30, 31, 27, 30, 33, 32, 31, 32, 32
PlayersInEachFeedingGame=2, 2, 2, 2, 2, 2, 2, 2, 1, 2, 2, 1, 2, 2, 1, 2, 2, 1, 2, 2, 2, 2, 1, 1, 1, 2, 1, 1, 2, 1, 1, 1, 1, 1, 2, 1, 2, 2, 1, 1, 1, 1, 1, 2, 1, 1, 1, 2, 1, 2, 2, 1, 1, 2, 2, 2, 1, 1, 2, 2, 2, 2, 1, 1, 1, 2, 2, 2, 1, 2, 2, 1, 2, 2, 2, 2, 2, 2, 1, 2, 2, 2, 1, 1, 1, 2, 2, 2, 1, 2, 1, 2, 2, 1, 2, 2, 1, 2, 1, 2, 1, 2, 2, 2, 2, 2, 1, 1, 1, 2, 2, 1, 2, 1, 1, 2, 1, 2, 1, 1, 2, 2, 2, 2, 2, 2, 2, 1, 2, 2, 2, 2, 2, 2, 2, 2, 1, 1, 2, 2, 2, 1, 2, 2, 2, 2, 2, 2, 2, 2, 2, 1, 2, 1, 2, 2, 1, 2, 2, 2, 2, 1, 2, 2, 2, 2, 2, 2, 2, 2, 2, 2, 1, 2, 2, 2, 1, 2, 1, 2, 2, 2, 2, 2, 2, 2, 2, 2, 2, 2, 2, 1, 1, 2, 2, 2, 2, 2, 1, 2, 1, 2, 2, 2, 1, 2, 1, 1, 1, 2, 2, 2, 1, 1, 1, 2, 2, 1, 3, 1, 1, 1, 2, 1, 2, 2, 2, 1, 2, 1, 1, 2, 2, 1, 2, 1, 3, 2, 2, 2, 2, 2, 2, 2, 1, 2, 2, 2, 2, 2, 2, 2, 1, 2, 2, 2, 2, 2, 2, 2, 2, 1, 2, 1, 1, 2, 2, 2, 2, 2, 1, 1, 2, 2, 1, 2, 2, 1, 2, 2, 1, 1, 1, 2, 2, 1, 1, 1, 2, 2, 2, 1, 2, 1, 1, 2, 1, 1, 2, 1, 1, 2, 1, 2, 2, 1, 2, 2, 2, 1, 1, 1, 1, 2, 2, 2, 2, 2, 2, 2, 2, 2, 1, 1, 3, 2, 1, 2, 2, 2, 2, 2, 2, 2, 3, 1, 1, 2, 2, 2, 2, 2, 2, 2, 1, 2, 1, 2, 2, 1, 1, 1, 1, 1, 2, 1, 1, 3, 3
PlayersStarted=494
PlayersQuit=463
StatsStartTime=1240678835806
StatsDumpTime=1240690836564
<<<<EndStats
2009-04-25 13:21:11,870 ERROR: vampire.server.feeding.FeedingRecord sendPlayerStartGameMsg [playerId=16514, prey=false, _predatorIndex=816708,210163]
2009-04-25 13:21:12,698 ERROR: vampire.server.feeding.FeedingRecord sendPlayerStartGameMsg [playerId=635003, prey=false, _predatorIndex=]
2009-04-25 13:23:00,918 ERROR: vampire.server.feeding.FeedingRecord sendPlayerStartGameMsg [playerId=217283, prey=true, _predatorIndex=]
2009-04-25 13:23:00,919 ERROR: vampire.server.feeding.FeedingRecord sendPlayerStartGameMsg [playerId=70151, prey=false, _predatorIndex=]
2009-04-25 13:23:12,752 ERROR: vampire.server.feeding.FeedingRecord sendPlayerStartGameMsg [playerId=209224, prey=false, _predatorIndex=]
2009-04-25 13:23:29,101 ERROR: vampire.server.feeding.FeedingRecord sendPlayerStartGameMsg [playerId=113237, prey=true, _predatorIndex=]
2009-04-25 13:23:29,102 ERROR: vampire.server.feeding.FeedingRecord sendPlayerStartGameMsg [playerId=210163, prey=false, _predatorIndex=]
2009-04-25 13:23:43,922 ERROR: vampire.server.feeding.FeedingRecord sendPlayerStartGameMsg [playerId=259344, prey=false, _predatorIndex=]
2009-04-25 13:24:18,286 ERROR: vampire.server.feeding.LogicFeeding handleFeedRequestMessage [player=Player [playerId=159461, name=Pudge111, roomId=null, xp=3497, level=3, bloodbond=0, sire=238812, progeny=], e=FeedRequestMsg: player=159461, targetPlayerId=14220]
2009-04-25 13:24:44,425 ERROR: vampire.server.feeding.LogicFeeding handleFeedRequestMessage [player=Player [playerId=159461, name=Pudge111, roomId=null, xp=3497, level=3, bloodbond=0, sire=238812, progeny=], e=FeedRequestMsg: player=159461, targetPlayerId=14220]
2009-04-25 13:24:58,762 ERROR: vampire.server.feeding.LogicFeeding handleFeedRequestMessage [player=Player [playerId=159461, name=Pudge111, roomId=null, xp=3497, level=3, bloodbond=0, sire=238812, progeny=], e=FeedRequestMsg: player=159461, targetPlayerId=14220]
2009-04-25 13:25:03,255 ERROR: vampire.server.feeding.FeedingRecord sendPlayerStartGameMsg [playerId=1892, prey=true, _predatorIndex=]
2009-04-25 13:25:03,255 ERROR: vampire.server.feeding.FeedingRecord sendPlayerStartGameMsg [playerId=171513, prey=false, _predatorIndex=]
2009-04-25 13:25:12,467 ERROR: vampire.server.feeding.FeedingRecord sendPlayerStartGameMsg [playerId=859282, prey=false, _predatorIndex=]
2009-04-25 13:26:11,145 ERROR: vampire.server.feeding.FeedingRecord sendPlayerStartGameMsg [playerId=10642, prey=false, _predatorIndex=]
2009-04-25 13:26:25,526 ERROR: vampire.server.feeding.FeedingRecord sendPlayerStartGameMsg [playerId=192883, prey=true, _predatorIndex=]
2009-04-25 13:26:25,527 ERROR: vampire.server.feeding.FeedingRecord sendPlayerStartGameMsg [playerId=23989, prey=false, _predatorIndex=]
2009-04-25 13:26:50,120 ERROR: vampire.server.feeding.FeedingRecord sendPlayerStartGameMsg [playerId=874622, prey=false, _predatorIndex=]
2009-04-25 13:27:08,706 ERROR: vampire.server.feeding.FeedingRecord sendPlayerStartGameMsg [playerId=124585, prey=true, _predatorIndex=]
2009-04-25 13:27:08,706 ERROR: vampire.server.feeding.FeedingRecord sendPlayerStartGameMsg [playerId=143278, prey=false, _predatorIndex=]
2009-04-25 13:27:18,557 ERROR: vampire.server.feeding.FeedingRecord sendPlayerStartGameMsg [playerId=161236, prey=true, _predatorIndex=]
2009-04-25 13:27:18,557 ERROR: vampire.server.feeding.FeedingRecord sendPlayerStartGameMsg [playerId=21506, prey=false, _predatorIndex=]
2009-04-25 13:27:26,256 ERROR: vampire.server.feeding.FeedingRecord sendPlayerStartGameMsg [playerId=1062, prey=true, _predatorIndex=]
2009-04-25 13:27:26,257 ERROR: vampire.server.feeding.FeedingRecord sendPlayerStartGameMsg [playerId=171513, prey=false, _predatorIndex=]
2009-04-25 13:27:40,038 ERROR: vampire.server.feeding.FeedingRecord sendPlayerStartGameMsg [playerId=876161, prey=true, _predatorIndex=]
2009-04-25 13:27:40,040 ERROR: vampire.server.feeding.FeedingRecord sendPlayerStartGameMsg [playerId=205100, prey=false, _predatorIndex=]
2009-04-25 13:28:13,750 ERROR: vampire.server.feeding.FeedingRecord sendPlayerStartGameMsg [playerId=217283, prey=true, _predatorIndex=]
2009-04-25 13:28:13,751 ERROR: vampire.server.feeding.FeedingRecord sendPlayerStartGameMsg [playerId=70151, prey=false, _predatorIndex=]
2009-04-25 13:28:36,357 ERROR: vampire.server.feeding.FeedingRecord sendPlayerStartGameMsg [playerId=113237, prey=true, _predatorIndex=]
--- buffer full ---

