2009-04-25 03:48:10,618 ERROR: vampire.server.feeding.FeedingRecord sendPlayerStartGameMsg [playerId=780028, prey=false, _predatorIndex=]

>>>>BeginStats

>>>>BeginTable
PlayerId, StartTime, EndTime, ProgenyPayout, XPFromFeeding, FeedingGames, MeanFeedingScore, BloodBond, Progeny, GrandProgeny, Sire, Level, Invites
103053,undefined,0,33.6,0,0,0,0,3,0,96213,undefined,undefined
112194,undefined,0,31.15,0,0,0,0,3,2,128693,undefined,undefined
12,undefined,0,59.55000000000001,0,0,0,0,19,23,383387,undefined,undefined
122494,1240652537628,1240654376420,0,1819,10,106.4,0,0,0,582081,2,0
1265,undefined,0,44.900000000000006,0,0,0,0,5,7,12,undefined,undefined
130736,1240654898334,1240655141759,0,0,0,0,0,0,0,797824,1,null
131355,1240654989682,1240655148237,0,0,0,0,0,1,2,461901,4,0
141288,1240652501056,0,152.6,2086,11,183.27272727272728,841332,3,0,510740,4,0
156489,undefined,0,67.10000000000001,0,0,0,0,12,13,713,undefined,undefined
160138,undefined,0,51.85,0,0,0,0,5,5,150469,undefined,undefined
16040,1240650733121,1240656424705,427.8,2991,10,317.5,4139,7,3,3,12,3
160624,1240655234663,0,0,816,6,97.33333333333333,0,0,0,843104,2,0
160801,1240649979668,1240650120987,0,0,0,0,0,3,2,166371,3,1
171750,1240650515828,1240652113991,0,1766,8,145.625,0,0,0,176013,2,0
176013,undefined,0,176.6,0,0,0,0,3,0,95378,undefined,undefined
18250,1240650156699,1240651300431,0,623,2,169,0,0,0,73621,2,0
182501,1240650809309,1240652593423,0,2459,8,349.125,108722,5,0,430717,7,3
184167,undefined,0,9.600000000000001,0,0,0,0,4,1,113794,undefined,undefined
188080,1240653544011,1240653897884,0,0,0,0,0,0,0,0,1,null
190687,undefined,0,409.6,0,0,0,0,7,1,383937,undefined,undefined
191134,1240655415055,1240655646010,0,0,0,0,0,0,0,32314,1,2
204450,1240650774438,1240650787279,0,0,0,0,0,0,0,510740,1,null
20731,1240653165981,0,0,3596,11,208.27272727272728,0,0,0,16040,3,0
223864,undefined,0,103.7,0,0,0,0,5,10,160138,undefined,undefined
230164,1240652491577,0,0,8192,11,873.4545454545455,510740,7,1,250837,12,2
23340,undefined,0,314.95000000000005,0,0,0,0,6,4,383387,undefined,undefined
250837,undefined,0,819.2,0,0,0,0,1,7,190687,undefined,undefined
256746,undefined,0,122.95,0,0,0,0,4,20,61984,undefined,undefined
258951,1240649917995,1240650943723,0,449,3,247.66666666666666,555644,6,12,1265,10,7
3,undefined,0,500.75,0,0,0,0,2,10,383387,undefined,undefined
3200,1240655669660,1240655984610,0,1037,5,309.8,71724,10,0,223864,11,2
32314,1240654363265,0,105.10000000000001,6299,15,527.8,0,5,2,40508,11,2
338409,1240652140150,1240652552750,0,497,2,304.5,0,0,0,65584,4,0
351626,undefined,0,24.85,0,0,0,0,6,5,183403,undefined,undefined
357642,1240654054879,1240654234314,0,120,1,120,0,0,0,0,1,null
36432,undefined,0,245.65,0,0,0,0,3,2,44987,undefined,undefined
372617,1240649911775,1240655084856,11.700000000000001,2398,9,347.8888888888889,612159,2,0,36432,5,1
374071,1240655762305,1240655847849,0,0,0,0,0,0,0,0,1,null
381824,1240653635079,1240654005804,0,336,1,336,0,0,0,103053,4,0
383387,undefined,0,149.54999999999998,0,0,0,0,4,46,0,undefined,undefined
387496,1240654746799,1240655264977,82.6,192,2,145.5,0,1,0,82377,3,1
396113,undefined,0,273.9,0,0,0,0,2,4,44987,undefined,undefined
403501,undefined,0,2.4000000000000004,0,0,0,0,3,1,124503,undefined,undefined
40508,undefined,0,662.0500000000002,0,0,0,0,4,5,23340,undefined,undefined
430717,1240651085866,1240652253038,245.9,0,0,0,0,20,9,256746,11,3
437689,undefined,0,4.800000000000001,0,0,0,0,1,1,403501,undefined,undefined
445660,undefined,0,404.5,0,0,0,0,4,5,54812,undefined,undefined
44987,undefined,0,256.85,0,0,0,0,10,5,12770,undefined,undefined
47477,undefined,0,100.10000000000001,0,0,0,0,1,0,58859,undefined,undefined
510740,1240653140857,0,284.9,8090,11,609.2727272727273,230164,47,30,534632,15,14
511609,1240649928869,1240650070364,0,117,1,117,0,0,0,372617,1,null
5153,1240649895532,1240650718894,0,742,3,199.33333333333334,0,1,0,995,8,1
5212,1240652976188,1240653196213,0,671,1,579,2843,13,10,156489,14,2
534632,undefined,0,913.3,0,0,0,0,5,47,445660,undefined,undefined
557606,1240652533445,1240653331100,0,437,3,112.66666666666667,0,0,0,16040,1,null
582081,undefined,0,181.9,0,0,0,0,1,0,79942,undefined,undefined
585199,1240650189755,1240652430811,0,0,0,0,0,0,0,0,1,null
58859,1240653859033,1240654851402,50.050000000000004,2739,6,628.5,43017,4,2,396113,11,2
605460,1240651773347,1240652093698,0,0,0,0,0,0,0,0,1,0
620394,1240654805170,1240655400394,0,0,0,0,0,1,0,2843,4,null
621,1240655814568,0,0,0,0,0,677,3,0,3,9,1
640986,1240650315597,1240650330558,0,0,0,0,0,0,0,0,1,null
65584,undefined,0,49.7,0,0,0,0,4,0,351626,undefined,undefined
713,undefined,0,33.550000000000004,0,0,0,0,1,12,12,undefined,undefined
734404,1240652215248,1240652404461,0,255,2,127.5,0,0,0,0,1,null
73621,undefined,0,62.3,0,0,0,0,2,0,112194,undefined,undefined
778434,1240655603879,1240655921129,0,490,1,490,0,0,0,9093,3,null
780028,1240656359288,0,0,327,2,162.5,0,0,0,141288,2,0
791358,1240654531253,0,0,911,9,93.33333333333333,0,0,0,387496,2,0
794977,1240656197536,1240656212069,0,0,0,0,0,0,0,0,1,null
79942,undefined,0,90.95,0,0,0,0,3,1,198149,undefined,undefined
807467,1240655465724,1240655549743,0,0,0,0,0,0,0,0,1,null
809500,1240651227953,1240651232604,0,0,0,0,0,0,0,0,1,null
811852,1240654276974,1240654287504,0,0,0,0,0,2,0,313795,2,null
814516,1240652080358,1240653041691,0,1001,5,183.8,0,0,0,47477,2,null
82377,undefined,0,60.5,0,0,0,0,1,1,184167,undefined,undefined
841273,1240650124863,1240650508427,0,313,2,71.5,0,0,0,0,1,null
841332,1240654124110,1240656341221,0,1288,9,119.33333333333333,141288,0,0,141288,2,null
842797,1240650418149,1240651025597,0,171,1,122,0,0,0,0,1,null
843104,1240654056401,1240654908957,81.60000000000001,643,4,127.25,0,1,0,32314,1,null
844871,1240652367046,1240652622793,0,107,1,107,0,0,0,0,1,null
845140,1240655246148,1240655273933,0,0,0,0,0,0,0,0,1,null
845252,1240652439762,1240652475954,0,0,0,0,0,0,0,0,1,null
845841,1240655373249,1240655941021,0,0,0,0,0,0,0,0,1,null
846933,1240655938591,1240655949010,0,0,0,0,0,0,0,9093,1,null
89496,1240649926769,1240650771655,0,48,1,96,0,1,0,437689,4,0
9093,1240655602630,0,49,0,0,0,0,3,0,16040,5,2
95378,undefined,0,88.3,0,0,0,0,2,3,3653,undefined,undefined
96213,undefined,0,16.8,0,0,0,0,2,3,41862,undefined,undefined
995,undefined,0,74.2,0,0,0,0,11,1,12,undefined,undefined
<<<<EndTable

PlayersOnlineNow=10
PlayersOnlineEachMinute=0, 6, 7, 6, 6, 10, 10, 11, 11, 12, 12, 11, 11, 11, 10, 9, 9, 9, 9, 8, 8, 8, 8, 8, 7, 7, 7, 7, 8, 8, 8, 8, 8, 9, 10, 10, 9, 8, 9, 10, 10, 9, 8, 9, 11, 10, 10, 9, 10, 10, 9, 9, 10, 9, 8, 10, 9, 9, 8, 8, 9, 9, 9, 10, 11, 11, 11, 10, 10, 9, 11, 12, 12, 12, 11, 11, 11, 11, 12, 12, 12, 13, 14, 13, 14, 15, 15, 14, 10, 12, 11, 11, 13, 14, 15, 13, 12, 13, 14, 15, 14, 12, 11, 11, 11, 11, 11, 11, 11, 10
PlayersInEachFeedingGame=1, 1, 1, 2, 2, 2, 2, 2, 2, 2, 1, 2, 1, 2, 1, 2, 1, 2, 1, 2, 2, 1, 2, 1, 2, 2, 2, 1, 2, 2, 2, 2, 2, 1, 2, 2, 2, 1, 2, 2, 2, 1, 2, 1, 2, 2, 1, 2, 2, 2, 1, 2, 1, 2, 2, 2, 2, 2, 1, 2, 2, 2, 1, 1, 1, 1, 2, 2, 2, 2, 2, 2, 2, 1, 2, 2
PlayersStarted=98
PlayersQuit=88
StatsStartTime=1240649895339
StatsDumpTime=1240656495540
<<<<EndStats
2009-04-25 03:50:06,441 ERROR: vampire.server.feeding.FeedingRecord sendPlayerStartGameMsg [playerId=791358, prey=false, _predatorIndex=]
2009-04-25 03:52:56,953 ERROR: vampire.server.feeding.FeedingRecord sendPlayerStartGameMsg [playerId=780028, prey=true, _predatorIndex=]
2009-04-25 03:52:56,955 ERROR: vampire.server.feeding.FeedingRecord sendPlayerStartGameMsg [playerId=791358, prey=false, _predatorIndex=]
2009-04-25 03:53:02,777 ERROR: vampire.server.feeding.FeedingRecord sendPlayerStartGameMsg [playerId=160624, prey=true, _predatorIndex=]
2009-04-25 03:53:02,778 ERROR: vampire.server.feeding.FeedingRecord sendPlayerStartGameMsg [playerId=141288, prey=false, _predatorIndex=]
2009-04-25 03:55:12,940 ERROR: vampire.server.feeding.FeedingRecord sendPlayerStartGameMsg [playerId=32314, prey=true, _predatorIndex=]
2009-04-25 03:55:12,941 ERROR: vampire.server.feeding.FeedingRecord sendPlayerStartGameMsg [playerId=20731, prey=false, _predatorIndex=]
2009-04-25 03:55:30,818 ERROR: vampire.server.feeding.FeedingRecord sendPlayerStartGameMsg [playerId=2606, prey=false, _predatorIndex=20731]
2009-04-25 03:55:44,253 ERROR: vampire.server.feeding.FeedingRecord sendPlayerStartGameMsg [playerId=141288, prey=true, _predatorIndex=]
2009-04-25 03:55:44,254 ERROR: vampire.server.feeding.FeedingRecord sendPlayerStartGameMsg [playerId=160624, prey=false, _predatorIndex=]
2009-04-25 03:56:07,533 ERROR: vampire.server.feeding.FeedingRecord sendPlayerStartGameMsg [playerId=621, prey=true, _predatorIndex=]
2009-04-25 03:56:07,534 ERROR: vampire.server.feeding.FeedingRecord sendPlayerStartGameMsg [playerId=2606, prey=false, _predatorIndex=]

>>>>BeginStats

>>>>BeginTable
PlayerId, StartTime, EndTime, ProgenyPayout, XPFromFeeding, FeedingGames, MeanFeedingScore, BloodBond, Progeny, GrandProgeny, Sire, Level, Invites
103053,undefined,0,33.6,0,0,0,0,3,0,96213,undefined,undefined
103764,1240656969982,0,0,0,0,0,0,0,0,0,1,0
112194,undefined,0,31.15,0,0,0,0,3,2,128693,undefined,undefined
12,undefined,0,59.55000000000001,0,0,0,0,19,26,383387,undefined,undefined
122494,1240652537628,1240654376420,0,1819,10,106.4,0,0,0,582081,2,0
1265,undefined,0,44.900000000000006,0,0,0,0,5,7,12,undefined,undefined
130736,1240654898334,1240655141759,0,0,0,0,0,0,0,797824,1,null
131355,1240654989682,1240655148237,0,0,0,0,0,1,2,461901,4,0
141288,1240652501056,0,204.70000000000002,2762,15,187.6,841332,3,0,510740,4,0
156489,undefined,0,67.10000000000001,0,0,0,0,12,13,713,undefined,undefined
160138,undefined,0,51.85,0,0,0,0,5,5,150469,undefined,undefined
16040,1240650733121,1240656424705,476.6,2991,10,317.5,4139,7,3,3,12,3
160624,1240655234663,0,0,1082,8,96.375,0,0,0,843104,2,0
160801,1240649979668,1240650120987,0,0,0,0,0,3,2,166371,3,1
171750,1240650515828,1240652113991,0,1766,8,145.625,0,0,0,176013,2,0
176013,undefined,0,176.6,0,0,0,0,3,0,95378,undefined,undefined
18250,1240650156699,1240651300431,0,623,2,169,0,0,0,73621,2,0
182501,1240650809309,1240652593423,0,2459,8,349.125,108722,5,0,430717,7,3
184167,undefined,0,9.600000000000001,0,0,0,0,4,1,113794,undefined,undefined
188080,1240653544011,1240653897884,0,0,0,0,0,0,0,0,1,null
190687,undefined,0,534.1,0,0,0,0,7,1,383937,undefined,undefined
191134,1240655415055,1240655646010,0,0,0,0,0,0,0,32314,1,2
204450,1240650774438,1240650787279,0,0,0,0,0,0,0,510740,1,null
20731,1240653165981,0,0,4084,13,207.84615384615384,0,0,0,16040,3,0
223864,undefined,0,103.7,0,0,0,0,5,10,160138,undefined,undefined
230164,1240652491577,0,0,10682,15,835.4666666666667,510740,7,1,250837,12,2
23340,undefined,0,339.35,0,0,0,0,6,4,383387,undefined,undefined
250837,undefined,0,1068.2,0,0,0,0,1,7,190687,undefined,undefined
256746,undefined,0,122.95,0,0,0,0,4,20,61984,undefined,undefined
258951,1240649917995,1240650943723,0,449,3,247.66666666666666,555644,6,12,1265,10,7
2606,1240656838100,0,0,0,0,0,0,0,0,307471,3,0
3,undefined,0,525.15,0,0,0,0,2,11,383387,undefined,undefined
3200,1240655669660,1240655984610,0,1037,5,309.8,71724,10,0,223864,11,2
32314,1240654363265,0,118.40000000000002,6787,17,498.88235294117646,0,5,2,40508,11,2
338409,1240652140150,1240652552750,0,497,2,304.5,0,0,0,65584,4,0
351626,undefined,0,24.85,0,0,0,0,6,5,183403,undefined,undefined
357642,1240654054879,1240654234314,0,120,1,120,0,0,0,0,1,null
36432,undefined,0,245.65,0,0,0,0,3,2,44987,undefined,undefined
372617,1240656987349,0,11.700000000000001,2398,9,347.8888888888889,612159,2,0,36432,5,1
374071,1240655762305,1240655847849,0,0,0,0,0,0,0,0,1,null
381824,1240653635079,1240654005804,0,336,1,336,0,0,0,103053,4,0
383387,undefined,0,149.54999999999998,0,0,0,0,4,46,0,undefined,undefined
387496,1240654746799,1240655264977,104.4,192,2,145.5,0,1,0,82377,3,1
396113,undefined,0,273.9,0,0,0,0,2,4,44987,undefined,undefined
403501,undefined,0,2.4000000000000004,0,0,0,0,3,1,124503,undefined,undefined
40508,undefined,0,710.8500000000001,0,0,0,0,4,5,23340,undefined,undefined
430717,1240651085866,1240652253038,245.9,0,0,0,0,20,9,256746,11,3
437689,undefined,0,4.800000000000001,0,0,0,0,1,1,403501,undefined,undefined
445660,undefined,0,529,0,0,0,0,4,5,54812,undefined,undefined
44987,undefined,0,256.85,0,0,0,0,10,5,12770,undefined,undefined
47477,undefined,0,100.10000000000001,0,0,0,0,1,0,58859,undefined,undefined
510740,1240653140857,0,378.55,10580,15,583.7333333333333,230164,47,30,534632,16,14
511609,1240649928869,1240650070364,0,117,1,117,0,0,0,372617,1,null
5153,1240649895532,1240650718894,0,742,3,199.33333333333334,0,1,0,995,8,1
5212,1240652976188,1240653196213,0,671,1,579,2843,13,10,156489,14,2
534632,undefined,0,1196.1000000000001,0,0,0,0,5,47,445660,undefined,undefined
557606,1240652533445,1240653331100,0,437,3,112.66666666666667,0,0,0,16040,1,null
582081,undefined,0,181.9,0,0,0,0,1,0,79942,undefined,undefined
585199,1240650189755,1240652430811,0,0,0,0,0,0,0,0,1,null
58859,1240653859033,1240654851402,50.050000000000004,2739,6,628.5,43017,4,2,396113,11,2
605460,1240651773347,1240652093698,0,0,0,0,0,0,0,0,1,0
620394,1240654805170,1240655400394,0,0,0,0,0,1,0,2843,4,null
621,1240655814568,0,0,0,0,0,677,4,0,3,9,2
640986,1240650315597,1240650330558,0,0,0,0,0,0,0,0,1,null
65584,undefined,0,49.7,0,0,0,0,4,0,351626,undefined,undefined
713,undefined,0,33.550000000000004,0,0,0,0,1,12,12,undefined,undefined
734404,1240652215248,1240652404461,0,255,2,127.5,0,0,0,0,1,null
73621,undefined,0,62.3,0,0,0,0,2,0,112194,undefined,undefined
771997,1240656985644,1240656996597,0,0,0,0,0,0,0,0,1,null
778434,1240655603879,1240655921129,0,490,1,490,0,0,0,9093,3,null
780028,1240656359288,1240656955896,0,848,5,160.2,0,0,0,141288,2,null
791358,1240654531253,0,0,1129,11,96.0909090909091,0,0,0,387496,2,0
794977,1240656197536,1240656212069,0,0,0,0,0,0,0,0,1,null
79942,undefined,0,90.95,0,0,0,0,3,1,198149,undefined,undefined
807467,1240655465724,1240655549743,0,0,0,0,0,0,0,0,1,null
809500,1240651227953,1240651232604,0,0,0,0,0,0,0,0,1,null
811852,1240654276974,1240654287504,0,0,0,0,0,2,0,313795,2,null
814516,1240652080358,1240653041691,0,1001,5,183.8,0,0,0,47477,2,null
82377,undefined,0,71.39999999999999,0,0,0,0,1,1,184167,undefined,undefined
841273,1240650124863,1240650508427,0,313,2,71.5,0,0,0,0,1,null
841332,1240654124110,1240656341221,0,1288,9,119.33333333333333,141288,0,0,141288,2,null
842797,1240650418149,1240651025597,0,171,1,122,0,0,0,0,1,null
843104,1240654056401,1240654908957,108.2,643,4,127.25,0,1,0,32314,1,null
843589,1240656884765,1240656903519,0,0,0,0,0,0,0,0,1,null
844871,1240652367046,1240652622793,0,107,1,107,0,0,0,0,1,null
845140,1240655246148,1240655273933,0,0,0,0,0,0,0,0,1,null
845252,1240652439762,1240652475954,0,0,0,0,0,0,0,0,1,null
845841,1240655373249,1240655941021,0,0,0,0,0,0,0,0,1,null
846933,1240656750538,1240656893506,0,0,0,0,0,0,0,9093,1,null
847010,1240656557308,1240656573445,0,0,0,0,0,0,0,0,1,null
847378,1240656944413,1240656956806,0,0,0,0,0,0,0,621,1,null
89496,1240649926769,1240650771655,0,48,1,96,0,1,0,437689,4,0
9093,1240655602630,0,49,0,0,0,0,3,0,16040,5,2
95378,undefined,0,88.3,0,0,0,0,2,3,3653,undefined,undefined
96213,undefined,0,16.8,0,0,0,0,2,3,41862,undefined,undefined
995,undefined,0,74.2,0,0,0,0,11,1,12,undefined,undefined
<<<<EndTable

PlayersOnlineNow=12
PlayersOnlineEachMinute=0, 6, 7, 6, 6, 10, 10, 11, 11, 12, 12, 11, 11, 11, 10, 9, 9, 9, 9, 8, 8, 8, 8, 8, 7, 7, 7, 7, 8, 8, 8, 8, 8, 9, 10, 10, 9, 8, 9, 10, 10, 9, 8, 9, 11, 10, 10, 9, 10, 10, 9, 9, 10, 9, 8, 10, 9, 9, 8, 8, 9, 9, 9, 10, 11, 11, 11, 10, 10, 9, 11, 12, 12, 12, 11, 11, 11, 11, 12, 12, 12, 13, 14, 13, 14, 15, 15, 14, 10, 12, 11, 11, 13, 14, 15, 13, 12, 13, 14, 15, 14, 12, 11, 11, 11, 11, 11, 11, 11, 10, 10, 10, 10, 10, 10, 12, 12, 11, 11, 12
PlayersInEachFeedingGame=1, 1, 1, 2, 2, 2, 2, 2, 2, 2, 1, 2, 1, 2, 1, 2, 1, 2, 1, 2, 2, 1, 2, 1, 2, 2, 2, 1, 2, 2, 2, 2, 2, 1, 2, 2, 2, 1, 2, 2, 2, 1, 2, 1, 2, 2, 1, 2, 2, 2, 1, 2, 1, 2, 2, 2, 2, 2, 1, 2, 2, 2, 1, 1, 1, 1, 2, 2, 2, 2, 2, 2, 2, 1, 2, 2, 1, 2, 2, 2, 2, 2
PlayersStarted=109
PlayersQuit=97
StatsStartTime=1240649895339
StatsDumpTime=1240657095576
<<<<EndStats
2009-04-25 03:58:55,534 ERROR: vampire.server.feeding.FeedingRecord sendPlayerStartGameMsg [playerId=160624, prey=true, _predatorIndex=]
2009-04-25 03:58:55,535 ERROR: vampire.server.feeding.FeedingRecord sendPlayerStartGameMsg [playerId=141288, prey=false, _predatorIndex=]
2009-04-25 03:59:24,693 ERROR: vampire.server.feeding.FeedingRecord sendPlayerStartGameMsg [playerId=7314, prey=true, _predatorIndex=]
2009-04-25 03:59:24,693 ERROR: vampire.server.feeding.FeedingRecord sendPlayerStartGameMsg [playerId=791358, prey=false, _predatorIndex=]
2009-04-25 03:59:33,794 ERROR: vampire.server.feeding.FeedingRecord sendPlayerStartGameMsg [playerId=372617, prey=false, _predatorIndex=791358]
2009-04-25 04:00:24,507 ERROR: vampire.server.feeding.FeedingRecord sendPlayerStartGameMsg [playerId=560907, prey=false, _predatorIndex=]
2009-04-25 04:00:30,175 ERROR: vampire.server.feeding.FeedingRecord sendPlayerStartGameMsg [playerId=372617, prey=false, _predatorIndex=560907]
2009-04-25 04:00:38,275 ERROR: vampire.server.feeding.FeedingRecord sendPlayerStartGameMsg [playerId=372617, prey=false, _predatorIndex=791358,372617]
2009-04-25 04:02:15,394 ERROR: vampire.server.feeding.FeedingRecord sendPlayerStartGameMsg [playerId=160624, prey=true, _predatorIndex=]
2009-04-25 04:02:15,394 ERROR: vampire.server.feeding.FeedingRecord sendPlayerStartGameMsg [playerId=141288, prey=false, _predatorIndex=]
2009-04-25 04:02:22,026 ERROR: vampire.server.feeding.FeedingRecord sendPlayerStartGameMsg [playerId=791358, prey=false, _predatorIndex=791358,372617]
2009-04-25 04:02:41,572 ERROR: vampire.server.feeding.FeedingRecord sendPlayerStartGameMsg [playerId=560907, prey=true, _predatorIndex=]
2009-04-25 04:02:41,574 ERROR: vampire.server.feeding.FeedingRecord sendPlayerStartGameMsg [playerId=791358, prey=false, _predatorIndex=]
2009-04-25 04:03:10,274 ERROR: vampire.server.feeding.FeedingRecord sendPlayerStartGameMsg [playerId=844714, prey=false, _predatorIndex=]
2009-04-25 04:04:05,718 ERROR: vampire.server.feeding.FeedingRecord sendPlayerStartGameMsg [playerId=560907, prey=false, _predatorIndex=]
2009-04-25 04:06:03,747 ERROR: vampire.server.feeding.FeedingRecord sendPlayerStartGameMsg [playerId=372617, prey=false, _predatorIndex=]
Error! Your code is broken! Unable to call a host method, perhaps you've been shut down? [msg=Room not in game [roomId=754038], trace=Error: Room not in game [roomId=754038]
	at com.threerings.msoy.avrg.client::ThaneAVRGameController/getRoomProps()[/export/bamboo/bamboo-home/xml-data/build-dir/WHIRLED-PROD/src/as/com/threerings/msoy/avrg/client/ThaneAVRGameController.as:182]
	at com.threerings.msoy.avrg.client::ThaneAVRGameBackend/room_sendMessage_v1()[/export/bamboo/bamboo-home/xml-data/build-dir/WHIRLED-PROD/src/as/com/threerings/msoy/avrg/client/ThaneAVRGameBackend.as:540]
	at Function/http://adobe.com/AS3/2006/builtin::apply()
	at com.whirled::AbstractControl/callHostCode()
	at Function/http://adobe.com/AS3/2006/builtin::apply()
	at com.whirled::AbstractSubControl/callHostCode()
	at Function/http://adobe.com/AS3/2006/builtin::apply()
	at com.whirled::TargetedSubControl/callHostCode()
	at com.whirled.avrg::RoomSubControlServer/sendMessage()
	at vampire.feeding.server::ServerCtx/sendMessage()
	at vampire.feeding.server::ServerGameMode/onTimeOver()
	at flash.events::EventDispatcher/dispatchEvent()
	at flash.utils::Timer/expire()
	at flash.utils::Timer$/heartbeat()
	at Thane$/heartbeat()
	at Thane$/heartbeat()].
2009-04-25 04:06:25,279 ERROR: vampire.server.feeding.FeedingRecord sendPlayerStartGameMsg [playerId=844714, prey=false, _predatorIndex=372617]
2009-04-25 04:07:33,420 ERROR: vampire.server.feeding.FeedingRecord sendPlayerStartGameMsg [playerId=791358, prey=true, _predatorIndex=]
2009-04-25 04:07:33,421 ERROR: vampire.server.feeding.FeedingRecord sendPlayerStartGameMsg [playerId=844714, prey=false, _predatorIndex=]

>>>>BeginStats

>>>>BeginTable
PlayerId, StartTime, EndTime, ProgenyPayout, XPFromFeeding, FeedingGames, MeanFeedingScore, BloodBond, Progeny, GrandProgeny, Sire, Level, Invites
103053,undefined,0,33.6,0,0,0,0,3,0,96213,undefined,undefined
103764,1240656969982,1240657123035,0,0,0,0,0,0,0,0,1,null
112194,undefined,0,31.15,0,0,0,0,3,2,128693,undefined,undefined
12,undefined,0,77.4,0,0,0,0,19,27,383387,undefined,undefined
122494,1240652537628,1240654376420,0,1819,10,106.4,0,0,0,582081,2,0
1265,undefined,0,44.900000000000006,0,0,0,0,5,7,12,undefined,undefined
130736,1240654898334,1240655141759,0,0,0,0,0,0,0,797824,1,null
131355,1240654989682,1240655148237,0,0,0,0,0,1,2,461901,4,0
141288,1240652501056,0,204.70000000000002,3059,17,186.47058823529412,841332,3,0,510740,4,0
144887,1240657344220,1240657378938,0,0,0,0,0,0,0,0,1,null
156489,undefined,0,80.80000000000001,0,0,0,0,12,13,713,undefined,undefined
160138,undefined,0,51.85,0,0,0,0,5,5,150469,undefined,undefined
16040,1240657575478,1240657588805,476.6,2991,10,317.5,4139,7,3,3,12,3
160624,1240655234663,0,0,1379,10,100.7,0,0,0,843104,2,0
160801,1240649979668,1240650120987,0,0,0,0,0,3,2,166371,3,1
171750,1240650515828,1240652113991,0,1766,8,145.625,0,0,0,176013,2,0
176013,undefined,0,176.6,0,0,0,0,3,0,95378,undefined,undefined
179390,1240657355478,1240657582092,0,0,0,0,0,0,0,52484,4,0
18250,1240650156699,1240651300431,0,623,2,169,0,0,0,73621,2,0
182501,1240650809309,1240652593423,0,2459,8,349.125,108722,5,0,430717,7,3
184167,undefined,0,9.600000000000001,0,0,0,0,4,1,113794,undefined,undefined
188080,1240653544011,1240653897884,0,0,0,0,0,0,0,0,1,null
190687,undefined,0,600.6,0,0,0,0,7,1,383937,undefined,undefined
191134,1240655415055,1240655646010,0,0,0,0,0,0,0,32314,1,2
204450,1240650774438,1240650787279,0,0,0,0,0,0,0,510740,1,null
20731,1240653165981,1240657672408,0,4084,13,207.84615384615384,0,0,0,16040,3,null
223864,undefined,0,103.7,0,0,0,0,5,10,160138,undefined,undefined
230164,1240652491577,0,0,12012,17,822.5294117647059,510740,7,1,250837,12,2
23340,undefined,0,339.35,0,0,0,0,6,4,383387,undefined,undefined
250837,undefined,0,1201.2,0,0,0,0,1,7,190687,undefined,undefined
256746,undefined,0,122.95,0,0,0,0,4,20,61984,undefined,undefined
258951,1240649917995,1240650943723,0,449,3,247.66666666666666,555644,6,12,1265,10,7
2606,1240656838100,0,0,357,1,147,0,0,0,307471,3,0
3,undefined,0,560.85,0,0,0,0,2,11,383387,undefined,undefined
307471,undefined,0,35.7,0,0,0,0,3,0,12,undefined,undefined
3200,1240655669660,1240655984610,0,1037,5,309.8,71724,10,0,223864,11,2
32314,1240654363265,1240657659940,133.25000000000003,6787,17,498.88235294117646,0,5,2,40508,11,2
338409,1240652140150,1240652552750,0,497,2,304.5,0,0,0,65584,4,0
344937,undefined,0,28.6,0,0,0,0,9,11,251062,undefined,undefined
351626,undefined,0,24.85,0,0,0,0,6,5,183403,undefined,undefined
357642,1240654054879,1240654234314,0,120,1,120,0,0,0,0,1,null
36432,undefined,0,311.04999999999995,0,0,0,0,3,2,44987,undefined,undefined
372617,1240656987349,0,11.700000000000001,3052,11,331.45454545454544,612159,2,0,36432,5,1
374071,1240655762305,1240655847849,0,0,0,0,0,0,0,0,1,null
381824,1240653635079,1240654005804,0,336,1,336,0,0,0,103053,4,0
383387,undefined,0,167.39999999999998,0,0,0,0,4,46,0,undefined,undefined
387496,1240654746799,1240655264977,126.50000000000001,192,2,145.5,0,1,0,82377,3,1
396113,undefined,0,273.9,0,0,0,0,2,4,44987,undefined,undefined
403501,undefined,0,2.4000000000000004,0,0,0,0,3,1,124503,undefined,undefined
40508,undefined,0,710.8500000000001,0,0,0,0,4,5,23340,undefined,undefined
430717,1240651085866,1240652253038,245.9,0,0,0,0,20,9,256746,11,3
433340,1240657651547,0,0,0,0,0,0,0,0,60973,1,0
437689,undefined,0,4.800000000000001,0,0,0,0,1,1,403501,undefined,undefined
445660,undefined,0,595.5,0,0,0,0,4,5,54812,undefined,undefined
44987,undefined,0,289.55,0,0,0,0,10,5,12770,undefined,undefined
47477,undefined,0,100.10000000000001,0,0,0,0,1,0,58859,undefined,undefined
510740,1240653140857,0,408.25,11910,17,586.1764705882352,230164,47,30,534632,16,14
511609,1240649928869,1240650070364,0,117,1,117,0,0,0,372617,1,null
5153,1240649895532,1240650718894,0,742,3,199.33333333333334,0,1,0,995,8,1
5212,1240652976188,1240653196213,0,671,1,579,2843,13,10,156489,14,2
534632,undefined,0,1343.9500000000003,0,0,0,0,5,47,445660,undefined,undefined
557606,1240652533445,1240653331100,0,437,3,112.66666666666667,0,0,0,16040,1,null
560907,1240657212468,1240657457310,0,137,1,137,0,0,0,156489,2,0
582081,undefined,0,181.9,0,0,0,0,1,0,79942,undefined,undefined
5842,1240657661029,0,57.2,0,0,0,40275,11,23,344937,12,4
585199,1240650189755,1240652430811,0,0,0,0,0,0,0,0,1,null
58859,1240653859033,1240654851402,50.050000000000004,2739,6,628.5,43017,4,2,396113,11,2
605460,1240651773347,1240652093698,0,0,0,0,0,0,0,0,1,0
620394,1240654805170,1240655400394,0,0,0,0,0,1,0,2843,4,null
621,1240657532307,0,0,357,1,566,677,4,0,3,10,2
640986,1240650315597,1240650330558,0,0,0,0,0,0,0,0,1,null
65584,undefined,0,49.7,0,0,0,0,4,0,351626,undefined,undefined
713,undefined,0,40.400000000000006,0,0,0,0,2,17,12,undefined,undefined
7314,1240657501680,0,0,572,2,381.5,0,8,4,5842,9,2
734404,1240652215248,1240652404461,0,255,2,127.5,0,0,0,0,1,null
73621,undefined,0,62.3,0,0,0,0,2,0,112194,undefined,undefined
77,1240657143880,1240657174480,0,0,0,0,171151,10,2,12770,13,2
771997,1240656985644,1240656996597,0,0,0,0,0,0,0,0,1,null
778434,1240655603879,1240655921129,0,490,1,490,0,0,0,9093,3,null
780028,1240656359288,1240656955896,0,848,5,160.2,0,0,0,141288,2,null
791358,1240654531253,0,0,1350,13,97.84615384615384,0,0,0,387496,2,0
794977,1240656197536,1240656212069,0,0,0,0,0,0,0,0,1,null
79942,undefined,0,90.95,0,0,0,0,3,1,198149,undefined,undefined
807467,1240655465724,1240655549743,0,0,0,0,0,0,0,0,1,null
809500,1240651227953,1240651232604,0,0,0,0,0,0,0,0,1,null
811852,1240654276974,1240654287504,0,0,0,0,0,2,0,313795,2,null
812855,1240657447565,1240657454584,0,0,0,0,0,0,0,0,1,null
814516,1240652080358,1240653041691,0,1001,5,183.8,0,0,0,47477,2,null
82377,undefined,0,82.44999999999999,0,0,0,0,1,1,184167,undefined,undefined
841273,1240650124863,1240650508427,0,313,2,71.5,0,0,0,0,1,null
841332,1240654124110,1240656341221,0,1288,9,119.33333333333333,141288,0,0,141288,2,null
842797,1240650418149,1240651025597,0,171,1,122,0,0,0,0,1,null
843104,1240654056401,1240654908957,137.9,643,4,127.25,0,1,0,32314,1,null
843589,1240656884765,1240656903519,0,0,0,0,0,0,0,0,1,null
844714,1240657348825,0,0,38,1,38,0,0,0,0,1,0
844871,1240652367046,1240652622793,0,107,1,107,0,0,0,0,1,null
845140,1240655246148,1240655273933,0,0,0,0,0,0,0,0,1,null
845252,1240652439762,1240652475954,0,0,0,0,0,0,0,0,1,null
845841,1240655373249,1240655941021,0,0,0,0,0,0,0,0,1,null
846933,1240656750538,1240656893506,0,0,0,0,0,0,0,9093,1,null
847010,1240656557308,1240656573445,0,0,0,0,0,0,0,0,1,null
847378,1240656944413,1240656956806,0,0,0,0,0,0,0,621,1,null
89496,1240649926769,1240650771655,0,48,1,96,0,1,0,437689,4,0
9093,1240655602630,0,49,0,0,0,0,3,0,16040,5,2
95378,undefined,0,88.3,0,0,0,0,2,3,3653,undefined,undefined
96213,undefined,0,16.8,0,0,0,0,2,3,41862,undefined,undefined
995,undefined,0,74.2,0,0,0,0,11,2,12,undefined,undefined
<<<<EndTable

PlayersOnlineNow=13
PlayersOnlineEachMinute=0, 6, 7, 6, 6, 10, 10, 11, 11, 12, 12, 11, 11, 11, 10, 9, 9, 9, 9, 8, 8, 8, 8, 8, 7, 7, 7, 7, 8, 8, 8, 8, 8, 9, 10, 10, 9, 8, 9, 10, 10, 9, 8, 9, 11, 10, 10, 9, 10, 10, 9, 9, 10, 9, 8, 10, 9, 9, 8, 8, 9, 9, 9, 10, 11, 11, 11, 10, 10, 9, 11, 12, 12, 12, 11, 11, 11, 11, 12, 12, 12, 13, 14, 13, 14, 15, 15, 14, 10, 12, 11, 11, 13, 14, 15, 13, 12, 13, 14, 15, 14, 12, 11, 11, 11, 11, 11, 11, 11, 10, 10, 10, 10, 10, 10, 12, 12, 11, 11, 12, 12, 14, 14, 14, 13, 15, 14, 14, 15, 13
PlayersInEachFeedingGame=1, 1, 1, 2, 2, 2, 2, 2, 2, 2, 1, 2, 1, 2, 1, 2, 1, 2, 1, 2, 2, 1, 2, 1, 2, 2, 2, 1, 2, 2, 2, 2, 2, 1, 2, 2, 2, 1, 2, 2, 2, 1, 2, 1, 2, 2, 1, 2, 2, 2, 1, 2, 1, 2, 2, 2, 2, 2, 1, 2, 2, 2, 1, 1, 1, 1, 2, 2, 2, 2, 2, 2, 2, 1, 2, 2, 1, 2, 2, 2, 2, 2, 2, 2, 1, 2, 2, 1, 1, 1
PlayersStarted=128
PlayersQuit=115
StatsStartTime=1240649895339
StatsDumpTime=1240657695598
<<<<EndStats
2009-04-25 04:08:36,183 ERROR: vampire.server.feeding.FeedingRecord sendPlayerStartGameMsg [playerId=844714, prey=true, _predatorIndex=]
2009-04-25 04:08:36,183 ERROR: vampire.server.feeding.FeedingRecord sendPlayerStartGameMsg [playerId=160624, prey=false, _predatorIndex=]
2009-04-25 04:09:08,675 ERROR: vampire.server.feeding.FeedingRecord sendPlayerStartGameMsg [playerId=120076, prey=true, _predatorIndex=]
2009-04-25 04:09:08,676 ERROR: vampire.server.feeding.FeedingRecord sendPlayerStartGameMsg [playerId=372617, prey=false, _predatorIndex=]
2009-04-25 04:10:44,416 ERROR: vampire.server.feeding.FeedingRecord sendPlayerStartGameMsg [playerId=230164, prey=true, _predatorIndex=]
2009-04-25 04:10:44,417 ERROR: vampire.server.feeding.FeedingRecord sendPlayerStartGameMsg [playerId=844714, prey=false, _predatorIndex=]
2009-04-25 04:12:06,610 ERROR: vampire.server.feeding.FeedingRecord sendPlayerStartGameMsg [playerId=120076, prey=true, _predatorIndex=]
2009-04-25 04:12:06,611 ERROR: vampire.server.feeding.FeedingRecord sendPlayerStartGameMsg [playerId=29072, prey=false, _predatorIndex=]
2009-04-25 04:12:20,550 ERROR: vampire.server.feeding.FeedingRecord sendPlayerStartGameMsg [playerId=372617, prey=false, _predatorIndex=29072]
2009-04-25 04:12:47,508 ERROR: vampire.server.feeding.FeedingRecord sendPlayerStartGameMsg [playerId=68400, prey=false, _predatorIndex=29072,372617]
2009-04-25 04:12:49,861 ERROR: vampire.server.feeding.FeedingRecord sendPlayerStartGameMsg [playerId=372617, prey=false, _predatorIndex=29072,372617,68400]
2009-04-25 04:13:47,851 ERROR: vampire.server.feeding.FeedingRecord sendPlayerStartGameMsg [playerId=7314, prey=true, _predatorIndex=]
2009-04-25 04:13:47,851 ERROR: vampire.server.feeding.FeedingRecord sendPlayerStartGameMsg [playerId=791358, prey=false, _predatorIndex=]
2009-04-25 04:13:47,943 ERROR: vampire.server.feeding.FeedingRecord sendPlayerStartGameMsg [playerId=372617, prey=false, _predatorIndex=791358]
2009-04-25 04:13:52,710 ERROR: vampire.server.feeding.FeedingRecord sendPlayerStartGameMsg [playerId=510740, prey=true, _predatorIndex=]
2009-04-25 04:13:52,711 ERROR: vampire.server.feeding.FeedingRecord sendPlayerStartGameMsg [playerId=230164, prey=false, _predatorIndex=]
2009-04-25 04:16:21,201 ERROR: vampire.server.feeding.FeedingRecord sendPlayerStartGameMsg [playerId=372617, prey=false, _predatorIndex=29072,372617,68400]
2009-04-25 04:16:21,714 ERROR: vampire.server.feeding.FeedingRecord sendPlayerStartGameMsg [playerId=7314, prey=true, _predatorIndex=]
2009-04-25 04:16:21,714 ERROR: vampire.server.feeding.FeedingRecord sendPlayerStartGameMsg [playerId=32314, prey=false, _predatorIndex=]
2009-04-25 04:17:04,832 ERROR: vampire.server.feeding.FeedingRecord sendPlayerStartGameMsg [playerId=791358, prey=false, _predatorIndex=]
2009-04-25 04:17:45,155 ERROR: vampire.server.feeding.FeedingRecord sendPlayerStartGameMsg [playerId=621, prey=true, _predatorIndex=]
2009-04-25 04:17:45,156 ERROR: vampire.server.feeding.FeedingRecord sendPlayerStartGameMsg [playerId=2606, prey=false, _predatorIndex=]

>>>>BeginStats

>>>>BeginTable
PlayerId, StartTime, EndTime, ProgenyPayout, XPFromFeeding, FeedingGames, MeanFeedingScore, BloodBond, Progeny, GrandProgeny, Sire, Level, Invites
103053,undefined,0,33.6,0,0,0,0,3,0,96213,undefined,undefined
103764,1240656969982,1240657123035,0,0,0,0,0,0,0,0,1,null
112194,undefined,0,31.15,0,0,0,0,3,2,128693,undefined,undefined
12,undefined,0,77.4,0,0,0,0,19,27,383387,undefined,undefined
120076,1240657709867,0,0,824,3,197,0,8,1,34987,5,1
122494,1240652537628,1240654376420,0,1819,10,106.4,0,0,0,582081,2,0
1265,undefined,0,44.900000000000006,0,0,0,0,5,7,12,undefined,undefined
130736,1240654898334,1240655141759,0,0,0,0,0,0,0,797824,1,null
131355,1240654989682,1240655148237,0,0,0,0,0,1,2,461901,4,0
141288,1240652501056,0,204.70000000000002,3059,17,186.47058823529412,841332,3,0,510740,4,0
144887,1240657344220,1240657378938,0,0,0,0,0,0,0,0,1,null
156489,undefined,0,80.80000000000001,0,0,0,0,12,13,713,undefined,undefined
160138,undefined,0,51.85,0,0,0,0,5,5,150469,undefined,undefined
16040,1240657575478,1240657588805,476.6,2991,10,317.5,4139,7,3,3,12,3
160624,1240655234663,1240657934704,0,1450,11,104.45454545454545,0,0,0,843104,2,null
160801,1240649979668,1240650120987,0,0,0,0,0,3,2,166371,3,1
171750,1240650515828,1240652113991,0,1766,8,145.625,0,0,0,176013,2,0
176013,undefined,0,176.6,0,0,0,0,3,0,95378,undefined,undefined
179390,1240657355478,1240657582092,0,0,0,0,0,0,0,52484,4,0
18250,1240650156699,1240651300431,0,623,2,169,0,0,0,73621,2,0
182501,1240650809309,1240652593423,0,2459,8,349.125,108722,5,0,430717,7,3
184167,undefined,0,9.600000000000001,0,0,0,0,4,1,113794,undefined,undefined
188080,1240653544011,1240653897884,0,0,0,0,0,0,0,0,1,null
190687,undefined,0,641.15,0,0,0,0,7,1,383937,undefined,undefined
191134,1240655415055,1240655646010,0,0,0,0,0,0,0,32314,1,2
204450,1240650774438,1240650787279,0,0,0,0,0,0,0,510740,1,null
20731,1240653165981,1240657672408,0,4084,13,207.84615384615384,0,0,0,16040,3,null
223864,undefined,0,103.7,0,0,0,0,5,10,160138,undefined,undefined
230164,1240652491577,0,0,12823,19,814.1578947368421,510740,7,1,250837,12,2
23340,undefined,0,339.35,0,0,0,0,6,4,383387,undefined,undefined
233517,undefined,0,30.35,0,0,0,0,2,3,212370,undefined,undefined
250837,undefined,0,1282.3,0,0,0,0,1,7,190687,undefined,undefined
256746,undefined,0,122.95,0,0,0,0,4,20,61984,undefined,undefined
258951,1240649917995,1240650943723,0,449,3,247.66666666666666,555644,6,12,1265,10,7
2606,1240656838100,0,0,357,1,147,0,0,0,307471,3,0
29072,1240657869957,0,0,607,2,466.5,0,1,0,63924,4,0
3,undefined,0,560.85,0,0,0,0,2,11,383387,undefined,undefined
307471,undefined,0,35.7,0,0,0,0,3,0,12,undefined,undefined
3200,1240655669660,1240655984610,0,1037,5,309.8,71724,10,0,223864,11,2
32314,1240657779070,0,136.80000000000004,6787,17,498.88235294117646,0,5,2,40508,11,2
338409,1240652140150,1240652552750,0,497,2,304.5,0,0,0,65584,4,0
344937,undefined,0,37.6,0,0,0,0,9,11,251062,undefined,undefined
34987,undefined,0,82.4,0,0,0,0,2,8,8842,undefined,undefined
351626,undefined,0,24.85,0,0,0,0,6,5,183403,undefined,undefined
357642,1240654054879,1240654234314,0,120,1,120,0,0,0,0,1,null
36432,undefined,0,350.74999999999994,0,0,0,0,3,2,44987,undefined,undefined
372617,1240656987349,0,11.700000000000001,3449,13,319.46153846153845,612159,2,0,36432,5,1
374071,1240655762305,1240655847849,0,0,0,0,0,0,0,0,1,null
381824,1240653635079,1240654005804,0,336,1,336,0,0,0,103053,4,0
383387,undefined,0,167.39999999999998,0,0,0,0,4,46,0,undefined,undefined
387496,1240654746799,1240655264977,144.5,192,2,145.5,0,1,0,82377,3,1
396113,undefined,0,273.9,0,0,0,0,2,4,44987,undefined,undefined
403501,undefined,0,2.4000000000000004,0,0,0,0,3,1,124503,undefined,undefined
40508,undefined,0,710.8500000000001,0,0,0,0,4,5,23340,undefined,undefined
430717,1240651085866,1240652253038,245.9,0,0,0,0,20,9,256746,11,3
433340,1240657651547,1240657696157,0,0,0,0,0,0,0,60973,1,0
437689,undefined,0,4.800000000000001,0,0,0,0,1,1,403501,undefined,undefined
445660,undefined,0,615.5,0,0,0,0,4,5,54812,undefined,undefined
44987,undefined,0,309.40000000000003,0,0,0,0,10,5,12770,undefined,undefined
47477,undefined,0,100.10000000000001,0,0,0,0,1,0,58859,undefined,undefined
510740,1240653140857,0,408.25,12310,18,561.1111111111111,230164,47,30,534632,16,14
511609,1240649928869,1240650070364,0,117,1,117,0,0,0,372617,1,null
5153,1240649895532,1240650718894,0,742,3,199.33333333333334,0,1,0,995,8,1
5212,1240652976188,1240653196213,0,671,1,579,2843,13,10,156489,14,2
534632,undefined,0,1383.9500000000003,0,0,0,0,5,47,445660,undefined,undefined
557606,1240652533445,1240653331100,0,437,3,112.66666666666667,0,0,0,16040,1,null
560907,1240657212468,1240657457310,0,137,1,137,0,0,0,156489,2,0
582081,undefined,0,181.9,0,0,0,0,1,0,79942,undefined,undefined
5842,1240657661029,1240658232340,75.2,0,0,0,40275,11,23,344937,12,4
585199,1240650189755,1240652430811,0,0,0,0,0,0,0,0,1,null
58859,1240653859033,1240654851402,50.050000000000004,2739,6,628.5,43017,4,2,396113,11,2
605460,1240651773347,1240652093698,0,0,0,0,0,0,0,0,1,0
620394,1240654805170,1240655400394,0,0,0,0,0,1,0,2843,4,null
621,1240657532307,0,0,357,1,566,677,4,0,3,10,2
63924,undefined,0,60.7,0,0,0,0,3,1,233517,undefined,undefined
640986,1240650315597,1240650330558,0,0,0,0,0,0,0,0,1,null
654816,1240657954605,1240657961666,0,0,0,0,0,0,0,0,1,null
65584,undefined,0,49.7,0,0,0,0,4,0,351626,undefined,undefined
68400,1240657893589,1240658122160,0,0,0,0,0,0,0,995,3,1
713,undefined,0,40.400000000000006,0,0,0,0,2,17,12,undefined,undefined
7314,1240657501680,0,0,752,3,334.6666666666667,0,8,4,5842,9,2
734404,1240652215248,1240652404461,0,255,2,127.5,0,0,0,0,1,null
73621,undefined,0,62.3,0,0,0,0,2,0,112194,undefined,undefined
77,1240657143880,1240657174480,0,0,0,0,171151,10,2,12770,13,2
771997,1240656985644,1240656996597,0,0,0,0,0,0,0,0,1,null
778434,1240655603879,1240655921129,0,490,1,490,0,0,0,9093,3,null
780028,1240656359288,1240656955896,0,848,5,160.2,0,0,0,141288,2,null
791358,1240654531253,0,0,1530,14,98.57142857142857,0,0,0,387496,2,0
794977,1240656197536,1240656212069,0,0,0,0,0,0,0,0,1,null
79942,undefined,0,90.95,0,0,0,0,3,1,198149,undefined,undefined
807467,1240655465724,1240655549743,0,0,0,0,0,0,0,0,1,null
809500,1240651227953,1240651232604,0,0,0,0,0,0,0,0,1,null
811852,1240654276974,1240654287504,0,0,0,0,0,2,0,313795,2,null
812855,1240657447565,1240657454584,0,0,0,0,0,0,0,0,1,null
814516,1240652080358,1240653041691,0,1001,5,183.8,0,0,0,47477,2,null
82377,undefined,0,91.44999999999999,0,0,0,0,1,1,184167,undefined,undefined
839983,1240657759454,1240657838260,0,0,0,0,0,0,0,0,1,null
841273,1240650124863,1240650508427,0,313,2,71.5,0,0,0,0,1,null
841332,1240654124110,1240656341221,0,1288,9,119.33333333333333,141288,0,0,141288,2,null
842797,1240650418149,1240651025597,0,171,1,122,0,0,0,0,1,null
843104,1240654056401,1240654908957,145,643,4,127.25,0,1,0,32314,1,null
843589,1240656884765,1240656903519,0,0,0,0,0,0,0,0,1,null
844714,1240657348825,1240657916052,0,38,1,38,0,0,0,0,1,null
844871,1240652367046,1240652622793,0,107,1,107,0,0,0,0,1,null
845140,1240655246148,1240655273933,0,0,0,0,0,0,0,0,1,null
845252,1240652439762,1240652475954,0,0,0,0,0,0,0,0,1,null
845841,1240655373249,1240655941021,0,0,0,0,0,0,0,0,1,null
846933,1240656750538,1240656893506,0,0,0,0,0,0,0,9093,1,null
847010,1240656557308,1240656573445,0,0,0,0,0,0,0,0,1,null
847378,1240656944413,1240656956806,0,0,0,0,0,0,0,621,1,null
847714,1240657957765,1240657990465,0,0,0,0,0,0,0,0,1,null
848067,1240658194921,1240658245176,0,0,0,0,0,0,0,0,1,null
8842,undefined,0,41.2,0,0,0,0,11,3,1531,undefined,undefined
89496,1240649926769,1240650771655,0,48,1,96,0,1,0,437689,4,0
9093,1240655602630,0,49,0,0,0,0,3,0,16040,5,2
95378,undefined,0,88.3,0,0,0,0,2,3,3653,undefined,undefined
96213,undefined,0,16.8,0,0,0,0,2,3,41862,undefined,undefined
995,undefined,0,74.2,0,0,0,0,11,2,12,undefined,undefined
<<<<EndTable

PlayersOnlineNow=12
PlayersOnlineEachMinute=0, 6, 7, 6, 6, 10, 10, 11, 11, 12, 12, 11, 11, 11, 10, 9, 9, 9, 9, 8, 8, 8, 8, 8, 7, 7, 7, 7, 8, 8, 8, 8, 8, 9, 10, 10, 9, 8, 9, 10, 10, 9, 8, 9, 11, 10, 10, 9, 10, 10, 9, 9, 10, 9, 8, 10, 9, 9, 8, 8, 9, 9, 9, 10, 11, 11, 11, 10, 10, 9, 11, 12, 12, 12, 11, 11, 11, 11, 12, 12, 12, 13, 14, 13, 14, 15, 15, 14, 10, 12, 11, 11, 13, 14, 15, 13, 12, 13, 14, 15, 14, 12, 11, 11, 11, 11, 11, 11, 11, 10, 10, 10, 10, 10, 10, 12, 12, 11, 11, 12, 12, 14, 14, 14, 13, 15, 14, 14, 15, 13, 12, 13, 15, 15, 15, 14, 14, 14, 13, 13
PlayersInEachFeedingGame=1, 1, 1, 2, 2, 2, 2, 2, 2, 2, 1, 2, 1, 2, 1, 2, 1, 2, 1, 2, 2, 1, 2, 1, 2, 2, 2, 1, 2, 2, 2, 2, 2, 1, 2, 2, 2, 1, 2, 2, 2, 1, 2, 1, 2, 2, 1, 2, 2, 2, 1, 2, 1, 2, 2, 2, 2, 2, 1, 2, 2, 2, 1, 1, 1, 1, 2, 2, 2, 2, 2, 2, 2, 1, 2, 2, 1, 2, 2, 2, 2, 2, 2, 2, 1, 2, 2, 1, 1, 1, 2, 2, 2, 2, 3, 2, 2, 1, 2
PlayersStarted=138
PlayersQuit=126
StatsStartTime=1240649895339
StatsDumpTime=1240658295640
<<<<EndStats
2009-04-25 04:22:30,345 ERROR: vampire.server.feeding.FeedingRecord sendPlayerStartGameMsg [playerId=372617, prey=false, _predatorIndex=29072,372617,68400]
2009-04-25 04:22:58,905 ERROR: vampire.server.feeding.FeedingRecord sendPlayerStartGameMsg [playerId=372617, prey=false, _predatorIndex=29072,372617,68400]
2009-04-25 04:24:55,625 ERROR: vampire.server.feeding.FeedingRecord sendPlayerStartGameMsg [playerId=230164, prey=true, _predatorIndex=]
2009-04-25 04:24:55,626 ERROR: vampire.server.feeding.FeedingRecord sendPlayerStartGameMsg [playerId=510740, prey=false, _predatorIndex=]

>>>>BeginStats

>>>>BeginTable
PlayerId, StartTime, EndTime, ProgenyPayout, XPFromFeeding, FeedingGames, MeanFeedingScore, BloodBond, Progeny, GrandProgeny, Sire, Level, Invites
103053,undefined,0,33.6,0,0,0,0,3,0,96213,undefined,undefined
103764,1240656969982,1240657123035,0,0,0,0,0,0,0,0,1,null
112194,undefined,0,31.15,0,0,0,0,3,2,128693,undefined,undefined
12,undefined,0,118.50000000000001,0,0,0,0,19,27,383387,undefined,undefined
120076,1240657709867,0,0,2048,7,267.2857142857143,0,8,1,34987,5,1
122494,1240652537628,1240654376420,0,1819,10,106.4,0,0,0,582081,2,0
1265,undefined,0,44.900000000000006,0,0,0,0,5,7,12,undefined,undefined
130736,1240654898334,1240655141759,0,0,0,0,0,0,0,797824,1,null
131355,1240654989682,1240655148237,0,0,0,0,0,1,2,461901,4,0
141288,1240652501056,0,204.70000000000002,3059,17,186.47058823529412,841332,3,0,510740,4,0
144887,1240657344220,1240657378938,0,0,0,0,0,0,0,0,1,null
156489,undefined,0,80.80000000000001,0,0,0,0,12,13,713,undefined,undefined
160138,undefined,0,51.85,0,0,0,0,5,5,150469,undefined,undefined
16040,1240657575478,1240657588805,476.6,2991,10,317.5,4139,7,3,3,12,3
160624,1240655234663,1240657934704,0,1450,11,104.45454545454545,0,0,0,843104,2,null
160801,1240649979668,1240650120987,0,0,0,0,0,3,2,166371,3,1
162603,1240658426548,1240658598726,0,0,0,0,0,0,0,81597,1,null
171750,1240650515828,1240652113991,0,1766,8,145.625,0,0,0,176013,2,0
176013,undefined,0,176.6,0,0,0,0,3,0,95378,undefined,undefined
179390,1240657355478,1240657582092,0,0,0,0,0,0,0,52484,4,0
18250,1240650156699,1240651300431,0,623,2,169,0,0,0,73621,2,0
182501,1240650809309,1240652593423,0,2459,8,349.125,108722,5,0,430717,7,3
184167,undefined,0,9.600000000000001,0,0,0,0,4,1,113794,undefined,undefined
188080,1240653544011,1240653897884,0,0,0,0,0,0,0,0,1,null
190687,undefined,0,748.35,0,0,0,0,7,1,383937,undefined,undefined
191134,1240655415055,1240655646010,0,0,0,0,0,0,0,32314,1,2
204450,1240650774438,1240650787279,0,0,0,0,0,0,0,510740,1,null
20731,1240653165981,1240657672408,0,4084,13,207.84615384615384,0,0,0,16040,3,null
223864,undefined,0,103.7,0,0,0,0,5,10,160138,undefined,undefined
230164,1240652491577,0,0,14967,22,779.2272727272727,510740,7,1,250837,12,2
23340,undefined,0,360.55,0,0,0,0,6,4,383387,undefined,undefined
233517,undefined,0,73.7,0,0,0,0,2,3,212370,undefined,undefined
242321,1240658314232,1240658360996,0,0,0,0,0,0,0,173571,2,0
250837,undefined,0,1496.7,0,0,0,0,1,7,190687,undefined,undefined
256746,undefined,0,122.95,0,0,0,0,4,20,61984,undefined,undefined
258951,1240649917995,1240650943723,0,449,3,247.66666666666666,555644,6,12,1265,10,7
2606,1240656838100,0,0,1179,4,159.25,0,0,0,307471,3,0
29072,1240657869957,1240658671598,0,1474,5,348.8,0,1,0,63924,4,null
3,undefined,0,643.0500000000001,0,0,0,0,2,11,383387,undefined,undefined
307471,undefined,0,117.9,0,0,0,0,3,0,12,undefined,undefined
3200,1240655669660,1240655984610,0,1037,5,309.8,71724,10,0,223864,11,2
32314,1240657779070,0,136.80000000000004,7211,18,486.5,0,5,2,40508,11,2
338409,1240652140150,1240652552750,0,497,2,304.5,0,0,0,65584,4,0
344937,undefined,0,58.800000000000004,0,0,0,0,9,11,251062,undefined,undefined
34987,undefined,0,204.8,0,0,0,0,2,8,8842,undefined,undefined
351626,undefined,0,24.85,0,0,0,0,6,5,183403,undefined,undefined
357642,1240654054879,1240654234314,0,120,1,120,0,0,0,0,1,null
36432,undefined,0,452.5499999999999,0,0,0,0,3,2,44987,undefined,undefined
372617,1240656987349,0,11.700000000000001,4467,16,323.0625,612159,2,0,36432,5,1
374071,1240655762305,1240655847849,0,0,0,0,0,0,0,0,1,null
381824,1240653635079,1240654005804,0,336,1,336,0,0,0,103053,4,0
383387,undefined,0,208.49999999999997,0,0,0,0,4,46,0,undefined,undefined
387496,1240654746799,1240655264977,153.7,192,2,145.5,0,1,0,82377,3,1
396113,undefined,0,273.9,0,0,0,0,2,4,44987,undefined,undefined
403501,undefined,0,2.4000000000000004,0,0,0,0,3,1,124503,undefined,undefined
40508,undefined,0,753.2500000000001,0,0,0,0,4,5,23340,undefined,undefined
430717,1240651085866,1240652253038,245.9,0,0,0,0,20,9,256746,11,3
430891,1240658867844,0,0,0,0,0,0,7,4,111249,11,2
433340,1240657651547,1240657696157,0,0,0,0,0,0,0,60973,1,0
437689,undefined,0,4.800000000000001,0,0,0,0,1,1,403501,undefined,undefined
445660,undefined,0,722.7,0,0,0,0,4,5,54812,undefined,undefined
44987,undefined,0,360.30000000000007,0,0,0,0,10,6,12770,undefined,undefined
47477,undefined,0,100.10000000000001,0,0,0,0,1,0,58859,undefined,undefined
510740,1240653140857,0,408.25,14454,21,605.3333333333334,230164,47,30,534632,16,14
511609,1240649928869,1240650070364,0,117,1,117,0,0,0,372617,1,null
5153,1240649895532,1240650718894,0,742,3,199.33333333333334,0,1,0,995,8,1
5212,1240652976188,1240653196213,0,671,1,579,2843,13,10,156489,14,2
534632,undefined,0,1598.3500000000004,0,0,0,0,5,47,445660,undefined,undefined
557606,1240652533445,1240653331100,0,437,3,112.66666666666667,0,0,0,16040,1,null
560907,1240657212468,1240657457310,0,137,1,137,0,0,0,156489,2,0
582081,undefined,0,181.9,0,0,0,0,1,0,79942,undefined,undefined
5842,1240657661029,1240658232340,117.60000000000001,0,0,0,40275,11,23,344937,12,4
585199,1240650189755,1240652430811,0,0,0,0,0,0,0,0,1,null
58859,1240653859033,1240654851402,50.050000000000004,2739,6,628.5,43017,4,2,396113,11,2
605460,1240651773347,1240652093698,0,0,0,0,0,0,0,0,1,0
620394,1240654805170,1240655400394,0,0,0,0,0,1,0,2843,4,null
621,1240657532307,0,0,1179,4,429.75,677,4,0,3,10,2
63924,undefined,0,147.4,0,0,0,0,3,1,233517,undefined,undefined
640986,1240650315597,1240650330558,0,0,0,0,0,0,0,0,1,null
654816,1240657954605,1240657961666,0,0,0,0,0,0,0,0,1,null
65584,undefined,0,49.7,0,0,0,0,4,0,351626,undefined,undefined
68400,1240657893589,1240658122160,0,0,0,0,0,0,0,995,3,1
713,undefined,0,40.400000000000006,0,0,0,0,2,17,12,undefined,undefined
7314,1240657501680,0,0,1176,4,393.75,0,8,4,5842,9,2
734404,1240652215248,1240652404461,0,255,2,127.5,0,0,0,0,1,null
73621,undefined,0,62.3,0,0,0,0,2,0,112194,undefined,undefined
77,1240657143880,1240657174480,0,0,0,0,171151,10,2,12770,13,2
771997,1240656985644,1240656996597,0,0,0,0,0,0,0,0,1,null
772383,1240658828143,0,0,0,0,0,168473,0,0,235393,3,0
778434,1240655603879,1240655921129,0,490,1,490,0,0,0,9093,3,null
780028,1240656359288,1240656955896,0,848,5,160.2,0,0,0,141288,2,null
791358,1240654531253,0,0,1622,15,98.13333333333334,0,0,0,387496,2,0
794977,1240656197536,1240656212069,0,0,0,0,0,0,0,0,1,null
79942,undefined,0,90.95,0,0,0,0,3,1,198149,undefined,undefined
807467,1240655465724,1240655549743,0,0,0,0,0,0,0,0,1,null
809500,1240651227953,1240651232604,0,0,0,0,0,0,0,0,1,null
811852,1240654276974,1240654287504,0,0,0,0,0,2,0,313795,2,null
812855,1240657447565,1240657454584,0,0,0,0,0,0,0,0,1,null
814516,1240652080358,1240653041691,0,1001,5,183.8,0,0,0,47477,2,null
82377,undefined,0,96.04999999999998,0,0,0,0,1,1,184167,undefined,undefined
839983,1240657759454,1240657838260,0,0,0,0,0,0,0,0,1,null
841273,1240650124863,1240650508427,0,313,2,71.5,0,0,0,0,1,null
841332,1240654124110,1240656341221,0,1288,9,119.33333333333333,141288,0,0,141288,2,null
842797,1240650418149,1240651025597,0,171,1,122,0,0,0,0,1,null
843104,1240654056401,1240654908957,145,643,4,127.25,0,1,0,32314,1,null
843589,1240656884765,1240656903519,0,0,0,0,0,0,0,0,1,null
844714,1240657348825,1240657916052,0,38,1,38,0,0,0,0,1,null
844871,1240652367046,1240652622793,0,107,1,107,0,0,0,0,1,null
845140,1240655246148,1240655273933,0,0,0,0,0,0,0,0,1,null
845252,1240652439762,1240652475954,0,0,0,0,0,0,0,0,1,null
845841,1240655373249,1240655941021,0,0,0,0,0,0,0,0,1,null
846160,1240658539878,1240658548219,0,0,0,0,0,0,0,0,1,null
846368,1240658890310,0,0,0,0,0,0,0,0,0,1,0
846933,1240656750538,1240656893506,0,0,0,0,0,0,0,9093,1,null
847010,1240656557308,1240656573445,0,0,0,0,0,0,0,0,1,null
847378,1240656944413,1240656956806,0,0,0,0,0,0,0,621,1,null
847714,1240657957765,1240657990465,0,0,0,0,0,0,0,0,1,null
848067,1240658194921,1240658245176,0,0,0,0,0,0,0,0,1,null
8842,undefined,0,102.4,0,0,0,0,11,3,1531,undefined,undefined
89496,1240649926769,1240650771655,0,48,1,96,0,1,0,437689,4,0
9093,1240655602630,1240658435247,49,0,0,0,0,3,0,16040,5,2
95378,undefined,0,88.3,0,0,0,0,2,3,3653,undefined,undefined
96213,undefined,0,16.8,0,0,0,0,2,3,41862,undefined,undefined
995,undefined,0,74.2,0,0,0,0,11,2,12,undefined,undefined
<<<<EndTable

PlayersOnlineNow=13
PlayersOnlineEachMinute=0, 6, 7, 6, 6, 10, 10, 11, 11, 12, 12, 11, 11, 11, 10, 9, 9, 9, 9, 8, 8, 8, 8, 8, 7, 7, 7, 7, 8, 8, 8, 8, 8, 9, 10, 10, 9, 8, 9, 10, 10, 9, 8, 9, 11, 10, 10, 9, 10, 10, 9, 9, 10, 9, 8, 10, 9, 9, 8, 8, 9, 9, 9, 10, 11, 11, 11, 10, 10, 9, 11, 12, 12, 12, 11, 11, 11, 11, 12, 12, 12, 13, 14, 13, 14, 15, 15, 14, 10, 12, 11, 11, 13, 14, 15, 13, 12, 13, 14, 15, 14, 12, 11, 11, 11, 11, 11, 11, 11, 10, 10, 10, 10, 10, 10, 12, 12, 11, 11, 12, 12, 14, 14, 14, 13, 15, 14, 14, 15, 13, 12, 13, 15, 15, 15, 14, 14, 14, 13, 13, 12, 13, 12, 12, 13, 12, 11, 10, 10, 11
PlayersInEachFeedingGame=1, 1, 1, 2, 2, 2, 2, 2, 2, 2, 1, 2, 1, 2, 1, 2, 1, 2, 1, 2, 2, 1, 2, 1, 2, 2, 2, 1, 2, 2, 2, 2, 2, 1, 2, 2, 2, 1, 2, 2, 2, 1, 2, 1, 2, 2, 1, 2, 2, 2, 1, 2, 1, 2, 2, 2, 2, 2, 1, 2, 2, 2, 1, 1, 1, 1, 2, 2, 2, 2, 2, 2, 2, 1, 2, 2, 1, 2, 2, 2, 2, 2, 2, 2, 1, 2, 2, 1, 1, 1, 2, 2, 2, 2, 3, 2, 2, 1, 2, 2
PlayersStarted=145
PlayersQuit=132
StatsStartTime=1240649895339
StatsDumpTime=1240658895655
<<<<EndStats
2009-04-25 04:28:38,553 ERROR: vampire.server.feeding.FeedingRecord sendPlayerStartGameMsg [playerId=791358, prey=false, _predatorIndex=]
2009-04-25 04:29:27,764 ERROR: vampire.server.feeding.FeedingRecord sendPlayerStartGameMsg [playerId=846368, prey=false, _predatorIndex=]
2009-04-25 04:31:50,912 ERROR: vampire.server.feeding.FeedingRecord sendPlayerStartGameMsg [playerId=430891, prey=true, _predatorIndex=]
2009-04-25 04:31:50,913 ERROR: vampire.server.feeding.FeedingRecord sendPlayerStartGameMsg [playerId=32314, prey=false, _predatorIndex=]
2009-04-25 04:32:40,206 ERROR: vampire.server.feeding.FeedingRecord sendPlayerStartGameMsg [playerId=621, prey=true, _predatorIndex=]
2009-04-25 04:32:40,206 ERROR: vampire.server.feeding.FeedingRecord sendPlayerStartGameMsg [playerId=2606, prey=false, _predatorIndex=]
2009-04-25 04:32:57,981 ERROR: vampire.server.feeding.FeedingRecord sendPlayerStartGameMsg [playerId=846368, prey=false, _predatorIndex=]
2009-04-25 04:33:53,543 ERROR: vampire.server.feeding.FeedingRecord sendPlayerStartGameMsg [playerId=791358, prey=false, _predatorIndex=]
2009-04-25 04:35:09,993 ERROR: vampire.server.feeding.FeedingRecord sendPlayerStartGameMsg [playerId=7314, prey=true, _predatorIndex=]
2009-04-25 04:35:09,994 ERROR: vampire.server.feeding.FeedingRecord sendPlayerStartGameMsg [playerId=5842, prey=false, _predatorIndex=]
2009-04-25 04:35:18,686 ERROR: vampire.server.feeding.FeedingRecord sendPlayerStartGameMsg [playerId=846368, prey=true, _predatorIndex=]
2009-04-25 04:35:18,686 ERROR: vampire.server.feeding.FeedingRecord sendPlayerStartGameMsg [playerId=437689, prey=false, _predatorIndex=]
2009-04-25 04:36:31,393 ERROR: vampire.server.feeding.FeedingRecord sendPlayerStartGameMsg [playerId=32314, prey=true, _predatorIndex=]
2009-04-25 04:36:31,393 ERROR: vampire.server.feeding.FeedingRecord sendPlayerStartGameMsg [playerId=791358, prey=false, _predatorIndex=]
2009-04-25 04:36:32,695 ERROR: vampire.server.feeding.FeedingRecord sendPlayerStartGameMsg [playerId=811852, prey=false, _predatorIndex=791358]
2009-04-25 04:36:46,339 ERROR: vampire.server.feeding.FeedingRecord sendPlayerStartGameMsg [playerId=309821, prey=false, _predatorIndex=]
2009-04-25 04:36:53,154 ERROR: vampire.server.feeding.FeedingRecord sendPlayerStartGameMsg [playerId=791358, prey=false, _predatorIndex=791358,811852]
2009-04-25 04:37:55,079 ERROR: vampire.server.feeding.FeedingRecord sendPlayerStartGameMsg [playerId=30735, prey=true, _predatorIndex=]
2009-04-25 04:37:55,080 ERROR: vampire.server.feeding.FeedingRecord sendPlayerStartGameMsg [playerId=791358, prey=false, _predatorIndex=]
2009-04-25 04:37:57,227 ERROR: vampire.server.feeding.FeedingRecord sendPlayerStartGameMsg [playerId=846368, prey=false, _predatorIndex=791358]

>>>>BeginStats

>>>>BeginTable
PlayerId, StartTime, EndTime, ProgenyPayout, XPFromFeeding, FeedingGames, MeanFeedingScore, BloodBond, Progeny, GrandProgeny, Sire, Level, Invites
103053,undefined,0,33.6,0,0,0,0,3,0,96213,undefined,undefined
103764,1240656969982,1240657123035,0,0,0,0,0,0,0,0,1,null
111249,undefined,0,30.1,0,0,0,0,2,7,188370,undefined,undefined
112194,undefined,0,31.15,0,0,0,0,3,2,128693,undefined,undefined
12,undefined,0,177.45000000000002,0,0,0,0,19,27,383387,undefined,undefined
120076,1240657709867,0,0,2048,7,267.2857142857143,0,8,1,34987,5,1
122494,1240652537628,1240654376420,0,1819,10,106.4,0,0,0,582081,2,0
124503,undefined,0,6,0,0,0,0,3,3,170934,undefined,undefined
1265,undefined,0,44.900000000000006,0,0,0,0,5,7,12,undefined,undefined
130736,1240654898334,1240655141759,0,0,0,0,0,0,0,797824,1,null
131355,1240654989682,1240655148237,0,0,0,0,0,1,2,461901,4,0
141288,1240652501056,1240659440542,204.70000000000002,3059,17,186.47058823529412,841332,3,0,510740,4,null
144887,1240657344220,1240657378938,0,0,0,0,0,0,0,0,1,null
156489,undefined,0,80.80000000000001,0,0,0,0,12,13,713,undefined,undefined
160138,undefined,0,51.85,0,0,0,0,5,5,150469,undefined,undefined
16040,1240657575478,1240657588805,476.6,2991,10,317.5,4139,7,3,3,12,3
160624,1240655234663,1240657934704,0,1450,11,104.45454545454545,0,0,0,843104,2,null
160801,1240649979668,1240650120987,0,0,0,0,0,3,2,166371,3,1
162603,1240658426548,1240658598726,0,0,0,0,0,0,0,81597,1,null
171750,1240650515828,1240652113991,0,1766,8,145.625,0,0,0,176013,2,0
176013,undefined,0,176.6,0,0,0,0,3,0,95378,undefined,undefined
179390,1240657355478,1240657582092,0,0,0,0,0,0,0,52484,4,0
18250,1240650156699,1240651300431,0,623,2,169,0,0,0,73621,2,0
182501,1240650809309,1240652593423,0,2459,8,349.125,108722,5,0,430717,7,3
184167,undefined,0,9.600000000000001,0,0,0,0,4,1,113794,undefined,undefined
188080,1240653544011,1240653897884,0,0,0,0,0,0,0,0,1,null
188370,undefined,0,15.05,0,0,0,0,1,2,163484,undefined,undefined
190687,undefined,0,748.35,0,0,0,0,7,1,383937,undefined,undefined
191134,1240655415055,1240655646010,0,0,0,0,0,0,0,32314,1,2
204450,1240650774438,1240650787279,0,0,0,0,0,0,0,510740,1,null
20731,1240653165981,1240657672408,0,4084,13,207.84615384615384,0,0,0,16040,3,null
223864,undefined,0,103.7,0,0,0,0,5,10,160138,undefined,undefined
230164,1240652491577,0,0,14967,22,779.2272727272727,510740,7,1,250837,12,2
23340,undefined,0,375.6,0,0,0,0,6,4,383387,undefined,undefined
233517,undefined,0,73.7,0,0,0,0,2,3,212370,undefined,undefined
242321,1240658314232,1240658360996,0,0,0,0,0,0,0,173571,2,0
250837,undefined,0,1496.7,0,0,0,0,1,7,190687,undefined,undefined
251062,undefined,0,18.150000000000002,0,0,0,0,6,9,296361,undefined,undefined
256746,undefined,0,122.95,0,0,0,0,4,20,61984,undefined,undefined
258951,1240649917995,1240650943723,0,449,3,247.66666666666666,555644,6,12,1265,10,7
2606,1240656838100,0,0,2358,8,195.25,0,0,0,307471,4,0
29072,1240657869957,1240658671598,0,1474,5,348.8,0,1,0,63924,4,null
3,undefined,0,760.95,0,0,0,0,2,11,383387,undefined,undefined
30735,1240659339418,0,0,0,0,0,0,3,2,124656,7,1
307471,undefined,0,235.8,0,0,0,0,3,0,12,undefined,undefined
309821,1240659277014,0,0,0,0,0,0,0,0,0,1,0
3200,1240655669660,1240655984610,0,1037,5,309.8,71724,10,0,223864,11,2
32314,1240657779070,0,136.80000000000004,7512,19,478.57894736842104,0,5,2,40508,11,2
338409,1240652140150,1240652552750,0,497,2,304.5,0,0,0,65584,4,0
344937,undefined,0,113.25,0,0,0,0,9,11,251062,undefined,undefined
34987,undefined,0,204.8,0,0,0,0,2,8,8842,undefined,undefined
351626,undefined,0,24.85,0,0,0,0,6,5,183403,undefined,undefined
357642,1240654054879,1240654234314,0,120,1,120,0,0,0,0,1,null
36432,undefined,0,452.5499999999999,0,0,0,0,3,2,44987,undefined,undefined
372617,1240656987349,1240659297037,11.700000000000001,4467,16,323.0625,612159,2,0,36432,5,1
374071,1240655762305,1240655847849,0,0,0,0,0,0,0,0,1,null
381824,1240653635079,1240654005804,0,336,1,336,0,0,0,103053,4,0
383387,undefined,0,267.45,0,0,0,0,4,46,0,undefined,undefined
387496,1240654746799,1240655264977,164.79999999999998,192,2,145.5,0,1,0,82377,3,1
39180,1240659261279,1240659467384,0,0,0,0,0,5,9,68619,7,1
396113,undefined,0,273.9,0,0,0,0,2,4,44987,undefined,undefined
403501,undefined,0,14.4,0,0,0,0,3,1,124503,undefined,undefined
40508,undefined,0,783.3500000000001,0,0,0,0,4,5,23340,undefined,undefined
430717,1240651085866,1240652253038,245.9,0,0,0,0,20,9,256746,11,3
430891,1240658867844,1240659454134,0,301,1,265,0,7,4,111249,11,2
433340,1240657651547,1240657696157,0,0,0,0,0,0,0,60973,1,0
437689,1240659164650,1240659461125,4.800000000000001,120,1,125,0,1,1,403501,4,0
445660,undefined,0,722.7,0,0,0,0,4,5,54812,undefined,undefined
44987,undefined,0,360.30000000000007,0,0,0,0,10,6,12770,undefined,undefined
47477,undefined,0,100.10000000000001,0,0,0,0,1,0,58859,undefined,undefined
510740,1240653140857,0,408.25,14454,21,605.3333333333334,230164,47,30,534632,16,14
511609,1240649928869,1240650070364,0,117,1,117,0,0,0,372617,1,null
5153,1240649895532,1240650718894,0,742,3,199.33333333333334,0,1,0,995,8,1
5212,1240652976188,1240653196213,0,671,1,579,2843,13,10,156489,14,2
534632,undefined,0,1598.3500000000004,0,0,0,0,5,47,445660,undefined,undefined
557606,1240652533445,1240653331100,0,437,3,112.66666666666667,0,0,0,16040,1,null
560907,1240657212468,1240657457310,0,137,1,137,0,0,0,156489,2,0
575732,1240659340770,1240659424598,0,0,0,0,0,0,0,0,1,0
582081,undefined,0,181.9,0,0,0,0,1,0,79942,undefined,undefined
5842,1240659265878,0,153.9,363,1,233,40275,11,23,344937,12,4
585199,1240650189755,1240652430811,0,0,0,0,0,0,0,0,1,null
58859,1240653859033,1240654851402,50.050000000000004,2739,6,628.5,43017,4,2,396113,11,2
605460,1240651773347,1240652093698,0,0,0,0,0,0,0,0,1,0
620394,1240654805170,1240655400394,0,0,0,0,0,1,0,2843,4,null
621,1240657532307,0,0,2358,8,393.875,677,4,0,3,10,2
63924,undefined,0,147.4,0,0,0,0,3,1,233517,undefined,undefined
640986,1240650315597,1240650330558,0,0,0,0,0,0,0,0,1,null
654816,1240657954605,1240657961666,0,0,0,0,0,0,0,0,1,null
65584,undefined,0,49.7,0,0,0,0,4,0,351626,undefined,undefined
68400,1240657893589,1240658122160,0,0,0,0,0,0,0,995,3,1
713,undefined,0,40.400000000000006,0,0,0,0,2,17,12,undefined,undefined
7314,1240657501680,0,0,1539,5,413.4,0,8,4,5842,9,2
734404,1240652215248,1240652404461,0,255,2,127.5,0,0,0,0,1,null
73621,undefined,0,62.3,0,0,0,0,2,0,112194,undefined,undefined
77,1240657143880,1240657174480,0,0,0,0,171151,10,2,12770,13,2
771997,1240656985644,1240656996597,0,0,0,0,0,0,0,0,1,null
772383,1240658828143,1240659027728,0,0,0,0,168473,0,0,235393,3,null
778434,1240655603879,1240655921129,0,490,1,490,0,0,0,9093,3,null
780028,1240656359288,1240656955896,0,848,5,160.2,0,0,0,141288,2,null
791358,1240654531253,0,0,1733,16,98.9375,0,0,0,387496,2,0
794977,1240656197536,1240656212069,0,0,0,0,0,0,0,0,1,null
79942,undefined,0,90.95,0,0,0,0,3,1,198149,undefined,undefined
807467,1240655465724,1240655549743,0,0,0,0,0,0,0,0,1,null
809500,1240651227953,1240651232604,0,0,0,0,0,0,0,0,1,null
811852,1240659328770,0,0,0,0,0,0,2,0,313795,2,0
812855,1240657447565,1240657454584,0,0,0,0,0,0,0,0,1,null
814516,1240652080358,1240653041691,0,1001,5,183.8,0,0,0,47477,2,null
82377,undefined,0,101.59999999999998,0,0,0,0,1,1,184167,undefined,undefined
839983,1240657759454,1240657838260,0,0,0,0,0,0,0,0,1,null
841273,1240650124863,1240650508427,0,313,2,71.5,0,0,0,0,1,null
841332,1240654124110,1240656341221,0,1288,9,119.33333333333333,141288,0,0,141288,2,null
842797,1240650418149,1240651025597,0,171,1,122,0,0,0,0,1,null
843104,1240654056401,1240654908957,145,643,4,127.25,0,1,0,32314,1,null
843589,1240656884765,1240656903519,0,0,0,0,0,0,0,0,1,null
844714,1240657348825,1240657916052,0,38,1,38,0,0,0,0,1,null
844871,1240652367046,1240652622793,0,107,1,107,0,0,0,0,1,null
845140,1240655246148,1240655273933,0,0,0,0,0,0,0,0,1,null
845252,1240652439762,1240652475954,0,0,0,0,0,0,0,0,1,null
845841,1240655373249,1240655941021,0,0,0,0,0,0,0,0,1,null
846160,1240658539878,1240658548219,0,0,0,0,0,0,0,0,1,null
846368,1240658890310,0,0,344,3,112.66666666666667,0,0,0,0,1,0
846933,1240656750538,1240656893506,0,0,0,0,0,0,0,9093,1,null
847010,1240656557308,1240656573445,0,0,0,0,0,0,0,0,1,null
847175,1240659060570,1240659120573,0,0,0,0,0,0,0,0,1,null
847378,1240656944413,1240656956806,0,0,0,0,0,0,0,621,1,null
847714,1240657957765,1240657990465,0,0,0,0,0,0,0,0,1,null
848067,1240658194921,1240658245176,0,0,0,0,0,0,0,0,1,null
848677,1240659412969,1240659425925,0,0,0,0,0,0,0,0,1,null
8842,undefined,0,102.4,0,0,0,0,11,3,1531,undefined,undefined
89496,1240649926769,1240650771655,0,48,1,96,0,1,0,437689,4,0
9093,1240655602630,1240658435247,49,0,0,0,0,3,0,16040,5,2
95378,undefined,0,88.3,0,0,0,0,2,3,3653,undefined,undefined
96213,undefined,0,16.8,0,0,0,0,2,3,41862,undefined,undefined
995,undefined,0,74.2,0,0,0,0,11,2,12,undefined,undefined
<<<<EndTable

PlayersOnlineNow=13
PlayersOnlineEachMinute=0, 6, 7, 6, 6, 10, 10, 11, 11, 12, 12, 11, 11, 11, 10, 9, 9, 9, 9, 8, 8, 8, 8, 8, 7, 7, 7, 7, 8, 8, 8, 8, 8, 9, 10, 10, 9, 8, 9, 10, 10, 9, 8, 9, 11, 10, 10, 9, 10, 10, 9, 9, 10, 9, 8, 10, 9, 9, 8, 8, 9, 9, 9, 10, 11, 11, 11, 10, 10, 9, 11, 12, 12, 12, 11, 11, 11, 11, 12, 12, 12, 13, 14, 13, 14, 15, 15, 14, 10, 12, 11, 11, 13, 14, 15, 13, 12, 13, 14, 15, 14, 12, 11, 11, 11, 11, 11, 11, 11, 10, 10, 10, 10, 10, 10, 12, 12, 11, 11, 12, 12, 14, 14, 14, 13, 15, 14, 14, 15, 13, 12, 13, 15, 15, 15, 14, 14, 14, 13, 13, 12, 13, 12, 12, 13, 12, 11, 10, 10, 11, 13, 13, 13, 13, 12, 13, 13, 15, 18, 17
PlayersInEachFeedingGame=1, 1, 1, 2, 2, 2, 2, 2, 2, 2, 1, 2, 1, 2, 1, 2, 1, 2, 1, 2, 2, 1, 2, 1, 2, 2, 2, 1, 2, 2, 2, 2, 2, 1, 2, 2, 2, 1, 2, 2, 2, 1, 2, 1, 2, 2, 1, 2, 2, 2, 1, 2, 1, 2, 2, 2, 2, 2, 1, 2, 2, 2, 1, 1, 1, 1, 2, 2, 2, 2, 2, 2, 2, 1, 2, 2, 1, 2, 2, 2, 2, 2, 2, 2, 1, 2, 2, 1, 1, 1, 2, 2, 2, 2, 3, 2, 2, 1, 2, 2, 1, 2, 2, 1, 1, 2, 2, 2, 1, 2
PlayersStarted=156
PlayersQuit=143
StatsStartTime=1240649895339
StatsDumpTime=1240659495687
<<<<EndStats
2009-04-25 04:38:23,299 ERROR: vampire.server.feeding.FeedingRecord sendPlayerStartGameMsg [playerId=846368, prey=false, _predatorIndex=791358,846368]
2009-04-25 04:40:15,266 ERROR: vampire.server.feeding.FeedingRecord sendPlayerStartGameMsg [playerId=261567, prey=false, _predatorIndex=791358,846368]
2009-04-25 04:40:25,813 ERROR: vampire.server.feeding.FeedingRecord sendPlayerStartGameMsg [playerId=791358, prey=true, _predatorIndex=]
2009-04-25 04:40:25,814 ERROR: vampire.server.feeding.FeedingRecord sendPlayerStartGameMsg [playerId=261567, prey=false, _predatorIndex=]
2009-04-25 04:41:19,657 ERROR: vampire.server.feeding.FeedingRecord sendPlayerStartGameMsg [playerId=7314, prey=true, _predatorIndex=]
2009-04-25 04:41:19,663 ERROR: vampire.server.feeding.FeedingRecord sendPlayerStartGameMsg [playerId=5842, prey=false, _predatorIndex=]
2009-04-25 04:43:00,108 ERROR: vampire.server.feeding.FeedingRecord sendPlayerStartGameMsg [playerId=30735, prey=true, _predatorIndex=]
2009-04-25 04:43:00,108 ERROR: vampire.server.feeding.FeedingRecord sendPlayerStartGameMsg [playerId=261567, prey=false, _predatorIndex=]
2009-04-25 04:43:13,317 ERROR: vampire.server.feeding.FeedingRecord sendPlayerStartGameMsg [playerId=791358, prey=true, _predatorIndex=]
2009-04-25 04:43:13,318 ERROR: vampire.server.feeding.FeedingRecord sendPlayerStartGameMsg [playerId=820331, prey=false, _predatorIndex=]
2009-04-25 04:45:48,039 ERROR: vampire.server.feeding.FeedingRecord sendPlayerStartGameMsg [playerId=261567, prey=false, _predatorIndex=]
2009-04-25 04:46:18,933 ERROR: vampire.server.feeding.FeedingRecord sendPlayerStartGameMsg [playerId=309124, prey=true, _predatorIndex=]
2009-04-25 04:46:18,934 ERROR: vampire.server.feeding.FeedingRecord sendPlayerStartGameMsg [playerId=791358, prey=false, _predatorIndex=]

