
>>>>BeginStats

>>>>BeginTable
PlayerId, StartTime, EndTime, ProgenyPayout, XPFromFeeding, FeedingGames, MeanFeedingScore, BloodBond, Progeny, GrandProgeny, Sire, Level, Invites
103053,undefined,0,33.6,0,0,0,0,3,0,96213,undefined,undefined
103764,1240656969982,1240657123035,0,0,0,0,0,0,0,0,1,null
111249,undefined,0,30.1,0,0,0,0,2,7,188370,undefined,undefined
112194,undefined,0,31.15,0,0,0,0,3,2,128693,undefined,undefined
12,undefined,0,196.85000000000002,0,0,0,0,19,29,383387,undefined,undefined
120076,1240657709867,0,0,2048,7,267.2857142857143,0,8,1,34987,5,1
122494,1240652537628,1240654376420,0,1819,10,106.4,0,0,0,582081,2,0
124503,undefined,0,6,0,0,0,0,3,3,170934,undefined,undefined
124656,undefined,0,68.30000000000001,0,0,0,0,1,4,96537,undefined,undefined
1265,undefined,0,44.900000000000006,0,0,0,0,5,7,12,undefined,undefined
130736,1240654898334,1240655141759,0,0,0,0,0,0,0,797824,1,null
131355,1240654989682,1240655148237,0,0,0,0,0,1,2,461901,4,0
141288,1240652501056,1240659440542,204.70000000000002,3059,17,186.47058823529412,841332,3,0,510740,4,null
143538,undefined,0,5.7,0,0,0,0,2,15,1531,undefined,undefined
144887,1240657344220,1240657378938,0,0,0,0,0,0,0,0,1,null
151701,1240660035453,0,0,0,0,0,0,0,0,0,1,0
156489,undefined,0,80.80000000000001,0,0,0,0,12,13,713,undefined,undefined
160138,undefined,0,51.85,0,0,0,0,5,5,150469,undefined,undefined
16040,1240659539598,0,476.6,2991,10,317.5,4139,7,3,3,12,3
160624,1240655234663,1240657934704,0,1450,11,104.45454545454545,0,0,0,843104,2,null
160801,1240649979668,1240650120987,0,0,0,0,0,3,2,166371,3,1
162603,1240658426548,1240658598726,0,0,0,0,0,0,0,81597,1,null
171750,1240650515828,1240652113991,0,1766,8,145.625,0,0,0,176013,2,0
176013,undefined,0,176.6,0,0,0,0,3,0,95378,undefined,undefined
179390,1240657355478,1240657582092,0,0,0,0,0,0,0,52484,4,0
18250,1240650156699,1240651300431,0,623,2,169,0,0,0,73621,2,0
182501,1240650809309,1240652593423,0,2459,8,349.125,108722,5,0,430717,7,3
184167,undefined,0,9.600000000000001,0,0,0,0,4,1,113794,undefined,undefined
188080,1240653544011,1240653897884,0,0,0,0,0,0,0,0,1,null
188370,undefined,0,15.05,0,0,0,0,1,2,163484,undefined,undefined
190687,undefined,0,748.35,0,0,0,0,7,1,383937,undefined,undefined
191134,1240655415055,1240655646010,0,0,0,0,0,0,0,32314,1,2
20260,undefined,0,29.650000000000002,0,0,0,0,1,2,12,undefined,undefined
204450,1240650774438,1240650787279,0,0,0,0,0,0,0,510740,1,null
20731,1240660011746,0,0,4084,13,207.84615384615384,0,0,0,16040,3,0
223864,undefined,0,103.7,0,0,0,0,5,10,160138,undefined,undefined
230164,1240652491577,0,0,14967,22,779.2272727272727,510740,7,1,250837,12,2
23340,undefined,0,384.20000000000005,0,0,0,0,6,4,383387,undefined,undefined
233517,undefined,0,73.7,0,0,0,0,2,3,212370,undefined,undefined
237231,undefined,0,59.300000000000004,0,0,0,0,2,15,20260,undefined,undefined
242321,1240658314232,1240658360996,0,0,0,0,0,0,0,173571,2,0
250837,undefined,0,1496.7,0,0,0,0,1,7,190687,undefined,undefined
251062,undefined,0,37.25,0,0,0,0,6,9,296361,undefined,undefined
256746,undefined,0,122.95,0,0,0,0,4,20,61984,undefined,undefined
258951,1240649917995,1240650943723,0,449,3,247.66666666666666,555644,6,12,1265,10,7
259344,undefined,0,11.4,0,0,0,0,15,0,143538,undefined,undefined
2606,1240656838100,0,0,2746,10,201.3,0,0,0,307471,4,0
261567,1240659564224,0,0,593,3,193,0,15,5,237231,12,8
29072,1240657869957,1240658671598,0,1474,5,348.8,0,1,0,63924,4,null
3,undefined,0,799.7500000000001,0,0,0,0,2,11,383387,undefined,undefined
30735,1240659339418,0,21.200000000000003,577,3,264,0,4,2,124656,7,1
307471,undefined,0,274.6,0,0,0,0,3,0,12,undefined,undefined
309124,1240659902628,0,0,0,0,0,0,0,0,20106,4,0
309821,1240659277014,0,0,667,5,133.4,0,0,0,0,1,0
313795,undefined,0,17.2,0,0,0,0,1,2,447249,undefined,undefined
3200,1240655669660,1240655984610,0,1037,5,309.8,71724,10,0,223864,11,2
32314,1240657779070,1240659884780,136.80000000000004,7684,20,466.85,0,5,2,40508,11,2
338409,1240652140150,1240652552750,0,497,2,304.5,0,0,0,65584,4,0
344937,undefined,0,170.55,0,0,0,0,9,11,251062,undefined,undefined
34987,undefined,0,204.8,0,0,0,0,2,8,8842,undefined,undefined
351626,undefined,0,24.85,0,0,0,0,6,5,183403,undefined,undefined
357642,1240654054879,1240654234314,0,120,1,120,0,0,0,0,1,null
36432,undefined,0,452.5499999999999,0,0,0,0,3,2,44987,undefined,undefined
370341,1240659956799,0,0,0,0,0,0,1,2,326885,3,0
372617,1240656987349,1240659297037,11.700000000000001,4467,16,323.0625,612159,2,0,36432,5,1
374071,1240655762305,1240655847849,0,0,0,0,0,0,0,0,1,null
381824,1240653635079,1240654005804,0,336,1,336,0,0,0,103053,4,0
383387,undefined,0,286.85,0,0,0,0,4,46,0,undefined,undefined
387496,1240654746799,1240655264977,209.39999999999998,192,2,145.5,0,1,0,82377,3,1
39180,1240659261279,1240659467384,0,0,0,0,0,5,9,68619,7,1
396113,undefined,0,273.9,0,0,0,0,2,4,44987,undefined,undefined
403501,undefined,0,14.4,0,0,0,0,3,1,124503,undefined,undefined
40508,undefined,0,800.5500000000002,0,0,0,0,4,5,23340,undefined,undefined
430717,1240651085866,1240652253038,245.9,0,0,0,0,20,9,256746,11,3
430891,1240658867844,1240659454134,0,301,1,265,0,7,4,111249,11,2
433340,1240657651547,1240657696157,0,0,0,0,0,0,0,60973,1,0
437689,1240659164650,1240659461125,4.800000000000001,120,1,125,0,1,1,403501,4,0
442019,1240659926049,0,0,0,0,0,0,0,0,132984,2,0
445660,undefined,0,722.7,0,0,0,0,4,5,54812,undefined,undefined
447249,undefined,0,8.6,0,0,0,0,3,1,199427,undefined,undefined
44987,undefined,0,360.30000000000007,0,0,0,0,10,6,12770,undefined,undefined
47477,undefined,0,100.10000000000001,0,0,0,0,1,0,58859,undefined,undefined
510740,1240653140857,0,408.25,14454,21,605.3333333333334,230164,47,30,534632,16,14
511609,1240649928869,1240650070364,0,117,1,117,0,0,0,372617,1,null
5153,1240649895532,1240650718894,0,742,3,199.33333333333334,0,1,0,995,8,1
5212,1240652976188,1240653196213,0,671,1,579,2843,13,10,156489,14,2
534632,undefined,0,1598.3500000000004,0,0,0,0,5,47,445660,undefined,undefined
557606,1240652533445,1240653331100,0,437,3,112.66666666666667,0,0,0,16040,1,null
560907,1240657212468,1240657457310,0,137,1,137,0,0,0,156489,2,0
575732,1240659340770,1240659424598,0,0,0,0,0,0,0,0,1,0
582081,undefined,0,181.9,0,0,0,0,1,0,79942,undefined,undefined
5842,1240659666203,1240659848849,192.10000000000002,745,2,254.5,40275,11,24,344937,12,4
585199,1240650189755,1240652430811,0,0,0,0,0,0,0,0,1,null
58859,1240653859033,1240654851402,50.050000000000004,2739,6,628.5,43017,4,2,396113,11,2
605460,1240651773347,1240652093698,0,0,0,0,0,0,0,0,1,0
620394,1240654805170,1240655400394,0,0,0,0,0,1,0,2843,4,null
621,1240657532307,0,0,2746,10,347.5,677,4,0,3,10,2
63924,undefined,0,147.4,0,0,0,0,3,1,233517,undefined,undefined
640986,1240650315597,1240650330558,0,0,0,0,0,0,0,0,1,null
654816,1240657954605,1240657961666,0,0,0,0,0,0,0,0,1,null
65584,undefined,0,49.7,0,0,0,0,4,0,351626,undefined,undefined
68400,1240657893589,1240658122160,0,0,0,0,0,0,0,995,3,1
713,undefined,0,40.400000000000006,0,0,0,0,2,17,12,undefined,undefined
7314,1240657501680,1240659993480,0,1921,6,425.8333333333333,0,8,4,5842,10,2
734404,1240652215248,1240652404461,0,255,2,127.5,0,0,0,0,1,null
73621,undefined,0,62.3,0,0,0,0,2,0,112194,undefined,undefined
77,1240657143880,1240657174480,0,0,0,0,171151,10,2,12770,13,2
771997,1240656985644,1240656996597,0,0,0,0,0,0,0,0,1,null
772383,1240658828143,1240659027728,0,0,0,0,168473,0,0,235393,3,null
778434,1240655603879,1240655921129,0,490,1,490,0,0,0,9093,3,null
780028,1240656359288,1240656955896,0,848,5,160.2,0,0,0,141288,2,null
791358,1240654531253,0,0,2179,19,99.15789473684211,0,0,0,387496,2,0
794977,1240656197536,1240656212069,0,0,0,0,0,0,0,0,1,null
79942,undefined,0,90.95,0,0,0,0,3,1,198149,undefined,undefined
807467,1240655465724,1240655549743,0,0,0,0,0,0,0,0,1,null
809500,1240651227953,1240651232604,0,0,0,0,0,0,0,0,1,null
811852,1240659328770,1240659573861,0,172,1,99,0,2,0,313795,2,null
812855,1240657447565,1240657454584,0,0,0,0,0,0,0,0,1,null
814516,1240652080358,1240653041691,0,1001,5,183.8,0,0,0,47477,2,null
820331,1240659758405,1240660072641,0,114,1,123,0,0,0,259344,1,null
82377,undefined,0,123.89999999999998,0,0,0,0,1,1,184167,undefined,undefined
839983,1240657759454,1240657838260,0,0,0,0,0,0,0,0,1,null
841273,1240650124863,1240650508427,0,313,2,71.5,0,0,0,0,1,null
841332,1240654124110,1240656341221,0,1288,9,119.33333333333333,141288,0,0,141288,2,null
842797,1240650418149,1240651025597,0,171,1,122,0,0,0,0,1,null
843104,1240654056401,1240654908957,145,643,4,127.25,0,1,0,32314,1,null
843589,1240656884765,1240656903519,0,0,0,0,0,0,0,0,1,null
844714,1240657348825,1240657916052,0,38,1,38,0,0,0,0,1,null
844768,1240659577076,1240659596101,0,0,0,0,0,0,0,0,1,null
844871,1240652367046,1240652622793,0,107,1,107,0,0,0,0,1,null
845140,1240655246148,1240655273933,0,0,0,0,0,0,0,0,1,null
845252,1240652439762,1240652475954,0,0,0,0,0,0,0,0,1,null
845841,1240655373249,1240655941021,0,0,0,0,0,0,0,0,1,null
846160,1240658539878,1240658548219,0,0,0,0,0,0,0,0,1,null
846368,1240658890310,1240659815368,0,556,4,120,0,0,0,30735,1,null
846933,1240656750538,1240656893506,0,0,0,0,0,0,0,9093,1,null
847010,1240656557308,1240656573445,0,0,0,0,0,0,0,0,1,null
847175,1240659060570,1240659120573,0,0,0,0,0,0,0,0,1,null
847378,1240656944413,1240656956806,0,0,0,0,0,0,0,621,1,null
847714,1240657957765,1240657990465,0,0,0,0,0,0,0,0,1,null
848067,1240658194921,1240658245176,0,0,0,0,0,0,0,0,1,null
848503,1240659701758,1240659779849,0,0,0,0,0,0,0,0,1,null
848677,1240659412969,1240659425925,0,0,0,0,0,0,0,0,1,null
849058,1240659990098,1240660001711,0,0,0,0,0,0,0,0,1,null
8842,undefined,0,102.4,0,0,0,0,11,3,1531,undefined,undefined
89496,1240649926769,1240650771655,0,48,1,96,0,1,0,437689,4,0
9093,1240655602630,1240658435247,49,0,0,0,0,3,0,16040,5,2
95378,undefined,0,88.3,0,0,0,0,2,3,3653,undefined,undefined
96213,undefined,0,16.8,0,0,0,0,2,3,41862,undefined,undefined
96537,undefined,0,28.85,0,0,0,0,3,1,189849,undefined,undefined
995,undefined,0,74.2,0,0,0,0,11,2,12,undefined,undefined
<<<<EndTable

PlayersOnlineNow=15
PlayersOnlineEachMinute=0, 6, 7, 6, 6, 10, 10, 11, 11, 12, 12, 11, 11, 11, 10, 9, 9, 9, 9, 8, 8, 8, 8, 8, 7, 7, 7, 7, 8, 8, 8, 8, 8, 9, 10, 10, 9, 8, 9, 10, 10, 9, 8, 9, 11, 10, 10, 9, 10, 10, 9, 9, 10, 9, 8, 10, 9, 9, 8, 8, 9, 9, 9, 10, 11, 11, 11, 10, 10, 9, 11, 12, 12, 12, 11, 11, 11, 11, 12, 12, 12, 13, 14, 13, 14, 15, 15, 14, 10, 12, 11, 11, 13, 14, 15, 13, 12, 13, 14, 15, 14, 12, 11, 11, 11, 11, 11, 11, 11, 10, 10, 10, 10, 10, 10, 12, 12, 11, 11, 12, 12, 14, 14, 14, 13, 15, 14, 14, 15, 13, 12, 13, 15, 15, 15, 14, 14, 14, 13, 13, 12, 13, 12, 12, 13, 12, 11, 10, 10, 11, 13, 13, 13, 13, 12, 13, 13, 15, 18, 17, 13, 14, 13, 14, 15, 15, 13, 13, 15, 16
PlayersInEachFeedingGame=1, 1, 1, 2, 2, 2, 2, 2, 2, 2, 1, 2, 1, 2, 1, 2, 1, 2, 1, 2, 2, 1, 2, 1, 2, 2, 2, 1, 2, 2, 2, 2, 2, 1, 2, 2, 2, 1, 2, 2, 2, 1, 2, 1, 2, 2, 1, 2, 2, 2, 1, 2, 1, 2, 2, 2, 2, 2, 1, 2, 2, 2, 1, 1, 1, 1, 2, 2, 2, 2, 2, 2, 2, 1, 2, 2, 1, 2, 2, 2, 2, 2, 2, 2, 1, 2, 2, 1, 1, 1, 2, 2, 2, 2, 3, 2, 2, 1, 2, 2, 1, 2, 2, 1, 1, 2, 2, 2, 1, 2, 2, 2, 2, 2, 1, 2
PlayersStarted=168
PlayersQuit=153
StatsStartTime=1240649895339
StatsDumpTime=1240660095719
<<<<EndStats
2009-04-25 04:48:22,963 ERROR: vampire.server.feeding.FeedingRecord sendPlayerStartGameMsg [playerId=442019, prey=false, _predatorIndex=791358]
2009-04-25 04:48:41,995 ERROR: vampire.server.feeding.FeedingRecord sendPlayerStartGameMsg [playerId=309124, prey=true, _predatorIndex=]
2009-04-25 04:48:41,996 ERROR: vampire.server.feeding.FeedingRecord sendPlayerStartGameMsg [playerId=442019, prey=false, _predatorIndex=]
2009-04-25 04:49:11,383 ERROR: vampire.server.feeding.FeedingRecord sendPlayerStartGameMsg [playerId=151701, prey=false, _predatorIndex=]
2009-04-25 04:50:22,681 ERROR: vampire.server.feeding.FeedingRecord sendPlayerStartGameMsg [playerId=151288, prey=false, _predatorIndex=]
2009-04-25 04:51:10,190 ERROR: vampire.server.feeding.FeedingRecord sendPlayerStartGameMsg [playerId=151701, prey=false, _predatorIndex=]
2009-04-25 04:51:14,772 ERROR: vampire.server.feeding.FeedingRecord sendPlayerStartGameMsg [playerId=309124, prey=true, _predatorIndex=]
2009-04-25 04:51:14,772 ERROR: vampire.server.feeding.FeedingRecord sendPlayerStartGameMsg [playerId=442019, prey=false, _predatorIndex=]
2009-04-25 04:51:24,323 ERROR: vampire.server.feeding.FeedingRecord sendPlayerStartGameMsg [playerId=370341, prey=false, _predatorIndex=]
2009-04-25 04:52:57,356 ERROR: vampire.server.feeding.FeedingRecord sendPlayerStartGameMsg [playerId=16040, prey=true, _predatorIndex=]
2009-04-25 04:52:57,356 ERROR: vampire.server.feeding.FeedingRecord sendPlayerStartGameMsg [playerId=20731, prey=false, _predatorIndex=]
2009-04-25 04:53:17,985 ERROR: vampire.server.feeding.FeedingRecord sendPlayerStartGameMsg [playerId=151288, prey=true, _predatorIndex=]
2009-04-25 04:53:17,985 ERROR: vampire.server.feeding.FeedingRecord sendPlayerStartGameMsg [playerId=261567, prey=false, _predatorIndex=]
2009-04-25 04:55:01,827 ERROR: vampire.server.feeding.FeedingRecord sendPlayerStartGameMsg [playerId=309821, prey=true, _predatorIndex=]
2009-04-25 04:55:01,828 ERROR: vampire.server.feeding.FeedingRecord sendPlayerStartGameMsg [playerId=151701, prey=false, _predatorIndex=]
2009-04-25 04:55:31,677 ERROR: vampire.server.feeding.FeedingRecord sendPlayerStartGameMsg [playerId=187203, prey=false, _predatorIndex=]
2009-04-25 04:55:59,286 ERROR: vampire.server.feeding.FeedingRecord sendPlayerStartGameMsg [playerId=30735, prey=true, _predatorIndex=]
2009-04-25 04:55:59,287 ERROR: vampire.server.feeding.FeedingRecord sendPlayerStartGameMsg [playerId=261567, prey=false, _predatorIndex=]
2009-04-25 04:57:46,446 ERROR: vampire.server.feeding.FeedingRecord sendPlayerStartGameMsg [playerId=151701, prey=false, _predatorIndex=]
2009-04-25 04:58:03,749 ERROR: vampire.server.feeding.FeedingRecord sendPlayerStartGameMsg [playerId=43232, prey=false, _predatorIndex=]

>>>>BeginStats

>>>>BeginTable
PlayerId, StartTime, EndTime, ProgenyPayout, XPFromFeeding, FeedingGames, MeanFeedingScore, BloodBond, Progeny, GrandProgeny, Sire, Level, Invites
103053,undefined,0,33.6,0,0,0,0,3,0,96213,undefined,undefined
103764,1240656969982,1240657123035,0,0,0,0,0,0,0,0,1,null
111249,undefined,0,30.1,0,0,0,0,2,7,188370,undefined,undefined
112194,undefined,0,31.15,0,0,0,0,3,2,128693,undefined,undefined
12,undefined,0,196.85000000000002,0,0,0,0,19,29,383387,undefined,undefined
120076,1240657709867,0,0,2048,7,267.2857142857143,0,8,1,34987,5,1
122494,1240652537628,1240654376420,0,1819,10,106.4,0,0,0,582081,2,0
124503,undefined,0,6,0,0,0,0,3,3,170934,undefined,undefined
124656,undefined,0,102.9,0,0,0,0,1,4,96537,undefined,undefined
12628,undefined,0,10.2,0,0,0,0,1,1,296361,undefined,undefined
1265,undefined,0,44.900000000000006,0,0,0,0,5,7,12,undefined,undefined
130736,1240654898334,1240655141759,0,0,0,0,0,0,0,797824,1,null
131355,1240654989682,1240655148237,0,0,0,0,0,1,2,461901,4,0
132984,undefined,0,20.4,0,0,0,0,1,0,12628,undefined,undefined
141288,1240652501056,1240659440542,204.70000000000002,3059,17,186.47058823529412,841332,3,0,510740,4,null
143538,undefined,0,5.7,0,0,0,0,2,15,1531,undefined,undefined
144887,1240657344220,1240657378938,0,0,0,0,0,0,0,0,1,null
151288,1240660156957,0,0,237,2,100.5,0,0,0,0,1,0
151701,1240660035453,1240660682086,0,301,2,154,0,0,0,0,1,null
156489,undefined,0,80.80000000000001,0,0,0,0,12,13,713,undefined,undefined
160138,undefined,0,51.85,0,0,0,0,5,5,150469,undefined,undefined
16040,1240659539598,0,538,3605,12,336.5,4139,7,3,3,12,3
160624,1240655234663,1240657934704,0,1450,11,104.45454545454545,0,0,0,843104,2,null
160801,1240649979668,1240650120987,0,0,0,0,0,3,2,166371,3,1
162603,1240658426548,1240658598726,0,0,0,0,0,0,0,81597,1,null
171750,1240650515828,1240652113991,0,1766,8,145.625,0,0,0,176013,2,0
176013,undefined,0,176.6,0,0,0,0,3,0,95378,undefined,undefined
176266,1240660438620,1240660650079,0,0,0,0,0,0,0,0,1,null
179390,1240657355478,1240657582092,0,0,0,0,0,0,0,52484,4,0
18250,1240650156699,1240651300431,0,623,2,169,0,0,0,73621,2,0
182501,1240650809309,1240652593423,0,2459,8,349.125,108722,5,0,430717,7,3
184167,undefined,0,9.600000000000001,0,0,0,0,4,1,113794,undefined,undefined
187203,1240660426432,0,0,112,1,112,0,0,0,0,1,0
188080,1240653544011,1240653897884,0,0,0,0,0,0,0,0,1,null
188370,undefined,0,15.05,0,0,0,0,1,2,163484,undefined,undefined
190687,undefined,0,748.35,0,0,0,0,7,1,383937,undefined,undefined
191134,1240655415055,1240655646010,0,0,0,0,0,0,0,32314,1,2
20106,undefined,0,33,0,0,0,0,3,2,5842,undefined,undefined
20260,undefined,0,75,0,0,0,0,1,2,12,undefined,undefined
204450,1240650774438,1240650787279,0,0,0,0,0,0,0,510740,1,null
20731,1240660011746,0,0,4698,15,204.33333333333334,0,0,0,16040,3,0
223864,undefined,0,103.7,0,0,0,0,5,10,160138,undefined,undefined
230164,1240652491577,0,0,14967,22,779.2272727272727,510740,7,1,250837,12,2
23340,undefined,0,384.20000000000005,0,0,0,0,6,4,383387,undefined,undefined
233517,undefined,0,73.7,0,0,0,0,2,3,212370,undefined,undefined
237231,undefined,0,150,0,0,0,0,2,15,20260,undefined,undefined
242321,1240658314232,1240658360996,0,0,0,0,0,0,0,173571,2,0
250837,undefined,0,1496.7,0,0,0,0,1,7,190687,undefined,undefined
251062,undefined,0,37.25,0,0,0,0,6,9,296361,undefined,undefined
256746,undefined,0,122.95,0,0,0,0,4,20,61984,undefined,undefined
258951,1240649917995,1240650943723,0,449,3,247.66666666666666,555644,6,12,1265,10,7
259344,undefined,0,11.4,0,0,0,0,15,0,143538,undefined,undefined
2606,1240656838100,0,0,2746,10,201.3,0,0,0,307471,4,0
261567,1240659564224,0,0,1500,7,225.57142857142858,0,15,5,237231,12,8
29072,1240657869957,1240658671598,0,1474,5,348.8,0,1,0,63924,4,null
3,undefined,0,891.85,0,0,0,0,2,11,383387,undefined,undefined
30735,1240660296062,0,21.200000000000003,923,4,269.75,0,4,2,124656,7,1
307471,undefined,0,274.6,0,0,0,0,3,0,12,undefined,undefined
309124,1240659902628,0,0,330,3,127,0,0,0,20106,4,0
309821,1240659277014,0,0,802,6,132.5,0,0,0,0,1,0
313795,undefined,0,17.2,0,0,0,0,1,2,447249,undefined,undefined
3200,1240655669660,1240655984610,0,1037,5,309.8,71724,10,0,223864,11,2
32314,1240657779070,1240659884780,136.80000000000004,7684,20,466.85,0,5,2,40508,11,2
338409,1240652140150,1240652552750,0,497,2,304.5,0,0,0,65584,4,0
344937,undefined,0,170.55,0,0,0,0,9,11,251062,undefined,undefined
34987,undefined,0,204.8,0,0,0,0,2,8,8842,undefined,undefined
351626,undefined,0,24.85,0,0,0,0,6,5,183403,undefined,undefined
357642,1240654054879,1240654234314,0,120,1,120,0,0,0,0,1,null
36432,undefined,0,452.5499999999999,0,0,0,0,3,2,44987,undefined,undefined
370341,1240659956799,0,0,0,0,0,0,1,2,326885,3,0
372617,1240656987349,1240659297037,11.700000000000001,4467,16,323.0625,612159,2,0,36432,5,1
374071,1240655762305,1240655847849,0,0,0,0,0,0,0,0,1,null
381824,1240653635079,1240654005804,0,336,1,336,0,0,0,103053,4,0
383387,undefined,0,317.55,0,0,0,0,4,46,0,undefined,undefined
387496,1240654746799,1240655264977,221.99999999999997,192,2,145.5,0,1,0,82377,3,1
39180,1240659261279,1240659467384,0,0,0,0,0,5,9,68619,7,1
396113,undefined,0,273.9,0,0,0,0,2,4,44987,undefined,undefined
403501,undefined,0,14.4,0,0,0,0,3,1,124503,undefined,undefined
40508,undefined,0,800.5500000000002,0,0,0,0,4,5,23340,undefined,undefined
430717,1240651085866,1240652253038,245.9,0,0,0,0,20,9,256746,11,3
430891,1240658867844,1240659454134,0,301,1,265,0,7,4,111249,11,2
43232,1240660605686,0,0,0,0,0,0,1,0,430891,3,0
433340,1240657651547,1240657696157,0,0,0,0,0,0,0,60973,1,0
437689,1240659164650,1240659461125,4.800000000000001,120,1,125,0,1,1,403501,4,0
442019,1240659926049,0,0,204,2,85.5,0,0,0,132984,2,0
445660,undefined,0,722.7,0,0,0,0,4,5,54812,undefined,undefined
447249,undefined,0,8.6,0,0,0,0,3,1,199427,undefined,undefined
44987,undefined,0,360.30000000000007,0,0,0,0,10,6,12770,undefined,undefined
47477,undefined,0,100.10000000000001,0,0,0,0,1,0,58859,undefined,undefined
510740,1240653140857,0,408.25,14454,21,605.3333333333334,230164,47,30,534632,16,14
511609,1240649928869,1240650070364,0,117,1,117,0,0,0,372617,1,null
5153,1240649895532,1240650718894,0,742,3,199.33333333333334,0,1,0,995,8,1
5212,1240652976188,1240653196213,0,671,1,579,2843,13,10,156489,14,2
534632,undefined,0,1598.3500000000004,0,0,0,0,5,47,445660,undefined,undefined
557606,1240652533445,1240653331100,0,437,3,112.66666666666667,0,0,0,16040,1,null
560907,1240657212468,1240657457310,0,137,1,137,0,0,0,156489,2,0
575732,1240659340770,1240659424598,0,0,0,0,0,0,0,0,1,0
582081,undefined,0,181.9,0,0,0,0,1,0,79942,undefined,undefined
5842,1240659666203,1240659848849,208.60000000000002,745,2,254.5,40275,11,24,344937,12,4
585199,1240650189755,1240652430811,0,0,0,0,0,0,0,0,1,null
58859,1240653859033,1240654851402,50.050000000000004,2739,6,628.5,43017,4,2,396113,11,2
605460,1240651773347,1240652093698,0,0,0,0,0,0,0,0,1,0
620394,1240654805170,1240655400394,0,0,0,0,0,1,0,2843,4,null
621,1240657532307,1240660575065,0,2746,10,347.5,677,4,0,3,10,2
63924,undefined,0,147.4,0,0,0,0,3,1,233517,undefined,undefined
640986,1240650315597,1240650330558,0,0,0,0,0,0,0,0,1,null
654816,1240657954605,1240657961666,0,0,0,0,0,0,0,0,1,null
65584,undefined,0,49.7,0,0,0,0,4,0,351626,undefined,undefined
68400,1240657893589,1240658122160,0,0,0,0,0,0,0,995,3,1
713,undefined,0,40.400000000000006,0,0,0,0,2,17,12,undefined,undefined
7314,1240657501680,1240659993480,0,1921,6,425.8333333333333,0,8,4,5842,10,2
734404,1240652215248,1240652404461,0,255,2,127.5,0,0,0,0,1,null
73621,undefined,0,62.3,0,0,0,0,2,0,112194,undefined,undefined
745441,1240660371101,1240660533681,0,0,0,0,0,0,0,430717,1,null
77,1240657143880,1240657174480,0,0,0,0,171151,10,2,12770,13,2
771997,1240656985644,1240656996597,0,0,0,0,0,0,0,0,1,null
772383,1240658828143,1240659027728,0,0,0,0,168473,0,0,235393,3,null
778434,1240655603879,1240655921129,0,490,1,490,0,0,0,9093,3,null
780028,1240656359288,1240656955896,0,848,5,160.2,0,0,0,141288,2,null
791358,1240654531253,0,0,2305,20,99.55,0,0,0,387496,2,0
794977,1240660270919,1240660277611,0,0,0,0,0,0,0,0,1,null
79942,undefined,0,90.95,0,0,0,0,3,1,198149,undefined,undefined
807467,1240660683407,0,0,0,0,0,0,0,0,0,1,0
809500,1240651227953,1240651232604,0,0,0,0,0,0,0,0,1,null
811852,1240659328770,1240659573861,0,172,1,99,0,2,0,313795,2,null
812855,1240657447565,1240657454584,0,0,0,0,0,0,0,0,1,null
814516,1240652080358,1240653041691,0,1001,5,183.8,0,0,0,47477,2,null
820331,1240659758405,1240660072641,0,114,1,123,0,0,0,259344,1,null
82377,undefined,0,130.2,0,0,0,0,1,1,184167,undefined,undefined
839983,1240657759454,1240657838260,0,0,0,0,0,0,0,0,1,null
841273,1240650124863,1240650508427,0,313,2,71.5,0,0,0,0,1,null
841332,1240654124110,1240656341221,0,1288,9,119.33333333333333,141288,0,0,141288,2,null
842797,1240650418149,1240651025597,0,171,1,122,0,0,0,0,1,null
843104,1240654056401,1240654908957,145,643,4,127.25,0,1,0,32314,1,null
843589,1240656884765,1240656903519,0,0,0,0,0,0,0,0,1,null
844714,1240657348825,1240657916052,0,38,1,38,0,0,0,0,1,null
844768,1240659577076,1240659596101,0,0,0,0,0,0,0,0,1,null
844871,1240652367046,1240652622793,0,107,1,107,0,0,0,0,1,null
845140,1240655246148,1240655273933,0,0,0,0,0,0,0,0,1,null
845252,1240652439762,1240652475954,0,0,0,0,0,0,0,0,1,null
845841,1240655373249,1240655941021,0,0,0,0,0,0,0,0,1,null
846160,1240658539878,1240658548219,0,0,0,0,0,0,0,0,1,null
846368,1240658890310,1240659815368,0,556,4,120,0,0,0,30735,1,null
846933,1240656750538,1240656893506,0,0,0,0,0,0,0,9093,1,null
847010,1240656557308,1240656573445,0,0,0,0,0,0,0,0,1,null
847175,1240659060570,1240659120573,0,0,0,0,0,0,0,0,1,null
847378,1240656944413,1240656956806,0,0,0,0,0,0,0,621,1,null
847564,1240660631013,1240660665735,0,0,0,0,0,0,0,0,1,null
847714,1240657957765,1240657990465,0,0,0,0,0,0,0,0,1,null
848067,1240658194921,1240658245176,0,0,0,0,0,0,0,0,1,null
848503,1240659701758,1240659779849,0,0,0,0,0,0,0,0,1,null
848677,1240659412969,1240659425925,0,0,0,0,0,0,0,0,1,null
849058,1240659990098,1240660001711,0,0,0,0,0,0,0,0,1,null
8842,undefined,0,102.4,0,0,0,0,11,3,1531,undefined,undefined
89496,1240649926769,1240650771655,0,48,1,96,0,1,0,437689,4,0
9093,1240655602630,1240658435247,49,0,0,0,0,3,0,16040,5,2
95378,undefined,0,88.3,0,0,0,0,2,3,3653,undefined,undefined
96213,undefined,0,16.8,0,0,0,0,2,3,41862,undefined,undefined
96537,undefined,0,46.150000000000006,0,0,0,0,3,1,189849,undefined,undefined
995,undefined,0,74.2,0,0,0,0,11,2,12,undefined,undefined
<<<<EndTable

PlayersOnlineNow=17
PlayersOnlineEachMinute=0, 6, 7, 6, 6, 10, 10, 11, 11, 12, 12, 11, 11, 11, 10, 9, 9, 9, 9, 8, 8, 8, 8, 8, 7, 7, 7, 7, 8, 8, 8, 8, 8, 9, 10, 10, 9, 8, 9, 10, 10, 9, 8, 9, 11, 10, 10, 9, 10, 10, 9, 9, 10, 9, 8, 10, 9, 9, 8, 8, 9, 9, 9, 10, 11, 11, 11, 10, 10, 9, 11, 12, 12, 12, 11, 11, 11, 11, 12, 12, 12, 13, 14, 13, 14, 15, 15, 14, 10, 12, 11, 11, 13, 14, 15, 13, 12, 13, 14, 15, 14, 12, 11, 11, 11, 11, 11, 11, 11, 10, 10, 10, 10, 10, 10, 12, 12, 11, 11, 12, 12, 14, 14, 14, 13, 15, 14, 14, 15, 13, 12, 13, 15, 15, 15, 14, 14, 14, 13, 13, 12, 13, 12, 12, 13, 12, 11, 10, 10, 11, 13, 13, 13, 13, 12, 13, 13, 15, 18, 17, 13, 14, 13, 14, 15, 15, 13, 13, 15, 16, 15, 15, 16, 16, 16, 17, 19, 19, 17, 19
PlayersInEachFeedingGame=1, 1, 1, 2, 2, 2, 2, 2, 2, 2, 1, 2, 1, 2, 1, 2, 1, 2, 1, 2, 2, 1, 2, 1, 2, 2, 2, 1, 2, 2, 2, 2, 2, 1, 2, 2, 2, 1, 2, 2, 2, 1, 2, 1, 2, 2, 1, 2, 2, 2, 1, 2, 1, 2, 2, 2, 2, 2, 1, 2, 2, 2, 1, 1, 1, 1, 2, 2, 2, 2, 2, 2, 2, 1, 2, 2, 1, 2, 2, 2, 2, 2, 2, 2, 1, 2, 2, 1, 1, 1, 2, 2, 2, 2, 3, 2, 2, 1, 2, 2, 1, 2, 2, 1, 1, 2, 2, 2, 1, 2, 2, 2, 2, 2, 1, 2, 2, 1, 2, 1, 2, 2, 2, 1, 2, 1, 1
PlayersStarted=178
PlayersQuit=161
StatsStartTime=1240649895339
StatsDumpTime=1240660695760
<<<<EndStats
2009-04-25 04:59:10,076 ERROR: vampire.server.feeding.FeedingRecord sendPlayerStartGameMsg [playerId=807467, prey=true, _predatorIndex=]
2009-04-25 04:59:10,076 ERROR: vampire.server.feeding.FeedingRecord sendPlayerStartGameMsg [playerId=780672, prey=false, _predatorIndex=]
2009-04-25 04:59:26,599 ERROR: vampire.server.feeding.FeedingRecord sendPlayerStartGameMsg [playerId=847564, prey=false, _predatorIndex=]
2009-04-25 04:59:49,127 ERROR: vampire.server.feeding.FeedingRecord sendPlayerStartGameMsg [playerId=151288, prey=false, _predatorIndex=780672]
Error! Your code is broken! Unable to call a host method, perhaps you've been shut down? [msg=Room not in game [roomId=1], trace=Error: Room not in game [roomId=1]
	at com.threerings.msoy.avrg.client::ThaneAVRGameController/getRoomProps()[/export/bamboo/bamboo-home/xml-data/build-dir/WHIRLED-PROD/src/as/com/threerings/msoy/avrg/client/ThaneAVRGameController.as:182]
	at com.threerings.msoy.avrg.client::ThaneAVRGameBackend/room_sendMessage_v1()[/export/bamboo/bamboo-home/xml-data/build-dir/WHIRLED-PROD/src/as/com/threerings/msoy/avrg/client/ThaneAVRGameBackend.as:540]
	at Function/http://adobe.com/AS3/2006/builtin::apply()
	at com.whirled::AbstractControl/callHostCode()
	at Function/http://adobe.com/AS3/2006/builtin::apply()
	at com.whirled::AbstractSubControl/callHostCode()
	at Function/http://adobe.com/AS3/2006/builtin::apply()
	at com.whirled::TargetedSubControl/callHostCode()
	at com.whirled.avrg::RoomSubControlServer/sendMessage()
	at vampire.feeding.server::ServerCtx/sendMessage()
	at vampire.feeding.server::ServerGameMode/onTimeOver()
	at flash.events::EventDispatcher/dispatchEvent()
	at flash.utils::Timer/expire()
	at flash.utils::Timer$/heartbeat()
	at Thane$/heartbeat()
	at Thane$/heartbeat()].
2009-04-25 05:00:07,985 ERROR: vampire.server.feeding.FeedingRecord sendPlayerStartGameMsg [playerId=187203, prey=false, _predatorIndex=]
2009-04-25 05:01:49,122 ERROR: vampire.server.feeding.FeedingRecord sendPlayerStartGameMsg [playerId=261567, prey=false, _predatorIndex=]
2009-04-25 05:02:20,242 ERROR: vampire.server.feeding.FeedingRecord sendPlayerStartGameMsg [playerId=261567, prey=false, _predatorIndex=]
2009-04-25 05:02:34,611 ERROR: vampire.server.feeding.FeedingRecord sendPlayerStartGameMsg [playerId=34987, prey=false, _predatorIndex=]
2009-04-25 05:03:43,382 ERROR: vampire.server.feeding.FeedingRecord sendPlayerStartGameMsg [playerId=780672, prey=false, _predatorIndex=]
2009-04-25 05:03:48,637 ERROR: vampire.server.feeding.FeedingRecord sendPlayerStartGameMsg [playerId=261567, prey=false, _predatorIndex=]
2009-04-25 05:04:10,351 ERROR: vampire.server.feeding.FeedingRecord sendPlayerStartGameMsg [playerId=151288, prey=true, _predatorIndex=]
2009-04-25 05:04:10,351 ERROR: vampire.server.feeding.FeedingRecord sendPlayerStartGameMsg [playerId=153428, prey=false, _predatorIndex=]
2009-04-25 05:06:07,708 ERROR: vampire.server.feeding.FeedingRecord sendPlayerStartGameMsg [playerId=261567, prey=false, _predatorIndex=43232]
2009-04-25 05:06:29,157 ERROR: vampire.server.feeding.FeedingRecord sendPlayerStartGameMsg [playerId=151288, prey=true, _predatorIndex=]
2009-04-25 05:06:29,158 ERROR: vampire.server.feeding.FeedingRecord sendPlayerStartGameMsg [playerId=399290, prey=false, _predatorIndex=]
2009-04-25 05:06:36,974 ERROR: vampire.server.feeding.FeedingRecord sendPlayerStartGameMsg [playerId=261567, prey=false, _predatorIndex=399290]
2009-04-25 05:06:45,251 ERROR: vampire.server.feeding.FeedingRecord sendPlayerStartGameMsg [playerId=54776, prey=true, _predatorIndex=]
2009-04-25 05:06:45,252 ERROR: vampire.server.feeding.FeedingRecord sendPlayerStartGameMsg [playerId=780672, prey=false, _predatorIndex=]
2009-04-25 05:06:52,308 ERROR: vampire.server.feeding.FeedingRecord sendPlayerStartGameMsg [playerId=261567, prey=false, _predatorIndex=43232,261567]
2009-04-25 05:06:59,829 ERROR: vampire.server.feeding.FeedingRecord sendPlayerStartGameMsg [playerId=261567, prey=false, _predatorIndex=399290,261567]

>>>>BeginStats

>>>>BeginTable
PlayerId, StartTime, EndTime, ProgenyPayout, XPFromFeeding, FeedingGames, MeanFeedingScore, BloodBond, Progeny, GrandProgeny, Sire, Level, Invites
103053,undefined,0,33.6,0,0,0,0,3,0,96213,undefined,undefined
103764,1240656969982,1240657123035,0,0,0,0,0,0,0,0,1,null
111249,undefined,0,51.550000000000004,0,0,0,0,2,7,188370,undefined,undefined
112194,undefined,0,31.15,0,0,0,0,3,2,128693,undefined,undefined
12,undefined,0,196.85000000000002,0,0,0,0,19,31,383387,undefined,undefined
120076,1240657709867,0,0,2048,7,267.2857142857143,0,8,1,34987,5,1
122494,1240652537628,1240654376420,0,1819,10,106.4,0,0,0,582081,2,0
124503,undefined,0,6,0,0,0,0,3,3,170934,undefined,undefined
124656,undefined,0,126.9,0,0,0,0,1,4,96537,undefined,undefined
12628,undefined,0,10.2,0,0,0,0,1,1,296361,undefined,undefined
1265,undefined,0,44.900000000000006,0,0,0,0,5,7,12,undefined,undefined
130736,1240654898334,1240655141759,0,0,0,0,0,0,0,797824,1,null
131355,1240654989682,1240655148237,0,0,0,0,0,1,2,461901,4,0
132984,undefined,0,20.4,0,0,0,0,1,0,12628,undefined,undefined
133118,1240661258534,0,0,0,0,0,0,2,0,121984,3,0
141288,1240652501056,1240659440542,204.70000000000002,3059,17,186.47058823529412,841332,3,0,510740,4,null
143538,undefined,0,5.7,0,0,0,0,2,15,1531,undefined,undefined
144887,1240657344220,1240657378938,0,0,0,0,0,0,0,0,1,null
147608,1240661176077,1240661226814,0,0,0,0,541246,6,1,502119,5,1
151288,1240660156957,0,0,377,4,102.75,0,0,0,0,1,0
151701,1240660035453,1240660682086,0,301,2,154,0,0,0,0,1,null
1531,undefined,0,6.4,0,0,0,0,2,13,12,undefined,undefined
153428,1240661030647,1240661157845,0,0,0,0,0,0,0,0,1,null
156489,undefined,0,80.80000000000001,0,0,0,0,12,13,713,undefined,undefined
160138,undefined,0,51.85,0,0,0,0,5,5,150469,undefined,undefined
16040,1240659539598,1240660910101,566.7,3892,13,340.3076923076923,4139,7,3,3,12,3
160624,1240655234663,1240657934704,0,1450,11,104.45454545454545,0,0,0,843104,2,null
160801,1240649979668,1240650120987,0,0,0,0,0,3,2,166371,3,1
162603,1240658426548,1240658598726,0,0,0,0,0,0,0,81597,1,null
171750,1240650515828,1240652113991,0,1766,8,145.625,0,0,0,176013,2,0
176013,undefined,0,176.6,0,0,0,0,3,0,95378,undefined,undefined
176266,1240660438620,1240660650079,0,0,0,0,0,0,0,0,1,null
179390,1240657355478,1240657582092,0,0,0,0,0,0,0,52484,4,0
18250,1240650156699,1240651300431,0,623,2,169,0,0,0,73621,2,0
182501,1240650809309,1240652593423,0,2459,8,349.125,108722,5,0,430717,7,3
184167,undefined,0,9.600000000000001,0,0,0,0,4,1,113794,undefined,undefined
187203,1240660426432,0,0,265,2,132.5,0,0,0,0,1,0
188080,1240653544011,1240653897884,0,0,0,0,0,0,0,0,1,null
188370,undefined,0,15.05,0,0,0,0,1,2,163484,undefined,undefined
190687,undefined,0,748.35,0,0,0,0,7,1,383937,undefined,undefined
191134,1240655415055,1240655646010,0,0,0,0,0,0,0,32314,1,2
20106,undefined,0,33,0,0,0,0,3,2,5842,undefined,undefined
20260,undefined,0,101.3,0,0,0,0,2,5,12,undefined,undefined
204450,1240650774438,1240650787279,0,0,0,0,0,0,0,510740,1,null
20731,1240660011746,0,0,4985,16,203.25,0,0,0,16040,3,0
223864,undefined,0,103.7,0,0,0,0,5,10,160138,undefined,undefined
230164,1240652491577,1240661234240,0,14967,22,779.2272727272727,510740,7,1,250837,12,2
23340,undefined,0,384.20000000000005,0,0,0,0,6,4,383387,undefined,undefined
233517,undefined,0,73.7,0,0,0,0,2,3,212370,undefined,undefined
237231,undefined,0,202.6,0,0,0,0,2,15,20260,undefined,undefined
242321,1240658314232,1240658360996,0,0,0,0,0,0,0,173571,2,0
250837,undefined,0,1496.7,0,0,0,0,1,7,190687,undefined,undefined
251062,undefined,0,37.25,0,0,0,0,6,9,296361,undefined,undefined
253315,1240661079371,0,0,0,0,0,0,1,0,171151,1,1
256746,undefined,0,122.95,0,0,0,0,4,20,61984,undefined,undefined
258951,1240649917995,1240650943723,0,449,3,247.66666666666666,555644,6,12,1265,10,7
259344,undefined,0,11.4,0,0,0,0,15,0,143538,undefined,undefined
2606,1240656838100,0,0,2746,10,201.3,0,0,0,307471,4,0
261567,1240659564224,0,0,2026,9,237,0,15,5,237231,12,8
29072,1240657869957,1240658671598,0,1474,5,348.8,0,1,0,63924,4,null
3,undefined,0,934.9000000000001,0,0,0,0,2,11,383387,undefined,undefined
30735,1240660994507,0,21.200000000000003,1163,5,258.2,0,4,2,124656,7,1
307471,undefined,0,274.6,0,0,0,0,3,0,12,undefined,undefined
309124,1240659902628,0,0,330,3,127,0,0,0,20106,4,0
309821,1240659277014,0,0,802,6,132.5,0,0,0,0,1,0
313795,undefined,0,17.2,0,0,0,0,1,2,447249,undefined,undefined
3200,1240655669660,1240655984610,0,1037,5,309.8,71724,10,0,223864,11,2
32314,1240657779070,1240659884780,136.80000000000004,7684,20,466.85,0,5,2,40508,11,2
338409,1240652140150,1240652552750,0,497,2,304.5,0,0,0,65584,4,0
344937,undefined,0,170.55,0,0,0,0,9,11,251062,undefined,undefined
34987,1240660755361,0,204.8,128,1,128,0,2,9,8842,3,0
351626,undefined,0,24.85,0,0,0,0,6,5,183403,undefined,undefined
357642,1240654054879,1240654234314,0,120,1,120,0,0,0,0,1,null
36432,undefined,0,452.5499999999999,0,0,0,0,3,2,44987,undefined,undefined
370341,1240659956799,1240660753153,0,0,0,0,0,1,2,326885,3,0
372617,1240656987349,1240659297037,11.700000000000001,4467,16,323.0625,612159,2,0,36432,5,1
374071,1240655762305,1240655847849,0,0,0,0,0,0,0,0,1,null
381824,1240653635079,1240654005804,0,336,1,336,0,0,0,103053,4,0
383387,undefined,0,331.90000000000003,0,0,0,0,4,46,0,undefined,undefined
387496,1240654746799,1240655264977,221.99999999999997,192,2,145.5,0,1,0,82377,3,1
39180,1240659261279,1240659467384,0,0,0,0,0,5,9,68619,7,1
396113,undefined,0,273.9,0,0,0,0,2,4,44987,undefined,undefined
399290,1240660966714,1240661252544,0,0,0,0,0,0,0,0,1,0
403501,undefined,0,14.4,0,0,0,0,3,1,124503,undefined,undefined
40508,undefined,0,800.5500000000002,0,0,0,0,4,5,23340,undefined,undefined
408501,undefined,0,42.7,0,0,0,0,2,0,637936,undefined,undefined
430717,1240651085866,1240652253038,245.9,0,0,0,0,20,9,256746,11,3
430891,1240658867844,1240659454134,42.9,301,1,265,0,7,4,111249,11,2
43232,1240660605686,0,0,429,4,107.25,0,1,0,430891,3,0
433340,1240657651547,1240657696157,0,0,0,0,0,0,0,60973,1,0
437689,1240659164650,1240659461125,4.800000000000001,120,1,125,0,1,1,403501,4,0
442019,1240659926049,1240661126245,0,204,2,85.5,0,0,0,132984,2,0
445660,undefined,0,722.7,0,0,0,0,4,5,54812,undefined,undefined
447249,undefined,0,8.6,0,0,0,0,3,1,199427,undefined,undefined
44987,undefined,0,360.30000000000007,0,0,0,0,10,6,12770,undefined,undefined
47477,undefined,0,100.10000000000001,0,0,0,0,1,0,58859,undefined,undefined
510740,1240653140857,0,408.25,14454,21,605.3333333333334,230164,47,30,534632,16,14
511609,1240649928869,1240650070364,0,117,1,117,0,0,0,372617,1,null
5153,1240649895532,1240650718894,0,742,3,199.33333333333334,0,1,0,995,8,1
5212,1240652976188,1240653196213,0,671,1,579,2843,13,10,156489,14,2
534632,undefined,0,1598.3500000000004,0,0,0,0,5,47,445660,undefined,undefined
54776,1240661158976,0,0,0,0,0,1062,29,16,89757,13,2
557606,1240652533445,1240653331100,0,437,3,112.66666666666667,0,0,0,16040,1,null
560907,1240657212468,1240657457310,0,137,1,137,0,0,0,156489,2,0
575732,1240659340770,1240659424598,0,0,0,0,0,0,0,0,1,0
582081,undefined,0,181.9,0,0,0,0,1,0,79942,undefined,undefined
5842,1240659666203,1240659848849,208.60000000000002,745,2,254.5,40275,11,24,344937,12,4
585199,1240650189755,1240652430811,0,0,0,0,0,0,0,0,1,null
58859,1240653859033,1240654851402,50.050000000000004,2739,6,628.5,43017,4,2,396113,11,2
605460,1240651773347,1240652093698,0,0,0,0,0,0,0,0,1,0
620394,1240654805170,1240655400394,0,0,0,0,0,1,0,2843,4,null
621,1240657532307,1240660575065,0,2746,10,347.5,677,4,0,3,10,2
637936,undefined,0,21.35,0,0,0,0,2,2,217283,undefined,undefined
63924,undefined,0,147.4,0,0,0,0,3,1,233517,undefined,undefined
640986,1240650315597,1240650330558,0,0,0,0,0,0,0,0,1,null
654816,1240657954605,1240657961666,0,0,0,0,0,0,0,0,1,null
65584,undefined,0,49.7,0,0,0,0,4,0,351626,undefined,undefined
68400,1240657893589,1240658122160,0,0,0,0,0,0,0,995,3,1
713,undefined,0,40.400000000000006,0,0,0,0,2,17,12,undefined,undefined
71724,1240661127462,1240661161814,0,0,0,0,3200,8,1,94103,10,4
7314,1240657501680,1240659993480,0,1921,6,425.8333333333333,0,8,4,5842,10,2
734404,1240652215248,1240652404461,0,255,2,127.5,0,0,0,0,1,null
73621,undefined,0,62.3,0,0,0,0,2,0,112194,undefined,undefined
745441,1240660371101,1240660533681,0,0,0,0,0,0,0,430717,1,null
77,1240657143880,1240657174480,0,0,0,0,171151,10,2,12770,13,2
771997,1240656985644,1240656996597,0,0,0,0,0,0,0,0,1,null
772383,1240658828143,1240659027728,0,0,0,0,168473,0,0,235393,3,null
778434,1240655603879,1240655921129,0,490,1,490,0,0,0,9093,3,null
780028,1240656359288,1240656955896,0,848,5,160.2,0,0,0,141288,2,null
780672,1240660734357,0,0,427,3,174,0,0,0,408501,3,0
791358,1240654531253,0,0,2305,20,99.55,0,0,0,387496,2,0
794977,1240660270919,1240660277611,0,0,0,0,0,0,0,0,1,null
79942,undefined,0,90.95,0,0,0,0,3,1,198149,undefined,undefined
807467,1240660740496,1240661145159,0,134,1,107,0,0,0,0,1,null
809500,1240651227953,1240651232604,0,0,0,0,0,0,0,0,1,null
811852,1240659328770,1240659573861,0,172,1,99,0,2,0,313795,2,null
812855,1240657447565,1240657454584,0,0,0,0,0,0,0,0,1,null
814516,1240652080358,1240653041691,0,1001,5,183.8,0,0,0,47477,2,null
820331,1240659758405,1240660072641,0,114,1,123,0,0,0,259344,1,null
82377,undefined,0,130.2,0,0,0,0,1,1,184167,undefined,undefined
839983,1240657759454,1240657838260,0,0,0,0,0,0,0,0,1,null
841273,1240650124863,1240650508427,0,313,2,71.5,0,0,0,0,1,null
841332,1240654124110,1240656341221,0,1288,9,119.33333333333333,141288,0,0,141288,2,null
842797,1240650418149,1240651025597,0,171,1,122,0,0,0,0,1,null
843104,1240654056401,1240654908957,145,643,4,127.25,0,1,0,32314,1,null
843589,1240656884765,1240656903519,0,0,0,0,0,0,0,0,1,null
844714,1240657348825,1240657916052,0,38,1,38,0,0,0,0,1,null
844768,1240659577076,1240659596101,0,0,0,0,0,0,0,0,1,null
844871,1240652367046,1240652622793,0,107,1,107,0,0,0,0,1,null
845140,1240655246148,1240655273933,0,0,0,0,0,0,0,0,1,null
845252,1240652439762,1240652475954,0,0,0,0,0,0,0,0,1,null
845841,1240655373249,1240655941021,0,0,0,0,0,0,0,0,1,null
846160,1240658539878,1240658548219,0,0,0,0,0,0,0,0,1,null
846368,1240658890310,1240659815368,0,556,4,120,0,0,0,30735,1,null
846933,1240656750538,1240656893506,0,0,0,0,0,0,0,9093,1,null
847010,1240656557308,1240656573445,0,0,0,0,0,0,0,0,1,null
847175,1240659060570,1240659120573,0,0,0,0,0,0,0,0,1,null
847378,1240656944413,1240656956806,0,0,0,0,0,0,0,621,1,null
847564,1240660721042,0,0,110,1,110,0,0,0,0,1,0
847714,1240657957765,1240657990465,0,0,0,0,0,0,0,0,1,null
848067,1240658194921,1240658245176,0,0,0,0,0,0,0,0,1,null
848117,1240660987540,1240661030534,0,0,0,0,0,0,0,0,1,null
848503,1240659701758,1240659779849,0,0,0,0,0,0,0,0,1,null
848677,1240659412969,1240659425925,0,0,0,0,0,0,0,0,1,null
849058,1240659990098,1240660001711,0,0,0,0,0,0,0,0,1,null
849626,1240660982308,1240660988738,0,0,0,0,0,0,0,0,1,null
8842,undefined,0,115.2,0,0,0,0,11,4,1531,undefined,undefined
89496,1240649926769,1240650771655,0,48,1,96,0,1,0,437689,4,0
9093,1240655602630,1240658435247,49,0,0,0,0,3,0,16040,5,2
95378,undefined,0,88.3,0,0,0,0,2,3,3653,undefined,undefined
96213,undefined,0,16.8,0,0,0,0,2,3,41862,undefined,undefined
96537,undefined,0,58.150000000000006,0,0,0,0,3,1,189849,undefined,undefined
995,undefined,0,74.2,0,0,0,0,11,2,12,undefined,undefined
<<<<EndTable

PlayersOnlineNow=18
PlayersOnlineEachMinute=0, 6, 7, 6, 6, 10, 10, 11, 11, 12, 12, 11, 11, 11, 10, 9, 9, 9, 9, 8, 8, 8, 8, 8, 7, 7, 7, 7, 8, 8, 8, 8, 8, 9, 10, 10, 9, 8, 9, 10, 10, 9, 8, 9, 11, 10, 10, 9, 10, 10, 9, 9, 10, 9, 8, 10, 9, 9, 8, 8, 9, 9, 9, 10, 11, 11, 11, 10, 10, 9, 11, 12, 12, 12, 11, 11, 11, 11, 12, 12, 12, 13, 14, 13, 14, 15, 15, 14, 10, 12, 11, 11, 13, 14, 15, 13, 12, 13, 14, 15, 14, 12, 11, 11, 11, 11, 11, 11, 11, 10, 10, 10, 10, 10, 10, 12, 12, 11, 11, 12, 12, 14, 14, 14, 13, 15, 14, 14, 15, 13, 12, 13, 15, 15, 15, 14, 14, 14, 13, 13, 12, 13, 12, 12, 13, 12, 11, 10, 10, 11, 13, 13, 13, 13, 12, 13, 13, 15, 18, 17, 13, 14, 13, 14, 15, 15, 13, 13, 15, 16, 15, 15, 16, 16, 16, 17, 19, 19, 17, 19, 17, 19, 20, 20, 19, 20, 20, 21, 20, 18
PlayersInEachFeedingGame=1, 1, 1, 2, 2, 2, 2, 2, 2, 2, 1, 2, 1, 2, 1, 2, 1, 2, 1, 2, 2, 1, 2, 1, 2, 2, 2, 1, 2, 2, 2, 2, 2, 1, 2, 2, 2, 1, 2, 2, 2, 1, 2, 1, 2, 2, 1, 2, 2, 2, 1, 2, 1, 2, 2, 2, 2, 2, 1, 2, 2, 2, 1, 1, 1, 1, 2, 2, 2, 2, 2, 2, 2, 1, 2, 2, 1, 2, 2, 2, 2, 2, 2, 2, 1, 2, 2, 1, 1, 1, 2, 2, 2, 2, 3, 2, 2, 1, 2, 2, 1, 2, 2, 1, 1, 2, 2, 2, 1, 2, 2, 2, 2, 2, 1, 2, 2, 1, 2, 1, 2, 2, 2, 1, 2, 1, 1, 2, 1, 1, 1, 1, 1, 1, 2, 2, 2
PlayersStarted=193
PlayersQuit=175
StatsStartTime=1240649895339
StatsDumpTime=1240661295816
<<<<EndStats
2009-04-25 05:08:39,569 ERROR: vampire.server.feeding.FeedingRecord sendPlayerStartGameMsg [playerId=791358, prey=false, _predatorIndex=]
2009-04-25 05:09:13,593 ERROR: vampire.server.feeding.FeedingRecord sendPlayerStartGameMsg [playerId=151288, prey=true, _predatorIndex=]
2009-04-25 05:09:13,594 ERROR: vampire.server.feeding.FeedingRecord sendPlayerStartGameMsg [playerId=261567, prey=false, _predatorIndex=]
2009-04-25 05:10:38,084 ERROR: vampire.server.feeding.FeedingRecord sendPlayerStartGameMsg [playerId=309124, prey=true, _predatorIndex=]
2009-04-25 05:10:38,084 ERROR: vampire.server.feeding.FeedingRecord sendPlayerStartGameMsg [playerId=120076, prey=false, _predatorIndex=]
2009-04-25 05:11:55,798 ERROR: vampire.server.feeding.FeedingRecord sendPlayerStartGameMsg [playerId=54776, prey=false, _predatorIndex=43232,261567]
2009-04-25 05:11:55,826 ERROR: vampire.server.feeding.FeedingRecord sendPlayerStartGameMsg [playerId=780672, prey=false, _predatorIndex=]
2009-04-25 05:12:29,233 ERROR: vampire.server.feeding.FeedingRecord sendPlayerStartGameMsg [playerId=151288, prey=false, _predatorIndex=]
2009-04-25 05:12:36,157 ERROR: vampire.server.feeding.FeedingRecord sendPlayerStartGameMsg [playerId=187203, prey=true, _predatorIndex=]
2009-04-25 05:12:36,158 ERROR: vampire.server.feeding.FeedingRecord sendPlayerStartGameMsg [playerId=261567, prey=false, _predatorIndex=]
2009-04-25 05:13:30,834 ERROR: vampire.server.feeding.FeedingRecord sendPlayerStartGameMsg [playerId=151288, prey=false, _predatorIndex=261567]
2009-04-25 05:14:53,318 ERROR: vampire.server.feeding.FeedingRecord sendPlayerStartGameMsg [playerId=151288, prey=false, _predatorIndex=]
2009-04-25 05:15:07,638 ERROR: vampire.server.feeding.FeedingRecord sendPlayerStartGameMsg [playerId=261567, prey=true, _predatorIndex=]
2009-04-25 05:15:07,638 ERROR: vampire.server.feeding.FeedingRecord sendPlayerStartGameMsg [playerId=151288, prey=false, _predatorIndex=]
2009-04-25 05:15:18,758 ERROR: vampire.server.feeding.FeedingRecord sendPlayerStartGameMsg [playerId=20718, prey=false, _predatorIndex=]
2009-04-25 05:16:40,549 ERROR: vampire.server.feeding.FeedingRecord sendPlayerStartGameMsg [playerId=309124, prey=true, _predatorIndex=]
2009-04-25 05:16:40,550 ERROR: vampire.server.feeding.FeedingRecord sendPlayerStartGameMsg [playerId=811852, prey=false, _predatorIndex=]
2009-04-25 05:16:41,702 ERROR: vampire.server.feeding.FeedingRecord sendPlayerStartGameMsg [playerId=142539, prey=false, _predatorIndex=151288]
2009-04-25 05:16:42,246 ERROR: vampire.server.feeding.FeedingRecord sendPlayerStartGameMsg [playerId=20731, prey=true, _predatorIndex=]
2009-04-25 05:16:42,246 ERROR: vampire.server.feeding.FeedingRecord sendPlayerStartGameMsg [playerId=32314, prey=false, _predatorIndex=]
2009-04-25 05:17:26,465 ERROR: vampire.server.feeding.FeedingRecord sendPlayerStartGameMsg [playerId=780672, prey=false, _predatorIndex=]
2009-04-25 05:17:36,537 ERROR: vampire.server.feeding.FeedingRecord sendPlayerStartGameMsg [playerId=54776, prey=true, _predatorIndex=]
2009-04-25 05:17:36,537 ERROR: vampire.server.feeding.FeedingRecord sendPlayerStartGameMsg [playerId=120076, prey=false, _predatorIndex=]

>>>>BeginStats

>>>>BeginTable
PlayerId, StartTime, EndTime, ProgenyPayout, XPFromFeeding, FeedingGames, MeanFeedingScore, BloodBond, Progeny, GrandProgeny, Sire, Level, Invites
103053,undefined,0,33.6,0,0,0,0,3,0,96213,undefined,undefined
103764,1240656969982,1240657123035,0,0,0,0,0,0,0,0,1,null
111249,undefined,0,99.15,0,0,0,0,2,7,188370,undefined,undefined
112194,undefined,0,31.15,0,0,0,0,3,2,128693,undefined,undefined
12,undefined,0,196.85000000000002,0,0,0,0,19,31,383387,undefined,undefined
120076,1240657709867,0,0,2421,8,308,0,8,1,34987,5,1
122494,1240652537628,1240654376420,0,1819,10,106.4,0,0,0,582081,2,0
124503,undefined,0,6,0,0,0,0,3,3,170934,undefined,undefined
124656,undefined,0,126.9,0,0,0,0,1,4,96537,undefined,undefined
12628,undefined,0,10.2,0,0,0,0,1,1,296361,undefined,undefined
1265,undefined,0,44.900000000000006,0,0,0,0,5,7,12,undefined,undefined
130736,1240654898334,1240655141759,0,0,0,0,0,0,0,797824,1,null
131355,1240654989682,1240655148237,0,0,0,0,0,1,2,461901,4,0
132984,undefined,0,20.4,0,0,0,0,1,0,12628,undefined,undefined
133118,1240661258534,0,0,0,0,0,0,2,0,121984,3,0
141288,1240652501056,1240659440542,204.70000000000002,3059,17,186.47058823529412,841332,3,0,510740,4,null
142539,1240661769799,0,0,0,0,0,0,0,0,502119,2,0
143538,undefined,0,5.7,0,0,0,0,2,15,1531,undefined,undefined
144887,1240657344220,1240657378938,0,0,0,0,0,0,0,0,1,null
147608,1240661176077,1240661226814,0,0,0,0,541246,6,1,502119,5,1
151288,1240660156957,0,0,752,7,107.28571428571429,0,0,0,261567,1,0
151701,1240660035453,1240660682086,0,301,2,154,0,0,0,0,1,null
1531,undefined,0,6.4,0,0,0,0,2,13,12,undefined,undefined
153428,1240661030647,1240661157845,0,0,0,0,0,0,0,0,1,null
156489,undefined,0,80.80000000000001,0,0,0,0,12,13,713,undefined,undefined
160138,undefined,0,51.85,0,0,0,0,5,5,150469,undefined,undefined
16040,1240659539598,1240660910101,566.7,3892,13,340.3076923076923,4139,7,3,3,12,3
160624,1240655234663,1240657934704,0,1450,11,104.45454545454545,0,0,0,843104,2,null
160801,1240649979668,1240650120987,0,0,0,0,0,3,2,166371,3,1
162603,1240658426548,1240658598726,0,0,0,0,0,0,0,81597,1,null
163484,undefined,0,18.8,0,0,0,0,11,2,206649,undefined,undefined
171750,1240650515828,1240652113991,0,1766,8,145.625,0,0,0,176013,2,0
176013,undefined,0,176.6,0,0,0,0,3,0,95378,undefined,undefined
176266,1240660438620,1240660650079,0,0,0,0,0,0,0,0,1,null
179390,1240657355478,1240657582092,0,0,0,0,0,0,0,52484,4,0
18250,1240650156699,1240651300431,0,623,2,169,0,0,0,73621,2,0
182501,1240650809309,1240652593423,0,2459,8,349.125,108722,5,0,430717,7,3
184167,undefined,0,9.600000000000001,0,0,0,0,4,1,113794,undefined,undefined
187203,1240660426432,1240661772501,0,473,3,146.33333333333334,0,0,0,0,1,null
188080,1240653544011,1240653897884,0,0,0,0,0,0,0,0,1,null
188370,undefined,0,15.05,0,0,0,0,1,2,163484,undefined,undefined
190687,undefined,0,748.35,0,0,0,0,7,1,383937,undefined,undefined
191134,1240655415055,1240655646010,0,0,0,0,0,0,0,32314,1,2
20106,undefined,0,70.30000000000001,0,0,0,0,3,2,5842,undefined,undefined
20260,undefined,0,177.14999999999998,0,0,0,0,2,5,12,undefined,undefined
204450,1240650774438,1240650787279,0,0,0,0,0,0,0,510740,1,null
206649,undefined,0,9.4,0,0,0,0,2,12,12,undefined,undefined
20718,1240661653239,0,0,188,1,188,0,0,0,163484,2,0
20731,1240660011746,0,0,4985,16,203.25,0,0,0,16040,3,0
223864,undefined,0,103.7,0,0,0,0,5,10,160138,undefined,undefined
230164,1240652491577,1240661234240,0,14967,22,779.2272727272727,510740,7,1,250837,12,2
23340,undefined,0,384.20000000000005,0,0,0,0,6,4,383387,undefined,undefined
233517,undefined,0,73.7,0,0,0,0,2,3,212370,undefined,undefined
237231,undefined,0,262.55,0,0,0,0,2,16,20260,undefined,undefined
242321,1240658314232,1240658360996,0,0,0,0,0,0,0,173571,2,0
250837,undefined,0,1496.7,0,0,0,0,1,7,190687,undefined,undefined
251062,undefined,0,37.25,0,0,0,0,6,9,296361,undefined,undefined
253315,1240661079371,0,0,0,0,0,0,1,0,171151,1,1
256746,undefined,0,122.95,0,0,0,0,4,20,61984,undefined,undefined
258951,1240649917995,1240650943723,0,449,3,247.66666666666666,555644,6,12,1265,10,7
259344,undefined,0,11.4,0,0,0,0,15,0,143538,undefined,undefined
2606,1240656838100,0,0,2746,10,201.3,0,0,0,307471,4,0
261567,1240659564224,0,13.5,2558,12,232,0,16,5,237231,12,8
29072,1240657869957,1240658671598,0,1474,5,348.8,0,1,0,63924,4,null
3,undefined,0,934.9000000000001,0,0,0,0,2,11,383387,undefined,undefined
30735,1240660994507,0,21.200000000000003,1163,5,258.2,0,4,2,124656,7,1
307471,undefined,0,274.6,0,0,0,0,3,0,12,undefined,undefined
309124,1240659902628,0,0,703,4,133.5,0,0,0,20106,4,0
309821,1240659277014,0,0,802,6,132.5,0,0,0,0,1,0
313795,undefined,0,17.2,0,0,0,0,1,2,447249,undefined,undefined
3200,1240655669660,1240655984610,0,1037,5,309.8,71724,10,0,223864,11,2
32314,1240661602081,0,136.80000000000004,7684,20,466.85,0,5,2,40508,11,2
338409,1240652140150,1240652552750,0,497,2,304.5,0,0,0,65584,4,0
344937,undefined,0,170.55,0,0,0,0,9,11,251062,undefined,undefined
34987,1240660755361,1240661552432,242.10000000000002,128,1,128,0,2,9,8842,3,0
351626,undefined,0,24.85,0,0,0,0,6,5,183403,undefined,undefined
357642,1240654054879,1240654234314,0,120,1,120,0,0,0,0,1,null
36432,undefined,0,452.5499999999999,0,0,0,0,3,2,44987,undefined,undefined
370341,1240659956799,1240660753153,0,0,0,0,0,1,2,326885,3,0
372617,1240656987349,1240659297037,11.700000000000001,4467,16,323.0625,612159,2,0,36432,5,1
374071,1240655762305,1240655847849,0,0,0,0,0,0,0,0,1,null
381824,1240653635079,1240654005804,0,336,1,336,0,0,0,103053,4,0
383387,undefined,0,331.90000000000003,0,0,0,0,4,46,0,undefined,undefined
387496,1240654746799,1240655264977,240.49999999999997,192,2,145.5,0,1,0,82377,3,1
39180,1240659261279,1240659467384,0,0,0,0,0,5,9,68619,7,1
396113,undefined,0,273.9,0,0,0,0,2,4,44987,undefined,undefined
399290,1240660966714,1240661252544,0,0,0,0,0,0,0,0,1,0
403501,undefined,0,14.4,0,0,0,0,3,1,124503,undefined,undefined
40508,undefined,0,800.5500000000002,0,0,0,0,4,5,23340,undefined,undefined
408501,undefined,0,112.4,0,0,0,0,2,0,637936,undefined,undefined
430717,1240651085866,1240652253038,245.9,0,0,0,0,20,9,256746,11,3
430891,1240658867844,1240659454134,138.1,301,1,265,0,7,4,111249,11,2
43232,1240660605686,0,0,1381,9,118.22222222222223,0,1,0,430891,3,0
433340,1240657651547,1240657696157,0,0,0,0,0,0,0,60973,1,0
437689,1240659164650,1240659461125,4.800000000000001,120,1,125,0,1,1,403501,4,0
442019,1240659926049,1240661126245,0,204,2,85.5,0,0,0,132984,2,0
445660,undefined,0,722.7,0,0,0,0,4,5,54812,undefined,undefined
447249,undefined,0,8.6,0,0,0,0,3,1,199427,undefined,undefined
44987,undefined,0,360.30000000000007,0,0,0,0,10,6,12770,undefined,undefined
47477,undefined,0,100.10000000000001,0,0,0,0,1,0,58859,undefined,undefined
510740,1240653140857,0,408.25,14454,21,605.3333333333334,230164,47,30,534632,16,14
511609,1240649928869,1240650070364,0,117,1,117,0,0,0,372617,1,null
5153,1240649895532,1240650718894,0,742,3,199.33333333333334,0,1,0,995,8,1
5212,1240652976188,1240653196213,0,671,1,579,2843,13,10,156489,14,2
534632,undefined,0,1598.3500000000004,0,0,0,0,5,47,445660,undefined,undefined
54776,1240661158976,0,0,985,3,491.3333333333333,1062,29,16,89757,13,2
557606,1240652533445,1240653331100,0,437,3,112.66666666666667,0,0,0,16040,1,null
560907,1240657212468,1240657457310,0,137,1,137,0,0,0,156489,2,0
575732,1240659340770,1240659424598,0,0,0,0,0,0,0,0,1,0
582081,undefined,0,181.9,0,0,0,0,1,0,79942,undefined,undefined
5842,1240659666203,1240659848849,227.25000000000003,745,2,254.5,40275,11,24,344937,12,4
585199,1240650189755,1240652430811,0,0,0,0,0,0,0,0,1,null
58859,1240653859033,1240654851402,50.050000000000004,2739,6,628.5,43017,4,2,396113,11,2
605460,1240651773347,1240652093698,0,0,0,0,0,0,0,0,1,0
620394,1240654805170,1240655400394,0,0,0,0,0,1,0,2843,4,null
621,1240661877886,0,0,2746,10,347.5,677,4,0,3,10,2
637936,undefined,0,56.2,0,0,0,0,2,2,217283,undefined,undefined
63924,undefined,0,147.4,0,0,0,0,3,1,233517,undefined,undefined
640986,1240650315597,1240650330558,0,0,0,0,0,0,0,0,1,null
654816,1240657954605,1240657961666,0,0,0,0,0,0,0,0,1,null
65584,undefined,0,49.7,0,0,0,0,4,0,351626,undefined,undefined
68400,1240657893589,1240658122160,0,0,0,0,0,0,0,995,3,1
713,undefined,0,40.400000000000006,0,0,0,0,2,17,12,undefined,undefined
71724,1240661127462,1240661161814,0,0,0,0,3200,8,1,94103,10,4
7314,1240657501680,1240659993480,0,1921,6,425.8333333333333,0,8,4,5842,10,2
734404,1240652215248,1240652404461,0,255,2,127.5,0,0,0,0,1,null
73621,undefined,0,62.3,0,0,0,0,2,0,112194,undefined,undefined
745441,1240660371101,1240660533681,0,0,0,0,0,0,0,430717,1,null
77,1240657143880,1240657174480,0,0,0,0,171151,10,2,12770,13,2
771997,1240656985644,1240656996597,0,0,0,0,0,0,0,0,1,null
772383,1240658828143,1240659027728,0,0,0,0,168473,0,0,235393,3,null
778434,1240655603879,1240655921129,0,490,1,490,0,0,0,9093,3,null
780028,1240656359288,1240656955896,0,848,5,160.2,0,0,0,141288,2,null
780672,1240660734357,0,0,1124,5,209.4,0,0,0,408501,3,0
791358,1240654531253,0,0,2490,22,98.9090909090909,0,0,0,387496,2,0
794977,1240660270919,1240660277611,0,0,0,0,0,0,0,0,1,null
79942,undefined,0,90.95,0,0,0,0,3,1,198149,undefined,undefined
807467,1240660740496,1240661145159,0,134,1,107,0,0,0,0,1,null
809500,1240651227953,1240651232604,0,0,0,0,0,0,0,0,1,null
811852,1240661775833,0,0,172,1,99,0,2,0,313795,2,0
812855,1240657447565,1240657454584,0,0,0,0,0,0,0,0,1,null
814516,1240661864937,1240661869197,0,1001,5,183.8,0,0,0,47477,2,null
820331,1240659758405,1240660072641,0,114,1,123,0,0,0,259344,1,null
82377,undefined,0,139.45,0,0,0,0,1,1,184167,undefined,undefined
830881,1240661557099,1240661578053,0,0,0,0,0,0,0,0,1,null
839983,1240657759454,1240657838260,0,0,0,0,0,0,0,0,1,null
841273,1240650124863,1240650508427,0,313,2,71.5,0,0,0,0,1,null
841332,1240654124110,1240656341221,0,1288,9,119.33333333333333,141288,0,0,141288,2,null
841865,1240661486178,1240661500541,0,0,0,0,0,0,0,0,1,null
842797,1240650418149,1240651025597,0,171,1,122,0,0,0,0,1,null
843104,1240654056401,1240654908957,145,643,4,127.25,0,1,0,32314,1,null
843589,1240656884765,1240656903519,0,0,0,0,0,0,0,0,1,null
844714,1240657348825,1240657916052,0,38,1,38,0,0,0,0,1,null
844768,1240659577076,1240659596101,0,0,0,0,0,0,0,0,1,null
844871,1240652367046,1240652622793,0,107,1,107,0,0,0,0,1,null
845140,1240655246148,1240655273933,0,0,0,0,0,0,0,0,1,null
845252,1240652439762,1240652475954,0,0,0,0,0,0,0,0,1,null
845841,1240655373249,1240655941021,0,0,0,0,0,0,0,0,1,null
846160,1240658539878,1240658548219,0,0,0,0,0,0,0,0,1,null
846368,1240658890310,1240659815368,0,556,4,120,0,0,0,30735,1,null
846933,1240656750538,1240656893506,0,0,0,0,0,0,0,9093,1,null
847010,1240656557308,1240656573445,0,0,0,0,0,0,0,0,1,null
847175,1240659060570,1240659120573,0,0,0,0,0,0,0,0,1,null
847378,1240656944413,1240656956806,0,0,0,0,0,0,0,621,1,null
847564,1240660721042,1240661604488,0,110,1,110,0,0,0,0,1,null
847714,1240657957765,1240657990465,0,0,0,0,0,0,0,0,1,null
848067,1240658194921,1240658245176,0,0,0,0,0,0,0,0,1,null
848117,1240660987540,1240661030534,0,0,0,0,0,0,0,0,1,null
848503,1240659701758,1240659779849,0,0,0,0,0,0,0,0,1,null
848677,1240659412969,1240659425925,0,0,0,0,0,0,0,0,1,null
849058,1240659990098,1240660001711,0,0,0,0,0,0,0,0,1,null
849626,1240660982308,1240660988738,0,0,0,0,0,0,0,0,1,null
8842,undefined,0,133.85,0,0,0,0,11,4,1531,undefined,undefined
89496,1240649926769,1240650771655,0,48,1,96,0,1,0,437689,4,0
89757,undefined,0,98.5,0,0,0,0,3,29,20260,undefined,undefined
9093,1240655602630,1240658435247,49,0,0,0,0,3,0,16040,5,2
95378,undefined,0,88.3,0,0,0,0,2,3,3653,undefined,undefined
96213,undefined,0,16.8,0,0,0,0,2,3,41862,undefined,undefined
96537,undefined,0,58.150000000000006,0,0,0,0,3,1,189849,undefined,undefined
995,undefined,0,74.2,0,0,0,0,11,2,12,undefined,undefined
<<<<EndTable

PlayersOnlineNow=20
PlayersOnlineEachMinute=0, 6, 7, 6, 6, 10, 10, 11, 11, 12, 12, 11, 11, 11, 10, 9, 9, 9, 9, 8, 8, 8, 8, 8, 7, 7, 7, 7, 8, 8, 8, 8, 8, 9, 10, 10, 9, 8, 9, 10, 10, 9, 8, 9, 11, 10, 10, 9, 10, 10, 9, 9, 10, 9, 8, 10, 9, 9, 8, 8, 9, 9, 9, 10, 11, 11, 11, 10, 10, 9, 11, 12, 12, 12, 11, 11, 11, 11, 12, 12, 12, 13, 14, 13, 14, 15, 15, 14, 10, 12, 11, 11, 13, 14, 15, 13, 12, 13, 14, 15, 14, 12, 11, 11, 11, 11, 11, 11, 11, 10, 10, 10, 10, 10, 10, 12, 12, 11, 11, 12, 12, 14, 14, 14, 13, 15, 14, 14, 15, 13, 12, 13, 15, 15, 15, 14, 14, 14, 13, 13, 12, 13, 12, 12, 13, 12, 11, 10, 10, 11, 13, 13, 13, 13, 12, 13, 13, 15, 18, 17, 13, 14, 13, 14, 15, 15, 13, 13, 15, 16, 15, 15, 16, 16, 16, 17, 19, 19, 17, 19, 17, 19, 20, 20, 19, 20, 20, 21, 20, 18, 18, 18, 18, 19, 19, 17, 18, 18, 19, 19
PlayersInEachFeedingGame=1, 1, 1, 2, 2, 2, 2, 2, 2, 2, 1, 2, 1, 2, 1, 2, 1, 2, 1, 2, 2, 1, 2, 1, 2, 2, 2, 1, 2, 2, 2, 2, 2, 1, 2, 2, 2, 1, 2, 2, 2, 1, 2, 1, 2, 2, 1, 2, 2, 2, 1, 2, 1, 2, 2, 2, 2, 2, 1, 2, 2, 2, 1, 1, 1, 1, 2, 2, 2, 2, 2, 2, 2, 1, 2, 2, 1, 2, 2, 2, 2, 2, 2, 2, 1, 2, 2, 1, 1, 1, 2, 2, 2, 2, 3, 2, 2, 1, 2, 2, 1, 2, 2, 1, 1, 2, 2, 2, 1, 2, 2, 2, 2, 2, 1, 2, 2, 1, 2, 1, 2, 2, 2, 1, 2, 1, 1, 2, 1, 1, 1, 1, 1, 1, 2, 2, 2, 1, 2, 2, 1, 2, 2, 1, 2, 2, 1, 2
PlayersStarted=202
PlayersQuit=182
StatsStartTime=1240649895339
StatsDumpTime=1240661895852
<<<<EndStats
2009-04-25 05:18:40,901 ERROR: vampire.server.feeding.FeedingRecord sendPlayerStartGameMsg [playerId=261567, prey=true, _predatorIndex=]
2009-04-25 05:18:40,901 ERROR: vampire.server.feeding.FeedingRecord sendPlayerStartGameMsg [playerId=814516, prey=false, _predatorIndex=]
2009-04-25 05:18:58,736 ERROR: vampire.server.feeding.FeedingRecord sendPlayerStartGameMsg [playerId=142539, prey=false, _predatorIndex=]
2009-04-25 05:19:18,565 ERROR: vampire.server.feeding.FeedingRecord sendPlayerStartGameMsg [playerId=811852, prey=false, _predatorIndex=120076]
2009-04-25 05:19:28,445 ERROR: vampire.server.feeding.FeedingRecord sendPlayerStartGameMsg [playerId=309124, prey=true, _predatorIndex=]
2009-04-25 05:19:28,446 ERROR: vampire.server.feeding.FeedingRecord sendPlayerStartGameMsg [playerId=811852, prey=false, _predatorIndex=]
2009-04-25 05:21:21,661 ERROR: vampire.server.feeding.FeedingRecord sendPlayerStartGameMsg [playerId=255725, prey=true, _predatorIndex=]
2009-04-25 05:21:21,662 ERROR: vampire.server.feeding.FeedingRecord sendPlayerStartGameMsg [playerId=814516, prey=false, _predatorIndex=]
2009-04-25 05:23:34,440 ERROR: vampire.server.feeding.FeedingRecord sendPlayerStartGameMsg [playerId=120076, prey=true, _predatorIndex=]
2009-04-25 05:23:34,441 ERROR: vampire.server.feeding.FeedingRecord sendPlayerStartGameMsg [playerId=550448, prey=false, _predatorIndex=]
2009-04-25 05:24:02,537 ERROR: vampire.server.feeding.FeedingRecord sendPlayerStartGameMsg [playerId=133118, prey=true, _predatorIndex=]
2009-04-25 05:24:02,538 ERROR: vampire.server.feeding.FeedingRecord sendPlayerStartGameMsg [playerId=104766, prey=false, _predatorIndex=]
2009-04-25 05:24:37,736 ERROR: vampire.server.feeding.FeedingRecord sendPlayerStartGameMsg [playerId=261567, prey=true, _predatorIndex=]
2009-04-25 05:24:37,737 ERROR: vampire.server.feeding.FeedingRecord sendPlayerStartGameMsg [playerId=683540, prey=false, _predatorIndex=]
2009-04-25 05:24:41,462 ERROR: vampire.server.feeding.FeedingRecord sendPlayerStartGameMsg [playerId=43232, prey=false, _predatorIndex=]
2009-04-25 05:26:42,793 ERROR: vampire.server.feeding.FeedingRecord sendPlayerStartGameMsg [playerId=385486, prey=true, _predatorIndex=]
2009-04-25 05:26:42,795 ERROR: vampire.server.feeding.FeedingRecord sendPlayerStartGameMsg [playerId=120076, prey=false, _predatorIndex=]
2009-04-25 05:27:07,860 ERROR: vampire.server.feeding.FeedingRecord sendPlayerStartGameMsg [playerId=104766, prey=true, _predatorIndex=]
2009-04-25 05:27:07,860 ERROR: vampire.server.feeding.FeedingRecord sendPlayerStartGameMsg [playerId=309124, prey=false, _predatorIndex=]

