
>>>>BeginStats

>>>>BeginTable
PlayerId, StartTime, EndTime, ProgenyPayout, XPFromFeeding, FeedingGames, MeanFeedingScore, BloodBond, Progeny, GrandProgeny, Sire, Level, Invites
101476,1240714510493,1240715112824,0,211,1,170,0,0,0,0,1,null
102127,undefined,0,97.95000000000002,0,0,0,0,1,1,168234,undefined,undefined
10260,undefined,0,76.5,0,0,0,0,4,4,713,undefined,undefined
103033,1240717753665,0,62.900000000000006,510,3,179.33333333333334,767143,5,0,81899,4,0
103144,undefined,0,44.95,0,0,0,0,5,5,116005,undefined,undefined
104274,1240713391909,1240713723537,0,125,1,125,0,2,2,57717,4,1
1043,1240713665667,0,0,8973,19,746.7368421052631,16444,2,0,12,12,3
106069,undefined,0,87.80000000000001,0,0,0,0,13,1,236834,undefined,undefined
1062,1240711378883,1240716521114,0,6662,17,340.7647058823529,54776,7,5,713,14,2
10642,1240711611671,1240712037825,0,535,2,415.5,447249,22,27,351598,13,2
108841,1240716473002,1240717659653,0,805,6,149.16666666666666,0,0,0,58022,2,0
1101,undefined,0,402.20000000000005,0,0,0,0,2,10,239981,undefined,undefined
110178,undefined,0,6.25,0,0,0,0,1,4,12770,undefined,undefined
111918,1240713894106,1240714080398,0,104,1,104,0,0,0,245338,4,0
113237,1240712069712,1240712640364,0,0,0,0,0,4,0,10642,4,null
113453,1240715399910,0,0,1460,6,232.33333333333334,0,7,0,533,5,1
114914,1240716403798,1240716778269,0,480,3,147.66666666666666,0,0,0,160801,2,null
117119,undefined,0,208.20000000000002,0,0,0,0,1,2,3653,undefined,undefined
118417,undefined,0,7.25,0,0,0,0,4,3,12,undefined,undefined
12,1240714521772,0,4636.149999999997,7110,15,451.26666666666665,995,19,92,383387,14,3
122907,undefined,0,877.7,0,0,0,0,6,7,251062,undefined,undefined
123961,1240713697425,0,157.3,10457,22,428.04545454545456,878,5,18,713,13,2
125285,1240716038075,1240716366928,0,177,1,209,0,0,0,52012,1,0
12770,undefined,0,1978.0999999999997,0,0,0,0,19,26,383387,undefined,undefined
12791,undefined,0,4.95,0,0,0,0,9,15,12,undefined,undefined
128794,undefined,0,12.15,0,0,0,0,1,4,93202,undefined,undefined
129321,1240711833707,1240713200748,0,756,2,195.5,0,1,0,426457,4,0
132921,undefined,0,94.4,0,0,0,0,6,2,211601,undefined,undefined
133482,1240713130774,1240713673775,122.60000000000001,795,3,204.33333333333334,0,3,7,180951,4,3
135526,1240712330601,1240713415152,0,0,0,0,0,1,0,162782,2,null
140487,1240713203522,1240713871553,0,0,0,0,0,1,0,317217,3,1
141288,1240717536931,0,0,0,0,0,841332,3,0,510740,4,0
152669,1240716011487,0,0,2679,10,221.5,0,0,0,171151,3,0
1531,1240716957695,0,41.7,3302,7,473.85714285714283,503,3,13,12,13,3
15340,1240711701685,1240712005155,0,120,1,120,0,0,0,0,1,null
153510,undefined,0,39.75,0,0,0,0,7,3,112953,undefined,undefined
154004,1240711248975,1240711469605,0,0,0,0,561706,6,0,90041,4,0
157338,1240716240779,1240716544365,0,0,0,0,0,0,0,0,1,null
159420,undefined,0,222.95000000000002,0,0,0,0,1,5,206649,undefined,undefined
16040,undefined,0,633.7,0,0,0,0,7,8,3,undefined,undefined
160776,undefined,0,37.8,0,0,0,0,2,2,271425,undefined,undefined
160801,undefined,0,48,0,0,0,0,4,0,166371,undefined,undefined
161447,1240714158358,1240714249809,0,944,5,97.6,0,0,0,132921,2,null
164243,undefined,0,24.3,0,0,0,0,4,1,128794,undefined,undefined
166,1240712813873,1240715234387,0,10024,15,515.5333333333333,578,5,5,578,12,3
166067,1240715058593,1240715738111,0,0,0,0,0,0,0,0,1,null
166371,undefined,0,24,0,0,0,0,4,4,267622,undefined,undefined
168234,undefined,0,24.55,0,0,0,0,1,1,100080,undefined,undefined
16825,undefined,0,252.3,0,0,0,0,12,5,4139,undefined,undefined
168426,1240718183435,1240718234222,0,0,0,0,0,0,0,164243,4,0
169443,1240713359899,1240714000633,0,153,1,149,0,0,0,0,1,0
169944,1240718267124,0,97.7,491,4,115.25,0,1,0,102127,4,1
170191,undefined,0,157.9,0,0,0,0,2,6,202873,undefined,undefined
171151,1240716016743,1240717315575,247.70000000000002,1557,4,598.25,77,26,14,21067,13,3
171513,1240711475844,1240712131814,0,1579,4,353.5,0,6,6,170191,9,2
172087,1240712386355,1240712605860,0,114,1,114,0,0,0,0,1,null
173891,1240711418222,1240711792200,0,152,2,101.5,0,0,0,0,1,0
175065,undefined,0,40.25,0,0,0,0,1,3,401467,undefined,undefined
175591,undefined,0,34.6,0,0,0,0,2,1,691188,undefined,undefined
17790,1240714767042,0,0,2097,6,351.6666666666667,20260,10,9,20260,13,3
177916,undefined,0,13.4,0,0,0,0,4,8,202501,undefined,undefined
178620,1240716119689,1240716135480,0,0,0,0,0,0,0,238093,3,0
179326,undefined,0,32.900000000000006,0,0,0,0,2,1,185581,undefined,undefined
1802,undefined,0,89.9,0,0,0,0,5,0,103144,undefined,undefined
180571,1240716953677,1240717932742,0,243,1,242,0,1,3,163836,4,0
180951,undefined,0,140.8,0,0,0,0,2,4,153510,undefined,undefined
181512,1240716003353,1240716044853,0,0,0,0,0,0,0,179509,1,null
181546,1240712837708,1240713082677,0,0,0,0,0,0,0,0,1,null
183040,undefined,0,246.70000000000002,0,0,0,0,2,0,53963,undefined,undefined
185581,undefined,0,16.450000000000003,0,0,0,0,2,3,209656,undefined,undefined
190484,1240713234409,1240713373347,0,0,0,0,0,0,0,336024,2,0
191252,1240717804657,0,0,5457,25,211.56,0,0,0,227147,4,0
191984,1240713047458,1240713223710,0,0,0,0,191950,8,3,142178,7,3
192105,1240716468275,1240716518693,0,0,0,0,0,0,0,202328,1,0
196231,undefined,0,25.1,0,0,0,0,3,0,7078,undefined,undefined
196543,1240712641482,1240714669394,0,284,2,144,0,0,0,0,1,null
198709,undefined,0,16,0,0,0,0,2,0,208699,undefined,undefined
200985,1240713792005,1240713801982,0,0,0,0,0,0,0,313906,3,0
201458,undefined,0,14.5,0,0,0,0,1,0,118417,undefined,undefined
202327,1240717440747,1240717964102,0,99,1,99,166836,3,3,249362,5,1
202501,undefined,0,6.7,0,0,0,0,1,4,1265,undefined,undefined
20260,undefined,0,282.70000000000005,0,0,0,0,15,34,12,undefined,undefined
202873,undefined,0,78.95,0,0,0,0,1,2,341164,undefined,undefined
204593,1240712899377,1240715775607,0,4022,13,181.46153846153845,0,0,0,77,3,null
205535,1240714003759,1240714745721,0,446,3,211.66666666666666,70997,1,0,95479,6,2
20731,1240715796685,0,0,2591,12,232.08333333333334,32314,4,1,16040,5,3
207586,1240713858619,1240713866522,0,0,0,0,0,0,0,170191,3,0
208335,1240711467369,1240711941909,0,0,0,0,0,0,0,0,1,null
208699,undefined,0,8,0,0,0,0,4,2,36200,undefined,undefined
208837,1240715342142,1240715828231,0,281,2,129,0,0,0,802319,1,null
209656,undefined,0,8.85,0,0,0,0,6,8,167153,undefined,undefined
210163,1240711653076,1240713419087,0,808,4,179.75,718536,0,0,255725,4,null
21067,undefined,0,279.55,0,0,0,0,2,26,302907,undefined,undefined
211601,undefined,0,47.2,0,0,0,0,1,6,7078,undefined,undefined
213554,1240714913833,1240715302139,0,251,1,99,0,0,0,196231,1,null
21506,1240712422314,0,0,2016,8,288.75,751256,0,0,3200,4,0
217283,1240718013203,0,349.95000000000005,4459,13,294.7692307692308,0,14,13,57393,9,3
223210,1240715670667,1240716562853,0,0,0,0,0,0,0,120650,3,0
223494,undefined,0,73.10000000000001,0,0,0,0,1,1,179687,undefined,undefined
223864,undefined,0,100.8,0,0,0,0,5,12,160138,undefined,undefined
227147,undefined,0,545.7000000000002,0,0,0,0,1,0,238782,undefined,undefined
236834,undefined,0,43.900000000000006,0,0,0,0,1,13,101493,undefined,undefined
237246,1240714552243,1240714981883,0,94,1,87,0,0,0,269080,1,null
238782,undefined,0,272.8500000000001,0,0,0,0,1,1,180951,undefined,undefined
238954,1240713087195,1240713220303,0,0,0,0,0,0,0,0,1,null
239981,undefined,0,201.10000000000002,0,0,0,0,1,2,209944,undefined,undefined
245338,undefined,0,10.4,0,0,0,0,7,1,77353,undefined,undefined
247468,1240712950491,1240713306184,0,0,0,0,0,0,0,147608,2,0
249362,undefined,0,9.9,0,0,0,0,1,3,12791,undefined,undefined
251062,undefined,0,438.85,0,0,0,0,6,15,296361,undefined,undefined
255725,undefined,0,80.80000000000001,0,0,0,0,1,0,309124,undefined,undefined
256746,undefined,0,325.3,0,0,0,0,5,23,61984,undefined,undefined
258951,undefined,0,4.8500000000000005,0,0,0,0,9,2,1265,undefined,undefined
264673,1240714888265,1240715124333,0,0,0,0,0,0,0,28294,3,0
266759,1240711291224,1240716142583,0,2082,8,208.5,0,2,0,117119,4,0
269080,1240712831770,0,9.4,3144,16,200.87499999999997,0,1,0,61045,3,0
273592,1240712113727,1240712366083,0,0,0,0,0,2,2,387199,3,0
28009,1240718415529,0,0,0,0,0,0,0,0,0,1,0
280346,undefined,0,8.1,0,0,0,0,1,5,245338,undefined,undefined
280634,undefined,0,71.2,0,0,0,0,5,2,280346,undefined,undefined
28100,1240715765287,1240716292113,0,177,1,145,0,0,0,0,1,0
283455,1240715720839,1240715959519,0,160,1,156,0,0,0,198709,2,0
293092,1240714612077,1240715965774,0,421,2,171,184475,1,0,320880,4,1
298666,1240717018786,1240717539035,0,0,0,0,0,0,0,259344,2,0
3,undefined,0,316.85,0,0,0,0,1,7,383387,undefined,undefined
300612,1240715758046,1240715819691,0,0,0,0,0,0,0,610359,2,0
300933,1240715620389,1240715957923,0,117,1,94,0,0,0,61045,1,null
30158,1240716065919,1240716284711,167.24999999999997,162,1,145,0,2,1,280634,3,null
302907,undefined,0,77.85000000000001,0,0,0,0,2,2,283855,undefined,undefined
304588,1240715218286,1240715488576,0,0,0,0,0,0,0,116762,3,0
307471,undefined,0,395.9000000000001,0,0,0,0,3,9,12,undefined,undefined
308635,1240713024114,1240713376819,23.4,0,0,0,199696,10,2,122194,7,6
309124,undefined,0,40.400000000000006,0,0,0,0,1,1,20106,undefined,undefined
317383,undefined,0,37.75000000000001,0,0,0,0,1,2,344937,undefined,undefined
3200,undefined,0,201.6,0,0,0,0,12,0,223864,undefined,undefined
320880,undefined,0,42.10000000000001,0,0,0,0,2,1,91808,undefined,undefined
32169,1240716565258,1240717618558,20.8,661,3,297.3333333333333,219,3,0,10260,11,3
32314,1240712471364,1240712493160,0,0,0,0,20731,6,2,40508,12,2
329560,1240714313463,1240714563351,0,0,0,0,0,0,0,0,1,null
336024,undefined,0,63.5,0,0,0,0,8,4,510740,undefined,undefined
336228,undefined,0,791.8000000000002,0,0,0,0,8,12,307471,undefined,undefined
351430,1240712313716,1240716840853,0,7918,21,290,336228,9,27,336228,12,2
351598,undefined,0,53.5,0,0,0,0,1,22,359624,undefined,undefined
356549,1240711312814,1240712346710,0,899,4,149.75,99802,0,0,1802,6,2
356564,1240714031023,1240714280068,0,0,0,0,0,0,0,198709,4,0
359624,undefined,0,26.75,0,0,0,0,3,2,201132,undefined,undefined
360099,1240715829589,1240715834037,0,0,0,0,0,0,0,364566,2,0
36411,1240718119882,0,0,70,1,68,0,0,0,0,1,0
36432,undefined,0,520.4,0,0,0,0,3,2,44987,undefined,undefined
3653,undefined,0,104.10000000000001,0,0,0,0,14,1,86951,undefined,undefined
371343,1240712492150,1240713832778,0,0,0,0,0,3,2,220964,4,2
372304,1240718323878,0,0,0,0,0,0,0,0,0,1,0
372617,1240717855738,0,413.50000000000006,3246,9,271.3333333333333,612159,2,2,36432,6,1
375291,1240715721627,1240716294955,0,573,3,144.66666666666666,0,0,0,88155,2,0
381078,1240714013361,1240715020763,0,536,3,211.66666666666666,0,0,0,0,1,0
383387,undefined,0,3089.6000000000013,0,0,0,0,6,45,0,undefined,undefined
3865,undefined,0,16.8,0,0,0,0,1,1,112602,undefined,undefined
39180,undefined,0,68.9,0,0,0,0,6,1,68619,undefined,undefined
393954,1240713259559,1240713354893,0,0,0,0,0,0,0,125837,1,0
396113,undefined,0,491.8000000000001,0,0,0,0,2,4,44987,undefined,undefined
39637,1240716148435,1240716605611,0,108,1,108,0,0,0,0,1,null
397835,undefined,0,541.15,0,0,0,0,5,7,47379,undefined,undefined
4012,undefined,0,33.6,0,0,0,0,1,0,3865,undefined,undefined
402647,1240716248741,1240716268430,0,3180,12,290.5833333333333,0,0,0,408501,4,0
408501,1240711389081,1240716092106,680.4000000000001,6999,29,236.6206896551724,484953,3,0,637936,5,1
410270,1240718244410,0,0,0,0,0,0,0,0,132403,3,0
4139,1240716447352,0,126.15,3462,9,476.8888888888889,16040,11,19,713,14,3
426457,undefined,0,75.6,0,0,0,0,2,1,160776,undefined,undefined
42736,1240711424873,1240712832252,0,1226,7,179,93562,1,0,133482,3,0
430717,1240717678399,1240718222570,118,2663,8,385.875,0,23,9,256746,11,4
445660,undefined,0,307.90000000000003,0,0,0,0,4,5,54812,undefined,undefined
44987,undefined,0,408.2,0,0,0,0,3,11,12770,undefined,undefined
453,1240718008012,0,0,1120,2,807,0,0,0,878,7,1
462408,1240715145230,1240715756952,0,0,0,0,638933,1,0,191950,8,1
465780,1240717849323,1240718023286,0,0,0,0,0,0,0,460235,3,1
47379,undefined,0,257.95,0,0,0,0,3,5,54776,undefined,undefined
483162,1240711271694,1240716377083,0,6158,24,292.91666666666674,0,1,0,534632,4,0
484953,1240714679396,1240716284196,0,1284,7,141.71428571428572,408501,0,0,408501,2,null
486760,1240711392402,1240712312658,0,755,5,102.4,0,0,0,57395,4,0
497091,1240718015041,0,0,336,2,157,0,0,0,4012,2,0
502119,1240711323708,1240711544997,0,0,0,0,520359,6,6,22707,8,1
505644,1240716107418,1240717543192,0,547,3,152,0,0,0,430717,1,null
510740,undefined,0,63.400000000000006,0,0,0,0,48,15,534632,undefined,undefined
52012,undefined,0,17.7,0,0,0,0,3,0,209656,undefined,undefined
522109,1240714718749,1240714900730,0,159,1,112,0,0,0,0,1,null
53030,1240712014399,1240716639378,0,8777,25,429.04,0,7,5,122907,12,3
533,undefined,0,146,0,0,0,0,5,8,20260,undefined,undefined
534632,undefined,0,615.8000000000001,0,0,0,0,5,49,445660,undefined,undefined
53963,undefined,0,123.35000000000001,0,0,0,0,1,2,5842,undefined,undefined
548201,1240714467426,1240714545283,0,0,0,0,0,1,0,217283,1,null
548248,1240717880828,1240718046172,0,878,4,219.5,0,1,0,106069,4,0
555728,1240712680640,1240715944710,0,4022,13,250.07692307692307,828191,10,0,1101,4,0
556276,1240712531175,1240712712320,0,0,0,0,0,4,0,147988,2,4
562788,undefined,0,38.85000000000001,0,0,0,0,1,3,409656,undefined,undefined
57393,undefined,0,445.90000000000003,0,0,0,0,5,16,159420,undefined,undefined
57395,undefined,0,75.50000000000001,0,0,0,0,2,0,317383,undefined,undefined
57717,undefined,0,12.5,0,0,0,0,4,2,110178,undefined,undefined
578,1240712187623,1240715226348,1002.4000000000001,10868,18,738,166,3,5,12770,10,2
578918,1240716449712,1240716794243,0,329,2,156,0,1,0,179326,2,0
58022,undefined,0,80.5,0,0,0,0,3,0,175065,undefined,undefined
58373,1240711256251,1240711731067,0,122,1,122,0,0,0,103033,2,0
586681,undefined,0,22.3,0,0,0,0,5,7,10642,undefined,undefined
58859,1240715090217,1240715625068,0,4918,10,658.7,43017,4,2,396113,11,2
597005,1240714891120,1240716450147,19.6,777,5,215.8,0,2,1,603011,4,0
603011,undefined,0,87.50000000000001,0,0,0,0,3,2,562788,undefined,undefined
61045,1240717422397,0,358.15,1270,7,207.57142857142858,189206,5,9,74372,6,1
610547,1240712237254,1240712452333,0,97,1,97,0,0,0,90041,1,null
612159,1240717859637,0,43.800000000000004,3916,11,493.09090909090907,372617,2,0,372617,5,1
61984,undefined,0,133.15,0,0,0,0,1,5,61045,undefined,undefined
623878,1240711255055,1240711761876,0,217,2,141,0,0,0,685023,2,null
625266,1240715780757,1240715854453,0,0,0,0,0,0,0,0,1,null
630671,1240711602027,1240711673667,0,0,0,0,0,2,0,132921,4,null
635003,1240714697088,1240717137091,114.50000000000001,1100,5,251,0,1,0,30158,3,null
637936,undefined,0,1040.1,0,0,0,0,3,3,217283,undefined,undefined
644522,1240712564932,1240712896103,0,0,0,0,0,0,0,0,1,null
646448,1240717183862,1240717407257,0,0,0,0,0,0,0,0,1,null
65812,1240718409513,0,0,2974,17,175.1764705882353,0,0,0,169944,3,0
67882,1240717066701,1240717091215,0,0,0,0,0,0,0,69649,3,0
685023,undefined,0,21.700000000000003,0,0,0,0,1,0,7314,undefined,undefined
68619,undefined,0,34.45,0,0,0,0,2,8,12770,undefined,undefined
686318,1240716981293,1240717329952,0,88,1,88,0,0,0,0,1,null
68793,1240715876423,1240717098940,0,145,1,119,0,0,0,201458,4,0
689379,1240714322710,1240714680881,0,0,0,0,0,0,0,0,1,null
691188,undefined,0,17.3,0,0,0,0,1,2,16825,undefined,undefined
705638,1240711627356,1240711644502,0,0,0,0,0,0,0,0,1,null
7078,1240715606743,1240716794439,41.2,134,1,112,0,8,13,177916,10,6
70997,1240716580309,0,50.5,5159,15,381.8666666666667,205535,7,4,397835,7,1
713,1240713596570,0,2141.8,8751,18,288.55555555555554,1265,9,48,12,15,6
71724,1240716495799,1240717220289,0,1462,4,381,3200,8,1,94103,11,4
7314,undefined,0,10.850000000000001,0,0,0,0,8,1,5842,undefined,undefined
73481,1240717746327,1240717970085,0,243,1,243,0,1,0,164243,4,0
74372,undefined,0,290.04999999999995,0,0,0,0,4,5,336024,undefined,undefined
751256,1240712435901,1240715534157,0,2523,10,223.5,21506,4,1,16825,4,null
755771,1240712717813,1240714793183,0,947,7,117.57142857142857,0,0,0,612159,1,null
76673,1240717637518,1240717682096,0,0,0,0,81597,5,3,81597,6,2
769463,1240711455739,1240712711817,0,633,4,137,0,0,0,430717,2,null
77,1240717645248,1240717674974,402.20000000000005,1890,5,858,171151,10,2,12770,13,2
773108,undefined,0,138.3,0,0,0,0,4,2,510740,undefined,undefined
77353,undefined,0,5.2,0,0,0,0,2,8,190687,undefined,undefined
77969,undefined,0,46.8,0,0,0,0,1,0,308635,undefined,undefined
780672,1240716213716,1240716692861,0,2340,10,230.5,0,0,0,408501,3,null
789031,1240714831477,1240714849944,0,0,0,0,0,0,0,95479,1,null
80094,1240717262881,0,0,2806,16,164.5,0,1,0,70997,2,1
802319,1240717198653,1240717253698,48.5,1268,6,173.83333333333334,0,2,4,773108,3,null
818036,1240713399088,1240714148197,0,507,2,255,0,0,0,103033,4,null
81899,1240711497673,1240713873874,82.45,80,1,66,0,4,6,802319,6,1
8241,1240713280908,1240713343261,0,0,0,0,0,0,0,0,1,null
836417,1240713616635,1240713628130,0,0,0,0,0,0,0,0,1,null
836861,1240718104315,1240718270754,0,0,0,0,0,0,0,0,1,null
84297,1240717409795,1240717425888,0,0,0,0,0,0,0,113237,1,null
859475,1240714164153,1240714184591,0,0,0,0,0,0,0,0,1,null
859852,1240716210996,0,0,346,3,115.33333333333333,0,1,0,175591,2,0
861419,1240714667712,1240715027656,0,227,2,113.5,0,0,0,0,1,null
86926,undefined,0,54.7,0,0,0,0,6,0,61045,undefined,undefined
869417,1240718140737,1240718148731,0,0,0,0,0,0,0,0,1,null
872293,1240714939526,1240717061264,0,0,0,0,0,0,0,0,1,null
873313,1240712284449,1240712483656,0,0,0,0,0,0,0,0,1,null
878,1240714423982,1240714815934,112,1013,2,208.5,123961,6,7,123961,10,2
880558,1240711266502,1240711276507,0,0,0,0,0,0,0,164290,1,null
881391,1240718001293,0,0,468,5,84.6,0,0,0,77969,2,0
88155,undefined,0,57.300000000000004,0,0,0,0,2,0,7078,undefined,undefined
883007,1240717668578,1240718162847,0,269,2,134.5,0,0,0,0,1,null
883653,1240717611258,1240717724112,0,0,0,0,0,0,0,0,1,null
8842,1240715808499,1240716081765,0,417,1,366,22707,11,18,1531,13,6
884797,1240711285041,1240711870834,0,689,3,160,0,0,0,39180,2,null
887801,1240711690703,1240711810166,0,0,0,0,0,0,0,0,1,null
889245,1240716238813,1240717557632,0,483,3,156,0,0,0,0,1,null
890453,1240715797802,0,0,1145,7,150.71428571428572,0,0,0,635003,2,0
891254,1240713486225,1240713750856,0,0,0,0,0,0,0,0,1,null
891697,1240714646392,1240714660677,0,0,0,0,0,0,0,0,1,null
892012,1240713151348,1240713193797,0,0,0,0,0,0,0,0,1,null
892598,1240715181955,1240716377513,0,297,2,152,0,0,0,597005,1,null
892812,1240715433157,1240715452832,0,0,0,0,0,0,0,0,1,null
892874,1240717664234,0,0,0,0,0,0,0,0,0,1,0
892902,1240714081398,1240714123080,0,0,0,0,0,0,0,612159,1,null
893775,1240717365336,1240717767780,0,250,2,125,0,0,0,0,1,null
894118,1240716738108,1240716743779,0,0,0,0,0,0,0,0,1,null
894162,1240716385598,1240716419111,0,0,0,0,0,0,0,9093,1,null
894240,1240717308691,1240717536448,0,208,1,91,0,0,0,32169,1,null
894320,1240717595178,1240717620501,0,0,0,0,0,0,0,0,1,null
90041,undefined,0,9.700000000000001,0,0,0,0,2,6,258951,undefined,undefined
9093,1240716936235,0,0,3746,8,564.625,0,4,0,16040,5,3
91808,undefined,0,21.050000000000004,0,0,0,0,1,2,413580,undefined,undefined
931,1240714511301,0,0,11450,28,413.82142857142856,0,3,3,12,12,3
93562,1240711422575,1240714122907,0,2467,13,170.69230769230768,42736,0,0,183040,2,0
93640,1240711318376,1240713052776,0,547,3,147.33333333333334,0,0,0,86926,4,0
94103,undefined,0,146.20000000000002,0,0,0,0,1,8,223494,undefined,undefined
95479,undefined,0,44.6,0,0,0,0,7,1,586681,undefined,undefined
995,1240717023502,0,0,2338,5,407,12,11,18,12,13,5
<<<<EndTable

PlayersOnlineNow=36
PlayersOnlineEachMinute=0, 18, 23, 30, 32, 32, 32, 34, 35, 34, 34, 34, 32, 31, 30, 30, 31, 32, 34, 33, 33, 34, 36, 35, 34, 32, 32, 33, 33, 35, 39, 38, 39, 36, 38, 36, 37, 34, 35, 35, 36, 37, 35, 35, 31, 34, 33, 36, 33, 34, 36, 35, 36, 37, 37, 41, 40, 40, 43, 43, 42, 43, 46, 43, 44, 42, 43, 42, 42, 43, 44, 41, 42, 42, 41, 40, 46, 42, 45, 39, 42, 41, 42, 44, 44, 41, 39, 40, 39, 37, 34, 34, 32, 29, 28, 29, 32, 31, 30, 31, 30, 34, 31, 31, 32, 30, 30, 33, 29, 30, 32, 35, 33, 35, 35, 37, 36, 34, 34, 34
PlayersInEachFeedingGame=1, 1, 2, 1, 1, 2, 2, 1, 3, 2, 2, 2, 1, 1, 1, 2, 2, 2, 1, 1, 2, 2, 2, 1, 3, 2, 2, 2, 1, 1, 2, 2, 2, 2, 2, 1, 2, 2, 2, 2, 2, 1, 2, 1, 2, 1, 2, 1, 2, 2, 1, 1, 1, 2, 1, 2, 2, 2, 2, 2, 1, 2, 1, 1, 2, 1, 1, 1, 2, 1, 2, 2, 1, 2, 1, 1, 1, 1, 2, 1, 1, 2, 2, 4, 2, 1, 2, 2, 2, 2, 1, 2, 2, 2, 2, 1, 2, 1, 1, 1, 4, 2, 1, 2, 2, 2, 1, 2, 2, 2, 5, 2, 1, 2, 2, 1, 3, 2, 1, 1, 2, 2, 2, 2, 2, 1, 2, 2, 2, 2, 2, 3, 2, 1, 2, 1, 2, 2, 2, 2, 1, 2, 2, 2, 2, 2, 1, 2, 2, 2, 2, 2, 2, 1, 1, 1, 2, 2, 2, 1, 1, 2, 1, 1, 2, 1, 2, 2, 2, 2, 2, 1, 2, 2, 2, 2, 1, 2, 1, 2, 8, 2, 1, 1, 2, 1, 1, 2, 2, 2, 1, 2, 1, 1, 1, 2, 1, 1, 2, 2, 1, 2, 2, 1, 2, 1, 1, 2, 2, 1, 5, 2, 2, 2, 2, 1, 2, 2, 1, 1, 2, 2, 2, 1, 2, 1, 2
PlayersStarted=307
PlayersQuit=271
StatsStartTime=1240711248775
StatsDumpTime=1240718449248
<<<<EndStats
2009-04-25 21:00:53,372 ERROR: vampire.server.feeding.FeedingRecord sendPlayerStartGameMsg [playerId=497091, prey=false, _predatorIndex=]
2009-04-25 21:01:10,393 ERROR: vampire.server.feeding.FeedingRecord sendPlayerStartGameMsg [playerId=80094, prey=true, _predatorIndex=]
2009-04-25 21:01:10,394 ERROR: vampire.server.feeding.FeedingRecord sendPlayerStartGameMsg [playerId=191252, prey=false, _predatorIndex=]
2009-04-25 21:01:38,180 ERROR: vampire.server.feeding.FeedingRecord sendPlayerStartGameMsg [playerId=17790, prey=true, _predatorIndex=]
2009-04-25 21:01:38,180 ERROR: vampire.server.feeding.FeedingRecord sendPlayerStartGameMsg [playerId=65812, prey=false, _predatorIndex=]
2009-04-25 21:01:48,183 ERROR: vampire.server.feeding.FeedingRecord sendPlayerStartGameMsg [playerId=635003, prey=false, _predatorIndex=497091,152669,410270]
2009-04-25 21:01:59,957 ERROR: vampire.server.feeding.FeedingRecord sendPlayerStartGameMsg [playerId=635003, prey=false, _predatorIndex=]
2009-04-25 21:02:14,787 ERROR: vampire.server.feeding.FeedingRecord sendPlayerStartGameMsg [playerId=61045, prey=true, _predatorIndex=]
2009-04-25 21:02:14,788 ERROR: vampire.server.feeding.FeedingRecord sendPlayerStartGameMsg [playerId=70517, prey=false, _predatorIndex=]
2009-04-25 21:02:19,769 ERROR: vampire.server.feeding.FeedingRecord sendPlayerStartGameMsg [playerId=28009, prey=false, _predatorIndex=]
2009-04-25 21:02:34,373 ERROR: vampire.server.feeding.FeedingRecord sendPlayerStartGameMsg [playerId=70997, prey=false, _predatorIndex=191252]
2009-04-25 21:02:49,461 ERROR: vampire.server.feeding.FeedingRecord sendPlayerStartGameMsg [playerId=453, prey=true, _predatorIndex=]
2009-04-25 21:02:49,462 ERROR: vampire.server.feeding.FeedingRecord sendPlayerStartGameMsg [playerId=123961, prey=false, _predatorIndex=]
2009-04-25 21:02:58,652 ERROR: vampire.server.feeding.FeedingRecord sendPlayerStartGameMsg [playerId=881391, prey=false, _predatorIndex=497091,152669,410270,635003]
2009-04-25 21:03:12,123 ERROR: vampire.server.feeding.FeedingRecord sendPlayerStartGameMsg [playerId=4139, prey=false, _predatorIndex=123961]
2009-04-25 21:03:29,533 ERROR: vampire.server.feeding.FeedingRecord sendPlayerStartGameMsg [playerId=191252, prey=true, _predatorIndex=]
2009-04-25 21:03:29,534 ERROR: vampire.server.feeding.FeedingRecord sendPlayerStartGameMsg [playerId=70997, prey=false, _predatorIndex=]
2009-04-25 21:03:55,131 ERROR: vampire.server.feeding.FeedingRecord sendPlayerStartGameMsg [playerId=20731, prey=true, _predatorIndex=]
2009-04-25 21:03:55,132 ERROR: vampire.server.feeding.FeedingRecord sendPlayerStartGameMsg [playerId=635003, prey=false, _predatorIndex=]
2009-04-25 21:05:04,588 ERROR: vampire.server.feeding.FeedingRecord sendPlayerStartGameMsg [playerId=890453, prey=true, _predatorIndex=]
2009-04-25 21:05:04,589 ERROR: vampire.server.feeding.FeedingRecord sendPlayerStartGameMsg [playerId=269080, prey=false, _predatorIndex=]
2009-04-25 21:05:17,487 ERROR: vampire.server.feeding.FeedingRecord sendPlayerStartGameMsg [playerId=169944, prey=false, _predatorIndex=]
2009-04-25 21:05:22,782 ERROR: vampire.server.feeding.FeedingRecord sendPlayerStartGameMsg [playerId=217283, prey=true, _predatorIndex=]
2009-04-25 21:05:22,783 ERROR: vampire.server.feeding.FeedingRecord sendPlayerStartGameMsg [playerId=152669, prey=false, _predatorIndex=]
2009-04-25 21:05:41,359 ERROR: vampire.server.feeding.FeedingRecord sendPlayerStartGameMsg [playerId=65812, prey=true, _predatorIndex=]
2009-04-25 21:05:41,360 ERROR: vampire.server.feeding.FeedingRecord sendPlayerStartGameMsg [playerId=80094, prey=false, _predatorIndex=]
2009-04-25 21:05:44,662 ERROR: vampire.server.feeding.FeedingRecord sendPlayerStartGameMsg [playerId=17790, prey=true, _predatorIndex=]
2009-04-25 21:05:44,663 ERROR: vampire.server.feeding.FeedingRecord sendPlayerStartGameMsg [playerId=191252, prey=false, _predatorIndex=]
2009-04-25 21:07:40,400 ERROR: vampire.server.feeding.FeedingRecord sendPlayerStartGameMsg [playerId=70997, prey=true, _predatorIndex=]
2009-04-25 21:07:40,401 ERROR: vampire.server.feeding.FeedingRecord sendPlayerStartGameMsg [playerId=635003, prey=false, _predatorIndex=]
2009-04-25 21:08:09,014 ERROR: vampire.server.feeding.FeedingRecord sendPlayerStartGameMsg [playerId=230164, prey=false, _predatorIndex=]
2009-04-25 21:08:25,082 ERROR: vampire.server.feeding.FeedingRecord sendPlayerStartGameMsg [playerId=169944, prey=false, _predatorIndex=]
2009-04-25 21:09:26,887 ERROR: vampire.server.feeding.FeedingRecord sendPlayerStartGameMsg [playerId=612159, prey=true, _predatorIndex=]
2009-04-25 21:09:26,887 ERROR: vampire.server.feeding.FeedingRecord sendPlayerStartGameMsg [playerId=372617, prey=false, _predatorIndex=]
2009-04-25 21:09:27,644 ERROR: vampire.server.feeding.FeedingRecord sendPlayerStartGameMsg [playerId=191252, prey=false, _predatorIndex=]
2009-04-25 21:09:57,610 ERROR: vampire.server.feeding.FeedingRecord sendPlayerStartGameMsg [playerId=9093, prey=false, _predatorIndex=123961,4139]
2009-04-25 21:10:18,983 ERROR: vampire.server.feeding.FeedingRecord sendPlayerStartGameMsg [playerId=61045, prey=true, _predatorIndex=]
2009-04-25 21:10:18,984 ERROR: vampire.server.feeding.FeedingRecord sendPlayerStartGameMsg [playerId=17790, prey=false, _predatorIndex=]
2009-04-25 21:10:26,364 ERROR: vampire.server.feeding.FeedingRecord sendPlayerStartGameMsg [playerId=497091, prey=true, _predatorIndex=]
2009-04-25 21:10:26,365 ERROR: vampire.server.feeding.FeedingRecord sendPlayerStartGameMsg [playerId=635003, prey=false, _predatorIndex=]
2009-04-25 21:10:39,591 ERROR: vampire.server.feeding.FeedingRecord sendPlayerStartGameMsg [playerId=80094, prey=true, _predatorIndex=]
2009-04-25 21:10:39,592 ERROR: vampire.server.feeding.FeedingRecord sendPlayerStartGameMsg [playerId=65812, prey=false, _predatorIndex=]

>>>>BeginStats

>>>>BeginTable
PlayerId, StartTime, EndTime, ProgenyPayout, XPFromFeeding, FeedingGames, MeanFeedingScore, BloodBond, Progeny, GrandProgeny, Sire, Level, Invites
101476,1240714510493,1240715112824,0,211,1,170,0,0,0,0,1,null
102127,undefined,0,140.45000000000002,0,0,0,0,1,1,168234,undefined,undefined
10260,undefined,0,76.5,0,0,0,0,4,4,713,undefined,undefined
103033,1240717753665,0,62.900000000000006,510,3,179.33333333333334,767143,5,0,81899,4,0
103144,undefined,0,44.95,0,0,0,0,5,5,116005,undefined,undefined
104274,1240713391909,1240713723537,0,125,1,125,0,2,2,57717,4,1
1043,1240713665667,0,0,8973,19,746.7368421052631,16444,2,0,12,12,3
106069,undefined,0,87.80000000000001,0,0,0,0,13,1,236834,undefined,undefined
1062,1240711378883,1240716521114,0,6662,17,340.7647058823529,54776,7,5,713,14,2
10642,1240711611671,1240712037825,0,535,2,415.5,447249,22,27,351598,13,2
108841,1240716473002,1240717659653,0,805,6,149.16666666666666,0,0,0,58022,2,0
1101,undefined,0,402.20000000000005,0,0,0,0,2,10,239981,undefined,undefined
110178,undefined,0,6.25,0,0,0,0,1,4,12770,undefined,undefined
111918,1240713894106,1240714080398,0,104,1,104,0,0,0,245338,4,0
113237,1240712069712,1240712640364,0,0,0,0,0,4,0,10642,4,null
113453,1240715399910,1240718636955,0,1460,6,232.33333333333334,0,7,0,533,5,1
114914,1240716403798,1240716778269,0,480,3,147.66666666666666,0,0,0,160801,2,null
117119,undefined,0,208.20000000000002,0,0,0,0,1,2,3653,undefined,undefined
118417,undefined,0,7.25,0,0,0,0,4,3,12,undefined,undefined
12,1240714521772,0,4899.5999999999985,7110,15,451.26666666666665,995,19,92,383387,14,3
122907,undefined,0,877.7,0,0,0,0,6,7,251062,undefined,undefined
123961,1240713697425,0,266.05,12015,25,435.16,878,5,18,713,13,2
125285,1240716038075,1240716366928,0,177,1,209,0,0,0,52012,1,0
12770,undefined,0,1978.0999999999997,0,0,0,0,19,26,383387,undefined,undefined
12791,undefined,0,4.95,0,0,0,0,9,15,12,undefined,undefined
128794,undefined,0,12.15,0,0,0,0,1,4,93202,undefined,undefined
129321,1240711833707,1240713200748,0,756,2,195.5,0,1,0,426457,4,0
132403,undefined,0,44.1,0,0,0,0,4,0,172848,undefined,undefined
132921,undefined,0,94.4,0,0,0,0,6,2,211601,undefined,undefined
133482,1240713130774,1240713673775,122.60000000000001,795,3,204.33333333333334,0,3,7,180951,4,3
135526,1240712330601,1240713415152,0,0,0,0,0,1,0,162782,2,null
140487,1240713203522,1240713871553,0,0,0,0,0,1,0,317217,3,1
141288,1240717536931,1240718740564,0,0,0,0,841332,3,0,510740,4,null
152669,1240716011487,0,0,3874,14,214.21428571428572,0,0,0,171151,3,0
1531,1240716957695,0,41.7,3302,7,473.85714285714283,503,3,13,12,13,3
15340,1240711701685,1240712005155,0,120,1,120,0,0,0,0,1,null
153510,undefined,0,39.75,0,0,0,0,7,4,112953,undefined,undefined
154004,1240711248975,1240711469605,0,0,0,0,561706,6,0,90041,4,0
157338,1240716240779,1240716544365,0,0,0,0,0,0,0,0,1,null
159420,undefined,0,260.65000000000003,0,0,0,0,1,5,206649,undefined,undefined
16040,undefined,0,707.3000000000001,0,0,0,0,7,8,3,undefined,undefined
160776,undefined,0,37.8,0,0,0,0,2,2,271425,undefined,undefined
160801,undefined,0,48,0,0,0,0,4,0,166371,undefined,undefined
161447,1240714158358,1240714249809,0,944,5,97.6,0,0,0,132921,2,null
164243,undefined,0,24.3,0,0,0,0,4,1,128794,undefined,undefined
166,1240712813873,1240715234387,0,10024,15,515.5333333333333,578,5,5,578,12,3
166067,1240715058593,1240715738111,0,0,0,0,0,0,0,0,1,null
166371,undefined,0,24,0,0,0,0,4,4,267622,undefined,undefined
168234,undefined,0,34.7,0,0,0,0,2,2,100080,undefined,undefined
16825,undefined,0,252.3,0,0,0,0,12,5,4139,undefined,undefined
168426,1240718183435,1240718234222,0,0,0,0,0,0,0,164243,4,0
169443,1240713359899,1240714000633,0,153,1,149,0,0,0,0,1,0
169944,1240718267124,0,142.10000000000002,694,6,110.66666666666667,0,1,0,102127,4,1
170191,undefined,0,157.9,0,0,0,0,2,6,202873,undefined,undefined
171151,1240716016743,1240717315575,367.20000000000005,1557,4,598.25,77,26,14,21067,13,3
171513,1240711475844,1240712131814,0,1579,4,353.5,0,6,6,170191,9,2
172087,1240712386355,1240712605860,0,114,1,114,0,0,0,0,1,null
172848,undefined,0,22.05,0,0,0,0,1,4,359624,undefined,undefined
173891,1240711418222,1240711792200,0,152,2,101.5,0,0,0,0,1,0
175065,undefined,0,40.25,0,0,0,0,1,3,401467,undefined,undefined
175591,undefined,0,34.6,0,0,0,0,2,1,691188,undefined,undefined
17790,1240714767042,0,0,3016,9,367.55555555555554,20260,10,9,20260,13,3
177916,undefined,0,13.4,0,0,0,0,4,8,202501,undefined,undefined
178620,1240716119689,1240716135480,0,0,0,0,0,0,0,238093,3,0
179326,undefined,0,32.900000000000006,0,0,0,0,2,1,185581,undefined,undefined
1802,undefined,0,89.9,0,0,0,0,5,0,103144,undefined,undefined
180571,1240716953677,1240717932742,0,243,1,242,0,1,3,163836,4,0
180951,undefined,0,140.8,0,0,0,0,2,4,153510,undefined,undefined
181512,1240716003353,1240716044853,0,0,0,0,0,0,0,179509,1,null
181546,1240712837708,1240713082677,0,0,0,0,0,0,0,0,1,null
183040,undefined,0,246.70000000000002,0,0,0,0,2,0,53963,undefined,undefined
185581,undefined,0,16.450000000000003,0,0,0,0,2,3,209656,undefined,undefined
190484,1240713234409,1240713373347,0,0,0,0,0,0,0,336024,2,0
190687,undefined,0,19.6,0,0,0,0,7,4,383937,undefined,undefined
191252,1240717804657,0,0,6341,28,213.60714285714286,0,0,0,227147,4,0
191984,1240713047458,1240713223710,0,0,0,0,191950,8,3,142178,7,3
192105,1240716468275,1240716518693,0,0,0,0,0,0,0,202328,1,0
196231,undefined,0,25.1,0,0,0,0,3,0,7078,undefined,undefined
196543,1240712641482,1240714669394,0,284,2,144,0,0,0,0,1,null
198709,undefined,0,16,0,0,0,0,2,0,208699,undefined,undefined
200985,1240713792005,1240713801982,0,0,0,0,0,0,0,313906,3,0
201458,undefined,0,14.5,0,0,0,0,1,0,118417,undefined,undefined
202327,1240717440747,1240717964102,0,99,1,99,166836,3,3,249362,5,1
202501,undefined,0,6.7,0,0,0,0,1,4,1265,undefined,undefined
20260,undefined,0,374.6000000000001,0,0,0,0,15,34,12,undefined,undefined
202873,undefined,0,78.95,0,0,0,0,1,2,341164,undefined,undefined
204593,1240712899377,1240715775607,0,4022,13,181.46153846153845,0,0,0,77,3,null
205535,1240714003759,1240714745721,0,446,3,211.66666666666666,70997,1,0,95479,6,2
20731,1240715796685,0,0,3327,15,240.73333333333332,32314,4,1,16040,5,3
207586,1240713858619,1240713866522,0,0,0,0,0,0,0,170191,3,0
208335,1240711467369,1240711941909,0,0,0,0,0,0,0,0,1,null
208699,undefined,0,8,0,0,0,0,4,2,36200,undefined,undefined
208837,1240715342142,1240715828231,0,281,2,129,0,0,0,802319,1,null
209656,undefined,0,8.85,0,0,0,0,6,8,167153,undefined,undefined
210163,1240711653076,1240713419087,0,808,4,179.75,718536,0,0,255725,4,null
21067,undefined,0,339.3,0,0,0,0,2,26,302907,undefined,undefined
211601,undefined,0,47.2,0,0,0,0,1,6,7078,undefined,undefined
213554,1240714913833,1240715302139,0,251,1,99,0,0,0,196231,1,null
21506,1240712422314,0,0,2016,8,288.75,751256,0,0,3200,4,0
217283,1240718013203,0,349.95000000000005,5213,15,331.26666666666665,0,14,13,57393,9,3
218716,1240718926933,0,0,0,0,0,0,2,0,188229,8,5
223210,1240715670667,1240716562853,0,0,0,0,0,0,0,120650,3,0
223494,undefined,0,73.10000000000001,0,0,0,0,1,1,179687,undefined,undefined
223864,undefined,0,100.8,0,0,0,0,5,12,160138,undefined,undefined
227147,undefined,0,634.1000000000001,0,0,0,0,1,0,238782,undefined,undefined
230164,1240718873661,0,0,392,1,392,510740,7,1,250837,12,2
236834,undefined,0,43.900000000000006,0,0,0,0,1,13,101493,undefined,undefined
237246,1240714552243,1240714981883,0,94,1,87,0,0,0,269080,1,null
238782,undefined,0,317.05000000000007,0,0,0,0,1,1,180951,undefined,undefined
238954,1240713087195,1240713220303,0,0,0,0,0,0,0,0,1,null
239981,undefined,0,201.10000000000002,0,0,0,0,1,2,209944,undefined,undefined
245338,undefined,0,10.4,0,0,0,0,7,1,77353,undefined,undefined
247468,1240712950491,1240713306184,0,0,0,0,0,0,0,147608,2,0
249362,undefined,0,9.9,0,0,0,0,1,3,12791,undefined,undefined
250837,undefined,0,39.2,0,0,0,0,1,7,190687,undefined,undefined
251062,undefined,0,438.85,0,0,0,0,6,15,296361,undefined,undefined
255725,undefined,0,80.80000000000001,0,0,0,0,1,0,309124,undefined,undefined
256746,undefined,0,325.3,0,0,0,0,5,23,61984,undefined,undefined
258951,undefined,0,4.8500000000000005,0,0,0,0,9,2,1265,undefined,undefined
264673,1240714888265,1240715124333,0,0,0,0,0,0,0,28294,3,0
266759,1240711291224,1240716142583,0,2082,8,208.5,0,2,0,117119,4,0
269080,1240712831770,0,9.4,3330,17,210.9411764705882,0,1,0,61045,3,0
273592,1240712113727,1240712366083,0,0,0,0,0,2,2,387199,3,0
28009,1240718415529,1240718719306,0,109,1,109,0,0,0,0,1,null
280346,undefined,0,8.1,0,0,0,0,1,5,245338,undefined,undefined
280634,undefined,0,93.45,0,0,0,0,5,2,280346,undefined,undefined
28100,1240715765287,1240716292113,0,177,1,145,0,0,0,0,1,0
283455,1240715720839,1240715959519,0,160,1,156,0,0,0,198709,2,0
293092,1240714612077,1240715965774,0,421,2,171,184475,1,0,320880,4,1
298666,1240717018786,1240717539035,0,0,0,0,0,0,0,259344,2,0
3,undefined,0,353.65000000000003,0,0,0,0,1,7,383387,undefined,undefined
300612,1240715758046,1240715819691,0,0,0,0,0,0,0,610359,2,0
300933,1240715620389,1240715957923,0,117,1,94,0,0,0,61045,1,null
30158,1240716065919,1240716284711,211.74999999999997,162,1,145,0,2,1,280634,3,null
302907,undefined,0,77.85000000000001,0,0,0,0,2,2,283855,undefined,undefined
304588,1240715218286,1240715488576,0,0,0,0,0,0,0,116762,3,0
307471,undefined,0,395.9000000000001,0,0,0,0,3,9,12,undefined,undefined
308635,1240713024114,1240713376819,26.65,0,0,0,199696,10,2,122194,7,6
309124,undefined,0,40.400000000000006,0,0,0,0,1,1,20106,undefined,undefined
317383,undefined,0,37.75000000000001,0,0,0,0,1,2,344937,undefined,undefined
3200,1240718766003,0,201.6,0,0,0,71724,12,0,223864,12,2
320880,undefined,0,42.10000000000001,0,0,0,0,2,1,91808,undefined,undefined
32169,1240716565258,1240717618558,20.8,661,3,297.3333333333333,219,3,0,10260,11,3
32314,1240712471364,1240712493160,0,0,0,0,20731,6,2,40508,12,2
329560,1240714313463,1240714563351,0,0,0,0,0,0,0,0,1,null
336024,undefined,0,70.9,0,0,0,0,8,4,510740,undefined,undefined
336228,undefined,0,791.8000000000002,0,0,0,0,8,12,307471,undefined,undefined
351430,1240712313716,1240716840853,0,7918,21,290,336228,9,27,336228,12,2
351598,undefined,0,53.5,0,0,0,0,1,22,359624,undefined,undefined
356549,1240711312814,1240712346710,0,899,4,149.75,99802,0,0,1802,6,2
356564,1240714031023,1240714280068,0,0,0,0,0,0,0,198709,4,0
359624,undefined,0,26.75,0,0,0,0,3,2,201132,undefined,undefined
360099,1240715829589,1240715834037,0,0,0,0,0,0,0,364566,2,0
36411,1240718119882,0,0,70,1,68,0,0,0,0,1,0
36432,undefined,0,735.8,0,0,0,0,3,2,44987,undefined,undefined
3653,undefined,0,104.10000000000001,0,0,0,0,14,1,86951,undefined,undefined
371343,1240712492150,1240713832778,0,0,0,0,0,3,2,220964,4,2
372304,1240718323878,1240718479175,0,0,0,0,0,0,0,0,1,null
372617,1240717855738,0,557.1000000000001,4682,12,295.3333333333333,612159,2,2,36432,6,1
375291,1240715721627,1240716294955,0,573,3,144.66666666666666,0,0,0,88155,2,0
381078,1240714013361,1240715020763,0,536,3,211.66666666666666,0,0,0,0,1,0
383387,undefined,0,3120.450000000001,0,0,0,0,6,45,0,undefined,undefined
3865,undefined,0,22.3,0,0,0,0,1,1,112602,undefined,undefined
39180,undefined,0,68.9,0,0,0,0,6,1,68619,undefined,undefined
393954,1240713259559,1240713354893,0,0,0,0,0,0,0,125837,1,0
396113,undefined,0,491.8000000000001,0,0,0,0,2,4,44987,undefined,undefined
39637,1240716148435,1240716605611,0,108,1,108,0,0,0,0,1,null
397835,undefined,0,620.8499999999999,0,0,0,0,5,7,47379,undefined,undefined
4012,undefined,0,44.6,0,0,0,0,1,0,3865,undefined,undefined
402647,1240716248741,1240716268430,0,3180,12,290.5833333333333,0,0,0,408501,4,0
408501,1240711389081,1240716092106,680.4000000000001,6999,29,236.6206896551724,484953,3,0,637936,5,1
410270,1240718244410,1240718630512,0,441,2,210,0,0,0,132403,3,0
4139,1240716447352,0,126.15,5020,12,463.25,16040,11,19,713,14,3
426457,undefined,0,75.6,0,0,0,0,2,1,160776,undefined,undefined
42736,1240711424873,1240712832252,0,1226,7,179,93562,1,0,133482,3,0
430717,1240717678399,1240718222570,118,2663,8,385.875,0,23,9,256746,11,4
445660,undefined,0,307.90000000000003,0,0,0,0,4,5,54812,undefined,undefined
44987,undefined,0,480,0,0,0,0,3,11,12770,undefined,undefined
453,1240718008012,0,0,3295,6,718.1666666666666,0,0,0,878,8,1
462408,1240715145230,1240715756952,0,0,0,0,638933,1,0,191950,8,1
465780,1240717849323,1240718023286,0,0,0,0,0,0,0,460235,3,1
47379,undefined,0,281.59999999999997,0,0,0,0,3,5,54776,undefined,undefined
483162,1240711271694,1240716377083,0,6158,24,292.91666666666674,0,1,0,534632,4,0
484953,1240714679396,1240716284196,0,1284,7,141.71428571428572,408501,0,0,408501,2,null
486760,1240711392402,1240712312658,0,755,5,102.4,0,0,0,57395,4,0
497091,1240718015041,0,0,446,3,141.33333333333334,0,0,0,4012,2,0
502119,1240711323708,1240711544997,0,0,0,0,520359,6,6,22707,8,1
505644,1240716107418,1240717543192,0,547,3,152,0,0,0,430717,1,null
510740,undefined,0,63.400000000000006,0,0,0,0,48,15,534632,undefined,undefined
52012,undefined,0,17.7,0,0,0,0,3,0,209656,undefined,undefined
522109,1240714718749,1240714900730,0,159,1,112,0,0,0,0,1,null
53030,1240712014399,1240716639378,0,8777,25,429.04,0,7,5,122907,12,3
533,undefined,0,146,0,0,0,0,5,8,20260,undefined,undefined
534632,undefined,0,615.8000000000001,0,0,0,0,5,49,445660,undefined,undefined
53963,undefined,0,123.35000000000001,0,0,0,0,1,2,5842,undefined,undefined
548201,1240714467426,1240714545283,0,0,0,0,0,1,0,217283,1,null
548248,1240717880828,1240718046172,0,878,4,219.5,0,1,0,106069,4,0
555728,1240712680640,1240715944710,0,4022,13,250.07692307692307,828191,10,0,1101,4,0
556276,1240712531175,1240712712320,0,0,0,0,0,4,0,147988,2,4
562788,undefined,0,38.85000000000001,0,0,0,0,1,3,409656,undefined,undefined
57393,undefined,0,521.3000000000001,0,0,0,0,5,16,159420,undefined,undefined
57395,undefined,0,75.50000000000001,0,0,0,0,2,0,317383,undefined,undefined
57717,undefined,0,12.5,0,0,0,0,4,2,110178,undefined,undefined
578,1240712187623,1240715226348,1002.4000000000001,10868,18,738,166,3,5,12770,10,2
578918,1240716449712,1240716794243,0,329,2,156,0,1,0,179326,2,0
58022,undefined,0,80.5,0,0,0,0,3,0,175065,undefined,undefined
58373,1240711256251,1240711731067,0,122,1,122,0,0,0,103033,2,0
586681,undefined,0,22.3,0,0,0,0,5,7,10642,undefined,undefined
58859,1240715090217,1240715625068,0,4918,10,658.7,43017,4,2,396113,11,2
597005,1240714891120,1240716450147,19.6,777,5,215.8,0,2,1,603011,4,0
603011,undefined,0,87.50000000000001,0,0,0,0,3,2,562788,undefined,undefined
61045,1240717422397,0,391.55,1418,8,202,189206,6,9,74372,6,1
610547,1240712237254,1240712452333,0,97,1,97,0,0,0,90041,1,null
612159,1240717859637,0,43.800000000000004,5352,14,513.6428571428571,372617,2,0,372617,5,1
61984,undefined,0,133.15,0,0,0,0,1,5,61045,undefined,undefined
623878,1240711255055,1240711761876,0,217,2,141,0,0,0,685023,2,null
625266,1240715780757,1240715854453,0,0,0,0,0,0,0,0,1,null
630671,1240711602027,1240711673667,0,0,0,0,0,2,0,132921,4,null
635003,1240718456905,0,114.50000000000001,1545,7,242.28571428571428,0,1,0,30158,3,0
637936,undefined,0,1040.1,0,0,0,0,3,3,217283,undefined,undefined
644522,1240712564932,1240712896103,0,0,0,0,0,0,0,0,1,null
646448,1240717183862,1240717407257,0,0,0,0,0,0,0,0,1,null
65812,1240718409513,0,0,3418,19,170.73684210526315,0,0,0,80094,3,0
668234,1240718762377,0,0,0,0,0,0,0,0,309885,1,0
67882,1240717066701,1240717091215,0,0,0,0,0,0,0,69649,3,0
685023,undefined,0,21.700000000000003,0,0,0,0,1,0,7314,undefined,undefined
68619,undefined,0,34.45,0,0,0,0,2,8,12770,undefined,undefined
686318,1240716981293,1240717329952,0,88,1,88,0,0,0,0,1,null
68793,1240715876423,1240717098940,0,145,1,119,0,0,0,201458,4,0
689379,1240714322710,1240714680881,0,0,0,0,0,0,0,0,1,null
691188,undefined,0,17.3,0,0,0,0,1,2,16825,undefined,undefined
70517,1240718492269,0,0,148,1,133,0,0,0,61045,1,0
705638,1240711627356,1240711644502,0,0,0,0,0,0,0,0,1,null
7078,1240715606743,1240716794439,41.2,134,1,112,0,8,13,177916,10,6
70997,1240716580309,0,115.3,5632,17,368.1764705882353,205535,7,4,397835,7,1
713,1240713596570,0,2453.3999999999996,8751,18,288.55555555555554,1265,9,48,12,15,6
71724,1240716495799,1240717220289,0,1462,4,381,3200,8,1,94103,11,4
7314,undefined,0,10.850000000000001,0,0,0,0,8,1,5842,undefined,undefined
73481,1240717746327,1240717970085,0,243,1,243,0,1,0,164243,4,0
74372,undefined,0,321.54999999999995,0,0,0,0,4,6,336024,undefined,undefined
751256,1240712435901,1240715534157,0,2523,10,223.5,21506,4,1,16825,4,null
755771,1240712717813,1240714793183,0,947,7,117.57142857142857,0,0,0,612159,1,null
76673,1240717637518,1240717682096,0,0,0,0,81597,5,3,81597,6,2
769463,1240711455739,1240712711817,0,633,4,137,0,0,0,430717,2,null
77,1240717645248,1240717674974,402.20000000000005,1890,5,858,171151,10,2,12770,13,2
773108,undefined,0,138.3,0,0,0,0,4,2,510740,undefined,undefined
77353,undefined,0,5.2,0,0,0,0,2,8,190687,undefined,undefined
77969,undefined,0,53.3,0,0,0,0,1,0,308635,undefined,undefined
780672,1240716213716,1240716692861,0,2340,10,230.5,0,0,0,408501,3,null
789031,1240714831477,1240714849944,0,0,0,0,0,0,0,95479,1,null
80094,1240719025862,0,0,3454,19,172.26315789473685,0,1,0,70997,3,1
802319,1240717198653,1240717253698,48.5,1268,6,173.83333333333334,0,2,4,773108,3,null
818036,1240713399088,1240714148197,0,507,2,255,0,0,0,103033,4,null
81899,1240711497673,1240713873874,82.45,80,1,66,0,4,6,802319,6,1
8241,1240713280908,1240713343261,0,0,0,0,0,0,0,0,1,null
836417,1240713616635,1240713628130,0,0,0,0,0,0,0,0,1,null
836861,1240718104315,1240718270754,0,0,0,0,0,0,0,0,1,null
84297,1240717409795,1240717425888,0,0,0,0,0,0,0,113237,1,null
859475,1240714164153,1240714184591,0,0,0,0,0,0,0,0,1,null
859852,1240716210996,0,0,346,3,115.33333333333333,0,1,0,175591,2,0
861419,1240714667712,1240715027656,0,227,2,113.5,0,0,0,0,1,null
86926,undefined,0,54.7,0,0,0,0,6,0,61045,undefined,undefined
869417,1240718140737,1240718148731,0,0,0,0,0,0,0,0,1,null
872293,1240714939526,1240717061264,0,0,0,0,0,0,0,0,1,null
873313,1240712284449,1240712483656,0,0,0,0,0,0,0,0,1,null
878,1240714423982,1240714815934,329.5,1013,2,208.5,123961,6,7,123961,10,2
880558,1240711266502,1240711276507,0,0,0,0,0,0,0,164290,1,null
881391,1240718001293,1240718720239,0,533,6,92,0,0,0,77969,2,null
88155,undefined,0,57.300000000000004,0,0,0,0,2,0,7078,undefined,undefined
883007,1240717668578,1240718162847,0,269,2,134.5,0,0,0,0,1,null
883653,1240717611258,1240717724112,0,0,0,0,0,0,0,0,1,null
8842,1240715808499,1240716081765,0,417,1,366,22707,11,18,1531,13,6
884797,1240711285041,1240711870834,0,689,3,160,0,0,0,39180,2,null
887801,1240711690703,1240711810166,0,0,0,0,0,0,0,0,1,null
889245,1240716238813,1240717557632,0,483,3,156,0,0,0,0,1,null
890453,1240715797802,1240718871671,0,1145,7,150.71428571428572,0,0,0,635003,2,null
891254,1240713486225,1240713750856,0,0,0,0,0,0,0,0,1,null
891399,1240718682103,0,0,0,0,0,0,0,0,0,1,0
891697,1240714646392,1240714660677,0,0,0,0,0,0,0,0,1,null
892012,1240713151348,1240713193797,0,0,0,0,0,0,0,0,1,null
892598,1240715181955,1240716377513,0,297,2,152,0,0,0,597005,1,null
892812,1240715433157,1240715452832,0,0,0,0,0,0,0,0,1,null
892874,1240717664234,1240718484000,0,0,0,0,0,0,0,0,1,null
892902,1240714081398,1240714123080,0,0,0,0,0,0,0,612159,1,null
893775,1240717365336,1240717767780,0,250,2,125,0,0,0,0,1,null
894118,1240716738108,1240716743779,0,0,0,0,0,0,0,0,1,null
894162,1240716385598,1240716419111,0,0,0,0,0,0,0,9093,1,null
894240,1240717308691,1240717536448,0,208,1,91,0,0,0,32169,1,null
894320,1240717595178,1240717620501,0,0,0,0,0,0,0,0,1,null
894853,1240718464102,1240718496920,0,0,0,0,0,0,0,0,1,null
90041,undefined,0,9.700000000000001,0,0,0,0,2,6,258951,undefined,undefined
9093,1240718948020,0,0,3746,8,564.625,0,4,0,16040,5,3
91808,undefined,0,21.050000000000004,0,0,0,0,1,2,413580,undefined,undefined
931,1240714511301,0,0,11450,28,413.82142857142856,0,3,3,12,12,3
93562,1240711422575,1240714122907,0,2467,13,170.69230769230768,42736,0,0,183040,2,0
93640,1240711318376,1240713052776,0,547,3,147.33333333333334,0,0,0,86926,4,0
94103,undefined,0,146.20000000000002,0,0,0,0,1,8,223494,undefined,undefined
95479,undefined,0,44.6,0,0,0,0,7,1,586681,undefined,undefined
98551,1240719046464,0,0,0,0,0,0,0,0,0,1,0
995,1240717023502,0,0,2955,6,419.1666666666667,12,11,18,12,13,5
<<<<EndTable

PlayersOnlineNow=36
PlayersOnlineEachMinute=0, 18, 23, 30, 32, 32, 32, 34, 35, 34, 34, 34, 32, 31, 30, 30, 31, 32, 34, 33, 33, 34, 36, 35, 34, 32, 32, 33, 33, 35, 39, 38, 39, 36, 38, 36, 37, 34, 35, 35, 36, 37, 35, 35, 31, 34, 33, 36, 33, 34, 36, 35, 36, 37, 37, 41, 40, 40, 43, 43, 42, 43, 46, 43, 44, 42, 43, 42, 42, 43, 44, 41, 42, 42, 41, 40, 46, 42, 45, 39, 42, 41, 42, 44, 44, 41, 39, 40, 39, 37, 34, 34, 32, 29, 28, 29, 32, 31, 30, 31, 30, 34, 31, 31, 32, 30, 30, 33, 29, 30, 32, 35, 33, 35, 35, 37, 36, 34, 34, 34, 36, 36, 37, 37, 36, 33, 34, 34, 34, 34
PlayersInEachFeedingGame=1, 1, 2, 1, 1, 2, 2, 1, 3, 2, 2, 2, 1, 1, 1, 2, 2, 2, 1, 1, 2, 2, 2, 1, 3, 2, 2, 2, 1, 1, 2, 2, 2, 2, 2, 1, 2, 2, 2, 2, 2, 1, 2, 1, 2, 1, 2, 1, 2, 2, 1, 1, 1, 2, 1, 2, 2, 2, 2, 2, 1, 2, 1, 1, 2, 1, 1, 1, 2, 1, 2, 2, 1, 2, 1, 1, 1, 1, 2, 1, 1, 2, 2, 4, 2, 1, 2, 2, 2, 2, 1, 2, 2, 2, 2, 1, 2, 1, 1, 1, 4, 2, 1, 2, 2, 2, 1, 2, 2, 2, 5, 2, 1, 2, 2, 1, 3, 2, 1, 1, 2, 2, 2, 2, 2, 1, 2, 2, 2, 2, 2, 3, 2, 1, 2, 1, 2, 2, 2, 2, 1, 2, 2, 2, 2, 2, 1, 2, 2, 2, 2, 2, 2, 1, 1, 1, 2, 2, 2, 1, 1, 2, 1, 1, 2, 1, 2, 2, 2, 2, 2, 1, 2, 2, 2, 2, 1, 2, 1, 2, 8, 2, 1, 1, 2, 1, 1, 2, 2, 2, 1, 2, 1, 1, 1, 2, 1, 1, 2, 2, 1, 2, 2, 1, 2, 1, 1, 2, 2, 1, 5, 2, 2, 2, 2, 1, 2, 2, 1, 1, 2, 2, 2, 1, 2, 1, 2, 1, 2, 2, 1, 2, 3, 2, 2, 2, 1, 2, 2, 2, 2, 1, 1, 2, 1, 2, 2, 2
PlayersStarted=322
PlayersQuit=286
StatsStartTime=1240711248775
StatsDumpTime=1240719049335
<<<<EndStats
2009-04-25 21:12:08,549 ERROR: vampire.server.feeding.FeedingRecord sendPlayerStartGameMsg [playerId=612159, prey=true, _predatorIndex=]
2009-04-25 21:12:08,550 ERROR: vampire.server.feeding.FeedingRecord sendPlayerStartGameMsg [playerId=372617, prey=false, _predatorIndex=]
2009-04-25 21:12:17,291 ERROR: vampire.server.feeding.FeedingRecord sendPlayerStartGameMsg [playerId=20731, prey=true, _predatorIndex=]
2009-04-25 21:12:17,292 ERROR: vampire.server.feeding.FeedingRecord sendPlayerStartGameMsg [playerId=152669, prey=false, _predatorIndex=]
2009-04-25 21:12:27,139 ERROR: vampire.server.feeding.FeedingRecord sendPlayerStartGameMsg [playerId=191252, prey=false, _predatorIndex=]
2009-04-25 21:13:06,170 ERROR: vampire.server.feeding.FeedingRecord sendPlayerStartGameMsg [playerId=169944, prey=false, _predatorIndex=]
2009-04-25 21:14:09,775 ERROR: vampire.server.feeding.FeedingRecord sendPlayerStartGameMsg [playerId=3200, prey=false, _predatorIndex=152669]
2009-04-25 21:16:48,610 ERROR: vampire.server.feeding.FeedingRecord sendPlayerStartGameMsg [playerId=171151, prey=true, _predatorIndex=]
2009-04-25 21:16:48,611 ERROR: vampire.server.feeding.FeedingRecord sendPlayerStartGameMsg [playerId=635003, prey=false, _predatorIndex=]
2009-04-25 21:17:43,802 ERROR: vampire.server.feeding.FeedingRecord sendPlayerStartGameMsg [playerId=612159, prey=true, _predatorIndex=]
2009-04-25 21:17:43,803 ERROR: vampire.server.feeding.FeedingRecord sendPlayerStartGameMsg [playerId=103033, prey=false, _predatorIndex=]
2009-04-25 21:18:01,834 ERROR: vampire.server.feeding.FeedingRecord sendPlayerStartGameMsg [playerId=217283, prey=true, _predatorIndex=]
2009-04-25 21:18:01,835 ERROR: vampire.server.feeding.FeedingRecord sendPlayerStartGameMsg [playerId=191252, prey=false, _predatorIndex=]
2009-04-25 21:20:02,961 ERROR: vampire.server.feeding.FeedingRecord sendPlayerStartGameMsg [playerId=141461, prey=true, _predatorIndex=]
2009-04-25 21:20:02,962 ERROR: vampire.server.feeding.FeedingRecord sendPlayerStartGameMsg [playerId=103033, prey=false, _predatorIndex=]
2009-04-25 21:20:42,651 ERROR: vampire.server.feeding.FeedingRecord sendPlayerStartGameMsg [playerId=65812, prey=true, _predatorIndex=]
2009-04-25 21:20:42,652 ERROR: vampire.server.feeding.FeedingRecord sendPlayerStartGameMsg [playerId=80094, prey=false, _predatorIndex=]

