
>>>>BeginStats

>>>>BeginTable
PlayerId, StartTime, EndTime, ProgenyPayout, XPFromFeeding, FeedingGames, MeanFeedingScore, BloodBond, Progeny, GrandProgeny, Sire, Level, Invites
100661,1240761171042,1240761241962,0,0,0,0,0,0,0,0,1,null
103033,undefined,0,69.7,0,0,0,0,5,2,81899,undefined,undefined
1043,1240762105022,1240763617293,0,5422,9,617.4444444444445,16444,2,0,12,12,3
1062,1240764155223,0,93.4,1585,6,432.5,54776,8,5,713,14,2
108279,1240764755020,1240764935008,0,0,0,0,170046,2,1,172623,4,1
109686,1240761280968,1240761854256,0,191,1,114,0,0,0,168473,1,null
110056,1240764803121,1240765132490,0,626,2,84,0,0,0,1062,1,null
110090,1240760268206,1240760305353,0,0,0,0,0,0,0,0,1,null
1101,1240762152417,1240762756184,0,1482,4,219.75,0,2,11,239981,6,1
111249,undefined,0,39.300000000000004,0,0,0,0,2,8,188370,undefined,undefined
113203,undefined,0,9.4,0,0,0,0,1,0,553865,undefined,undefined
116395,1240765342027,0,0,94,1,94,0,0,0,113203,2,0
12,undefined,0,2200.5500000000006,0,0,0,0,19,58,383387,undefined,undefined
122194,undefined,0,22.400000000000002,0,0,0,0,1,10,170316,undefined,undefined
122907,undefined,0,75.95,0,0,0,0,6,8,251062,undefined,undefined
123249,1240760271927,1240760520861,0,223,1,298,0,0,0,204777,7,2
124226,1240758914621,1240759458255,0,159,1,159,0,0,0,5212,3,null
124585,undefined,0,15.650000000000002,0,0,0,0,1,4,143278,undefined,undefined
1265,1240761909711,1240764055525,54.800000000000004,2450,5,774.2,713,9,17,12,15,3
12770,undefined,0,276.15000000000003,0,0,0,0,20,21,383387,undefined,undefined
12791,undefined,0,888.2999999999998,0,0,0,0,9,5,12,undefined,undefined
128013,1240760892831,1240761416216,0,0,0,0,0,3,2,254152,4,1
128741,1240759468042,1240760337218,0,679,3,185.66666666666666,0,0,0,0,1,null
129057,1240763491783,1240765133458,0,393,3,124,0,0,0,217283,2,0
130627,undefined,0,10.600000000000001,0,0,0,0,8,9,85079,undefined,undefined
131355,1240765791225,0,0,278,1,278,0,1,2,461901,4,0
132052,1240763241026,1240765014798,0,1401,6,214.83333333333334,84747,1,0,84747,5,1
132646,undefined,0,72.25,0,0,0,0,1,1,202501,undefined,undefined
135112,1240759123457,1240759191225,0,0,0,0,0,0,0,0,1,null
140094,1240760486513,1240760545010,10.150000000000002,0,0,0,0,2,4,153510,4,0
143309,1240761753903,1240764638829,0,772,3,134,0,0,0,1265,3,0
143718,1240762570607,1240763000427,0,111,1,92,0,0,0,0,1,null
143836,1240765655296,0,0,102,1,102,0,0,0,0,1,0
144606,undefined,0,8.25,0,0,0,0,2,4,141785,undefined,undefined
151709,1240762799641,0,0,672,6,103.16666666666667,475837,2,1,510740,3,0
1531,1240759442991,1240761422342,0,8509,14,650.7142857142857,503,3,13,12,13,3
154004,1240762422769,1240762540436,0,0,0,0,561706,6,0,90041,4,0
156489,1240764388096,1240764757576,128.65,233,1,280,154238,12,19,713,5,1
159420,undefined,0,24.9,0,0,0,0,1,5,206649,undefined,undefined
161170,undefined,0,16.15,0,0,0,0,1,1,192544,undefined,undefined
163614,1240759426363,1240760133681,0,162,2,128,0,0,0,170336,4,0
163730,1240765595828,0,0,0,0,0,0,0,0,387494,2,0
166269,1240759166920,1240759180835,0,0,0,0,0,0,0,19205,4,0
167134,undefined,0,110.25000000000001,0,0,0,0,1,3,176511,undefined,undefined
168217,1240760787762,1240761100660,0,225,2,112.5,0,0,0,250107,2,0
16825,1240759863889,1240760723330,49.3,199,1,238,0,13,6,4139,5,1
168395,1240765121525,1240765207900,0,0,0,0,0,0,0,0,1,null
168473,1240761890465,1240761926652,18.2,0,0,0,772383,9,0,180508,6,7
169621,1240764123279,1240764140785,0,0,0,0,0,0,0,0,1,null
170191,1240763952630,1240765715367,139.3,2126,6,425.1666666666667,0,2,6,202873,9,1
170316,undefined,0,11.200000000000001,0,0,0,0,3,1,210210,undefined,undefined
170621,1240759419435,1240759810379,0,194,2,64,0,0,0,537491,1,null
171151,1240758763192,1240759017997,21.200000000000003,156,1,264,77,29,14,21067,13,3
171513,1240763943017,1240763951130,0,1393,5,262.2,0,6,6,170191,10,2
175591,undefined,0,173.20000000000002,0,0,0,0,2,1,691188,undefined,undefined
176478,undefined,0,16.5,0,0,0,0,4,1,144606,undefined,undefined
176511,undefined,0,33.300000000000004,0,0,0,0,2,1,154346,undefined,undefined
179326,undefined,0,133.55,0,0,0,0,2,3,185581,undefined,undefined
179435,1240760489075,1240761841842,0,190,1,185,0,0,0,0,1,null
179687,undefined,0,7,0,0,0,0,3,0,24525,undefined,undefined
180508,undefined,0,9.1,0,0,0,0,1,9,12791,undefined,undefined
181264,undefined,0,138.5,0,0,0,0,2,1,3812,undefined,undefined
181512,1240759650402,1240759657640,0,0,0,0,0,0,0,179509,1,null
183692,undefined,0,53.699999999999996,0,0,0,0,1,0,179326,undefined,undefined
185434,1240761569319,1240762304842,0,296,2,192.5,0,0,0,0,1,null
185581,undefined,0,35.85,0,0,0,0,2,2,209656,undefined,undefined
188623,undefined,0,11.15,0,0,0,0,4,1,24525,undefined,undefined
189866,1240758751135,1240759545182,0,212,2,52,0,0,0,171151,1,null
191252,1240763933396,0,65.4,1366,7,210.85714285714286,0,2,0,227147,5,1
191984,1240765397137,1240765841783,0,0,0,0,191950,13,4,142178,8,5
192883,1240765833267,1240765846118,0,0,0,0,0,8,2,210210,7,5
193558,undefined,0,11.25,0,0,0,0,1,5,258951,undefined,undefined
195722,1240759809493,1240760521954,0,336,2,168,37528,1,0,208602,6,1
196434,1240759011321,1240759036706,0,0,0,0,0,0,0,0,1,null
196543,1240761684223,1240765005323,0,574,4,97.25,0,0,0,32314,3,null
198149,undefined,0,71.2,0,0,0,0,1,3,380604,undefined,undefined
199166,1240763749747,1240764267447,0,1732,11,151.1818181818182,0,0,0,175591,2,null
20260,1240761295709,0,89.4,0,0,0,17790,15,35,12,16,13
202873,undefined,0,282.25,0,0,0,0,1,2,341164,undefined,undefined
202994,1240762860461,1240762925253,0,0,0,0,0,0,0,210162,1,0
204777,undefined,0,22.3,0,0,0,0,1,0,188623,undefined,undefined
205100,1240763437891,1240763495546,0,0,0,0,0,0,0,133118,2,null
205535,1240759075524,1240760659395,0,0,0,0,70997,1,0,95479,6,2
208602,undefined,0,33.6,0,0,0,0,5,1,351626,undefined,undefined
209944,undefined,0,74.1,0,0,0,0,1,1,209656,undefined,undefined
210163,1240762301383,1240762770440,0,252,2,94.5,718536,6,0,255725,5,3
21067,undefined,0,26.200000000000003,0,0,0,0,2,29,302907,undefined,undefined
21506,1240761591987,1240762132884,0,389,1,465,751256,1,0,3200,4,1
215585,1240763494674,1240763502358,0,0,0,0,0,0,0,0,1,null
217283,1240758720759,1240760140056,62.60000000000001,498,3,191,101306,19,13,57393,10,3
223864,undefined,0,19.450000000000003,0,0,0,0,5,16,160138,undefined,undefined
226564,1240760377874,1240760682372,0,216,3,72,0,0,0,0,1,null
227147,undefined,0,169.3,0,0,0,0,1,2,238782,undefined,undefined
23340,undefined,0,49.50000000000001,0,0,0,0,6,4,383387,undefined,undefined
238782,undefined,0,68.3,0,0,0,0,2,1,180951,undefined,undefined
239981,undefined,0,148.2,0,0,0,0,1,2,209944,undefined,undefined
24525,undefined,0,3.5,0,0,0,0,5,7,316097,undefined,undefined
246048,1240765828812,0,0,0,0,0,0,0,0,33683,3,1
250107,undefined,0,22.5,0,0,0,0,5,0,193558,undefined,undefined
251062,undefined,0,29.25,0,0,0,0,6,15,296361,undefined,undefined
254494,1240763750574,1240764201624,0,182,1,143,0,0,0,168473,1,null
255725,undefined,0,25.200000000000003,0,0,0,0,1,6,309124,undefined,undefined
256746,undefined,0,111.80000000000001,0,0,0,0,5,28,61984,undefined,undefined
261716,1240759812669,1240762074189,12.8,1321,6,283,57810,1,0,181264,4,0
264109,1240759156796,1240760035433,0,122,2,60.5,0,0,0,533,3,null
277178,1240758728009,1240758756070,0,0,0,0,0,0,0,0,1,null
300492,1240760519738,1240762176980,0,122,2,62.5,0,0,0,58373,1,null
302907,undefined,0,7.800000000000001,0,0,0,0,2,2,283855,undefined,undefined
308635,1240762456115,1240763020443,0,224,1,582,199696,10,2,122194,7,6
309124,undefined,0,12.600000000000001,0,0,0,0,1,1,20106,undefined,undefined
3200,undefined,0,38.900000000000006,0,0,0,0,16,1,223864,undefined,undefined
32314,1240761870187,1240762033731,483.4000000000001,990,4,297.5,20731,10,2,40508,12,2
3383,1240763711299,1240764252037,0,8883,15,482.2,968,4,9,12791,13,2
341047,1240759239591,1240759991197,0,0,0,0,0,1,0,0,4,5
341164,undefined,0,106.30000000000001,0,0,0,0,1,1,57393,undefined,undefined
349835,undefined,0,72.30000000000001,0,0,0,0,4,1,140094,undefined,undefined
351626,undefined,0,16.8,0,0,0,0,6,9,183403,undefined,undefined
355917,undefined,0,7.4,0,0,0,0,6,6,107,undefined,undefined
359407,1240763185779,1240763239561,0,0,0,0,0,0,0,0,1,null
36411,1240759557513,1240759671215,0,0,0,0,0,0,0,269080,1,null
370766,1240765459134,1240765555866,0,0,0,0,0,0,0,0,1,null
372617,undefined,0,6.25,0,0,0,0,2,2,36432,undefined,undefined
380604,undefined,0,35.6,0,0,0,0,4,3,375444,undefined,undefined
3812,undefined,0,66.05,0,0,0,0,1,2,65584,undefined,undefined
383387,undefined,0,922.1,0,0,0,0,3,45,0,undefined,undefined
393018,1240765215259,1240765235354,0,0,0,0,0,0,0,128057,2,0
397835,undefined,0,105.25,0,0,0,0,5,8,47379,undefined,undefined
398860,1240763392728,1240764195006,104,203,2,95.5,0,1,0,349835,2,2
403403,1240764772994,1240765902409,0,1445,4,370.75,0,0,0,63227,4,0
40508,undefined,0,340.6999999999998,0,0,0,0,4,10,23340,undefined,undefined
4139,undefined,0,44.55000000000001,0,0,0,0,11,13,713,undefined,undefined
415271,1240760171302,1240760822089,11.4,313,2,138,0,5,0,66689,4,0
42102,1240762236812,1240762249696,0,0,0,0,0,0,0,355917,2,0
421152,1240760055441,1240761910990,0,323,2,179.5,0,0,0,88368,2,0
430717,undefined,0,242.60000000000002,0,0,0,0,28,2,256746,undefined,undefined
430891,undefined,0,78.60000000000001,0,0,0,0,8,0,111249,undefined,undefined
448870,1240764637725,1240765214496,0,380,2,190,0,0,0,505644,1,null
455351,1240761125407,1240761357686,0,165,1,165,0,1,1,176478,3,0
455721,1240764903537,0,87.3,666,3,318,0,3,0,167134,4,0
461901,undefined,0,27.8,0,0,0,0,1,1,968,undefined,undefined
47379,1240761536217,1240762423682,50.05,1814,8,200.875,0,3,5,54776,4,0
475837,1240762057318,0,0,1811,14,115.78571428571429,151709,0,0,430717,3,0
505644,undefined,0,38,0,0,0,0,1,0,430717,undefined,undefined
510740,1240765292611,0,111.7,0,0,0,230164,50,37,534632,16,15
511861,1240764172273,1240765668045,0,2034,13,143.76923076923077,0,0,0,510740,2,null
5212,1240765537287,1240765598286,55.699999999999996,1008,2,595,2843,14,10,156489,14,2
524637,1240763318592,1240763918472,0,180,1,180,0,0,0,83320,3,null
52818,1240759911280,1240761325252,0,0,0,0,0,2,0,367452,4,0
53030,1240765160078,0,34.9,585,2,450.5,0,8,5,122907,12,3
533,undefined,0,12.2,0,0,0,0,5,0,20260,undefined,undefined
534632,undefined,0,55.85,0,0,0,0,5,50,445660,undefined,undefined
537491,1240765768825,0,19.400000000000002,935,6,141.5,0,2,0,7314,3,0
541117,1240759862024,1240759952803,0,0,0,0,0,0,0,75123,2,0
545157,1240763652367,1240765308244,0,1040,5,150,0,0,0,398860,2,0
54776,1240764948072,0,326.1000000000001,1666,7,344.85714285714283,1062,32,19,89757,13,2
548201,1240759839544,1240760497115,0,233,2,113,0,1,0,217283,2,null
552949,1240763838929,1240764057144,0,0,0,0,0,0,0,0,1,null
553865,undefined,0,4.7,0,0,0,0,1,1,174528,undefined,undefined
559847,1240763730968,1240764238416,0,279,4,69.75,0,0,0,0,1,null
57393,undefined,0,81.1,0,0,0,0,5,22,159420,undefined,undefined
578,1240760780772,1240761515826,0,1902,4,769.75,166,3,5,12770,11,2
57810,1240760264394,1240761273736,0,1321,6,156.66666666666666,261716,0,0,0,2,0
578918,1240764075209,1240764846989,70,717,5,171.8,0,2,0,179326,3,0
58373,1240761285500,1240762481806,12.2,636,5,139.6,0,2,0,103033,3,0
5842,undefined,0,46.75,0,0,0,0,11,9,344937,undefined,undefined
585199,1240762737900,1240764949725,0,0,0,0,0,1,0,430717,1,1
597005,1240761593549,1240762167100,0,0,0,0,0,2,1,603011,4,0
60542,1240761634880,1240764339187,0,4701,16,367.25,167153,1,0,63964,8,1
607434,1240761946889,1240762059228,0,0,0,0,0,0,0,83320,1,null
60973,undefined,0,21.200000000000003,0,0,0,0,4,0,130627,undefined,undefined
610488,1240765081656,0,0,430,3,83.33333333333333,0,0,0,53030,1,0
612159,undefined,0,12.5,0,0,0,0,2,0,372617,undefined,undefined
624616,1240764960414,0,0,0,0,0,0,1,0,104252,2,0
625910,1240762920287,1240763589574,0,308,2,161,0,0,0,1062,2,null
626711,1240759554267,1240760472879,0,0,0,0,0,1,5,639655,3,null
62700,1240759193350,0,0,0,0,0,0,0,0,126033,4,0
63163,1240764675248,1240765330972,0,104,1,104,0,0,0,60958,1,null
63227,undefined,0,144.5,0,0,0,0,1,0,132646,undefined,undefined
63964,undefined,0,470.1,0,0,0,0,4,1,79181,undefined,undefined
643678,1240763879210,1240764243853,0,0,0,0,0,0,0,0,1,null
66689,undefined,0,37.00000000000001,0,0,0,0,4,5,124585,undefined,undefined
68619,undefined,0,210.14999999999998,0,0,0,0,7,8,12770,undefined,undefined
68793,1240758770530,1240760684860,0,0,0,0,0,0,0,201458,4,0
691188,1240763052610,1240764642047,86.60000000000001,493,5,102,161236,1,2,16825,3,null
694523,1240763777905,1240764453054,0,212,2,98,0,0,0,60973,2,null
695556,1240759097460,1240760532608,0,98,1,68,0,0,0,0,1,null
700481,1240765832547,0,0,0,0,0,0,0,0,0,1,0
70151,1240760291018,1240761981023,44.10000000000001,2068,12,212.33333333333334,0,1,0,797824,3,null
702557,1240764528283,0,0,557,3,185.66666666666666,0,2,0,5212,4,0
70997,1240764634071,1240765104485,15.450000000000001,1001,5,230.8,205535,8,10,397835,7,1
713,undefined,0,288.85,0,0,0,0,9,32,12,undefined,undefined
7314,undefined,0,103.2,0,0,0,0,8,2,5842,undefined,undefined
73148,1240761934135,1240762168248,0,70,1,139,0,0,0,179687,1,0
743066,1240761789385,1240762068773,0,356,1,155,0,0,0,0,1,null
745287,1240759905213,1240760135525,0,87,1,87,0,0,0,0,1,null
753541,1240763508482,1240763518579,0,0,0,0,0,0,0,191984,1,null
755771,1240765220501,0,0,125,1,125,0,0,0,612159,2,0
763115,1240764455451,1240764533114,0,0,0,0,0,0,0,0,1,null
767143,undefined,0,14.8,0,0,0,0,6,2,355917,undefined,undefined
769463,1240762459484,1240763870719,0,425,3,130.33333333333334,0,0,0,430717,3,null
773108,undefined,0,36.300000000000004,0,0,0,0,9,2,510740,undefined,undefined
776785,undefined,0,19.1,0,0,0,0,2,0,96722,undefined,undefined
77910,1240765480913,0,0,178,2,89,0,0,0,0,1,0
79181,undefined,0,235.05,0,0,0,0,2,4,116005,undefined,undefined
79209,1240764894994,0,0,534,3,174.66666666666666,0,0,0,191252,1,0
797824,undefined,0,228.85,0,0,0,0,5,1,82321,undefined,undefined
798148,1240760171375,1240763469360,0,4034,18,164.55555555555554,0,0,0,32314,3,null
79942,1240762129239,1240763443465,0,712,3,233,118605,3,4,198149,4,0
80094,1240762393170,1240764641782,10.3,103,1,125,65812,7,0,70997,4,4
802319,undefined,0,72.60000000000001,0,0,0,0,2,4,773108,undefined,undefined
807506,1240765087417,0,0,873,5,164.8,0,0,0,455721,1,0
810799,1240764620206,1240764929864,0,0,0,0,0,0,0,0,1,null
81899,1240764403087,0,31.799999999999997,726,3,141.33333333333334,0,4,6,802319,6,1
819962,1240762164537,1240763698696,0,1045,7,150.14285714285714,0,0,0,578918,2,null
82057,1240758926201,1240758959879,0,0,0,0,0,0,0,108988,1,0
82321,undefined,0,103.4,0,0,0,0,4,5,57717,undefined,undefined
824974,1240765018979,1240765253848,0,110,1,110,0,0,0,0,1,null
825997,1240760069936,1240760274736,0,0,0,0,0,0,0,0,1,null
83320,undefined,0,18,0,0,0,0,4,0,96838,undefined,undefined
844266,1240759764047,1240759839163,0,0,0,0,0,0,0,0,1,null
84747,1240764589597,1240764881622,140.10000000000002,1401,6,251.5,132052,1,1,68619,4,0
858191,1240764255226,1240764310682,0,0,0,0,0,0,0,0,1,null
858496,1240760618205,1240761201872,0,527,3,175.66666666666666,0,0,0,0,1,null
859282,1240759391996,1240759600796,0,128,1,128,0,0,0,261716,2,null
860453,1240759066700,1240759081247,0,0,0,0,0,0,0,0,1,null
860893,1240759637176,1240760169016,0,0,0,0,0,0,0,0,1,null
861475,1240761790734,1240761820937,0,0,0,0,0,0,0,0,1,null
861768,1240765075808,1240765100311,0,0,0,0,0,0,0,0,1,null
865832,1240759519527,1240760243196,0,389,3,129.66666666666666,0,0,0,0,1,null
866420,1240761308448,1240761540559,0,0,0,0,0,0,0,0,1,null
867115,1240760521930,1240760582462,0,0,0,0,0,0,0,0,1,null
867397,1240762435132,1240762483008,0,0,0,0,0,0,0,0,1,null
870773,1240759028420,1240762181415,0,786,7,95.42857142857143,0,0,0,430891,2,null
871178,1240762319113,1240762498322,0,0,0,0,0,0,0,0,1,null
87198,1240765493033,1240765498804,0,148,1,148,0,2,0,767143,3,2
872616,1240764950427,1240764980048,0,0,0,0,0,0,0,0,1,null
874721,1240758965658,1240759398076,0,0,0,0,0,0,0,0,1,null
876733,1240765263705,0,0,537,3,98.33333333333333,0,0,0,183692,1,0
88368,undefined,0,32.3,0,0,0,0,1,0,161170,undefined,undefined
885368,1240764886310,1240764895149,0,0,0,0,0,0,0,0,1,null
890753,1240759587626,1240759817771,0,0,0,0,0,0,0,0,1,null
893005,1240765462070,1240765548781,0,0,0,0,0,0,0,0,1,null
895671,1240759723079,1240759789219,0,0,0,0,0,0,0,0,1,null
89757,undefined,0,329.65000000000003,0,0,0,0,3,32,20260,undefined,undefined
906596,1240761384035,1240762151650,0,370,3,123.33333333333333,0,0,0,0,1,null
907250,1240760550185,1240761150906,0,114,1,110,0,0,0,415271,1,null
907997,1240763917160,1240763980855,0,0,0,0,0,0,0,145609,1,null
910094,1240759448160,1240759790116,0,111,1,111,0,0,0,0,1,null
910170,1240762571776,1240762891034,0,226,3,64,0,0,0,32314,1,null
910227,1240761331128,1240761527364,0,0,0,0,0,0,0,0,1,null
910781,1240760924099,1240761442370,0,441,2,164.5,0,0,0,70151,1,null
910990,1240759128158,1240759168501,0,0,0,0,0,0,0,0,1,null
911801,1240759370444,1240759608149,0,109,1,109,0,0,0,0,1,null
912679,1240763672630,1240764227298,0,103,1,81,0,0,0,80094,1,null
913031,1240759191314,1240759762671,0,0,0,0,0,0,0,0,1,null
913545,1240762518619,1240762532619,0,0,0,0,0,0,0,0,1,null
913837,1240764895605,1240764926913,0,0,0,0,0,0,0,0,1,null
914350,1240761969354,1240764648372,0,164,2,82,0,0,0,0,1,null
914522,1240761369707,1240761495272,0,0,0,0,0,0,0,0,1,null
914811,1240762047417,1240762112787,0,0,0,0,0,0,0,0,1,null
915472,1240765448933,1240765850066,0,0,0,0,0,0,0,0,1,null
916192,1240764596938,1240764613406,0,0,0,0,0,0,0,0,1,null
917761,1240765378311,1240765813886,0,136,1,118,0,0,0,0,1,null
94204,1240763782898,1240764460448,0,254,2,108,0,0,0,191252,1,0
95813,1240764408702,0,0,1447,8,180.875,0,0,0,54776,3,0
96722,undefined,0,9.55,0,0,0,0,1,2,99126,undefined,undefined
968,undefined,0,13.9,0,0,0,0,4,1,1704,undefined,undefined
96838,undefined,0,9,0,0,0,0,1,4,166371,undefined,undefined
<<<<EndTable

PlayersOnlineNow=27
PlayersOnlineEachMinute=0, 8, 9, 13, 14, 15, 18, 19, 20, 23, 22, 26, 26, 26, 29, 28, 28, 29, 27, 27, 30, 31, 30, 29, 28, 28, 29, 29, 29, 29, 30, 31, 28, 26, 25, 26, 25, 26, 27, 26, 27, 28, 25, 27, 26, 28, 26, 22, 26, 27, 29, 29, 31, 30, 31, 31, 27, 26, 23, 22, 23, 23, 23, 23, 21, 23, 24, 25, 24, 26, 26, 25, 24, 26, 26, 26, 26, 27, 28, 28, 27, 27, 24, 25, 30, 32, 32, 31, 30, 27, 29, 31, 27, 25, 27, 29, 29, 29, 29, 25, 26, 27, 28, 29, 26, 24, 27, 24, 24, 23, 24, 25, 25, 30, 28, 29, 28, 27, 29, 28
PlayersInEachFeedingGame=2, 2, 3, 1, 1, 2, 1, 1, 1, 1, 1, 1, 1, 2, 1, 3, 2, 1, 1, 2, 1, 2, 2, 2, 2, 2, 1, 2, 1, 2, 1, 2, 1, 2, 2, 1, 1, 1, 2, 2, 1, 1, 2, 2, 2, 1, 1, 2, 1, 1, 1, 2, 2, 1, 1, 1, 1, 1, 1, 2, 2, 1, 1, 1, 1, 2, 2, 2, 1, 1, 2, 2, 1, 1, 2, 2, 1, 1, 2, 1, 1, 1, 2, 2, 1, 1, 2, 1, 1, 2, 1, 2, 1, 1, 1, 2, 2, 2, 1, 1, 1, 2, 1, 1, 1, 2, 1, 3, 2, 2, 1, 2, 2, 2, 2, 1, 2, 2, 2, 1, 2, 1, 1, 2, 1, 2, 2, 1, 2, 2, 2, 2, 2, 2, 1, 1, 1, 2, 2, 2, 2, 3, 1, 2, 2, 2, 2, 2, 2, 1, 2, 2, 1, 1, 1, 1, 1, 1, 2, 1, 2, 1, 2, 1, 1, 2, 1, 2, 2, 1, 2, 2, 1, 2, 2, 1, 2, 1, 2, 2, 1, 2, 1, 2, 2, 1, 1
PlayersStarted=319
PlayersQuit=292
StatsStartTime=1240758720559
StatsDumpTime=1240765920975
<<<<EndStats
2009-04-26 10:12:02,225 ERROR: vampire.server.feeding.FeedingRecord sendPlayerStartGameMsg [playerId=143836, prey=false, _predatorIndex=]
2009-04-26 10:12:11,599 ERROR: vampire.server.feeding.FeedingRecord sendPlayerStartGameMsg [playerId=455721, prey=true, _predatorIndex=]
2009-04-26 10:12:11,600 ERROR: vampire.server.feeding.FeedingRecord sendPlayerStartGameMsg [playerId=700481, prey=false, _predatorIndex=]
2009-04-26 10:12:32,801 ERROR: vampire.server.feeding.FeedingRecord sendPlayerStartGameMsg [playerId=755771, prey=true, _predatorIndex=]
2009-04-26 10:12:32,801 ERROR: vampire.server.feeding.FeedingRecord sendPlayerStartGameMsg [playerId=610488, prey=false, _predatorIndex=]
2009-04-26 10:12:35,987 ERROR: vampire.server.feeding.FeedingRecord sendPlayerStartGameMsg [playerId=246048, prey=true, _predatorIndex=]
2009-04-26 10:12:35,988 ERROR: vampire.server.feeding.FeedingRecord sendPlayerStartGameMsg [playerId=191252, prey=false, _predatorIndex=]
2009-04-26 10:12:40,565 ERROR: vampire.server.feeding.FeedingRecord sendPlayerStartGameMsg [playerId=807506, prey=false, _predatorIndex=]
2009-04-26 10:12:57,350 ERROR: vampire.server.feeding.FeedingRecord sendPlayerStartGameMsg [playerId=537491, prey=false, _predatorIndex=191252]
2009-04-26 10:14:06,041 ERROR: vampire.server.feeding.FeedingRecord sendPlayerStartGameMsg [playerId=77910, prey=false, _predatorIndex=]
2009-04-26 10:14:38,751 ERROR: vampire.server.feeding.FeedingRecord sendPlayerStartGameMsg [playerId=54776, prey=true, _predatorIndex=]
2009-04-26 10:14:38,752 ERROR: vampire.server.feeding.FeedingRecord sendPlayerStartGameMsg [playerId=537491, prey=false, _predatorIndex=]
2009-04-26 10:16:03,344 ERROR: vampire.server.feeding.FeedingRecord sendPlayerStartGameMsg [playerId=156489, prey=true, _predatorIndex=]
2009-04-26 10:16:03,345 ERROR: vampire.server.feeding.FeedingRecord sendPlayerStartGameMsg [playerId=191252, prey=false, _predatorIndex=]
2009-04-26 10:16:23,693 ERROR: vampire.server.feeding.FeedingRecord sendPlayerStartGameMsg [playerId=3200, prey=true, _predatorIndex=]
2009-04-26 10:16:23,694 ERROR: vampire.server.feeding.FeedingRecord sendPlayerStartGameMsg [playerId=1062, prey=false, _predatorIndex=]
2009-04-26 10:16:34,075 ERROR: vampire.server.feeding.LogicFeeding handleFeedRequestMessage [player=Player [playerId=246048, name=Jannele, roomId=null, xp=3158, level=3, bloodbond=0, sire=33683, progeny=], e=FeedRequestMsg: player=246048, targetPlayerId=76642]
2009-04-26 10:17:31,438 ERROR: vampire.server.feeding.FeedingRecord sendPlayerStartGameMsg [playerId=143309, prey=true, _predatorIndex=]
2009-04-26 10:17:31,439 ERROR: vampire.server.feeding.FeedingRecord sendPlayerStartGameMsg [playerId=537491, prey=false, _predatorIndex=]
2009-04-26 10:17:43,287 ERROR: vampire.server.feeding.FeedingRecord sendPlayerStartGameMsg [playerId=110056, prey=false, _predatorIndex=]
2009-04-26 10:17:55,060 ERROR: vampire.server.feeding.FeedingRecord sendPlayerStartGameMsg [playerId=755771, prey=false, _predatorIndex=]
2009-04-26 10:19:03,369 ERROR: vampire.server.feeding.FeedingRecord sendPlayerStartGameMsg [playerId=156489, prey=false, _predatorIndex=1062]
2009-04-26 10:19:24,465 ERROR: vampire.server.feeding.FeedingRecord sendPlayerStartGameMsg [playerId=802319, prey=false, _predatorIndex=110056]
2009-04-26 10:19:30,093 ERROR: vampire.server.feeding.FeedingRecord sendPlayerStartGameMsg [playerId=455721, prey=true, _predatorIndex=]
2009-04-26 10:19:30,094 ERROR: vampire.server.feeding.FeedingRecord sendPlayerStartGameMsg [playerId=807506, prey=false, _predatorIndex=]
2009-04-26 10:19:31,272 ERROR: vampire.server.feeding.FeedingRecord sendPlayerStartGameMsg [playerId=685965, prey=false, _predatorIndex=]
2009-04-26 10:19:57,708 ERROR: vampire.server.feeding.FeedingRecord sendPlayerStartGameMsg [playerId=156489, prey=true, _predatorIndex=]
2009-04-26 10:19:57,709 ERROR: vampire.server.feeding.FeedingRecord sendPlayerStartGameMsg [playerId=141461, prey=false, _predatorIndex=]
2009-04-26 10:19:58,611 ERROR: vampire.server.feeding.FeedingRecord sendPlayerStartGameMsg [playerId=876733, prey=false, _predatorIndex=141461]
2009-04-26 10:20:10,703 ERROR: vampire.server.feeding.FeedingRecord sendPlayerStartGameMsg [playerId=755771, prey=false, _predatorIndex=141461,876733]
2009-04-26 10:20:53,017 ERROR: vampire.server.feeding.FeedingRecord sendPlayerStartGameMsg [playerId=755771, prey=false, _predatorIndex=]
2009-04-26 10:21:32,975 ERROR: vampire.server.feeding.FeedingRecord sendPlayerStartGameMsg [playerId=6814, prey=false, _predatorIndex=110056,802319]

>>>>BeginStats

>>>>BeginTable
PlayerId, StartTime, EndTime, ProgenyPayout, XPFromFeeding, FeedingGames, MeanFeedingScore, BloodBond, Progeny, GrandProgeny, Sire, Level, Invites
100661,1240761171042,1240761241962,0,0,0,0,0,0,0,0,1,null
102824,1240766343793,0,0,0,0,0,0,0,0,179509,1,0
103033,undefined,0,69.7,0,0,0,0,5,2,81899,undefined,undefined
1043,1240766036883,0,0,5422,9,617.4444444444445,16444,2,0,12,12,3
1062,1240764155223,1240766466814,104.60000000000001,2230,7,494.7142857142857,54776,8,5,713,14,2
10642,1240766430608,0,0,0,0,0,447249,22,27,351598,13,2
108279,1240764755020,1240764935008,0,0,0,0,170046,2,1,172623,4,1
109686,1240761280968,1240761854256,0,191,1,114,0,0,0,168473,1,null
110056,1240766253997,1240766427663,0,738,3,93.33333333333333,0,0,0,1062,1,null
110090,1240760268206,1240760305353,0,0,0,0,0,0,0,0,1,null
1101,1240762152417,1240762756184,0,1482,4,219.75,0,2,11,239981,6,1
111249,undefined,0,39.300000000000004,0,0,0,0,2,8,188370,undefined,undefined
113203,undefined,0,9.4,0,0,0,0,1,0,553865,undefined,undefined
116395,1240765342027,1240765958941,0,94,1,94,0,0,0,113203,2,null
12,undefined,0,2252.1500000000005,0,0,0,0,19,59,383387,undefined,undefined
122194,undefined,0,22.400000000000002,0,0,0,0,1,10,170316,undefined,undefined
122907,undefined,0,82,0,0,0,0,6,8,251062,undefined,undefined
123249,1240760271927,1240760520861,0,223,1,298,0,0,0,204777,7,2
124226,1240758914621,1240759458255,0,159,1,159,0,0,0,5212,3,null
124585,undefined,0,15.650000000000002,0,0,0,0,1,4,143278,undefined,undefined
1265,1240761909711,1240764055525,74,2450,5,774.2,713,9,17,12,15,3
12770,undefined,0,276.15000000000003,0,0,0,0,20,21,383387,undefined,undefined
12791,undefined,0,888.2999999999998,0,0,0,0,9,5,12,undefined,undefined
128013,1240760892831,1240761416216,0,0,0,0,0,3,2,254152,4,1
128741,1240759468042,1240760337218,0,679,3,185.66666666666666,0,0,0,0,1,null
129057,1240763491783,1240765133458,0,393,3,124,0,0,0,217283,2,0
130627,undefined,0,10.600000000000001,0,0,0,0,8,9,85079,undefined,undefined
131355,1240765791225,0,0,278,1,278,0,1,2,461901,4,0
132052,1240763241026,1240765014798,0,1401,6,214.83333333333334,84747,1,0,84747,5,1
132646,undefined,0,72.25,0,0,0,0,1,1,202501,undefined,undefined
135112,1240759123457,1240759191225,0,0,0,0,0,0,0,0,1,null
140094,1240760486513,1240760545010,10.150000000000002,0,0,0,0,2,4,153510,4,0
141461,1240766376312,0,0,0,0,0,0,1,0,468188,4,0
143309,1240766196471,1240766465984,0,964,4,134.75,0,0,0,1265,3,0
143718,1240762570607,1240763000427,0,111,1,92,0,0,0,0,1,null
143836,1240765655296,1240766199199,0,195,2,97.5,0,0,0,0,1,null
144606,undefined,0,8.25,0,0,0,0,2,4,141785,undefined,undefined
151709,1240762799641,0,0,672,6,103.16666666666667,475837,2,1,510740,3,0
1531,1240759442991,1240761422342,0,8509,14,650.7142857142857,503,3,13,12,13,3
154004,1240762422769,1240762540436,0,0,0,0,561706,6,0,90041,4,0
156489,1240766125570,0,128.65,428,2,256.5,154238,12,19,713,5,1
159420,undefined,0,24.9,0,0,0,0,1,5,206649,undefined,undefined
160138,undefined,0,32.25,0,0,0,0,6,5,150469,undefined,undefined
161170,undefined,0,16.15,0,0,0,0,1,1,192544,undefined,undefined
163614,1240759426363,1240760133681,0,162,2,128,0,0,0,170336,4,0
163730,1240765595828,1240766418934,0,0,0,0,0,0,0,387494,2,0
166269,1240759166920,1240759180835,0,0,0,0,0,0,0,19205,4,0
167134,undefined,0,203.65,0,0,0,0,1,4,176511,undefined,undefined
168217,1240760787762,1240761100660,0,225,2,112.5,0,0,0,250107,2,0
16825,1240759863889,1240760723330,49.3,199,1,238,0,13,6,4139,5,1
168395,1240765121525,1240765207900,0,0,0,0,0,0,0,0,1,null
168473,1240761890465,1240761926652,18.2,0,0,0,772383,9,0,180508,6,7
169621,1240764123279,1240764140785,0,0,0,0,0,0,0,0,1,null
170191,1240763952630,1240765715367,139.3,2126,6,425.1666666666667,0,2,6,202873,9,1
170316,undefined,0,11.200000000000001,0,0,0,0,3,1,210210,undefined,undefined
170621,1240759419435,1240759810379,0,194,2,64,0,0,0,537491,1,null
171151,1240758763192,1240759017997,21.200000000000003,156,1,264,77,29,14,21067,13,3
171513,1240763943017,1240763951130,0,1393,5,262.2,0,6,6,170191,10,2
175591,undefined,0,173.20000000000002,0,0,0,0,2,1,691188,undefined,undefined
176478,undefined,0,16.5,0,0,0,0,4,1,144606,undefined,undefined
176511,undefined,0,62.75000000000001,0,0,0,0,2,1,154346,undefined,undefined
178620,undefined,0,7.7,0,0,0,0,1,1,238093,undefined,undefined
179326,undefined,0,133.55,0,0,0,0,2,3,185581,undefined,undefined
179423,1240766417322,0,0,0,0,0,134168,0,0,5212,3,0
179435,1240760489075,1240761841842,0,190,1,185,0,0,0,0,1,null
179687,undefined,0,7,0,0,0,0,3,0,24525,undefined,undefined
180508,undefined,0,9.1,0,0,0,0,1,9,12791,undefined,undefined
181264,undefined,0,138.5,0,0,0,0,2,1,3812,undefined,undefined
181512,1240759650402,1240759657640,0,0,0,0,0,0,0,179509,1,null
183692,undefined,0,53.699999999999996,0,0,0,0,1,0,179326,undefined,undefined
185434,1240761569319,1240762304842,0,296,2,192.5,0,0,0,0,1,null
185581,undefined,0,35.85,0,0,0,0,2,2,209656,undefined,undefined
188623,undefined,0,11.15,0,0,0,0,4,1,24525,undefined,undefined
189866,1240758751135,1240759545182,0,212,2,52,0,0,0,171151,1,null
191252,1240763933396,1240766334478,87.7,1938,10,210.6,0,2,0,227147,5,1
191984,1240766512677,0,0,0,0,0,191950,13,4,142178,8,5
192883,1240765833267,1240765846118,0,0,0,0,0,8,2,210210,7,5
193558,undefined,0,11.25,0,0,0,0,1,5,258951,undefined,undefined
195722,1240759809493,1240760521954,0,336,2,168,37528,1,0,208602,6,1
196434,1240759011321,1240759036706,0,0,0,0,0,0,0,0,1,null
196543,1240766296094,0,0,574,4,97.25,0,0,0,32314,3,0
198149,undefined,0,71.2,0,0,0,0,1,3,380604,undefined,undefined
199166,1240763749747,1240764267447,0,1732,11,151.1818181818182,0,0,0,175591,2,null
20260,1240761295709,0,98.2,0,0,0,17790,15,35,12,16,13
202873,undefined,0,282.25,0,0,0,0,1,2,341164,undefined,undefined
202994,1240762860461,1240762925253,0,0,0,0,0,0,0,210162,1,0
204777,undefined,0,22.3,0,0,0,0,1,0,188623,undefined,undefined
205100,1240763437891,1240763495546,0,0,0,0,0,0,0,133118,2,null
205535,1240759075524,1240760659395,0,0,0,0,70997,1,0,95479,6,2
208602,undefined,0,33.6,0,0,0,0,5,1,351626,undefined,undefined
209944,undefined,0,74.1,0,0,0,0,1,1,209656,undefined,undefined
210163,1240762301383,1240762770440,0,252,2,94.5,718536,6,0,255725,5,3
21067,undefined,0,26.200000000000003,0,0,0,0,2,29,302907,undefined,undefined
21506,1240761591987,1240762132884,0,389,1,465,751256,1,0,3200,4,1
215585,1240763494674,1240763502358,0,0,0,0,0,0,0,0,1,null
217283,1240758720759,1240760140056,62.60000000000001,498,3,191,101306,19,13,57393,10,3
223864,undefined,0,83.95,0,0,0,0,5,16,160138,undefined,undefined
226564,1240760377874,1240760682372,0,216,3,72,0,0,0,0,1,null
227147,undefined,0,237.65000000000003,0,0,0,0,1,2,238782,undefined,undefined
22976,1240766209153,1240766222766,0,0,0,0,0,0,0,21751,2,0
23340,undefined,0,49.50000000000001,0,0,0,0,6,4,383387,undefined,undefined
238782,undefined,0,96.9,0,0,0,0,2,1,180951,undefined,undefined
239981,undefined,0,148.2,0,0,0,0,1,2,209944,undefined,undefined
24525,undefined,0,3.5,0,0,0,0,5,7,316097,undefined,undefined
246048,1240765828812,1240766239980,0,154,1,103,0,0,0,33683,3,1
250107,undefined,0,22.5,0,0,0,0,5,0,193558,undefined,undefined
251062,undefined,0,29.25,0,0,0,0,6,15,296361,undefined,undefined
254494,1240763750574,1240764201624,0,182,1,143,0,0,0,168473,1,null
255725,undefined,0,25.200000000000003,0,0,0,0,1,6,309124,undefined,undefined
256746,undefined,0,114.25000000000001,0,0,0,0,5,28,61984,undefined,undefined
261716,1240759812669,1240762074189,12.8,1321,6,283,57810,1,0,181264,4,0
264109,1240759156796,1240760035433,0,122,2,60.5,0,0,0,533,3,null
277178,1240758728009,1240758756070,0,0,0,0,0,0,0,0,1,null
280634,undefined,0,4.5,0,0,0,0,5,2,280346,undefined,undefined
300492,1240760519738,1240762176980,0,122,2,62.5,0,0,0,58373,1,null
30158,undefined,0,9,0,0,0,0,2,0,280634,undefined,undefined
302907,undefined,0,7.800000000000001,0,0,0,0,2,2,283855,undefined,undefined
308635,1240762456115,1240763020443,0,224,1,582,199696,10,2,122194,7,6
309124,undefined,0,12.600000000000001,0,0,0,0,1,1,20106,undefined,undefined
3200,1240766078726,1240766388180,38.900000000000006,645,1,421,71724,16,4,223864,12,2
32314,1240761870187,1240762033731,483.4000000000001,990,4,297.5,20731,10,2,40508,12,2
33683,undefined,0,15.4,0,0,0,0,1,0,178620,undefined,undefined
3383,1240763711299,1240764252037,0,8883,15,482.2,968,4,9,12791,13,2
341047,1240759239591,1240759991197,0,0,0,0,0,1,0,0,4,5
341164,undefined,0,106.30000000000001,0,0,0,0,1,1,57393,undefined,undefined
349835,undefined,0,72.30000000000001,0,0,0,0,4,1,140094,undefined,undefined
351626,undefined,0,16.8,0,0,0,0,6,9,183403,undefined,undefined
355917,undefined,0,7.4,0,0,0,0,6,6,107,undefined,undefined
359407,1240763185779,1240763239561,0,0,0,0,0,0,0,0,1,null
36411,1240759557513,1240759671215,0,0,0,0,0,0,0,269080,1,null
370766,1240765459134,1240765555866,0,0,0,0,0,0,0,0,1,null
372617,undefined,0,12.3,0,0,0,0,2,2,36432,undefined,undefined
380604,undefined,0,35.6,0,0,0,0,4,3,375444,undefined,undefined
3812,undefined,0,66.05,0,0,0,0,1,2,65584,undefined,undefined
383071,1240766376287,1240766381085,0,0,0,0,0,0,0,475692,1,null
383387,undefined,0,922.1,0,0,0,0,3,45,0,undefined,undefined
393018,1240765215259,1240765235354,0,0,0,0,0,0,0,128057,2,0
397835,undefined,0,105.25,0,0,0,0,5,8,47379,undefined,undefined
398860,1240763392728,1240764195006,104,203,2,95.5,0,1,0,349835,2,2
403403,1240764772994,1240765902409,0,1445,4,370.75,0,0,0,63227,4,0
40508,undefined,0,340.6999999999998,0,0,0,0,4,10,23340,undefined,undefined
4139,undefined,0,44.55000000000001,0,0,0,0,11,13,713,undefined,undefined
415271,1240760171302,1240760822089,11.4,313,2,138,0,5,0,66689,4,0
42102,1240762236812,1240762249696,0,0,0,0,0,0,0,355917,2,0
421152,1240760055441,1240761910990,0,323,2,179.5,0,0,0,88368,2,0
430717,undefined,0,247.50000000000003,0,0,0,0,28,2,256746,undefined,undefined
430891,undefined,0,78.60000000000001,0,0,0,0,8,0,111249,undefined,undefined
448870,1240764637725,1240765214496,0,380,2,190,0,0,0,505644,1,null
455351,1240761125407,1240761357686,0,165,1,165,0,1,1,176478,3,0
455721,1240764903537,0,156.3,1255,5,332.6,0,4,0,167134,4,0
460471,1240765958876,1240766040888,0,0,0,0,0,0,0,137127,3,0
461901,undefined,0,27.8,0,0,0,0,1,1,968,undefined,undefined
47379,1240761536217,1240762423682,50.05,1814,8,200.875,0,3,5,54776,4,0
475837,1240762057318,0,0,1860,15,111.33333333333333,151709,0,0,430717,3,0
505644,undefined,0,38,0,0,0,0,1,0,430717,undefined,undefined
510740,1240765292611,1240765945244,119.10000000000001,0,0,0,230164,50,37,534632,16,15
511861,1240764172273,1240765668045,0,2034,13,143.76923076923077,0,0,0,510740,2,null
5212,1240765537287,1240765598286,55.699999999999996,1008,2,595,2843,14,10,156489,14,2
524637,1240763318592,1240763918472,0,180,1,180,0,0,0,83320,3,null
52818,1240759911280,1240761325252,0,0,0,0,0,2,0,367452,4,0
53030,1240765160078,1240765967821,47,585,2,450.5,0,8,5,122907,12,3
533,undefined,0,12.2,0,0,0,0,5,0,20260,undefined,undefined
534632,undefined,0,55.85,0,0,0,0,5,50,445660,undefined,undefined
537491,1240765768825,0,19.400000000000002,1303,8,152.375,0,2,0,7314,3,0
541117,1240759862024,1240759952803,0,0,0,0,0,0,0,75123,2,0
545157,1240763652367,1240765308244,0,1040,5,150,0,0,0,398860,2,0
54776,1240766010986,0,353.80000000000007,1842,8,330.375,1062,32,19,89757,13,2
548201,1240759839544,1240760497115,0,233,2,113,0,1,0,217283,2,null
552949,1240763838929,1240764057144,0,0,0,0,0,0,0,0,1,null
553865,undefined,0,4.7,0,0,0,0,1,1,174528,undefined,undefined
559847,1240763730968,1240764238416,0,279,4,69.75,0,0,0,0,1,null
57393,undefined,0,81.1,0,0,0,0,5,22,159420,undefined,undefined
578,1240760780772,1240761515826,0,1902,4,769.75,166,3,5,12770,11,2
57810,1240760264394,1240761273736,0,1321,6,156.66666666666666,261716,0,0,0,2,0
578918,1240764075209,1240764846989,70,717,5,171.8,0,2,0,179326,3,0
58373,1240761285500,1240762481806,12.2,636,5,139.6,0,2,0,103033,3,0
5842,undefined,0,65.15,0,0,0,0,11,9,344937,undefined,undefined
585199,1240762737900,1240764949725,0,0,0,0,0,1,0,430717,1,1
597005,1240761593549,1240762167100,0,0,0,0,0,2,1,603011,4,0
60542,1240761634880,1240764339187,0,4701,16,367.25,167153,1,0,63964,8,1
607434,1240761946889,1240762059228,0,0,0,0,0,0,0,83320,1,null
60973,undefined,0,21.200000000000003,0,0,0,0,4,0,130627,undefined,undefined
610488,1240765081656,1240766296691,0,551,4,86.75,0,0,0,53030,1,null
612159,undefined,0,24.6,0,0,0,0,2,0,372617,undefined,undefined
624616,1240764960414,1240766376764,0,0,0,0,0,1,0,104252,2,null
625910,1240762920287,1240763589574,0,308,2,161,0,0,0,1062,2,null
626711,1240759554267,1240760472879,0,0,0,0,0,1,5,639655,3,null
62700,1240759193350,0,0,0,0,0,0,0,0,126033,4,0
63163,1240764675248,1240765330972,0,104,1,104,0,0,0,60958,1,null
63227,undefined,0,144.5,0,0,0,0,1,0,132646,undefined,undefined
63964,undefined,0,470.1,0,0,0,0,4,2,79181,undefined,undefined
643678,1240763879210,1240764243853,0,0,0,0,0,0,0,0,1,null
66689,undefined,0,37.00000000000001,0,0,0,0,4,5,124585,undefined,undefined
6814,1240766420419,0,0,0,0,0,0,0,0,0,1,0
685965,1240766299025,0,0,90,1,90,0,0,0,30158,1,0
68619,undefined,0,210.14999999999998,0,0,0,0,7,8,12770,undefined,undefined
68793,1240758770530,1240760684860,0,0,0,0,0,0,0,201458,4,0
691188,1240763052610,1240764642047,86.60000000000001,493,5,102,161236,1,2,16825,3,null
694523,1240763777905,1240764453054,0,212,2,98,0,0,0,60973,2,null
695556,1240759097460,1240760532608,0,98,1,68,0,0,0,0,1,null
700481,1240765832547,1240766205286,0,237,1,121,0,0,0,455721,1,null
70151,1240760291018,1240761981023,44.10000000000001,2068,12,212.33333333333334,0,1,0,797824,3,null
702557,1240764528283,1240766004490,0,557,3,185.66666666666666,0,2,0,5212,4,null
70997,1240764634071,1240765104485,15.450000000000001,1001,5,230.8,205535,8,10,397835,7,1
713,undefined,0,378.45000000000005,0,0,0,0,9,32,12,undefined,undefined
7314,undefined,0,140,0,0,0,0,8,2,5842,undefined,undefined
73148,1240761934135,1240762168248,0,70,1,139,0,0,0,179687,1,0
743066,1240761789385,1240762068773,0,356,1,155,0,0,0,0,1,null
745287,1240759905213,1240760135525,0,87,1,87,0,0,0,0,1,null
753541,1240763508482,1240763518579,0,0,0,0,0,0,0,191984,1,null
755771,1240765220501,0,0,246,2,134.5,0,0,0,612159,2,0
763115,1240764455451,1240764533114,0,0,0,0,0,0,0,0,1,null
763835,1240766248738,0,0,0,0,0,0,0,0,0,1,0
767143,1240766277073,0,14.8,0,0,0,103033,6,2,355917,7,1
769463,1240762459484,1240763870719,0,425,3,130.33333333333334,0,0,0,430717,3,null
773108,undefined,0,51.10000000000001,0,0,0,0,9,2,510740,undefined,undefined
776785,undefined,0,19.1,0,0,0,0,2,0,96722,undefined,undefined
77910,1240765480913,1240766218305,0,353,4,88.25,0,0,0,0,1,null
79181,undefined,0,235.05,0,0,0,0,2,4,116005,undefined,undefined
79209,1240764894994,1240766077455,0,757,4,175.25,0,0,0,191252,1,null
797824,undefined,0,228.85,0,0,0,0,5,1,82321,undefined,undefined
798148,1240760171375,1240763469360,0,4034,18,164.55555555555554,0,0,0,32314,3,null
79942,1240762129239,1240763443465,0,712,3,233,118605,3,4,198149,4,0
80094,1240762393170,1240764641782,10.3,103,1,125,65812,7,0,70997,4,4
802319,1240766091018,0,72.60000000000001,148,1,296,0,2,4,773108,3,0
807506,1240766360663,0,0,1326,7,181.71428571428572,0,0,0,455721,2,0
810799,1240764620206,1240764929864,0,0,0,0,0,0,0,0,1,null
81899,1240764403087,1240766023921,31.799999999999997,726,3,141.33333333333334,0,4,6,802319,6,1
819962,1240762164537,1240763698696,0,1045,7,150.14285714285714,0,0,0,578918,2,null
82057,1240758926201,1240758959879,0,0,0,0,0,0,0,108988,1,0
82321,undefined,0,103.4,0,0,0,0,4,5,57717,undefined,undefined
824974,1240765018979,1240765253848,0,110,1,110,0,0,0,0,1,null
825997,1240760069936,1240760274736,0,0,0,0,0,0,0,0,1,null
83320,undefined,0,18,0,0,0,0,4,0,96838,undefined,undefined
844266,1240759764047,1240759839163,0,0,0,0,0,0,0,0,1,null
84747,1240764589597,1240764881622,140.10000000000002,1401,6,251.5,132052,1,1,68619,4,0
849967,1240766477405,0,0,0,0,0,0,0,0,0,1,0
850678,1240766497604,0,0,0,0,0,0,0,0,0,1,0
858191,1240764255226,1240764310682,0,0,0,0,0,0,0,0,1,null
858496,1240760618205,1240761201872,0,527,3,175.66666666666666,0,0,0,0,1,null
859282,1240759391996,1240759600796,0,128,1,128,0,0,0,261716,2,null
860453,1240759066700,1240759081247,0,0,0,0,0,0,0,0,1,null
860893,1240759637176,1240760169016,0,0,0,0,0,0,0,0,1,null
861475,1240761790734,1240761820937,0,0,0,0,0,0,0,0,1,null
861768,1240765075808,1240765100311,0,0,0,0,0,0,0,0,1,null
865832,1240759519527,1240760243196,0,389,3,129.66666666666666,0,0,0,0,1,null
866420,1240761308448,1240761540559,0,0,0,0,0,0,0,0,1,null
867115,1240760521930,1240760582462,0,0,0,0,0,0,0,0,1,null
867397,1240762435132,1240762483008,0,0,0,0,0,0,0,0,1,null
870594,1240766031858,1240766081330,0,0,0,0,0,0,0,0,1,null
870773,1240759028420,1240762181415,0,786,7,95.42857142857143,0,0,0,430891,2,null
871178,1240762319113,1240762498322,0,0,0,0,0,0,0,0,1,null
87198,1240766518034,0,0,148,1,148,0,2,0,767143,3,2
872616,1240764950427,1240764980048,0,0,0,0,0,0,0,0,1,null
874721,1240758965658,1240759398076,0,0,0,0,0,0,0,0,1,null
876733,1240766375709,0,0,537,3,98.33333333333333,0,0,0,183692,1,0
88368,undefined,0,32.3,0,0,0,0,1,0,161170,undefined,undefined
885368,1240764886310,1240764895149,0,0,0,0,0,0,0,0,1,null
890753,1240759587626,1240759817771,0,0,0,0,0,0,0,0,1,null
893005,1240765462070,1240765548781,0,0,0,0,0,0,0,0,1,null
895671,1240759723079,1240759789219,0,0,0,0,0,0,0,0,1,null
89757,undefined,0,361.1000000000001,0,0,0,0,3,32,20260,undefined,undefined
906596,1240761384035,1240762151650,0,370,3,123.33333333333333,0,0,0,0,1,null
907250,1240760550185,1240761150906,0,114,1,110,0,0,0,415271,1,null
907997,1240763917160,1240763980855,0,0,0,0,0,0,0,145609,1,null
910094,1240759448160,1240759790116,0,111,1,111,0,0,0,0,1,null
910170,1240762571776,1240762891034,0,226,3,64,0,0,0,32314,1,null
910227,1240761331128,1240761527364,0,0,0,0,0,0,0,0,1,null
910781,1240760924099,1240761442370,0,441,2,164.5,0,0,0,70151,1,null
910990,1240759128158,1240759168501,0,0,0,0,0,0,0,0,1,null
911801,1240759370444,1240759608149,0,109,1,109,0,0,0,0,1,null
912679,1240763672630,1240764227298,0,103,1,81,0,0,0,80094,1,null
913031,1240759191314,1240759762671,0,0,0,0,0,0,0,0,1,null
913545,1240762518619,1240762532619,0,0,0,0,0,0,0,0,1,null
913837,1240764895605,1240764926913,0,0,0,0,0,0,0,0,1,null
914350,1240761969354,1240764648372,0,164,2,82,0,0,0,0,1,null
914522,1240761369707,1240761495272,0,0,0,0,0,0,0,0,1,null
914811,1240762047417,1240762112787,0,0,0,0,0,0,0,0,1,null
915472,1240765448933,1240765850066,0,0,0,0,0,0,0,0,1,null
916192,1240764596938,1240764613406,0,0,0,0,0,0,0,0,1,null
917761,1240765378311,1240765813886,0,136,1,118,0,0,0,0,1,null
94204,1240763782898,1240764460448,0,254,2,108,0,0,0,191252,1,0
95813,1240764408702,1240766494308,0,1724,9,191.55555555555554,0,0,0,54776,4,null
96722,undefined,0,9.55,0,0,0,0,1,2,99126,undefined,undefined
968,undefined,0,13.9,0,0,0,0,4,1,1704,undefined,undefined
96838,undefined,0,9,0,0,0,0,1,4,166371,undefined,undefined
<<<<EndTable

PlayersOnlineNow=27
PlayersOnlineEachMinute=0, 8, 9, 13, 14, 15, 18, 19, 20, 23, 22, 26, 26, 26, 29, 28, 28, 29, 27, 27, 30, 31, 30, 29, 28, 28, 29, 29, 29, 29, 30, 31, 28, 26, 25, 26, 25, 26, 27, 26, 27, 28, 25, 27, 26, 28, 26, 22, 26, 27, 29, 29, 31, 30, 31, 31, 27, 26, 23, 22, 23, 23, 23, 23, 21, 23, 24, 25, 24, 26, 26, 25, 24, 26, 26, 26, 26, 27, 28, 28, 27, 27, 24, 25, 30, 32, 32, 31, 30, 27, 29, 31, 27, 25, 27, 29, 29, 29, 29, 25, 26, 27, 28, 29, 26, 24, 27, 24, 24, 23, 24, 25, 25, 30, 28, 29, 28, 27, 29, 28, 27, 25, 24, 25, 24, 22, 24, 25, 27, 27
PlayersInEachFeedingGame=2, 2, 3, 1, 1, 2, 1, 1, 1, 1, 1, 1, 1, 2, 1, 3, 2, 1, 1, 2, 1, 2, 2, 2, 2, 2, 1, 2, 1, 2, 1, 2, 1, 2, 2, 1, 1, 1, 2, 2, 1, 1, 2, 2, 2, 1, 1, 2, 1, 1, 1, 2, 2, 1, 1, 1, 1, 1, 1, 2, 2, 1, 1, 1, 1, 2, 2, 2, 1, 1, 2, 2, 1, 1, 2, 2, 1, 1, 2, 1, 1, 1, 2, 2, 1, 1, 2, 1, 1, 2, 1, 2, 1, 1, 1, 2, 2, 2, 1, 1, 1, 2, 1, 1, 1, 2, 1, 3, 2, 2, 1, 2, 2, 2, 2, 1, 2, 2, 2, 1, 2, 1, 1, 2, 1, 2, 2, 1, 2, 2, 2, 2, 2, 2, 1, 1, 1, 2, 2, 2, 2, 3, 1, 2, 2, 2, 2, 2, 2, 1, 2, 2, 1, 1, 1, 1, 1, 1, 2, 1, 2, 1, 2, 1, 1, 2, 1, 2, 2, 1, 2, 2, 1, 2, 2, 1, 2, 1, 2, 2, 1, 2, 1, 2, 2, 1, 1, 1, 2, 2, 2, 1, 1, 2, 2, 2, 2, 1, 2, 1, 3, 1
PlayersStarted=353
PlayersQuit=326
StatsStartTime=1240758720559
StatsDumpTime=1240766521011
<<<<EndStats
2009-04-26 10:22:20,242 ERROR: vampire.server.feeding.FeedingRecord sendPlayerStartGameMsg [playerId=850678, prey=false, _predatorIndex=141461,876733,755771]
2009-04-26 10:22:36,992 ERROR: vampire.server.feeding.FeedingRecord sendPlayerStartGameMsg [playerId=191984, prey=false, _predatorIndex=110056,802319,6814]
2009-04-26 10:23:18,288 ERROR: vampire.server.feeding.LogicFeeding handleFeedRequestMessage [player=Player [playerId=807506, name=W!ll, roomId=null, xp=1326, level=2, bloodbond=0, sire=455721, progeny=], e=FeedRequestMsg: player=807506, targetPlayerId=505544]
2009-04-26 10:23:26,081 ERROR: vampire.server.feeding.FeedingRecord sendPlayerStartGameMsg [playerId=455721, prey=true, _predatorIndex=]
2009-04-26 10:23:26,082 ERROR: vampire.server.feeding.FeedingRecord sendPlayerStartGameMsg [playerId=191984, prey=false, _predatorIndex=]
2009-04-26 10:23:34,686 ERROR: vampire.server.feeding.LogicFeeding handleFeedRequestMessage [player=Player [playerId=807506, name=W!ll, roomId=null, xp=1326, level=2, bloodbond=0, sire=455721, progeny=], e=FeedRequestMsg: player=807506, targetPlayerId=865399]
2009-04-26 10:24:11,805 ERROR: vampire.server.feeding.FeedingRecord sendPlayerStartGameMsg [playerId=196543, prey=true, _predatorIndex=]
2009-04-26 10:24:11,805 ERROR: vampire.server.feeding.FeedingRecord sendPlayerStartGameMsg [playerId=110056, prey=false, _predatorIndex=]
2009-04-26 10:24:17,976 ERROR: vampire.server.feeding.FeedingRecord sendPlayerStartGameMsg [playerId=685965, prey=false, _predatorIndex=]
2009-04-26 10:24:34,348 ERROR: vampire.server.feeding.LogicFeeding handleFeedRequestMessage [player=Player [playerId=807506, name=W!ll, roomId=null, xp=1326, level=2, bloodbond=0, sire=455721, progeny=], e=FeedRequestMsg: player=807506, targetPlayerId=658993]
2009-04-26 10:24:38,338 ERROR: vampire.server.feeding.FeedingRecord sendPlayerStartGameMsg [playerId=755771, prey=false, _predatorIndex=110056,802319,6814,191984]
2009-04-26 10:24:45,084 ERROR: vampire.server.feeding.LogicFeeding handleFeedRequestMessage [player=Player [playerId=807506, name=W!ll, roomId=null, xp=1326, level=2, bloodbond=0, sire=455721, progeny=], e=FeedRequestMsg: player=807506, targetPlayerId=657291]
2009-04-26 10:25:14,845 ERROR: vampire.server.feeding.FeedingRecord sendPlayerStartGameMsg [playerId=849967, prey=false, _predatorIndex=110056,802319,6814,191984,755771]
2009-04-26 10:25:17,677 ERROR: vampire.server.feeding.LogicFeeding handleFeedRequestMessage [player=Player [playerId=807506, name=W!ll, roomId=null, xp=1326, level=2, bloodbond=0, sire=455721, progeny=], e=FeedRequestMsg: player=807506, targetPlayerId=658993]
2009-04-26 10:25:17,807 ERROR: vampire.server.feeding.LogicFeeding handleFeedRequestMessage [player=Player [playerId=807506, name=W!ll, roomId=null, xp=1326, level=2, bloodbond=0, sire=455721, progeny=], e=FeedRequestMsg: player=807506, targetPlayerId=658993]
2009-04-26 10:25:39,670 ERROR: vampire.server.feeding.FeedingRecord sendPlayerStartGameMsg [playerId=850678, prey=true, _predatorIndex=]
2009-04-26 10:25:39,671 ERROR: vampire.server.feeding.FeedingRecord sendPlayerStartGameMsg [playerId=141461, prey=false, _predatorIndex=]
2009-04-26 10:25:56,628 ERROR: vampire.server.feeding.FeedingRecord sendPlayerStartGameMsg [playerId=807506, prey=false, _predatorIndex=]
2009-04-26 10:26:02,986 ERROR: vampire.server.feeding.FeedingRecord sendPlayerStartGameMsg [playerId=10642, prey=true, _predatorIndex=]
2009-04-26 10:26:02,987 ERROR: vampire.server.feeding.FeedingRecord sendPlayerStartGameMsg [playerId=755771, prey=false, _predatorIndex=]
2009-04-26 10:26:53,729 ERROR: vampire.server.feeding.FeedingRecord sendPlayerStartGameMsg [playerId=179423, prey=true, _predatorIndex=]
2009-04-26 10:26:53,730 ERROR: vampire.server.feeding.FeedingRecord sendPlayerStartGameMsg [playerId=122766, prey=false, _predatorIndex=]
2009-04-26 10:27:17,726 ERROR: vampire.server.feeding.FeedingRecord sendPlayerStartGameMsg [playerId=6814, prey=false, _predatorIndex=]
2009-04-26 10:27:46,490 ERROR: vampire.server.feeding.FeedingRecord sendPlayerStartGameMsg [playerId=179423, prey=true, _predatorIndex=]
2009-04-26 10:27:46,491 ERROR: vampire.server.feeding.FeedingRecord sendPlayerStartGameMsg [playerId=191984, prey=false, _predatorIndex=]
2009-04-26 10:27:50,353 ERROR: vampire.server.feeding.FeedingRecord sendPlayerStartGameMsg [playerId=87198, prey=false, _predatorIndex=]
2009-04-26 10:28:18,567 ERROR: vampire.server.feeding.FeedingRecord sendPlayerStartGameMsg [playerId=141461, prey=false, _predatorIndex=6814]
2009-04-26 10:28:29,742 ERROR: vampire.server.feeding.FeedingRecord sendPlayerStartGameMsg [playerId=3200, prey=true, _predatorIndex=]
2009-04-26 10:28:29,743 ERROR: vampire.server.feeding.FeedingRecord sendPlayerStartGameMsg [playerId=141461, prey=false, _predatorIndex=]
2009-04-26 10:28:47,031 ERROR: vampire.server.feeding.FeedingRecord sendPlayerStartGameMsg [playerId=850678, prey=true, _predatorIndex=]
2009-04-26 10:28:47,031 ERROR: vampire.server.feeding.FeedingRecord sendPlayerStartGameMsg [playerId=635003, prey=false, _predatorIndex=]
2009-04-26 10:30:22,656 ERROR: vampire.server.feeding.FeedingRecord sendPlayerStartGameMsg [playerId=179423, prey=true, _predatorIndex=]
2009-04-26 10:30:22,656 ERROR: vampire.server.feeding.FeedingRecord sendPlayerStartGameMsg [playerId=635003, prey=false, _predatorIndex=]
2009-04-26 10:30:27,823 ERROR: vampire.server.feeding.LogicFeeding handleFeedRequestMessage [player=Player [playerId=403403, name=ArcAngel, roomId=null, xp=11783, level=4, bloodbond=0, sire=63227, progeny=], e=FeedRequestMsg: player=403403, targetPlayerId=170191]
2009-04-26 10:31:04,692 ERROR: vampire.server.feeding.LogicFeeding handleFeedRequestMessage [player=Player [playerId=876733, name=alex2000boy, roomId=null, xp=2144, level=2, bloodbond=0, sire=183692, progeny=], e=FeedRequestMsg: player=876733, targetPlayerId=112545]
2009-04-26 10:31:48,222 ERROR: vampire.server.feeding.LogicFeeding handleFeedRequestMessage [player=Player [playerId=403403, name=ArcAngel, roomId=null, xp=11783, level=4, bloodbond=0, sire=63227, progeny=], e=FeedRequestMsg: player=403403, targetPlayerId=170191]

