
>>>>BeginStats

>>>>BeginTable
PlayerId, StartTime, EndTime, ProgenyPayout, XPFromFeeding, FeedingGames, MeanFeedingScore, BloodBond, Progeny, GrandProgeny, Sire, Level, Invites
101476,1240714510493,1240715112824,0,211,1,170,0,0,0,0,1,null
101687,1240721739202,1240721776073,0,0,0,0,0,0,0,0,1,null
102127,undefined,0,226.15000000000003,0,0,0,0,1,1,168234,undefined,undefined
10260,1240719252782,1240719636077,76.5,0,0,0,0,4,4,713,11,2
103033,1240717753665,1240725299620,62.900000000000006,4809,21,186.33333333333334,767143,5,0,81899,4,null
103144,undefined,0,44.95,0,0,0,0,5,5,116005,undefined,undefined
104274,1240713391909,1240713723537,0,125,1,125,0,2,2,57717,4,1
1043,1240713665667,1240719612289,0,8973,19,746.7368421052631,16444,2,0,12,12,3
106069,undefined,0,87.80000000000001,0,0,0,0,13,1,236834,undefined,undefined
1062,1240724683728,0,0,12844,34,364.7352941176471,54776,7,5,713,14,2
10642,1240711611671,1240712037825,16.3,535,2,415.5,447249,22,27,351598,13,2
107,undefined,0,142.55,0,0,0,0,1,5,12770,undefined,undefined
108841,1240716473002,1240717659653,0,805,6,149.16666666666666,0,0,0,58022,2,0
1101,undefined,0,402.20000000000005,0,0,0,0,2,10,239981,undefined,undefined
110178,undefined,0,6.25,0,0,0,0,1,4,12770,undefined,undefined
111918,1240713894106,1240714080398,0,104,1,104,0,0,0,245338,4,0
113237,1240712069712,1240712640364,0,0,0,0,0,4,0,10642,4,null
113453,1240715399910,1240718636955,0,1460,6,232.33333333333334,0,7,0,533,5,1
11460,undefined,0,63.900000000000006,0,0,0,0,1,6,41022,undefined,undefined
114914,1240716403798,1240716778269,0,480,3,147.66666666666666,0,0,0,160801,2,null
115341,undefined,0,240.39999999999998,0,0,0,0,5,0,626711,undefined,undefined
117119,undefined,0,208.20000000000002,0,0,0,0,1,2,3653,undefined,undefined
118417,undefined,0,7.25,0,0,0,0,4,3,12,undefined,undefined
12,1240714521772,1240723871574,6205.5999999999985,7110,15,451.26666666666665,995,19,92,383387,14,3
121938,1240724375925,1240725406134,0,263,2,173,169627,0,0,0,2,null
122907,undefined,0,877.7,0,0,0,0,6,7,251062,undefined,undefined
123961,1240713697425,1240719338447,311.15000000000003,12917,27,436.6666666666667,878,5,18,713,13,2
124952,1240723090025,1240723271837,0,0,0,0,0,1,0,207284,3,0
125285,1240716038075,1240716366928,0,177,1,209,0,0,0,52012,1,0
12770,undefined,0,1978.0999999999997,0,0,0,0,19,39,383387,undefined,undefined
12791,undefined,0,12.65,0,0,0,0,9,15,12,undefined,undefined
128013,1240723349711,1240723711304,0,0,0,0,0,3,2,254152,4,1
128794,undefined,0,12.15,0,0,0,0,1,4,93202,undefined,undefined
129321,1240711833707,1240713200748,0,756,2,195.5,0,1,0,426457,4,0
131528,1240719825058,1240719885866,0,0,0,0,0,0,0,0,1,null
132008,1240719792284,1240720471818,0,1278,4,249,0,1,0,311783,3,1
132326,undefined,0,107.3,0,0,0,0,1,0,234385,undefined,undefined
132403,undefined,0,44.1,0,0,0,0,4,0,172848,undefined,undefined
132921,1240719293162,1240720231956,94.4,0,0,0,0,6,2,211601,6,1
133118,1240719810419,1240719863695,0,0,0,0,0,6,0,121984,3,2
133482,1240713130774,1240713673775,122.60000000000001,795,3,204.33333333333334,0,3,7,180951,4,3
135526,1240712330601,1240713415152,0,0,0,0,0,1,0,162782,2,null
140487,1240713203522,1240713871553,0,0,0,0,0,1,0,317217,3,1
141288,1240725599663,0,0,0,0,0,841332,3,0,510740,4,0
141461,1240722339876,0,0,3864,15,246.06666666666666,0,1,0,468188,4,0
147608,1240720379217,1240720596018,0,204,1,234,541246,6,1,502119,5,1
150179,1240725295837,1240725427382,0,163,2,81.5,0,1,0,10642,3,0
152669,1240719995386,1240723932042,0,9759,34,271.70588235294116,0,0,0,171151,4,null
1531,1240716957695,1240721185698,41.7,3302,7,473.85714285714283,503,3,13,12,13,3
15340,1240711701685,1240712005155,0,120,1,120,0,0,0,0,1,null
153510,undefined,0,39.75,0,0,0,0,7,5,112953,undefined,undefined
154004,1240711248975,1240711469605,0,0,0,0,561706,6,0,90041,4,0
154238,undefined,0,113.50000000000001,0,0,0,0,5,3,45129,undefined,undefined
156489,undefined,0,108.6,0,0,0,0,12,18,713,undefined,undefined
157338,1240716240779,1240716544365,0,0,0,0,0,0,0,0,1,null
159420,undefined,0,532.05,0,0,0,0,1,5,206649,undefined,undefined
160138,undefined,0,260.65000000000003,0,0,0,0,6,5,150469,undefined,undefined
16040,undefined,0,1040.7,0,0,0,0,7,9,3,undefined,undefined
160776,undefined,0,37.8,0,0,0,0,2,2,271425,undefined,undefined
160801,undefined,0,48,0,0,0,0,4,0,166371,undefined,undefined
161403,1240720961870,1240723169505,0,1739,8,213,0,0,0,199278,4,0
161447,1240714158358,1240714249809,0,944,5,97.6,0,0,0,132921,2,null
164243,undefined,0,24.3,0,0,0,0,4,1,128794,undefined,undefined
166,1240723898852,1240724114861,0,10024,15,515.5333333333333,578,5,5,578,12,3
166067,1240715058593,1240715738111,0,0,0,0,0,0,0,0,1,null
166371,undefined,0,24,0,0,0,0,4,5,267622,undefined,undefined
168234,undefined,0,46.45,0,0,0,0,3,3,100080,undefined,undefined
16825,undefined,0,299.35,0,0,0,0,12,6,4139,undefined,undefined
168426,1240718183435,1240718234222,0,0,0,0,0,0,0,164243,4,0
169443,1240713359899,1240714000633,0,153,1,149,0,0,0,0,1,0
169944,1240718267124,1240719542249,292.70000000000005,798,7,109.71428571428571,0,1,0,102127,4,1
170191,undefined,0,157.9,0,0,0,0,2,6,202873,undefined,undefined
171151,1240720228525,1240722236053,976.6000000000003,3057,9,524.3333333333334,77,27,14,21067,13,3
171513,1240711475844,1240712131814,0,1579,4,353.5,0,6,6,170191,9,2
172087,1240712386355,1240712605860,0,114,1,114,0,0,0,0,1,null
172848,undefined,0,22.05,0,0,0,0,1,4,359624,undefined,undefined
173891,1240711418222,1240711792200,0,152,2,101.5,0,0,0,0,1,0
175065,undefined,0,135.00000000000003,0,0,0,0,1,3,401467,undefined,undefined
175591,undefined,0,34.6,0,0,0,0,2,1,691188,undefined,undefined
177614,1240720684386,1240724616545,0,2192,10,135,0,1,0,3200,2,1
17790,1240714767042,1240719700724,0,3477,10,401.8,20260,11,10,20260,13,3
177916,undefined,0,13.4,0,0,0,0,4,8,202501,undefined,undefined
178620,1240716119689,1240716135480,0,0,0,0,0,0,0,238093,3,0
178929,undefined,0,7.1000000000000005,0,0,0,0,5,2,245338,undefined,undefined
179326,undefined,0,32.900000000000006,0,0,0,0,2,1,185581,undefined,undefined
179509,1240719657197,1240720211559,0,146,1,116,0,1,0,238812,4,1
1802,undefined,0,89.9,0,0,0,0,5,0,103144,undefined,undefined
180571,1240720998978,1240721150933,0,243,1,242,0,1,3,163836,4,0
180951,undefined,0,140.8,0,0,0,0,2,4,153510,undefined,undefined
181258,1240720315836,1240720521769,0,0,0,0,0,0,0,0,1,null
181512,1240716003353,1240716044853,0,0,0,0,0,0,0,179509,1,null
181546,1240712837708,1240713082677,0,0,0,0,0,0,0,0,1,null
181738,undefined,0,15.4,0,0,0,0,5,4,12791,undefined,undefined
182501,1240724953147,1240725094287,284.9000000000001,0,0,0,108722,5,0,430717,7,3
183040,undefined,0,246.70000000000002,0,0,0,0,2,0,53963,undefined,undefined
185581,undefined,0,16.450000000000003,0,0,0,0,2,3,209656,undefined,undefined
190484,1240713234409,1240713373347,0,0,0,0,0,0,0,336024,2,0
190687,undefined,0,60.550000000000004,0,0,0,0,7,5,383937,undefined,undefined
191252,1240721138863,1240721494107,0,8495,37,214.02702702702703,0,0,0,227147,4,0
191984,1240713047458,1240713223710,0,0,0,0,191950,8,3,142178,7,3
192080,undefined,0,7.300000000000001,0,0,0,0,1,6,220964,undefined,undefined
192105,1240716468275,1240716518693,0,0,0,0,0,0,0,202328,1,0
195755,1240723577641,1240723597871,0,0,0,0,0,0,0,68619,1,0
196231,undefined,0,25.1,0,0,0,0,3,0,7078,undefined,undefined
196543,1240722607777,1240724040456,0,1258,7,146.85714285714286,0,0,0,0,2,null
198709,undefined,0,16,0,0,0,0,2,0,208699,undefined,undefined
199278,undefined,0,173.9,0,0,0,0,2,0,322248,undefined,undefined
200985,1240713792005,1240713801982,0,0,0,0,0,0,0,313906,3,0
201458,undefined,0,14.5,0,0,0,0,1,0,118417,undefined,undefined
202327,1240717440747,1240717964102,0,99,1,99,166836,3,3,249362,5,1
202501,undefined,0,6.7,0,0,0,0,1,4,1265,undefined,undefined
20260,undefined,0,491.85000000000014,0,0,0,0,15,35,12,undefined,undefined
202873,undefined,0,78.95,0,0,0,0,1,2,341164,undefined,undefined
204593,1240712899377,1240715775607,0,4022,13,181.46153846153845,0,0,0,77,3,null
205535,1240714003759,1240714745721,0,446,3,211.66666666666666,70997,1,0,95479,6,2
20731,1240715796685,1240720287949,43.2,5543,22,242,32314,5,1,16040,5,3
207586,1240713858619,1240713866522,0,0,0,0,0,0,0,170191,3,0
208335,1240711467369,1240711941909,0,0,0,0,0,0,0,0,1,null
208699,undefined,0,8,0,0,0,0,4,2,36200,undefined,undefined
208837,1240715342142,1240715828231,0,281,2,129,0,0,0,802319,1,null
209273,1240725350633,0,0,177,1,107,0,0,0,0,1,0
209656,undefined,0,8.85,0,0,0,0,6,8,167153,undefined,undefined
210163,1240711653076,1240713419087,0,808,4,179.75,718536,0,0,255725,4,null
21067,undefined,0,794.0000000000001,0,0,0,0,2,27,302907,undefined,undefined
211601,undefined,0,47.2,0,0,0,0,1,6,7078,undefined,undefined
213554,1240714913833,1240715302139,0,251,1,99,0,0,0,196231,1,null
21506,1240721806524,1240722878694,0,2246,9,294.22222222222223,751256,1,0,3200,4,null
217283,1240723803395,0,471.4500000000001,10641,35,367.37142857142857,0,17,13,57393,9,3
218716,1240721263476,1240721642563,0,0,0,0,0,2,0,188229,8,5
223210,1240715670667,1240716562853,0,0,0,0,0,0,0,120650,3,0
223494,undefined,0,73.10000000000001,0,0,0,0,1,1,179687,undefined,undefined
223864,undefined,0,666.3500000000001,0,0,0,0,5,13,160138,undefined,undefined
22707,undefined,0,10.200000000000001,0,0,0,0,6,6,8842,undefined,undefined
227147,undefined,0,849.5,0,0,0,0,1,0,238782,undefined,undefined
22731,1240721553223,1240724012042,0,3375,9,455.44444444444446,726649,9,1,351430,10,2
230164,1240723444350,1240723908779,0,1211,3,539.3333333333334,510740,7,1,250837,12,2
23340,undefined,0,6.3500000000000005,0,0,0,0,6,5,383387,undefined,undefined
234385,undefined,0,53.65,0,0,0,0,1,1,320570,undefined,undefined
23608,1240723906942,1240724135435,0,0,0,0,0,0,0,21506,1,null
236834,undefined,0,43.900000000000006,0,0,0,0,1,13,101493,undefined,undefined
237246,1240714552243,1240714981883,0,94,1,87,0,0,0,269080,1,null
238782,undefined,0,424.75,0,0,0,0,1,1,180951,undefined,undefined
238812,undefined,0,14.600000000000001,0,0,0,0,6,1,192080,undefined,undefined
238954,1240713087195,1240713220303,0,0,0,0,0,0,0,0,1,null
239981,undefined,0,201.10000000000002,0,0,0,0,1,2,209944,undefined,undefined
245338,undefined,0,13.950000000000001,0,0,0,0,7,6,77353,undefined,undefined
247014,undefined,0,33.7,0,0,0,0,1,1,85417,undefined,undefined
247468,1240712950491,1240713306184,0,0,0,0,0,0,0,147608,2,0
249362,undefined,0,9.9,0,0,0,0,1,3,12791,undefined,undefined
250837,undefined,0,121.10000000000001,0,0,0,0,1,7,190687,undefined,undefined
251062,undefined,0,438.85,0,0,0,0,6,15,296361,undefined,undefined
255725,undefined,0,80.80000000000001,0,0,0,0,1,0,309124,undefined,undefined
256746,undefined,0,333,0,0,0,0,5,24,61984,undefined,undefined
258951,undefined,0,4.8500000000000005,0,0,0,0,9,2,1265,undefined,undefined
261751,undefined,0,13.100000000000001,0,0,0,0,1,0,168234,undefined,undefined
264673,1240714888265,1240715124333,0,0,0,0,0,0,0,28294,3,0
266759,1240711291224,1240716142583,0,2082,8,208.5,0,2,0,117119,4,0
269080,1240723107284,1240723892678,31.800000000000004,3936,21,206.1428571428571,0,2,0,61045,3,null
273592,1240712113727,1240712366083,0,0,0,0,0,2,2,387199,3,0
28009,1240718415529,1240718719306,0,109,1,109,0,0,0,0,1,null
280346,undefined,0,8.1,0,0,0,0,1,5,245338,undefined,undefined
280634,1240721651897,1240721771812,119.30000000000001,0,0,0,0,5,3,280346,6,1
28100,1240715765287,1240716292113,0,177,1,145,0,0,0,0,1,0
283455,1240715720839,1240715959519,0,160,1,156,0,0,0,198709,2,0
293092,1240714612077,1240715965774,0,421,2,171,184475,1,0,320880,4,1
297654,1240725362323,0,0,154,1,207,204487,4,1,181738,10,3
298666,1240717018786,1240717539035,0,0,0,0,0,0,0,259344,2,0
3,undefined,0,509.55000000000007,0,0,0,0,1,7,383387,undefined,undefined
30038,1240722060755,1240722755314,0,139,1,122,0,0,0,0,1,null
300612,1240715758046,1240715819691,0,0,0,0,0,0,0,610359,2,0
300933,1240715620389,1240715957923,0,117,1,94,0,0,0,61045,1,null
30158,1240716065919,1240716284711,263.45,162,1,145,0,2,1,280634,3,null
302907,undefined,0,152.85000000000002,0,0,0,0,2,2,283855,undefined,undefined
304588,1240715218286,1240715488576,0,0,0,0,0,0,0,116762,3,0
304966,1240722273984,1240722286052,0,0,0,0,0,0,0,1362,2,0
307471,undefined,0,855.45,0,0,0,0,3,9,12,undefined,undefined
308635,1240713024114,1240713376819,26.65,0,0,0,199696,10,2,122194,7,6
309124,undefined,0,40.400000000000006,0,0,0,0,1,1,20106,undefined,undefined
311783,undefined,0,127.80000000000001,0,0,0,0,6,1,11460,undefined,undefined
317383,undefined,0,37.75000000000001,0,0,0,0,1,2,344937,undefined,undefined
3200,1240725165290,0,290.1,5213,15,475.46666666666664,71724,13,2,223864,12,2
320880,undefined,0,42.10000000000001,0,0,0,0,2,1,91808,undefined,undefined
32169,1240716565258,1240717618558,20.8,661,3,297.3333333333333,219,3,0,10260,11,3
322248,undefined,0,86.95,0,0,0,0,2,2,124493,undefined,undefined
32314,1240725064312,0,0,127,1,253,20731,6,2,40508,12,2
329560,1240714313463,1240714563351,0,0,0,0,0,0,0,0,1,null
336024,undefined,0,93.95,0,0,0,0,8,4,510740,undefined,undefined
336228,1240722500016,1240723903355,1531.65,2222,6,335,351430,8,15,307471,12,4
351430,1240722483495,0,723.4999999999999,12665,38,295.7105263157895,336228,9,29,336228,12,2
351598,undefined,0,61.65,0,0,0,0,1,22,359624,undefined,undefined
355917,undefined,0,285.1,0,0,0,0,5,6,107,undefined,undefined
356549,1240711312814,1240712346710,0,899,4,149.75,99802,0,0,1802,6,2
356564,1240714031023,1240714280068,0,0,0,0,0,0,0,198709,4,0
359624,undefined,0,26.75,0,0,0,0,3,2,201132,undefined,undefined
360099,1240715829589,1240715834037,0,0,0,0,0,0,0,364566,2,0
36411,1240718119882,1240721543508,0,403,4,104,0,0,0,269080,1,null
36432,undefined,0,937,0,0,0,0,3,2,44987,undefined,undefined
3653,undefined,0,104.10000000000001,0,0,0,0,14,2,86951,undefined,undefined
369801,1240719750774,1240719798353,0,0,0,0,0,0,0,85021,3,0
371343,1240712492150,1240713832778,0,0,0,0,0,3,2,220964,4,2
372304,1240718323878,1240718479175,0,0,0,0,0,0,0,0,1,null
372617,1240724952079,0,708.9000000000001,5935,17,302.8235294117647,612159,2,2,36432,6,1
375291,1240715721627,1240716294955,0,573,3,144.66666666666666,0,0,0,88155,2,0
376663,1240719780962,1240719857392,0,0,0,0,0,0,0,0,1,null
381078,1240714013361,1240715020763,0,536,3,211.66666666666666,0,0,0,0,1,0
383387,undefined,0,3420.1500000000005,0,0,0,0,6,45,0,undefined,undefined
3865,undefined,0,22.3,0,0,0,0,1,1,112602,undefined,undefined
39180,undefined,0,68.9,0,0,0,0,6,2,68619,undefined,undefined
393340,1240725525662,0,0,0,0,0,0,0,0,0,1,0
393954,1240713259559,1240713354893,0,0,0,0,0,0,0,125837,1,0
396113,undefined,0,594.5000000000002,0,0,0,0,2,4,44987,undefined,undefined
39637,1240716148435,1240716605611,0,108,1,108,0,0,0,0,1,null
397527,1240725425163,0,0,169,1,169,0,0,0,0,2,0
397835,undefined,0,833.9999999999998,0,0,0,0,5,8,47379,undefined,undefined
400725,1240722070334,1240722128879,0,0,0,0,382773,0,0,132449,3,1
4012,undefined,0,44.6,0,0,0,0,1,0,3865,undefined,undefined
402647,1240716248741,1240716268430,0,3180,12,290.5833333333333,0,0,0,408501,4,0
40508,undefined,0,12.700000000000001,0,0,0,0,4,6,23340,undefined,undefined
408501,1240711389081,1240716092106,680.4000000000001,6999,29,236.6206896551724,484953,4,0,637936,5,1
409827,1240723685458,1240723926640,0,71,1,142,0,1,0,178929,4,0
410270,1240718244410,1240718630512,0,441,2,210,0,0,0,132403,3,0
412779,1240722607054,1240722846745,0,193,1,177,0,0,0,0,1,null
4139,1240724325505,0,144.05,9385,23,473.9130434782609,16040,11,19,713,14,3
416192,1240725484598,0,0,131,1,76,0,0,0,261751,2,0
420676,1240723579006,1240723880017,0,170,1,186,0,0,0,177614,1,0
426457,undefined,0,75.6,0,0,0,0,2,1,160776,undefined,undefined
42736,1240711424873,1240712832252,0,1226,7,179,93562,1,0,133482,3,0
430717,1240720091589,1240720302644,275.85,2663,8,385.875,0,24,9,256746,11,4
445660,undefined,0,307.90000000000003,0,0,0,0,4,5,54812,undefined,undefined
44987,undefined,0,594.0000000000001,0,0,0,0,10,11,12770,undefined,undefined
451351,1240722547644,1240723277033,0,2404,12,177,0,0,0,115341,4,null
453,1240718008012,1240719328610,0,4197,8,630.625,0,0,0,878,8,1
461720,1240723894293,1240723899491,0,0,0,0,0,0,0,468188,1,null
462408,1240715145230,1240715756952,0,0,0,0,638933,1,0,191950,8,1
465780,1240717849323,1240718023286,0,0,0,0,0,0,0,460235,3,1
468188,1240722317417,1240723821490,386.4000000000001,1928,8,165.75,0,15,1,351430,4,13
47379,undefined,0,313.54999999999995,0,0,0,0,3,5,54776,undefined,undefined
475837,1240725256606,0,0,154,1,100,0,0,0,430717,1,0
477213,1240722258133,1240722261677,0,0,0,0,0,1,5,197452,4,3
47966,1240720833157,1240720878775,0,0,0,0,0,0,0,0,1,0
483162,1240711271694,1240716377083,0,6158,24,292.91666666666674,0,1,0,534632,4,0
484953,1240714679396,1240716284196,0,1284,7,141.71428571428572,408501,0,0,408501,2,null
486760,1240711392402,1240712312658,0,755,5,102.4,0,0,0,57395,4,0
497091,1240718015041,1240719329000,0,446,3,141.33333333333334,0,0,0,4012,2,0
502119,1240711323708,1240711544997,20.400000000000002,0,0,0,520359,6,6,22707,8,1
505644,1240716107418,1240717543192,0,547,3,152,0,0,0,430717,1,null
506086,1240722921229,1240723004195,0,0,0,0,0,0,0,103504,2,null
510740,undefined,0,63.400000000000006,0,0,0,0,48,15,534632,undefined,undefined
512460,1240724529142,0,0,252,5,22.6,0,0,0,0,1,0
52012,undefined,0,17.7,0,0,0,0,3,0,209656,undefined,undefined
5212,1240725076156,1240725399862,112.2,525,1,500,2843,13,10,156489,14,2
522109,1240714718749,1240714900730,0,159,1,112,0,0,0,0,1,null
524637,1240719968461,1240720129819,0,334,1,268,0,0,0,83320,3,null
53030,1240712014399,1240716639378,0,8777,25,429.04,0,7,5,122907,12,3
533,undefined,0,146,0,0,0,0,5,8,20260,undefined,undefined
534632,undefined,0,615.8000000000001,0,0,0,0,5,49,445660,undefined,undefined
539382,undefined,0,22.5,0,0,0,0,1,0,16825,undefined,undefined
53963,undefined,0,123.35000000000001,0,0,0,0,1,2,5842,undefined,undefined
54111,1240719628431,1240720415545,0,818,4,158.5,0,0,0,70997,1,null
54776,1240724706298,0,0,1423,5,330.2,1062,31,19,89757,13,2
548201,1240714467426,1240714545283,0,0,0,0,0,1,0,217283,1,null
548248,1240717880828,1240718046172,0,878,4,219.5,0,1,0,106069,4,0
555728,1240712680640,1240715944710,0,4022,13,250.07692307692307,828191,10,0,1101,4,0
556276,1240712531175,1240712712320,0,0,0,0,0,4,0,147988,2,4
559823,1240723988942,0,97.60000000000001,1895,8,257.625,0,4,0,58022,4,0
562788,undefined,0,38.85000000000001,0,0,0,0,1,3,409656,undefined,undefined
57393,undefined,0,1124.85,0,0,0,0,5,19,159420,undefined,undefined
57395,undefined,0,75.50000000000001,0,0,0,0,2,0,317383,undefined,undefined
57717,undefined,0,12.5,0,0,0,0,4,2,110178,undefined,undefined
578,1240712187623,1240715226348,1002.4000000000001,10868,18,738,166,3,5,12770,10,2
578918,1240716449712,1240716794243,0,329,2,156,0,1,0,179326,2,0
58022,undefined,0,318.8,0,0,0,0,3,4,175065,undefined,undefined
58373,1240711256251,1240711731067,0,122,1,122,0,0,0,103033,2,0
586681,undefined,0,22.3,0,0,0,0,5,7,10642,undefined,undefined
58859,1240725068775,0,0,5945,12,659.5000000000001,43017,4,2,396113,11,2
58976,1240724688827,0,0,451,6,83,0,0,0,0,2,0
591677,1240723670106,1240723676051,0,0,0,0,0,0,0,0,1,0
597005,1240714891120,1240716450147,19.6,777,5,215.8,0,2,1,603011,4,0
602490,1240724639900,1240725139388,0,2849,9,223.66666666666666,0,0,0,182501,4,null
603011,undefined,0,87.50000000000001,0,0,0,0,3,2,562788,undefined,undefined
604859,1240720851293,1240721569876,0,225,2,114,0,0,0,539382,2,null
61045,1240717422397,1240719937910,463.35,1879,9,203,189206,6,10,74372,6,1
610547,1240712237254,1240712452333,0,97,1,97,0,0,0,90041,1,null
610754,1240725424322,1240725458860,0,0,0,0,0,0,0,2843,1,null
612159,1240717859637,1240719808879,43.800000000000004,6870,18,477.1666666666667,372617,2,0,372617,5,1
61984,undefined,0,133.15,0,0,0,0,1,5,61045,undefined,undefined
623878,1240711255055,1240711761876,0,217,2,141,0,0,0,685023,2,null
625266,1240715780757,1240715854453,0,0,0,0,0,0,0,0,1,null
626711,undefined,0,120.19999999999999,0,0,0,0,1,5,639655,undefined,undefined
630671,1240711602027,1240711673667,0,0,0,0,0,2,0,132921,4,null
635003,1240718456905,1240719538609,114.50000000000001,2062,9,235.55555555555554,0,1,0,30158,3,null
637936,undefined,0,1040.1,0,0,0,0,3,4,217283,undefined,undefined
644522,1240712564932,1240712896103,0,0,0,0,0,0,0,0,1,null
646448,1240717183862,1240717407257,0,0,0,0,0,0,0,0,1,null
65442,1240725148001,0,0,0,0,0,0,2,2,76673,4,0
65812,1240722524539,1240722542079,0,5169,29,169.58620689655172,80094,0,0,169944,3,null
66689,1240721354871,1240721371021,0,0,0,0,101152,4,5,124585,5,2
668234,1240718762377,1240719163428,0,0,0,0,0,0,0,309885,1,null
67882,1240717066701,1240717091215,0,0,0,0,0,0,0,69649,3,0
685023,undefined,0,21.700000000000003,0,0,0,0,1,0,7314,undefined,undefined
68619,undefined,0,34.45,0,0,0,0,7,8,12770,undefined,undefined
686318,1240716981293,1240717329952,0,88,1,88,0,0,0,0,1,null
68793,1240715876423,1240717098940,0,145,1,119,0,0,0,201458,4,0
689379,1240714322710,1240714680881,0,0,0,0,0,0,0,0,1,null
691188,undefined,0,17.3,0,0,0,0,1,2,16825,undefined,undefined
695170,1240723850545,1240724487756,0,369,2,113,0,0,0,0,1,null
698522,1240723862729,1240724037504,0,109,1,115,0,0,0,0,1,null
702557,1240719714370,1240722193896,0,1122,3,489.6666666666667,0,2,0,5212,3,null
70517,1240718492269,1240719059238,0,148,1,133,0,0,0,61045,1,null
705638,1240711627356,1240711644502,0,0,0,0,0,0,0,0,1,null
7078,1240715606743,1240716794439,41.2,134,1,112,0,8,13,177916,10,6
70997,1240722090626,1240723404918,426.05000000000007,6271,20,353.45,205535,8,5,397835,7,1
713,1240713596570,1240721657593,3624.5499999999993,13510,30,291.4,1265,9,48,12,15,6
71724,1240716495799,1240717220289,0,1462,4,381,3200,8,1,94103,11,4
72043,1240720776224,1240721143029,0,0,0,0,0,0,0,173395,1,1
730587,1240721906707,1240724159487,0,2270,9,254.77777777777777,0,0,0,735743,4,null
7314,undefined,0,10.850000000000001,0,0,0,0,8,1,5842,undefined,undefined
73481,1240717746327,1240717970085,0,243,1,243,0,1,0,164243,4,0
735743,undefined,0,227.00000000000003,0,0,0,0,3,0,154238,undefined,undefined
74372,undefined,0,397.94999999999993,0,0,0,0,4,6,336024,undefined,undefined
751256,1240721788155,1240722699702,0,2881,12,208.08333333333334,21506,4,1,16825,4,null
755771,1240712717813,1240714793183,0,947,7,117.57142857142857,0,0,0,612159,1,null
761604,1240723355441,1240723565323,0,0,0,0,0,0,0,0,1,null
76673,1240717637518,1240717682096,0,0,0,0,81597,5,3,81597,6,2
767143,1240720724626,0,0,2851,8,295.25,103033,6,2,355917,7,1
769463,1240711455739,1240712711817,0,633,4,137,0,0,0,430717,2,null
77,1240723648190,1240723654677,402.20000000000005,1890,5,858,171151,10,2,12770,13,2
773108,undefined,0,138.3,0,0,0,0,4,2,510740,undefined,undefined
77353,undefined,0,5.2,0,0,0,0,3,12,190687,undefined,undefined
773891,1240724448438,1240724663053,0,0,0,0,0,0,0,408501,1,null
77481,1240724665709,1240725605606,0,1073,4,353.25,0,0,0,132326,4,0
77969,undefined,0,53.3,0,0,0,0,1,0,308635,undefined,undefined
779740,1240724182861,1240724297803,0,0,0,0,0,0,0,468188,1,null
780672,1240716213716,1240716692861,0,2340,10,230.5,0,0,0,408501,3,null
784648,1240723151077,1240723317291,0,0,0,0,0,0,0,0,1,null
789031,1240714831477,1240714849944,0,0,0,0,0,0,0,95479,1,null
80094,1240719025862,0,24.5,6116,33,177.15151515151516,65812,2,0,70997,3,2
802319,1240717198653,1240717253698,263.45,1268,6,173.83333333333334,0,2,4,773108,3,null
81597,1240723913849,0,0,0,0,0,76673,6,5,44987,6,2
818036,1240713399088,1240714148197,0,507,2,255,0,0,0,103033,4,null
81899,1240711497673,1240713873874,512.3499999999999,80,1,66,0,4,6,802319,6,1
821335,1240719623928,1240720348365,0,209,1,108,0,0,0,171151,1,null
8241,1240713280908,1240713343261,0,0,0,0,0,0,0,0,1,null
83320,undefined,0,33.4,0,0,0,0,4,0,96838,undefined,undefined
834972,1240725005207,0,0,572,5,114.4,0,0,0,0,1,0
836417,1240713616635,1240713628130,0,0,0,0,0,0,0,0,1,null
836861,1240718104315,1240718270754,0,0,0,0,0,0,0,0,1,null
837461,1240722276825,1240722850738,0,337,2,113,0,1,0,247014,2,null
842377,1240724832462,1240724841362,0,0,0,0,0,0,0,0,1,null
84297,1240717409795,1240717425888,0,0,0,0,0,0,0,113237,1,null
85417,undefined,0,16.85,0,0,0,0,1,1,39171,undefined,undefined
859475,1240714164153,1240714184591,0,0,0,0,0,0,0,0,1,null
859852,1240716210996,1240719508594,0,346,3,115.33333333333333,0,1,0,175591,2,null
861419,1240714667712,1240715027656,0,227,2,113.5,0,0,0,0,1,null
86926,undefined,0,54.7,0,0,0,0,6,0,61045,undefined,undefined
869417,1240718140737,1240718148731,0,0,0,0,0,0,0,0,1,null
872293,1240714939526,1240717061264,0,0,0,0,0,0,0,0,1,null
873313,1240712284449,1240712483656,0,0,0,0,0,0,0,0,1,null
878,1240714423982,1240714815934,419.7,1013,2,208.5,123961,6,7,123961,10,2
880558,1240711266502,1240711276507,0,0,0,0,0,0,0,164290,1,null
881391,1240718001293,1240718720239,0,533,6,92,0,0,0,77969,2,null
88155,undefined,0,57.300000000000004,0,0,0,0,2,0,7078,undefined,undefined
883007,1240717668578,1240718162847,0,269,2,134.5,0,0,0,0,1,null
883653,1240717611258,1240717724112,0,0,0,0,0,0,0,0,1,null
883755,1240720697450,1240722231940,0,853,5,104,0,0,0,217283,1,null
8842,1240715808499,1240716081765,0,417,1,366,22707,11,18,1531,13,6
884797,1240711285041,1240711870834,0,689,3,160,0,0,0,39180,2,null
887792,1240725637422,0,0,0,0,0,0,0,0,0,1,0
887801,1240711690703,1240711810166,0,0,0,0,0,0,0,0,1,null
889245,1240716238813,1240717557632,0,483,3,156,0,0,0,0,1,null
890453,1240715797802,1240718871671,0,1145,7,150.71428571428572,0,0,0,635003,2,null
891254,1240713486225,1240713750856,0,0,0,0,0,0,0,0,1,null
891399,1240719944204,1240720624136,0,432,3,99.66666666666667,0,0,0,20731,1,null
891697,1240714646392,1240714660677,0,0,0,0,0,0,0,0,1,null
892012,1240713151348,1240713193797,0,0,0,0,0,0,0,0,1,null
892598,1240715181955,1240716377513,0,297,2,152,0,0,0,597005,1,null
892812,1240715433157,1240715452832,0,0,0,0,0,0,0,0,1,null
892874,1240717664234,1240718484000,0,0,0,0,0,0,0,0,1,null
892902,1240714081398,1240714123080,0,0,0,0,0,0,0,612159,1,null
893775,1240717365336,1240717767780,0,250,2,125,0,0,0,0,1,null
894118,1240716738108,1240716743779,0,0,0,0,0,0,0,0,1,null
894162,1240716385598,1240716419111,0,0,0,0,0,0,0,9093,1,null
894240,1240717308691,1240717536448,0,208,1,91,0,0,0,32169,1,null
894320,1240717595178,1240717620501,0,0,0,0,0,0,0,0,1,null
894853,1240720529530,1240720929374,0,276,2,121.5,0,0,0,217283,1,null
895180,1240719528807,1240719554645,0,0,0,0,0,0,0,0,1,null
895253,1240721028938,1240721088639,0,0,0,0,0,0,0,0,1,null
896278,1240722722010,1240722949107,0,133,1,133,0,0,0,0,1,null
896436,1240724329575,1240725236205,0,584,3,177.66666666666666,0,0,0,217283,1,null
896804,1240724957906,1240725288878,0,0,0,0,0,0,0,0,1,null
896827,1240723404990,1240723423924,0,0,0,0,0,0,0,0,1,null
896923,1240723136012,1240723186397,0,0,0,0,0,0,0,80094,1,null
897243,1240724481562,0,0,976,4,183.25,0,0,0,559823,1,0
89757,undefined,0,142.3,0,0,0,0,3,31,20260,undefined,undefined
897720,1240725520608,1240725648126,0,0,0,0,0,0,0,0,1,null
90041,undefined,0,9.700000000000001,0,0,0,0,2,6,258951,undefined,undefined
9093,1240718948020,1240723226172,0,4648,10,530.5,0,4,0,16040,5,3
91808,undefined,0,21.050000000000004,0,0,0,0,1,2,413580,undefined,undefined
931,1240720029330,1240720560058,0,12685,31,423.51612903225805,0,3,3,12,12,3
93562,1240711422575,1240714122907,0,2467,13,170.69230769230768,42736,0,0,183040,2,0
93640,1240711318376,1240713052776,0,547,3,147.33333333333334,0,0,0,86926,4,0
94103,undefined,0,146.20000000000002,0,0,0,0,1,8,223494,undefined,undefined
95479,undefined,0,44.6,0,0,0,0,7,1,586681,undefined,undefined
96838,undefined,0,16.7,0,0,0,0,1,4,166371,undefined,undefined
97192,1240723987623,1240723998570,0,0,0,0,0,0,0,0,1,null
98551,1240719046464,1240719049792,0,0,0,0,0,0,0,0,1,null
995,1240717023502,1240720569100,0,2955,6,419.1666666666667,12,11,18,12,13,5
<<<<EndTable

PlayersOnlineNow=27
PlayersOnlineEachMinute=0, 18, 23, 30, 32, 32, 32, 34, 35, 34, 34, 34, 32, 31, 30, 30, 31, 32, 34, 33, 33, 34, 36, 35, 34, 32, 32, 33, 33, 35, 39, 38, 39, 36, 38, 36, 37, 34, 35, 35, 36, 37, 35, 35, 31, 34, 33, 36, 33, 34, 36, 35, 36, 37, 37, 41, 40, 40, 43, 43, 42, 43, 46, 43, 44, 42, 43, 42, 42, 43, 44, 41, 42, 42, 41, 40, 46, 42, 45, 39, 42, 41, 42, 44, 44, 41, 39, 40, 39, 37, 34, 34, 32, 29, 28, 29, 32, 31, 30, 31, 30, 34, 31, 31, 32, 30, 30, 33, 29, 30, 32, 35, 33, 35, 35, 37, 36, 34, 34, 34, 36, 36, 37, 37, 36, 33, 34, 34, 34, 34, 35, 32, 31, 31, 32, 30, 31, 31, 29, 28, 29, 29, 31, 33, 30, 28, 31, 32, 32, 30, 30, 27, 27, 27, 26, 26, 23, 21, 23, 24, 25, 25, 26, 27, 26, 24, 22, 23, 22, 21, 20, 18, 17, 17, 15, 16, 17, 17, 20, 20, 21, 23, 22, 21, 19, 21, 21, 20, 23, 23, 25, 26, 24, 25, 22, 22, 21, 21, 23, 23, 22, 20, 21, 20, 22, 23, 24, 24, 23, 23, 22, 20, 18, 18, 16, 14, 15, 15, 16, 17, 19, 17, 19, 19, 21, 21, 21, 20, 21, 23, 24, 25, 26, 25, 24, 27, 24, 24, 27, 28
PlayersInEachFeedingGame=1, 1, 2, 1, 1, 2, 2, 1, 3, 2, 2, 2, 1, 1, 1, 2, 2, 2, 1, 1, 2, 2, 2, 1, 3, 2, 2, 2, 1, 1, 2, 2, 2, 2, 2, 1, 2, 2, 2, 2, 2, 1, 2, 1, 2, 1, 2, 1, 2, 2, 1, 1, 1, 2, 1, 2, 2, 2, 2, 2, 1, 2, 1, 1, 2, 1, 1, 1, 2, 1, 2, 2, 1, 2, 1, 1, 1, 1, 2, 1, 1, 2, 2, 4, 2, 1, 2, 2, 2, 2, 1, 2, 2, 2, 2, 1, 2, 1, 1, 1, 4, 2, 1, 2, 2, 2, 1, 2, 2, 2, 5, 2, 1, 2, 2, 1, 3, 2, 1, 1, 2, 2, 2, 2, 2, 1, 2, 2, 2, 2, 2, 3, 2, 1, 2, 1, 2, 2, 2, 2, 1, 2, 2, 2, 2, 2, 1, 2, 2, 2, 2, 2, 2, 1, 1, 1, 2, 2, 2, 1, 1, 2, 1, 1, 2, 1, 2, 2, 2, 2, 2, 1, 2, 2, 2, 2, 1, 2, 1, 2, 8, 2, 1, 1, 2, 1, 1, 2, 2, 2, 1, 2, 1, 1, 1, 2, 1, 1, 2, 2, 1, 2, 2, 1, 2, 1, 1, 2, 2, 1, 5, 2, 2, 2, 2, 1, 2, 2, 1, 1, 2, 2, 2, 1, 2, 1, 2, 1, 2, 2, 1, 2, 3, 2, 2, 2, 1, 2, 2, 2, 2, 1, 1, 2, 1, 2, 2, 2, 2, 1, 2, 1, 2, 2, 2, 2, 2, 2, 2, 2, 2, 2, 1, 2, 1, 2, 2, 2, 3, 2, 1, 2, 1, 2, 2, 1, 2, 2, 1, 2, 1, 2, 2, 2, 2, 2, 3, 1, 2, 2, 1, 2, 3, 2, 2, 2, 1, 2, 2, 2, 2, 2, 1, 2, 2, 1, 2, 2, 2, 1, 2, 2, 2, 1, 2, 2, 1, 2, 2, 2, 1, 1, 1, 2, 1, 2, 2, 1, 1, 1, 1, 2, 1, 2, 2, 2, 2, 2, 2, 2, 2, 1, 2, 2, 2, 2, 1, 2, 2, 2, 2, 1, 2, 2, 1, 1, 2, 2, 2, 2, 1, 2, 1, 1, 2, 1, 2, 1, 2, 2, 1, 2, 2, 1, 2, 1, 2, 2, 2, 1, 2, 1, 2, 2, 2, 2, 2, 2, 1, 1, 2, 2, 2, 2, 1
PlayersStarted=484
PlayersQuit=457
StatsStartTime=1240711248775
StatsDumpTime=1240725650050
<<<<EndStats
2009-04-25 23:00:51,148 ERROR: vampire.server.feeding.FeedingRecord sendPlayerStartGameMsg [playerId=887792, prey=true, _predatorIndex=]
2009-04-25 23:00:51,149 ERROR: vampire.server.feeding.FeedingRecord sendPlayerStartGameMsg [playerId=559823, prey=false, _predatorIndex=]
2009-04-25 23:00:56,006 ERROR: vampire.server.feeding.FeedingRecord sendPlayerStartGameMsg [playerId=58859, prey=true, _predatorIndex=]
2009-04-25 23:00:56,006 ERROR: vampire.server.feeding.FeedingRecord sendPlayerStartGameMsg [playerId=475837, prey=false, _predatorIndex=]
2009-04-25 23:01:13,663 ERROR: vampire.server.feeding.FeedingRecord sendPlayerStartGameMsg [playerId=416192, prey=false, _predatorIndex=559823]
2009-04-25 23:01:38,470 ERROR: vampire.server.feeding.FeedingRecord sendPlayerStartGameMsg [playerId=372617, prey=true, _predatorIndex=]
2009-04-25 23:01:38,470 ERROR: vampire.server.feeding.FeedingRecord sendPlayerStartGameMsg [playerId=416192, prey=false, _predatorIndex=]
2009-04-25 23:03:12,757 ERROR: vampire.server.feeding.FeedingRecord sendPlayerStartGameMsg [playerId=393340, prey=true, _predatorIndex=]
2009-04-25 23:03:12,758 ERROR: vampire.server.feeding.FeedingRecord sendPlayerStartGameMsg [playerId=297654, prey=false, _predatorIndex=]
2009-04-25 23:03:53,641 ERROR: vampire.server.feeding.FeedingRecord sendPlayerStartGameMsg [playerId=559823, prey=false, _predatorIndex=416192]
2009-04-25 23:04:32,389 ERROR: vampire.server.feeding.FeedingRecord sendPlayerStartGameMsg [playerId=3200, prey=true, _predatorIndex=]
2009-04-25 23:04:32,389 ERROR: vampire.server.feeding.FeedingRecord sendPlayerStartGameMsg [playerId=887792, prey=false, _predatorIndex=]
2009-04-25 23:04:52,000 ERROR: vampire.server.feeding.FeedingRecord sendPlayerStartGameMsg [playerId=475837, prey=false, _predatorIndex=]
2009-04-25 23:05:27,351 ERROR: vampire.server.feeding.FeedingRecord sendPlayerStartGameMsg [playerId=32314, prey=true, _predatorIndex=]
2009-04-25 23:05:27,351 ERROR: vampire.server.feeding.FeedingRecord sendPlayerStartGameMsg [playerId=559823, prey=false, _predatorIndex=]
2009-04-25 23:05:46,156 ERROR: vampire.server.feeding.FeedingRecord sendPlayerStartGameMsg [playerId=393340, prey=true, _predatorIndex=]
2009-04-25 23:05:46,157 ERROR: vampire.server.feeding.FeedingRecord sendPlayerStartGameMsg [playerId=165173, prey=false, _predatorIndex=]
2009-04-25 23:06:37,377 ERROR: vampire.server.feeding.FeedingRecord sendPlayerStartGameMsg [playerId=209273, prey=true, _predatorIndex=]
2009-04-25 23:06:37,378 ERROR: vampire.server.feeding.FeedingRecord sendPlayerStartGameMsg [playerId=416192, prey=false, _predatorIndex=]
2009-04-25 23:06:37,521 ERROR: vampire.server.feeding.FeedingRecord sendPlayerStartGameMsg [playerId=602490, prey=false, _predatorIndex=416192]
2009-04-25 23:06:42,809 ERROR: vampire.server.feeding.FeedingRecord sendPlayerStartGameMsg [playerId=602490, prey=false, _predatorIndex=416192,602490]
2009-04-25 23:07:34,362 ERROR: vampire.server.feeding.FeedingRecord sendPlayerStartGameMsg [playerId=834596, prey=false, _predatorIndex=]
2009-04-25 23:08:16,439 ERROR: vampire.server.feeding.FeedingRecord sendPlayerStartGameMsg [playerId=32314, prey=true, _predatorIndex=]
2009-04-25 23:08:16,440 ERROR: vampire.server.feeding.FeedingRecord sendPlayerStartGameMsg [playerId=602490, prey=false, _predatorIndex=]
2009-04-25 23:08:20,232 ERROR: vampire.server.feeding.FeedingRecord sendPlayerStartGameMsg [playerId=931, prey=true, _predatorIndex=]
2009-04-25 23:08:20,233 ERROR: vampire.server.feeding.FeedingRecord sendPlayerStartGameMsg [playerId=1066, prey=false, _predatorIndex=]
2009-04-25 23:08:50,917 ERROR: vampire.server.feeding.FeedingRecord sendPlayerStartGameMsg [playerId=416192, prey=false, _predatorIndex=]
2009-04-25 23:09:02,303 ERROR: vampire.server.feeding.FeedingRecord sendPlayerStartGameMsg [playerId=931, prey=true, _predatorIndex=]
2009-04-25 23:09:02,303 ERROR: vampire.server.feeding.FeedingRecord sendPlayerStartGameMsg [playerId=1066, prey=false, _predatorIndex=]
2009-04-25 23:09:08,995 ERROR: vampire.server.feeding.FeedingRecord sendPlayerStartGameMsg [playerId=475837, prey=false, _predatorIndex=]
2009-04-25 23:09:50,491 ERROR: vampire.server.feeding.FeedingRecord sendPlayerStartGameMsg [playerId=602490, prey=false, _predatorIndex=]
2009-04-25 23:10:00,188 ERROR: vampire.server.feeding.FeedingRecord sendPlayerStartGameMsg [playerId=103033, prey=false, _predatorIndex=]
2009-04-25 23:10:02,650 ERROR: vampire.server.feeding.FeedingRecord sendPlayerStartGameMsg [playerId=559823, prey=false, _predatorIndex=]

>>>>BeginStats

>>>>BeginTable
PlayerId, StartTime, EndTime, ProgenyPayout, XPFromFeeding, FeedingGames, MeanFeedingScore, BloodBond, Progeny, GrandProgeny, Sire, Level, Invites
101476,1240714510493,1240715112824,0,211,1,170,0,0,0,0,1,null
101687,1240721739202,1240721776073,0,0,0,0,0,0,0,0,1,null
102127,undefined,0,226.15000000000003,0,0,0,0,1,1,168234,undefined,undefined
10260,1240719252782,1240719636077,76.5,0,0,0,0,4,4,713,11,2
103033,1240726069907,0,62.900000000000006,4809,21,186.33333333333334,767143,5,0,81899,4,0
103144,undefined,0,44.95,0,0,0,0,5,5,116005,undefined,undefined
104274,1240713391909,1240713723537,0,125,1,125,0,2,2,57717,4,1
1043,1240713665667,1240719612289,0,8973,19,746.7368421052631,16444,2,0,12,12,3
106069,undefined,0,87.80000000000001,0,0,0,0,13,1,236834,undefined,undefined
1062,1240724683728,0,0,14183,38,362.5263157894737,54776,7,5,713,14,2
10642,1240711611671,1240712037825,16.3,535,2,415.5,447249,22,27,351598,13,2
1066,1240726053467,0,0,0,0,0,0,0,0,0,1,0
107,undefined,0,142.55,0,0,0,0,1,5,12770,undefined,undefined
108841,1240716473002,1240717659653,0,805,6,149.16666666666666,0,0,0,58022,2,0
1101,undefined,0,402.20000000000005,0,0,0,0,2,10,239981,undefined,undefined
110178,undefined,0,6.25,0,0,0,0,1,4,12770,undefined,undefined
111918,1240713894106,1240714080398,0,104,1,104,0,0,0,245338,4,0
113237,1240712069712,1240712640364,0,0,0,0,0,4,0,10642,4,null
113453,1240715399910,1240718636955,0,1460,6,232.33333333333334,0,7,0,533,5,1
11460,undefined,0,63.900000000000006,0,0,0,0,1,6,41022,undefined,undefined
114914,1240716403798,1240716778269,0,480,3,147.66666666666666,0,0,0,160801,2,null
115341,undefined,0,240.39999999999998,0,0,0,0,5,0,626711,undefined,undefined
117119,undefined,0,208.20000000000002,0,0,0,0,1,2,3653,undefined,undefined
118417,undefined,0,7.25,0,0,0,0,4,3,12,undefined,undefined
12,1240714521772,1240723871574,6272.549999999998,7110,15,451.26666666666665,995,19,92,383387,14,3
121938,1240724375925,1240725406134,0,263,2,173,169627,0,0,0,2,null
122907,undefined,0,877.7,0,0,0,0,6,7,251062,undefined,undefined
123961,1240713697425,1240719338447,311.15000000000003,12917,27,436.6666666666667,878,5,18,713,13,2
124952,1240723090025,1240723271837,0,0,0,0,0,1,0,207284,3,0
125285,1240716038075,1240716366928,0,177,1,209,0,0,0,52012,1,0
12770,undefined,0,1978.0999999999997,0,0,0,0,19,39,383387,undefined,undefined
12791,undefined,0,54.2,0,0,0,0,9,15,12,undefined,undefined
128013,1240723349711,1240723711304,0,0,0,0,0,3,2,254152,4,1
128794,undefined,0,12.15,0,0,0,0,1,4,93202,undefined,undefined
129321,1240711833707,1240713200748,0,756,2,195.5,0,1,0,426457,4,0
131528,1240719825058,1240719885866,0,0,0,0,0,0,0,0,1,null
132008,1240719792284,1240720471818,0,1278,4,249,0,1,0,311783,3,1
132326,undefined,0,107.3,0,0,0,0,1,0,234385,undefined,undefined
132403,undefined,0,44.1,0,0,0,0,4,0,172848,undefined,undefined
132921,1240719293162,1240720231956,94.4,0,0,0,0,6,2,211601,6,1
133118,1240719810419,1240719863695,0,0,0,0,0,6,0,121984,3,2
133482,1240713130774,1240713673775,122.60000000000001,795,3,204.33333333333334,0,3,7,180951,4,3
135526,1240712330601,1240713415152,0,0,0,0,0,1,0,162782,2,null
140487,1240713203522,1240713871553,0,0,0,0,0,1,0,317217,3,1
141288,1240725599663,1240726249574,0,0,0,0,841332,3,0,510740,4,null
141461,1240722339876,1240725671817,0,3864,15,246.06666666666666,0,1,0,468188,4,null
147608,1240720379217,1240720596018,0,204,1,234,541246,6,1,502119,5,1
150179,1240725295837,1240725427382,0,163,2,81.5,0,1,0,10642,3,0
152669,1240719995386,1240723932042,0,9759,34,271.70588235294116,0,0,0,171151,4,null
1531,1240716957695,1240721185698,41.7,3302,7,473.85714285714283,503,3,13,12,13,3
15340,1240711701685,1240712005155,0,120,1,120,0,0,0,0,1,null
153510,undefined,0,39.75,0,0,0,0,7,5,112953,undefined,undefined
154004,1240711248975,1240711469605,0,0,0,0,561706,6,0,90041,4,0
154238,undefined,0,113.50000000000001,0,0,0,0,5,3,45129,undefined,undefined
156489,undefined,0,108.6,0,0,0,0,12,18,713,undefined,undefined
157338,1240716240779,1240716544365,0,0,0,0,0,0,0,0,1,null
159420,undefined,0,532.05,0,0,0,0,1,5,206649,undefined,undefined
160138,undefined,0,279.40000000000003,0,0,0,0,6,5,150469,undefined,undefined
16040,undefined,0,1040.7,0,0,0,0,7,9,3,undefined,undefined
160776,undefined,0,37.8,0,0,0,0,2,2,271425,undefined,undefined
160801,undefined,0,48,0,0,0,0,4,0,166371,undefined,undefined
161403,1240720961870,1240723169505,0,1739,8,213,0,0,0,199278,4,0
161447,1240714158358,1240714249809,0,944,5,97.6,0,0,0,132921,2,null
164243,undefined,0,24.3,0,0,0,0,4,1,128794,undefined,undefined
165173,1240725910672,1240726168861,0,161,1,117,0,0,0,0,1,null
166,1240723898852,1240724114861,0,10024,15,515.5333333333333,578,5,5,578,12,3
166067,1240715058593,1240715738111,0,0,0,0,0,0,0,0,1,null
166371,undefined,0,24,0,0,0,0,4,5,267622,undefined,undefined
168234,undefined,0,65.05,0,0,0,0,3,3,100080,undefined,undefined
16825,undefined,0,299.35,0,0,0,0,12,6,4139,undefined,undefined
168426,1240718183435,1240718234222,0,0,0,0,0,0,0,164243,4,0
169443,1240713359899,1240714000633,0,153,1,149,0,0,0,0,1,0
169944,1240718267124,1240719542249,292.70000000000005,798,7,109.71428571428571,0,1,0,102127,4,1
170191,undefined,0,157.9,0,0,0,0,2,6,202873,undefined,undefined
171151,1240720228525,1240722236053,976.6000000000003,3057,9,524.3333333333334,77,27,14,21067,13,3
171513,1240711475844,1240712131814,0,1579,4,353.5,0,6,6,170191,9,2
172087,1240712386355,1240712605860,0,114,1,114,0,0,0,0,1,null
172848,undefined,0,22.05,0,0,0,0,1,4,359624,undefined,undefined
173891,1240711418222,1240711792200,0,152,2,101.5,0,0,0,0,1,0
175065,undefined,0,165.05,0,0,0,0,1,3,401467,undefined,undefined
175591,undefined,0,34.6,0,0,0,0,2,1,691188,undefined,undefined
177614,1240720684386,1240724616545,0,2192,10,135,0,1,0,3200,2,1
17790,1240714767042,1240719700724,0,3477,10,401.8,20260,11,10,20260,13,3
177916,undefined,0,13.4,0,0,0,0,4,8,202501,undefined,undefined
178620,1240716119689,1240716135480,0,0,0,0,0,0,0,238093,3,0
178929,undefined,0,7.1000000000000005,0,0,0,0,5,2,245338,undefined,undefined
179326,undefined,0,32.900000000000006,0,0,0,0,2,1,185581,undefined,undefined
179509,1240719657197,1240720211559,0,146,1,116,0,1,0,238812,4,1
1802,undefined,0,89.9,0,0,0,0,5,0,103144,undefined,undefined
180571,1240720998978,1240721150933,0,243,1,242,0,1,3,163836,4,0
180951,undefined,0,140.8,0,0,0,0,2,4,153510,undefined,undefined
181258,1240720315836,1240720521769,0,0,0,0,0,0,0,0,1,null
181512,1240716003353,1240716044853,0,0,0,0,0,0,0,179509,1,null
181546,1240712837708,1240713082677,0,0,0,0,0,0,0,0,1,null
181738,undefined,0,98.50000000000001,0,0,0,0,5,4,12791,undefined,undefined
182501,1240724953147,1240725094287,284.9000000000001,0,0,0,108722,5,0,430717,7,3
183040,undefined,0,246.70000000000002,0,0,0,0,2,0,53963,undefined,undefined
185581,undefined,0,16.450000000000003,0,0,0,0,2,3,209656,undefined,undefined
190484,1240713234409,1240713373347,0,0,0,0,0,0,0,336024,2,0
190687,undefined,0,60.550000000000004,0,0,0,0,7,5,383937,undefined,undefined
191252,1240721138863,1240721494107,0,8495,37,214.02702702702703,0,0,0,227147,4,0
191984,1240713047458,1240713223710,0,0,0,0,191950,8,3,142178,7,3
192080,undefined,0,7.300000000000001,0,0,0,0,1,6,220964,undefined,undefined
192105,1240716468275,1240716518693,0,0,0,0,0,0,0,202328,1,0
195755,1240723577641,1240723597871,0,0,0,0,0,0,0,68619,1,0
196231,undefined,0,25.1,0,0,0,0,3,0,7078,undefined,undefined
196543,1240722607777,1240724040456,0,1258,7,146.85714285714286,0,0,0,0,2,null
198709,undefined,0,16,0,0,0,0,2,0,208699,undefined,undefined
199278,undefined,0,173.9,0,0,0,0,2,0,322248,undefined,undefined
200985,1240713792005,1240713801982,0,0,0,0,0,0,0,313906,3,0
201458,undefined,0,14.5,0,0,0,0,1,0,118417,undefined,undefined
202327,1240717440747,1240717964102,0,99,1,99,166836,3,3,249362,5,1
202501,undefined,0,6.7,0,0,0,0,1,4,1265,undefined,undefined
20260,undefined,0,558.8000000000002,0,0,0,0,15,35,12,undefined,undefined
202873,undefined,0,78.95,0,0,0,0,1,2,341164,undefined,undefined
204593,1240712899377,1240715775607,0,4022,13,181.46153846153845,0,0,0,77,3,null
205535,1240714003759,1240714745721,0,446,3,211.66666666666666,70997,1,0,95479,6,2
20731,1240715796685,1240720287949,43.2,5543,22,242,32314,5,1,16040,5,3
207586,1240713858619,1240713866522,0,0,0,0,0,0,0,170191,3,0
208335,1240711467369,1240711941909,0,0,0,0,0,0,0,0,1,null
208699,undefined,0,8,0,0,0,0,4,2,36200,undefined,undefined
208837,1240715342142,1240715828231,0,281,2,129,0,0,0,802319,1,null
209273,1240725350633,0,0,282,2,109,0,0,0,0,1,0
209656,undefined,0,8.85,0,0,0,0,6,8,167153,undefined,undefined
210163,1240711653076,1240713419087,0,808,4,179.75,718536,0,0,255725,4,null
21067,undefined,0,794.0000000000001,0,0,0,0,2,27,302907,undefined,undefined
211601,undefined,0,47.2,0,0,0,0,1,6,7078,undefined,undefined
213554,1240714913833,1240715302139,0,251,1,99,0,0,0,196231,1,null
21506,1240721806524,1240722878694,0,2246,9,294.22222222222223,751256,1,0,3200,4,null
217283,1240723803395,0,471.4500000000001,10641,35,367.37142857142857,0,17,13,57393,9,3
218716,1240721263476,1240721642563,0,0,0,0,0,2,0,188229,8,5
223210,1240715670667,1240716562853,0,0,0,0,0,0,0,120650,3,0
223494,undefined,0,73.10000000000001,0,0,0,0,1,1,179687,undefined,undefined
223864,undefined,0,713.9500000000002,0,0,0,0,5,14,160138,undefined,undefined
22707,undefined,0,10.200000000000001,0,0,0,0,6,6,8842,undefined,undefined
227147,undefined,0,849.5,0,0,0,0,1,0,238782,undefined,undefined
22731,1240721553223,1240724012042,0,3375,9,455.44444444444446,726649,9,1,351430,10,2
230164,1240723444350,1240723908779,0,1211,3,539.3333333333334,510740,7,1,250837,12,2
23340,undefined,0,68.5,0,0,0,0,6,5,383387,undefined,undefined
234385,undefined,0,53.65,0,0,0,0,1,1,320570,undefined,undefined
23608,1240723906942,1240724135435,0,0,0,0,0,0,0,21506,1,null
236834,undefined,0,43.900000000000006,0,0,0,0,1,13,101493,undefined,undefined
237246,1240714552243,1240714981883,0,94,1,87,0,0,0,269080,1,null
238782,undefined,0,424.75,0,0,0,0,1,1,180951,undefined,undefined
238812,undefined,0,14.600000000000001,0,0,0,0,6,1,192080,undefined,undefined
238954,1240713087195,1240713220303,0,0,0,0,0,0,0,0,1,null
239981,undefined,0,201.10000000000002,0,0,0,0,1,2,209944,undefined,undefined
245338,undefined,0,13.950000000000001,0,0,0,0,7,6,77353,undefined,undefined
247014,undefined,0,33.7,0,0,0,0,1,1,85417,undefined,undefined
247468,1240712950491,1240713306184,0,0,0,0,0,0,0,147608,2,0
249362,undefined,0,9.9,0,0,0,0,1,3,12791,undefined,undefined
250837,undefined,0,121.10000000000001,0,0,0,0,1,7,190687,undefined,undefined
251062,undefined,0,438.85,0,0,0,0,6,15,296361,undefined,undefined
255725,undefined,0,80.80000000000001,0,0,0,0,1,0,309124,undefined,undefined
256746,undefined,0,350.59999999999997,0,0,0,0,5,24,61984,undefined,undefined
258951,1240725827943,1240726138787,4.8500000000000005,0,0,0,555644,9,13,1265,10,8
261751,undefined,0,50.300000000000004,0,0,0,0,1,0,168234,undefined,undefined
264673,1240714888265,1240715124333,0,0,0,0,0,0,0,28294,3,0
266759,1240711291224,1240716142583,0,2082,8,208.5,0,2,0,117119,4,0
269080,1240723107284,1240723892678,31.800000000000004,3936,21,206.1428571428571,0,2,0,61045,3,null
273592,1240712113727,1240712366083,0,0,0,0,0,2,2,387199,3,0
28009,1240718415529,1240718719306,0,109,1,109,0,0,0,0,1,null
280346,undefined,0,8.1,0,0,0,0,1,5,245338,undefined,undefined
280634,1240721651897,1240721771812,119.30000000000001,0,0,0,0,5,3,280346,6,1
28100,1240715765287,1240716292113,0,177,1,145,0,0,0,0,1,0
283455,1240715720839,1240715959519,0,160,1,156,0,0,0,198709,2,0
293092,1240714612077,1240715965774,0,421,2,171,184475,1,0,320880,4,1
297654,1240725362323,0,0,985,3,421.6666666666667,204487,4,1,181738,10,3
298666,1240717018786,1240717539035,0,0,0,0,0,0,0,259344,2,0
3,undefined,0,509.55000000000007,0,0,0,0,1,7,383387,undefined,undefined
30038,1240722060755,1240722755314,0,139,1,122,0,0,0,0,1,null
300612,1240715758046,1240715819691,0,0,0,0,0,0,0,610359,2,0
300933,1240715620389,1240715957923,0,117,1,94,0,0,0,61045,1,null
30158,1240716065919,1240716284711,263.45,162,1,145,0,2,1,280634,3,null
302907,undefined,0,152.85000000000002,0,0,0,0,2,2,283855,undefined,undefined
304588,1240715218286,1240715488576,0,0,0,0,0,0,0,116762,3,0
304966,1240722273984,1240722286052,0,0,0,0,0,0,0,1362,2,0
307471,undefined,0,855.45,0,0,0,0,3,9,12,undefined,undefined
308635,1240713024114,1240713376819,26.65,0,0,0,199696,10,2,122194,7,6
309124,undefined,0,40.400000000000006,0,0,0,0,1,1,20106,undefined,undefined
311783,undefined,0,127.80000000000001,0,0,0,0,6,1,11460,undefined,undefined
317383,undefined,0,37.75000000000001,0,0,0,0,1,2,344937,undefined,undefined
3200,1240725165290,1240726215126,310.3,5588,17,445.8235294117647,71724,14,2,223864,12,2
320880,undefined,0,42.10000000000001,0,0,0,0,2,1,91808,undefined,undefined
32169,1240716565258,1240717618558,20.8,661,3,297.3333333333333,219,3,0,10260,11,3
322248,undefined,0,86.95,0,0,0,0,2,2,124493,undefined,undefined
32314,1240725064312,0,0,1370,4,369.75,20731,6,2,40508,12,2
329560,1240714313463,1240714563351,0,0,0,0,0,0,0,0,1,null
336024,undefined,0,93.95,0,0,0,0,8,4,510740,undefined,undefined
336228,1240722500016,1240723903355,1531.65,2222,6,335,351430,8,15,307471,12,4
351430,1240722483495,1240725732632,723.4999999999999,12665,38,295.7105263157895,336228,9,29,336228,12,2
351598,undefined,0,61.65,0,0,0,0,1,22,359624,undefined,undefined
355917,undefined,0,285.1,0,0,0,0,5,6,107,undefined,undefined
356549,1240711312814,1240712346710,0,899,4,149.75,99802,0,0,1802,6,2
356564,1240714031023,1240714280068,0,0,0,0,0,0,0,198709,4,0
359624,undefined,0,26.75,0,0,0,0,3,2,201132,undefined,undefined
360099,1240715829589,1240715834037,0,0,0,0,0,0,0,364566,2,0
36411,1240718119882,1240721543508,0,403,4,104,0,0,0,269080,1,null
36432,undefined,0,958.6,0,0,0,0,3,2,44987,undefined,undefined
3653,undefined,0,104.10000000000001,0,0,0,0,14,2,86951,undefined,undefined
369801,1240719750774,1240719798353,0,0,0,0,0,0,0,85021,3,0
371343,1240712492150,1240713832778,0,0,0,0,0,3,2,220964,4,2
372304,1240718323878,1240718479175,0,0,0,0,0,0,0,0,1,null
372617,1240724952079,1240726003946,708.9000000000001,6151,18,302,612159,2,2,36432,6,1
375291,1240715721627,1240716294955,0,573,3,144.66666666666666,0,0,0,88155,2,0
376663,1240719780962,1240719857392,0,0,0,0,0,0,0,0,1,null
381078,1240714013361,1240715020763,0,536,3,211.66666666666666,0,0,0,0,1,0
383387,undefined,0,3420.1500000000005,0,0,0,0,6,45,0,undefined,undefined
3865,undefined,0,22.3,0,0,0,0,1,1,112602,undefined,undefined
39180,undefined,0,68.9,0,0,0,0,6,2,68619,undefined,undefined
393340,1240725525662,1240726183792,0,338,2,177.5,0,0,0,0,1,null
393954,1240713259559,1240713354893,0,0,0,0,0,0,0,125837,1,0
396113,undefined,0,619.8000000000002,0,0,0,0,2,4,44987,undefined,undefined
39637,1240716148435,1240716605611,0,108,1,108,0,0,0,0,1,null
397527,1240725425163,1240725757466,0,292,2,146,0,0,0,0,2,0
397835,undefined,0,833.9999999999998,0,0,0,0,5,8,47379,undefined,undefined
400725,1240722070334,1240722128879,0,0,0,0,382773,0,0,132449,3,1
4012,undefined,0,44.6,0,0,0,0,1,0,3865,undefined,undefined
402647,1240716248741,1240716268430,0,3180,12,290.5833333333333,0,0,0,408501,4,0
40508,undefined,0,137,0,0,0,0,4,6,23340,undefined,undefined
408501,1240711389081,1240716092106,680.4000000000001,6999,29,236.6206896551724,484953,4,0,637936,5,1
409827,1240723685458,1240723926640,0,71,1,142,0,1,0,178929,4,0
410270,1240718244410,1240718630512,0,441,2,210,0,0,0,132403,3,0
412779,1240722607054,1240722846745,0,193,1,177,0,0,0,0,1,null
4139,1240724325505,0,144.05,9385,23,473.9130434782609,16040,11,19,713,14,3
416192,1240725484598,0,0,503,4,105,0,0,0,261751,2,0
420676,1240723579006,1240723880017,0,170,1,186,0,0,0,177614,1,0
426457,undefined,0,75.6,0,0,0,0,2,1,160776,undefined,undefined
42736,1240711424873,1240712832252,0,1226,7,179,93562,1,0,133482,3,0
430717,1240720091589,1240720302644,311.05,2663,8,385.875,0,24,9,256746,11,4
445660,undefined,0,307.90000000000003,0,0,0,0,4,5,54812,undefined,undefined
44987,undefined,0,617.45,0,0,0,0,10,11,12770,undefined,undefined
451351,1240722547644,1240723277033,0,2404,12,177,0,0,0,115341,4,null
453,1240718008012,1240719328610,0,4197,8,630.625,0,0,0,878,8,1
461720,1240723894293,1240723899491,0,0,0,0,0,0,0,468188,1,null
462408,1240715145230,1240715756952,0,0,0,0,638933,1,0,191950,8,1
465780,1240717849323,1240718023286,0,0,0,0,0,0,0,460235,3,1
468188,1240722317417,1240723821490,386.4000000000001,1928,8,165.75,0,15,1,351430,4,13
47379,undefined,0,313.54999999999995,0,0,0,0,3,5,54776,undefined,undefined
475837,1240725256606,0,0,506,3,108.33333333333333,0,0,0,430717,1,0
477213,1240722258133,1240722261677,0,0,0,0,0,1,5,197452,4,3
47966,1240720833157,1240720878775,0,0,0,0,0,0,0,0,1,0
483162,1240711271694,1240716377083,0,6158,24,292.91666666666674,0,1,0,534632,4,0
484953,1240714679396,1240716284196,0,1284,7,141.71428571428572,408501,0,0,408501,2,null
486760,1240711392402,1240712312658,0,755,5,102.4,0,0,0,57395,4,0
497091,1240718015041,1240719329000,0,446,3,141.33333333333334,0,0,0,4012,2,0
502119,1240711323708,1240711544997,20.400000000000002,0,0,0,520359,6,6,22707,8,1
505644,1240716107418,1240717543192,0,547,3,152,0,0,0,430717,1,null
506086,1240722921229,1240723004195,0,0,0,0,0,0,0,103504,2,null
510740,undefined,0,63.400000000000006,0,0,0,0,48,15,534632,undefined,undefined
512460,1240724529142,1240725756142,0,311,6,31.5,0,0,0,0,1,0
52012,undefined,0,17.7,0,0,0,0,3,0,209656,undefined,undefined
5212,1240725076156,1240725399862,112.2,525,1,500,2843,13,10,156489,14,2
522109,1240714718749,1240714900730,0,159,1,112,0,0,0,0,1,null
524637,1240719968461,1240720129819,0,334,1,268,0,0,0,83320,3,null
53030,1240712014399,1240716639378,0,8777,25,429.04,0,7,5,122907,12,3
533,undefined,0,146,0,0,0,0,5,8,20260,undefined,undefined
534632,undefined,0,615.8000000000001,0,0,0,0,5,49,445660,undefined,undefined
539382,undefined,0,22.5,0,0,0,0,1,0,16825,undefined,undefined
53963,undefined,0,123.35000000000001,0,0,0,0,1,2,5842,undefined,undefined
54111,1240719628431,1240720415545,0,818,4,158.5,0,0,0,70997,1,null
54776,1240724706298,0,0,2762,9,328.1111111111111,1062,31,19,89757,13,2
548201,1240714467426,1240714545283,0,0,0,0,0,1,0,217283,1,null
548248,1240717880828,1240718046172,0,878,4,219.5,0,1,0,106069,4,0
555728,1240712680640,1240715944710,0,4022,13,250.07692307692307,828191,10,0,1101,4,0
556276,1240712531175,1240712712320,0,0,0,0,0,4,0,147988,2,4
559823,1240723988942,0,114.9,2496,10,269.9,0,4,0,58022,4,0
562788,undefined,0,38.85000000000001,0,0,0,0,1,3,409656,undefined,undefined
57393,undefined,0,1124.85,0,0,0,0,5,19,159420,undefined,undefined
57395,undefined,0,75.50000000000001,0,0,0,0,2,0,317383,undefined,undefined
57717,undefined,0,12.5,0,0,0,0,4,2,110178,undefined,undefined
578,1240712187623,1240715226348,1002.4000000000001,10868,18,738,166,3,5,12770,10,2
578918,1240716449712,1240716794243,0,329,2,156,0,1,0,179326,2,0
58022,undefined,0,387.54999999999995,0,0,0,0,3,4,175065,undefined,undefined
58373,1240711256251,1240711731067,0,122,1,122,0,0,0,103033,2,0
586681,undefined,0,22.3,0,0,0,0,5,7,10642,undefined,undefined
58859,1240725068775,0,0,6198,13,638.0000000000001,43017,4,2,396113,12,2
58976,1240724688827,0,0,510,7,77,0,0,0,0,2,0
591677,1240723670106,1240723676051,0,0,0,0,0,0,0,0,1,0
597005,1240714891120,1240716450147,19.6,777,5,215.8,0,2,1,603011,4,0
602490,1240725989258,0,0,2849,9,223.66666666666666,0,0,0,182501,4,0
603011,undefined,0,87.50000000000001,0,0,0,0,3,2,562788,undefined,undefined
604859,1240720851293,1240721569876,0,225,2,114,0,0,0,539382,2,null
61045,1240717422397,1240719937910,463.35,1879,9,203,189206,6,10,74372,6,1
610547,1240712237254,1240712452333,0,97,1,97,0,0,0,90041,1,null
610754,1240725826464,1240725905657,0,0,0,0,0,0,0,2843,1,null
612159,1240717859637,1240719808879,43.800000000000004,6870,18,477.1666666666667,372617,2,0,372617,5,1
61984,undefined,0,133.15,0,0,0,0,1,5,61045,undefined,undefined
623878,1240711255055,1240711761876,0,217,2,141,0,0,0,685023,2,null
625266,1240715780757,1240715854453,0,0,0,0,0,0,0,0,1,null
626711,undefined,0,120.19999999999999,0,0,0,0,1,5,639655,undefined,undefined
630671,1240711602027,1240711673667,0,0,0,0,0,2,0,132921,4,null
635003,1240718456905,1240719538609,114.50000000000001,2062,9,235.55555555555554,0,1,0,30158,3,null
637936,undefined,0,1040.1,0,0,0,0,3,4,217283,undefined,undefined
644522,1240712564932,1240712896103,0,0,0,0,0,0,0,0,1,null
646448,1240717183862,1240717407257,0,0,0,0,0,0,0,0,1,null
65442,1240725148001,1240726038286,0,0,0,0,0,2,2,76673,4,null
65812,1240722524539,1240722542079,0,5169,29,169.58620689655172,80094,0,0,169944,3,null
66689,1240721354871,1240721371021,0,0,0,0,101152,4,5,124585,5,2
668234,1240718762377,1240719163428,0,0,0,0,0,0,0,309885,1,null
67882,1240717066701,1240717091215,0,0,0,0,0,0,0,69649,3,0
685023,undefined,0,21.700000000000003,0,0,0,0,1,0,7314,undefined,undefined
68619,undefined,0,34.45,0,0,0,0,7,8,12770,undefined,undefined
686318,1240716981293,1240717329952,0,88,1,88,0,0,0,0,1,null
68793,1240715876423,1240717098940,0,145,1,119,0,0,0,201458,4,0
689379,1240714322710,1240714680881,0,0,0,0,0,0,0,0,1,null
691188,undefined,0,17.3,0,0,0,0,1,2,16825,undefined,undefined
695170,1240723850545,1240724487756,0,369,2,113,0,0,0,0,1,null
698522,1240723862729,1240724037504,0,109,1,115,0,0,0,0,1,null
702557,1240719714370,1240722193896,0,1122,3,489.6666666666667,0,2,0,5212,3,null
70517,1240718492269,1240719059238,0,148,1,133,0,0,0,61045,1,null
705638,1240711627356,1240711644502,0,0,0,0,0,0,0,0,1,null
7078,1240715606743,1240716794439,41.2,134,1,112,0,8,13,177916,10,6
70997,1240722090626,1240723404918,426.05000000000007,6271,20,353.45,205535,8,5,397835,7,1
713,1240713596570,1240721657593,3758.4499999999994,13510,30,291.4,1265,9,48,12,15,6
71724,1240716495799,1240717220289,0,1462,4,381,3200,8,1,94103,11,4
72043,1240720776224,1240721143029,0,0,0,0,0,0,0,173395,1,1
730587,1240721906707,1240724159487,0,2270,9,254.77777777777777,0,0,0,735743,4,null
7314,undefined,0,10.850000000000001,0,0,0,0,8,1,5842,undefined,undefined
73481,1240717746327,1240717970085,0,243,1,243,0,1,0,164243,4,0
735743,undefined,0,227.00000000000003,0,0,0,0,3,0,154238,undefined,undefined
74372,undefined,0,397.94999999999993,0,0,0,0,4,6,336024,undefined,undefined
751256,1240721788155,1240722699702,0,2881,12,208.08333333333334,21506,4,1,16825,4,null
755771,1240712717813,1240714793183,0,947,7,117.57142857142857,0,0,0,612159,1,null
761604,1240723355441,1240723565323,0,0,0,0,0,0,0,0,1,null
76673,1240717637518,1240717682096,0,0,0,0,81597,5,3,81597,6,2
767143,1240720724626,0,0,2851,8,295.25,103033,6,2,355917,7,1
769463,1240711455739,1240712711817,0,633,4,137,0,0,0,430717,2,null
77,1240723648190,1240723654677,402.20000000000005,1890,5,858,171151,10,2,12770,13,2
773108,undefined,0,138.3,0,0,0,0,4,2,510740,undefined,undefined
77353,undefined,0,5.2,0,0,0,0,3,12,190687,undefined,undefined
773891,1240724448438,1240724663053,0,0,0,0,0,0,0,408501,1,null
77481,1240724665709,1240725605606,0,1073,4,353.25,0,0,0,132326,4,0
778166,1240726133228,1240726146470,0,0,0,0,0,0,0,729225,1,null
77969,undefined,0,53.3,0,0,0,0,1,0,308635,undefined,undefined
779740,1240724182861,1240724297803,0,0,0,0,0,0,0,468188,1,null
780672,1240716213716,1240716692861,0,2340,10,230.5,0,0,0,408501,3,null
784648,1240723151077,1240723317291,0,0,0,0,0,0,0,0,1,null
789031,1240714831477,1240714849944,0,0,0,0,0,0,0,95479,1,null
80094,1240719025862,0,24.5,6116,33,177.15151515151516,65812,2,0,70997,3,2
802319,1240717198653,1240717253698,263.45,1268,6,173.83333333333334,0,2,4,773108,3,null
81597,1240723913849,1240725914390,0,0,0,0,76673,6,5,44987,6,2
818036,1240713399088,1240714148197,0,507,2,255,0,0,0,103033,4,null
81899,1240711497673,1240713873874,512.3499999999999,80,1,66,0,4,6,802319,6,1
821335,1240719623928,1240720348365,0,209,1,108,0,0,0,171151,1,null
8241,1240713280908,1240713343261,0,0,0,0,0,0,0,0,1,null
83320,undefined,0,33.4,0,0,0,0,4,0,96838,undefined,undefined
834596,1240725970811,0,0,89,1,89,0,0,0,0,1,0
834972,1240725005207,1240725658281,0,572,5,114.4,0,0,0,0,1,null
836417,1240713616635,1240713628130,0,0,0,0,0,0,0,0,1,null
836861,1240718104315,1240718270754,0,0,0,0,0,0,0,0,1,null
837461,1240722276825,1240722850738,0,337,2,113,0,1,0,247014,2,null
842377,1240724832462,1240724841362,0,0,0,0,0,0,0,0,1,null
84297,1240717409795,1240717425888,0,0,0,0,0,0,0,113237,1,null
85417,undefined,0,16.85,0,0,0,0,1,1,39171,undefined,undefined
859475,1240714164153,1240714184591,0,0,0,0,0,0,0,0,1,null
859852,1240716210996,1240719508594,0,346,3,115.33333333333333,0,1,0,175591,2,null
861419,1240714667712,1240715027656,0,227,2,113.5,0,0,0,0,1,null
86926,undefined,0,54.7,0,0,0,0,6,0,61045,undefined,undefined
869417,1240718140737,1240718148731,0,0,0,0,0,0,0,0,1,null
872293,1240714939526,1240717061264,0,0,0,0,0,0,0,0,1,null
873313,1240712284449,1240712483656,0,0,0,0,0,0,0,0,1,null
878,1240714423982,1240714815934,419.7,1013,2,208.5,123961,6,7,123961,10,2
880558,1240711266502,1240711276507,0,0,0,0,0,0,0,164290,1,null
881391,1240718001293,1240718720239,0,533,6,92,0,0,0,77969,2,null
88155,undefined,0,57.300000000000004,0,0,0,0,2,0,7078,undefined,undefined
883007,1240717668578,1240718162847,0,269,2,134.5,0,0,0,0,1,null
883653,1240717611258,1240717724112,0,0,0,0,0,0,0,0,1,null
883755,1240720697450,1240722231940,0,853,5,104,0,0,0,217283,1,null
8842,1240715808499,1240716081765,0,417,1,366,22707,11,18,1531,13,6
884797,1240711285041,1240711870834,0,689,3,160,0,0,0,39180,2,null
887792,1240725637422,1240726229528,0,379,2,147,0,0,0,3200,1,null
887801,1240711690703,1240711810166,0,0,0,0,0,0,0,0,1,null
889245,1240716238813,1240717557632,0,483,3,156,0,0,0,0,1,null
890453,1240715797802,1240718871671,0,1145,7,150.71428571428572,0,0,0,635003,2,null
891254,1240713486225,1240713750856,0,0,0,0,0,0,0,0,1,null
891399,1240719944204,1240720624136,0,432,3,99.66666666666667,0,0,0,20731,1,null
891697,1240714646392,1240714660677,0,0,0,0,0,0,0,0,1,null
892012,1240713151348,1240713193797,0,0,0,0,0,0,0,0,1,null
892598,1240715181955,1240716377513,0,297,2,152,0,0,0,597005,1,null
892812,1240715433157,1240715452832,0,0,0,0,0,0,0,0,1,null
892874,1240717664234,1240718484000,0,0,0,0,0,0,0,0,1,null
892902,1240714081398,1240714123080,0,0,0,0,0,0,0,612159,1,null
893775,1240717365336,1240717767780,0,250,2,125,0,0,0,0,1,null
894118,1240716738108,1240716743779,0,0,0,0,0,0,0,0,1,null
894162,1240716385598,1240716419111,0,0,0,0,0,0,0,9093,1,null
894240,1240717308691,1240717536448,0,208,1,91,0,0,0,32169,1,null
894320,1240717595178,1240717620501,0,0,0,0,0,0,0,0,1,null
894853,1240720529530,1240720929374,0,276,2,121.5,0,0,0,217283,1,null
895180,1240719528807,1240719554645,0,0,0,0,0,0,0,0,1,null
895253,1240721028938,1240721088639,0,0,0,0,0,0,0,0,1,null
896278,1240722722010,1240722949107,0,133,1,133,0,0,0,0,1,null
896436,1240724329575,1240725236205,0,584,3,177.66666666666666,0,0,0,217283,1,null
896804,1240724957906,1240725288878,0,0,0,0,0,0,0,0,1,null
896827,1240723404990,1240723423924,0,0,0,0,0,0,0,0,1,null
896923,1240723136012,1240723186397,0,0,0,0,0,0,0,80094,1,null
897243,1240724481562,1240725931323,0,1149,5,172,0,0,0,559823,2,null
89757,undefined,0,276.20000000000005,0,0,0,0,3,31,20260,undefined,undefined
897720,1240725520608,1240725648126,0,0,0,0,0,0,0,0,1,null
90041,undefined,0,9.700000000000001,0,0,0,0,2,6,258951,undefined,undefined
9093,1240718948020,1240723226172,0,4648,10,530.5,0,4,0,16040,5,3
91808,undefined,0,21.050000000000004,0,0,0,0,1,2,413580,undefined,undefined
931,1240726057207,0,0,12685,31,423.51612903225805,0,3,3,12,12,3
93562,1240711422575,1240714122907,0,2467,13,170.69230769230768,42736,0,0,183040,2,0
93640,1240726137480,0,0,547,3,147.33333333333334,0,0,0,86926,4,0
94103,undefined,0,146.20000000000002,0,0,0,0,1,8,223494,undefined,undefined
95479,undefined,0,44.6,0,0,0,0,7,1,586681,undefined,undefined
96838,undefined,0,16.7,0,0,0,0,1,4,166371,undefined,undefined
97192,1240723987623,1240723998570,0,0,0,0,0,0,0,0,1,null
98551,1240719046464,1240719049792,0,0,0,0,0,0,0,0,1,null
995,1240717023502,1240720569100,0,2955,6,419.1666666666667,12,11,18,12,13,5
<<<<EndTable

PlayersOnlineNow=20
PlayersOnlineEachMinute=0, 18, 23, 30, 32, 32, 32, 34, 35, 34, 34, 34, 32, 31, 30, 30, 31, 32, 34, 33, 33, 34, 36, 35, 34, 32, 32, 33, 33, 35, 39, 38, 39, 36, 38, 36, 37, 34, 35, 35, 36, 37, 35, 35, 31, 34, 33, 36, 33, 34, 36, 35, 36, 37, 37, 41, 40, 40, 43, 43, 42, 43, 46, 43, 44, 42, 43, 42, 42, 43, 44, 41, 42, 42, 41, 40, 46, 42, 45, 39, 42, 41, 42, 44, 44, 41, 39, 40, 39, 37, 34, 34, 32, 29, 28, 29, 32, 31, 30, 31, 30, 34, 31, 31, 32, 30, 30, 33, 29, 30, 32, 35, 33, 35, 35, 37, 36, 34, 34, 34, 36, 36, 37, 37, 36, 33, 34, 34, 34, 34, 35, 32, 31, 31, 32, 30, 31, 31, 29, 28, 29, 29, 31, 33, 30, 28, 31, 32, 32, 30, 30, 27, 27, 27, 26, 26, 23, 21, 23, 24, 25, 25, 26, 27, 26, 24, 22, 23, 22, 21, 20, 18, 17, 17, 15, 16, 17, 17, 20, 20, 21, 23, 22, 21, 19, 21, 21, 20, 23, 23, 25, 26, 24, 25, 22, 22, 21, 21, 23, 23, 22, 20, 21, 20, 22, 23, 24, 24, 23, 23, 22, 20, 18, 18, 16, 14, 15, 15, 16, 17, 19, 17, 19, 19, 21, 21, 21, 20, 21, 23, 24, 25, 26, 25, 24, 27, 24, 24, 27, 28, 27, 26, 22, 24, 24, 22, 24, 25, 25, 23
PlayersInEachFeedingGame=1, 1, 2, 1, 1, 2, 2, 1, 3, 2, 2, 2, 1, 1, 1, 2, 2, 2, 1, 1, 2, 2, 2, 1, 3, 2, 2, 2, 1, 1, 2, 2, 2, 2, 2, 1, 2, 2, 2, 2, 2, 1, 2, 1, 2, 1, 2, 1, 2, 2, 1, 1, 1, 2, 1, 2, 2, 2, 2, 2, 1, 2, 1, 1, 2, 1, 1, 1, 2, 1, 2, 2, 1, 2, 1, 1, 1, 1, 2, 1, 1, 2, 2, 4, 2, 1, 2, 2, 2, 2, 1, 2, 2, 2, 2, 1, 2, 1, 1, 1, 4, 2, 1, 2, 2, 2, 1, 2, 2, 2, 5, 2, 1, 2, 2, 1, 3, 2, 1, 1, 2, 2, 2, 2, 2, 1, 2, 2, 2, 2, 2, 3, 2, 1, 2, 1, 2, 2, 2, 2, 1, 2, 2, 2, 2, 2, 1, 2, 2, 2, 2, 2, 2, 1, 1, 1, 2, 2, 2, 1, 1, 2, 1, 1, 2, 1, 2, 2, 2, 2, 2, 1, 2, 2, 2, 2, 1, 2, 1, 2, 8, 2, 1, 1, 2, 1, 1, 2, 2, 2, 1, 2, 1, 1, 1, 2, 1, 1, 2, 2, 1, 2, 2, 1, 2, 1, 1, 2, 2, 1, 5, 2, 2, 2, 2, 1, 2, 2, 1, 1, 2, 2, 2, 1, 2, 1, 2, 1, 2, 2, 1, 2, 3, 2, 2, 2, 1, 2, 2, 2, 2, 1, 1, 2, 1, 2, 2, 2, 2, 1, 2, 1, 2, 2, 2, 2, 2, 2, 2, 2, 2, 2, 1, 2, 1, 2, 2, 2, 3, 2, 1, 2, 1, 2, 2, 1, 2, 2, 1, 2, 1, 2, 2, 2, 2, 2, 3, 1, 2, 2, 1, 2, 3, 2, 2, 2, 1, 2, 2, 2, 2, 2, 1, 2, 2, 1, 2, 2, 2, 1, 2, 2, 2, 1, 2, 2, 1, 2, 2, 2, 1, 1, 1, 2, 1, 2, 2, 1, 1, 1, 1, 2, 1, 2, 2, 2, 2, 2, 2, 2, 2, 1, 2, 2, 2, 2, 1, 2, 2, 2, 2, 1, 2, 2, 1, 1, 2, 2, 2, 2, 1, 2, 1, 1, 2, 1, 2, 1, 2, 2, 1, 2, 2, 1, 2, 1, 2, 2, 2, 1, 2, 1, 2, 2, 2, 2, 2, 2, 1, 1, 2, 2, 2, 2, 1, 2, 2, 2, 2, 2, 1, 2, 2, 2, 1, 2, 1, 2, 1, 1, 1, 1
PlayersStarted=498
PlayersQuit=478
StatsStartTime=1240711248775
StatsDumpTime=1240726250129
<<<<EndStats
2009-04-25 23:11:33,534 ERROR: vampire.server.feeding.FeedingRecord sendPlayerStartGameMsg [playerId=297654, prey=false, _predatorIndex=]
2009-04-25 23:12:08,659 ERROR: vampire.server.feeding.FeedingRecord sendPlayerStartGameMsg [playerId=4139, prey=true, _predatorIndex=]
2009-04-25 23:12:08,660 ERROR: vampire.server.feeding.FeedingRecord sendPlayerStartGameMsg [playerId=58859, prey=false, _predatorIndex=]
2009-04-25 23:12:23,785 ERROR: vampire.server.feeding.FeedingRecord sendPlayerStartGameMsg [playerId=475837, prey=false, _predatorIndex=]
--- buffer full ---

