2009-05-06 13:54:11,417 ERROR: vampire.server.feeding.FeedingRecord sendPlayerStartGameMsg [playerId=205446, prey=false, _predatorIndex=]
2009-05-06 13:54:20,829 ERROR: vampire.server.feeding.FeedingRecord sendPlayerStartGameMsg [playerId=1204193, prey=false, _predatorIndex=]
2009-05-06 13:54:51,676 ERROR: vampire.server.feeding.FeedingRecord sendPlayerStartGameMsg [playerId=194910, prey=false, _predatorIndex=]
2009-05-06 13:54:55,742 ERROR: vampire.server.feeding.FeedingRecord sendPlayerStartGameMsg [playerId=1120227, prey=false, _predatorIndex=]
2009-05-06 13:55:47,545 ERROR: vampire.server.feeding.FeedingRecord sendPlayerStartGameMsg [playerId=130730, prey=false, _predatorIndex=1204193]
2009-05-06 13:55:53,472 ERROR: vampire.server.feeding.FeedingRecord sendPlayerStartGameMsg [playerId=130730, prey=false, _predatorIndex=]
2009-05-06 13:56:21,618 ERROR: vampire.server.feeding.FeedingRecord sendPlayerStartGameMsg [playerId=1217036, prey=false, _predatorIndex=]
2009-05-06 13:56:22,509 ERROR: vampire.server.feeding.FeedingRecord sendPlayerStartGameMsg [playerId=622761, prey=false, _predatorIndex=]
2009-05-06 13:56:32,019 ERROR: vampire.server.feeding.FeedingRecord sendPlayerStartGameMsg [playerId=534988, prey=false, _predatorIndex=]
2009-05-06 13:56:54,527 ERROR: vampire.server.feeding.FeedingRecord sendPlayerStartGameMsg [playerId=140983, prey=true, _predatorIndex=]
2009-05-06 13:56:54,534 ERROR: vampire.server.feeding.FeedingRecord sendPlayerStartGameMsg [playerId=140487, prey=false, _predatorIndex=]
2009-05-06 13:57:17,771 ERROR: vampire.server.feeding.FeedingRecord sendPlayerStartGameMsg [playerId=351430, prey=true, _predatorIndex=]
2009-05-06 13:57:17,776 ERROR: vampire.server.feeding.FeedingRecord sendPlayerStartGameMsg [playerId=1204193, prey=false, _predatorIndex=]
2009-05-06 13:57:33,980 ERROR: vampire.server.feeding.FeedingRecord sendPlayerStartGameMsg [playerId=1120227, prey=false, _predatorIndex=]
2009-05-06 13:57:37,048 ERROR: vampire.server.feeding.FeedingRecord sendPlayerStartGameMsg [playerId=853019, prey=false, _predatorIndex=]
2009-05-06 13:58:09,732 ERROR: vampire.server.feeding.FeedingRecord sendPlayerStartGameMsg [playerId=205446, prey=false, _predatorIndex=]
2009-05-06 13:58:15,964 ERROR: vampire.server.feeding.FeedingRecord sendPlayerStartGameMsg [playerId=130730, prey=false, _predatorIndex=]
2009-05-06 13:59:42,286 ERROR: vampire.server.feeding.FeedingRecord sendPlayerStartGameMsg [playerId=145622, prey=false, _predatorIndex=]

>>>>BeginStats

>>>>BeginTable
PlayerId, StartTime, EndTime, ProgenyPayout, XPFromFeeding, FeedingGames, MeanFeedingScore, BloodBond, Progeny, GrandProgeny, Sire, Level, Invites
100300, 1241643273485, , 0, 0, 0, 0, 0, 1, 0, 447249, 4, 0
1005670, , , 93.7, 0, 0, 0, 0, 4, 0, 327756, , 
102929, , , 116.00000000000001, 0, 0, 0, 0, 2, 2, 71724, , 
103144, , , 54.5, 0, 0, 0, 0, 5, 16, 116005, , 
1031852, 1241639437061, 1241639980037, 0, 421, 3, 132.66666666666666, 0, 0, 0, 0, 1, 
10642, , , 29.6, 0, 0, 0, 0, 31, 9, 351598, , 
1092321, 1241643296832, , 0, 0, 0, 0, 53030, 28, 34, 35568, 10, 2
1093697, 1241643259777, 1241643290640, 0, 0, 0, 0, 0, 0, 0, 1124214, 1, 
1120227, 1241643273230, , 0, 301, 2, 150.5, 0, 0, 0, 154004, 1, 0
1126061, , , 48.5, 0, 0, 0, 0, 1, 0, 52350, , 
112953, , , 4.8500000000000005, 0, 0, 0, 0, 3, 7, 241176, , 
113203, , , 19.1, 0, 0, 0, 0, 1, 0, 553865, , 
113237, , , 65.35000000000001, 0, 0, 0, 0, 9, 18, 10642, , 
1138221, 1241639715260, , 0, 94, 1, 109, 1283799, 0, 0, 269484, 3, 0
11460, , , 264.7, 0, 0, 0, 0, 1, 10, 41022, , 
1152360, 1241642446950, 1241643102431, 0, 0, 0, 0, 0, 0, 0, 70997, 4, 
116005, , , 27.25, 0, 0, 0, 0, 6, 5, 130627, , 
116395, 1241639707183, 1241640297977, 0, 191, 2, 96.5, 0, 0, 0, 113203, 3, 
1168036, 1241641821681, 1241642501119, 0, 233, 1, 261, 0, 0, 0, 622761, 1, 
117857, , , 28, 0, 0, 0, 0, 3, 0, 146211, , 
1192337, , , 34.7, 0, 0, 0, 0, 17, 6, 1012813, , 
1199648, 1241642359792, 1241643375744, 0, 254, 2, 136, 0, 1, 0, 394001, 3, 1
12, , , 975.1999999999999, 0, 0, 0, 0, 20, 69, 383387, , 
1204193, 1241642961776, , 0, 485, 3, 143, 0, 0, 0, 1126061, 1, 0
1213881, 1241639581411, 1241639589391, 0, 0, 0, 0, 0, 0, 0, 0, 1, 
1217036, 1241642882103, , 0, 313, 3, 104.33333333333333, 0, 0, 0, 0, 1, 0
122907, , , 61.7, 0, 0, 0, 0, 1, 10, 251062, , 
1237789, , , 145.4, 0, 0, 0, 0, 1, 5, 510740, , 
1241857, 1241639719467, 1241643563389, 128.20000000000002, 5227, 20, 341.45, 0, 2, 0, 259344, 3, 1
1249888, 1241640085432, 1241640311535, 0, 113, 1, 113, 0, 0, 0, 0, 1, 
1252426, 1241642982474, 1241643607107, 0, 0, 0, 0, 0, 0, 0, 35568, 2, 
125347, 1241642610739, 1241642619673, 0, 131, 1, 131, 0, 0, 0, 561527, 1, 0
1259932, 1241642225209, 1241643593717, 0, 254, 2, 117.5, 0, 0, 0, 0, 1, 
1265, , , 12.5, 0, 0, 0, 0, 2, 29, 12, , 
1270861, 1241639560704, 1241639581723, 0, 0, 0, 0, 0, 0, 0, 0, 1, 
1275500, 1241643111881, 1241643128023, 0, 0, 0, 0, 0, 0, 0, 0, 1, 
1275557, 1241642432086, 1241643168688, 0, 144, 1, 121, 0, 0, 0, 0, 1, 
1276975, 1241640594051, 1241640614675, 0, 0, 0, 0, 0, 0, 0, 0, 1, 
1278812, 1241642975321, 1241643014741, 0, 0, 0, 0, 0, 0, 0, 0, 1, 
12791, 1241642547124, 1241642650049, 0, 0, 0, 0, 0, 14, 23, 12, 12, 2
127942, , , 4.05, 0, 0, 0, 0, 6, 2, 133611, , 
1283799, 1241641330551, , 0, 104, 1, 105, 1138221, 0, 0, 971101, 2, 0
1297731, 1241641077068, 1241641316963, 0, 96, 1, 82, 0, 0, 0, 438751, 1, 
1297977, 1241641815672, 1241642816973, 0, 0, 0, 0, 0, 0, 0, 311783, 1, 
1298190, 1241642490871, 1241642576996, 0, 0, 0, 0, 0, 0, 0, 0, 1, 
130244, , , 94.70000000000002, 0, 0, 0, 0, 3, 10, 237967, , 
130730, 1241642244057, , 0, 1554, 8, 196.5, 0, 2, 0, 402642, 2, 2
135526, , , 5.2, 0, 0, 0, 0, 11, 1, 162782, , 
137784, 1241640114937, 1241640291751, 0, 97, 1, 97, 0, 0, 0, 153510, 3, 0
139168, 1241641323062, , 0, 1160, 4, 271, 0, 2, 0, 102929, 4, 0
140487, 1241643289457, , 0, 137, 1, 167, 0, 1, 0, 317217, 4, 1
140983, 1241641831411, 1241643631017, 0, 280, 2, 122, 0, 0, 0, 117857, 3, 0
143501, 1241641892094, 1241642290750, 0, 95, 1, 95, 0, 3, 8, 326885, 8, 2
143538, , , 511.9500000000001, 0, 0, 0, 0, 2, 23, 1531, , 
145622, 1241643554915, , 0, 0, 0, 0, 0, 0, 0, 0, 1, 0
146211, , , 14, 0, 0, 0, 0, 1, 3, 258951, , 
147608, , , 6.550000000000001, 0, 0, 0, 0, 7, 2, 502119, , 
1531, 1241639897623, , 61.8, 9261, 19, 492.8421052631579, 503, 6, 14, 12, 15, 3
153510, , , 9.700000000000001, 0, 0, 0, 0, 7, 0, 112953, , 
154004, , , 30.1, 0, 0, 0, 0, 9, 0, 90041, , 
156486, , , 12.5, 0, 0, 0, 0, 1, 0, 372783, , 
161001, 1241641269536, 1241643013737, 0, 0, 0, 0, 0, 1, 2, 377820, 4, 5
161075, 1241643590619, 1241643599379, 0, 0, 0, 0, 0, 0, 0, 200244, 2, 0
162352, 1241639547807, 1241640596988, 0, 694, 5, 121, 0, 0, 0, 57748, 3, 
166371, , , 4.7, 0, 0, 0, 0, 4, 8, 267622, , 
166385, , , 27.95, 0, 0, 0, 0, 1, 2, 172329, , 
168216, 1241643617260, , 0, 0, 0, 0, 0, 0, 0, 0, 1, 0
170048, , , 55.9, 0, 0, 0, 0, 2, 0, 166385, , 
171151, 1241641685329, 1241643536961, 316.1, 0, 0, 0, 77, 39, 17, 21067, 14, 3
174422, , , 67.80000000000001, 0, 0, 0, 0, 1, 3, 54776, , 
1802, 1241642776091, 1241643439364, 0, 545, 1, 228, 995, 7, 2, 103144, 12, 2
185517, 1241639683303, 1241639740931, 0, 0, 0, 0, 0, 0, 0, 194112, 2, 0
1892, 1241641385112, 1241642485079, 0, 982, 2, 522, 33511, 20, 6, 995, 12, 2
193256, 1241643320178, 1241643366580, 0, 0, 0, 0, 0, 0, 0, 0, 1, 
194910, 1241643283131, , 0, 123, 1, 123, 0, 0, 0, 865399, 1, 0
194912, 1241643106373, 1241643126822, 0, 0, 0, 0, 0, 0, 0, 0, 1, 
198620, 1241643543901, , 0, 1356, 6, 182.66666666666666, 2108, 1, 0, 33995, 5, 1
200145, , , 92.25000000000001, 0, 0, 0, 0, 1, 4, 209656, , 
201281, 1241641691692, 1241642118529, 0, 0, 0, 0, 0, 1, 0, 447249, 3, 0
20260, , , 41.85000000000001, 0, 0, 0, 0, 18, 19, 12, , 
205446, 1241643188473, , 0, 567, 2, 139, 96675, 0, 0, 96675, 4, 0
205694, 1241641210218, 1241642216990, 0, 1282, 3, 180, 0, 0, 0, 1241857, 2, 
206384, 1241641260756, 1241641758067, 0, 46, 1, 91, 0, 0, 0, 0, 1, 
209656, , , 31.950000000000003, 0, 0, 0, 0, 6, 2, 167153, , 
210163, , , 317.05, 0, 0, 0, 0, 12, 19, 255725, , 
21067, , , 158.05, 0, 0, 0, 0, 2, 39, 302907, , 
213501, 1241642421337, 1241642545556, 0, 0, 0, 0, 0, 0, 0, 503952, 1, 0
22707, , , 378.3, 0, 0, 0, 0, 7, 10, 8842, , 
230751, , , 8.1, 0, 0, 0, 0, 2, 0, 127942, , 
237967, , , 47.35000000000001, 0, 0, 0, 0, 1, 3, 336228, , 
240287, 1241641019228, 1241642375728, 0, 1169, 6, 139.66666666666666, 0, 0, 0, 351430, 2, 
247992, , , 77.7, 0, 0, 0, 0, 3, 4, 214539, , 
255725, , , 133.05, 0, 0, 0, 0, 1, 12, 309124, , 
258951, , , 25, 0, 0, 0, 0, 23, 10, 1265, , 
259344, 1241639492248, , 852.45, 1236, 4, 436, 223864, 23, 19, 143538, 11, 2
268182, 1241642002556, 1241642014857, 0, 0, 0, 0, 0, 0, 0, 0, 1, 0
269484, , , 9.4, 0, 0, 0, 0, 8, 0, 166371, , 
2843, 1241643595714, , 0, 0, 0, 0, 5212, 8, 33, 3383, 13, 11
297380, 1241641333993, , 0, 0, 0, 0, 0, 11, 3, 90015, 4, 3
298666, 1241641561025, 1241643476962, 0, 165, 1, 198, 868186, 7, 0, 259344, 7, 2
307471, , , 333.25000000000006, 0, 0, 0, 0, 1, 10, 12, , 
311783, 1241641230165, , 0, 2647, 7, 420, 0, 10, 2, 11460, 9, 6
313991, 1241640060720, 1241640707724, 0, 733, 3, 123, 0, 0, 0, 70997, 1, 
316089, 1241642174473, 1241642561982, 0, 0, 0, 0, 288860, 8, 1, 288860, 8, 5
317217, , , 13.700000000000001, 0, 0, 0, 0, 1, 1, 387114, , 
321365, , , 12.7, 0, 0, 0, 0, 3, 1, 317371, , 
32314, 1241639861921, 1241640017072, 0, 0, 0, 0, 635003, 10, 14, 40508, 13, 2
326885, , , 9.5, 0, 0, 0, 0, 2, 3, 68619, , 
327756, , , 46.85, 0, 0, 0, 0, 1, 4, 336524, , 
33511, 1241643377223, , 0, 0, 0, 0, 1892, 1, 0, 246356, 9, 4
336228, , , 724.95, 0, 0, 0, 0, 10, 14, 307471, , 
337958, 1241639437094, 1241639877068, 0, 125, 1, 134, 0, 0, 0, 156486, 2, 0
33995, , , 135.60000000000002, 0, 0, 0, 0, 3, 2, 174422, , 
351430, 1241639456124, , 116.9, 6665, 20, 369.5, 336228, 13, 46, 336228, 13, 2
35568, 1241641862736, 1241643145211, 0, 250, 1, 232, 0, 2, 28, 258951, 4, 
366412, 1241639504209, 1241639543112, 0, 0, 0, 0, 0, 0, 0, 58643, 1, 
37261, 1241642075658, 1241643517877, 0, 1454, 4, 439.75, 0, 5, 0, 1237789, 5, 1
372783, , , 6.25, 0, 0, 0, 0, 1, 1, 50669, , 
3811, 1241639453130, 1241639799288, 0, 0, 0, 0, 345939, 2, 1, 452296, 4, 
383387, , , 463.05, 0, 0, 0, 0, 7, 57, 0, , 
387114, , , 6.8500000000000005, 0, 0, 0, 0, 2, 1, 104034, , 
394001, , , 25.4, 0, 0, 0, 0, 1, 1, 321365, , 
397835, , , 143.00000000000003, 0, 0, 0, 0, 5, 33, 47379, , 
402642, , , 155.4, 0, 0, 0, 0, 4, 2, 247992, , 
41022, , , 132.35, 0, 0, 0, 0, 2, 1, 412796, , 
430104, 1241639522204, 1241640653122, 0, 1053, 4, 263.25, 680154, 3, 0, 508617, 5, 2
43386, 1241642972613, 1241643488655, 0, 947, 2, 421, 106210, 4, 4, 130244, 8, 4
437233, , , 3.8000000000000003, 0, 0, 0, 0, 1, 3, 169408, , 
438751, 1241639595124, 1241641419665, 101.9, 2661, 8, 442.125, 988642, 19, 9, 210163, 10, 2
447249, 1241641668631, 1241643135593, 0, 0, 0, 0, 10642, 4, 4, 199427, 15, 2
452557, 1241643434611, , 0, 0, 0, 0, 0, 0, 0, 156282, 1, 0
47379, , , 25.900000000000002, 0, 0, 0, 0, 4, 5, 54776, , 
502119, 1241639825368, 1241642041028, 0, 3783, 12, 289.5, 520359, 10, 13, 22707, 9, 1
508617, , , 105.30000000000001, 0, 0, 0, 0, 3, 3, 510740, , 
510740, , , 125.35000000000001, 0, 0, 0, 0, 70, 5, 534632, , 
520205, 1241642140920, 1241642179395, 0, 0, 0, 0, 533476, 1, 0, 510740, 2, 0
52350, , , 24.25, 0, 0, 0, 0, 5, 1, 674637, , 
53030, , , 123.4, 0, 0, 0, 0, 10, 1, 122907, , 
533, 1241641299520, , 0, 0, 0, 0, 535, 10, 11, 20260, 14, 2
534988, 1241643351423, 1241643525440, 0, 81, 1, 81, 0, 0, 0, 230751, 1, 0
547115, 1241642416441, 1241643348850, 0, 493, 2, 114.5, 0, 0, 0, 0, 1, 
54776, 1241642659689, 1241642897914, 69.6, 837, 3, 320.6666666666667, 0, 76, 33, 89757, 15, 3
553865, , , 9.55, 0, 0, 0, 0, 1, 1, 174528, , 
561527, , , 13.100000000000001, 0, 0, 0, 0, 1, 0, 147608, , 
562953, , , 7.6000000000000005, 0, 0, 0, 0, 3, 0, 437233, , 
57748, , , 69.4, 0, 0, 0, 0, 5, 0, 1192337, , 
622761, 1241640130888, , 23.3, 2375, 14, 147.28571428571428, 0, 1, 0, 259344, 2, 0
624485, 1241642267861, 1241643204641, 0, 76, 1, 76, 0, 0, 0, 562953, 2, 
675483, 1241641924143, , 0, 3161, 10, 323, 0, 0, 0, 171151, 4, 0
68619, , , 4.75, 0, 0, 0, 0, 2, 9, 12770, , 
703094, 1241643610637, , 0, 1234, 7, 138, 0, 0, 0, 53030, 3, 0
70557, 1241643165645, 1241643253259, 0, 0, 0, 0, 0, 5, 24, 502119, 5, 2
70997, 1241640031699, 1241640552307, 182.40000000000003, 518, 1, 899, 1010692, 33, 32, 397835, 12, 3
713, 1241642909293, , 0, 0, 0, 0, 1265, 11, 74, 12, 18, 6
71724, , , 58.00000000000001, 0, 0, 0, 0, 19, 2, 94103, , 
763333, 1241641898868, 1241641929699, 0, 0, 0, 0, 0, 0, 0, 0, 1, 
77, 1241642180388, 1241642201849, 0, 0, 0, 0, 171151, 11, 2, 12770, 14, 2
78233, 1241642412618, 1241643144712, 0, 696, 4, 100.25, 0, 0, 0, 54776, 1, 
822943, 1241640703713, 1241641193280, 0, 504, 2, 127.5, 0, 0, 0, 0, 1, 
836050, 1241639984137, 1241640236996, 0, 592, 1, 742, 592692, 13, 5, 113237, 8, 2
852878, 1241643274716, 1241643283925, 0, 0, 0, 0, 0, 0, 0, 0, 1, 
853019, 1241643369037, , 0, 52, 1, 52, 0, 0, 0, 0, 1, 0
865399, , , 12.3, 0, 0, 0, 0, 5, 0, 113237, , 
8842, , , 189.15, 0, 0, 0, 0, 12, 8, 1531, , 
885698, 1241642506038, 1241642511565, 0, 0, 0, 0, 891151, 4, 0, 836050, 4, 
89757, , , 118.50000000000001, 0, 0, 0, 0, 3, 76, 20260, , 
90041, , , 15.05, 0, 0, 0, 0, 1, 9, 258951, , 
926905, 1241639442303, , 0, 923, 7, 71, 0, 0, 0, 438751, 2, 0
927894, 1241640326520, 1241642142958, 0, 937, 6, 134, 0, 0, 0, 1005670, 2, 
960704, 1241641034396, 1241641051274, 0, 0, 0, 0, 0, 0, 0, 438751, 1, 
96675, 1241642830362, , 56.7, 639, 2, 463.5, 205446, 4, 3, 200145, 4, 0
971101, , , 10.4, 0, 0, 0, 0, 1, 0, 135526, , 
972498, 1241639456405, 1241641315144, 0, 1091, 7, 147.14285714285714, 0, 0, 0, 70997, 2, 
995, , , 98.20000000000002, 0, 0, 0, 0, 12, 20, 12, , 
99575, 1241640102428, 1241643596973, 0, 559, 6, 96.66666666666667, 0, 0, 0, 170048, 1, 0
<<<<EndTable

PlayersOnlineNow=31
PlayersOnlineEachMinute=0, 13, 15, 14, 14, 17, 15, 13, 15, 17, 17, 19, 22, 23, 21, 19, 19, 19, 19, 18, 18, 17, 18, 17, 17, 17, 17, 18, 20, 19, 22, 24, 26, 27, 26, 25, 26, 26, 29, 29, 32, 35, 35, 35, 34, 34, 35, 33, 34, 36, 39, 40, 39, 36, 34, 34, 34, 33, 35, 37, 36, 36, 32, 33, 35, 36, 36, 36, 34, 32
PlayersInEachFeedingGame=1, 1, 2, 1, 1, 2, 1, 2, 2, 1, 2, 1, 2, 1, 2, 1, 1, 1, 2, 2, 1, 2, 2, 2, 2, 2, 1, 1, 2, 2, 1, 1, 2, 2, 1, 2, 2, 1, 2, 1, 2, 2, 2, 2, 2, 2, 2, 2, 2, 1, 1, 2, 1, 1, 2, 2, 1, 1, 2, 2, 1, 1, 2, 1, 1, 2, 2, 2, 1, 2, 1, 1, 1, 1, 1, 2, 2, 2, 2, 1, 1, 1, 2, 1, 2, 2, 2, 2, 1, 1, 2, 1, 1, 1, 1, 2, 1, 1, 2, 1, 1, 1, 1, 1, 1, 2, 2, 1, 1, 1, 1, 1
PlayersStarted=148
PlayersQuit=117
StatsStartTime=1241639434790
StatsDumpTime=1241643635988
<<<<EndStats
2009-05-06 14:00:43,434 ERROR: vampire.server.feeding.FeedingRecord sendPlayerStartGameMsg [playerId=130730, prey=true, _predatorIndex=]
2009-05-06 14:00:43,439 ERROR: vampire.server.feeding.FeedingRecord sendPlayerStartGameMsg [playerId=100300, prey=false, _predatorIndex=]
2009-05-06 14:00:52,138 ERROR: vampire.server.feeding.FeedingRecord sendPlayerStartGameMsg [playerId=703094, prey=false, _predatorIndex=]
2009-05-06 14:00:57,554 ERROR: vampire.server.feeding.FeedingRecord sendPlayerStartGameMsg [playerId=1217036, prey=false, _predatorIndex=703094]
2009-05-06 14:01:10,832 ERROR: vampire.server.feeding.FeedingRecord sendPlayerStartGameMsg [playerId=675483, prey=false, _predatorIndex=703094,1217036]
2009-05-06 14:01:40,872 ERROR: vampire.server.feeding.FeedingRecord sendPlayerStartGameMsg [playerId=2843, prey=false, _predatorIndex=]
2009-05-06 14:01:53,416 ERROR: vampire.server.feeding.FeedingRecord sendPlayerStartGameMsg [playerId=703094, prey=false, _predatorIndex=703094,1217036,675483]
2009-05-06 14:02:32,601 ERROR: vampire.server.feeding.FeedingRecord sendPlayerStartGameMsg [playerId=205446, prey=false, _predatorIndex=]
2009-05-06 14:03:12,676 ERROR: vampire.server.feeding.FeedingRecord sendPlayerStartGameMsg [playerId=130730, prey=false, _predatorIndex=]
2009-05-06 14:03:25,649 ERROR: vampire.server.feeding.FeedingRecord sendPlayerStartGameMsg [playerId=198620, prey=false, _predatorIndex=]
2009-05-06 14:03:28,599 ERROR: vampire.server.feeding.FeedingRecord sendPlayerStartGameMsg [playerId=1120227, prey=false, _predatorIndex=]
2009-05-06 14:03:51,394 ERROR: vampire.server.feeding.FeedingRecord sendPlayerStartGameMsg [playerId=311783, prey=true, _predatorIndex=]
2009-05-06 14:03:51,416 ERROR: vampire.server.feeding.FeedingRecord sendPlayerStartGameMsg [playerId=58859, prey=false, _predatorIndex=]
2009-05-06 14:04:01,078 ERROR: vampire.server.feeding.FeedingRecord sendPlayerStartGameMsg [playerId=675483, prey=false, _predatorIndex=1204193]
2009-05-06 14:04:32,733 ERROR: vampire.server.feeding.FeedingRecord sendPlayerStartGameMsg [playerId=33511, prey=false, _predatorIndex=]
2009-05-06 14:05:03,034 ERROR: vampire.server.feeding.FeedingRecord sendPlayerStartGameMsg [playerId=33511, prey=false, _predatorIndex=198620]
2009-05-06 14:05:04,561 ERROR: vampire.server.feeding.FeedingRecord sendPlayerStartGameMsg [playerId=205446, prey=true, _predatorIndex=]
2009-05-06 14:05:04,563 ERROR: vampire.server.feeding.FeedingRecord sendPlayerStartGameMsg [playerId=96675, prey=false, _predatorIndex=]
2009-05-06 14:05:36,569 ERROR: vampire.server.feeding.FeedingRecord sendPlayerStartGameMsg [playerId=171151, prey=true, _predatorIndex=]
2009-05-06 14:05:36,575 ERROR: vampire.server.feeding.FeedingRecord sendPlayerStartGameMsg [playerId=33511, prey=false, _predatorIndex=]
2009-05-06 14:05:42,810 ERROR: vampire.server.feeding.FeedingRecord sendPlayerStartGameMsg [playerId=703094, prey=false, _predatorIndex=]
2009-05-06 14:05:49,653 ERROR: vampire.server.feeding.FeedingRecord sendPlayerStartGameMsg [playerId=178632, prey=false, _predatorIndex=]
2009-05-06 14:06:34,476 ERROR: vampire.server.feeding.FeedingRecord sendPlayerStartGameMsg [playerId=1092321, prey=true, _predatorIndex=]
2009-05-06 14:06:34,478 ERROR: vampire.server.feeding.FeedingRecord sendPlayerStartGameMsg [playerId=130730, prey=false, _predatorIndex=]
2009-05-06 14:06:34,576 ERROR: vampire.server.feeding.FeedingRecord sendPlayerStartGameMsg [playerId=198620, prey=false, _predatorIndex=130730]
2009-05-06 14:06:41,693 ERROR: vampire.server.feeding.FeedingRecord sendPlayerStartGameMsg [playerId=58859, prey=false, _predatorIndex=130730,198620]
2009-05-06 14:06:51,938 ERROR: vampire.server.feeding.FeedingRecord sendPlayerStartGameMsg [playerId=58859, prey=false, _predatorIndex=33511]
2009-05-06 14:07:34,791 ERROR: vampire.server.feeding.FeedingRecord sendPlayerStartGameMsg [playerId=58859, prey=false, _predatorIndex=130730,198620,58859]
2009-05-06 14:07:40,469 ERROR: vampire.server.feeding.FeedingRecord sendPlayerStartGameMsg [playerId=58859, prey=false, _predatorIndex=]
2009-05-06 14:07:49,196 ERROR: vampire.server.feeding.FeedingRecord sendPlayerStartGameMsg [playerId=58859, prey=false, _predatorIndex=130730,198620,58859]
2009-05-06 14:08:04,673 ERROR: vampire.server.feeding.FeedingRecord sendPlayerStartGameMsg [playerId=1204193, prey=false, _predatorIndex=1204193,675483]
2009-05-06 14:08:15,133 ERROR: vampire.server.feeding.FeedingRecord sendPlayerStartGameMsg [playerId=1204193, prey=false, _predatorIndex=1204193,675483]
2009-05-06 14:08:48,727 ERROR: vampire.server.feeding.FeedingRecord sendPlayerStartGameMsg [playerId=139168, prey=true, _predatorIndex=]
2009-05-06 14:08:48,752 ERROR: vampire.server.feeding.FeedingRecord sendPlayerStartGameMsg [playerId=100300, prey=false, _predatorIndex=]
2009-05-06 14:09:03,126 ERROR: vampire.server.feeding.FeedingRecord sendPlayerStartGameMsg [playerId=58859, prey=false, _predatorIndex=130730,198620,58859]
2009-05-06 14:09:07,726 ERROR: vampire.server.feeding.FeedingRecord sendPlayerStartGameMsg [playerId=438751, prey=true, _predatorIndex=]
2009-05-06 14:09:07,729 ERROR: vampire.server.feeding.FeedingRecord sendPlayerStartGameMsg [playerId=1120227, prey=false, _predatorIndex=]
2009-05-06 14:09:27,369 ERROR: vampire.server.feeding.FeedingRecord sendPlayerStartGameMsg [playerId=206148, prey=true, _predatorIndex=]
2009-05-06 14:09:27,372 ERROR: vampire.server.feeding.FeedingRecord sendPlayerStartGameMsg [playerId=58859, prey=false, _predatorIndex=]
2009-05-06 14:09:58,356 ERROR: vampire.server.feeding.FeedingRecord sendPlayerStartGameMsg [playerId=130730, prey=false, _predatorIndex=]
2009-05-06 14:10:19,884 ERROR: vampire.server.feeding.FeedingRecord sendPlayerStartGameMsg [playerId=103033, prey=true, _predatorIndex=]
2009-05-06 14:10:19,887 ERROR: vampire.server.feeding.FeedingRecord sendPlayerStartGameMsg [playerId=1092321, prey=false, _predatorIndex=]

>>>>BeginStats

>>>>BeginTable
PlayerId, StartTime, EndTime, ProgenyPayout, XPFromFeeding, FeedingGames, MeanFeedingScore, BloodBond, Progeny, GrandProgeny, Sire, Level, Invites
100300, 1241643273485, , 0, 138, 1, 132, 0, 1, 0, 447249, 4, 0
1005670, , , 93.7, 0, 0, 0, 0, 4, 0, 327756, , 
1027896, 1241643754314, 1241643808009, 0, 0, 0, 0, 0, 0, 0, 0, 1, 
102929, , , 116.00000000000001, 0, 0, 0, 0, 2, 2, 71724, , 
103033, 1241644071004, , 0, 0, 0, 0, 767143, 11, 13, 81899, 6, 1
103144, , , 54.5, 0, 0, 0, 0, 5, 16, 116005, , 
1031852, 1241639437061, 1241639980037, 0, 421, 3, 132.66666666666666, 0, 0, 0, 0, 1, 
1032421, 1241643748967, 1241644048593, 0, 0, 0, 0, 0, 7, 1, 990799, 7, 1
10642, , , 29.6, 0, 0, 0, 0, 31, 9, 351598, , 
1092321, 1241643296832, , 0, 224, 1, 423, 53030, 28, 34, 35568, 10, 2
1093697, 1241643259777, 1241643290640, 0, 0, 0, 0, 0, 0, 0, 1124214, 1, 
1120227, 1241643273230, 1241644196998, 0, 445, 3, 148.33333333333334, 0, 0, 0, 154004, 1, 
1126061, , , 170.5, 0, 0, 0, 0, 1, 0, 52350, , 
112953, , , 4.8500000000000005, 0, 0, 0, 0, 3, 7, 241176, , 
113203, , , 19.1, 0, 0, 0, 0, 1, 0, 553865, , 
113237, , , 65.35000000000001, 0, 0, 0, 0, 9, 18, 10642, , 
1138221, 1241639715260, , 0, 94, 1, 109, 1283799, 0, 0, 269484, 3, 0
11460, , , 306.7, 0, 0, 0, 0, 1, 11, 41022, , 
1152360, 1241642446950, 1241643102431, 0, 0, 0, 0, 0, 0, 0, 70997, 4, 
116005, , , 27.25, 0, 0, 0, 0, 6, 5, 130627, , 
116395, 1241639707183, 1241640297977, 0, 191, 2, 96.5, 0, 0, 0, 113203, 3, 
1168036, 1241641821681, 1241642501119, 0, 233, 1, 261, 0, 0, 0, 622761, 1, 
117857, , , 28, 0, 0, 0, 0, 3, 0, 146211, , 
1192337, , , 34.7, 0, 0, 0, 0, 17, 6, 1012813, , 
1199648, 1241642359792, 1241643375744, 0, 254, 2, 136, 0, 1, 0, 394001, 3, 1
12, , , 1091.4, 0, 0, 0, 0, 20, 69, 383387, , 
1204193, 1241642961776, , 0, 1705, 7, 152.57142857142858, 0, 0, 0, 1126061, 2, 0
1213881, 1241639581411, 1241639589391, 0, 0, 0, 0, 0, 0, 0, 0, 1, 
1217036, 1241642882103, 1241643821276, 0, 409, 4, 102.25, 0, 0, 0, 0, 1, 
122907, , , 67.8, 0, 0, 0, 0, 1, 10, 251062, , 
1237789, , , 145.4, 0, 0, 0, 0, 1, 5, 510740, , 
1241857, 1241639719467, 1241643563389, 128.20000000000002, 5227, 20, 341.45, 0, 2, 0, 259344, 3, 1
1249888, 1241640085432, 1241640311535, 0, 113, 1, 113, 0, 0, 0, 0, 1, 
1252426, 1241642982474, 1241643607107, 0, 0, 0, 0, 0, 0, 0, 35568, 2, 
125347, 1241642610739, 1241642619673, 0, 131, 1, 131, 0, 0, 0, 561527, 1, 0
1259932, 1241642225209, 1241643593717, 0, 254, 2, 117.5, 0, 0, 0, 0, 1, 
1265, , , 12.5, 0, 0, 0, 0, 2, 29, 12, , 
1270861, 1241639560704, 1241639581723, 0, 0, 0, 0, 0, 0, 0, 0, 1, 
1275500, 1241643111881, 1241643128023, 0, 0, 0, 0, 0, 0, 0, 0, 1, 
1275557, 1241642432086, 1241643168688, 0, 144, 1, 121, 0, 0, 0, 0, 1, 
1276975, 1241640594051, 1241640614675, 0, 0, 0, 0, 0, 0, 0, 0, 1, 
1278812, 1241642975321, 1241643014741, 0, 0, 0, 0, 0, 0, 0, 0, 1, 
12791, 1241642547124, 1241642650049, 106.05000000000001, 0, 0, 0, 0, 14, 23, 12, 12, 2
127942, , , 4.05, 0, 0, 0, 0, 6, 2, 133611, , 
1283799, 1241641330551, 1241643842213, 0, 104, 1, 105, 1138221, 0, 0, 971101, 2, 
1297731, 1241641077068, 1241641316963, 0, 96, 1, 82, 0, 0, 0, 438751, 1, 
1297854, 1241643824947, 1241643839759, 0, 0, 0, 0, 0, 0, 0, 0, 1, 
1297977, 1241641815672, 1241642816973, 0, 0, 0, 0, 0, 0, 0, 311783, 1, 
1298190, 1241642490871, 1241642576996, 0, 0, 0, 0, 0, 0, 0, 0, 1, 
1298618, 1241643767803, 1241643876414, 0, 0, 0, 0, 0, 0, 0, 311783, 1, 
1298759, 1241644184873, , 0, 0, 0, 0, 0, 0, 0, 0, 1, 0
130244, , , 94.70000000000002, 0, 0, 0, 0, 3, 10, 237967, , 
130730, 1241642244057, , 0, 2008, 11, 175.9090909090909, 0, 2, 0, 402642, 3, 2
135526, , , 5.2, 0, 0, 0, 0, 11, 1, 162782, , 
137784, 1241640114937, 1241640291751, 0, 97, 1, 97, 0, 0, 0, 153510, 3, 0
139168, 1241641323062, , 0, 1160, 4, 271, 0, 2, 0, 102929, 4, 0
140487, 1241643289457, 1241643652904, 0, 137, 1, 167, 0, 1, 0, 317217, 4, 1
140983, 1241641831411, 1241643631017, 0, 280, 2, 122, 0, 0, 0, 117857, 3, 0
143501, 1241641892094, 1241642290750, 0, 95, 1, 95, 0, 3, 8, 326885, 8, 2
143538, , , 511.9500000000001, 0, 0, 0, 0, 2, 23, 1531, , 
144313, 1241644036655, 1241644055308, 0, 0, 0, 0, 0, 0, 0, 0, 1, 0
145622, 1241643554915, 1241643716959, 0, 0, 0, 0, 0, 0, 0, 0, 1, 
146211, , , 14, 0, 0, 0, 0, 1, 3, 258951, , 
147608, , , 6.550000000000001, 0, 0, 0, 0, 7, 2, 502119, , 
1531, 1241639897623, , 61.8, 10423, 22, 478.45454545454544, 503, 6, 14, 12, 15, 3
153510, , , 9.700000000000001, 0, 0, 0, 0, 7, 0, 112953, , 
154004, 1241643874517, 1241643969029, 44.5, 0, 0, 0, 561706, 9, 6, 90041, 4, 0
156486, , , 12.5, 0, 0, 0, 0, 1, 0, 372783, , 
161001, 1241641269536, 1241643013737, 0, 0, 0, 0, 0, 1, 2, 377820, 4, 5
161075, 1241643590619, 1241643599379, 0, 0, 0, 0, 0, 0, 0, 200244, 2, 0
162352, 1241639547807, 1241640596988, 0, 694, 5, 121, 0, 0, 0, 57748, 3, 
166371, , , 4.7, 0, 0, 0, 0, 4, 8, 267622, , 
166385, , , 27.95, 0, 0, 0, 0, 1, 2, 172329, , 
168216, 1241643617260, 1241643637306, 0, 0, 0, 0, 0, 0, 0, 0, 1, 0
170048, , , 55.9, 0, 0, 0, 0, 2, 0, 166385, , 
171151, 1241644032085, 1241644196973, 392.1, 0, 0, 0, 77, 39, 17, 21067, 14, 3
174422, , , 83.95000000000002, 0, 0, 0, 0, 1, 3, 54776, , 
178632, 1241643790049, , 0, 219, 2, 109.5, 0, 0, 0, 0, 1, 0
1802, 1241642776091, 1241643439364, 0, 545, 1, 228, 995, 7, 2, 103144, 12, 2
185517, 1241639683303, 1241639740931, 0, 0, 0, 0, 0, 0, 0, 194112, 2, 0
1892, 1241641385112, 1241642485079, 0, 982, 2, 522, 33511, 20, 6, 995, 12, 2
193256, 1241643320178, 1241643366580, 0, 0, 0, 0, 0, 0, 0, 0, 1, 
194910, 1241643283131, 1241644157459, 0, 123, 1, 123, 0, 0, 0, 865399, 1, 
194912, 1241643106373, 1241643126822, 0, 0, 0, 0, 0, 0, 0, 0, 1, 
198620, 1241643543901, , 0, 1679, 8, 164.5, 2108, 1, 0, 33995, 5, 1
199427, , , 6.9, 0, 0, 0, 0, 1, 4, 208602, , 
200145, , , 193.40000000000003, 0, 0, 0, 0, 1, 4, 209656, , 
201281, 1241641691692, 1241642118529, 0, 0, 0, 0, 0, 1, 0, 447249, 3, 0
20260, , , 41.85000000000001, 0, 0, 0, 0, 18, 19, 12, , 
205446, 1241643188473, , 0, 1320, 5, 134.2, 96675, 0, 0, 96675, 4, 0
205694, 1241641210218, 1241642216990, 0, 1282, 3, 180, 0, 0, 0, 1241857, 2, 
206148, 1241644129375, , 0, 0, 0, 0, 0, 1, 0, 1122449, 3, 0
206384, 1241641260756, 1241641758067, 0, 46, 1, 91, 0, 0, 0, 0, 1, 
206921, 1241644053469, 1241644224600, 0, 0, 0, 0, 0, 0, 0, 0, 1, 
209656, , , 63.7, 0, 0, 0, 0, 6, 2, 167153, , 
210163, , , 317.05, 0, 0, 0, 0, 12, 19, 255725, , 
21067, , , 196.05, 0, 0, 0, 0, 2, 39, 302907, , 
213501, 1241642421337, 1241642545556, 0, 0, 0, 0, 0, 0, 0, 503952, 1, 0
22707, , , 378.3, 0, 0, 0, 0, 7, 10, 8842, , 
230751, , , 8.1, 0, 0, 0, 0, 2, 0, 127942, , 
237967, , , 47.35000000000001, 0, 0, 0, 0, 1, 3, 336228, , 
240287, 1241641019228, 1241642375728, 0, 1169, 6, 139.66666666666666, 0, 0, 0, 351430, 2, 
247992, , , 100.4, 0, 0, 0, 0, 3, 4, 214539, , 
255725, , , 133.05, 0, 0, 0, 0, 1, 12, 309124, , 
258951, , , 36.2, 0, 0, 0, 0, 23, 18, 1265, , 
259344, 1241639492248, 1241644196992, 852.45, 1236, 4, 436, 223864, 23, 19, 143538, 11, 2
268182, 1241642002556, 1241642014857, 0, 0, 0, 0, 0, 0, 0, 0, 1, 0
269484, , , 9.4, 0, 0, 0, 0, 8, 0, 166371, , 
2843, 1241643595714, , 0, 2121, 4, 530.25, 5212, 8, 33, 3383, 13, 11
297380, 1241641333993, 1241643647459, 0, 0, 0, 0, 0, 11, 3, 90015, 4, 3
298666, 1241643667659, , 0, 165, 1, 198, 868186, 7, 0, 259344, 7, 2
307471, , , 409.15000000000003, 0, 0, 0, 0, 1, 10, 12, , 
311783, 1241641230165, , 0, 3067, 8, 416.5, 0, 11, 2, 11460, 9, 7
313991, 1241640060720, 1241640707724, 0, 733, 3, 123, 0, 0, 0, 70997, 1, 
316089, 1241643981212, 1241643993828, 0, 0, 0, 0, 288860, 8, 1, 288860, 8, 5
317217, , , 13.700000000000001, 0, 0, 0, 0, 1, 1, 387114, , 
321365, , , 12.7, 0, 0, 0, 0, 3, 1, 317371, , 
32314, 1241639861921, 1241640017072, 0, 0, 0, 0, 635003, 10, 14, 40508, 13, 2
326885, , , 9.5, 0, 0, 0, 0, 2, 3, 68619, , 
327756, , , 46.85, 0, 0, 0, 0, 1, 4, 336524, , 
33511, 1241643377223, , 0, 0, 0, 0, 1892, 1, 0, 246356, 9, 4
336228, , , 876.75, 0, 0, 0, 0, 10, 14, 307471, , 
337958, 1241639437094, 1241639877068, 0, 125, 1, 134, 0, 0, 0, 156486, 2, 0
3383, , , 212.10000000000002, 0, 0, 0, 0, 6, 10, 12791, , 
33995, , , 167.90000000000003, 0, 0, 0, 0, 3, 2, 174422, , 
351430, 1241639456124, , 116.9, 8183, 25, 388.68, 336228, 13, 46, 336228, 13, 2
35568, 1241641862736, 1241643145211, 22.400000000000002, 250, 1, 232, 0, 2, 28, 258951, 4, 
366412, 1241639504209, 1241639543112, 0, 0, 0, 0, 0, 0, 0, 58643, 1, 
37261, 1241642075658, 1241643517877, 0, 1454, 4, 439.75, 0, 5, 0, 1237789, 5, 1
372783, , , 6.25, 0, 0, 0, 0, 1, 1, 50669, , 
3811, 1241639453130, 1241639799288, 0, 0, 0, 0, 345939, 2, 1, 452296, 4, 
383387, , , 521.15, 0, 0, 0, 0, 7, 57, 0, , 
387114, , , 6.8500000000000005, 0, 0, 0, 0, 2, 1, 104034, , 
394001, , , 25.4, 0, 0, 0, 0, 1, 1, 321365, , 
396113, , , 42, 0, 0, 0, 0, 2, 9, 44987, , 
397835, , , 143.00000000000003, 0, 0, 0, 0, 5, 33, 47379, , 
402642, , , 200.8, 0, 0, 0, 0, 4, 2, 247992, , 
41022, , , 153.35, 0, 0, 0, 0, 2, 1, 412796, , 
430104, 1241639522204, 1241640653122, 0, 1053, 4, 263.25, 680154, 3, 0, 508617, 5, 2
43386, 1241642972613, 1241643488655, 0, 947, 2, 421, 106210, 4, 4, 130244, 8, 4
437233, , , 3.8000000000000003, 0, 0, 0, 0, 1, 3, 169408, , 
438751, 1241644133335, 1241644162400, 101.9, 2661, 8, 442.125, 988642, 19, 9, 210163, 10, 2
447249, 1241641668631, 1241643135593, 13.8, 0, 0, 0, 10642, 4, 4, 199427, 15, 2
44987, , , 21, 0, 0, 0, 0, 1, 2, 12770, , 
452557, 1241643434611, 1241643836933, 0, 0, 0, 0, 0, 0, 0, 156282, 1, 
47379, , , 25.900000000000002, 0, 0, 0, 0, 4, 5, 54776, , 
502119, 1241639825368, 1241642041028, 0, 3783, 12, 289.5, 520359, 10, 13, 22707, 9, 1
508617, , , 105.30000000000001, 0, 0, 0, 0, 3, 3, 510740, , 
510740, , , 125.35000000000001, 0, 0, 0, 0, 70, 6, 534632, , 
520205, 1241642140920, 1241642179395, 0, 0, 0, 0, 533476, 1, 0, 510740, 2, 0
52350, , , 85.25, 0, 0, 0, 0, 5, 1, 674637, , 
53030, , , 135.6, 0, 0, 0, 0, 10, 1, 122907, , 
533, 1241641299520, , 0, 0, 0, 0, 535, 10, 11, 20260, 14, 2
534988, 1241643351423, 1241643525440, 0, 81, 1, 81, 0, 0, 0, 230751, 1, 0
547115, 1241642416441, 1241643348850, 0, 493, 2, 114.5, 0, 0, 0, 0, 1, 
54776, 1241642659689, 1241642897914, 69.6, 837, 3, 320.6666666666667, 0, 76, 33, 89757, 15, 3
553865, , , 9.55, 0, 0, 0, 0, 1, 1, 174528, , 
561527, , , 13.100000000000001, 0, 0, 0, 0, 1, 0, 147608, , 
562953, , , 7.6000000000000005, 0, 0, 0, 0, 3, 0, 437233, , 
57748, , , 69.4, 0, 0, 0, 0, 5, 0, 1192337, , 
58859, 1241643694579, , 0, 420, 1, 447, 43017, 9, 8, 396113, 14, 2
622761, 1241640130888, 1241643897422, 23.3, 2375, 14, 147.28571428571428, 0, 1, 0, 259344, 2, 
624485, 1241642267861, 1241643204641, 0, 76, 1, 76, 0, 0, 0, 562953, 2, 
675483, 1241641924143, , 0, 3921, 12, 313.25000000000006, 0, 0, 0, 171151, 4, 0
68619, , , 4.75, 0, 0, 0, 0, 2, 9, 12770, , 
703094, 1241643610637, , 0, 1356, 8, 136, 0, 0, 0, 53030, 3, 0
70557, 1241643165645, 1241643253259, 0, 0, 0, 0, 0, 5, 24, 502119, 5, 2
70997, 1241640031699, 1241640552307, 182.40000000000003, 518, 1, 899, 1010692, 33, 32, 397835, 12, 3
713, 1241642909293, , 0, 0, 0, 0, 1265, 11, 74, 12, 18, 6
71724, , , 58.00000000000001, 0, 0, 0, 0, 19, 2, 94103, , 
763333, 1241641898868, 1241641929699, 0, 0, 0, 0, 0, 0, 0, 0, 1, 
77, 1241642180388, 1241642201849, 0, 0, 0, 0, 171151, 11, 2, 12770, 14, 2
78233, 1241642412618, 1241643144712, 0, 696, 4, 100.25, 0, 0, 0, 54776, 1, 
822943, 1241640703713, 1241641193280, 0, 504, 2, 127.5, 0, 0, 0, 0, 1, 
836050, 1241639984137, 1241640236996, 0, 592, 1, 742, 592692, 13, 5, 113237, 8, 2
852878, 1241643274716, 1241643283925, 0, 0, 0, 0, 0, 0, 0, 0, 1, 
853019, 1241643369037, 1241643675308, 0, 52, 1, 52, 0, 0, 0, 0, 1, 
862584, 1241643939354, 1241643950268, 0, 0, 0, 0, 0, 0, 0, 0, 1, 
865399, , , 12.3, 0, 0, 0, 0, 5, 0, 113237, , 
8842, , , 189.15, 0, 0, 0, 0, 12, 8, 1531, , 
885698, 1241642506038, 1241642511565, 0, 0, 0, 0, 891151, 4, 0, 836050, 4, 
89757, , , 118.50000000000001, 0, 0, 0, 0, 3, 76, 20260, , 
90041, , , 22.25, 0, 0, 0, 0, 9, 9, 258951, , 
926905, 1241639442303, , 0, 923, 7, 71, 0, 0, 0, 438751, 2, 0
927894, 1241640326520, 1241642142958, 0, 937, 6, 134, 0, 0, 0, 1005670, 2, 
960704, 1241641034396, 1241641051274, 0, 0, 0, 0, 0, 0, 0, 438751, 1, 
96675, 1241642830362, , 132, 1274, 4, 480.5, 205446, 4, 3, 200145, 4, 0
971101, , , 10.4, 0, 0, 0, 0, 1, 0, 135526, , 
972498, 1241639456405, 1241641315144, 0, 1091, 7, 147.14285714285714, 0, 0, 0, 70997, 2, 
995, , , 98.20000000000002, 0, 0, 0, 0, 12, 20, 12, , 
99575, 1241640102428, 1241643596973, 0, 559, 6, 96.66666666666667, 0, 0, 0, 170048, 1, 0
<<<<EndTable

PlayersOnlineNow=25
PlayersOnlineEachMinute=0, 13, 15, 14, 14, 17, 15, 13, 15, 17, 17, 19, 22, 23, 21, 19, 19, 19, 19, 18, 18, 17, 18, 17, 17, 17, 17, 18, 20, 19, 22, 24, 26, 27, 26, 25, 26, 26, 29, 29, 32, 35, 35, 35, 34, 34, 35, 33, 34, 36, 39, 40, 39, 36, 34, 34, 34, 33, 35, 37, 36, 36, 32, 33, 35, 36, 36, 36, 34, 32, 31, 29, 30, 32, 30, 28, 27, 27, 28, 28
PlayersInEachFeedingGame=1, 1, 2, 1, 1, 2, 1, 2, 2, 1, 2, 1, 2, 1, 2, 1, 1, 1, 2, 2, 1, 2, 2, 2, 2, 2, 1, 1, 2, 2, 1, 1, 2, 2, 1, 2, 2, 1, 2, 1, 2, 2, 2, 2, 2, 2, 2, 2, 2, 1, 1, 2, 1, 1, 2, 2, 1, 1, 2, 2, 1, 1, 2, 1, 1, 2, 2, 2, 1, 2, 1, 1, 1, 1, 1, 2, 2, 2, 2, 1, 1, 1, 2, 1, 2, 2, 2, 2, 1, 1, 2, 1, 1, 1, 1, 2, 1, 1, 2, 1, 1, 1, 1, 1, 1, 2, 2, 1, 1, 1, 1, 1, 2, 1, 1, 1, 1, 1, 1, 2, 2, 1, 1, 3, 2, 2, 2, 1
PlayersStarted=168
PlayersQuit=143
StatsStartTime=1241639434790
StatsDumpTime=1241644236224
<<<<EndStats
2009-05-06 14:10:43,360 ERROR: vampire.server.feeding.FeedingRecord sendPlayerStartGameMsg [playerId=703094, prey=true, _predatorIndex=]
2009-05-06 14:10:43,364 ERROR: vampire.server.feeding.FeedingRecord sendPlayerStartGameMsg [playerId=926905, prey=false, _predatorIndex=]
2009-05-06 14:11:01,614 ERROR: vampire.server.feeding.FeedingRecord sendPlayerStartGameMsg [playerId=178632, prey=false, _predatorIndex=]
2009-05-06 14:11:07,957 ERROR: vampire.server.feeding.FeedingRecord sendPlayerStartGameMsg [playerId=298666, prey=false, _predatorIndex=]
2009-05-06 14:11:43,609 ERROR: vampire.server.feeding.FeedingRecord sendPlayerStartGameMsg [playerId=139168, prey=true, _predatorIndex=]
2009-05-06 14:11:43,610 ERROR: vampire.server.feeding.FeedingRecord sendPlayerStartGameMsg [playerId=311783, prey=false, _predatorIndex=]
2009-05-06 14:11:51,074 ERROR: vampire.server.feeding.FeedingRecord sendPlayerStartGameMsg [playerId=58859, prey=true, _predatorIndex=]
2009-05-06 14:11:51,086 ERROR: vampire.server.feeding.FeedingRecord sendPlayerStartGameMsg [playerId=100300, prey=false, _predatorIndex=]
2009-05-06 14:12:40,428 ERROR: vampire.server.feeding.FeedingRecord sendPlayerStartGameMsg [playerId=68610, prey=true, _predatorIndex=]
2009-05-06 14:12:40,431 ERROR: vampire.server.feeding.FeedingRecord sendPlayerStartGameMsg [playerId=1092321, prey=false, _predatorIndex=]
2009-05-06 14:13:18,815 ERROR: vampire.server.feeding.FeedingRecord sendPlayerStartGameMsg [playerId=206148, prey=false, _predatorIndex=]
2009-05-06 14:13:27,609 ERROR: vampire.server.feeding.FeedingRecord sendPlayerStartGameMsg [playerId=1155409, prey=true, _predatorIndex=]
2009-05-06 14:13:27,611 ERROR: vampire.server.feeding.FeedingRecord sendPlayerStartGameMsg [playerId=130730, prey=false, _predatorIndex=]
2009-05-06 14:13:33,716 ERROR: vampire.server.feeding.FeedingRecord sendPlayerStartGameMsg [playerId=198620, prey=false, _predatorIndex=]
2009-05-06 14:15:10,017 ERROR: vampire.server.feeding.FeedingRecord sendPlayerStartGameMsg [playerId=178632, prey=false, _predatorIndex=]
2009-05-06 14:15:13,088 ERROR: vampire.server.feeding.FeedingRecord sendPlayerStartGameMsg [playerId=33511, prey=false, _predatorIndex=]
2009-05-06 14:15:18,171 ERROR: vampire.server.feeding.FeedingRecord sendPlayerStartGameMsg [playerId=58859, prey=false, _predatorIndex=1204193,675483]
2009-05-06 14:15:32,331 ERROR: vampire.server.feeding.FeedingRecord sendPlayerStartGameMsg [playerId=206148, prey=false, _predatorIndex=]
2009-05-06 14:15:59,013 ERROR: vampire.server.feeding.FeedingRecord sendPlayerStartGameMsg [playerId=178632, prey=false, _predatorIndex=]
2009-05-06 14:16:12,523 ERROR: vampire.server.feeding.FeedingRecord sendPlayerStartGameMsg [playerId=205446, prey=true, _predatorIndex=]
2009-05-06 14:16:12,524 ERROR: vampire.server.feeding.FeedingRecord sendPlayerStartGameMsg [playerId=96675, prey=false, _predatorIndex=]
2009-05-06 14:16:17,097 ERROR: vampire.server.feeding.FeedingRecord sendPlayerStartGameMsg [playerId=926905, prey=true, _predatorIndex=]
2009-05-06 14:16:17,098 ERROR: vampire.server.feeding.FeedingRecord sendPlayerStartGameMsg [playerId=311783, prey=false, _predatorIndex=]
2009-05-06 14:17:42,804 ERROR: vampire.server.feeding.FeedingRecord sendPlayerStartGameMsg [playerId=1155409, prey=false, _predatorIndex=]
2009-05-06 14:18:25,239 ERROR: vampire.server.feeding.FeedingRecord sendPlayerStartGameMsg [playerId=178632, prey=false, _predatorIndex=]
2009-05-06 14:18:26,683 ERROR: vampire.server.feeding.FeedingRecord sendPlayerStartGameMsg [playerId=1092321, prey=false, _predatorIndex=1204193,675483,58859]
2009-05-06 14:18:38,197 ERROR: vampire.server.feeding.FeedingRecord sendPlayerStartGameMsg [playerId=178632, prey=false, _predatorIndex=]
2009-05-06 14:19:31,489 ERROR: vampire.server.feeding.FeedingRecord sendPlayerStartGameMsg [playerId=1155409, prey=false, _predatorIndex=1204193,675483,58859,1092321]
2009-05-06 14:20:08,104 ERROR: vampire.server.feeding.FeedingRecord sendPlayerStartGameMsg [playerId=273499, prey=false, _predatorIndex=206148]

>>>>BeginStats

>>>>BeginTable
PlayerId, StartTime, EndTime, ProgenyPayout, XPFromFeeding, FeedingGames, MeanFeedingScore, BloodBond, Progeny, GrandProgeny, Sire, Level, Invites
100300, 1241643273485, , 0, 886, 3, 245, 0, 1, 0, 447249, 4, 0
1005670, , , 93.7, 0, 0, 0, 0, 4, 0, 327756, , 
1027896, 1241643754314, 1241643808009, 0, 0, 0, 0, 0, 0, 0, 0, 1, 
102929, , , 163.1, 0, 0, 0, 0, 2, 2, 71724, , 
103033, 1241644071004, , 0, 0, 0, 0, 767143, 11, 13, 81899, 6, 1
103144, , , 54.5, 0, 0, 0, 0, 5, 16, 116005, , 
1031852, 1241639437061, 1241639980037, 0, 421, 3, 132.66666666666666, 0, 0, 0, 0, 1, 
1032421, 1241643748967, 1241644048593, 0, 0, 0, 0, 0, 7, 1, 990799, 7, 1
10642, , , 29.6, 0, 0, 0, 0, 31, 10, 351598, , 
1092321, 1241643296832, , 0, 600, 3, 307.6666666666667, 53030, 28, 34, 35568, 10, 2
1093697, 1241643259777, 1241643290640, 0, 0, 0, 0, 0, 0, 0, 1124214, 1, 
1120227, 1241643273230, 1241644196998, 0, 445, 3, 148.33333333333334, 0, 0, 0, 154004, 1, 
1122449, , , 46.900000000000006, 0, 0, 0, 0, 10, 7, 555728, , 
1126061, , , 339.2, 0, 0, 0, 0, 2, 0, 52350, , 
112953, , , 4.8500000000000005, 0, 0, 0, 0, 3, 7, 241176, , 
113203, , , 19.1, 0, 0, 0, 0, 1, 0, 553865, , 
113237, , , 65.35000000000001, 0, 0, 0, 0, 9, 18, 10642, , 
1138221, 1241639715260, 1241644504821, 0, 94, 1, 109, 1283799, 0, 0, 269484, 3, 
1145581, 1241644808537, , 0, 0, 0, 0, 0, 0, 0, 1126061, 1, 0
11460, , , 342.3, 0, 0, 0, 0, 1, 11, 41022, , 
1152360, 1241642446950, 1241643102431, 0, 0, 0, 0, 0, 0, 0, 70997, 4, 
1155409, 1241644384345, , 0, 127, 1, 176, 0, 2, 3, 674637, 4, 0
116005, , , 27.25, 0, 0, 0, 0, 6, 5, 130627, , 
116395, 1241639707183, 1241640297977, 0, 191, 2, 96.5, 0, 0, 0, 113203, 3, 
1168036, 1241641821681, 1241642501119, 0, 233, 1, 261, 0, 0, 0, 622761, 1, 
117857, , , 28, 0, 0, 0, 0, 3, 0, 146211, , 
1192337, , , 41.050000000000004, 0, 0, 0, 0, 17, 16, 1012813, , 
1199648, 1241642359792, 1241643375744, 0, 254, 2, 136, 0, 1, 0, 394001, 3, 1
12, , , 1267.7, 0, 0, 0, 0, 20, 69, 383387, , 
1204193, 1241642961776, , 0, 3392, 11, 203.54545454545453, 0, 0, 0, 1126061, 3, 0
1213686, 1241644785671, , 0, 0, 0, 0, 0, 0, 0, 0, 1, 0
1213881, 1241639581411, 1241639589391, 0, 0, 0, 0, 0, 0, 0, 0, 1, 
1217036, 1241642882103, 1241643821276, 0, 409, 4, 102.25, 0, 0, 0, 0, 1, 
122907, , , 70.89999999999999, 0, 0, 0, 0, 1, 10, 251062, , 
1237789, , , 145.4, 0, 0, 0, 0, 1, 5, 510740, , 
1241857, 1241639719467, 1241643563389, 128.20000000000002, 5227, 20, 341.45, 0, 2, 0, 259344, 3, 1
1249888, 1241640085432, 1241640311535, 0, 113, 1, 113, 0, 0, 0, 0, 1, 
1252426, 1241642982474, 1241643607107, 0, 0, 0, 0, 0, 0, 0, 35568, 2, 
125347, 1241642610739, 1241642619673, 0, 131, 1, 131, 0, 0, 0, 561527, 1, 0
1259932, 1241642225209, 1241643593717, 0, 254, 2, 117.5, 0, 0, 0, 0, 1, 
1265, , , 12.5, 0, 0, 0, 0, 2, 29, 12, , 
1270861, 1241639560704, 1241639581723, 0, 0, 0, 0, 0, 0, 0, 0, 1, 
1275500, 1241643111881, 1241643128023, 0, 0, 0, 0, 0, 0, 0, 0, 1, 
1275557, 1241642432086, 1241643168688, 0, 144, 1, 121, 0, 0, 0, 0, 1, 
1276975, 1241640594051, 1241640614675, 0, 0, 0, 0, 0, 0, 0, 0, 1, 
1278812, 1241642975321, 1241643014741, 0, 0, 0, 0, 0, 0, 0, 0, 1, 
12791, 1241642547124, 1241642650049, 130.95000000000002, 0, 0, 0, 0, 14, 23, 12, 12, 2
127942, , , 4.05, 0, 0, 0, 0, 6, 2, 133611, , 
1283799, 1241641330551, 1241643842213, 0, 104, 1, 105, 1138221, 0, 0, 971101, 2, 
1297731, 1241641077068, 1241641316963, 0, 96, 1, 82, 0, 0, 0, 438751, 1, 
1297854, 1241643824947, 1241643839759, 0, 0, 0, 0, 0, 0, 0, 0, 1, 
1297977, 1241641815672, 1241642816973, 0, 0, 0, 0, 0, 0, 0, 311783, 1, 
1298190, 1241642490871, 1241642576996, 0, 0, 0, 0, 0, 0, 0, 0, 1, 
1298618, 1241643767803, 1241643876414, 0, 0, 0, 0, 0, 0, 0, 311783, 1, 
1298759, 1241644184873, 1241644450161, 0, 0, 0, 0, 0, 0, 0, 0, 1, 
130244, , , 94.70000000000002, 0, 0, 0, 0, 3, 10, 237967, , 
130457, 1241644700811, , 0, 0, 0, 0, 0, 1, 0, 341164, 3, 0
130730, 1241642244057, 1241644603015, 0, 2380, 13, 173.6153846153846, 0, 2, 0, 402642, 3, 2
135526, , , 5.2, 0, 0, 0, 0, 11, 1, 162782, , 
137784, 1241640114937, 1241640291751, 0, 97, 1, 97, 0, 0, 0, 153510, 3, 0
139168, 1241641323062, , 0, 1631, 6, 268, 0, 2, 0, 102929, 4, 0
140487, 1241643289457, 1241643652904, 0, 137, 1, 167, 0, 1, 0, 317217, 4, 1
140983, 1241641831411, 1241643631017, 0, 280, 2, 122, 0, 0, 0, 117857, 3, 0
143501, 1241641892094, 1241642290750, 0, 95, 1, 95, 0, 3, 8, 326885, 8, 2
143538, , , 547.1000000000001, 0, 0, 0, 0, 2, 23, 1531, , 
144313, 1241644036655, 1241644055308, 0, 0, 0, 0, 0, 0, 0, 0, 1, 0
145622, 1241643554915, 1241643716959, 0, 0, 0, 0, 0, 0, 0, 0, 1, 
146211, , , 14, 0, 0, 0, 0, 1, 3, 258951, , 
147608, , , 6.550000000000001, 0, 0, 0, 0, 7, 2, 502119, , 
148695, , , 18.8, 0, 0, 0, 0, 1, 6, 10642, , 
1531, 1241639897623, , 61.8, 12186, 26, 472.65384615384613, 503, 6, 14, 12, 15, 3
153510, , , 9.700000000000001, 0, 0, 0, 0, 7, 1, 112953, , 
154004, 1241643874517, 1241643969029, 44.5, 0, 0, 0, 561706, 9, 6, 90041, 4, 0
156486, , , 12.5, 0, 0, 0, 0, 1, 0, 372783, , 
161001, 1241641269536, 1241643013737, 0, 0, 0, 0, 0, 1, 2, 377820, 4, 5
161075, 1241643590619, 1241643599379, 0, 0, 0, 0, 0, 0, 0, 200244, 2, 0
162352, 1241639547807, 1241640596988, 0, 694, 5, 121, 0, 0, 0, 57748, 3, 
166371, , , 4.7, 0, 0, 0, 0, 4, 8, 267622, , 
166385, , , 27.95, 0, 0, 0, 0, 1, 2, 172329, , 
168216, 1241643617260, 1241643637306, 0, 0, 0, 0, 0, 0, 0, 0, 1, 0
169869, , , 37.6, 0, 0, 0, 0, 6, 0, 148695, , 
170048, , , 55.9, 0, 0, 0, 0, 2, 0, 166385, , 
171151, 1241644032085, 1241644196973, 560.8000000000001, 0, 0, 0, 77, 39, 17, 21067, 14, 3
174422, , , 83.95000000000002, 0, 0, 0, 0, 1, 3, 54776, , 
178632, 1241643790049, , 0, 489, 4, 122.25, 0, 0, 0, 0, 1, 0
1802, 1241642776091, 1241643439364, 0, 545, 1, 228, 995, 7, 2, 103144, 12, 2
185517, 1241639683303, 1241639740931, 0, 0, 0, 0, 0, 0, 0, 194112, 2, 0
1892, 1241641385112, 1241642485079, 0, 982, 2, 522, 33511, 20, 6, 995, 12, 2
193256, 1241643320178, 1241643366580, 0, 0, 0, 0, 0, 0, 0, 0, 1, 
194910, 1241643283131, 1241644157459, 0, 123, 1, 123, 0, 0, 0, 865399, 1, 
194912, 1241643106373, 1241643126822, 0, 0, 0, 0, 0, 0, 0, 0, 1, 
198620, 1241644791938, , 0, 1679, 8, 164.5, 2108, 1, 0, 33995, 5, 1
199427, , , 44.3, 0, 0, 0, 0, 1, 4, 208602, , 
200145, , , 272.95000000000005, 0, 0, 0, 0, 1, 4, 209656, , 
201281, 1241641691692, 1241642118529, 0, 0, 0, 0, 0, 1, 0, 447249, 3, 0
20260, , , 41.85000000000001, 0, 0, 0, 0, 18, 19, 12, , 
205446, 1241643188473, , 0, 1883, 8, 128.125, 96675, 0, 0, 96675, 4, 0
205694, 1241641210218, 1241642216990, 0, 1282, 3, 180, 0, 0, 0, 1241857, 2, 
206148, 1241644129375, , 0, 469, 3, 99.33333333333333, 0, 1, 0, 1122449, 3, 0
206384, 1241641260756, 1241641758067, 0, 46, 1, 91, 0, 0, 0, 0, 1, 
206921, 1241644053469, 1241644224600, 0, 0, 0, 0, 0, 0, 0, 0, 1, 
208217, 1241644824577, , 0, 0, 0, 0, 0, 2, 0, 1092321, 4, 0
209656, , , 89.4, 0, 0, 0, 0, 6, 2, 167153, , 
210163, , , 325.65000000000003, 0, 0, 0, 0, 12, 19, 255725, , 
21067, , , 280.40000000000003, 0, 0, 0, 0, 2, 39, 302907, , 
213501, 1241642421337, 1241642545556, 0, 0, 0, 0, 0, 0, 0, 503952, 1, 0
22707, , , 378.3, 0, 0, 0, 0, 7, 10, 8842, , 
230751, , , 8.1, 0, 0, 0, 0, 2, 0, 127942, , 
237967, , , 47.35000000000001, 0, 0, 0, 0, 1, 3, 336228, , 
240287, 1241641019228, 1241642375728, 0, 1169, 6, 139.66666666666666, 0, 0, 0, 351430, 2, 
246356, , , 20.8, 0, 0, 0, 0, 5, 3, 54776, , 
247992, , , 119, 0, 0, 0, 0, 3, 4, 214539, , 
255725, , , 133.05, 0, 0, 0, 0, 1, 12, 309124, , 
258951, , , 55, 0, 0, 0, 0, 23, 18, 1265, , 
259344, 1241639492248, 1241644196992, 922.75, 1236, 4, 436, 223864, 23, 19, 143538, 11, 2
268182, 1241642002556, 1241642014857, 0, 0, 0, 0, 0, 0, 0, 0, 1, 0
269484, , , 9.4, 0, 0, 0, 0, 8, 0, 166371, , 
273499, 1241644793380, , 0, 0, 0, 0, 0, 0, 0, 45129, 4, 0
2843, 1241643595714, 1241644369662, 0, 2619, 5, 523.8, 5212, 8, 33, 3383, 13, 11
297380, 1241641333993, 1241643647459, 0, 0, 0, 0, 0, 11, 3, 90015, 4, 3
298666, 1241643667659, , 0, 868, 5, 180.2, 868186, 7, 0, 259344, 7, 2
307471, , , 493.50000000000006, 0, 0, 0, 0, 1, 10, 12, , 
311783, 1241641230165, , 0, 3423, 10, 366.1, 0, 11, 2, 11460, 9, 7
313991, 1241640060720, 1241640707724, 0, 733, 3, 123, 0, 0, 0, 70997, 1, 
316089, 1241644516244, , 0, 0, 0, 0, 288860, 8, 1, 288860, 8, 5
317217, , , 13.700000000000001, 0, 0, 0, 0, 1, 1, 387114, , 
321365, , , 12.7, 0, 0, 0, 0, 3, 1, 317371, , 
32314, 1241639861921, 1241640017072, 0, 0, 0, 0, 635003, 10, 14, 40508, 13, 2
326885, , , 9.5, 0, 0, 0, 0, 2, 3, 68619, , 
327756, , , 46.85, 0, 0, 0, 0, 1, 4, 336524, , 
33511, 1241644497137, , 0, 208, 2, 104, 1892, 1, 0, 246356, 9, 4
336228, , , 1045.45, 0, 0, 0, 0, 10, 14, 307471, , 
337958, 1241639437094, 1241639877068, 0, 125, 1, 134, 0, 0, 0, 156486, 2, 0
3383, , , 261.90000000000003, 0, 0, 0, 0, 6, 10, 12791, , 
33995, , , 167.90000000000003, 0, 0, 0, 0, 3, 2, 174422, , 
351430, 1241639456124, , 116.9, 9870, 29, 414.9655172413793, 336228, 13, 46, 336228, 13, 2
35568, 1241641862736, 1241643145211, 60, 250, 1, 232, 0, 2, 28, 258951, 4, 
366412, 1241639504209, 1241639543112, 0, 0, 0, 0, 0, 0, 0, 58643, 1, 
37261, 1241642075658, 1241643517877, 0, 1454, 4, 439.75, 0, 5, 0, 1237789, 5, 1
372783, , , 6.25, 0, 0, 0, 0, 1, 1, 50669, , 
3811, 1241639453130, 1241639799288, 0, 0, 0, 0, 345939, 2, 1, 452296, 4, 
383387, , , 609.3, 0, 0, 0, 0, 7, 57, 0, , 
387114, , , 6.8500000000000005, 0, 0, 0, 0, 2, 1, 104034, , 
394001, , , 25.4, 0, 0, 0, 0, 1, 1, 321365, , 
396113, , , 147.4, 0, 0, 0, 0, 2, 9, 44987, , 
397835, , , 143.00000000000003, 0, 0, 0, 0, 5, 33, 47379, , 
402642, , , 238, 0, 0, 0, 0, 4, 2, 247992, , 
41022, , , 171.15, 0, 0, 0, 0, 2, 1, 412796, , 
430104, 1241639522204, 1241640653122, 0, 1053, 4, 263.25, 680154, 3, 0, 508617, 5, 2
43386, 1241642972613, 1241643488655, 0, 947, 2, 421, 106210, 4, 4, 130244, 8, 4
437233, , , 3.8000000000000003, 0, 0, 0, 0, 1, 3, 169408, , 
438751, 1241644409692, , 119.10000000000001, 2661, 8, 442.125, 988642, 19, 9, 210163, 10, 2
447249, 1241641668631, 1241643135593, 88.6, 0, 0, 0, 10642, 4, 4, 199427, 15, 2
44987, , , 73.7, 0, 0, 0, 0, 1, 2, 12770, , 
452557, 1241643434611, 1241643836933, 0, 0, 0, 0, 0, 0, 0, 156282, 1, 
47379, , , 25.900000000000002, 0, 0, 0, 0, 4, 5, 54776, , 
502119, 1241639825368, 1241642041028, 0, 3783, 12, 289.5, 520359, 10, 13, 22707, 9, 1
508617, , , 105.30000000000001, 0, 0, 0, 0, 3, 3, 510740, , 
510740, , , 125.35000000000001, 0, 0, 0, 0, 70, 6, 534632, , 
520205, 1241642140920, 1241642179395, 0, 0, 0, 0, 533476, 1, 0, 510740, 2, 0
52350, , , 169.6, 0, 0, 0, 0, 5, 2, 674637, , 
53030, , , 141.79999999999998, 0, 0, 0, 0, 10, 1, 122907, , 
533, 1241641299520, , 0, 0, 0, 0, 535, 10, 11, 20260, 14, 2
534988, 1241643351423, 1241643525440, 0, 81, 1, 81, 0, 0, 0, 230751, 1, 0
547115, 1241642416441, 1241643348850, 0, 493, 2, 114.5, 0, 0, 0, 0, 1, 
54776, 1241642659689, 1241642897914, 80, 837, 3, 320.6666666666667, 0, 76, 33, 89757, 15, 3
553865, , , 9.55, 0, 0, 0, 0, 1, 1, 174528, , 
555728, , , 23.450000000000003, 0, 0, 0, 0, 16, 10, 1101, , 
561527, , , 13.100000000000001, 0, 0, 0, 0, 1, 0, 147608, , 
562953, , , 7.6000000000000005, 0, 0, 0, 0, 3, 0, 437233, , 
57748, , , 69.4, 0, 0, 0, 0, 5, 0, 1192337, , 
58859, 1241643694579, , 0, 1474, 4, 452, 43017, 9, 8, 396113, 14, 2
622761, 1241640130888, 1241643897422, 23.3, 2375, 14, 147.28571428571428, 0, 1, 0, 259344, 2, 
624485, 1241642267861, 1241643204641, 0, 76, 1, 76, 0, 0, 0, 562953, 2, 
674637, , , 12.700000000000001, 0, 0, 0, 0, 11, 7, 1192337, , 
675483, 1241641924143, , 0, 5608, 16, 336.9375, 0, 0, 0, 171151, 4, 0
68610, 1241644243027, , 0, 376, 2, 126, 0, 0, 0, 169869, 3, 0
68619, , , 4.75, 0, 0, 0, 0, 2, 9, 12770, , 
703094, 1241643610637, 1241644405989, 0, 1418, 9, 133.33333333333334, 0, 0, 0, 53030, 3, 
70557, 1241643165645, 1241643253259, 0, 0, 0, 0, 0, 5, 24, 502119, 5, 2
70997, 1241640031699, 1241640552307, 182.40000000000003, 518, 1, 899, 1010692, 33, 32, 397835, 12, 3
713, 1241644709992, , 0, 0, 0, 0, 1265, 11, 74, 12, 18, 6
71724, , , 81.55, 0, 0, 0, 0, 19, 2, 94103, , 
763333, 1241641898868, 1241641929699, 0, 0, 0, 0, 0, 0, 0, 0, 1, 
77, 1241642180388, 1241642201849, 0, 0, 0, 0, 171151, 11, 2, 12770, 14, 2
771625, 1241644287126, 1241644393903, 0, 0, 0, 0, 0, 1, 0, 5212, 2, 
78233, 1241642412618, 1241643144712, 0, 696, 4, 100.25, 0, 0, 0, 54776, 1, 
822943, 1241640703713, 1241641193280, 0, 504, 2, 127.5, 0, 0, 0, 0, 1, 
836050, 1241639984137, 1241640236996, 0, 592, 1, 742, 592692, 13, 5, 113237, 8, 2
852878, 1241643274716, 1241643283925, 0, 0, 0, 0, 0, 0, 0, 0, 1, 
853019, 1241643369037, 1241643675308, 0, 52, 1, 52, 0, 0, 0, 0, 1, 
862584, 1241643939354, 1241643950268, 0, 0, 0, 0, 0, 0, 0, 0, 1, 
865399, , , 12.3, 0, 0, 0, 0, 5, 0, 113237, , 
8842, , , 189.15, 0, 0, 0, 0, 12, 8, 1531, , 
885698, 1241642506038, 1241642511565, 0, 0, 0, 0, 891151, 4, 0, 836050, 4, 
89757, , , 118.50000000000001, 0, 0, 0, 0, 3, 76, 20260, , 
90041, , , 22.25, 0, 0, 0, 0, 9, 9, 258951, , 
926905, 1241639442303, , 0, 1095, 9, 59.111111111111114, 0, 0, 0, 438751, 2, 0
927894, 1241640326520, 1241642142958, 0, 937, 6, 134, 0, 0, 0, 1005670, 2, 
960704, 1241641034396, 1241641051274, 0, 0, 0, 0, 0, 0, 0, 438751, 1, 
96675, 1241642830362, , 188.3, 1788, 6, 448.8333333333333, 205446, 4, 3, 200145, 4, 0
971101, , , 10.4, 0, 0, 0, 0, 1, 0, 135526, , 
972498, 1241639456405, 1241641315144, 0, 1091, 7, 147.14285714285714, 0, 0, 0, 70997, 2, 
995, , , 98.20000000000002, 0, 0, 0, 0, 12, 20, 12, , 
99575, 1241640102428, 1241643596973, 0, 559, 6, 96.66666666666667, 0, 0, 0, 170048, 1, 0
<<<<EndTable

PlayersOnlineNow=29
PlayersOnlineEachMinute=0, 13, 15, 14, 14, 17, 15, 13, 15, 17, 17, 19, 22, 23, 21, 19, 19, 19, 19, 18, 18, 17, 18, 17, 17, 17, 17, 18, 20, 19, 22, 24, 26, 27, 26, 25, 26, 26, 29, 29, 32, 35, 35, 35, 34, 34, 35, 33, 34, 36, 39, 40, 39, 36, 34, 34, 34, 33, 35, 37, 36, 36, 32, 33, 35, 36, 36, 36, 34, 32, 31, 29, 30, 32, 30, 28, 27, 27, 28, 28, 25, 27, 27, 25, 24, 25, 24, 23, 24, 24
PlayersInEachFeedingGame=1, 1, 2, 1, 1, 2, 1, 2, 2, 1, 2, 1, 2, 1, 2, 1, 1, 1, 2, 2, 1, 2, 2, 2, 2, 2, 1, 1, 2, 2, 1, 1, 2, 2, 1, 2, 2, 1, 2, 1, 2, 2, 2, 2, 2, 2, 2, 2, 2, 1, 1, 2, 1, 1, 2, 2, 1, 1, 2, 2, 1, 1, 2, 1, 1, 2, 2, 2, 1, 2, 1, 1, 1, 1, 1, 2, 2, 2, 2, 1, 1, 1, 2, 1, 2, 2, 2, 2, 1, 1, 2, 1, 1, 1, 1, 2, 1, 1, 2, 1, 1, 1, 1, 1, 1, 2, 2, 1, 1, 1, 1, 1, 2, 1, 1, 1, 1, 1, 1, 2, 2, 1, 1, 3, 2, 2, 2, 1, 2, 1, 1, 2, 2, 2, 2, 1, 1, 1, 2, 2, 1
PlayersStarted=181
PlayersQuit=152
StatsStartTime=1241639434790
StatsDumpTime=1241644836474
<<<<EndStats
2009-05-06 14:20:37,902 ERROR: vampire.server.feeding.FeedingRecord sendPlayerStartGameMsg [playerId=206148, prey=false, _predatorIndex=]
2009-05-06 14:20:51,699 ERROR: vampire.server.feeding.FeedingRecord sendPlayerStartGameMsg [playerId=33511, prey=true, _predatorIndex=]
2009-05-06 14:20:51,701 ERROR: vampire.server.feeding.FeedingRecord sendPlayerStartGameMsg [playerId=273499, prey=false, _predatorIndex=]
2009-05-06 14:20:56,677 ERROR: vampire.server.feeding.FeedingRecord sendPlayerStartGameMsg [playerId=178632, prey=false, _predatorIndex=]
2009-05-06 14:21:28,355 ERROR: vampire.server.feeding.FeedingRecord sendPlayerStartGameMsg [playerId=178632, prey=false, _predatorIndex=]
2009-05-06 14:22:27,350 ERROR: vampire.server.feeding.FeedingRecord sendPlayerStartGameMsg [playerId=1145581, prey=true, _predatorIndex=]
2009-05-06 14:22:27,353 ERROR: vampire.server.feeding.FeedingRecord sendPlayerStartGameMsg [playerId=298666, prey=false, _predatorIndex=]
2009-05-06 14:22:34,085 ERROR: vampire.server.feeding.FeedingRecord sendPlayerStartGameMsg [playerId=208217, prey=false, _predatorIndex=]
2009-05-06 14:23:25,977 ERROR: vampire.server.feeding.FeedingRecord sendPlayerStartGameMsg [playerId=1213686, prey=true, _predatorIndex=]
2009-05-06 14:23:25,980 ERROR: vampire.server.feeding.FeedingRecord sendPlayerStartGameMsg [playerId=206148, prey=false, _predatorIndex=]
2009-05-06 14:23:26,005 ERROR: vampire.server.feeding.FeedingRecord sendPlayerStartGameMsg [playerId=198620, prey=false, _predatorIndex=206148]
2009-05-06 14:23:57,340 ERROR: vampire.server.feeding.FeedingRecord sendPlayerStartGameMsg [playerId=178632, prey=false, _predatorIndex=206148,198620]
2009-05-06 14:24:02,071 ERROR: vampire.server.feeding.LogicFeeding adding blood, but no pred [predatorId=273499]
2009-05-06 14:24:12,420 ERROR: vampire.server.feeding.FeedingRecord sendPlayerStartGameMsg [playerId=178632, prey=false, _predatorIndex=206148,198620,178632]
2009-05-06 14:25:01,424 ERROR: vampire.server.feeding.FeedingRecord sendPlayerStartGameMsg [playerId=10260, prey=false, _predatorIndex=]
2009-05-06 14:25:06,190 ERROR: vampire.server.feeding.FeedingRecord sendPlayerStartGameMsg [playerId=208217, prey=false, _predatorIndex=10260]
2009-05-06 14:25:43,830 ERROR: vampire.server.feeding.FeedingRecord sendPlayerStartGameMsg [playerId=311783, prey=true, _predatorIndex=]
2009-05-06 14:25:43,832 ERROR: vampire.server.feeding.FeedingRecord sendPlayerStartGameMsg [playerId=100300, prey=false, _predatorIndex=]
2009-05-06 14:26:07,643 ERROR: vampire.server.feeding.FeedingRecord sendPlayerStartGameMsg [playerId=942791, prey=true, _predatorIndex=]
2009-05-06 14:26:07,645 ERROR: vampire.server.feeding.FeedingRecord sendPlayerStartGameMsg [playerId=178632, prey=false, _predatorIndex=]
2009-05-06 14:27:35,314 ERROR: vampire.server.feeding.FeedingRecord sendPlayerStartGameMsg [playerId=208217, prey=true, _predatorIndex=]
2009-05-06 14:27:35,318 ERROR: vampire.server.feeding.FeedingRecord sendPlayerStartGameMsg [playerId=227007, prey=false, _predatorIndex=]
2009-05-06 14:28:03,109 ERROR: vampire.server.feeding.FeedingRecord sendPlayerStartGameMsg [playerId=72215, prey=false, _predatorIndex=10260,208217]
2009-05-06 14:28:04,469 ERROR: vampire.server.feeding.FeedingRecord sendPlayerStartGameMsg [playerId=130595, prey=false, _predatorIndex=]
2009-05-06 14:29:06,652 ERROR: vampire.server.feeding.FeedingRecord sendPlayerStartGameMsg [playerId=606219, prey=true, _predatorIndex=]
2009-05-06 14:29:06,654 ERROR: vampire.server.feeding.FeedingRecord sendPlayerStartGameMsg [playerId=1204193, prey=false, _predatorIndex=]
2009-05-06 14:29:06,703 ERROR: vampire.server.feeding.FeedingRecord sendPlayerStartGameMsg [playerId=1092321, prey=false, _predatorIndex=1204193]
2009-05-06 14:29:12,777 ERROR: vampire.server.feeding.FeedingRecord sendPlayerStartGameMsg [playerId=96009, prey=false, _predatorIndex=227007]
2009-05-06 14:29:14,483 ERROR: vampire.server.feeding.FeedingRecord sendPlayerStartGameMsg [playerId=1145581, prey=false, _predatorIndex=1204193,675483,58859,1092321,1155409]
2009-05-06 14:29:20,471 ERROR: vampire.server.feeding.FeedingRecord sendPlayerStartGameMsg [playerId=298666, prey=false, _predatorIndex=1204193,1092321]
2009-05-06 14:29:27,330 ERROR: vampire.server.feeding.FeedingRecord sendPlayerStartGameMsg [playerId=72215, prey=true, _predatorIndex=]
2009-05-06 14:29:27,332 ERROR: vampire.server.feeding.FeedingRecord sendPlayerStartGameMsg [playerId=47379, prey=false, _predatorIndex=]
2009-05-06 14:29:40,847 ERROR: vampire.server.feeding.FeedingRecord sendPlayerStartGameMsg [playerId=78233, prey=false, _predatorIndex=47379]
2009-05-06 14:29:42,908 ERROR: vampire.server.feeding.FeedingRecord sendPlayerStartGameMsg [playerId=10260, prey=true, _predatorIndex=]
2009-05-06 14:29:42,911 ERROR: vampire.server.feeding.FeedingRecord sendPlayerStartGameMsg [playerId=96009, prey=false, _predatorIndex=]
2009-05-06 14:30:13,008 ERROR: vampire.server.feeding.FeedingRecord sendPlayerStartGameMsg [playerId=1119047, prey=false, _predatorIndex=1204193,1092321,298666]
2009-05-06 14:30:26,379 ERROR: vampire.server.feeding.FeedingRecord sendPlayerStartGameMsg [playerId=298666, prey=false, _predatorIndex=1204193,1092321,298666,1119047]
2009-05-06 14:30:27,914 ERROR: vampire.server.feeding.FeedingRecord sendPlayerStartGameMsg [playerId=227007, prey=false, _predatorIndex=]
2009-05-06 14:30:30,676 ERROR: vampire.server.feeding.FeedingRecord sendPlayerStartGameMsg [playerId=54776, prey=true, _predatorIndex=]
2009-05-06 14:30:30,678 ERROR: vampire.server.feeding.FeedingRecord sendPlayerStartGameMsg [playerId=8013, prey=false, _predatorIndex=]

