
>>>>BeginStats

>>>>BeginTable
PlayerId, StartTime, EndTime, ProgenyPayout, XPFromFeeding, FeedingGames, MeanFeedingScore, BloodBond, Progeny, GrandProgeny, Sire, Level, Invites
1021278, , , 12.5, 0, 0, 0, 0, 2, 2, 452296, , 
103033, 1241912809664, 1241913883376, 0, 841, 3, 214.33333333333334, 767143, 18, 14, 81899, 7, 1
103634, , , 39.300000000000004, 0, 0, 0, 0, 1, 2, 369681, , 
1043, 1241912172010, 1241912175504, 0, 0, 0, 0, 453, 6, 3, 12, 13, 3
1047840, 1241913588449, , 0, 732, 4, 216.25, 1106386, 7, 0, 408501, 6, 1
104890, 1241915085895, 1241915287027, 0, 121, 1, 121, 0, 1, 0, 22707, 4, 0
1062, 1241913287055, 1241913316664, 451.55000000000007, 1371, 7, 284, 54776, 13, 10, 713, 17, 2
10642, , , 35.7, 0, 0, 0, 0, 34, 10, 351598, , 
108338, , , 140.70000000000002, 0, 0, 0, 0, 1, 6, 288860, , 
1084434, 1241910654804, 1241911694408, 0, 1502, 7, 134, 1892, 0, 0, 54776, 3, 
1092321, , , 139.25, 0, 0, 0, 0, 33, 11, 35568, , 
1092398, 1241913873690, 1241914648887, 0, 878, 6, 155.66666666666666, 0, 0, 0, 1204358, 1, 
110735, 1241916737335, 1241916777488, 0, 0, 0, 0, 1255618, 0, 0, 408501, 3, 
1111437, 1241913755123, 1241913826076, 0, 0, 0, 0, 0, 2, 0, 70997, 2, 
1120688, 1241915402200, 1241917087418, 0, 1501, 10, 142, 0, 0, 0, 543921, 2, 
1122449, , , 28.2, 0, 0, 0, 0, 15, 1, 555728, , 
1124156, 1241914276890, 1241914645095, 156.2, 476, 2, 358, 269484, 11, 2, 184671, 9, 3
113237, , , 120.35000000000002, 0, 0, 0, 0, 9, 17, 10642, , 
114461, 1241912989364, 1241913878801, 0, 203, 2, 101.5, 0, 2, 2, 390995, 4, 0
11460, , , 219, 0, 0, 0, 0, 1, 15, 41022, , 
1148098, , , 25, 0, 0, 0, 0, 2, 3, 1021278, , 
1162584, 1241916977446, , 0, 216, 1, 255, 0, 0, 0, 178724, 2, 0
1163664, 1241915685737, 1241915742326, 0, 0, 0, 0, 0, 0, 0, 1255018, 1, 
1181562, 1241916333149, 1241916343709, 0, 0, 0, 0, 0, 0, 0, 0, 1, 
1199648, 1241912465309, 1241913102920, 0, 0, 0, 0, 0, 2, 0, 394001, 4, 1
12, , , 143.64999999999998, 0, 0, 0, 0, 20, 45, 383387, , 
1204358, 1241912719663, 1241916544825, 87.6, 1556, 12, 105.66666666666667, 0, 2, 0, 1062, 2, 
1207789, 1241916425981, 1241916449225, 0, 0, 0, 0, 0, 0, 0, 0, 1, 
1208580, , , 38.300000000000004, 0, 0, 0, 0, 1, 0, 885698, , 
1211786, 1241914313863, 1241914330148, 0, 0, 0, 0, 0, 0, 0, 0, 1, 
1223024, 1241912192450, 1241912682246, 0, 250, 2, 136, 0, 3, 2, 1148098, 2, 1
122718, 1241910612199, 1241910749072, 0, 0, 0, 0, 0, 0, 0, 0, 1, 
1254632, 1241915484171, 1241915940017, 0, 78, 1, 61, 0, 0, 0, 0, 1, 
1255618, 1241915129337, 1241916491662, 14.600000000000001, 564, 4, 159.5, 110735, 3, 1, 206148, 4, 
1265, , , 69.85, 0, 0, 0, 0, 2, 31, 12, , 
126757, 1241913795321, 1241914051489, 0, 130, 1, 130, 0, 0, 0, 0, 1, 
1273954, 1241917139211, 1241917144314, 0, 0, 0, 0, 0, 0, 0, 4139, 2, 
1275561, 1241912251831, 1241912951649, 0, 176, 1, 184, 0, 1, 0, 772113, 3, 
1279761, 1241915214890, 1241916871041, 0, 1513, 9, 172, 0, 0, 0, 171513, 4, 
1281412, 1241916790858, , 0, 50, 1, 100, 0, 0, 0, 1124156, 1, 0
1283335, 1241911478812, 1241912629761, 0, 627, 4, 174.75, 0, 0, 0, 0, 2, 
1285504, 1241916608068, 1241916842815, 0, 0, 0, 0, 1346597, 4, 0, 1241857, 4, 3
129076, 1241912463187, 1241912472928, 0, 0, 0, 0, 0, 0, 0, 0, 1, 
1298136, 1241916754104, 1241917016542, 0, 0, 0, 0, 0, 0, 0, 0, 1, 
1299774, 1241912925016, 1241913255841, 0, 102, 1, 102, 0, 0, 0, 0, 1, 
1304810, 1241915471365, 1241915544935, 0, 0, 0, 0, 0, 0, 0, 103033, 1, 
1309580, 1241911690102, 1241912566112, 0, 240, 2, 123, 0, 0, 0, 1204358, 1, 
1314704, 1241915481032, 1241915503986, 0, 0, 0, 0, 0, 0, 0, 0, 1, 
131657, 1241917063143, 1241917073789, 0, 0, 0, 0, 0, 0, 0, 0, 1, 0
1328683, 1241911662913, 1241911789947, 0, 0, 0, 0, 0, 0, 0, 522720, 1, 
1329831, 1241916126751, 1241917007878, 0, 330, 3, 134, 0, 0, 0, 0, 1, 
1351488, 1241915797965, , 0, 697, 5, 140, 0, 0, 0, 835426, 1, 0
1358455, 1241913913886, 1241914284326, 0, 0, 0, 0, 0, 0, 0, 47154, 2, 
1358947, 1241911710529, 1241911747751, 0, 0, 0, 0, 0, 0, 0, 0, 1, 
1361827, 1241914583655, 1241915543981, 0, 419, 4, 104.75, 0, 0, 0, 0, 1, 
1392006, 1241916426737, 1241916491639, 0, 0, 0, 0, 0, 0, 0, 0, 1, 
1394515, 1241916133579, 1241916841282, 0, 331, 3, 111.66666666666667, 0, 0, 0, 392522, 1, 
1397345, 1241912958693, 1241912997752, 0, 0, 0, 0, 0, 0, 0, 0, 1, 
1399577, 1241912421338, 1241915265054, 22.700000000000003, 2909, 13, 160.92307692307693, 0, 1, 0, 1062, 2, 
1400444, 1241917016051, , 0, 0, 0, 0, 0, 0, 0, 0, 1, 0
1400516, 1241915129014, 1241915143424, 0, 0, 0, 0, 0, 0, 0, 0, 1, 
1400665, 1241915809981, 1241916283146, 0, 213, 2, 132, 0, 0, 0, 1255618, 1, 
1400876, 1241914770193, 1241914780015, 0, 0, 0, 0, 0, 0, 0, 0, 1, 
1401271, 1241916524985, 1241916542784, 0, 0, 0, 0, 0, 0, 0, 0, 1, 
143538, , , 10.55, 0, 0, 0, 0, 2, 23, 1531, , 
147367, 1241915638839, 1241915652728, 0, 0, 0, 0, 0, 0, 0, 156489, 1, 0
156489, , , 35.6, 0, 0, 0, 0, 16, 17, 713, , 
157713, , , 7.800000000000001, 0, 0, 0, 0, 4, 0, 58859, , 
159950, 1241915741602, 1241916098724, 0, 711, 4, 156.25, 0, 0, 0, 840880, 1, 
160138, , , 11.600000000000001, 0, 0, 0, 0, 7, 7, 150469, , 
161001, , , 37.2, 0, 0, 0, 0, 1, 2, 377820, , 
166, , , 184.79999999999998, 0, 0, 0, 0, 6, 1, 578, , 
16825, 1241911172613, 1241911701829, 0, 895, 3, 298.3333333333333, 0, 14, 10, 4139, 6, 1
168426, 1241912256745, 1241912365730, 0, 0, 0, 0, 0, 1, 0, 164243, 4, 0
170191, , , 75.65, 0, 0, 0, 0, 3, 11, 202873, , 
170934, , , 9.1, 0, 0, 0, 0, 7, 9, 49732, , 
171513, , , 175.10000000000002, 0, 0, 0, 0, 11, 1, 170191, , 
176400, 1241912049921, , 254.10000000000002, 4001, 18, 267.5, 0, 17, 0, 21067, 7, 5
177501, 1241912107366, 1241912496051, 0, 100, 1, 101, 0, 1, 0, 298229, 4, 
178724, , , 21.6, 0, 0, 0, 0, 18, 0, 58859, , 
181253, 1241911500596, 1241913107786, 0, 393, 2, 176.5, 0, 2, 0, 103634, 7, 3
181264, , , 28.700000000000003, 0, 0, 0, 0, 2, 1, 3812, , 
182539, 1241914146969, 1241916071643, 0, 1009, 5, 225.8, 0, 4, 0, 879079, 3, 
184671, , , 125.7, 0, 0, 0, 0, 1, 11, 171513, , 
1892, 1241913344660, 1241913520461, 0, 1502, 7, 294.7142857142857, 1084434, 23, 7, 995, 12, 2
191409, 1241913333843, 1241913814480, 0, 227, 2, 106, 0, 0, 0, 1399577, 1, 
192080, , , 33.1, 0, 0, 0, 0, 2, 10, 220964, , 
196543, , , 50.449999999999996, 0, 0, 0, 0, 6, 2, 32314, , 
197080, , , 7.95, 0, 0, 0, 0, 4, 1, 110178, , 
205535, 1241914506870, 1241914837363, 0, 0, 0, 0, 0, 2, 2, 95479, 7, 2
206148, , , 63.7, 0, 0, 0, 0, 1, 3, 1122449, , 
206273, 1241915774784, , 0, 2541, 13, 241.3846153846154, 0, 0, 0, 176400, 3, 0
21067, , , 527.1500000000001, 0, 0, 0, 0, 3, 17, 302907, , 
213087, 1241914650944, 1241914756530, 0, 0, 0, 0, 0, 0, 0, 258951, 2, 0
217283, , , 18.450000000000003, 0, 0, 0, 0, 71, 6, 57393, , 
220964, , , 16.55, 0, 0, 0, 0, 5, 3, 143501, , 
223864, , , 23.200000000000003, 0, 0, 0, 0, 7, 37, 160138, , 
224560, 1241911882680, 1241911991646, 0, 0, 0, 0, 0, 2, 0, 132334, 3, 1
22707, , , 12.100000000000001, 0, 0, 0, 0, 7, 13, 8842, , 
228764, , , 15.9, 0, 0, 0, 0, 1, 2, 197080, , 
238812, 1241911530996, 1241912714163, 0, 331, 2, 214.5, 546831, 10, 6, 192080, 5, 2
246491, 1241911977505, 1241912276849, 0, 0, 0, 0, 0, 0, 0, 336524, 1, 0
249956, 1241914256521, 1241915674132, 0, 1798, 8, 193.25, 0, 0, 0, 166, 3, 
256746, , , 34.05, 0, 0, 0, 0, 5, 30, 61984, , 
258951, , , 139.7, 0, 0, 0, 0, 25, 13, 1265, , 
259344, , , 21.1, 0, 0, 0, 0, 23, 13, 143538, , 
261716, , , 57.400000000000006, 0, 0, 0, 0, 1, 1, 181264, , 
276754, 1241914016646, 1241914062254, 0, 0, 0, 0, 0, 0, 0, 0, 1, 
293092, 1241917195242, , 0, 0, 0, 0, 184475, 3, 0, 320880, 4, 2
295991, , , 74.4, 0, 0, 0, 0, 2, 4, 161001, , 
298229, , , 10, 0, 0, 0, 0, 1, 1, 166, , 
298666, 1241916405831, , 0, 211, 1, 277, 868186, 9, 2, 259344, 8, 4
302907, , , 200.05000000000004, 0, 0, 0, 0, 2, 3, 283855, , 
311783, 1241911134971, 1241913583810, 140.55, 1641, 6, 406, 0, 15, 4, 11460, 10, 7
3200, 1241916860884, , 0, 232, 1, 174, 71724, 37, 22, 223864, 14, 2
321891, 1241910632343, 1241913454629, 61.5, 1349, 11, 106.63636363636364, 0, 1, 0, 311783, 4, 0
32314, , , 61.10000000000001, 0, 0, 0, 0, 10, 6, 40508, , 
328907, 1241911083278, 1241914151643, 0, 624, 6, 94.5, 0, 0, 0, 321891, 1, 
335645, 1241913862191, 1241914031652, 0, 0, 0, 0, 0, 0, 0, 297654, 1, 
336024, , , 46.800000000000004, 0, 0, 0, 0, 1, 4, 510740, , 
336620, 1241915104481, 1241916971670, 0, 78, 1, 95, 0, 0, 0, 157713, 2, 
35568, , , 6.050000000000001, 0, 0, 0, 0, 3, 33, 258951, , 
36377, 1241913207566, 1241914967028, 0, 1784, 6, 378.8333333333333, 0, 4, 8, 453809, 10, 3
369681, , , 19.650000000000002, 0, 0, 0, 0, 2, 1, 1704, , 
372887, , , 89.2, 0, 0, 0, 0, 1, 1, 386780, , 
380197, 1241915620416, , 0, 744, 6, 131.83333333333334, 0, 4, 0, 295991, 4, 10
384125, 1241912060014, 1241914388128, 0, 159, 1, 108, 0, 2, 0, 228764, 2, 0
384703, 1241915868221, 1241916070631, 0, 0, 0, 0, 0, 2, 7, 338481, 4, 0
387496, 1241915407853, 1241915999118, 0, 0, 0, 0, 0, 1, 0, 82377, 3, 1
388615, , , 10.15, 0, 0, 0, 0, 1, 2, 395687, , 
390995, , , 20.3, 0, 0, 0, 0, 2, 2, 388615, , 
391630, 1241912944688, 1241914992914, 0, 2814, 21, 121.9047619047619, 0, 0, 0, 64152, 3, 0
39180, 1241912045195, 1241912150016, 0, 0, 0, 0, 0, 8, 16, 68619, 7, 1
392522, 1241916608206, , 12.3, 123, 1, 118, 1242476, 3, 0, 217283, 3, 0
403770, 1241915740843, 1241915763727, 0, 0, 0, 0, 0, 0, 0, 64247, 4, 0
40508, , , 30.550000000000004, 0, 0, 0, 0, 1, 10, 23340, , 
408501, , , 73.2, 0, 0, 0, 0, 8, 7, 637936, , 
409641, 1241914889607, 1241916040526, 0, 182, 1, 182, 0, 0, 0, 98128, 3, 0
41022, , , 82.05000000000001, 0, 0, 0, 0, 2, 1, 412796, , 
4139, , , 89.5, 0, 0, 0, 0, 25, 14, 713, , 
430717, , , 68.1, 0, 0, 0, 0, 30, 1, 256746, , 
453809, , , 178.4, 0, 0, 0, 0, 1, 4, 372887, , 
510740, , , 8.8, 0, 0, 0, 0, 71, 3, 534632, , 
5212, , , 71.2, 0, 0, 0, 0, 17, 5, 156489, , 
543921, , , 214.39999999999998, 0, 0, 0, 0, 8, 0, 1092321, , 
54776, 1241913317131, 1241914624109, 170.2, 0, 0, 0, 1062, 83, 37, 89757, 16, 3
555728, 1241916719175, , 0, 0, 0, 0, 828191, 18, 15, 1101, 4, 0
561727, 1241912477413, 1241913697533, 0, 383, 3, 133.66666666666666, 0, 0, 0, 1208580, 3, 
57393, , , 6.15, 0, 0, 0, 0, 6, 75, 159420, , 
578, , , 89.89999999999999, 0, 0, 0, 0, 1, 6, 12770, , 
57863, 1241912133961, 1241912813368, 0, 643, 4, 143, 0, 0, 0, 543921, 2, 0
58022, 1241917105920, , 0, 0, 0, 0, 0, 4, 5, 175065, 4, 0
58859, , , 14.700000000000001, 0, 0, 0, 0, 11, 22, 396113, , 
61045, , , 17.85, 0, 0, 0, 0, 7, 10, 74372, , 
634607, 1241916631513, 1241916760396, 0, 0, 0, 0, 0, 4, 3, 54776, 5, 2
637936, , , 36.6, 0, 0, 0, 0, 3, 8, 217283, , 
64152, , , 281.40000000000003, 0, 0, 0, 0, 6, 0, 108338, , 
64748, 1241910604159, 1241910779132, 0, 0, 0, 0, 0, 0, 0, 66537, 2, 
695462, 1241911177793, 1241911192677, 0, 0, 0, 0, 0, 0, 0, 0, 1, 
713, , , 380.05, 0, 0, 0, 0, 11, 55, 12, , 
733513, 1241911188263, 1241911198715, 0, 0, 0, 0, 0, 0, 0, 0, 1, 
74372, , , 93.60000000000001, 0, 0, 0, 0, 4, 7, 336024, , 
74653, 1241916060917, , 0, 936, 4, 229, 0, 0, 0, 74372, 4, 0
748546, 1241916274741, 1241916291273, 0, 0, 0, 0, 0, 0, 0, 0, 1, 
769463, 1241913585055, , 0, 681, 4, 158.5, 208692, 1, 0, 430717, 4, 0
769849, 1241915204209, , 0, 200, 2, 165.5, 0, 1, 0, 54776, 4, 0
772113, , , 17.6, 0, 0, 0, 0, 1, 1, 510740, , 
78233, 1241912860799, 1241912951647, 0, 0, 0, 0, 0, 0, 0, 54776, 3, 
79588, 1241915745107, 1241915760346, 0, 0, 0, 0, 0, 0, 0, 33511, 1, 0
802319, , , 42.050000000000004, 0, 0, 0, 0, 2, 6, 773108, , 
81899, , , 84.10000000000001, 0, 0, 0, 0, 6, 18, 802319, , 
822174, 1241910607220, 1241911207769, 0, 0, 0, 0, 0, 0, 0, 176400, 1, 
825362, 1241912331957, 1241912541225, 0, 0, 0, 0, 0, 0, 0, 68238, 1, 
835426, 1241916534114, 1241916790305, 39.900000000000006, 121, 1, 117, 0, 3, 1, 1092321, 3, 
836050, 1241915880549, , 130.2, 714, 3, 417.3333333333333, 592692, 17, 7, 113237, 8, 2
840880, 1241912802437, 1241913338999, 64.60000000000001, 979, 5, 115.4, 0, 1, 0, 836050, 3, 
859282, 1241916204791, , 0, 574, 3, 108.33333333333333, 0, 1, 0, 261716, 3, 0
86131, 1241916473061, , 0, 1734, 10, 128.9, 0, 0, 0, 1124156, 2, 0
86926, , , 35.7, 0, 0, 0, 0, 7, 1, 61045, , 
879079, , , 100.89999999999999, 0, 0, 0, 0, 2, 4, 196543, , 
8842, , , 6.050000000000001, 0, 0, 0, 0, 12, 7, 1531, , 
885698, , , 19.150000000000002, 0, 0, 0, 0, 4, 1, 836050, , 
89757, , , 85.1, 0, 0, 0, 0, 3, 83, 20260, , 
90041, 1241914123248, 1241915351631, 0, 1397, 4, 398.75, 175933, 10, 10, 258951, 12, 14
910170, 1241915545637, , 0, 611, 3, 110, 0, 0, 0, 32314, 1, 0
92509, 1241915656400, 1241916476820, 0, 712, 3, 238, 0, 5, 0, 5212, 6, 3
93640, 1241915910569, , 0, 357, 2, 129.5, 0, 1, 0, 86926, 4, 0
98128, , , 18.2, 0, 0, 0, 0, 9, 2, 170934, , 
995, , , 150.2, 0, 0, 0, 0, 13, 23, 12, , 
<<<<EndTable

PlayersOnlineNow=22
PlayersOnlineEachMinute=0, 13, 13, 10, 9, 9, 9, 10, 9, 11, 13, 12, 13, 13, 13, 15, 16, 16, 18, 17, 15, 16, 16, 17, 16, 20, 19, 20, 22, 23, 21, 21, 22, 20, 18, 17, 18, 20, 21, 21, 21, 20, 18, 18, 18, 18, 19, 19, 17, 16, 18, 18, 17, 18, 14, 14, 15, 16, 14, 14, 14, 15, 16, 15, 14, 15, 16, 17, 15, 15, 14, 11, 12, 12, 12, 12, 14, 16, 15, 14, 14, 15, 17, 16, 18, 18, 19, 20, 23, 23, 23, 22, 19, 21, 22, 21, 21, 21, 22, 21, 20, 23, 25, 25, 23, 23, 23, 22, 22, 22
PlayersInEachFeedingGame=1, 1, 1, 1, 2, 1, 1, 1, 1, 2, 1, 2, 2, 3, 1, 2, 2, 1, 2, 2, 3, 2, 1, 2, 1, 1, 2, 1, 1, 2, 1, 2, 2, 1, 2, 2, 2, 2, 2, 2, 2, 2, 2, 2, 2, 1, 2, 2, 2, 2, 1, 2, 1, 2, 1, 2, 1, 2, 1, 2, 2, 2, 2, 1, 2, 2, 1, 1, 2, 2, 1, 1, 1, 1, 2, 2, 1, 2, 1, 1, 2, 2, 1, 2, 2, 2, 1, 2, 2, 1, 1, 1, 2, 2, 1, 2, 2, 1, 1, 1, 1, 1, 1, 2, 2, 2, 1, 2, 2, 2, 1, 2, 2, 2, 2, 1, 1, 2, 2, 1, 2, 2, 1, 1, 1, 2, 2, 1, 2, 1, 1, 2, 2, 2, 2, 1, 1, 2, 2, 1, 2, 4, 2, 1
PlayersStarted=154
PlayersQuit=132
StatsStartTime=1241910601956
StatsDumpTime=1241917202299
<<<<EndStats
2009-05-09 18:00:24,973 ERROR: vampire.server.feeding.FeedingRecord sendPlayerStartGameMsg [playerId=86131, prey=false, _predatorIndex=836050,3200,1400444,93640]
2009-05-09 18:01:05,221 ERROR: vampire.server.feeding.FeedingRecord sendPlayerStartGameMsg [playerId=1351488, prey=false, _predatorIndex=]
2009-05-09 18:01:14,621 ERROR: vampire.server.feeding.FeedingRecord sendPlayerStartGameMsg [playerId=1351488, prey=false, _predatorIndex=380197]
2009-05-09 18:01:40,203 ERROR: vampire.server.feeding.FeedingRecord sendPlayerStartGameMsg [playerId=93640, prey=true, _predatorIndex=]
2009-05-09 18:01:40,204 ERROR: vampire.server.feeding.FeedingRecord sendPlayerStartGameMsg [playerId=1162584, prey=false, _predatorIndex=]
2009-05-09 18:01:42,524 ERROR: vampire.server.feeding.FeedingRecord sendPlayerStartGameMsg [playerId=1329831, prey=false, _predatorIndex=]
2009-05-09 18:02:51,847 ERROR: vampire.server.feeding.FeedingRecord sendPlayerStartGameMsg [playerId=1281412, prey=true, _predatorIndex=]
2009-05-09 18:02:51,847 ERROR: vampire.server.feeding.FeedingRecord sendPlayerStartGameMsg [playerId=1351488, prey=false, _predatorIndex=]
2009-05-09 18:02:59,246 ERROR: vampire.server.feeding.FeedingRecord sendPlayerStartGameMsg [playerId=380197, prey=false, _predatorIndex=]
2009-05-09 18:03:51,735 ERROR: vampire.server.feeding.FeedingRecord sendPlayerStartGameMsg [playerId=836050, prey=true, _predatorIndex=]
2009-05-09 18:03:51,736 ERROR: vampire.server.feeding.FeedingRecord sendPlayerStartGameMsg [playerId=3200, prey=false, _predatorIndex=]
2009-05-09 18:04:05,604 ERROR: vampire.server.feeding.FeedingRecord sendPlayerStartGameMsg [playerId=86131, prey=true, _predatorIndex=]
2009-05-09 18:04:05,605 ERROR: vampire.server.feeding.FeedingRecord sendPlayerStartGameMsg [playerId=859282, prey=false, _predatorIndex=]
2009-05-09 18:04:14,419 ERROR: vampire.server.feeding.FeedingRecord sendPlayerStartGameMsg [playerId=176400, prey=true, _predatorIndex=]
2009-05-09 18:04:14,419 ERROR: vampire.server.feeding.FeedingRecord sendPlayerStartGameMsg [playerId=1173068, prey=false, _predatorIndex=]
2009-05-09 18:04:22,306 ERROR: vampire.server.feeding.FeedingRecord sendPlayerStartGameMsg [playerId=1351488, prey=false, _predatorIndex=1173068]
2009-05-09 18:04:25,161 ERROR: vampire.server.feeding.FeedingRecord sendPlayerStartGameMsg [playerId=1329831, prey=false, _predatorIndex=1173068,1351488]
2009-05-09 18:04:43,111 ERROR: vampire.server.feeding.FeedingRecord sendPlayerStartGameMsg [playerId=555728, prey=true, _predatorIndex=]
2009-05-09 18:04:43,111 ERROR: vampire.server.feeding.FeedingRecord sendPlayerStartGameMsg [playerId=1329831, prey=false, _predatorIndex=]
2009-05-09 18:04:58,436 ERROR: vampire.server.feeding.FeedingRecord sendPlayerStartGameMsg [playerId=1400444, prey=false, _predatorIndex=]
2009-05-09 18:06:18,244 ERROR: vampire.server.feeding.FeedingRecord sendPlayerStartGameMsg [playerId=836050, prey=true, _predatorIndex=]
2009-05-09 18:06:18,244 ERROR: vampire.server.feeding.FeedingRecord sendPlayerStartGameMsg [playerId=171513, prey=false, _predatorIndex=]
2009-05-09 18:06:59,812 ERROR: vampire.server.feeding.FeedingRecord sendPlayerStartGameMsg [playerId=1173068, prey=true, _predatorIndex=]
2009-05-09 18:06:59,813 ERROR: vampire.server.feeding.FeedingRecord sendPlayerStartGameMsg [playerId=1351488, prey=false, _predatorIndex=]
2009-05-09 18:07:31,543 ERROR: vampire.server.feeding.FeedingRecord sendPlayerStartGameMsg [playerId=1173068, prey=true, _predatorIndex=]
2009-05-09 18:07:31,544 ERROR: vampire.server.feeding.FeedingRecord sendPlayerStartGameMsg [playerId=1351488, prey=false, _predatorIndex=]
2009-05-09 18:09:05,997 ERROR: vampire.server.feeding.FeedingRecord sendPlayerStartGameMsg [playerId=128711, prey=true, _predatorIndex=]
2009-05-09 18:09:05,997 ERROR: vampire.server.feeding.FeedingRecord sendPlayerStartGameMsg [playerId=171513, prey=false, _predatorIndex=]
2009-05-09 18:09:24,871 ERROR: vampire.server.feeding.FeedingRecord sendPlayerStartGameMsg [playerId=125347, prey=false, _predatorIndex=]
2009-05-09 18:09:34,866 ERROR: vampire.server.feeding.FeedingRecord sendPlayerStartGameMsg [playerId=153751, prey=false, _predatorIndex=]

>>>>BeginStats

>>>>BeginTable
PlayerId, StartTime, EndTime, ProgenyPayout, XPFromFeeding, FeedingGames, MeanFeedingScore, BloodBond, Progeny, GrandProgeny, Sire, Level, Invites
1021278, , , 12.5, 0, 0, 0, 0, 2, 2, 452296, , 
103033, 1241912809664, 1241913883376, 0, 841, 3, 214.33333333333334, 767143, 18, 14, 81899, 7, 1
103634, , , 39.300000000000004, 0, 0, 0, 0, 1, 2, 369681, , 
1043, 1241912172010, 1241912175504, 0, 0, 0, 0, 453, 6, 3, 12, 13, 3
1047840, 1241913588449, , 0, 732, 4, 216.25, 1106386, 7, 0, 408501, 6, 1
104890, 1241915085895, 1241915287027, 0, 121, 1, 121, 0, 1, 0, 22707, 4, 0
1062, 1241913287055, 1241913316664, 451.55000000000007, 1371, 7, 284, 54776, 13, 10, 713, 17, 2
10642, , , 91.25000000000001, 0, 0, 0, 0, 34, 17, 351598, , 
108338, , , 140.70000000000002, 0, 0, 0, 0, 1, 6, 288860, , 
1084434, 1241910654804, 1241911694408, 0, 1502, 7, 134, 1892, 0, 0, 54776, 3, 
1092321, , , 145.7, 0, 0, 0, 0, 33, 11, 35568, , 
1092398, 1241913873690, 1241914648887, 0, 878, 6, 155.66666666666666, 0, 0, 0, 1204358, 1, 
1101, , , 8.700000000000001, 0, 0, 0, 0, 2, 18, 239981, , 
110735, 1241916737335, 1241916777488, 0, 0, 0, 0, 1255618, 0, 0, 408501, 3, 
1111437, 1241913755123, 1241913826076, 0, 0, 0, 0, 0, 2, 0, 70997, 2, 
1120688, 1241915402200, 1241917087418, 0, 1501, 10, 142, 0, 0, 0, 543921, 2, 
1122449, , , 28.2, 0, 0, 0, 0, 15, 1, 555728, , 
1124156, 1241914276890, 1241914645095, 187.49999999999997, 476, 2, 358, 269484, 11, 2, 184671, 9, 3
113237, , , 231.45000000000002, 0, 0, 0, 0, 9, 17, 10642, , 
114461, 1241912989364, 1241913878801, 0, 203, 2, 101.5, 0, 2, 2, 390995, 4, 0
11460, , , 219, 0, 0, 0, 0, 1, 15, 41022, , 
1148098, , , 25, 0, 0, 0, 0, 2, 3, 1021278, , 
1162584, 1241916977446, , 0, 347, 2, 186.5, 0, 0, 0, 178724, 2, 0
1163664, 1241915685737, 1241915742326, 0, 0, 0, 0, 0, 0, 0, 1255018, 1, 
116434, 1241917693738, , 0, 0, 0, 0, 0, 2, 0, 371343, 4, 2
1173068, 1241917433089, , 0, 389, 2, 195.5, 0, 0, 0, 176400, 1, 0
1178608, 1241917216578, 1241917225714, 0, 0, 0, 0, 0, 0, 0, 0, 1, 
1181562, 1241916333149, 1241916343709, 0, 0, 0, 0, 0, 0, 0, 0, 1, 
1199648, 1241912465309, 1241913102920, 0, 0, 0, 0, 0, 2, 0, 394001, 4, 1
12, , , 143.64999999999998, 0, 0, 0, 0, 20, 46, 383387, , 
1204358, 1241912719663, 1241916544825, 87.6, 1556, 12, 105.66666666666667, 0, 2, 0, 1062, 2, 
1207789, 1241916425981, 1241916449225, 0, 0, 0, 0, 0, 0, 0, 0, 1, 
1208580, , , 38.300000000000004, 0, 0, 0, 0, 1, 0, 885698, , 
1211786, 1241914313863, 1241914330148, 0, 0, 0, 0, 0, 0, 0, 0, 1, 
1223024, 1241912192450, 1241912682246, 0, 250, 2, 136, 0, 3, 2, 1148098, 2, 1
122718, 1241910612199, 1241910749072, 0, 0, 0, 0, 0, 0, 0, 0, 1, 
125347, 1241917760702, , 0, 0, 0, 0, 0, 1, 0, 561527, 1, 0
1254632, 1241915484171, 1241915940017, 0, 78, 1, 61, 0, 0, 0, 0, 1, 
1255618, 1241915129337, 1241916491662, 14.600000000000001, 564, 4, 159.5, 110735, 3, 1, 206148, 4, 
1265, , , 69.85, 0, 0, 0, 0, 2, 31, 12, , 
126757, 1241913795321, 1241914051489, 0, 130, 1, 130, 0, 0, 0, 0, 1, 
1273954, 1241917139211, 1241917144314, 0, 0, 0, 0, 0, 0, 0, 4139, 2, 
1275561, 1241912251831, 1241912951649, 0, 176, 1, 184, 0, 1, 0, 772113, 3, 
1279761, 1241915214890, 1241916871041, 0, 1513, 9, 172, 0, 0, 0, 171513, 4, 
1281412, 1241916790858, , 0, 50, 1, 100, 0, 0, 0, 1124156, 1, 0
1283335, 1241911478812, 1241912629761, 0, 627, 4, 174.75, 0, 0, 0, 0, 2, 
1285504, 1241916608068, 1241916842815, 0, 0, 0, 0, 1346597, 4, 0, 1241857, 4, 3
128711, 1241917668018, , 0, 0, 0, 0, 0, 0, 0, 0, 1, 0
129076, 1241912463187, 1241912472928, 0, 0, 0, 0, 0, 0, 0, 0, 1, 
1298136, 1241916754104, 1241917016542, 0, 0, 0, 0, 0, 0, 0, 0, 1, 
1299774, 1241912925016, 1241913255841, 0, 102, 1, 102, 0, 0, 0, 0, 1, 
1304810, 1241915471365, 1241915544935, 0, 0, 0, 0, 0, 0, 0, 103033, 1, 
1309580, 1241911690102, 1241912566112, 0, 240, 2, 123, 0, 0, 0, 1204358, 1, 
1314704, 1241915481032, 1241915503986, 0, 0, 0, 0, 0, 0, 0, 0, 1, 
131657, 1241917063143, 1241917073789, 0, 0, 0, 0, 0, 0, 0, 0, 1, 0
1328683, 1241911662913, 1241911789947, 0, 0, 0, 0, 0, 0, 0, 522720, 1, 
1329831, 1241917285430, 1241917519599, 0, 576, 4, 162, 0, 0, 0, 0, 1, 
1342864, 1241917598513, , 0, 0, 0, 0, 0, 0, 0, 0, 1, 0
1351488, 1241915797965, , 0, 826, 6, 134.5, 0, 0, 0, 835426, 1, 0
1358455, 1241913913886, 1241914284326, 0, 0, 0, 0, 0, 0, 0, 47154, 2, 
1358947, 1241911710529, 1241911747751, 0, 0, 0, 0, 0, 0, 0, 0, 1, 
1361827, 1241914583655, 1241915543981, 0, 419, 4, 104.75, 0, 0, 0, 0, 1, 
1386570, 1241917695720, 1241917705246, 0, 0, 0, 0, 0, 0, 0, 0, 1, 
1387719, 1241917653254, , 0, 0, 0, 0, 0, 0, 0, 0, 1, 0
1392006, 1241916426737, 1241916491639, 0, 0, 0, 0, 0, 0, 0, 0, 1, 
1394515, 1241916133579, 1241916841282, 0, 331, 3, 111.66666666666667, 0, 0, 0, 392522, 1, 
1397345, 1241912958693, 1241912997752, 0, 0, 0, 0, 0, 0, 0, 0, 1, 
1399577, 1241912421338, 1241915265054, 22.700000000000003, 2909, 13, 160.92307692307693, 0, 1, 0, 1062, 2, 
1400444, 1241917016051, 1241917751657, 0, 341, 2, 113.5, 0, 0, 0, 859282, 1, 
1400516, 1241915129014, 1241915143424, 0, 0, 0, 0, 0, 0, 0, 0, 1, 
1400665, 1241915809981, 1241916283146, 0, 213, 2, 132, 0, 0, 0, 1255618, 1, 
1400876, 1241914770193, 1241914780015, 0, 0, 0, 0, 0, 0, 0, 0, 1, 
1401271, 1241916524985, 1241916542784, 0, 0, 0, 0, 0, 0, 0, 0, 1, 
143538, , , 10.55, 0, 0, 0, 0, 2, 23, 1531, , 
147367, 1241915638839, 1241915652728, 0, 0, 0, 0, 0, 0, 0, 156489, 1, 0
153751, 1241917539344, , 0, 0, 0, 0, 0, 0, 0, 0, 1, 0
156489, , , 35.6, 0, 0, 0, 0, 16, 17, 713, , 
157713, , , 7.800000000000001, 0, 0, 0, 0, 4, 0, 58859, , 
159950, 1241915741602, 1241916098724, 0, 711, 4, 156.25, 0, 0, 0, 840880, 1, 
160138, , , 40.95, 0, 0, 0, 0, 7, 7, 150469, , 
161001, , , 45.800000000000004, 0, 0, 0, 0, 1, 2, 377820, , 
166, , , 184.79999999999998, 0, 0, 0, 0, 6, 1, 578, , 
16825, 1241911172613, 1241911701829, 0, 895, 3, 298.3333333333333, 0, 14, 10, 4139, 6, 1
168426, 1241912256745, 1241912365730, 0, 0, 0, 0, 0, 1, 0, 164243, 4, 0
170191, , , 128.05, 0, 0, 0, 0, 3, 11, 202873, , 
170934, , , 9.1, 0, 0, 0, 0, 7, 9, 49732, , 
171513, 1241917548252, , 175.10000000000002, 524, 1, 315, 0, 11, 7, 170191, 12, 3
171720, 1241917496741, 1241917619734, 0, 0, 0, 0, 94555, 5, 1, 128013, 4, 4
176400, 1241912049921, , 293, 4261, 19, 268.10526315789474, 0, 18, 0, 21067, 7, 5
177501, 1241912107366, 1241912496051, 0, 100, 1, 101, 0, 1, 0, 298229, 4, 
178724, , , 34.7, 0, 0, 0, 0, 18, 0, 58859, , 
181253, 1241911500596, 1241913107786, 0, 393, 2, 176.5, 0, 2, 0, 103634, 7, 3
181264, , , 44.35000000000001, 0, 0, 0, 0, 2, 1, 3812, , 
182539, 1241914146969, 1241916071643, 0, 1009, 5, 225.8, 0, 4, 0, 879079, 3, 
184671, , , 141.35000000000002, 0, 0, 0, 0, 1, 11, 171513, , 
1892, 1241913344660, 1241913520461, 0, 1502, 7, 294.7142857142857, 1084434, 23, 7, 995, 12, 2
191409, 1241913333843, 1241913814480, 0, 227, 2, 106, 0, 0, 0, 1399577, 1, 
192080, , , 33.1, 0, 0, 0, 0, 2, 10, 220964, , 
196543, , , 50.449999999999996, 0, 0, 0, 0, 6, 2, 32314, , 
197080, , , 7.95, 0, 0, 0, 0, 4, 1, 110178, , 
202873, , , 26.200000000000003, 0, 0, 0, 0, 1, 3, 341164, , 
205535, 1241914506870, 1241914837363, 0, 0, 0, 0, 0, 2, 2, 95479, 7, 2
206148, , , 63.7, 0, 0, 0, 0, 1, 3, 1122449, , 
206273, 1241915774784, , 0, 2541, 13, 241.3846153846154, 0, 0, 0, 176400, 3, 0
21067, , , 572.6000000000001, 0, 0, 0, 0, 3, 18, 302907, , 
213087, 1241914650944, 1241914756530, 0, 0, 0, 0, 0, 0, 0, 258951, 2, 0
217283, , , 18.450000000000003, 0, 0, 0, 0, 71, 6, 57393, , 
220964, , , 16.55, 0, 0, 0, 0, 5, 6, 143501, , 
223864, , , 81.9, 0, 0, 0, 0, 7, 37, 160138, , 
224560, 1241911882680, 1241911991646, 0, 0, 0, 0, 0, 2, 0, 132334, 3, 1
22707, , , 12.100000000000001, 0, 0, 0, 0, 7, 13, 8842, , 
228764, , , 15.9, 0, 0, 0, 0, 1, 2, 197080, , 
238812, 1241911530996, 1241912714163, 0, 331, 2, 214.5, 546831, 10, 6, 192080, 5, 2
239981, , , 4.3500000000000005, 0, 0, 0, 0, 1, 2, 209944, , 
246491, 1241911977505, 1241912276849, 0, 0, 0, 0, 0, 0, 0, 336524, 1, 0
249956, 1241914256521, 1241915674132, 0, 1798, 8, 193.25, 0, 0, 0, 166, 3, 
256746, , , 34.05, 0, 0, 0, 0, 5, 30, 61984, , 
258951, , , 139.7, 0, 0, 0, 0, 25, 13, 1265, , 
259344, , , 21.1, 0, 0, 0, 0, 23, 13, 143538, , 
261716, , , 105.75000000000001, 0, 0, 0, 0, 1, 2, 181264, , 
276754, 1241914016646, 1241914062254, 0, 0, 0, 0, 0, 0, 0, 0, 1, 
293092, 1241917195242, , 0, 0, 0, 0, 184475, 3, 0, 320880, 4, 2
295991, , , 91.60000000000001, 0, 0, 0, 0, 2, 4, 161001, , 
298229, , , 10, 0, 0, 0, 0, 1, 1, 166, , 
298666, 1241916405831, , 0, 211, 1, 277, 868186, 9, 2, 259344, 8, 4
302907, , , 213.05000000000004, 0, 0, 0, 0, 2, 3, 283855, , 
311783, 1241911134971, 1241913583810, 140.55, 1641, 6, 406, 0, 15, 4, 11460, 10, 7
3200, 1241916860884, 1241917674772, 0, 819, 3, 349.3333333333333, 71724, 37, 22, 223864, 14, 2
321891, 1241910632343, 1241913454629, 61.5, 1349, 11, 106.63636363636364, 0, 1, 0, 311783, 4, 0
32314, , , 61.10000000000001, 0, 0, 0, 0, 10, 6, 40508, , 
328907, 1241911083278, 1241914151643, 0, 624, 6, 94.5, 0, 0, 0, 321891, 1, 
335645, 1241913862191, 1241914031652, 0, 0, 0, 0, 0, 0, 0, 297654, 1, 
336024, , , 46.800000000000004, 0, 0, 0, 0, 1, 4, 510740, , 
336620, 1241915104481, 1241916971670, 0, 78, 1, 95, 0, 0, 0, 157713, 2, 
35568, , , 6.050000000000001, 0, 0, 0, 0, 3, 33, 258951, , 
36377, 1241913207566, 1241914967028, 0, 1784, 6, 378.8333333333333, 0, 4, 8, 453809, 10, 3
369681, , , 19.650000000000002, 0, 0, 0, 0, 2, 1, 1704, , 
372887, , , 89.2, 0, 0, 0, 0, 1, 1, 386780, , 
380197, 1241915620416, , 0, 916, 8, 120.375, 0, 4, 0, 295991, 4, 10
384125, 1241917786244, , 0, 159, 1, 108, 0, 2, 0, 228764, 2, 0
384703, 1241915868221, 1241916070631, 0, 0, 0, 0, 0, 2, 7, 338481, 4, 0
387496, 1241915407853, 1241915999118, 0, 0, 0, 0, 0, 1, 0, 82377, 3, 1
388615, , , 10.15, 0, 0, 0, 0, 1, 2, 395687, , 
390995, , , 20.3, 0, 0, 0, 0, 2, 2, 388615, , 
391630, 1241912944688, 1241914992914, 0, 2814, 21, 121.9047619047619, 0, 0, 0, 64152, 3, 0
39180, 1241912045195, 1241912150016, 0, 0, 0, 0, 0, 8, 16, 68619, 7, 1
392522, 1241916608206, , 12.3, 123, 1, 118, 1242476, 3, 0, 217283, 3, 0
403770, 1241915740843, 1241915763727, 0, 0, 0, 0, 0, 0, 0, 64247, 4, 0
40508, , , 30.550000000000004, 0, 0, 0, 0, 1, 10, 23340, , 
408501, , , 73.2, 0, 0, 0, 0, 8, 7, 637936, , 
409641, 1241914889607, 1241916040526, 0, 182, 1, 182, 0, 0, 0, 98128, 3, 0
41022, , , 82.05000000000001, 0, 0, 0, 0, 2, 1, 412796, , 
4139, , , 89.5, 0, 0, 0, 0, 25, 14, 713, , 
430717, , , 68.1, 0, 0, 0, 0, 30, 1, 256746, , 
453809, , , 178.4, 0, 0, 0, 0, 1, 4, 372887, , 
510740, , , 8.8, 0, 0, 0, 0, 71, 3, 534632, , 
5212, , , 71.2, 0, 0, 0, 0, 17, 5, 156489, , 
543921, , , 214.39999999999998, 0, 0, 0, 0, 8, 0, 1092321, , 
54776, 1241913317131, 1241914624109, 170.2, 0, 0, 0, 1062, 83, 37, 89757, 16, 3
555728, 1241916719175, , 0, 87, 1, 174, 828191, 18, 15, 1101, 4, 0
561727, 1241912477413, 1241913697533, 0, 383, 3, 133.66666666666666, 0, 0, 0, 1208580, 3, 
57393, , , 6.15, 0, 0, 0, 0, 6, 75, 159420, , 
578, , , 89.89999999999999, 0, 0, 0, 0, 1, 6, 12770, , 
57863, 1241912133961, 1241912813368, 0, 643, 4, 143, 0, 0, 0, 543921, 2, 0
58022, 1241917105920, 1241917364142, 0, 0, 0, 0, 0, 4, 5, 175065, 4, 0
58429, 1241917688863, , 0, 0, 0, 0, 0, 7, 13, 10642, 4, 0
58859, , , 21.25, 0, 0, 0, 0, 11, 22, 396113, , 
61045, , , 24.400000000000002, 0, 0, 0, 0, 7, 10, 74372, , 
617358, 1241917745583, , 0, 0, 0, 0, 0, 0, 0, 209274, 3, 0
634607, 1241917219271, 1241917714603, 0, 0, 0, 0, 0, 4, 3, 54776, 5, 2
637936, , , 36.6, 0, 0, 0, 0, 3, 8, 217283, , 
64152, , , 281.40000000000003, 0, 0, 0, 0, 6, 0, 108338, , 
64748, 1241910604159, 1241910779132, 0, 0, 0, 0, 0, 0, 0, 66537, 2, 
695462, 1241911177793, 1241911192677, 0, 0, 0, 0, 0, 0, 0, 0, 1, 
713, , , 380.05, 0, 0, 0, 0, 11, 55, 12, , 
733513, 1241911188263, 1241911198715, 0, 0, 0, 0, 0, 0, 0, 0, 1, 
74372, , , 93.60000000000001, 0, 0, 0, 0, 4, 7, 336024, , 
74653, 1241916060917, , 0, 936, 4, 229, 0, 0, 0, 74372, 4, 0
748546, 1241916274741, 1241916291273, 0, 0, 0, 0, 0, 0, 0, 0, 1, 
769463, 1241913585055, , 0, 681, 4, 158.5, 208692, 1, 0, 430717, 4, 0
769849, 1241915204209, 1241917270483, 0, 200, 2, 165.5, 0, 1, 0, 54776, 4, 
772113, , , 17.6, 0, 0, 0, 0, 1, 1, 510740, , 
78233, 1241912860799, 1241912951647, 0, 0, 0, 0, 0, 0, 0, 54776, 3, 
79588, 1241915745107, 1241915760346, 0, 0, 0, 0, 0, 0, 0, 33511, 1, 0
802319, , , 42.050000000000004, 0, 0, 0, 0, 2, 6, 773108, , 
81899, , , 84.10000000000001, 0, 0, 0, 0, 6, 18, 802319, , 
822174, 1241910607220, 1241911207769, 0, 0, 0, 0, 0, 0, 0, 176400, 1, 
825362, 1241912331957, 1241912541225, 0, 0, 0, 0, 0, 0, 0, 68238, 1, 
835426, 1241916534114, 1241916790305, 52.800000000000004, 121, 1, 117, 0, 3, 1, 1092321, 3, 
836050, 1241915880549, , 130.2, 1825, 6, 430.5, 592692, 17, 7, 113237, 9, 2
840880, 1241912802437, 1241913338999, 64.60000000000001, 979, 5, 115.4, 0, 1, 0, 836050, 3, 
859282, 1241916204791, , 34.1, 887, 5, 108.6, 0, 2, 0, 261716, 3, 0
86131, 1241916473061, 1241917738624, 0, 2047, 12, 125.83333333333333, 0, 0, 0, 1124156, 2, 
86926, , , 48.800000000000004, 0, 0, 0, 0, 7, 1, 61045, , 
879079, , , 100.89999999999999, 0, 0, 0, 0, 2, 4, 196543, , 
8842, , , 6.050000000000001, 0, 0, 0, 0, 12, 7, 1531, , 
885698, , , 19.150000000000002, 0, 0, 0, 0, 4, 1, 836050, , 
89757, , , 85.1, 0, 0, 0, 0, 3, 83, 20260, , 
90041, 1241914123248, 1241915351631, 0, 1397, 4, 398.75, 175933, 10, 10, 258951, 12, 14
910170, 1241915545637, 1241917386414, 0, 611, 3, 110, 0, 0, 0, 32314, 1, 
92509, 1241915656400, 1241916476820, 0, 712, 3, 238, 0, 5, 0, 5212, 6, 3
93640, 1241915910569, , 0, 488, 3, 134.33333333333334, 0, 1, 0, 86926, 4, 0
98128, , , 18.2, 0, 0, 0, 0, 9, 2, 170934, , 
995, , , 150.2, 0, 0, 0, 0, 13, 23, 12, , 
<<<<EndTable

PlayersOnlineNow=27
PlayersOnlineEachMinute=0, 13, 13, 10, 9, 9, 9, 10, 9, 11, 13, 12, 13, 13, 13, 15, 16, 16, 18, 17, 15, 16, 16, 17, 16, 20, 19, 20, 22, 23, 21, 21, 22, 20, 18, 17, 18, 20, 21, 21, 21, 20, 18, 18, 18, 18, 19, 19, 17, 16, 18, 18, 17, 18, 14, 14, 15, 16, 14, 14, 14, 15, 16, 15, 14, 15, 16, 17, 15, 15, 14, 11, 12, 12, 12, 12, 14, 16, 15, 14, 14, 15, 17, 16, 18, 18, 19, 20, 23, 23, 23, 22, 19, 21, 22, 21, 21, 21, 22, 21, 20, 23, 25, 25, 23, 23, 23, 22, 22, 22, 22, 23, 23, 22, 23, 23, 24, 24, 26, 25
PlayersInEachFeedingGame=1, 1, 1, 1, 2, 1, 1, 1, 1, 2, 1, 2, 2, 3, 1, 2, 2, 1, 2, 2, 3, 2, 1, 2, 1, 1, 2, 1, 1, 2, 1, 2, 2, 1, 2, 2, 2, 2, 2, 2, 2, 2, 2, 2, 2, 1, 2, 2, 2, 2, 1, 2, 1, 2, 1, 2, 1, 2, 1, 2, 2, 2, 2, 1, 2, 2, 1, 1, 2, 2, 1, 1, 1, 1, 2, 2, 1, 2, 1, 1, 2, 2, 1, 2, 2, 2, 1, 2, 2, 1, 1, 1, 2, 2, 1, 2, 2, 1, 1, 1, 1, 1, 1, 2, 2, 2, 1, 2, 2, 2, 1, 2, 2, 2, 2, 1, 1, 2, 2, 1, 2, 2, 1, 1, 1, 2, 2, 1, 2, 1, 1, 2, 2, 2, 2, 1, 1, 2, 2, 1, 2, 4, 2, 1, 5, 1, 2, 1, 2, 2, 2, 2, 1, 2, 2, 2, 1, 1
PlayersStarted=173
PlayersQuit=146
StatsStartTime=1241910601956
StatsDumpTime=1241917802349
<<<<EndStats
2009-05-09 18:10:15,824 ERROR: vampire.server.feeding.FeedingRecord sendPlayerStartGameMsg [playerId=617358, prey=true, _predatorIndex=]
2009-05-09 18:10:15,825 ERROR: vampire.server.feeding.FeedingRecord sendPlayerStartGameMsg [playerId=58429, prey=false, _predatorIndex=]
2009-05-09 18:10:16,256 ERROR: vampire.server.feeding.FeedingRecord sendPlayerStartGameMsg [playerId=116434, prey=false, _predatorIndex=]
2009-05-09 18:10:28,329 ERROR: vampire.server.feeding.FeedingRecord sendPlayerStartGameMsg [playerId=836050, prey=true, _predatorIndex=]
2009-05-09 18:10:28,330 ERROR: vampire.server.feeding.FeedingRecord sendPlayerStartGameMsg [playerId=1342864, prey=false, _predatorIndex=]
2009-05-09 18:10:30,266 ERROR: vampire.server.feeding.FeedingRecord sendPlayerStartGameMsg [playerId=1351488, prey=false, _predatorIndex=58429]
2009-05-09 18:10:46,207 ERROR: vampire.server.feeding.FeedingRecord sendPlayerStartGameMsg [playerId=1173068, prey=false, _predatorIndex=116434]
2009-05-09 18:11:37,299 ERROR: vampire.server.feeding.FeedingRecord sendPlayerStartGameMsg [playerId=171513, prey=true, _predatorIndex=]
2009-05-09 18:11:37,300 ERROR: vampire.server.feeding.FeedingRecord sendPlayerStartGameMsg [playerId=128711, prey=false, _predatorIndex=]
2009-05-09 18:12:29,797 ERROR: vampire.server.feeding.FeedingRecord sendPlayerStartGameMsg [playerId=555728, prey=true, _predatorIndex=]
2009-05-09 18:12:29,797 ERROR: vampire.server.feeding.FeedingRecord sendPlayerStartGameMsg [playerId=617358, prey=false, _predatorIndex=]
2009-05-09 18:12:37,363 ERROR: vampire.server.feeding.FeedingRecord sendPlayerStartGameMsg [playerId=1281412, prey=true, _predatorIndex=]
2009-05-09 18:12:37,363 ERROR: vampire.server.feeding.FeedingRecord sendPlayerStartGameMsg [playerId=1351488, prey=false, _predatorIndex=]
2009-05-09 18:12:54,396 ERROR: vampire.server.feeding.FeedingRecord sendPlayerStartGameMsg [playerId=58429, prey=false, _predatorIndex=]
2009-05-09 18:13:07,255 ERROR: vampire.server.feeding.FeedingRecord sendPlayerStartGameMsg [playerId=116434, prey=false, _predatorIndex=617358]
2009-05-09 18:15:38,914 ERROR: vampire.server.feeding.FeedingRecord sendPlayerStartGameMsg [playerId=1162584, prey=true, _predatorIndex=]
2009-05-09 18:15:38,915 ERROR: vampire.server.feeding.FeedingRecord sendPlayerStartGameMsg [playerId=384125, prey=false, _predatorIndex=]
2009-05-09 18:15:47,774 ERROR: vampire.server.feeding.FeedingRecord sendPlayerStartGameMsg [playerId=93640, prey=true, _predatorIndex=]
2009-05-09 18:15:47,775 ERROR: vampire.server.feeding.FeedingRecord sendPlayerStartGameMsg [playerId=859282, prey=false, _predatorIndex=]
2009-05-09 18:16:57,096 ERROR: vampire.server.feeding.FeedingRecord sendPlayerStartGameMsg [playerId=171513, prey=false, _predatorIndex=859282]
2009-05-09 18:17:05,977 ERROR: vampire.server.feeding.FeedingRecord sendPlayerStartGameMsg [playerId=1351488, prey=false, _predatorIndex=384125]
2009-05-09 18:18:28,370 ERROR: vampire.server.feeding.FeedingRecord sendPlayerStartGameMsg [playerId=74653, prey=false, _predatorIndex=]
2009-05-09 18:18:30,522 ERROR: vampire.server.feeding.FeedingRecord sendPlayerStartGameMsg [playerId=1351488, prey=false, _predatorIndex=]
2009-05-09 18:18:40,544 ERROR: vampire.server.feeding.FeedingRecord sendPlayerStartGameMsg [playerId=1351488, prey=false, _predatorIndex=]
2009-05-09 18:18:42,993 ERROR: vampire.server.feeding.FeedingRecord sendPlayerStartGameMsg [playerId=128711, prey=false, _predatorIndex=859282,171513]
2009-05-09 18:19:49,827 ERROR: vampire.server.feeding.FeedingRecord sendPlayerStartGameMsg [playerId=1351488, prey=true, _predatorIndex=]
2009-05-09 18:19:49,828 ERROR: vampire.server.feeding.FeedingRecord sendPlayerStartGameMsg [playerId=153751, prey=false, _predatorIndex=]
2009-05-09 18:19:49,855 ERROR: vampire.server.feeding.FeedingRecord sendPlayerStartGameMsg [playerId=1396452, prey=false, _predatorIndex=617358,116434]

>>>>BeginStats

>>>>BeginTable
PlayerId, StartTime, EndTime, ProgenyPayout, XPFromFeeding, FeedingGames, MeanFeedingScore, BloodBond, Progeny, GrandProgeny, Sire, Level, Invites
1021278, , , 12.5, 0, 0, 0, 0, 2, 2, 452296, , 
103033, 1241912809664, 1241913883376, 0, 841, 3, 214.33333333333334, 767143, 18, 14, 81899, 7, 1
103634, , , 39.300000000000004, 0, 0, 0, 0, 1, 2, 369681, , 
1043, 1241912172010, 1241912175504, 0, 0, 0, 0, 453, 6, 3, 12, 13, 3
1047840, 1241913588449, , 0, 732, 4, 216.25, 1106386, 7, 0, 408501, 6, 1
104890, 1241915085895, 1241915287027, 0, 121, 1, 121, 0, 1, 0, 22707, 4, 0
1062, 1241913287055, 1241913316664, 451.55000000000007, 1371, 7, 284, 54776, 13, 10, 713, 17, 2
10642, , , 117.50000000000001, 0, 0, 0, 0, 34, 17, 351598, , 
108338, , , 140.70000000000002, 0, 0, 0, 0, 1, 6, 288860, , 
1084434, 1241910654804, 1241911694408, 0, 1502, 7, 134, 1892, 0, 0, 54776, 3, 
1092321, , , 154.1, 0, 0, 0, 0, 33, 11, 35568, , 
1092398, 1241913873690, 1241914648887, 0, 878, 6, 155.66666666666666, 0, 0, 0, 1204358, 1, 
1100493, 1241917945937, 1241918111658, 0, 0, 0, 0, 0, 0, 0, 0, 1, 
1101, , , 57.5, 0, 0, 0, 0, 2, 18, 239981, , 
110735, 1241916737335, 1241916777488, 0, 0, 0, 0, 1255618, 0, 0, 408501, 3, 
1111437, 1241913755123, 1241913826076, 0, 0, 0, 0, 0, 2, 0, 70997, 2, 
1120688, 1241917871938, 1241917878315, 0, 1501, 10, 142, 0, 0, 0, 543921, 2, 
1122449, , , 28.2, 0, 0, 0, 0, 15, 1, 555728, , 
1124156, 1241914276890, 1241914645095, 199.29999999999998, 476, 2, 358, 269484, 11, 2, 184671, 9, 3
113237, , , 294.3, 0, 0, 0, 0, 9, 18, 10642, , 
114461, 1241918056066, , 0, 203, 2, 101.5, 0, 2, 2, 390995, 4, 0
11460, , , 219, 0, 0, 0, 0, 1, 15, 41022, , 
1148098, , , 25, 0, 0, 0, 0, 2, 3, 1021278, , 
1162584, 1241916977446, , 0, 468, 3, 165.33333333333334, 0, 0, 0, 178724, 3, 0
1163664, 1241915685737, 1241915742326, 0, 0, 0, 0, 0, 0, 0, 1255018, 1, 
116434, 1241917693738, , 0, 738, 3, 235.33333333333334, 0, 2, 0, 371343, 4, 2
1165025, 1241918093286, 1241918114833, 0, 0, 0, 0, 0, 0, 0, 0, 1, 
1173068, 1241917433089, , 0, 827, 5, 165.8, 0, 0, 0, 176400, 2, 0
1178608, 1241917216578, 1241917225714, 0, 0, 0, 0, 0, 0, 0, 0, 1, 
1181562, 1241916333149, 1241916343709, 0, 0, 0, 0, 0, 0, 0, 0, 1, 
1199648, 1241912465309, 1241913102920, 0, 0, 0, 0, 0, 2, 0, 394001, 4, 1
12, , , 143.64999999999998, 0, 0, 0, 0, 20, 47, 383387, , 
1204358, 1241912719663, 1241916544825, 87.6, 1556, 12, 105.66666666666667, 0, 2, 0, 1062, 2, 
1207789, 1241916425981, 1241916449225, 0, 0, 0, 0, 0, 0, 0, 0, 1, 
1208580, , , 38.300000000000004, 0, 0, 0, 0, 1, 0, 885698, , 
1211786, 1241914313863, 1241914330148, 0, 0, 0, 0, 0, 0, 0, 0, 1, 
1223024, 1241912192450, 1241912682246, 0, 250, 2, 136, 0, 3, 2, 1148098, 2, 1
122718, 1241910612199, 1241910749072, 0, 0, 0, 0, 0, 0, 0, 0, 1, 
125347, 1241917760702, 1241917935118, 0, 183, 1, 183, 0, 1, 0, 561527, 2, 0
1254632, 1241915484171, 1241915940017, 0, 78, 1, 61, 0, 0, 0, 0, 1, 
1255618, 1241915129337, 1241916491662, 14.600000000000001, 564, 4, 159.5, 110735, 3, 1, 206148, 4, 
1265, , , 69.85, 0, 0, 0, 0, 2, 31, 12, , 
126757, 1241913795321, 1241914051489, 0, 130, 1, 130, 0, 0, 0, 0, 1, 
1273954, 1241917139211, 1241917144314, 0, 0, 0, 0, 0, 0, 0, 4139, 2, 
1275561, 1241912251831, 1241912951649, 0, 176, 1, 184, 0, 1, 0, 772113, 3, 
1279761, 1241915214890, 1241916871041, 0, 1513, 9, 172, 0, 0, 0, 171513, 4, 
1281412, 1241916790858, 1241918165265, 0, 168, 2, 100, 0, 0, 0, 1124156, 1, 
1283335, 1241911478812, 1241912629761, 0, 627, 4, 174.75, 0, 0, 0, 0, 2, 
1285504, 1241916608068, 1241916842815, 0, 0, 0, 0, 1346597, 4, 0, 1241857, 4, 3
128711, 1241917668018, , 0, 387, 2, 161.5, 0, 0, 0, 171513, 1, 0
129076, 1241912463187, 1241912472928, 0, 0, 0, 0, 0, 0, 0, 0, 1, 
1298136, 1241916754104, 1241917016542, 0, 0, 0, 0, 0, 0, 0, 0, 1, 
1299774, 1241912925016, 1241913255841, 0, 102, 1, 102, 0, 0, 0, 0, 1, 
1304810, 1241915471365, 1241915544935, 0, 0, 0, 0, 0, 0, 0, 103033, 1, 
1309580, 1241911690102, 1241912566112, 0, 240, 2, 123, 0, 0, 0, 1204358, 1, 
1314704, 1241915481032, 1241915503986, 0, 0, 0, 0, 0, 0, 0, 0, 1, 
131657, 1241917063143, 1241917073789, 0, 0, 0, 0, 0, 0, 0, 0, 1, 0
1328683, 1241911662913, 1241911789947, 0, 0, 0, 0, 0, 0, 0, 522720, 1, 
1329831, 1241917285430, 1241917519599, 0, 576, 4, 162, 0, 0, 0, 0, 1, 
1342864, 1241917598513, 1241918026795, 0, 419, 1, 160, 0, 0, 0, 836050, 1, 
1351488, 1241915797965, , 0, 994, 8, 130.125, 0, 0, 0, 835426, 1, 0
1358455, 1241913913886, 1241914284326, 0, 0, 0, 0, 0, 0, 0, 47154, 2, 
1358947, 1241911710529, 1241911747751, 0, 0, 0, 0, 0, 0, 0, 0, 1, 
1361827, 1241914583655, 1241915543981, 0, 419, 4, 104.75, 0, 0, 0, 0, 1, 
1386570, 1241917695720, 1241917705246, 0, 0, 0, 0, 0, 0, 0, 0, 1, 
1387719, 1241917653254, 1241918147242, 0, 0, 0, 0, 0, 0, 0, 0, 1, 
1392006, 1241916426737, 1241916491639, 0, 0, 0, 0, 0, 0, 0, 0, 1, 
1394515, 1241916133579, 1241916841282, 0, 331, 3, 111.66666666666667, 0, 0, 0, 392522, 1, 
1396452, 1241918378651, , 0, 0, 0, 0, 0, 0, 0, 176400, 1, 0
1397345, 1241912958693, 1241912997752, 0, 0, 0, 0, 0, 0, 0, 0, 1, 
1399577, 1241912421338, 1241915265054, 22.700000000000003, 2909, 13, 160.92307692307693, 0, 1, 0, 1062, 2, 
1400444, 1241917016051, 1241917751657, 0, 341, 2, 113.5, 0, 0, 0, 859282, 1, 
1400516, 1241915129014, 1241915143424, 0, 0, 0, 0, 0, 0, 0, 0, 1, 
1400665, 1241915809981, 1241916283146, 0, 213, 2, 132, 0, 0, 0, 1255618, 1, 
1400876, 1241914770193, 1241914780015, 0, 0, 0, 0, 0, 0, 0, 0, 1, 
1401271, 1241916524985, 1241916542784, 0, 0, 0, 0, 0, 0, 0, 0, 1, 
143538, , , 10.55, 0, 0, 0, 0, 2, 23, 1531, , 
147367, 1241915638839, 1241915652728, 0, 0, 0, 0, 0, 0, 0, 156489, 1, 0
147608, , , 9.15, 0, 0, 0, 0, 1, 1, 502119, , 
153751, 1241917539344, , 0, 254, 2, 127, 0, 0, 0, 0, 1, 0
156489, , , 35.6, 0, 0, 0, 0, 16, 17, 713, , 
157713, , , 7.800000000000001, 0, 0, 0, 0, 4, 0, 58859, , 
159950, 1241915741602, 1241916098724, 0, 711, 4, 156.25, 0, 0, 0, 840880, 1, 
160138, , , 40.95, 0, 0, 0, 0, 7, 7, 150469, , 
161001, , , 45.800000000000004, 0, 0, 0, 0, 1, 2, 377820, , 
166, , , 184.79999999999998, 0, 0, 0, 0, 6, 1, 578, , 
16825, 1241911172613, 1241911701829, 0, 895, 3, 298.3333333333333, 0, 14, 10, 4139, 6, 1
168426, 1241912256745, 1241912365730, 0, 0, 0, 0, 0, 1, 0, 164243, 4, 0
170191, , , 174.75, 0, 0, 0, 0, 3, 12, 202873, , 
170934, , , 9.1, 0, 0, 0, 0, 7, 9, 49732, , 
171513, 1241917548252, , 191.10000000000002, 911, 3, 255, 0, 12, 7, 170191, 12, 3
171720, 1241917496741, 1241917619734, 0, 0, 0, 0, 94555, 5, 1, 128013, 4, 4
176400, 1241912049921, , 336.8, 4261, 19, 268.10526315789474, 0, 18, 0, 21067, 7, 5
177501, 1241912107366, 1241912496051, 0, 100, 1, 101, 0, 1, 0, 298229, 4, 
178724, , , 46.800000000000004, 0, 0, 0, 0, 18, 0, 58859, , 
181253, 1241911500596, 1241913107786, 0, 393, 2, 176.5, 0, 2, 0, 103634, 7, 3
181264, , , 50.400000000000006, 0, 0, 0, 0, 2, 1, 3812, , 
182539, 1241914146969, 1241916071643, 0, 1009, 5, 225.8, 0, 4, 0, 879079, 3, 
184671, , , 147.25000000000003, 0, 0, 0, 0, 1, 11, 171513, , 
1892, 1241913344660, 1241913520461, 0, 1502, 7, 294.7142857142857, 1084434, 23, 7, 995, 12, 2
191409, 1241913333843, 1241913814480, 0, 227, 2, 106, 0, 0, 0, 1399577, 1, 
192080, , , 33.1, 0, 0, 0, 0, 2, 10, 220964, , 
195601, 1241918336836, , 0, 0, 0, 0, 0, 0, 0, 0, 1, 0
196543, , , 50.449999999999996, 0, 0, 0, 0, 6, 2, 32314, , 
197080, , , 14, 0, 0, 0, 0, 4, 1, 110178, , 
202873, , , 45.550000000000004, 0, 0, 0, 0, 1, 3, 341164, , 
205535, 1241914506870, 1241914837363, 0, 0, 0, 0, 0, 2, 2, 95479, 7, 2
206148, , , 63.7, 0, 0, 0, 0, 1, 3, 1122449, , 
206273, 1241915774784, , 0, 2541, 13, 241.3846153846154, 0, 0, 0, 176400, 3, 0
21067, , , 594.5000000000001, 0, 0, 0, 0, 3, 18, 302907, , 
213087, 1241914650944, 1241914756530, 0, 0, 0, 0, 0, 0, 0, 258951, 2, 0
217283, , , 18.450000000000003, 0, 0, 0, 0, 71, 6, 57393, , 
220964, , , 53.449999999999996, 0, 0, 0, 0, 5, 6, 143501, , 
223864, , , 81.9, 0, 0, 0, 0, 7, 37, 160138, , 
224560, 1241911882680, 1241911991646, 0, 0, 0, 0, 0, 2, 0, 132334, 3, 1
22707, , , 12.100000000000001, 0, 0, 0, 0, 7, 13, 8842, , 
228764, , , 28, 0, 0, 0, 0, 1, 2, 197080, , 
238812, 1241911530996, 1241912714163, 0, 331, 2, 214.5, 546831, 10, 6, 192080, 5, 2
239981, , , 28.75, 0, 0, 0, 0, 1, 2, 209944, , 
246491, 1241918203320, , 0, 0, 0, 0, 0, 0, 0, 336524, 1, 0
249956, 1241914256521, 1241915674132, 0, 1798, 8, 193.25, 0, 0, 0, 166, 3, 
256746, , , 34.05, 0, 0, 0, 0, 5, 30, 61984, , 
258951, , , 139.7, 0, 0, 0, 0, 25, 13, 1265, , 
259344, , , 21.1, 0, 0, 0, 0, 23, 13, 143538, , 
261716, , , 117.85000000000002, 0, 0, 0, 0, 1, 2, 181264, , 
276754, 1241914016646, 1241914062254, 0, 0, 0, 0, 0, 0, 0, 0, 1, 
293092, 1241917195242, 1241917871647, 0, 0, 0, 0, 184475, 3, 0, 320880, 4, 2
295991, , , 91.60000000000001, 0, 0, 0, 0, 2, 4, 161001, , 
298229, , , 10, 0, 0, 0, 0, 1, 1, 166, , 
298666, 1241916405831, , 0, 211, 1, 277, 868186, 9, 2, 259344, 8, 4
302907, , , 213.05000000000004, 0, 0, 0, 0, 2, 3, 283855, , 
311783, 1241911134971, 1241913583810, 140.55, 1641, 6, 406, 0, 15, 4, 11460, 10, 7
3200, 1241916860884, 1241917674772, 0, 819, 3, 349.3333333333333, 71724, 37, 22, 223864, 14, 2
321891, 1241910632343, 1241913454629, 61.5, 1349, 11, 106.63636363636364, 0, 1, 0, 311783, 4, 0
32314, , , 61.10000000000001, 0, 0, 0, 0, 10, 6, 40508, , 
328907, 1241911083278, 1241914151643, 0, 624, 6, 94.5, 0, 0, 0, 321891, 1, 
329560, 1241917821251, 1241917847494, 0, 0, 0, 0, 0, 0, 0, 261567, 2, 
335645, 1241913862191, 1241914031652, 0, 0, 0, 0, 0, 0, 0, 297654, 1, 
336024, , , 46.800000000000004, 0, 0, 0, 0, 1, 4, 510740, , 
336620, 1241915104481, 1241916971670, 0, 78, 1, 95, 0, 0, 0, 157713, 2, 
351598, , , 2.6500000000000004, 0, 0, 0, 0, 1, 34, 359624, , 
35568, , , 6.050000000000001, 0, 0, 0, 0, 3, 33, 258951, , 
36377, 1241913207566, 1241914967028, 0, 1784, 6, 378.8333333333333, 0, 4, 8, 453809, 10, 3
369681, , , 19.650000000000002, 0, 0, 0, 0, 2, 1, 1704, , 
371343, , , 73.8, 0, 0, 0, 0, 3, 2, 220964, , 
372887, , , 89.2, 0, 0, 0, 0, 1, 1, 386780, , 
380197, 1241915620416, , 0, 916, 8, 120.375, 0, 4, 0, 295991, 4, 10
384125, 1241917786244, , 0, 280, 2, 113, 0, 2, 0, 228764, 2, 0
384703, 1241915868221, 1241916070631, 0, 0, 0, 0, 0, 2, 7, 338481, 4, 0
387496, 1241915407853, 1241915999118, 0, 0, 0, 0, 0, 1, 0, 82377, 3, 1
388615, , , 10.15, 0, 0, 0, 0, 1, 2, 395687, , 
390995, , , 20.3, 0, 0, 0, 0, 2, 2, 388615, , 
391630, 1241912944688, 1241914992914, 0, 2814, 21, 121.9047619047619, 0, 0, 0, 64152, 3, 0
39180, 1241912045195, 1241912150016, 0, 0, 0, 0, 0, 8, 16, 68619, 7, 1
392522, 1241916608206, 1241918273951, 12.3, 123, 1, 118, 1242476, 3, 0, 217283, 3, 
403770, 1241915740843, 1241915763727, 0, 0, 0, 0, 0, 0, 0, 64247, 4, 0
40508, , , 30.550000000000004, 0, 0, 0, 0, 1, 10, 23340, , 
408501, , , 73.2, 0, 0, 0, 0, 8, 7, 637936, , 
409641, 1241914889607, 1241916040526, 0, 182, 1, 182, 0, 0, 0, 98128, 3, 0
41022, , , 82.05000000000001, 0, 0, 0, 0, 2, 1, 412796, , 
4139, , , 89.5, 0, 0, 0, 0, 25, 14, 713, , 
43017, 1241917959601, 1241917977388, 0, 0, 0, 0, 58859, 1, 2, 339818, 9, 2
430717, , , 68.1, 0, 0, 0, 0, 30, 1, 256746, , 
43402, 1241918393313, 1241918399161, 0, 0, 0, 0, 29810, 12, 17, 123961, 11, 3
453809, , , 178.4, 0, 0, 0, 0, 1, 4, 372887, , 
505544, 1241918318288, , 0, 0, 0, 0, 0, 3, 0, 211715, 2, 0
510740, , , 8.8, 0, 0, 0, 0, 71, 3, 534632, , 
5212, , , 71.2, 0, 0, 0, 0, 17, 5, 156489, , 
543921, , , 214.39999999999998, 0, 0, 0, 0, 8, 0, 1092321, , 
54776, 1241913317131, 1241914624109, 170.2, 0, 0, 0, 1062, 83, 37, 89757, 16, 3
555728, 1241916719175, , 0, 575, 4, 201.75, 828191, 18, 15, 1101, 4, 0
561527, , , 18.3, 0, 0, 0, 0, 1, 1, 147608, , 
561727, 1241912477413, 1241913697533, 0, 383, 3, 133.66666666666666, 0, 0, 0, 1208580, 3, 
57393, , , 6.15, 0, 0, 0, 0, 6, 75, 159420, , 
578, , , 89.89999999999999, 0, 0, 0, 0, 1, 6, 12770, , 
57863, 1241912133961, 1241912813368, 0, 643, 4, 143, 0, 0, 0, 543921, 2, 0
58022, 1241917105920, 1241917364142, 0, 0, 0, 0, 0, 4, 5, 175065, 4, 0
58429, 1241917688863, 1241918215395, 0, 53, 1, 106, 0, 7, 13, 10642, 4, 
58859, , , 27.3, 0, 0, 0, 0, 11, 22, 396113, , 
61045, , , 30.450000000000003, 0, 0, 0, 0, 7, 10, 74372, , 
617358, 1241917745583, 1241918075890, 0, 0, 0, 0, 0, 0, 0, 209274, 3, 
634607, 1241917219271, 1241917714603, 0, 0, 0, 0, 0, 4, 3, 54776, 5, 2
637936, , , 36.6, 0, 0, 0, 0, 3, 8, 217283, , 
64152, , , 281.40000000000003, 0, 0, 0, 0, 6, 0, 108338, , 
64748, 1241910604159, 1241910779132, 0, 0, 0, 0, 0, 0, 0, 66537, 2, 
695462, 1241911177793, 1241911192677, 0, 0, 0, 0, 0, 0, 0, 0, 1, 
713, , , 380.05, 0, 0, 0, 0, 11, 59, 12, , 
733513, 1241911188263, 1241911198715, 0, 0, 0, 0, 0, 0, 0, 0, 1, 
74372, , , 93.60000000000001, 0, 0, 0, 0, 4, 7, 336024, , 
74653, 1241916060917, , 0, 936, 4, 229, 0, 0, 0, 74372, 4, 0
748546, 1241916274741, 1241916291273, 0, 0, 0, 0, 0, 0, 0, 0, 1, 
769463, 1241913585055, , 0, 681, 4, 158.5, 208692, 1, 0, 430717, 4, 0
769849, 1241915204209, 1241917270483, 0, 200, 2, 165.5, 0, 1, 0, 54776, 4, 
772113, , , 17.6, 0, 0, 0, 0, 1, 1, 510740, , 
78233, 1241918138379, , 0, 0, 0, 0, 0, 0, 0, 54776, 3, 0
79588, 1241915745107, 1241915760346, 0, 0, 0, 0, 0, 0, 0, 33511, 1, 0
802319, , , 42.050000000000004, 0, 0, 0, 0, 2, 6, 773108, , 
81899, , , 84.10000000000001, 0, 0, 0, 0, 6, 18, 802319, , 
822174, 1241910607220, 1241911207769, 0, 0, 0, 0, 0, 0, 0, 176400, 1, 
825362, 1241912331957, 1241912541225, 0, 0, 0, 0, 0, 0, 0, 68238, 1, 
835426, 1241916534114, 1241916790305, 69.60000000000001, 121, 1, 117, 0, 3, 1, 1092321, 3, 
836050, 1241915880549, , 172.1, 2244, 7, 465.85714285714283, 592692, 18, 7, 113237, 9, 2
840880, 1241912802437, 1241913338999, 64.60000000000001, 979, 5, 115.4, 0, 1, 0, 836050, 3, 
859282, 1241917889642, , 34.1, 1008, 6, 108.16666666666667, 0, 2, 0, 261716, 3, 0
86131, 1241916473061, 1241917738624, 0, 2047, 12, 125.83333333333333, 0, 0, 0, 1124156, 2, 
86926, , , 60.900000000000006, 0, 0, 0, 0, 7, 1, 61045, , 
879079, , , 100.89999999999999, 0, 0, 0, 0, 2, 4, 196543, , 
8842, , , 6.050000000000001, 0, 0, 0, 0, 12, 7, 1531, , 
885698, , , 19.150000000000002, 0, 0, 0, 0, 4, 1, 836050, , 
89757, , , 85.1, 0, 0, 0, 0, 3, 83, 20260, , 
90041, 1241914123248, 1241915351631, 0, 1397, 4, 398.75, 175933, 10, 10, 258951, 12, 14
910170, 1241915545637, 1241917386414, 0, 611, 3, 110, 0, 0, 0, 32314, 1, 
92509, 1241915656400, 1241916476820, 0, 712, 3, 238, 0, 5, 0, 5212, 6, 3
93640, 1241915910569, , 0, 609, 4, 134.5, 0, 1, 0, 86926, 4, 0
98128, , , 18.2, 0, 0, 0, 0, 9, 2, 170934, , 
995, , , 150.2, 0, 0, 0, 0, 13, 23, 12, , 
<<<<EndTable

PlayersOnlineNow=25
PlayersOnlineEachMinute=0, 13, 13, 10, 9, 9, 9, 10, 9, 11, 13, 12, 13, 13, 13, 15, 16, 16, 18, 17, 15, 16, 16, 17, 16, 20, 19, 20, 22, 23, 21, 21, 22, 20, 18, 17, 18, 20, 21, 21, 21, 20, 18, 18, 18, 18, 19, 19, 17, 16, 18, 18, 17, 18, 14, 14, 15, 16, 14, 14, 14, 15, 16, 15, 14, 15, 16, 17, 15, 15, 14, 11, 12, 12, 12, 12, 14, 16, 15, 14, 14, 15, 17, 16, 18, 18, 19, 20, 23, 23, 23, 22, 19, 21, 22, 21, 21, 21, 22, 21, 20, 23, 25, 25, 23, 23, 23, 22, 22, 22, 22, 23, 23, 22, 23, 23, 24, 24, 26, 25, 27, 26, 27, 27, 25, 26, 24, 23, 22, 24
PlayersInEachFeedingGame=1, 1, 1, 1, 2, 1, 1, 1, 1, 2, 1, 2, 2, 3, 1, 2, 2, 1, 2, 2, 3, 2, 1, 2, 1, 1, 2, 1, 1, 2, 1, 2, 2, 1, 2, 2, 2, 2, 2, 2, 2, 2, 2, 2, 2, 1, 2, 2, 2, 2, 1, 2, 1, 2, 1, 2, 1, 2, 1, 2, 2, 2, 2, 1, 2, 2, 1, 1, 2, 2, 1, 1, 1, 1, 2, 2, 1, 2, 1, 1, 2, 2, 1, 2, 2, 2, 1, 2, 2, 1, 1, 1, 2, 2, 1, 2, 2, 1, 1, 1, 1, 1, 1, 2, 2, 2, 1, 2, 2, 2, 1, 2, 2, 2, 2, 1, 1, 2, 2, 1, 2, 2, 1, 1, 1, 2, 2, 1, 2, 1, 1, 2, 2, 2, 2, 1, 1, 2, 2, 1, 2, 4, 2, 1, 5, 1, 2, 1, 2, 2, 2, 2, 1, 2, 2, 2, 1, 1, 2, 1, 2, 2, 2, 2, 2, 2, 1, 2
PlayersStarted=188
PlayersQuit=163
StatsStartTime=1241910601956
StatsDumpTime=1241918402397
<<<<EndStats
2009-05-09 18:20:19,318 ERROR: vampire.server.feeding.FeedingRecord sendPlayerStartGameMsg [playerId=836050, prey=true, _predatorIndex=]
2009-05-09 18:20:19,318 ERROR: vampire.server.feeding.FeedingRecord sendPlayerStartGameMsg [playerId=171513, prey=false, _predatorIndex=]
2009-05-09 18:20:28,691 ERROR: vampire.server.feeding.FeedingRecord sendPlayerStartGameMsg [playerId=1396452, prey=false, _predatorIndex=]
2009-05-09 18:21:16,693 ERROR: vampire.server.feeding.FeedingRecord sendPlayerStartGameMsg [playerId=859282, prey=true, _predatorIndex=]
2009-05-09 18:21:16,694 ERROR: vampire.server.feeding.FeedingRecord sendPlayerStartGameMsg [playerId=176400, prey=false, _predatorIndex=]
2009-05-09 18:22:39,870 ERROR: vampire.server.feeding.FeedingRecord sendPlayerStartGameMsg [playerId=380197, prey=true, _predatorIndex=]
2009-05-09 18:22:39,871 ERROR: vampire.server.feeding.FeedingRecord sendPlayerStartGameMsg [playerId=246491, prey=false, _predatorIndex=]
2009-05-09 18:23:06,372 ERROR: vampire.server.feeding.FeedingRecord sendPlayerStartGameMsg [playerId=110006, prey=true, _predatorIndex=]
2009-05-09 18:23:06,373 ERROR: vampire.server.feeding.FeedingRecord sendPlayerStartGameMsg [playerId=153751, prey=false, _predatorIndex=]
2009-05-09 18:23:17,426 ERROR: vampire.server.feeding.FeedingRecord sendPlayerStartGameMsg [playerId=1351488, prey=false, _predatorIndex=153751]
2009-05-09 18:24:02,127 ERROR: vampire.server.feeding.FeedingRecord sendPlayerStartGameMsg [playerId=859282, prey=true, _predatorIndex=]
2009-05-09 18:24:02,127 ERROR: vampire.server.feeding.FeedingRecord sendPlayerStartGameMsg [playerId=176400, prey=false, _predatorIndex=]
2009-05-09 18:24:05,108 ERROR: vampire.server.feeding.FeedingRecord sendPlayerStartGameMsg [playerId=58429, prey=false, _predatorIndex=153751,1351488]
2009-05-09 18:25:06,178 ERROR: vampire.server.feeding.FeedingRecord sendPlayerStartGameMsg [playerId=171513, prey=false, _predatorIndex=]
2009-05-09 18:25:10,385 ERROR: vampire.server.feeding.FeedingRecord sendPlayerStartGameMsg [playerId=1396452, prey=false, _predatorIndex=153751,1351488,58429]
2009-05-09 18:25:33,938 ERROR: vampire.server.feeding.FeedingRecord sendPlayerStartGameMsg [playerId=153751, prey=true, _predatorIndex=]
2009-05-09 18:25:33,939 ERROR: vampire.server.feeding.FeedingRecord sendPlayerStartGameMsg [playerId=1396452, prey=false, _predatorIndex=]
2009-05-09 18:25:37,110 ERROR: vampire.server.feeding.FeedingRecord sendPlayerStartGameMsg [playerId=1351488, prey=false, _predatorIndex=1396452]
2009-05-09 18:26:08,296 ERROR: vampire.server.feeding.FeedingRecord sendPlayerStartGameMsg [playerId=1162584, prey=true, _predatorIndex=]
2009-05-09 18:26:08,297 ERROR: vampire.server.feeding.FeedingRecord sendPlayerStartGameMsg [playerId=178724, prey=false, _predatorIndex=]
2009-05-09 18:27:39,367 ERROR: vampire.server.feeding.FeedingRecord sendPlayerStartGameMsg [playerId=505544, prey=true, _predatorIndex=]
2009-05-09 18:27:39,368 ERROR: vampire.server.feeding.FeedingRecord sendPlayerStartGameMsg [playerId=624632, prey=false, _predatorIndex=]
2009-05-09 18:28:31,189 ERROR: vampire.server.feeding.FeedingRecord sendPlayerStartGameMsg [playerId=1162584, prey=true, _predatorIndex=]
2009-05-09 18:28:31,190 ERROR: vampire.server.feeding.FeedingRecord sendPlayerStartGameMsg [playerId=171513, prey=false, _predatorIndex=]
2009-05-09 18:28:34,815 ERROR: vampire.server.feeding.FeedingRecord sendPlayerStartGameMsg [playerId=128711, prey=true, _predatorIndex=]
2009-05-09 18:28:34,816 ERROR: vampire.server.feeding.FeedingRecord sendPlayerStartGameMsg [playerId=153751, prey=false, _predatorIndex=]
2009-05-09 18:28:39,224 ERROR: vampire.server.feeding.FeedingRecord sendPlayerStartGameMsg [playerId=178724, prey=true, _predatorIndex=]
2009-05-09 18:28:39,224 ERROR: vampire.server.feeding.FeedingRecord sendPlayerStartGameMsg [playerId=1396452, prey=false, _predatorIndex=]
2009-05-09 18:29:31,394 ERROR: vampire.server.feeding.FeedingRecord sendPlayerStartGameMsg [playerId=1351488, prey=false, _predatorIndex=171513]

