
>>>>BeginStats

>>>>BeginTable
PlayerId, StartTime, EndTime, ProgenyPayout, XPFromFeeding, FeedingGames, MeanFeedingScore, BloodBond, Progeny, GrandProgeny, Sire, Level, Invites
101358,1240611509634,0,0,1100,3,483.3333333333333,75123,2,0,75123,5,2
102127,undefined,0,9.600000000000001,0,0,0,0,1,0,168234,undefined,undefined
106069,undefined,0,9.25,0,0,0,0,13,3,236834,undefined,undefined
1062,1240605637903,1240605790629,0,0,0,0,54776,6,5,713,13,2
10642,1240608610828,1240610546118,133.05,5185,15,415.8,447249,15,23,351598,13,2
107244,1240611898282,0,0,0,0,0,0,0,0,377058,2,0
107277,1240611408021,1240611429828,0,0,0,0,0,0,0,0,1,null
108092,undefined,0,171.99999999999997,0,0,0,0,1,3,98128,undefined,undefined
11315,undefined,0,18.85,0,0,0,0,7,5,12,undefined,undefined
113203,1240605634626,1240606560977,9,351,3,160.66666666666666,0,1,0,553865,2,1
114914,1240610293858,1240610341843,0,0,0,0,0,0,0,0,1,null
116005,undefined,0,20.1,0,0,0,0,6,2,130627,undefined,undefined
116395,1240605645654,1240607073150,0,90,1,64,0,0,0,113203,1,null
117063,1240611183050,1240611772454,0,377,3,109.33333333333333,0,0,0,54812,1,null
12,undefined,0,490.00000000000006,0,0,0,0,19,80,383387,undefined,undefined
120076,1240608898793,1240611219577,50.2,675,5,211.2,0,8,1,34987,4,1
122076,1240608720030,1240608741968,0,0,0,0,0,0,0,0,1,null
122310,undefined,0,11.350000000000001,0,0,0,0,2,1,102111,undefined,undefined
122489,undefined,0,85,0,0,0,0,2,1,41862,undefined,undefined
122907,undefined,0,57.50000000000001,0,0,0,0,6,7,251062,undefined,undefined
123710,1240610516493,1240611050384,0,211,2,105.5,0,0,0,0,1,null
123961,1240611514477,0,0,1350,3,438.6666666666667,878,4,17,713,12,2
125610,1240606567956,1240607008660,0,0,0,0,0,0,0,0,1,null
1265,undefined,0,54.1,0,0,0,0,5,6,12,undefined,undefined
127942,1240612157595,0,0,0,0,0,0,5,4,133611,4,6
129764,undefined,0,32.6,0,0,0,0,2,0,370341,undefined,undefined
130560,1240608071239,1240608387585,0,311,1,184,0,0,0,0,1,null
130627,undefined,0,88.15,0,0,0,0,8,13,85079,undefined,undefined
131355,undefined,0,9,0,0,0,0,1,1,461901,undefined,undefined
132921,undefined,0,192.60000000000002,0,0,0,0,5,1,211601,undefined,undefined
133482,undefined,0,123.6,0,0,0,0,3,6,180951,undefined,undefined
138232,1240609923068,1240610019071,0,0,0,0,0,0,0,0,1,null
142539,1240605809032,1240609109584,0,1633,16,101.6875,0,0,0,502119,2,null
144144,undefined,0,11.05,0,0,0,0,1,1,383937,undefined,undefined
144313,1240610769274,1240610775748,0,0,0,0,0,0,0,0,1,0
147988,undefined,0,18.5,0,0,0,0,6,1,307477,undefined,undefined
151486,1240606791869,1240606826852,0,0,0,0,0,0,0,0,1,null
153221,undefined,0,14.5,0,0,0,0,3,5,166991,undefined,undefined
154004,1240611109045,0,0,693,3,249.33333333333334,561706,6,0,90041,4,0
156646,undefined,0,22.1,0,0,0,0,1,0,144144,undefined,undefined
157106,1240611426926,1240611549140,0,0,0,0,0,0,0,0,1,null
160138,undefined,0,159.95,0,0,0,0,4,4,150469,undefined,undefined
160801,undefined,0,103.8,0,0,0,0,1,1,166371,undefined,undefined
161289,1240606707056,1240606844645,0,0,0,0,0,0,0,604814,2,null
161355,1240609118318,1240609609553,0,0,0,0,0,0,0,54776,4,2
161716,1240609181702,1240610452208,0,0,0,0,285576,0,0,143278,4,0
162125,1240606827221,1240606924827,0,0,0,0,181775,0,0,182928,5,1
166371,undefined,0,51.9,0,0,0,0,3,1,267622,undefined,undefined
167052,1240605712132,1240607760283,0,815,8,99.875,0,0,0,303691,2,null
167134,undefined,0,28.700000000000003,0,0,0,0,1,1,176511,undefined,undefined
168234,undefined,0,4.800000000000001,0,0,0,0,5,1,100080,undefined,undefined
16825,1240611295402,0,0,0,0,0,0,0,0,4139,3,0
169284,1240608190026,1240608807236,0,41,1,82,0,0,0,0,1,null
169944,1240610552288,1240610719268,0,96,1,96,0,0,0,102127,4,1
170191,1240606537188,1240606754805,0,195,1,273,0,2,6,202873,9,1
171151,1240610614417,1240611011011,0,3559,11,463.8181818181818,77,22,14,21067,13,3
172743,1240610501401,1240610715307,0,0,0,0,0,0,0,261567,4,0
173395,undefined,0,52.150000000000006,0,0,0,0,4,2,130244,undefined,undefined
174528,undefined,0,17.55,0,0,0,0,1,1,58859,undefined,undefined
176511,undefined,0,14.350000000000001,0,0,0,0,1,1,154346,undefined,undefined
179497,1240606157809,1240606271954,0,0,0,0,0,0,0,0,1,null
180951,undefined,0,41.2,0,0,0,0,2,3,153510,undefined,undefined
185497,1240609910999,1240609914387,0,0,0,0,0,0,0,238812,3,0
187381,1240607692690,1240608810916,86.30000000000001,791,3,383.6666666666667,211710,5,0,2843,7,1
187830,1240609993756,1240609999780,0,0,0,0,0,0,0,0,1,null
1892,1240608826229,0,59.5,4138,13,386.61538461538464,455390,13,4,995,9,1
189275,1240608253531,1240610647162,0,1150,8,115.875,0,0,0,53030,2,null
190140,1240609110074,1240609257904,0,226,2,111.5,0,0,0,430717,1,null
191996,1240607773405,1240610425508,0,824,4,182.5,0,0,0,42736,1,null
192883,1240611816890,1240612116426,0,854,2,447,0,7,2,210210,6,5
193060,1240611610764,1240611617392,0,0,0,0,0,0,0,288860,2,0
193699,1240608164513,1240608579061,0,198,2,91.5,0,0,0,0,1,null
194104,1240605623059,1240607960116,0,255,2,168.5,0,2,1,180571,6,9
194787,1240605671291,1240605707144,0,0,0,0,0,0,0,0,1,null
199427,undefined,0,11.25,0,0,0,0,1,3,208602,undefined,undefined
202328,undefined,0,104.30000000000001,0,0,0,0,2,0,173395,undefined,undefined
202501,1240610773247,1240611036314,0,541,2,211,195736,5,11,1265,11,2
20260,undefined,0,10.75,0,0,0,0,12,9,12,undefined,undefined
202873,undefined,0,19.5,0,0,0,0,1,2,341164,undefined,undefined
203778,1240612048592,0,0,0,0,0,0,1,2,157588,4,0
204486,1240609779718,1240611103997,0,850,4,135.75,0,1,1,122489,4,0
204593,1240609813668,1240609885754,0,0,0,0,0,0,0,77,2,null
205330,undefined,0,64.95,0,0,0,0,1,2,273767,undefined,undefined
206365,1240606582307,1240607176054,0,326,2,108,0,0,0,129764,2,0
207381,1240608231131,1240608774330,0,182,2,123.5,0,0,0,0,1,null
210210,undefined,0,85.4,0,0,0,0,4,8,381607,undefined,undefined
21067,undefined,0,355.9,0,0,0,0,2,22,302907,undefined,undefined
211601,undefined,0,96.30000000000001,0,0,0,0,1,5,7078,undefined,undefined
211715,undefined,0,89.6,0,0,0,0,1,1,299646,undefined,undefined
21343,1240611772913,0,0,0,0,0,0,0,0,510740,2,0
217283,1240605882491,1240607121347,0,0,0,0,0,8,8,57393,8,3
223864,undefined,0,319.9,0,0,0,0,4,8,160138,undefined,undefined
227007,1240606794265,1240606816585,0,0,0,0,0,0,0,43402,7,1
22707,undefined,0,81.64999999999999,0,0,0,0,6,6,8842,undefined,undefined
22731,undefined,0,11.25,0,0,0,0,6,1,351430,undefined,undefined
229006,1240607029421,1240608274246,0,1720,9,196.33333333333334,20106,3,0,108092,5,3
23340,1240610450360,1240610782968,236.25000000000003,250,1,265,0,6,9,383387,20,9
234722,1240605702308,1240605883968,0,225,1,225,0,0,0,346753,1,null
23989,1240610180286,1240611028372,24.6,246,2,153,0,2,0,55009,4,0
256127,1240607156899,1240607217340,0,0,0,0,0,0,0,261567,2,0
256746,undefined,0,23.3,0,0,0,0,4,20,61984,undefined,undefined
258951,undefined,0,34.65,0,0,0,0,1,1,1265,undefined,undefined
262548,undefined,0,30.950000000000003,0,0,0,0,1,2,122907,undefined,undefined
266159,1240607920345,1240608178475,0,0,0,0,0,0,0,229006,1,null
271218,1240606233348,1240607698322,0,290,2,145,0,0,0,295854,3,0
273767,undefined,0,22.150000000000002,0,0,0,0,1,1,273880,undefined,undefined
276326,1240606634188,1240610283115,0,0,0,0,0,0,0,0,1,null
283455,1240607170439,1240608744224,0,0,0,0,0,0,0,198709,2,0
2843,undefined,0,244.35,0,0,0,0,6,17,3383,undefined,undefined
287842,1240607453433,1240608179037,0,590,3,189,0,0,0,0,1,null
289669,1240612152063,1240612159746,0,0,0,0,0,0,0,120076,1,null
292209,1240608349359,1240608462941,0,0,0,0,0,0,0,202328,3,0
295854,undefined,0,29,0,0,0,0,5,0,153221,undefined,undefined
299646,undefined,0,39.3,0,0,0,0,3,1,69257,undefined,undefined
302907,undefined,0,177.95,0,0,0,0,2,2,283855,undefined,undefined
303691,undefined,0,81.5,0,0,0,0,1,0,44987,undefined,undefined
304383,1240607580669,1240607592578,0,0,0,0,0,0,0,0,1,null
307477,undefined,0,9.25,0,0,0,0,1,6,336500,undefined,undefined
307544,1240606561963,1240612116253,0,218,2,108.5,0,0,0,0,1,null
309096,undefined,0,12.3,0,0,0,0,6,1,192120,undefined,undefined
310989,1240612171567,0,0,0,0,0,0,0,0,128989,1,0
311783,1240612097898,0,0,0,0,0,0,5,1,11460,7,3
313795,1240609334856,1240609350082,37.9,225,2,101,0,1,0,447249,2,0
317383,undefined,0,49.25,0,0,0,0,1,1,344937,undefined,undefined
318534,1240611983471,1240611991223,0,0,0,0,0,0,0,379328,3,0
3200,1240608786657,1240609965240,0,3199,9,405.1111111111111,71724,8,0,223864,11,2
320910,1240610353201,1240610557812,0,0,0,0,0,0,0,295854,2,0
32314,1240611379615,1240611884707,0,4725,15,328.06666666666666,0,2,1,40508,11,2
329188,1240611862464,0,0,0,0,0,0,0,0,192687,1,0
331056,1240612005985,0,0,0,0,0,0,0,0,255933,1,0
333136,1240606307682,1240606960769,0,1038,4,177,0,1,0,160801,3,1
336024,1240611442353,1240611955947,0,330,2,259,0,6,6,510740,7,4
3383,undefined,0,73.1,0,0,0,0,4,6,12791,undefined,undefined
338409,1240606837202,1240607260801,0,337,2,168.5,0,0,0,65584,4,0
341164,undefined,0,9.75,0,0,0,0,1,1,57393,undefined,undefined
341797,1240609024732,1240609171839,0,0,0,0,0,2,0,12770,2,2
346753,undefined,0,22.5,0,0,0,0,1,0,22731,undefined,undefined
34987,undefined,0,92.6,0,0,0,0,2,8,8842,undefined,undefined
351598,undefined,0,518.5,0,0,0,0,1,15,359624,undefined,undefined
351626,undefined,0,16.85,0,0,0,0,5,5,183403,undefined,undefined
359624,undefined,0,259.25,0,0,0,0,3,1,201132,undefined,undefined
367074,undefined,0,22.700000000000003,0,0,0,0,1,2,122310,undefined,undefined
370341,undefined,0,16.3,0,0,0,0,1,2,326885,undefined,undefined
374663,1240606234882,1240606858145,0,402,3,134,0,0,0,0,1,0
380174,1240610613296,1240610966594,41.300000000000004,443,2,192.5,0,2,0,205330,4,0
381607,undefined,0,42.7,0,0,0,0,1,4,153510,undefined,undefined
383387,undefined,0,57.1,0,0,0,0,6,44,0,undefined,undefined
390512,1240610494713,0,0,2661,13,154.69230769230768,0,0,0,522658,2,0
396113,undefined,0,303.70000000000005,0,0,0,0,2,3,44987,undefined,undefined
40508,undefined,0,472.50000000000006,0,0,0,0,3,3,23340,undefined,undefined
41862,undefined,0,42.5,0,0,0,0,5,2,72070,undefined,undefined
42736,1240608534463,1240608898817,82.4,824,4,229,0,1,0,133482,2,0
430717,undefined,0,46.6,0,0,0,0,20,0,256746,undefined,undefined
44,1240611596561,0,0,185,2,150,0,9,2,72176,4,0
447249,undefined,0,41.45,0,0,0,0,3,1,199427,undefined,undefined
44987,undefined,0,192.60000000000002,0,0,0,0,9,3,12770,undefined,undefined
455721,1240611766190,0,0,287,1,333,0,1,0,167134,4,0
461605,1240607596275,1240608245932,0,619,3,247,0,0,0,518979,3,1
461901,undefined,0,4.5,0,0,0,0,1,1,968,undefined,undefined
478872,1240611389736,1240611420279,0,0,0,0,0,0,0,157229,1,0
480577,1240609544915,1240609553887,0,0,0,0,0,0,0,537246,1,null
486760,1240607622863,1240608640420,0,985,3,151.33333333333334,0,0,0,57395,3,0
502119,undefined,0,163.29999999999998,0,0,0,0,6,0,22707,undefined,undefined
503,undefined,0,248.7,0,0,0,0,4,1,12,undefined,undefined
505207,1240609827238,1240610121206,0,0,0,0,0,0,0,427472,3,0
505544,1240610539982,0,22,786,6,139.66666666666666,0,1,0,211715,2,0
510740,undefined,0,415.5500000000001,0,0,0,0,45,10,534632,undefined,undefined
51195,1240608218542,0,0,227,2,163,0,2,3,367074,6,2
517344,1240607159395,1240607290801,0,0,0,0,0,0,0,455414,1,0
518979,undefined,0,61.900000000000006,0,0,0,0,2,0,262548,undefined,undefined
522658,undefined,0,266.1,0,0,0,0,5,3,10642,undefined,undefined
53030,1240611998956,0,115.00000000000001,0,0,0,0,6,5,122907,11,3
533622,1240610876575,1240610882163,0,0,0,0,0,0,0,0,1,null
534632,undefined,0,128.2,0,0,0,0,4,45,445660,undefined,undefined
544612,1240607883128,1240608252266,0,92,1,92,0,0,0,0,1,null
54776,1240605623099,1240605887338,31.6,215,1,325,1062,29,16,89757,13,2
54812,undefined,0,37.7,0,0,0,0,5,4,11315,undefined,undefined
55009,undefined,0,36.900000000000006,0,0,0,0,1,2,309096,undefined,undefined
553865,undefined,0,39.6,0,0,0,0,1,1,174528,undefined,undefined
559,1240606689804,1240606736581,0,0,0,0,533,3,0,522658,4,null
562788,undefined,0,38.800000000000004,0,0,0,0,1,3,409656,undefined,undefined
565240,1240606528030,1240606542598,0,0,0,0,0,0,0,0,1,null
565771,1240611419216,1240611443439,0,0,0,0,0,0,0,510740,2,0
57395,1240607309828,1240607668155,98.5,0,0,0,0,1,0,317383,4,0
574401,1240611539941,0,0,0,0,0,797824,0,0,221371,2,0
57717,undefined,0,40,0,0,0,0,4,5,110178,undefined,undefined
5842,undefined,0,15.8,0,0,0,0,11,9,344937,undefined,undefined
58859,1240611264823,1240611298488,0,3037,12,337.0833333333333,43017,3,1,396113,11,2
596892,1240611727587,0,0,0,0,0,0,0,0,606163,3,0
597005,1240610397044,1240610989430,0,776,6,149.16666666666666,0,0,0,603011,4,0
603011,undefined,0,77.60000000000001,0,0,0,0,3,0,562788,undefined,undefined
607160,1240610935302,1240611399348,0,185,1,251,121604,1,0,147988,5,1
60973,1240608046988,1240610210107,45,556,4,110.25,0,3,0,130627,4,0
618820,1240607679414,1240608127590,0,96,1,96,0,0,0,0,1,null
620394,1240606854186,1240607492526,0,0,0,0,0,1,0,2843,4,null
622661,1240611707975,0,0,0,0,0,0,0,0,156489,1,0
624632,1240610578172,1240611039116,0,220,2,96.5,0,0,0,505544,2,null
627367,1240607272128,1240608477142,0,90,1,82,0,0,0,0,1,null
628635,1240611786564,1240611827320,0,0,0,0,0,0,0,0,1,null
630671,1240609506389,1240610176350,0,1926,12,186.16666666666666,0,1,0,132921,3,null
634567,1240609832021,1240609858506,0,0,0,0,0,0,0,555728,3,null
638214,1240607593292,1240608653031,0,160,2,88.5,0,0,0,0,1,null
638719,1240605847079,1240605852511,0,0,0,0,0,0,0,0,1,null
640157,1240610706911,1240611891632,0,491,5,95.2,0,0,0,0,1,null
643392,1240610906940,1240610988440,0,0,0,0,0,0,0,38851,1,null
643674,1240612114208,1240612126928,0,0,0,0,0,0,0,0,1,null
65584,undefined,0,33.7,0,0,0,0,4,0,351626,undefined,undefined
679803,1240607137955,1240607703895,0,148,2,99,0,0,0,0,1,null
68238,1240610645724,0,0,413,4,76,0,0,0,380174,1,0
683540,1240609801408,1240611221694,0,246,2,92.5,0,0,0,23989,1,null
685023,1240608010482,1240608342139,0,316,1,128,0,1,0,7314,2,null
691188,1240611608019,1240611747984,0,0,0,0,0,0,0,0,1,null
694523,1240608935642,1240610246424,0,211,2,108,0,0,0,60973,1,null
694647,1240608611726,1240609996294,0,0,0,0,0,0,0,0,1,null
695896,1240609885357,1240611011576,0,321,2,80,0,0,0,1892,1,null
699927,1240606528784,1240606892759,0,103,1,103,0,0,0,0,1,null
70151,1240610732313,1240611875138,0,802,4,196.5,0,0,0,0,1,null
7078,1240606361437,1240607267963,0,0,0,0,0,8,11,177916,10,6
713,undefined,0,135,0,0,0,0,9,32,12,undefined,undefined
71724,1240611134875,1240611226916,0,0,0,0,3200,8,1,94103,10,4
718536,1240608673703,1240610280176,0,1043,5,197.2,0,0,0,202328,2,null
72176,undefined,0,18.5,0,0,0,0,3,9,106069,undefined,undefined
729225,1240607770955,1240608597678,0,90,1,97,0,1,2,131355,3,null
7314,undefined,0,31.6,0,0,0,0,8,1,5842,undefined,undefined
736687,1240606279679,1240606485209,0,593,1,157,0,0,0,773108,1,null
747838,1240609762799,1240609766320,0,0,0,0,0,0,0,0,1,null
75123,1240605628386,1240608094887,110,671,2,383,101358,11,11,2843,12,3
752505,1240606356663,1240606983665,0,268,3,89.33333333333333,0,0,0,0,1,null
755785,1240611946113,0,0,115,1,229,0,0,0,0,1,0
755876,1240608635278,1240608800813,0,0,0,0,0,0,0,54776,2,null
761084,1240608050597,1240608405018,0,240,1,179,0,0,0,430717,2,null
763546,1240609168455,1240609477296,0,98,1,98,0,0,0,0,1,null
766044,1240608550862,1240608587133,0,0,0,0,0,0,0,0,1,null
773108,1240609875160,1240611047684,331.90000000000015,1441,6,194.66666666666666,0,4,1,510740,3,null
788876,1240608999269,1240609246851,0,0,0,0,0,0,0,0,1,null
790460,1240607007328,1240607027810,0,0,0,0,0,0,0,0,2,null
791274,1240606956467,1240606972099,0,0,0,0,0,0,0,0,1,null
79181,1240608822961,1240609060514,0,201,1,201,197452,2,5,116005,5,1
796629,1240610436230,1240611877228,0,793,6,102.16666666666667,0,0,0,510740,2,null
797824,1240611057256,0,0,800,5,158,574401,1,0,82321,3,0
802319,1240610271724,0,27.200000000000003,2590,14,171.78571428571428,0,1,1,773108,2,0
804893,1240608252524,1240609388282,0,462,4,121.25,0,0,0,60973,1,null
806979,1240606657566,1240609687931,0,863,6,74.66666666666667,0,0,0,187381,2,null
811095,1240607969319,1240608015150,0,0,0,0,0,0,0,0,1,null
811852,1240611367225,1240612183764,0,379,3,104.66666666666667,0,0,0,313795,1,null
812134,1240605632504,1240606363042,0,316,3,93,0,0,0,54776,2,null
812252,1240607643587,1240607852364,0,0,0,0,0,0,0,0,1,null
813096,1240610480654,1240610949561,0,650,5,113.8,0,0,0,120076,1,null
813283,1240605665613,1240606345119,0,0,0,0,0,0,0,0,1,null
813677,1240605991037,1240606014398,0,0,0,0,0,0,0,0,1,null
814081,1240609426792,1240609436674,0,0,0,0,0,0,0,0,1,null
814312,1240609838966,1240609847963,0,0,0,0,0,0,0,0,1,null
814791,1240607258215,1240607294504,0,0,0,0,0,0,0,229006,1,null
815187,1240608505858,1240608702355,0,130,1,120,0,0,0,1892,1,null
815527,1240609024329,1240609114665,0,0,0,0,0,0,0,0,1,null
816035,1240609509826,1240609528991,0,316,1,117,0,0,0,1892,1,null
816243,1240608619924,1240608676676,0,0,0,0,0,0,0,0,1,null
816302,1240610630280,1240610635549,0,0,0,0,0,0,0,0,1,null
816442,1240608675091,1240608721008,0,0,0,0,0,0,0,0,1,null
816636,1240608854718,1240608879794,0,0,0,0,0,0,0,0,1,null
816668,1240609186892,1240609285035,0,0,0,0,0,0,0,0,1,null
816708,1240610354862,1240610365026,0,0,0,0,0,0,0,0,1,null
817229,1240609489385,1240609494534,0,0,0,0,0,0,0,0,1,null
817383,1240609897075,1240609966377,0,0,0,0,0,0,0,0,1,null
817645,1240610836503,1240611087804,0,0,0,0,0,0,0,0,1,null
817673,1240609887952,1240610232192,0,136,1,136,0,0,0,0,1,null
818919,1240611121279,1240611189156,0,0,0,0,0,0,0,607160,1,null
81899,1240608325454,1240609742202,0,272,2,110,0,1,0,802319,5,1
819784,1240612035706,0,0,0,0,0,0,0,0,0,1,0
82057,1240608610519,1240608629009,0,0,0,0,0,0,0,108988,1,0
82321,undefined,0,80,0,0,0,0,4,12,57717,undefined,undefined
82509,1240609843045,1240610092207,0,0,0,0,0,0,0,293092,1,0
84110,1240610981337,1240611635787,0,221,2,141.5,0,0,0,156646,4,0
85079,undefined,0,27.8,0,0,0,0,3,8,43402,undefined,undefined
8527,1240608042556,1240609592934,0,2487,9,276.3333333333333,0,1,0,503,6,1
86614,1240611856176,1240611886983,0,0,0,0,0,0,0,1892,3,null
8842,undefined,0,33.75,0,0,0,0,11,9,1531,undefined,undefined
89757,undefined,0,37.3,0,0,0,0,3,29,20260,undefined,undefined
90041,undefined,0,69.3,0,0,0,0,1,6,258951,undefined,undefined
91746,1240610165157,1240610640090,0,163,1,163,0,0,0,0,1,null
931,1240611828047,0,0,642,2,371.5,0,3,3,12,11,3
98128,undefined,0,85.99999999999999,0,0,0,0,6,2,170934,undefined,undefined
995,undefined,0,443.54999999999995,0,0,0,0,11,13,12,undefined,undefined
<<<<EndTable

PlayersOnlineNow=28
PlayersOnlineEachMinute=0, 13, 15, 15, 16, 16, 18, 17, 15, 19, 19, 18, 20, 20, 22, 20, 26, 26, 28, 27, 27, 27, 27, 24, 25, 21, 24, 22, 19, 21, 23, 23, 24, 27, 30, 29, 30, 30, 30, 32, 31, 37, 37, 36, 36, 34, 36, 32, 30, 34, 33, 31, 28, 28, 27, 27, 30, 32, 31, 30, 31, 29, 28, 28, 27, 28, 27, 25, 25, 24, 26, 30, 32, 29, 30, 25, 27, 26, 25, 25, 23, 24, 27, 26, 28, 26, 27, 28, 28, 29, 25, 21, 21, 21, 16, 17, 18, 19, 19, 23, 24, 23, 25, 25, 28, 25, 27, 28, 30, 28
PlayersInEachFeedingGame=1, 2, 2, 1, 1, 1, 2, 2, 2, 1, 3, 1, 1, 1, 1, 1, 1, 1, 2, 2, 1, 1, 2, 2, 2, 1, 1, 2, 2, 2, 2, 1, 1, 1, 2, 1, 1, 2, 2, 2, 2, 2, 1, 1, 2, 1, 2, 2, 1, 2, 1, 2, 1, 2, 2, 2, 2, 2, 2, 2, 2, 2, 1, 2, 2, 2, 2, 1, 2, 2, 1, 1, 1, 2, 2, 1, 2, 2, 2, 3, 1, 1, 2, 1, 1, 2, 2, 1, 2, 1, 2, 1, 2, 2, 2, 1, 2, 1, 2, 2, 1, 2, 3, 1, 2, 1, 2, 4, 2, 1, 2, 1, 1, 1, 1, 2, 2, 2, 1, 2, 2, 2, 2, 2, 2, 1, 1, 2, 2, 2, 2, 2, 1, 2, 1, 2, 1, 1, 2, 1, 2, 2, 2, 1, 2, 2, 2, 1, 1, 2, 3, 2, 2, 2, 1, 2, 1, 2, 1, 2, 1, 2, 2, 2, 2, 1, 1, 2, 2, 1, 1, 2, 2, 2, 1, 1, 2, 2, 2, 2, 2, 2, 1, 2, 2, 2, 2, 2, 2, 1, 1, 1, 2, 2, 2, 1, 1, 2, 2, 1, 1
PlayersStarted=304
PlayersQuit=276
StatsStartTime=1240605622860
StatsDumpTime=1240612223264
<<<<EndStats
2009-04-24 15:30:25,731 ERROR: vampire.server.feeding.FeedingRecord sendPlayerStartGameMsg [playerId=44, prey=true, _predatorIndex=]
2009-04-24 15:30:25,731 ERROR: vampire.server.feeding.FeedingRecord sendPlayerStartGameMsg [playerId=101358, prey=false, _predatorIndex=]
2009-04-24 15:31:20,696 ERROR: vampire.server.feeding.FeedingRecord sendPlayerStartGameMsg [playerId=1892, prey=true, _predatorIndex=]
2009-04-24 15:31:20,697 ERROR: vampire.server.feeding.FeedingRecord sendPlayerStartGameMsg [playerId=755785, prey=false, _predatorIndex=]
2009-04-24 15:31:25,890 ERROR: vampire.server.feeding.FeedingRecord sendPlayerStartGameMsg [playerId=802319, prey=false, _predatorIndex=]
2009-04-24 15:31:31,358 ERROR: vampire.server.feeding.FeedingRecord sendPlayerStartGameMsg [playerId=203778, prey=false, _predatorIndex=101358,931]
2009-04-24 15:31:48,360 ERROR: vampire.server.feeding.FeedingRecord sendPlayerStartGameMsg [playerId=797824, prey=true, _predatorIndex=]
2009-04-24 15:31:48,360 ERROR: vampire.server.feeding.FeedingRecord sendPlayerStartGameMsg [playerId=107244, prey=false, _predatorIndex=]
2009-04-24 15:32:16,672 ERROR: vampire.server.feeding.FeedingRecord sendPlayerStartGameMsg [playerId=505544, prey=true, _predatorIndex=]
2009-04-24 15:32:16,673 ERROR: vampire.server.feeding.FeedingRecord sendPlayerStartGameMsg [playerId=329188, prey=false, _predatorIndex=]
2009-04-24 15:33:02,792 ERROR: vampire.server.feeding.FeedingRecord sendPlayerStartGameMsg [playerId=455721, prey=true, _predatorIndex=]
2009-04-24 15:33:02,793 ERROR: vampire.server.feeding.FeedingRecord sendPlayerStartGameMsg [playerId=559823, prey=false, _predatorIndex=]
2009-04-24 15:33:51,148 ERROR: vampire.server.feeding.FeedingRecord sendPlayerStartGameMsg [playerId=123961, prey=true, _predatorIndex=]
2009-04-24 15:33:51,148 ERROR: vampire.server.feeding.FeedingRecord sendPlayerStartGameMsg [playerId=161355, prey=false, _predatorIndex=]
2009-04-24 15:34:12,716 ERROR: vampire.server.feeding.FeedingRecord sendPlayerStartGameMsg [playerId=101358, prey=true, _predatorIndex=]
2009-04-24 15:34:12,717 ERROR: vampire.server.feeding.FeedingRecord sendPlayerStartGameMsg [playerId=107244, prey=false, _predatorIndex=]
2009-04-24 15:34:16,540 ERROR: vampire.server.feeding.FeedingRecord sendPlayerStartGameMsg [playerId=797824, prey=false, _predatorIndex=]
2009-04-24 15:34:19,751 ERROR: vampire.server.feeding.FeedingRecord sendPlayerStartGameMsg [playerId=1892, prey=true, _predatorIndex=]
2009-04-24 15:34:19,751 ERROR: vampire.server.feeding.FeedingRecord sendPlayerStartGameMsg [playerId=331056, prey=false, _predatorIndex=]
2009-04-24 15:34:39,022 ERROR: vampire.server.feeding.FeedingRecord sendPlayerStartGameMsg [playerId=755785, prey=false, _predatorIndex=161355]
2009-04-24 15:35:44,746 ERROR: vampire.server.feeding.FeedingRecord sendPlayerStartGameMsg [playerId=559823, prey=false, _predatorIndex=161355,755785]
2009-04-24 15:35:57,870 ERROR: vampire.server.feeding.FeedingRecord sendPlayerStartGameMsg [playerId=44, prey=false, _predatorIndex=]
2009-04-24 15:36:34,854 ERROR: vampire.server.feeding.FeedingRecord sendPlayerStartGameMsg [playerId=455721, prey=true, _predatorIndex=]
2009-04-24 15:36:34,854 ERROR: vampire.server.feeding.FeedingRecord sendPlayerStartGameMsg [playerId=107244, prey=false, _predatorIndex=]
2009-04-24 15:36:40,583 ERROR: vampire.server.feeding.FeedingRecord sendPlayerStartGameMsg [playerId=101358, prey=false, _predatorIndex=161355,755785,559823]
2009-04-24 15:36:40,932 ERROR: vampire.server.feeding.FeedingRecord sendPlayerStartGameMsg [playerId=161355, prey=false, _predatorIndex=]
2009-04-24 15:37:01,892 ERROR: vampire.server.feeding.FeedingRecord sendPlayerStartGameMsg [playerId=167921, prey=true, _predatorIndex=]
2009-04-24 15:37:01,892 ERROR: vampire.server.feeding.FeedingRecord sendPlayerStartGameMsg [playerId=797824, prey=false, _predatorIndex=]
2009-04-24 15:37:10,454 ERROR: vampire.server.feeding.FeedingRecord sendPlayerStartGameMsg [playerId=730587, prey=false, _predatorIndex=]
2009-04-24 15:37:19,822 ERROR: vampire.server.feeding.FeedingRecord sendPlayerStartGameMsg [playerId=127942, prey=false, _predatorIndex=]
2009-04-24 15:37:27,540 ERROR: vampire.server.feeding.FeedingRecord sendPlayerStartGameMsg [playerId=53030, prey=false, _predatorIndex=]
2009-04-24 15:38:22,524 ERROR: vampire.server.feeding.FeedingRecord sendPlayerStartGameMsg [playerId=559823, prey=false, _predatorIndex=]
2009-04-24 15:39:12,699 ERROR: vampire.server.feeding.FeedingRecord sendPlayerStartGameMsg [playerId=101358, prey=false, _predatorIndex=161355,755785,559823,101358]
2009-04-24 15:39:26,388 ERROR: vampire.server.feeding.FeedingRecord sendPlayerStartGameMsg [playerId=101358, prey=false, _predatorIndex=161355,755785,559823,101358]
2009-04-24 15:40:02,284 ERROR: vampire.server.feeding.FeedingRecord sendPlayerStartGameMsg [playerId=101358, prey=false, _predatorIndex=161355,755785,559823,101358]
2009-04-24 15:40:19,029 ERROR: vampire.server.feeding.FeedingRecord sendPlayerStartGameMsg [playerId=101358, prey=false, _predatorIndex=559823]

>>>>BeginStats

>>>>BeginTable
PlayerId, StartTime, EndTime, ProgenyPayout, XPFromFeeding, FeedingGames, MeanFeedingScore, BloodBond, Progeny, GrandProgeny, Sire, Level, Invites
101358,1240612794852,0,0,1580,5,399.6,75123,2,0,75123,5,2
102127,undefined,0,9.600000000000001,0,0,0,0,1,0,168234,undefined,undefined
106069,undefined,0,44,0,0,0,0,13,3,236834,undefined,undefined
1062,1240605637903,1240605790629,0,0,0,0,54776,6,5,713,13,2
10642,1240608610828,1240610546118,139.05,5185,15,415.8,447249,15,23,351598,13,2
107244,1240612297942,1240612694080,0,432,2,177.5,0,0,0,377058,2,0
107277,1240611408021,1240611429828,0,0,0,0,0,0,0,0,1,null
108092,undefined,0,171.99999999999997,0,0,0,0,1,3,98128,undefined,undefined
11315,undefined,0,18.85,0,0,0,0,7,5,12,undefined,undefined
113203,1240605634626,1240606560977,9,351,3,160.66666666666666,0,1,0,553865,2,1
114914,1240610293858,1240610341843,0,0,0,0,0,0,0,0,1,null
116005,undefined,0,20.1,0,0,0,0,6,2,130627,undefined,undefined
116395,1240605645654,1240607073150,0,90,1,64,0,0,0,113203,1,null
117063,1240611183050,1240611772454,0,377,3,109.33333333333333,0,0,0,54812,1,null
12,undefined,0,713.5000000000001,0,0,0,0,19,80,383387,undefined,undefined
120076,1240608898793,1240611219577,50.2,675,5,211.2,0,8,1,34987,4,1
122076,1240608720030,1240608741968,0,0,0,0,0,0,0,0,1,null
122310,undefined,0,11.350000000000001,0,0,0,0,2,1,102111,undefined,undefined
122489,undefined,0,85,0,0,0,0,2,1,41862,undefined,undefined
122907,undefined,0,96.9,0,0,0,0,6,7,251062,undefined,undefined
123710,1240610516493,1240611050384,0,211,2,105.5,0,0,0,0,1,null
123961,1240612790962,0,0,3060,7,400.2857142857143,878,4,17,713,12,2
125610,1240606567956,1240607008660,0,0,0,0,0,0,0,0,1,null
1265,undefined,0,54.1,0,0,0,0,5,7,12,undefined,undefined
127942,1240612157595,0,0,211,1,211,0,5,4,133611,5,6
129764,undefined,0,32.6,0,0,0,0,2,0,370341,undefined,undefined
130560,1240608071239,1240608387585,0,311,1,184,0,0,0,0,1,null
130627,undefined,0,88.15,0,0,0,0,8,13,85079,undefined,undefined
131355,undefined,0,9,0,0,0,0,1,1,461901,undefined,undefined
132921,undefined,0,192.60000000000002,0,0,0,0,5,1,211601,undefined,undefined
133482,undefined,0,154.1,0,0,0,0,3,6,180951,undefined,undefined
133611,undefined,0,21.1,0,0,0,0,5,5,168422,undefined,undefined
138232,1240609923068,1240610019071,0,0,0,0,0,0,0,0,1,null
140983,1240612723319,0,0,0,0,0,0,0,0,117857,3,0
142539,1240605809032,1240609109584,0,1633,16,101.6875,0,0,0,502119,2,null
144144,undefined,0,11.05,0,0,0,0,1,1,383937,undefined,undefined
144313,1240610769274,1240610775748,0,0,0,0,0,0,0,0,1,0
147988,undefined,0,18.5,0,0,0,0,6,1,307477,undefined,undefined
151486,1240606791869,1240606826852,0,0,0,0,0,0,0,0,1,null
153221,undefined,0,14.5,0,0,0,0,3,5,166991,undefined,undefined
154004,1240611109045,1240612391221,0,693,3,249.33333333333334,561706,6,0,90041,4,0
154238,undefined,0,9.700000000000001,0,0,0,0,3,3,45129,undefined,undefined
156646,undefined,0,22.1,0,0,0,0,1,0,144144,undefined,undefined
157106,1240611426926,1240611549140,0,0,0,0,0,0,0,0,1,null
157588,undefined,0,61,0,0,0,0,5,1,133482,undefined,undefined
160138,undefined,0,159.95,0,0,0,0,4,4,150469,undefined,undefined
160801,undefined,0,103.8,0,0,0,0,1,1,166371,undefined,undefined
161289,1240606707056,1240606844645,0,0,0,0,0,0,0,604814,2,null
161355,1240612397767,0,0,551,2,289,0,0,0,54776,4,2
161716,1240609181702,1240610452208,0,0,0,0,285576,0,0,143278,4,0
162125,1240606827221,1240606924827,0,0,0,0,181775,0,0,182928,5,1
166371,undefined,0,51.9,0,0,0,0,3,1,267622,undefined,undefined
167052,1240605712132,1240607760283,0,815,8,99.875,0,0,0,303691,2,null
167134,undefined,0,59.50000000000001,0,0,0,0,1,1,176511,undefined,undefined
167921,1240612550852,0,0,140,1,110,0,0,0,0,1,0
168234,undefined,0,4.800000000000001,0,0,0,0,5,1,100080,undefined,undefined
16825,1240611295402,0,0,0,0,0,0,0,0,4139,3,0
168422,undefined,0,10.55,0,0,0,0,1,5,181695,undefined,undefined
169284,1240608190026,1240608807236,0,41,1,82,0,0,0,0,1,null
169944,1240610552288,1240610719268,0,96,1,96,0,0,0,102127,4,1
170191,1240606537188,1240606754805,0,195,1,273,0,2,6,202873,9,1
171151,1240610614417,1240611011011,0,3559,11,463.8181818181818,77,22,14,21067,13,3
172743,1240610501401,1240610715307,0,0,0,0,0,0,0,261567,4,0
173395,undefined,0,52.150000000000006,0,0,0,0,4,2,130244,undefined,undefined
174528,undefined,0,17.55,0,0,0,0,1,1,58859,undefined,undefined
175065,undefined,0,31.900000000000006,0,0,0,0,1,2,401467,undefined,undefined
176511,undefined,0,29.750000000000004,0,0,0,0,1,1,154346,undefined,undefined
179497,1240606157809,1240606271954,0,0,0,0,0,0,0,0,1,null
180951,undefined,0,41.2,0,0,0,0,2,3,153510,undefined,undefined
185497,1240609910999,1240609914387,0,0,0,0,0,0,0,238812,3,0
187381,1240607692690,1240608810916,86.30000000000001,791,3,383.6666666666667,211710,5,0,2843,7,1
187830,1240609993756,1240609999780,0,0,0,0,0,0,0,0,1,null
1892,1240608826229,0,149.10000000000002,5012,16,387.125,455390,14,4,995,9,1
189275,1240608253531,1240610647162,0,1150,8,115.875,0,0,0,53030,2,null
190140,1240609110074,1240609257904,0,226,2,111.5,0,0,0,430717,1,null
191996,1240607773405,1240610425508,0,824,4,182.5,0,0,0,42736,1,null
192883,1240611816890,1240612116426,0,854,2,447,0,7,2,210210,6,5
193060,1240611610764,1240611617392,0,0,0,0,0,0,0,288860,2,0
193699,1240608164513,1240608579061,0,198,2,91.5,0,0,0,0,1,null
194104,1240605623059,1240607960116,0,255,2,168.5,0,2,1,180571,6,9
194787,1240605671291,1240605707144,0,0,0,0,0,0,0,0,1,null
199427,undefined,0,11.25,0,0,0,0,1,3,208602,undefined,undefined
202328,undefined,0,104.30000000000001,0,0,0,0,2,0,173395,undefined,undefined
202501,1240610773247,1240611036314,0,541,2,211,195736,5,11,1265,11,2
20260,undefined,0,10.75,0,0,0,0,12,9,12,undefined,undefined
202873,undefined,0,19.5,0,0,0,0,1,2,341164,undefined,undefined
203778,1240612048592,1240612501905,0,610,2,173,0,1,2,157588,4,0
204486,1240609779718,1240611103997,0,850,4,135.75,0,1,1,122489,4,0
204593,1240609813668,1240609885754,0,0,0,0,0,0,0,77,2,null
205330,undefined,0,64.95,0,0,0,0,1,2,273767,undefined,undefined
206365,1240606582307,1240607176054,0,326,2,108,0,0,0,129764,2,0
207381,1240608231131,1240608774330,0,182,2,123.5,0,0,0,0,1,null
210210,undefined,0,85.4,0,0,0,0,4,8,381607,undefined,undefined
21067,undefined,0,355.9,0,0,0,0,2,22,302907,undefined,undefined
211601,undefined,0,96.30000000000001,0,0,0,0,1,5,7078,undefined,undefined
211715,undefined,0,116.74999999999999,0,0,0,0,1,2,299646,undefined,undefined
21343,1240611772913,1240612232110,0,0,0,0,0,0,0,510740,2,0
217283,1240605882491,1240607121347,0,0,0,0,0,8,8,57393,8,3
223864,undefined,0,319.9,0,0,0,0,4,8,160138,undefined,undefined
227007,1240606794265,1240606816585,0,0,0,0,0,0,0,43402,7,1
22707,undefined,0,81.64999999999999,0,0,0,0,6,6,8842,undefined,undefined
22731,undefined,0,11.25,0,0,0,0,6,1,351430,undefined,undefined
229006,1240607029421,1240608274246,0,1720,9,196.33333333333334,20106,3,0,108092,5,3
23340,1240610450360,1240610782968,236.25000000000003,250,1,265,0,6,10,383387,20,9
234722,1240605702308,1240605883968,0,225,1,225,0,0,0,346753,1,null
23989,1240610180286,1240611028372,24.6,246,2,153,0,2,0,55009,4,0
245338,undefined,0,21.25,0,0,0,0,5,7,77353,undefined,undefined
251062,undefined,0,19.700000000000003,0,0,0,0,6,8,296361,undefined,undefined
255933,undefined,0,42.5,0,0,0,0,2,0,245338,undefined,undefined
256127,1240607156899,1240607217340,0,0,0,0,0,0,0,261567,2,0
256746,undefined,0,23.3,0,0,0,0,4,20,61984,undefined,undefined
258951,undefined,0,34.65,0,0,0,0,2,3,1265,undefined,undefined
262548,undefined,0,30.950000000000003,0,0,0,0,1,2,122907,undefined,undefined
266159,1240607920345,1240608178475,0,0,0,0,0,0,0,229006,1,null
271218,1240606233348,1240607698322,0,290,2,145,0,0,0,295854,3,0
273767,undefined,0,22.150000000000002,0,0,0,0,1,1,273880,undefined,undefined
276326,1240606634188,1240610283115,0,0,0,0,0,0,0,0,1,null
283455,1240607170439,1240608744224,0,0,0,0,0,0,0,198709,2,0
2843,undefined,0,268.35,0,0,0,0,6,17,3383,undefined,undefined
287842,1240607453433,1240608179037,0,590,3,189,0,0,0,0,1,null
289669,1240612152063,1240612159746,0,0,0,0,0,0,0,120076,1,null
292209,1240608349359,1240608462941,0,0,0,0,0,0,0,202328,3,0
295854,undefined,0,29,0,0,0,0,5,0,153221,undefined,undefined
299646,undefined,0,48.349999999999994,0,0,0,0,3,1,69257,undefined,undefined
302907,undefined,0,177.95,0,0,0,0,2,2,283855,undefined,undefined
303691,undefined,0,81.5,0,0,0,0,1,0,44987,undefined,undefined
304383,1240607580669,1240607592578,0,0,0,0,0,0,0,0,1,null
307477,undefined,0,9.25,0,0,0,0,1,6,336500,undefined,undefined
307544,1240606561963,1240612116253,0,218,2,108.5,0,0,0,0,1,null
309096,undefined,0,12.3,0,0,0,0,6,1,192120,undefined,undefined
310989,1240612171567,1240612269084,0,0,0,0,0,0,0,128989,1,0
311783,1240612097898,0,0,0,0,0,0,5,1,11460,7,3
313795,1240609334856,1240609350082,37.9,225,2,101,0,1,0,447249,2,0
317383,undefined,0,49.25,0,0,0,0,1,1,344937,undefined,undefined
318534,1240611983471,1240611991223,0,0,0,0,0,0,0,379328,3,0
3200,1240608786657,1240609965240,0,3199,9,405.1111111111111,71724,8,0,223864,11,2
320910,1240610353201,1240610557812,0,0,0,0,0,0,0,295854,2,0
32314,1240611379615,1240611884707,0,4725,15,328.06666666666666,0,2,1,40508,11,2
329188,1240611862464,1240612523503,0,301,2,139,0,0,0,505544,1,null
331056,1240612005985,1240612797554,0,425,3,117.33333333333333,0,0,0,255933,1,0
333136,1240606307682,1240606960769,0,1038,4,177,0,1,0,160801,3,1
336024,1240611442353,1240611955947,0,330,2,259,0,6,6,510740,7,4
3383,undefined,0,73.1,0,0,0,0,4,6,12791,undefined,undefined
338409,1240606837202,1240607260801,0,337,2,168.5,0,0,0,65584,4,0
341164,undefined,0,9.75,0,0,0,0,1,1,57393,undefined,undefined
341797,1240609024732,1240609171839,0,0,0,0,0,2,0,12770,2,2
346753,undefined,0,22.5,0,0,0,0,1,0,22731,undefined,undefined
34987,undefined,0,92.6,0,0,0,0,2,8,8842,undefined,undefined
351598,undefined,0,518.5,0,0,0,0,1,15,359624,undefined,undefined
351626,undefined,0,16.85,0,0,0,0,5,5,183403,undefined,undefined
359624,undefined,0,259.25,0,0,0,0,3,1,201132,undefined,undefined
367074,undefined,0,22.700000000000003,0,0,0,0,1,2,122310,undefined,undefined
370341,undefined,0,16.3,0,0,0,0,1,2,326885,undefined,undefined
374663,1240606234882,1240606858145,0,402,3,134,0,0,0,0,1,0
377058,undefined,0,43.2,0,0,0,0,1,0,70997,undefined,undefined
380174,1240610613296,1240610966594,41.300000000000004,443,2,192.5,0,2,0,205330,4,0
381607,undefined,0,42.7,0,0,0,0,1,4,153510,undefined,undefined
383387,undefined,0,104.25000000000001,0,0,0,0,6,44,0,undefined,undefined
390512,1240610494713,1240612294997,0,2781,14,152.64285714285714,0,0,0,522658,3,0
396113,undefined,0,303.70000000000005,0,0,0,0,2,3,44987,undefined,undefined
40508,undefined,0,472.50000000000006,0,0,0,0,4,4,23340,undefined,undefined
41862,undefined,0,42.5,0,0,0,0,5,2,72070,undefined,undefined
42736,1240608534463,1240608898817,82.4,824,4,229,0,1,0,133482,2,0
430717,undefined,0,46.6,0,0,0,0,20,0,256746,undefined,undefined
44,1240611596561,0,0,880,5,208.8,0,9,2,72176,4,0
447249,undefined,0,41.45,0,0,0,0,3,1,199427,undefined,undefined
44987,undefined,0,192.60000000000002,0,0,0,0,9,3,12770,undefined,undefined
454187,1240612772161,0,0,0,0,0,0,1,0,38851,1,0
455721,1240612249918,1240612761135,0,595,3,229,0,1,0,167134,4,0
461605,1240607596275,1240608245932,0,619,3,247,0,0,0,518979,3,1
461901,undefined,0,4.5,0,0,0,0,1,1,968,undefined,undefined
478872,1240611389736,1240611420279,0,0,0,0,0,0,0,157229,1,0
480577,1240609544915,1240609553887,0,0,0,0,0,0,0,537246,1,null
486760,1240607622863,1240608640420,0,985,3,151.33333333333334,0,0,0,57395,3,0
502119,undefined,0,163.29999999999998,0,0,0,0,6,0,22707,undefined,undefined
503,undefined,0,248.7,0,0,0,0,4,1,12,undefined,undefined
505207,1240609827238,1240610121206,0,0,0,0,0,0,0,427472,3,0
505544,1240610539982,0,40.1,967,7,147.85714285714286,0,2,0,211715,2,0
510740,undefined,0,415.5500000000001,0,0,0,0,45,10,534632,undefined,undefined
51195,1240608218542,1240612694391,0,227,2,163,0,2,3,367074,6,2
517344,1240607159395,1240607290801,0,0,0,0,0,0,0,455414,1,0
518979,undefined,0,61.900000000000006,0,0,0,0,2,0,262548,undefined,undefined
522658,undefined,0,278.1,0,0,0,0,5,3,10642,undefined,undefined
53030,1240611998956,0,115.00000000000001,394,1,394,0,6,5,122907,11,3
533622,1240610876575,1240610882163,0,0,0,0,0,0,0,0,1,null
534632,undefined,0,128.2,0,0,0,0,4,45,445660,undefined,undefined
544612,1240607883128,1240608252266,0,92,1,92,0,0,0,0,1,null
54776,1240605623099,1240605887338,86.7,215,1,325,1062,29,16,89757,13,2
54812,undefined,0,37.7,0,0,0,0,5,4,11315,undefined,undefined
55009,undefined,0,36.900000000000006,0,0,0,0,1,2,309096,undefined,undefined
553865,undefined,0,39.6,0,0,0,0,1,1,174528,undefined,undefined
559,1240606689804,1240606736581,0,0,0,0,533,3,0,522658,4,null
559823,1240612342999,0,0,638,2,348,0,3,0,58022,4,0
562788,undefined,0,38.800000000000004,0,0,0,0,1,3,409656,undefined,undefined
565240,1240606528030,1240606542598,0,0,0,0,0,0,0,0,1,null
565347,1240612656075,0,0,0,0,0,0,0,0,0,1,0
565771,1240611419216,1240611443439,0,0,0,0,0,0,0,510740,2,0
57395,1240607309828,1240607668155,98.5,0,0,0,0,1,0,317383,4,0
574401,1240611539941,1240612431972,0,0,0,0,797824,0,0,221371,2,0
57717,undefined,0,78.35000000000001,0,0,0,0,4,5,110178,undefined,undefined
58022,undefined,0,63.80000000000001,0,0,0,0,2,3,175065,undefined,undefined
5842,undefined,0,15.8,0,0,0,0,11,9,344937,undefined,undefined
58859,1240611264823,1240611298488,0,3037,12,337.0833333333333,43017,3,1,396113,11,2
596892,1240611727587,0,0,0,0,0,0,0,0,606163,3,0
597005,1240610397044,1240610989430,0,776,6,149.16666666666666,0,0,0,603011,4,0
603011,undefined,0,77.60000000000001,0,0,0,0,3,0,562788,undefined,undefined
607160,1240610935302,1240611399348,0,185,1,251,121604,1,0,147988,5,1
60973,1240608046988,1240610210107,45,556,4,110.25,0,3,0,130627,4,0
618820,1240607679414,1240608127590,0,96,1,96,0,0,0,0,1,null
620394,1240606854186,1240607492526,0,0,0,0,0,1,0,2843,4,null
622661,1240611707975,0,0,0,0,0,0,0,0,156489,1,0
624632,1240610578172,1240611039116,0,220,2,96.5,0,0,0,505544,2,null
627367,1240607272128,1240608477142,0,90,1,82,0,0,0,0,1,null
628635,1240611786564,1240611827320,0,0,0,0,0,0,0,0,1,null
62866,1240612426409,1240612471930,0,0,0,0,0,0,0,138072,1,null
630671,1240609506389,1240610176350,0,1926,12,186.16666666666666,0,1,0,132921,3,null
634567,1240609832021,1240609858506,0,0,0,0,0,0,0,555728,3,null
638214,1240607593292,1240608653031,0,160,2,88.5,0,0,0,0,1,null
638719,1240605847079,1240605852511,0,0,0,0,0,0,0,0,1,null
640157,1240610706911,1240611891632,0,491,5,95.2,0,0,0,0,1,null
643392,1240610906940,1240610988440,0,0,0,0,0,0,0,38851,1,null
643674,1240612114208,1240612126928,0,0,0,0,0,0,0,0,1,null
65584,undefined,0,33.7,0,0,0,0,4,0,351626,undefined,undefined
679803,1240607137955,1240607703895,0,148,2,99,0,0,0,0,1,null
68238,1240610645724,0,0,413,4,76,0,0,0,380174,1,0
683540,1240609801408,1240611221694,0,246,2,92.5,0,0,0,23989,1,null
685023,1240608010482,1240608342139,0,316,1,128,0,1,0,7314,2,null
691188,1240611608019,1240611747984,0,0,0,0,0,0,0,0,1,null
694523,1240608935642,1240610246424,0,211,2,108,0,0,0,60973,1,null
694647,1240608611726,1240609996294,0,0,0,0,0,0,0,0,1,null
695896,1240609885357,1240611011576,0,321,2,80,0,0,0,1892,1,null
699927,1240606528784,1240606892759,0,103,1,103,0,0,0,0,1,null
70151,1240610732313,1240611875138,0,802,4,196.5,0,0,0,0,1,null
7078,1240606361437,1240607267963,0,0,0,0,0,8,11,177916,10,6
70997,undefined,0,21.6,0,0,0,0,5,1,397835,undefined,undefined
713,undefined,0,306,0,0,0,0,9,32,12,undefined,undefined
71724,1240611134875,1240611226916,0,0,0,0,3200,8,1,94103,10,4
718536,1240608673703,1240610280176,0,1043,5,197.2,0,0,0,202328,2,null
72176,undefined,0,88,0,0,0,0,3,9,106069,undefined,undefined
729225,1240607770955,1240608597678,0,90,1,97,0,1,2,131355,3,null
730587,1240612562953,0,0,194,1,194,0,0,0,735743,3,0
7314,undefined,0,31.6,0,0,0,0,8,1,5842,undefined,undefined
735743,undefined,0,19.400000000000002,0,0,0,0,3,0,154238,undefined,undefined
736687,1240606279679,1240606485209,0,593,1,157,0,0,0,773108,1,null
747838,1240609762799,1240609766320,0,0,0,0,0,0,0,0,1,null
75123,1240605628386,1240608094887,158,671,2,383,101358,11,11,2843,12,3
752505,1240606356663,1240606983665,0,268,3,89.33333333333333,0,0,0,0,1,null
755251,1240612677615,0,0,0,0,0,0,0,0,0,1,0
755785,1240611946113,0,0,1247,4,276.75,0,0,0,1892,2,0
755876,1240608635278,1240608800813,0,0,0,0,0,0,0,54776,2,null
761084,1240608050597,1240608405018,0,240,1,179,0,0,0,430717,2,null
763546,1240609168455,1240609477296,0,98,1,98,0,0,0,0,1,null
766044,1240608550862,1240608587133,0,0,0,0,0,0,0,0,1,null
773108,1240609875160,1240611047684,331.90000000000015,1441,6,194.66666666666666,0,4,1,510740,3,null
778179,1240612511803,1240612529545,0,0,0,0,0,0,0,0,1,null
788876,1240608999269,1240609246851,0,0,0,0,0,0,0,0,1,null
790460,1240607007328,1240607027810,0,0,0,0,0,0,0,0,2,null
791274,1240606956467,1240606972099,0,0,0,0,0,0,0,0,1,null
79181,1240608822961,1240609060514,0,201,1,201,197452,2,5,116005,5,1
796629,1240610436230,1240611877228,0,793,6,102.16666666666667,0,0,0,510740,2,null
797824,1240611057256,0,0,1567,9,171.55555555555554,574401,1,0,82321,4,0
802319,1240612504382,0,27.200000000000003,2590,14,171.78571428571428,0,1,1,773108,2,0
804893,1240608252524,1240609388282,0,462,4,121.25,0,0,0,60973,1,null
806979,1240606657566,1240609687931,0,863,6,74.66666666666667,0,0,0,187381,2,null
811095,1240607969319,1240608015150,0,0,0,0,0,0,0,0,1,null
811852,1240611367225,1240612183764,0,379,3,104.66666666666667,0,0,0,313795,1,null
812134,1240605632504,1240606363042,0,316,3,93,0,0,0,54776,2,null
812252,1240607643587,1240607852364,0,0,0,0,0,0,0,0,1,null
813096,1240610480654,1240610949561,0,650,5,113.8,0,0,0,120076,1,null
813283,1240605665613,1240606345119,0,0,0,0,0,0,0,0,1,null
813677,1240605991037,1240606014398,0,0,0,0,0,0,0,0,1,null
814081,1240609426792,1240609436674,0,0,0,0,0,0,0,0,1,null
814312,1240609838966,1240609847963,0,0,0,0,0,0,0,0,1,null
814791,1240607258215,1240607294504,0,0,0,0,0,0,0,229006,1,null
815187,1240608505858,1240608702355,0,130,1,120,0,0,0,1892,1,null
815527,1240609024329,1240609114665,0,0,0,0,0,0,0,0,1,null
816035,1240609509826,1240609528991,0,316,1,117,0,0,0,1892,1,null
816072,1240612799640,0,0,0,0,0,0,0,0,0,1,0
816243,1240608619924,1240608676676,0,0,0,0,0,0,0,0,1,null
816302,1240610630280,1240610635549,0,0,0,0,0,0,0,0,1,null
816442,1240608675091,1240608721008,0,0,0,0,0,0,0,0,1,null
816636,1240608854718,1240608879794,0,0,0,0,0,0,0,0,1,null
816668,1240609186892,1240609285035,0,0,0,0,0,0,0,0,1,null
816708,1240610354862,1240610365026,0,0,0,0,0,0,0,0,1,null
817229,1240609489385,1240609494534,0,0,0,0,0,0,0,0,1,null
817383,1240609897075,1240609966377,0,0,0,0,0,0,0,0,1,null
817645,1240610836503,1240611087804,0,0,0,0,0,0,0,0,1,null
817673,1240609887952,1240610232192,0,136,1,136,0,0,0,0,1,null
818919,1240611121279,1240611189156,0,0,0,0,0,0,0,607160,1,null
81899,1240608325454,1240609742202,0,272,2,110,0,1,0,802319,5,1
819784,1240612035706,1240612264200,0,0,0,0,0,0,0,0,1,null
820426,1240612760270,0,0,0,0,0,0,0,0,0,1,0
82057,1240608610519,1240608629009,0,0,0,0,0,0,0,108988,1,0
82321,undefined,0,156.70000000000002,0,0,0,0,4,12,57717,undefined,undefined
82509,1240609843045,1240610092207,0,0,0,0,0,0,0,293092,1,0
84110,1240610981337,1240611635787,0,221,2,141.5,0,0,0,156646,4,0
85079,undefined,0,27.8,0,0,0,0,3,8,43402,undefined,undefined
8527,1240608042556,1240609592934,0,2487,9,276.3333333333333,0,1,0,503,6,1
86614,1240611856176,1240611886983,0,0,0,0,0,0,0,1892,3,null
8842,undefined,0,33.75,0,0,0,0,11,9,1531,undefined,undefined
89757,undefined,0,64.85000000000001,0,0,0,0,3,29,20260,undefined,undefined
90041,undefined,0,69.3,0,0,0,0,1,6,258951,undefined,undefined
91746,1240610165157,1240610640090,0,163,1,163,0,0,0,0,1,null
931,1240611828047,1240612479523,0,1585,4,541.5,0,3,3,12,11,3
97612,1240612649292,1240612668542,0,0,0,0,0,0,0,66021,1,0
98128,undefined,0,85.99999999999999,0,0,0,0,6,2,170934,undefined,undefined
995,undefined,0,575.7500000000001,0,0,0,0,11,14,12,undefined,undefined
<<<<EndTable

PlayersOnlineNow=25
PlayersOnlineEachMinute=0, 13, 15, 15, 16, 16, 18, 17, 15, 19, 19, 18, 20, 20, 22, 20, 26, 26, 28, 27, 27, 27, 27, 24, 25, 21, 24, 22, 19, 21, 23, 23, 24, 27, 30, 29, 30, 30, 30, 32, 31, 37, 37, 36, 36, 34, 36, 32, 30, 34, 33, 31, 28, 28, 27, 27, 30, 32, 31, 30, 31, 29, 28, 28, 27, 28, 27, 25, 25, 24, 26, 30, 32, 29, 30, 25, 27, 26, 25, 25, 23, 24, 27, 26, 28, 26, 27, 28, 28, 29, 25, 21, 21, 21, 16, 17, 18, 19, 19, 23, 24, 23, 25, 25, 28, 25, 27, 28, 30, 28, 28, 24, 25, 25, 24, 22, 24, 24, 23, 24
PlayersInEachFeedingGame=1, 2, 2, 1, 1, 1, 2, 2, 2, 1, 3, 1, 1, 1, 1, 1, 1, 1, 2, 2, 1, 1, 2, 2, 2, 1, 1, 2, 2, 2, 2, 1, 1, 1, 2, 1, 1, 2, 2, 2, 2, 2, 1, 1, 2, 1, 2, 2, 1, 2, 1, 2, 1, 2, 2, 2, 2, 2, 2, 2, 2, 2, 1, 2, 2, 2, 2, 1, 2, 2, 1, 1, 1, 2, 2, 1, 2, 2, 2, 3, 1, 1, 2, 1, 1, 2, 2, 1, 2, 1, 2, 1, 2, 2, 2, 1, 2, 1, 2, 2, 1, 2, 3, 1, 2, 1, 2, 4, 2, 1, 2, 1, 1, 1, 1, 2, 2, 2, 1, 2, 2, 2, 2, 2, 2, 1, 1, 2, 2, 2, 2, 2, 1, 2, 1, 2, 1, 1, 2, 1, 2, 2, 2, 1, 2, 2, 2, 1, 1, 2, 3, 2, 2, 2, 1, 2, 1, 2, 1, 2, 1, 2, 2, 2, 2, 1, 1, 2, 2, 1, 1, 2, 2, 2, 1, 1, 2, 2, 2, 2, 2, 2, 1, 2, 2, 2, 2, 2, 2, 1, 1, 1, 2, 2, 2, 1, 1, 2, 2, 1, 1, 2, 2, 2, 2, 2, 2, 2, 1, 2, 1, 2, 1, 2, 1, 1, 1, 1
PlayersStarted=327
PlayersQuit=302
StatsStartTime=1240605622860
StatsDumpTime=1240612823339
<<<<EndStats
2009-04-24 15:40:29,401 ERROR: vampire.server.feeding.FeedingRecord sendPlayerStartGameMsg [playerId=454187, prey=false, _predatorIndex=161355,755785,559823,101358]
2009-04-24 15:40:31,695 ERROR: vampire.server.feeding.FeedingRecord sendPlayerStartGameMsg [playerId=797824, prey=false, _predatorIndex=]
2009-04-24 15:40:33,067 ERROR: vampire.server.feeding.FeedingRecord sendPlayerStartGameMsg [playerId=143489, prey=false, _predatorIndex=]
2009-04-24 15:40:51,695 ERROR: vampire.server.feeding.FeedingRecord sendPlayerStartGameMsg [playerId=167921, prey=false, _predatorIndex=]
2009-04-24 15:40:55,057 ERROR: vampire.server.feeding.FeedingRecord sendPlayerStartGameMsg [playerId=454187, prey=false, _predatorIndex=143489]
2009-04-24 15:40:57,129 ERROR: vampire.server.feeding.FeedingRecord sendPlayerStartGameMsg [playerId=802319, prey=false, _predatorIndex=]
2009-04-24 15:41:02,548 ERROR: vampire.server.feeding.FeedingRecord sendPlayerStartGameMsg [playerId=730587, prey=false, _predatorIndex=]
2009-04-24 15:41:16,281 ERROR: vampire.server.feeding.FeedingRecord sendPlayerStartGameMsg [playerId=505544, prey=true, _predatorIndex=]
2009-04-24 15:41:16,282 ERROR: vampire.server.feeding.FeedingRecord sendPlayerStartGameMsg [playerId=565347, prey=false, _predatorIndex=]
2009-04-24 15:41:17,669 ERROR: vampire.server.feeding.FeedingRecord sendPlayerStartGameMsg [playerId=454187, prey=false, _predatorIndex=]
2009-04-24 15:41:17,988 ERROR: vampire.server.feeding.FeedingRecord sendPlayerStartGameMsg [playerId=816072, prey=false, _predatorIndex=]
2009-04-24 15:41:19,312 ERROR: vampire.server.feeding.FeedingRecord sendPlayerStartGameMsg [playerId=127942, prey=true, _predatorIndex=]
2009-04-24 15:41:19,312 ERROR: vampire.server.feeding.FeedingRecord sendPlayerStartGameMsg [playerId=730587, prey=false, _predatorIndex=]
2009-04-24 15:41:26,934 ERROR: vampire.server.feeding.FeedingRecord sendPlayerStartGameMsg [playerId=101358, prey=false, _predatorIndex=161355,755785,559823,101358,454187]
2009-04-24 15:42:28,746 ERROR: vampire.server.feeding.FeedingRecord sendPlayerStartGameMsg [playerId=44, prey=false, _predatorIndex=]
2009-04-24 15:42:31,792 ERROR: vampire.server.feeding.FeedingRecord sendPlayerStartGameMsg [playerId=167921, prey=false, _predatorIndex=]
2009-04-24 15:42:53,593 ERROR: vampire.server.feeding.FeedingRecord sendPlayerStartGameMsg [playerId=101358, prey=false, _predatorIndex=161355,755785,559823,101358,454187]
2009-04-24 15:43:02,706 ERROR: vampire.server.feeding.FeedingRecord sendPlayerStartGameMsg [playerId=797824, prey=false, _predatorIndex=143489,454187]
2009-04-24 15:43:40,698 ERROR: vampire.server.feeding.FeedingRecord sendPlayerStartGameMsg [playerId=802319, prey=false, _predatorIndex=]
2009-04-24 15:44:23,526 ERROR: vampire.server.feeding.FeedingRecord sendPlayerStartGameMsg [playerId=565347, prey=false, _predatorIndex=]
2009-04-24 15:44:51,809 ERROR: vampire.server.feeding.FeedingRecord sendPlayerStartGameMsg [playerId=167921, prey=true, _predatorIndex=]
2009-04-24 15:44:51,810 ERROR: vampire.server.feeding.FeedingRecord sendPlayerStartGameMsg [playerId=101358, prey=false, _predatorIndex=]
2009-04-24 15:45:15,121 ERROR: vampire.server.feeding.FeedingRecord sendPlayerStartGameMsg [playerId=811852, prey=true, _predatorIndex=]
2009-04-24 15:45:15,122 ERROR: vampire.server.feeding.FeedingRecord sendPlayerStartGameMsg [playerId=376717, prey=false, _predatorIndex=]
2009-04-24 15:45:30,508 ERROR: vampire.server.feeding.FeedingRecord sendPlayerStartGameMsg [playerId=755785, prey=false, _predatorIndex=]
2009-04-24 15:45:35,917 ERROR: vampire.server.feeding.FeedingRecord sendPlayerStartGameMsg [playerId=816072, prey=false, _predatorIndex=]
Error! Your code is broken! Unable to call a host method, perhaps you've been shut down? [msg=Room not in game [roomId=203557], trace=Error: Room not in game [roomId=203557]
	at com.threerings.msoy.avrg.client::ThaneAVRGameController/getRoomProps()[/export/bamboo/bamboo-home/xml-data/build-dir/WHIRLED-PROD/src/as/com/threerings/msoy/avrg/client/ThaneAVRGameController.as:182]
	at com.threerings.msoy.avrg.client::ThaneAVRGameBackend/room_sendMessage_v1()[/export/bamboo/bamboo-home/xml-data/build-dir/WHIRLED-PROD/src/as/com/threerings/msoy/avrg/client/ThaneAVRGameBackend.as:540]
	at Function/http://adobe.com/AS3/2006/builtin::apply()
	at com.whirled::AbstractControl/callHostCode()
	at Function/http://adobe.com/AS3/2006/builtin::apply()
	at com.whirled::AbstractSubControl/callHostCode()
	at Function/http://adobe.com/AS3/2006/builtin::apply()
	at com.whirled::TargetedSubControl/callHostCode()
	at com.whirled.avrg::RoomSubControlServer/sendMessage()
	at vampire.feeding.server::ServerCtx/sendMessage()
	at vampire.feeding.server::ServerGameMode/onTimeOver()
	at flash.events::EventDispatcher/dispatchEvent()
	at flash.utils::Timer/expire()
	at flash.utils::Timer$/heartbeat()
	at Thane$/heartbeat()
	at Thane$/heartbeat()].
2009-04-24 15:46:27,474 ERROR: vampire.server.feeding.FeedingRecord sendPlayerStartGameMsg [playerId=123961, prey=true, _predatorIndex=]
2009-04-24 15:46:27,474 ERROR: vampire.server.feeding.FeedingRecord sendPlayerStartGameMsg [playerId=797824, prey=false, _predatorIndex=]
2009-04-24 15:46:35,487 ERROR: vampire.server.feeding.FeedingRecord sendPlayerStartGameMsg [playerId=16825, prey=false, _predatorIndex=730587]
2009-04-24 15:47:15,729 ERROR: vampire.server.feeding.FeedingRecord sendPlayerStartGameMsg [playerId=802319, prey=false, _predatorIndex=]

