
>>>>BeginStats

>>>>BeginTable
PlayerId, StartTime, EndTime, ProgenyPayout, XPFromFeeding, FeedingGames, MeanFeedingScore, BloodBond, Progeny, GrandProgeny, Sire, Level, Invites
103033,1240617906417,0,0,2809,15,203.53333333333333,0,0,0,81899,2,0
103144,1240614823368,1240615093416,0,175,1,133,0,5,5,116005,4,0
104037,1240618378679,1240618847947,0,205,1,157,0,0,0,0,2,0
106069,undefined,0,115.45000000000002,0,0,0,0,13,3,236834,undefined,undefined
10642,1240622450152,1240622541664,86.10000000000001,4420,14,395.14285714285717,447249,17,23,351598,13,2
108338,undefined,0,67.35000000000001,0,0,0,0,1,4,288860,undefined,undefined
109238,1240615020335,1240616258529,0,498,4,103.75,0,0,0,630671,1,null
1101,undefined,0,90.75000000000001,0,0,0,0,2,6,239981,undefined,undefined
110157,1240617240780,1240617727789,0,111,1,111,0,0,0,196626,1,null
110457,1240618880079,1240618889834,0,0,0,0,0,0,0,0,1,null
110807,1240619272872,1240619324271,0,0,0,0,0,0,0,0,1,null
113127,undefined,0,25.1,0,0,0,0,2,3,156956,undefined,undefined
113766,1240622518334,1240622535851,0,423,3,141,0,0,0,293329,1,null
11460,undefined,0,86.30000000000001,0,0,0,0,1,5,41022,undefined,undefined
114914,1240615750222,1240619887646,0,1028,9,106.33333333333333,0,0,0,160801,2,null
116005,undefined,0,17.5,0,0,0,0,6,5,130627,undefined,undefined
117857,undefined,0,44.8,0,0,0,0,3,0,146211,undefined,undefined
118358,1240620524192,0,0,359,3,73.66666666666667,0,0,0,341797,2,0
12,undefined,0,357.6500000000001,0,0,0,0,19,54,383387,undefined,undefined
121984,undefined,0,177.20000000000002,0,0,0,0,4,1,166,undefined,undefined
122907,undefined,0,34.650000000000006,0,0,0,0,6,7,251062,undefined,undefined
123961,1240613284201,1240615038403,22.5,1830,8,278.75,878,5,17,713,12,2
124477,1240618975642,1240619583987,0,364,2,127,0,0,0,0,1,null
124503,undefined,0,14.350000000000001,0,0,0,0,3,3,170934,undefined,undefined
125207,1240613406262,1240613446203,0,0,0,0,273503,0,0,544643,4,0
12770,undefined,0,17.95,0,0,0,0,19,17,383387,undefined,undefined
127942,1240615998859,1240617564836,0,1162,6,212.16666666666666,0,5,4,133611,5,6
130627,undefined,0,8.75,0,0,0,0,8,8,85079,undefined,undefined
130736,1240617613936,1240618095518,0,523,3,156.66666666666666,0,0,0,797824,1,null
131676,1240616620519,1240616626603,0,0,0,0,0,1,1,40508,4,0
132921,1240622389278,0,110.65,266,1,266,0,5,2,211601,6,1
133118,1240617968211,1240618874222,14.8,1974,10,164.7,0,1,0,121984,2,null
133611,undefined,0,116.20000000000002,0,0,0,0,5,5,168422,undefined,undefined
135244,undefined,0,20.35,0,0,0,0,1,1,242779,undefined,undefined
136131,1240613294527,1240613962374,15.4,287,2,156,390071,1,0,403501,4,0
138676,1240620800868,1240620910376,0,248,2,156,506522,1,0,194104,3,null
139864,1240617086780,1240617467191,0,147,1,147,0,0,0,205658,4,0
140547,1240619511938,1240620527802,0,447,3,130,0,0,0,10642,1,null
140573,1240620541383,1240621897837,0,109,1,117,0,0,0,178528,3,0
140983,1240613274340,1240614491553,0,448,2,112,0,0,0,117857,3,0
141288,1240616773840,0,0,1712,5,233.4,0,2,0,510740,4,0
143489,1240621211068,1240621653780,0,552,3,202.66666666666666,0,0,0,47445,4,0
143538,undefined,0,611.5999999999999,0,0,0,0,2,11,1531,undefined,undefined
143752,1240617347749,1240617353517,0,0,0,0,0,0,0,195654,2,0
146211,undefined,0,22.4,0,0,0,0,2,3,258951,undefined,undefined
147733,1240614472943,1240614722298,0,256,1,256,80835,1,1,80835,4,0
149220,undefined,0,160.2,0,0,0,0,1,1,430717,undefined,undefined
150469,undefined,0,67.00000000000001,0,0,0,0,2,5,57393,undefined,undefined
1531,undefined,0,326.35,0,0,0,0,3,13,12,undefined,undefined
154238,undefined,0,56.60000000000001,0,0,0,0,4,3,45129,undefined,undefined
155376,1240621720222,1240622437840,0,251,1,358,602090,3,2,113127,8,1
156489,undefined,0,37.800000000000004,0,0,0,0,10,18,713,undefined,undefined
156956,undefined,0,12.55,0,0,0,0,1,2,136224,undefined,undefined
159505,1240615837406,1240616131171,0,98,1,85,0,0,0,0,1,null
160138,undefined,0,163.5,0,0,0,0,5,4,150469,undefined,undefined
16040,undefined,0,41.2,0,0,0,0,5,1,3,undefined,undefined
160801,1240617873588,1240618640310,30.900000000000002,556,3,194.33333333333334,0,2,1,166371,3,0
161355,1240620166367,1240621595141,0,1199,4,358.25,0,0,0,54776,5,2
161447,1240621614348,0,0,72,1,52,0,0,0,0,1,0
16187,1240613643796,1240613849690,0,111,1,105,0,0,0,0,1,null
162016,1240613634094,1240613684659,0,0,0,0,0,0,0,0,1,null
162643,1240618308540,1240618728539,0,128,1,142,0,0,0,81899,1,null
162782,1240617327976,1240617588455,0,0,0,0,430717,5,0,36377,8,1
164310,1240614523136,1240614727594,0,0,0,0,0,0,0,0,1,null
166,undefined,0,84.9,0,0,0,0,5,4,578,undefined,undefined
166285,1240619779943,1240620180391,0,112,1,104,0,0,0,0,1,null
166371,undefined,0,71.05000000000001,0,0,0,0,3,3,267622,undefined,undefined
167921,1240615789051,1240616488130,0,327,3,109,0,0,0,0,1,null
16825,1240618604263,0,0,3892,18,213.44444444444446,0,0,0,4139,4,0
168422,undefined,0,58.10000000000001,0,0,0,0,1,5,181695,undefined,undefined
168426,1240618803519,1240619337495,0,0,0,0,0,0,0,164243,4,0
168743,1240616241848,1240619858342,0,1602,7,265.42857142857144,149220,1,0,149220,6,1
169408,undefined,0,6.6000000000000005,0,0,0,0,3,2,173395,undefined,undefined
170086,1240620188103,1240621064256,0,1356,4,297.5,0,0,0,22731,3,0
170191,1240615700770,1240616094936,0,0,0,0,0,2,6,202873,9,1
171151,1240619417788,1240622121352,95.4,441,1,550,77,23,14,21067,13,3
171942,1240620961241,1240621284372,0,0,0,0,0,0,0,0,1,0
171943,1240620500740,1240620614114,0,0,0,0,0,0,0,147988,1,null
172743,1240622675506,1240622763879,0,0,0,0,0,0,0,261567,4,0
174936,undefined,0,12.8,0,0,0,0,2,1,256746,undefined,undefined
175529,1240619637693,1240620676119,0,0,0,0,0,0,0,182164,1,null
176013,1240620583644,1240622604923,0,0,0,0,327986,2,1,95378,4,1
178528,undefined,0,10.9,0,0,0,0,2,0,209944,undefined,undefined
179326,undefined,0,68.80000000000001,0,0,0,0,2,0,185581,undefined,undefined
179509,1240622368789,1240622565606,0,0,0,0,0,0,0,238812,4,null
180571,1240618115676,1240618336816,0,0,0,0,0,1,3,163836,4,0
18155,undefined,0,18.5,0,0,0,0,1,1,9651,undefined,undefined
182928,1240617841832,1240618105942,0,0,0,0,0,1,0,284150,4,0
185581,undefined,0,34.400000000000006,0,0,0,0,2,3,209656,undefined,undefined
187613,undefined,0,12.3,0,0,0,0,1,0,995,undefined,undefined
1885,1240619157193,1240619330944,0,144,1,140,0,0,0,1531,2,0
1892,1240615494947,1240615856389,288.59999999999997,187,1,260,455390,14,5,995,9,1
190687,undefined,0,267.1,0,0,0,0,7,6,383937,undefined,undefined
191354,1240615377599,1240615485082,0,0,0,0,0,0,0,261567,2,0
192001,1240621364773,1240621548156,0,0,0,0,0,1,0,155078,2,0
192644,1240613872877,1240614321263,0,214,2,129,0,0,0,259344,1,null
192883,1240618515946,1240619217061,42.400000000000006,1245,5,271.2,0,8,2,210210,6,5
193439,1240621533946,1240621775338,0,0,0,0,0,0,0,168473,1,null
194104,1240622492594,0,0,905,2,355,0,3,2,180571,6,9
195981,1240619259699,1240619758306,0,0,0,0,0,0,0,0,1,null
196626,undefined,0,11.100000000000001,0,0,0,0,1,0,204260,undefined,undefined
198353,1240621154763,1240622155826,0,132,1,116,0,0,0,460737,2,null
199427,undefined,0,6.8500000000000005,0,0,0,0,1,3,208602,undefined,undefined
200704,1240619920384,1240621866464,0,926,9,98.11111111111111,0,0,0,0,1,null
201158,1240614761964,1240615244948,0,309,2,166,0,0,0,0,1,null
201212,1240621225363,0,0,189,2,130,0,0,0,268463,2,1
20260,undefined,0,15.700000000000001,0,0,0,0,13,10,12,undefined,undefined
202994,1240621767467,1240622123280,0,123,1,102,0,0,0,210162,1,0
204260,undefined,0,5.550000000000001,0,0,0,0,1,1,145896,undefined,undefined
205330,undefined,0,17.1,0,0,0,0,1,2,273767,undefined,undefined
205658,undefined,0,14.700000000000001,0,0,0,0,1,0,37832,undefined,undefined
207284,1240622571153,1240622741457,0,0,0,0,0,0,0,190182,5,2
209944,undefined,0,5.45,0,0,0,0,3,3,209656,undefined,undefined
210162,undefined,0,12.3,0,0,0,0,2,0,39030,undefined,undefined
210210,undefined,0,145.70000000000002,0,0,0,0,4,11,381607,undefined,undefined
21067,undefined,0,91.80000000000001,0,0,0,0,2,23,302907,undefined,undefined
210998,1240621291208,1240621493086,0,0,0,0,0,1,0,119842,3,0
211601,undefined,0,71.9,0,0,0,0,1,5,7078,undefined,undefined
212370,undefined,0,15.950000000000001,0,0,0,0,8,2,105778,undefined,undefined
2149,undefined,0,165.2,0,0,0,0,3,1,60640,undefined,undefined
21852,1240622493883,0,0,826,2,327,0,1,0,2149,5,1
218533,1240622225025,1240622235613,0,0,0,0,0,0,0,0,1,0
2224,1240615136749,0,0,2548,7,466.2857142857143,57184,0,0,0,4,0
223864,1240622758492,0,59,1166,6,136.33333333333334,259344,4,9,160138,7,1
22731,1240621485620,0,135.60000000000002,1465,4,486,726649,6,1,351430,8,1
22796,1240619573302,1240619610797,0,0,0,0,0,0,0,101052,1,null
230164,1240619763851,1240621723444,0,5342,10,681.8,510740,7,1,250837,11,2
233517,undefined,0,54.400000000000006,0,0,0,0,2,3,212370,undefined,undefined
234299,1240616654043,1240618414280,0,1001,4,245.5,0,0,0,81597,2,null
235044,1240621401109,1240621723142,0,0,0,0,0,0,0,102578,1,null
235393,undefined,0,125.10000000000001,0,0,0,0,7,3,377629,undefined,undefined
23989,undefined,0,173.00000000000003,0,0,0,0,3,0,55009,undefined,undefined
241707,1240616188173,1240616232056,0,0,0,0,0,0,0,154238,1,0
24477,1240622582872,0,0,826,2,498,2114,0,0,2149,5,1
245338,undefined,0,16,0,0,0,0,5,7,77353,undefined,undefined
250837,undefined,0,534.2,0,0,0,0,1,7,190687,undefined,undefined
251062,undefined,0,9.600000000000001,0,0,0,0,6,8,296361,undefined,undefined
255933,undefined,0,32,0,0,0,0,2,0,245338,undefined,undefined
256746,undefined,0,18.15,0,0,0,0,4,22,61984,undefined,undefined
257369,1240617172540,1240619080493,0,1179,8,136.75,0,0,0,0,2,null
259344,1240618065492,1240622503200,180.60000000000002,5213,25,278.8400000000001,223864,11,1,143538,7,2
267622,undefined,0,27.800000000000004,0,0,0,0,2,3,1632,undefined,undefined
268463,undefined,0,18.9,0,0,0,0,1,0,294313,undefined,undefined
28100,1240613844869,1240613960278,0,0,0,0,0,0,0,0,1,0
2843,undefined,0,120.75,0,0,0,0,6,20,3383,undefined,undefined
287541,1240615329749,1240615534557,0,174,1,107,0,0,0,160138,2,0
288860,undefined,0,19.900000000000002,0,0,0,0,5,1,20260,undefined,undefined
294313,undefined,0,9.45,0,0,0,0,3,1,39403,undefined,undefined
297380,1240616223178,1240616751809,0,0,0,0,0,2,1,90015,4,2
298388,1240616805478,1240616968813,0,0,0,0,0,2,2,246356,4,2
3,undefined,0,20.6,0,0,0,0,2,5,383387,undefined,undefined
300614,1240618856469,1240619035554,0,0,0,0,0,0,0,0,1,0
301294,1240618836687,1240619732496,0,523,5,92.6,166074,0,0,47445,4,0
302907,undefined,0,22.05,0,0,0,0,2,2,283855,undefined,undefined
304356,1240616914678,1240617026877,0,0,0,0,0,0,0,115410,3,0
308890,1240616597506,1240618161845,0,0,0,0,0,0,0,0,1,null
311783,1240614366891,1240617945942,0,863,4,233.5,0,5,1,11460,7,3
313795,1240622541736,0,0,137,1,36,0,1,1,447249,2,0
317008,1240619385760,1240619952124,0,0,0,0,0,0,0,0,1,null
317383,undefined,0,12.55,0,0,0,0,1,2,344937,undefined,undefined
3200,1240621939268,0,0,590,3,279.3333333333333,71724,8,0,223864,11,2
323769,1240621422270,1240621476024,0,0,0,0,0,0,0,0,1,null
331056,1240620895047,1240621872132,0,320,5,64,0,0,0,255933,1,0
336228,undefined,0,84.5,0,0,0,0,8,12,307471,undefined,undefined
3383,undefined,0,33.5,0,0,0,0,4,6,12791,undefined,undefined
339217,1240617783351,1240618145727,0,259,2,109.5,0,1,0,76673,2,0
341424,1240618128836,1240618886723,0,954,5,196.2,0,0,0,171151,5,1
341797,undefined,0,35.9,0,0,0,0,2,0,12770,undefined,undefined
351430,undefined,0,236.8,0,0,0,0,8,7,336228,undefined,undefined
351598,undefined,0,474.04999999999995,0,0,0,0,1,17,359624,undefined,undefined
359624,undefined,0,221,0,0,0,0,3,2,201132,undefined,undefined
377629,undefined,0,62.550000000000004,0,0,0,0,5,11,75123,undefined,undefined
37832,undefined,0,7.3500000000000005,0,0,0,0,1,1,72070,undefined,undefined
380174,undefined,0,34.2,0,0,0,0,2,0,205330,undefined,undefined
381139,1240616819199,1240616842356,0,0,0,0,0,0,0,101358,2,0
381607,undefined,0,62.25000000000001,0,0,0,0,1,4,153510,undefined,undefined
383387,undefined,0,108.05,0,0,0,0,4,46,0,undefined,undefined
38851,1240616771239,1240617357480,0,428,3,100,0,2,1,390071,4,1
390071,undefined,0,42.8,0,0,0,0,2,2,4139,undefined,undefined
39030,undefined,0,6.15,0,0,0,0,8,2,196462,undefined,undefined
395230,1240622695789,1240622781932,0,0,0,0,0,0,0,332955,1,null
396113,undefined,0,181.4,0,0,0,0,2,3,44987,undefined,undefined
403501,undefined,0,36.400000000000006,0,0,0,0,3,1,124503,undefined,undefined
407244,1240613671356,1240613803432,0,0,0,0,0,1,0,72894,4,0
409656,undefined,0,34.6,0,0,0,0,6,1,384703,undefined,undefined
41022,undefined,0,43.150000000000006,0,0,0,0,1,1,412796,undefined,undefined
4139,1240622577551,0,448.95,0,0,0,16040,11,7,713,14,3
416503,1240615523273,1240616399700,104.80000000000001,680,5,151.2,0,3,0,82321,2,1
418347,1240618655615,1240618821894,0,0,0,0,0,0,0,14825,1,null
430717,undefined,0,116.39999999999999,0,0,0,0,20,2,256746,undefined,undefined
44,1240614775769,1240616780297,100.20000000000002,2309,11,245.1818181818182,0,10,2,72176,5,1
445660,undefined,0,137.85000000000002,0,0,0,0,4,4,54812,undefined,undefined
447249,undefined,0,13.700000000000001,0,0,0,0,3,1,199427,undefined,undefined
44987,undefined,0,140.75,0,0,0,0,3,8,12770,undefined,undefined
45129,1240617877971,1240618191005,0,0,0,0,64152,7,6,66842,10,3
451927,1240617661536,1240617840076,0,0,0,0,0,0,0,0,1,null
460471,1240622861794,0,0,0,0,0,0,0,0,137127,3,0
460737,undefined,0,13.200000000000001,0,0,0,0,2,0,169408,undefined,undefined
47445,undefined,0,107.5,0,0,0,0,6,3,2843,undefined,undefined
486030,1240622675855,1240622690252,0,0,0,0,0,0,0,0,1,null
50281,1240618849680,1240619216972,0,370,2,185,0,1,0,86723,4,0
503,1240618421421,0,0,1405,4,335.5,1531,4,2,12,7,1
506297,undefined,0,76.7,0,0,0,0,5,1,4139,undefined,undefined
510740,1240619969531,1240621146559,649.5000000000002,2757,6,476.3333333333333,230164,46,29,534632,15,14
5212,undefined,0,82.60000000000001,0,0,0,0,13,4,156489,undefined,undefined
521870,1240616095395,1240616109771,0,0,0,0,0,0,0,0,1,0
522658,undefined,0,44,0,0,0,0,5,3,10642,undefined,undefined
524637,1240621385246,1240622080315,0,819,3,217.66666666666666,0,0,0,83320,2,null
527332,1240620138823,1240620773780,0,986,3,201,0,2,0,510740,7,1
53030,1240620137409,1240620273180,30.900000000000006,192,1,288,0,7,5,122907,11,3
534632,undefined,0,560,0,0,0,0,4,46,445660,undefined,undefined
537246,1240621458728,1240622204595,0,0,0,0,0,2,0,878,3,2
537491,1240615882543,1240616892661,10.600000000000001,750,6,108.83333333333333,0,1,0,7314,2,null
544011,1240621668401,1240621677174,0,0,0,0,0,0,0,0,1,null
54776,undefined,0,119.9,0,0,0,0,29,4,89757,undefined,undefined
547939,1240615526345,1240615717891,0,0,0,0,0,1,0,510740,2,0
55009,undefined,0,86.50000000000001,0,0,0,0,1,3,309096,undefined,undefined
555728,undefined,0,181.50000000000003,0,0,0,0,6,0,1101,undefined,undefined
559,1240622331917,1240622659489,0,440,1,222,533,3,0,522658,4,null
559150,1240621706915,1240621999384,0,0,0,0,0,0,0,5212,2,1
562788,undefined,0,136.25,0,0,0,0,1,3,409656,undefined,undefined
57184,1240614859463,1240619100233,0,2313,6,265.3333333333333,2224,0,0,0,4,0
57395,undefined,0,25.1,0,0,0,0,2,0,317383,undefined,undefined
574307,1240615764342,1240616359530,0,351,3,126.66666666666667,0,0,0,416503,1,null
57706,1240617410503,1240617633088,0,0,0,0,0,0,0,23989,1,null
57717,undefined,0,114.4,0,0,0,0,4,4,110178,undefined,undefined
578918,1240622753943,0,0,688,3,234.66666666666666,0,0,0,179326,2,0
57962,1240621554285,1240621588568,0,0,0,0,0,0,0,170316,1,0
5842,undefined,0,37.5,0,0,0,0,11,9,344937,undefined,undefined
58859,1240622200525,0,0,1814,6,383.8333333333333,43017,3,1,396113,11,2
597005,1240613343430,1240618599771,24.800000000000004,1341,6,205.16666666666666,0,1,1,603011,4,0
597367,1240614230620,1240615169608,0,225,3,70.66666666666667,0,0,0,123961,1,null
600642,1240617491568,1240617550724,0,0,0,0,0,0,0,196269,1,null
603011,1240622445476,1240622826544,146.50000000000003,692,3,245.33333333333334,0,3,1,562788,4,0
60640,undefined,0,82.6,0,0,0,0,1,3,132403,undefined,undefined
608349,1240619008102,1240619421849,0,363,2,181.5,0,0,0,430717,3,null
61045,undefined,0,43.05,0,0,0,0,3,7,74372,undefined,undefined
616095,1240618924492,1240619354771,0,225,2,127.5,0,0,0,351430,2,0
617569,1240616982845,1240617192041,0,0,0,0,0,0,0,154004,2,null
624616,1240616071957,1240616243115,0,0,0,0,0,1,0,104252,2,null
624920,1240616970590,1240617220238,0,0,0,0,0,0,0,0,1,null
625005,1240615518520,1240615523224,0,0,0,0,0,0,0,0,1,null
627367,1240615633404,1240617213092,0,156,1,145,0,0,0,755785,1,null
627738,1240618707074,1240618734472,0,0,0,0,0,0,0,468188,1,null
63026,1240617491007,1240618155623,0,450,3,137.33333333333334,0,0,0,63924,1,null
630671,1240617793697,1240618264802,40.1,906,4,220.5,0,2,0,132921,3,null
630821,1240616345320,1240616932698,0,193,2,92,0,0,0,537491,1,null
634950,1240622718766,0,0,0,0,0,0,0,0,0,1,0
636865,1240621371500,1240621689612,0,123,1,123,0,0,0,187613,1,null
637788,1240614104288,1240615716159,0,1815,10,145.9,555728,0,0,555728,3,null
63843,1240621123244,1240621128262,0,0,0,0,0,0,0,0,1,null
638592,1240615686604,1240616093089,0,424,2,156.5,0,0,0,192883,1,null
639099,1240620169026,1240620290908,0,0,0,0,0,0,0,0,1,null
639206,1240618219556,1240619165644,0,0,0,0,0,0,0,510740,1,null
63924,1240619728580,1240620400076,45,319,3,108.33333333333333,0,3,1,233517,3,null
641397,1240619682028,1240620939439,0,1021,5,199.8,0,0,0,259344,2,null
64152,1240617810139,1240618183841,55.10000000000001,398,2,282.5,45129,4,0,108338,10,3
645817,1240619226236,1240619270518,0,0,0,0,0,0,0,0,1,null
66347,1240617120089,1240617225294,0,0,0,0,0,0,0,0,1,null
66878,1240617528169,1240618386591,0,0,0,0,0,1,0,75123,2,null
68238,1240621436113,0,0,342,4,80.5,0,0,0,380174,1,0
682863,1240622029689,1240622700556,0,176,2,88,0,0,0,0,1,null
683540,1240619722992,0,0,1730,17,100.29411764705883,0,0,0,23989,2,0
685965,1240619842989,1240619859215,0,0,0,0,0,0,0,0,1,null
694494,1240620796928,1240620806221,0,0,0,0,0,0,0,0,1,null
699109,1240615854101,1240617179229,110.10000000000001,1094,8,132.375,0,2,0,510740,2,null
702557,1240619475636,0,14,756,6,132.33333333333334,0,1,0,5212,2,0
703094,1240619288698,1240621234456,0,687,5,112.8,0,0,0,53030,1,null
7078,undefined,0,13.3,0,0,0,0,8,4,177916,undefined,undefined
709251,1240618447989,1240618554857,0,0,0,0,0,0,0,0,1,null
713,1240622390292,0,388.8500000000001,336,1,289,1265,9,45,12,15,6
72176,undefined,0,281.00000000000006,0,0,0,0,3,10,106069,undefined,undefined
72249,1240621557477,0,0,861,7,134.85714285714286,0,0,0,86926,1,0
726649,1240622834816,0,0,407,3,166,22731,1,0,763523,4,0
72721,1240621559367,1240621572949,0,1100,9,107.11111111111111,0,0,0,416503,2,null
730587,1240613280989,1240614973324,0,1132,6,200.66666666666666,0,0,0,735743,3,null
7314,undefined,0,80.3,0,0,0,0,8,1,5842,undefined,undefined
735743,undefined,0,113.20000000000002,0,0,0,0,3,0,154238,undefined,undefined
74249,1240621985795,1240622310482,0,251,1,144,0,0,0,57395,3,0
746772,1240613866184,1240613892387,0,0,0,0,0,0,0,1892,1,null
748583,1240618642410,1240620050355,0,301,2,187.5,0,0,0,10642,1,null
75123,1240613288304,1240614296952,0,670,2,308,101358,11,12,2843,12,3
751259,1240613298823,1240613475801,0,0,0,0,0,0,0,0,1,null
755785,1240616021902,1240619806207,15.600000000000001,2808,16,135.75000000000003,0,1,0,1892,3,null
756570,1240618020586,1240619471325,0,202,1,175,0,0,0,0,2,null
759961,1240614601260,1240615000466,0,245,1,111,0,0,0,0,1,null
76195,1240617285598,1240617566643,0,0,0,0,0,0,0,0,1,null
763523,undefined,0,40.7,0,0,0,0,1,1,135244,undefined,undefined
763546,1240621115497,1240621330330,0,0,0,0,0,0,0,0,1,null
764326,1240622835335,1240622859460,0,0,0,0,0,0,0,0,1,null
76673,undefined,0,25.900000000000002,0,0,0,0,5,1,81597,undefined,undefined
767143,1240622403233,0,0,884,4,165.5,0,0,0,0,1,0
768411,1240615773992,1240617789666,0,1101,9,116.11111111111111,0,0,0,699109,2,null
772113,1240615831784,1240619412059,0,1894,10,163.2,0,0,0,510740,3,null
772383,1240621303562,0,0,1251,4,357.75,168473,0,0,235393,3,0
773108,undefined,0,75.2,0,0,0,0,4,1,510740,undefined,undefined
776267,1240621988432,1240622082398,0,0,0,0,0,0,0,0,1,null
776785,1240616849974,1240617404535,0,373,2,186.5,0,2,0,96722,4,null
777661,1240619841217,1240620948321,0,459,4,148.75,0,0,0,702557,1,null
779102,1240621633609,1240621739471,0,0,0,0,0,0,0,0,1,null
785155,1240621209940,1240621244582,0,0,0,0,0,0,0,0,1,null
797824,1240613288309,1240616619074,52.300000000000004,1608,6,229.16666666666666,574401,2,0,82321,4,null
802319,1240619475663,0,164.85,517,3,178.66666666666666,0,1,3,773108,3,0
80783,1240620838109,1240621064300,0,157,1,77,0,0,0,20260,1,0
80835,undefined,0,25.6,0,0,0,0,1,1,174936,undefined,undefined
81597,undefined,0,113.05000000000001,0,0,0,0,5,5,44987,undefined,undefined
817545,1240619088036,1240620012465,0,0,0,0,0,0,0,0,1,null
817673,1240617852700,1240618526512,0,551,4,107.75,0,0,0,64152,1,null
818036,1240622445885,1240622457017,0,0,0,0,0,0,0,0,1,null
818077,1240614315128,1240614339976,0,0,0,0,0,0,0,0,1,null
818347,1240621564117,1240622840271,0,786,5,161.2,0,0,0,0,1,null
818909,1240620756188,1240621325512,0,352,2,112,0,0,0,259344,1,null
81899,1240618243025,1240621031122,235.69999999999996,470,3,148.33333333333334,0,3,0,802319,5,1
820331,1240619586323,1240620692839,0,416,3,130.33333333333334,0,0,0,259344,1,null
821078,1240613343544,1240613354147,0,0,0,0,0,0,0,0,1,null
821129,1240614140783,1240614431121,0,1002,4,291,0,0,0,44,2,null
821321,1240617867767,1240618026405,0,0,0,0,0,0,0,0,1,null
821335,1240613880927,1240614144625,0,131,1,131,0,0,0,0,1,null
822627,1240617284580,1240617306880,0,0,0,0,0,0,0,0,1,null
822833,1240616191010,1240616221564,0,0,0,0,0,0,0,0,1,null
823060,1240616048978,1240616347159,0,137,1,135,0,0,0,0,1,null
82321,undefined,0,307.35,0,0,0,0,4,5,57717,undefined,undefined
823386,1240616766676,1240616786330,0,0,0,0,0,0,0,0,1,null
823522,1240617684434,1240617723446,0,0,0,0,0,0,0,0,1,null
823838,1240619873091,1240619881748,0,0,0,0,0,0,0,0,1,null
824354,1240616966409,1240616991239,0,0,0,0,0,0,0,0,1,null
825259,1240617924954,1240618167339,0,148,1,123,0,0,0,133118,1,null
825997,1240622009903,1240622409289,0,0,0,0,0,0,0,0,1,null
827861,1240622810602,0,0,0,0,0,0,0,0,0,1,0
828388,1240621543121,1240621601620,0,0,0,0,0,0,0,0,1,null
828969,1240621817357,1240621826396,0,0,0,0,0,0,0,0,1,null
829712,1240622664281,0,0,0,0,0,0,0,0,0,1,0
83320,undefined,0,81.9,0,0,0,0,4,0,96838,undefined,undefined
86723,undefined,0,37,0,0,0,0,1,1,18155,undefined,undefined
86926,1240622011032,0,86.1,0,0,0,0,6,1,61045,5,10
87565,1240620449299,1240620921898,0,767,1,194,0,1,0,506297,2,null
8842,1240618621623,1240619187600,0,513,1,590,22707,11,17,1531,13,6
89757,undefined,0,59.95,0,0,0,0,3,29,20260,undefined,undefined
9093,1240618898403,1240619249149,0,412,1,445,0,1,0,16040,4,0
92509,1240615228353,1240615250849,0,0,0,0,0,3,0,5212,5,3
96722,undefined,0,37.300000000000004,0,0,0,0,2,2,99126,undefined,undefined
96838,undefined,0,40.95,0,0,0,0,1,4,166371,undefined,undefined
98458,1240621026884,1240621411968,0,87,1,87,0,0,0,0,1,null
98867,1240613315755,1240613478482,0,154,1,128,0,0,0,136131,1,null
99126,undefined,0,18.650000000000002,0,0,0,0,3,2,47445,undefined,undefined
995,1240613296167,1240617003064,165.25,420,1,702,12,11,17,12,13,5
<<<<EndTable

PlayersOnlineNow=33
PlayersOnlineEachMinute=0, 11, 15, 17, 16, 17, 18, 20, 19, 19, 20, 18, 17, 18, 19, 19, 20, 20, 18, 18, 20, 19, 18, 19, 20, 19, 21, 22, 22, 21, 22, 19, 18, 16, 15, 18, 18, 19, 21, 20, 22, 22, 26, 28, 28, 28, 29, 29, 27, 29, 26, 26, 26, 26, 25, 26, 25, 24, 23, 25, 27, 25, 25, 23, 26, 27, 22, 26, 25, 24, 26, 29, 24, 22, 24, 23, 25, 30, 32, 33, 32, 30, 24, 26, 26, 26, 26, 26, 25, 25, 27, 26, 26, 27, 27, 28, 30, 30, 29, 26, 26, 26, 25, 26, 28, 30, 30, 32, 31, 29, 28, 27, 27, 24, 25, 28, 28, 26, 27, 26, 27, 27, 28, 27, 26, 25, 26, 29, 25, 26, 24, 25, 25, 27, 30, 28, 30, 32, 34, 34, 35, 33, 33, 32, 31, 31, 35, 33, 30, 30, 29, 28, 30, 31, 30, 30, 31, 34, 33, 33
PlayersInEachFeedingGame=2, 1, 2, 1, 1, 2, 1, 1, 1, 2, 1, 1, 1, 2, 2, 1, 2, 2, 2, 1, 1, 2, 1, 2, 1, 1, 2, 1, 2, 1, 2, 2, 1, 1, 2, 2, 1, 1, 2, 1, 2, 2, 2, 3, 1, 2, 1, 1, 2, 1, 2, 1, 2, 1, 2, 2, 2, 1, 2, 1, 1, 2, 1, 1, 2, 1, 1, 1, 2, 2, 1, 2, 2, 1, 3, 2, 1, 2, 1, 2, 2, 1, 1, 2, 2, 1, 2, 1, 2, 1, 1, 1, 2, 1, 1, 2, 2, 1, 1, 2, 1, 2, 1, 2, 2, 1, 2, 2, 2, 2, 2, 1, 2, 1, 1, 2, 2, 2, 1, 2, 1, 1, 2, 2, 1, 2, 2, 2, 1, 2, 2, 1, 1, 2, 2, 2, 1, 2, 2, 2, 2, 2, 2, 1, 1, 2, 2, 1, 2, 2, 1, 1, 1, 1, 2, 1, 1, 1, 1, 1, 1, 1, 2, 2, 2, 1, 1, 2, 1, 2, 1, 1, 2, 1, 1, 2, 2, 2, 2, 1, 2, 2, 1, 1, 1, 1, 2, 2, 2, 3, 1, 2, 2, 2, 2, 2, 2, 2, 2, 2, 2, 2, 2, 2, 2, 2, 2, 2, 2, 2, 1, 1, 1, 1, 1, 2, 2, 1, 2, 2, 1, 2, 2, 1, 2, 1, 1, 1, 2, 2, 2, 1, 3, 2, 1, 2, 2, 2, 2, 1, 1, 2, 1, 2, 1, 1, 2, 2, 2, 1, 1, 1, 1, 1, 2, 2, 2, 1, 3, 1, 2, 2, 2, 1, 1, 2, 2, 2, 2
PlayersStarted=373
PlayersQuit=340
StatsStartTime=1240613274178
StatsDumpTime=1240622874780
<<<<EndStats
2009-04-24 18:28:51,945 ERROR: vampire.server.feeding.FeedingRecord sendPlayerStartGameMsg [playerId=829712, prey=true, _predatorIndex=]
2009-04-24 18:28:51,946 ERROR: vampire.server.feeding.FeedingRecord sendPlayerStartGameMsg [playerId=161447, prey=false, _predatorIndex=]
2009-04-24 18:28:58,775 ERROR: vampire.server.feeding.FeedingRecord sendPlayerStartGameMsg [playerId=58859, prey=false, _predatorIndex=634950]
2009-04-24 18:29:15,327 ERROR: vampire.server.feeding.FeedingRecord sendPlayerStartGameMsg [playerId=827861, prey=false, _predatorIndex=]
2009-04-24 18:29:59,044 ERROR: vampire.server.feeding.FeedingRecord sendPlayerStartGameMsg [playerId=313795, prey=true, _predatorIndex=]
2009-04-24 18:29:59,045 ERROR: vampire.server.feeding.FeedingRecord sendPlayerStartGameMsg [playerId=130736, prey=false, _predatorIndex=]
2009-04-24 18:29:59,159 ERROR: vampire.server.feeding.FeedingRecord sendPlayerStartGameMsg [playerId=702557, prey=false, _predatorIndex=130736]
2009-04-24 18:30:22,447 ERROR: vampire.server.feeding.FeedingRecord sendPlayerStartGameMsg [playerId=103033, prey=false, _predatorIndex=130736,702557]
2009-04-24 18:30:35,083 ERROR: vampire.server.feeding.FeedingRecord sendPlayerStartGameMsg [playerId=22731, prey=false, _predatorIndex=]
2009-04-24 18:30:50,979 ERROR: vampire.server.feeding.FeedingRecord sendPlayerStartGameMsg [playerId=355917, prey=true, _predatorIndex=]
2009-04-24 18:30:50,980 ERROR: vampire.server.feeding.FeedingRecord sendPlayerStartGameMsg [playerId=767143, prey=false, _predatorIndex=]
2009-04-24 18:30:53,794 ERROR: vampire.server.feeding.FeedingRecord sendPlayerStartGameMsg [playerId=22731, prey=false, _predatorIndex=]
2009-04-24 18:31:01,709 ERROR: vampire.server.feeding.FeedingRecord sendPlayerStartGameMsg [playerId=171151, prey=true, _predatorIndex=]
2009-04-24 18:31:01,710 ERROR: vampire.server.feeding.FeedingRecord sendPlayerStartGameMsg [playerId=160801, prey=false, _predatorIndex=]
2009-04-24 18:32:00,771 ERROR: vampire.server.feeding.FeedingRecord sendPlayerStartGameMsg [playerId=726649, prey=true, _predatorIndex=]
2009-04-24 18:32:00,772 ERROR: vampire.server.feeding.FeedingRecord sendPlayerStartGameMsg [playerId=22731, prey=false, _predatorIndex=]
2009-04-24 18:32:00,886 ERROR: vampire.server.feeding.FeedingRecord sendPlayerStartGameMsg [playerId=829712, prey=false, _predatorIndex=22731]
2009-04-24 18:32:11,253 ERROR: vampire.server.feeding.FeedingRecord sendPlayerStartGameMsg [playerId=86926, prey=true, _predatorIndex=]
2009-04-24 18:32:11,254 ERROR: vampire.server.feeding.FeedingRecord sendPlayerStartGameMsg [playerId=58859, prey=false, _predatorIndex=]
2009-04-24 18:32:36,240 ERROR: vampire.server.feeding.FeedingRecord sendPlayerStartGameMsg [playerId=21852, prey=true, _predatorIndex=]
2009-04-24 18:32:36,241 ERROR: vampire.server.feeding.FeedingRecord sendPlayerStartGameMsg [playerId=24477, prey=false, _predatorIndex=]
2009-04-24 18:32:52,734 ERROR: vampire.server.feeding.FeedingRecord sendPlayerStartGameMsg [playerId=68238, prey=false, _predatorIndex=]
2009-04-24 18:33:42,596 ERROR: vampire.server.feeding.FeedingRecord sendPlayerStartGameMsg [playerId=355917, prey=true, _predatorIndex=]
2009-04-24 18:33:42,597 ERROR: vampire.server.feeding.FeedingRecord sendPlayerStartGameMsg [playerId=827861, prey=false, _predatorIndex=]
2009-04-24 18:33:49,338 ERROR: vampire.server.feeding.FeedingRecord sendPlayerStartGameMsg [playerId=776785, prey=false, _predatorIndex=827861]
2009-04-24 18:34:17,531 ERROR: vampire.server.feeding.FeedingRecord sendPlayerStartGameMsg [playerId=830020, prey=false, _predatorIndex=827861,776785]
2009-04-24 18:34:40,388 ERROR: vampire.server.feeding.FeedingRecord sendPlayerStartGameMsg [playerId=72249, prey=true, _predatorIndex=]
2009-04-24 18:34:40,389 ERROR: vampire.server.feeding.FeedingRecord sendPlayerStartGameMsg [playerId=58859, prey=false, _predatorIndex=]
2009-04-24 18:34:55,519 ERROR: vampire.server.feeding.FeedingRecord sendPlayerStartGameMsg [playerId=830020, prey=false, _predatorIndex=827861,776785,830020]
2009-04-24 18:34:57,533 ERROR: vampire.server.feeding.FeedingRecord sendPlayerStartGameMsg [playerId=827861, prey=false, _predatorIndex=]
2009-04-24 18:35:00,426 ERROR: vampire.server.feeding.FeedingRecord sendPlayerStartGameMsg [playerId=4139, prey=false, _predatorIndex=]
2009-04-24 18:35:01,256 ERROR: vampire.server.feeding.FeedingRecord sendPlayerStartGameMsg [playerId=86926, prey=true, _predatorIndex=]
2009-04-24 18:35:01,256 ERROR: vampire.server.feeding.FeedingRecord sendPlayerStartGameMsg [playerId=683540, prey=false, _predatorIndex=]
2009-04-24 18:35:06,518 ERROR: vampire.server.feeding.FeedingRecord sendPlayerStartGameMsg [playerId=683540, prey=false, _predatorIndex=58859]
2009-04-24 18:35:10,081 ERROR: vampire.server.feeding.FeedingRecord sendPlayerStartGameMsg [playerId=123961, prey=true, _predatorIndex=]
2009-04-24 18:35:10,082 ERROR: vampire.server.feeding.FeedingRecord sendPlayerStartGameMsg [playerId=503, prey=false, _predatorIndex=]
2009-04-24 18:35:13,793 ERROR: vampire.server.feeding.FeedingRecord sendPlayerStartGameMsg [playerId=86926, prey=true, _predatorIndex=]
2009-04-24 18:35:13,794 ERROR: vampire.server.feeding.FeedingRecord sendPlayerStartGameMsg [playerId=683540, prey=false, _predatorIndex=]
2009-04-24 18:35:14,420 ERROR: vampire.server.feeding.FeedingRecord sendPlayerStartGameMsg [playerId=132921, prey=true, _predatorIndex=]
2009-04-24 18:35:14,420 ERROR: vampire.server.feeding.FeedingRecord sendPlayerStartGameMsg [playerId=161447, prey=false, _predatorIndex=]
2009-04-24 18:35:16,575 ERROR: vampire.server.feeding.FeedingRecord sendPlayerStartGameMsg [playerId=802319, prey=false, _predatorIndex=]
2009-04-24 18:35:31,663 ERROR: vampire.server.feeding.FeedingRecord sendPlayerStartGameMsg [playerId=68238, prey=true, _predatorIndex=]
2009-04-24 18:35:31,664 ERROR: vampire.server.feeding.FeedingRecord sendPlayerStartGameMsg [playerId=818347, prey=false, _predatorIndex=]
2009-04-24 18:35:40,902 ERROR: vampire.server.feeding.FeedingRecord sendPlayerStartGameMsg [playerId=683540, prey=true, _predatorIndex=]
2009-04-24 18:35:40,902 ERROR: vampire.server.feeding.FeedingRecord sendPlayerStartGameMsg [playerId=86926, prey=false, _predatorIndex=]
2009-04-24 18:36:40,528 ERROR: vampire.server.feeding.FeedingRecord sendPlayerStartGameMsg [playerId=143788, prey=false, _predatorIndex=]
2009-04-24 18:36:40,866 ERROR: vampire.server.feeding.FeedingRecord sendPlayerStartGameMsg [playerId=313795, prey=true, _predatorIndex=]
2009-04-24 18:36:40,867 ERROR: vampire.server.feeding.FeedingRecord sendPlayerStartGameMsg [playerId=103033, prey=false, _predatorIndex=]
2009-04-24 18:36:44,886 ERROR: vampire.server.feeding.FeedingRecord sendPlayerStartGameMsg [playerId=205535, prey=false, _predatorIndex=]
2009-04-24 18:37:16,534 ERROR: vampire.server.feeding.FeedingRecord sendPlayerStartGameMsg [playerId=58859, prey=false, _predatorIndex=22731,829712]
2009-04-24 18:37:24,112 ERROR: vampire.server.feeding.FeedingRecord sendPlayerStartGameMsg [playerId=143788, prey=true, _predatorIndex=]
2009-04-24 18:37:24,113 ERROR: vampire.server.feeding.FeedingRecord sendPlayerStartGameMsg [playerId=378323, prey=false, _predatorIndex=]
2009-04-24 18:37:38,378 ERROR: vampire.server.feeding.FeedingRecord sendPlayerStartGameMsg [playerId=830020, prey=true, _predatorIndex=]
2009-04-24 18:37:38,379 ERROR: vampire.server.feeding.FeedingRecord sendPlayerStartGameMsg [playerId=287866, prey=false, _predatorIndex=]
2009-04-24 18:37:48,034 ERROR: vampire.server.feeding.FeedingRecord sendPlayerStartGameMsg [playerId=4139, prey=false, _predatorIndex=]

>>>>BeginStats

>>>>BeginTable
PlayerId, StartTime, EndTime, ProgenyPayout, XPFromFeeding, FeedingGames, MeanFeedingScore, BloodBond, Progeny, GrandProgeny, Sire, Level, Invites
103033,1240617906417,0,0,2809,15,203.53333333333333,0,0,0,81899,2,0
103144,1240614823368,1240615093416,0,175,1,133,0,5,5,116005,4,0
104037,1240618378679,1240618847947,0,205,1,157,0,0,0,0,2,0
106069,undefined,0,115.45000000000002,0,0,0,0,13,3,236834,undefined,undefined
10642,1240622450152,1240622541664,86.10000000000001,4420,14,395.14285714285717,447249,17,23,351598,13,2
107,undefined,0,54.10000000000001,0,0,0,0,1,2,12770,undefined,undefined
108338,undefined,0,67.35000000000001,0,0,0,0,1,4,288860,undefined,undefined
109238,1240615020335,1240616258529,0,498,4,103.75,0,0,0,630671,1,null
1101,undefined,0,90.75000000000001,0,0,0,0,2,6,239981,undefined,undefined
110157,1240617240780,1240617727789,0,111,1,111,0,0,0,196626,1,null
110457,1240618880079,1240618889834,0,0,0,0,0,0,0,0,1,null
110807,1240619272872,1240619324271,0,0,0,0,0,0,0,0,1,null
113127,undefined,0,25.1,0,0,0,0,2,3,156956,undefined,undefined
113766,1240622518334,1240622535851,0,423,3,141,0,0,0,293329,1,null
11460,undefined,0,86.30000000000001,0,0,0,0,1,5,41022,undefined,undefined
114914,1240615750222,1240619887646,0,1028,9,106.33333333333333,0,0,0,160801,2,null
116005,undefined,0,17.5,0,0,0,0,6,5,130627,undefined,undefined
117857,undefined,0,44.8,0,0,0,0,3,0,146211,undefined,undefined
118358,1240620524192,0,0,359,3,73.66666666666667,0,0,0,341797,2,0
12,undefined,0,549.0000000000001,0,0,0,0,19,54,383387,undefined,undefined
121984,undefined,0,177.20000000000002,0,0,0,0,4,1,166,undefined,undefined
122907,undefined,0,34.650000000000006,0,0,0,0,6,7,251062,undefined,undefined
123961,1240622964558,0,22.5,2207,9,308.55555555555554,878,5,17,713,12,2
124477,1240618975642,1240619583987,0,364,2,127,0,0,0,0,1,null
124503,undefined,0,14.350000000000001,0,0,0,0,3,3,170934,undefined,undefined
125207,1240613406262,1240613446203,0,0,0,0,273503,0,0,544643,4,0
12770,undefined,0,40.35,0,0,0,0,19,19,383387,undefined,undefined
127942,1240615998859,1240617564836,0,1162,6,212.16666666666666,0,5,4,133611,5,6
130627,undefined,0,8.75,0,0,0,0,8,8,85079,undefined,undefined
130736,1240622978828,0,0,694,4,174.75,0,0,0,797824,1,0
131546,1240623398423,1240623404587,0,0,0,0,0,0,0,0,1,0
131676,1240616620519,1240616626603,0,0,0,0,0,1,1,40508,4,0
132921,1240622389278,0,129.55,455,2,243.5,0,6,2,211601,6,1
133118,1240617968211,1240618874222,14.8,1974,10,164.7,0,1,0,121984,2,null
133611,undefined,0,116.20000000000002,0,0,0,0,5,5,168422,undefined,undefined
135244,undefined,0,57.45,0,0,0,0,1,1,242779,undefined,undefined
136131,1240613294527,1240613962374,15.4,287,2,156,390071,1,0,403501,4,0
138676,1240620800868,1240620910376,0,248,2,156,506522,1,0,194104,3,null
139864,1240617086780,1240617467191,0,147,1,147,0,0,0,205658,4,0
140547,1240619511938,1240620527802,0,447,3,130,0,0,0,10642,1,null
140573,1240620541383,1240621897837,0,109,1,117,0,0,0,178528,3,0
140983,1240613274340,1240614491553,0,448,2,112,0,0,0,117857,3,0
141288,1240616773840,0,0,1712,5,233.4,0,2,0,510740,4,0
143489,1240621211068,1240621653780,0,552,3,202.66666666666666,0,0,0,47445,4,0
143538,undefined,0,611.5999999999999,0,0,0,0,2,11,1531,undefined,undefined
143752,1240617347749,1240617353517,0,0,0,0,0,0,0,195654,2,0
143788,1240623373341,0,0,0,0,0,0,0,0,157720,2,0
146211,undefined,0,22.4,0,0,0,0,2,3,258951,undefined,undefined
147733,1240614472943,1240614722298,0,256,1,256,80835,1,1,80835,4,0
149220,undefined,0,160.2,0,0,0,0,1,1,430717,undefined,undefined
150469,undefined,0,89.75000000000001,0,0,0,0,2,5,57393,undefined,undefined
1531,undefined,0,326.35,0,0,0,0,3,13,12,undefined,undefined
154238,undefined,0,56.60000000000001,0,0,0,0,4,3,45129,undefined,undefined
155376,1240621720222,1240622437840,0,251,1,358,602090,3,2,113127,8,1
156489,undefined,0,46.35000000000001,0,0,0,0,10,18,713,undefined,undefined
156956,undefined,0,12.55,0,0,0,0,1,2,136224,undefined,undefined
159505,1240615837406,1240616131171,0,98,1,85,0,0,0,0,1,null
160138,undefined,0,215.35,0,0,0,0,5,5,150469,undefined,undefined
16040,undefined,0,41.2,0,0,0,0,5,1,3,undefined,undefined
160801,1240623011527,1240623254770,30.900000000000002,904,4,228.25,0,2,1,166371,3,0
161355,1240623062104,1240623156362,0,1199,4,358.25,0,0,0,54776,5,2
161447,1240621614348,0,0,313,3,104.33333333333333,0,0,0,132921,1,0
16187,1240613643796,1240613849690,0,111,1,105,0,0,0,0,1,null
162016,1240613634094,1240613684659,0,0,0,0,0,0,0,0,1,null
162643,1240618308540,1240618728539,0,128,1,142,0,0,0,81899,1,null
162782,1240617327976,1240617588455,0,0,0,0,430717,5,0,36377,8,1
164310,1240614523136,1240614727594,0,0,0,0,0,0,0,0,1,null
166,undefined,0,84.9,0,0,0,0,5,4,578,undefined,undefined
166285,1240619779943,1240620180391,0,112,1,104,0,0,0,0,1,null
166371,undefined,0,105.85000000000002,0,0,0,0,3,3,267622,undefined,undefined
167921,1240615789051,1240616488130,0,327,3,109,0,0,0,0,1,null
16825,1240618604263,0,0,3892,18,213.44444444444446,0,0,0,4139,4,0
168422,undefined,0,58.10000000000001,0,0,0,0,1,5,181695,undefined,undefined
168426,1240618803519,1240619337495,0,0,0,0,0,0,0,164243,4,0
168743,1240616241848,1240619858342,0,1602,7,265.42857142857144,149220,1,0,149220,6,1
169408,undefined,0,6.6000000000000005,0,0,0,0,3,2,173395,undefined,undefined
170086,1240620188103,1240621064256,0,1356,4,297.5,0,0,0,22731,3,0
170191,1240615700770,1240616094936,0,0,0,0,0,2,6,202873,9,1
171151,1240622990755,1240623341465,95.4,998,3,444,77,23,14,21067,13,3
171942,1240620961241,1240621284372,0,0,0,0,0,0,0,0,1,0
171943,1240620500740,1240620614114,0,0,0,0,0,0,0,147988,1,null
172743,1240622675506,1240622763879,0,0,0,0,0,0,0,261567,4,0
173031,1240623313345,1240623401175,0,0,0,0,0,0,0,0,1,0
174936,undefined,0,12.8,0,0,0,0,2,1,256746,undefined,undefined
175529,1240619637693,1240620676119,0,0,0,0,0,0,0,182164,1,null
176013,1240620583644,1240622604923,0,0,0,0,327986,2,1,95378,4,1
178528,undefined,0,10.9,0,0,0,0,2,0,209944,undefined,undefined
179326,undefined,0,68.80000000000001,0,0,0,0,2,0,185581,undefined,undefined
179509,1240622368789,1240622565606,0,0,0,0,0,0,0,238812,4,null
180571,1240618115676,1240618336816,0,0,0,0,0,1,3,163836,4,0
18155,undefined,0,18.5,0,0,0,0,1,1,9651,undefined,undefined
182872,1240623432098,0,0,0,0,0,0,0,0,0,1,0
182928,1240617841832,1240618105942,0,0,0,0,0,1,0,284150,4,0
185581,undefined,0,34.400000000000006,0,0,0,0,2,3,209656,undefined,undefined
187613,undefined,0,12.3,0,0,0,0,1,0,995,undefined,undefined
1885,1240619157193,1240619330944,0,144,1,140,0,0,0,1531,2,0
1892,1240615494947,1240615856389,288.59999999999997,187,1,260,455390,14,5,995,9,1
190687,undefined,0,267.1,0,0,0,0,7,6,383937,undefined,undefined
191354,1240615377599,1240615485082,0,0,0,0,0,0,0,261567,2,0
192001,1240621364773,1240621548156,0,0,0,0,0,1,0,155078,2,0
192644,1240613872877,1240614321263,0,214,2,129,0,0,0,259344,1,null
192883,1240618515946,1240619217061,42.400000000000006,1245,5,271.2,0,8,2,210210,6,5
193439,1240621533946,1240621775338,0,0,0,0,0,0,0,168473,1,null
194104,1240622492594,1240622959351,0,905,2,355,0,3,2,180571,6,9
195981,1240619259699,1240619758306,0,0,0,0,0,0,0,0,1,null
196626,undefined,0,11.100000000000001,0,0,0,0,1,0,204260,undefined,undefined
198353,1240621154763,1240622155826,0,132,1,116,0,0,0,460737,2,null
199427,undefined,0,18.700000000000003,0,0,0,0,1,3,208602,undefined,undefined
200704,1240619920384,1240621866464,0,926,9,98.11111111111111,0,0,0,0,1,null
201158,1240614761964,1240615244948,0,309,2,166,0,0,0,0,1,null
201212,1240621225363,0,0,189,2,130,0,0,0,268463,2,1
20260,undefined,0,15.700000000000001,0,0,0,0,13,10,12,undefined,undefined
202994,1240621767467,1240622123280,0,123,1,102,0,0,0,210162,1,0
204260,undefined,0,5.550000000000001,0,0,0,0,1,1,145896,undefined,undefined
205290,1240623339836,1240623352251,0,0,0,0,0,0,0,0,1,null
205330,undefined,0,20.5,0,0,0,0,1,2,273767,undefined,undefined
205535,1240623256185,0,0,0,0,0,0,1,0,127912,6,2
205658,undefined,0,14.700000000000001,0,0,0,0,1,0,37832,undefined,undefined
207284,1240622571153,1240622741457,0,0,0,0,0,0,0,190182,5,2
209944,undefined,0,5.45,0,0,0,0,3,3,209656,undefined,undefined
210162,undefined,0,12.3,0,0,0,0,2,0,39030,undefined,undefined
210210,undefined,0,145.70000000000002,0,0,0,0,4,11,381607,undefined,undefined
21067,undefined,0,147.50000000000003,0,0,0,0,2,23,302907,undefined,undefined
210998,1240621291208,1240621493086,0,0,0,0,0,1,0,119842,3,0
211601,undefined,0,100.25000000000001,0,0,0,0,1,6,7078,undefined,undefined
212370,undefined,0,15.950000000000001,0,0,0,0,8,2,105778,undefined,undefined
2149,undefined,0,393.8,0,0,0,0,3,1,60640,undefined,undefined
21852,1240622493883,0,0,1969,6,261,0,1,0,2149,5,1
218533,1240622225025,1240622235613,0,0,0,0,0,0,0,0,1,0
2224,1240615136749,0,0,2548,7,466.2857142857143,57184,0,0,0,4,0
223864,1240622758492,0,71.7,1621,8,153.75,259344,5,9,160138,7,1
22731,1240621485620,0,135.60000000000002,2585,7,573.5714285714286,726649,6,1,351430,8,1
22796,1240619573302,1240619610797,0,0,0,0,0,0,0,101052,1,null
230164,1240619763851,1240621723444,0,5342,10,681.8,510740,7,1,250837,11,2
233517,undefined,0,54.400000000000006,0,0,0,0,2,3,212370,undefined,undefined
234299,1240616654043,1240618414280,0,1001,4,245.5,0,0,0,81597,2,null
235044,1240621401109,1240621723142,0,0,0,0,0,0,0,102578,1,null
235393,undefined,0,125.10000000000001,0,0,0,0,7,3,377629,undefined,undefined
23989,undefined,0,221.10000000000002,0,0,0,0,3,0,55009,undefined,undefined
241707,1240616188173,1240616232056,0,0,0,0,0,0,0,154238,1,0
24477,1240622582872,0,0,1969,6,394.6666666666667,2114,0,0,2149,6,1
245338,undefined,0,16,0,0,0,0,5,7,77353,undefined,undefined
250837,undefined,0,534.2,0,0,0,0,1,7,190687,undefined,undefined
251062,undefined,0,9.600000000000001,0,0,0,0,6,8,296361,undefined,undefined
255933,undefined,0,32,0,0,0,0,2,0,245338,undefined,undefined
256746,undefined,0,18.15,0,0,0,0,4,22,61984,undefined,undefined
257369,1240617172540,1240619080493,0,1179,8,136.75,0,0,0,0,2,null
259344,1240618065492,1240622503200,180.60000000000002,5213,25,278.8400000000001,223864,11,1,143538,7,2
267622,undefined,0,45.2,0,0,0,0,2,3,1632,undefined,undefined
268463,undefined,0,18.9,0,0,0,0,1,0,294313,undefined,undefined
28100,1240613844869,1240613960278,0,0,0,0,0,0,0,0,1,0
2843,undefined,0,120.75,0,0,0,0,6,20,3383,undefined,undefined
287541,1240615329749,1240615534557,0,174,1,107,0,0,0,160138,2,0
287866,1240623428229,0,0,0,0,0,0,0,0,0,1,0
288860,undefined,0,19.900000000000002,0,0,0,0,5,1,20260,undefined,undefined
294313,undefined,0,9.45,0,0,0,0,3,1,39403,undefined,undefined
297380,1240616223178,1240616751809,0,0,0,0,0,2,1,90015,4,2
298388,1240616805478,1240616968813,0,0,0,0,0,2,2,246356,4,2
3,undefined,0,20.6,0,0,0,0,2,5,383387,undefined,undefined
300614,1240618856469,1240619035554,0,0,0,0,0,0,0,0,1,0
301294,1240618836687,1240619732496,0,523,5,92.6,166074,0,0,47445,4,0
302907,undefined,0,49.900000000000006,0,0,0,0,2,2,283855,undefined,undefined
304356,1240616914678,1240617026877,0,0,0,0,0,0,0,115410,3,0
308890,1240616597506,1240618161845,0,0,0,0,0,0,0,0,1,null
311783,1240614366891,1240617945942,0,863,4,233.5,0,5,1,11460,7,3
313795,1240622541736,0,0,374,3,56,0,1,1,447249,3,0
317008,1240619385760,1240619952124,0,0,0,0,0,0,0,0,1,null
317383,undefined,0,12.55,0,0,0,0,1,2,344937,undefined,undefined
3200,1240621939268,0,0,590,3,279.3333333333333,71724,8,0,223864,11,2
323769,1240621422270,1240621476024,0,0,0,0,0,0,0,0,1,null
331056,1240620895047,1240621872132,0,320,5,64,0,0,0,255933,1,0
336228,undefined,0,140.5,0,0,0,0,8,12,307471,undefined,undefined
3383,undefined,0,33.5,0,0,0,0,4,6,12791,undefined,undefined
339217,1240617783351,1240618145727,0,259,2,109.5,0,1,0,76673,2,0
341424,1240618128836,1240618886723,0,954,5,196.2,0,0,0,171151,5,1
341797,undefined,0,35.9,0,0,0,0,2,0,12770,undefined,undefined
351430,undefined,0,348.8,0,0,0,0,8,9,336228,undefined,undefined
351598,undefined,0,474.04999999999995,0,0,0,0,1,17,359624,undefined,undefined
355917,1240622935047,0,18.6,448,2,144.5,0,2,0,107,5,2
359624,undefined,0,221,0,0,0,0,3,2,201132,undefined,undefined
377629,undefined,0,62.550000000000004,0,0,0,0,5,11,75123,undefined,undefined
37832,undefined,0,7.3500000000000005,0,0,0,0,1,1,72070,undefined,undefined
378323,1240623414824,0,0,0,0,0,0,0,0,380650,2,0
380174,undefined,0,41,0,0,0,0,2,0,205330,undefined,undefined
381139,1240616819199,1240616842356,0,0,0,0,0,0,0,101358,2,0
381607,undefined,0,62.25000000000001,0,0,0,0,1,4,153510,undefined,undefined
383387,undefined,0,185.59999999999997,0,0,0,0,4,46,0,undefined,undefined
38851,1240616771239,1240617357480,0,428,3,100,0,2,1,390071,4,1
390071,undefined,0,42.8,0,0,0,0,2,2,4139,undefined,undefined
39030,undefined,0,6.15,0,0,0,0,8,2,196462,undefined,undefined
395230,1240622695789,1240622781932,0,0,0,0,0,0,0,332955,1,null
396113,undefined,0,284.6,0,0,0,0,2,3,44987,undefined,undefined
403501,undefined,0,36.400000000000006,0,0,0,0,3,1,124503,undefined,undefined
407244,1240613671356,1240613803432,0,0,0,0,0,1,0,72894,4,0
409656,undefined,0,34.6,0,0,0,0,6,1,384703,undefined,undefined
41022,undefined,0,43.150000000000006,0,0,0,0,1,1,412796,undefined,undefined
4139,1240622577551,0,448.95,348,1,348,16040,11,7,713,14,3
416503,1240615523273,1240616399700,104.80000000000001,680,5,151.2,0,3,0,82321,2,1
418347,1240618655615,1240618821894,0,0,0,0,0,0,0,14825,1,null
430717,undefined,0,116.39999999999999,0,0,0,0,20,2,256746,undefined,undefined
44,1240614775769,1240616780297,100.20000000000002,2309,11,245.1818181818182,0,10,2,72176,5,1
445660,undefined,0,137.85000000000002,0,0,0,0,4,4,54812,undefined,undefined
447249,undefined,0,37.400000000000006,0,0,0,0,3,1,199427,undefined,undefined
44987,undefined,0,192.35,0,0,0,0,3,8,12770,undefined,undefined
45129,1240617877971,1240618191005,0,0,0,0,64152,7,6,66842,10,3
451927,1240617661536,1240617840076,0,0,0,0,0,0,0,0,1,null
457106,1240623275720,1240623282011,0,0,0,0,0,0,0,497122,1,0
460471,1240622861794,1240622920765,0,0,0,0,0,0,0,137127,3,0
460737,undefined,0,13.200000000000001,0,0,0,0,2,0,169408,undefined,undefined
47445,undefined,0,107.5,0,0,0,0,6,3,2843,undefined,undefined
486030,1240622675855,1240622690252,0,0,0,0,0,0,0,0,1,null
50281,1240618849680,1240619216972,0,370,2,185,0,1,0,86723,4,0
503,1240618421421,0,0,2369,7,307.7142857142857,1531,4,2,12,7,1
506297,undefined,0,76.7,0,0,0,0,5,1,4139,undefined,undefined
510740,1240619969531,1240621146559,655.4500000000003,2757,6,476.3333333333333,230164,46,29,534632,15,14
5212,undefined,0,99.70000000000002,0,0,0,0,13,4,156489,undefined,undefined
521870,1240616095395,1240616109771,0,0,0,0,0,0,0,0,1,0
522658,undefined,0,44,0,0,0,0,5,3,10642,undefined,undefined
524637,1240621385246,1240622080315,0,819,3,217.66666666666666,0,0,0,83320,2,null
527332,1240620138823,1240620773780,0,986,3,201,0,2,0,510740,7,1
53030,1240620137409,1240620273180,30.900000000000006,192,1,288,0,7,5,122907,11,3
534632,undefined,0,560,0,0,0,0,4,46,445660,undefined,undefined
537246,1240621458728,1240622204595,0,0,0,0,0,2,0,878,3,2
537491,1240615882543,1240616892661,10.600000000000001,750,6,108.83333333333333,0,1,0,7314,2,null
544011,1240621668401,1240621677174,0,0,0,0,0,0,0,0,1,null
546820,1240623258340,0,0,0,0,0,0,0,0,538369,3,0
54776,undefined,0,119.9,0,0,0,0,29,4,89757,undefined,undefined
547939,1240615526345,1240615717891,0,0,0,0,0,1,0,510740,2,0
55009,undefined,0,110.55000000000001,0,0,0,0,1,3,309096,undefined,undefined
555728,undefined,0,181.50000000000003,0,0,0,0,6,0,1101,undefined,undefined
559,1240622331917,1240622659489,0,440,1,222,533,3,0,522658,4,null
559150,1240621706915,1240621999384,0,0,0,0,0,0,0,5212,2,1
562788,undefined,0,136.25,0,0,0,0,1,3,409656,undefined,undefined
57184,1240614859463,1240619100233,0,2313,6,265.3333333333333,2224,0,0,0,4,0
57395,undefined,0,25.1,0,0,0,0,2,0,317383,undefined,undefined
574307,1240615764342,1240616359530,0,351,3,126.66666666666667,0,0,0,416503,1,null
57706,1240617410503,1240617633088,0,0,0,0,0,0,0,23989,1,null
57717,undefined,0,114.4,0,0,0,0,4,4,110178,undefined,undefined
578918,1240622753943,0,0,688,3,234.66666666666666,0,0,0,179326,2,0
57962,1240621554285,1240621588568,0,0,0,0,0,0,0,170316,1,0
5842,undefined,0,37.5,0,0,0,0,11,9,344937,undefined,undefined
58859,1240622200525,0,0,2846,10,384.1,43017,3,1,396113,11,2
597005,1240613343430,1240618599771,24.800000000000004,1341,6,205.16666666666666,0,1,1,603011,4,0
597367,1240614230620,1240615169608,0,225,3,70.66666666666667,0,0,0,123961,1,null
600642,1240617491568,1240617550724,0,0,0,0,0,0,0,196269,1,null
603011,1240622445476,1240622826544,146.50000000000003,692,3,245.33333333333334,0,3,1,562788,4,0
60640,undefined,0,196.9,0,0,0,0,1,3,132403,undefined,undefined
608349,1240619008102,1240619421849,0,363,2,181.5,0,0,0,430717,3,null
61045,undefined,0,119.45,0,0,0,0,3,7,74372,undefined,undefined
616095,1240618924492,1240619354771,0,225,2,127.5,0,0,0,351430,2,0
617569,1240616982845,1240617192041,0,0,0,0,0,0,0,154004,2,null
624616,1240616071957,1240616243115,0,0,0,0,0,1,0,104252,2,null
624920,1240616970590,1240617220238,0,0,0,0,0,0,0,0,1,null
625005,1240615518520,1240615523224,0,0,0,0,0,0,0,0,1,null
626254,1240623275558,1240623286374,0,0,0,0,0,0,0,0,1,null
627367,1240615633404,1240617213092,0,156,1,145,0,0,0,755785,1,null
627738,1240618707074,1240618734472,0,0,0,0,0,0,0,468188,1,null
63026,1240617491007,1240618155623,0,450,3,137.33333333333334,0,0,0,63924,1,null
630671,1240617793697,1240618264802,40.1,906,4,220.5,0,2,0,132921,3,null
630821,1240616345320,1240616932698,0,193,2,92,0,0,0,537491,1,null
634950,1240622718766,1240623019656,0,127,1,95,0,0,0,223864,1,null
636865,1240621371500,1240621689612,0,123,1,123,0,0,0,187613,1,null
637788,1240614104288,1240615716159,0,1815,10,145.9,555728,0,0,555728,3,null
63843,1240621123244,1240621128262,0,0,0,0,0,0,0,0,1,null
638592,1240615686604,1240616093089,0,424,2,156.5,0,0,0,192883,1,null
639099,1240620169026,1240620290908,0,0,0,0,0,0,0,0,1,null
639206,1240618219556,1240619165644,0,0,0,0,0,0,0,510740,1,null
63924,1240619728580,1240620400076,45,319,3,108.33333333333333,0,3,1,233517,3,null
641397,1240619682028,1240620939439,0,1021,5,199.8,0,0,0,259344,2,null
64152,1240617810139,1240618183841,55.10000000000001,398,2,282.5,45129,4,0,108338,10,3
645817,1240619226236,1240619270518,0,0,0,0,0,0,0,0,1,null
66347,1240617120089,1240617225294,0,0,0,0,0,0,0,0,1,null
66878,1240617528169,1240618386591,0,0,0,0,0,1,0,75123,2,null
68238,1240621436113,0,0,410,5,78,0,0,0,380174,1,0
682863,1240622029689,1240622700556,0,176,2,88,0,0,0,0,1,null
683540,1240619722992,0,0,2211,21,103.23809523809524,72249,0,0,23989,2,0
685965,1240619842989,1240619859215,0,0,0,0,0,0,0,0,1,null
694494,1240620796928,1240620806221,0,0,0,0,0,0,0,0,1,null
699109,1240615854101,1240617179229,110.10000000000001,1094,8,132.375,0,2,0,510740,2,null
702557,1240619475636,1240623178913,14,927,7,135.42857142857142,0,1,0,5212,2,null
703094,1240619288698,1240621234456,0,687,5,112.8,0,0,0,53030,1,null
7078,undefined,0,22.75,0,0,0,0,8,4,177916,undefined,undefined
709251,1240618447989,1240618554857,0,0,0,0,0,0,0,0,1,null
713,1240622390292,0,461.3500000000001,923,3,285.6666666666667,1265,9,45,12,15,6
72176,undefined,0,281.00000000000006,0,0,0,0,3,10,106069,undefined,undefined
72249,1240621557477,0,0,1571,11,131.36363636363637,683540,0,0,86926,2,0
726649,1240622834816,0,74.2,1149,5,193.4,22731,2,0,763523,4,0
72721,1240621559367,1240621572949,0,1100,9,107.11111111111111,0,0,0,416503,2,null
730587,1240613280989,1240614973324,0,1132,6,200.66666666666666,0,0,0,735743,3,null
7314,undefined,0,80.3,0,0,0,0,8,1,5842,undefined,undefined
735743,undefined,0,113.20000000000002,0,0,0,0,3,0,154238,undefined,undefined
74249,1240621985795,1240622310482,0,251,1,144,0,0,0,57395,3,0
74372,undefined,0,20.450000000000003,0,0,0,0,4,3,336024,undefined,undefined
746772,1240613866184,1240613892387,0,0,0,0,0,0,0,1892,1,null
748583,1240618642410,1240620050355,0,301,2,187.5,0,0,0,10642,1,null
75123,1240613288304,1240614296952,0,670,2,308,101358,11,12,2843,12,3
751259,1240613298823,1240613475801,0,0,0,0,0,0,0,0,1,null
755785,1240616021902,1240619806207,15.600000000000001,2808,16,135.75000000000003,0,1,0,1892,3,null
756570,1240618020586,1240619471325,0,202,1,175,0,0,0,0,2,null
759961,1240614601260,1240615000466,0,245,1,111,0,0,0,0,1,null
76195,1240617285598,1240617566643,0,0,0,0,0,0,0,0,1,null
763523,undefined,0,152,0,0,0,0,1,2,135244,undefined,undefined
763546,1240621115497,1240621330330,0,0,0,0,0,0,0,0,1,null
764326,1240622835335,1240622859460,0,0,0,0,0,0,0,0,1,null
766077,1240623077678,1240623087058,0,0,0,0,0,0,0,0,1,null
76673,undefined,0,25.900000000000002,0,0,0,0,5,1,81597,undefined,undefined
767143,1240622403233,0,0,1448,6,168.66666666666666,0,0,0,355917,2,0
768411,1240615773992,1240617789666,0,1101,9,116.11111111111111,0,0,0,699109,2,null
772113,1240623396826,1240623401863,0,1894,10,163.2,0,0,0,510740,3,null
772383,1240621303562,0,0,1251,4,357.75,168473,0,0,235393,3,0
773108,undefined,0,87.10000000000001,0,0,0,0,4,1,510740,undefined,undefined
776267,1240621988432,1240622082398,0,0,0,0,0,0,0,0,1,null
776785,1240623140836,0,0,635,3,255,0,2,0,96722,4,0
777661,1240619841217,1240620948321,0,459,4,148.75,0,0,0,702557,1,null
779102,1240621633609,1240621739471,0,0,0,0,0,0,0,0,1,null
785155,1240621209940,1240621244582,0,0,0,0,0,0,0,0,1,null
797824,1240613288309,1240616619074,69.4,1608,6,229.16666666666666,574401,2,0,82321,4,null
802319,1240619475663,0,164.85,636,4,163.75,0,1,3,773108,3,0
80783,1240620838109,1240621064300,0,157,1,77,0,0,0,20260,1,0
80835,undefined,0,25.6,0,0,0,0,1,1,174936,undefined,undefined
81597,undefined,0,113.05000000000001,0,0,0,0,5,5,44987,undefined,undefined
817545,1240619088036,1240620012465,0,0,0,0,0,0,0,0,1,null
817673,1240617852700,1240618526512,0,551,4,107.75,0,0,0,64152,1,null
818036,1240622445885,1240622457017,0,0,0,0,0,0,0,0,1,null
818077,1240614315128,1240614339976,0,0,0,0,0,0,0,0,1,null
818347,1240623276227,0,0,786,5,161.2,0,0,0,0,1,0
818909,1240620756188,1240621325512,0,352,2,112,0,0,0,259344,1,null
81899,1240618243025,1240621031122,235.69999999999996,470,3,148.33333333333334,0,3,0,802319,5,1
820331,1240619586323,1240620692839,0,416,3,130.33333333333334,0,0,0,259344,1,null
821078,1240613343544,1240613354147,0,0,0,0,0,0,0,0,1,null
821129,1240614140783,1240614431121,0,1002,4,291,0,0,0,44,2,null
821321,1240617867767,1240618026405,0,0,0,0,0,0,0,0,1,null
821335,1240613880927,1240614144625,0,131,1,131,0,0,0,0,1,null
822627,1240617284580,1240617306880,0,0,0,0,0,0,0,0,1,null
822833,1240616191010,1240616221564,0,0,0,0,0,0,0,0,1,null
823060,1240616048978,1240616347159,0,137,1,135,0,0,0,0,1,null
82321,undefined,0,315.90000000000003,0,0,0,0,4,16,57717,undefined,undefined
823386,1240616766676,1240616786330,0,0,0,0,0,0,0,0,1,null
823522,1240617684434,1240617723446,0,0,0,0,0,0,0,0,1,null
823838,1240619873091,1240619881748,0,0,0,0,0,0,0,0,1,null
824354,1240616966409,1240616991239,0,0,0,0,0,0,0,0,1,null
825259,1240617924954,1240618167339,0,148,1,123,0,0,0,133118,1,null
825362,1240623369396,0,0,0,0,0,0,0,0,0,1,0
825997,1240622009903,1240622409289,0,0,0,0,0,0,0,0,1,null
826834,1240622936704,1240622949471,0,0,0,0,0,0,0,0,1,null
827861,1240622810602,1240623383626,0,99,1,99,0,0,0,0,1,null
828388,1240621543121,1240621601620,0,0,0,0,0,0,0,0,1,null
828969,1240621817357,1240621826396,0,0,0,0,0,0,0,0,1,null
829712,1240622664281,1240623454120,0,742,2,152.5,0,0,0,726649,1,null
829825,1240623032420,1240623135563,0,0,0,0,0,0,0,0,1,null
830020,1240623163511,0,0,0,0,0,0,0,0,0,1,0
83320,undefined,0,81.9,0,0,0,0,4,0,96838,undefined,undefined
86723,undefined,0,37,0,0,0,0,1,1,18155,undefined,undefined
86926,1240622011032,0,157.1,409,2,131,0,6,1,61045,5,10
87565,1240620449299,1240620921898,0,767,1,194,0,1,0,506297,2,null
8842,1240618621623,1240619187600,0,513,1,590,22707,11,17,1531,13,6
89757,undefined,0,59.95,0,0,0,0,3,29,20260,undefined,undefined
9093,1240618898403,1240619249149,0,412,1,445,0,1,0,16040,4,0
92509,1240615228353,1240615250849,0,0,0,0,0,3,0,5212,5,3
96722,undefined,0,63.50000000000001,0,0,0,0,2,2,99126,undefined,undefined
96838,undefined,0,40.95,0,0,0,0,1,4,166371,undefined,undefined
98458,1240621026884,1240621411968,0,87,1,87,0,0,0,0,1,null
98867,1240613315755,1240613478482,0,154,1,128,0,0,0,136131,1,null
99126,undefined,0,31.750000000000004,0,0,0,0,3,2,47445,undefined,undefined
995,1240613296167,1240617003064,165.25,420,1,702,12,11,17,12,13,5
<<<<EndTable

PlayersOnlineNow=40
PlayersOnlineEachMinute=0, 11, 15, 17, 16, 17, 18, 20, 19, 19, 20, 18, 17, 18, 19, 19, 20, 20, 18, 18, 20, 19, 18, 19, 20, 19, 21, 22, 22, 21, 22, 19, 18, 16, 15, 18, 18, 19, 21, 20, 22, 22, 26, 28, 28, 28, 29, 29, 27, 29, 26, 26, 26, 26, 25, 26, 25, 24, 23, 25, 27, 25, 25, 23, 26, 27, 22, 26, 25, 24, 26, 29, 24, 22, 24, 23, 25, 30, 32, 33, 32, 30, 24, 26, 26, 26, 26, 26, 25, 25, 27, 26, 26, 27, 27, 28, 30, 30, 29, 26, 26, 26, 25, 26, 28, 30, 30, 32, 31, 29, 28, 27, 27, 24, 25, 28, 28, 26, 27, 26, 27, 27, 28, 27, 26, 25, 26, 29, 25, 26, 24, 25, 25, 27, 30, 28, 30, 32, 34, 34, 35, 33, 33, 32, 31, 31, 35, 33, 30, 30, 29, 28, 30, 31, 30, 30, 31, 34, 33, 33, 33, 33, 35, 37, 37, 37, 37, 39, 38, 39
PlayersInEachFeedingGame=2, 1, 2, 1, 1, 2, 1, 1, 1, 2, 1, 1, 1, 2, 2, 1, 2, 2, 2, 1, 1, 2, 1, 2, 1, 1, 2, 1, 2, 1, 2, 2, 1, 1, 2, 2, 1, 1, 2, 1, 2, 2, 2, 3, 1, 2, 1, 1, 2, 1, 2, 1, 2, 1, 2, 2, 2, 1, 2, 1, 1, 2, 1, 1, 2, 1, 1, 1, 2, 2, 1, 2, 2, 1, 3, 2, 1, 2, 1, 2, 2, 1, 1, 2, 2, 1, 2, 1, 2, 1, 1, 1, 2, 1, 1, 2, 2, 1, 1, 2, 1, 2, 1, 2, 2, 1, 2, 2, 2, 2, 2, 1, 2, 1, 1, 2, 2, 2, 1, 2, 1, 1, 2, 2, 1, 2, 2, 2, 1, 2, 2, 1, 1, 2, 2, 2, 1, 2, 2, 2, 2, 2, 2, 1, 1, 2, 2, 1, 2, 2, 1, 1, 1, 1, 2, 1, 1, 1, 1, 1, 1, 1, 2, 2, 2, 1, 1, 2, 1, 2, 1, 1, 2, 1, 1, 2, 2, 2, 2, 1, 2, 2, 1, 1, 1, 1, 2, 2, 2, 3, 1, 2, 2, 2, 2, 2, 2, 2, 2, 2, 2, 2, 2, 2, 2, 2, 2, 2, 2, 2, 1, 1, 1, 1, 1, 2, 2, 1, 2, 2, 1, 2, 2, 1, 2, 1, 1, 1, 2, 2, 2, 1, 3, 2, 1, 2, 2, 2, 2, 1, 1, 2, 1, 2, 1, 1, 2, 2, 2, 1, 1, 1, 1, 1, 2, 2, 2, 1, 3, 1, 2, 2, 2, 1, 1, 2, 2, 2, 2, 2, 1, 3, 2, 2, 3, 2, 2, 1, 2, 2, 1, 2, 1, 2, 2, 2, 2, 1, 2, 2, 1
PlayersStarted=407
PlayersQuit=367
StatsStartTime=1240613274178
StatsDumpTime=1240623474848
<<<<EndStats
2009-04-24 18:38:17,030 ERROR: vampire.server.feeding.FeedingRecord sendPlayerStartGameMsg [playerId=776785, prey=false, _predatorIndex=287866]
2009-04-24 18:38:17,939 ERROR: vampire.server.feeding.FeedingRecord sendPlayerStartGameMsg [playerId=713, prey=true, _predatorIndex=]
2009-04-24 18:38:17,940 ERROR: vampire.server.feeding.FeedingRecord sendPlayerStartGameMsg [playerId=123961, prey=false, _predatorIndex=]
2009-04-24 18:38:35,698 ERROR: vampire.server.feeding.FeedingRecord sendPlayerStartGameMsg [playerId=161447, prey=false, _predatorIndex=]
2009-04-24 18:38:54,446 ERROR: vampire.server.feeding.FeedingRecord sendPlayerStartGameMsg [playerId=141288, prey=true, _predatorIndex=]
2009-04-24 18:38:54,447 ERROR: vampire.server.feeding.FeedingRecord sendPlayerStartGameMsg [playerId=767143, prey=false, _predatorIndex=]
2009-04-24 18:38:57,596 ERROR: vampire.server.feeding.FeedingRecord sendPlayerStartGameMsg [playerId=68238, prey=true, _predatorIndex=]
2009-04-24 18:38:57,597 ERROR: vampire.server.feeding.FeedingRecord sendPlayerStartGameMsg [playerId=818347, prey=false, _predatorIndex=]
2009-04-24 18:39:02,582 ERROR: vampire.server.feeding.FeedingRecord sendPlayerStartGameMsg [playerId=355917, prey=true, _predatorIndex=]
2009-04-24 18:39:02,582 ERROR: vampire.server.feeding.FeedingRecord sendPlayerStartGameMsg [playerId=825362, prey=false, _predatorIndex=]
2009-04-24 18:39:05,829 ERROR: vampire.server.feeding.FeedingRecord sendPlayerStartGameMsg [playerId=243946, prey=false, _predatorIndex=]
2009-04-24 18:39:09,851 ERROR: vampire.server.feeding.FeedingRecord sendPlayerStartGameMsg [playerId=223864, prey=false, _predatorIndex=378323]
2009-04-24 18:39:29,431 ERROR: vampire.server.feeding.FeedingRecord sendPlayerStartGameMsg [playerId=682863, prey=false, _predatorIndex=]
2009-04-24 18:39:42,444 ERROR: vampire.server.feeding.FeedingRecord sendPlayerStartGameMsg [playerId=3200, prey=false, _predatorIndex=287866,776785]
2009-04-24 18:39:45,478 ERROR: vampire.server.feeding.FeedingRecord sendPlayerStartGameMsg [playerId=205535, prey=false, _predatorIndex=]
2009-04-24 18:40:12,645 ERROR: vampire.server.feeding.FeedingRecord sendPlayerStartGameMsg [playerId=776785, prey=false, _predatorIndex=]
2009-04-24 18:40:12,802 ERROR: vampire.server.feeding.FeedingRecord sendPlayerStartGameMsg [playerId=4139, prey=false, _predatorIndex=123961]
2009-04-24 18:40:19,522 ERROR: vampire.server.feeding.FeedingRecord sendPlayerStartGameMsg [playerId=132921, prey=true, _predatorIndex=]
2009-04-24 18:40:19,522 ERROR: vampire.server.feeding.FeedingRecord sendPlayerStartGameMsg [playerId=460471, prey=false, _predatorIndex=]
2009-04-24 18:40:26,597 ERROR: vampire.server.feeding.FeedingRecord sendPlayerStartGameMsg [playerId=683540, prey=true, _predatorIndex=]
2009-04-24 18:40:26,598 ERROR: vampire.server.feeding.FeedingRecord sendPlayerStartGameMsg [playerId=72249, prey=false, _predatorIndex=]
2009-04-24 18:40:33,767 ERROR: vampire.server.feeding.FeedingRecord sendPlayerStartGameMsg [playerId=287866, prey=true, _predatorIndex=]
2009-04-24 18:40:33,767 ERROR: vampire.server.feeding.FeedingRecord sendPlayerStartGameMsg [playerId=219219, prey=false, _predatorIndex=]
2009-04-24 18:40:40,231 ERROR: vampire.server.feeding.FeedingRecord sendPlayerStartGameMsg [playerId=503, prey=false, _predatorIndex=123961,4139]
2009-04-24 18:40:44,396 ERROR: vampire.server.feeding.FeedingRecord sendPlayerStartGameMsg [playerId=243946, prey=false, _predatorIndex=]
2009-04-24 18:41:22,310 ERROR: vampire.server.feeding.FeedingRecord sendPlayerStartGameMsg [playerId=546231, prey=true, _predatorIndex=]
2009-04-24 18:41:22,310 ERROR: vampire.server.feeding.FeedingRecord sendPlayerStartGameMsg [playerId=639099, prey=false, _predatorIndex=]
2009-04-24 18:41:24,367 ERROR: vampire.server.feeding.FeedingRecord sendPlayerStartGameMsg [playerId=3200, prey=false, _predatorIndex=219219]
2009-04-24 18:41:24,939 ERROR: vampire.server.feeding.FeedingRecord sendPlayerStartGameMsg [playerId=68238, prey=true, _predatorIndex=]
2009-04-24 18:41:24,939 ERROR: vampire.server.feeding.FeedingRecord sendPlayerStartGameMsg [playerId=818347, prey=false, _predatorIndex=]
2009-04-24 18:41:30,937 ERROR: vampire.server.feeding.FeedingRecord sendPlayerStartGameMsg [playerId=802319, prey=false, _predatorIndex=22731,829712,58859]
2009-04-24 18:41:41,425 ERROR: vampire.server.feeding.FeedingRecord sendPlayerStartGameMsg [playerId=639099, prey=true, _predatorIndex=]
2009-04-24 18:41:41,426 ERROR: vampire.server.feeding.FeedingRecord sendPlayerStartGameMsg [playerId=546231, prey=false, _predatorIndex=]
2009-04-24 18:42:06,089 ERROR: vampire.server.feeding.FeedingRecord sendPlayerStartGameMsg [playerId=378323, prey=true, _predatorIndex=]
2009-04-24 18:42:06,090 ERROR: vampire.server.feeding.FeedingRecord sendPlayerStartGameMsg [playerId=161447, prey=false, _predatorIndex=]
2009-04-24 18:42:12,301 ERROR: vampire.server.feeding.FeedingRecord sendPlayerStartGameMsg [playerId=130736, prey=false, _predatorIndex=]
2009-04-24 18:42:19,257 ERROR: vampire.server.feeding.FeedingRecord sendPlayerStartGameMsg [playerId=313795, prey=true, _predatorIndex=]
2009-04-24 18:42:19,258 ERROR: vampire.server.feeding.FeedingRecord sendPlayerStartGameMsg [playerId=103033, prey=false, _predatorIndex=]
2009-04-24 18:42:33,615 ERROR: vampire.server.feeding.FeedingRecord sendPlayerStartGameMsg [playerId=355917, prey=true, _predatorIndex=]
2009-04-24 18:42:33,616 ERROR: vampire.server.feeding.FeedingRecord sendPlayerStartGameMsg [playerId=41984, prey=false, _predatorIndex=]
2009-04-24 18:42:42,304 ERROR: vampire.server.feeding.FeedingRecord sendPlayerStartGameMsg [playerId=802319, prey=false, _predatorIndex=22731,829712,58859,802319]
2009-04-24 18:42:47,244 ERROR: vampire.server.feeding.FeedingRecord sendPlayerStartGameMsg [playerId=243946, prey=false, _predatorIndex=]
2009-04-24 18:42:54,587 ERROR: vampire.server.feeding.FeedingRecord sendPlayerStartGameMsg [playerId=802319, prey=false, _predatorIndex=]
2009-04-24 18:43:18,453 ERROR: vampire.server.feeding.FeedingRecord sendPlayerStartGameMsg [playerId=170191, prey=true, _predatorIndex=]
2009-04-24 18:43:18,454 ERROR: vampire.server.feeding.FeedingRecord sendPlayerStartGameMsg [playerId=802319, prey=false, _predatorIndex=]
2009-04-24 18:43:36,096 ERROR: vampire.server.feeding.FeedingRecord sendPlayerStartGameMsg [playerId=205535, prey=false, _predatorIndex=]
2009-04-24 18:43:37,388 ERROR: vampire.server.feeding.FeedingRecord sendPlayerStartGameMsg [playerId=223864, prey=true, _predatorIndex=]
2009-04-24 18:43:37,388 ERROR: vampire.server.feeding.FeedingRecord sendPlayerStartGameMsg [playerId=219219, prey=false, _predatorIndex=]
2009-04-24 18:43:47,730 ERROR: vampire.server.feeding.FeedingRecord sendPlayerStartGameMsg [playerId=58859, prey=false, _predatorIndex=802319]
2009-04-24 18:43:59,977 ERROR: vampire.server.feeding.FeedingRecord sendPlayerStartGameMsg [playerId=16825, prey=false, _predatorIndex=161447]
--- buffer full ---

