
>>>>BeginStats

>>>>BeginTable
PlayerId, StartTime, EndTime, ProgenyPayout, XPFromFeeding, FeedingGames, MeanFeedingScore, BloodBond, Progeny, GrandProgeny, Sire, Level, Invites
1010692, , , 300, 0, 0, 0, 0, 17, 0, 70997, , 
10260, , , 208.10000000000002, 0, 0, 0, 0, 10, 8, 713, , 
1062, , , 62.900000000000006, 0, 0, 0, 0, 11, 7, 713, , 
1062853, , , 18.85, 0, 0, 0, 0, 1, 19, 1124214, , 
10642, , , 245.15000000000003, 0, 0, 0, 0, 33, 7, 351598, , 
1068228, 1241867701573, , 0, 612, 4, 133.75, 0, 0, 0, 188779, 1, 0
1073413, 1241856636102, 1241856707658, 0, 0, 0, 0, 0, 0, 0, 176400, 2, 
110056, 1241868034570, 1241868308591, 0, 629, 4, 159.25, 0, 0, 0, 1062, 2, 
1101, 1241856888509, 1241857774135, 0, 0, 0, 0, 0, 2, 19, 239981, 9, 1
1104968, 1241865265855, , 0, 1291, 5, 404, 0, 1, 0, 22308, 4, 1
1108399, 1241860775190, 1241861667700, 0, 377, 4, 93.5, 0, 0, 0, 153097, 3, 
1127083, , , 51.900000000000006, 0, 0, 0, 0, 20, 0, 998652, , 
112953, , , 13.200000000000001, 0, 0, 0, 0, 3, 7, 241176, , 
1129620, 1241857568877, 1241857575361, 0, 0, 0, 0, 0, 0, 0, 0, 1, 
113127, , , 88.45000000000002, 0, 0, 0, 0, 2, 5, 156956, , 
1162720, 1241864538759, 1241864614469, 0, 0, 0, 0, 0, 0, 0, 0, 1, 
1166100, 1241857504629, 1241857516545, 0, 0, 0, 0, 0, 0, 0, 176400, 1, 
117178, 1241861462503, 1241862594357, 0, 1160, 6, 193.33333333333334, 0, 0, 0, 533, 3, 
1174713, 1241861331827, 1241862134236, 0, 573, 4, 128, 0, 0, 0, 616423, 1, 
118975, 1241863721486, 1241863839514, 0, 69, 1, 137, 0, 1, 1, 160138, 12, 2
12, , , 1053.6499999999999, 0, 0, 0, 0, 20, 65, 383387, , 
1211902, 1241861305910, 1241862191683, 0, 230, 2, 62, 0, 0, 0, 31590, 1, 
1221858, 1241867038250, 1241867042489, 0, 0, 0, 0, 0, 0, 0, 0, 1, 
1232051, 1241857066524, 1241857937900, 0, 222, 2, 115, 0, 0, 0, 1285504, 1, 
1234731, 1241865734590, 1241866168136, 0, 137, 1, 138, 0, 0, 0, 1311317, 1, 
1238240, 1241864323741, 1241864486718, 0, 0, 0, 0, 0, 0, 0, 0, 1, 
1241857, , , 784.2, 0, 0, 0, 0, 4, 4, 259344, , 
124585, , , 6.25, 0, 0, 0, 0, 5, 5, 143278, , 
1247293, 1241861378552, 1241861510429, 0, 0, 0, 0, 0, 0, 0, 217283, 1, 
1269811, 1241861898033, 1241866122449, 0, 1797, 13, 124.6923076923077, 0, 0, 0, 11600, 2, 
12770, , , 366.90000000000003, 0, 0, 0, 0, 23, 24, 383387, , 
12791, , , 388.35, 0, 0, 0, 0, 15, 16, 12, , 
1283945, 1241859583957, 1241859791631, 0, 0, 0, 0, 0, 0, 0, 276660, 1, 
1285504, 1241867392702, 1241867598799, 522.8, 5228, 16, 411.5, 1346597, 4, 0, 1241857, 4, 3
1297010, 1241866435387, 1241866731516, 0, 119, 1, 112, 0, 0, 0, 71724, 2, 
1307321, 1241863708138, 1241863750788, 0, 0, 0, 0, 0, 0, 0, 0, 1, 
1311317, 1241863281111, , 13.700000000000001, 3897, 18, 153.55555555555554, 0, 1, 0, 616423, 3, 0
1333542, 1241861787649, 1241863138578, 0, 460, 2, 166, 0, 0, 0, 31590, 1, 
1334562, 1241859803328, 1241861048899, 0, 649, 6, 107.83333333333333, 0, 0, 0, 336524, 1, 
1337283, 1241866513269, 1241866521656, 0, 0, 0, 0, 0, 0, 0, 0, 1, 
1339948, 1241866485169, 1241867812596, 0, 848, 7, 98.57142857142857, 0, 0, 0, 336524, 1, 
1344561, 1241865069796, 1241866264216, 0, 506, 4, 100.75, 0, 0, 0, 54776, 1, 
1346597, 1241858095506, 1241862093172, 0, 5006, 14, 259.7142857142857, 1285504, 0, 0, 1285504, 4, 
1348824, 1241858286015, 1241858779688, 0, 120, 1, 127, 0, 0, 0, 526836, 1, 
135504, 1241859264466, 1241859735084, 0, 128, 1, 151, 139439, 2, 1, 75123, 4, 0
135526, , , 212.9, 0, 0, 0, 0, 11, 0, 162782, , 
1359416, 1241857835006, 1241858117705, 0, 93, 1, 93, 0, 0, 0, 0, 1, 
1361493, 1241863220669, 1241863243922, 0, 0, 0, 0, 0, 0, 0, 0, 1, 
1369520, 1241857343607, 1241857358170, 0, 0, 0, 0, 0, 0, 0, 0, 1, 
1370325, 1241859891923, 1241859908267, 0, 0, 0, 0, 0, 0, 0, 0, 1, 
1372195, 1241864401613, 1241864438820, 0, 0, 0, 0, 0, 0, 0, 0, 1, 
1372441, 1241864675717, 1241864770503, 0, 0, 0, 0, 0, 0, 0, 0, 1, 
137784, 1241857281606, 1241857685940, 0, 264, 1, 114, 0, 0, 0, 153510, 3, 0
139439, 1241859377160, 1241859522363, 0, 0, 0, 0, 135504, 1, 0, 372191, 3, 0
150469, , , 3.45, 0, 0, 0, 0, 3, 7, 57393, , 
153097, , , 37.7, 0, 0, 0, 0, 19, 0, 1062853, , 
153510, , , 26.400000000000002, 0, 0, 0, 0, 7, 0, 112953, , 
155376, , , 211.40000000000003, 0, 0, 0, 0, 5, 4, 113127, , 
155708, 1241863352966, 1241866192342, 0, 1153, 6, 138.66666666666666, 0, 0, 0, 616423, 2, 
15959, 1241859224223, 1241862515049, 0, 693, 5, 121.8, 0, 0, 0, 616423, 2, 
160138, , , 6.9, 0, 0, 0, 0, 7, 1, 150469, , 
160801, 1241864546270, 1241864661887, 0, 0, 0, 0, 0, 5, 2, 166371, 4, 3
161876, 1241859719029, 1241860018603, 0, 505, 4, 126.25, 0, 0, 0, 0, 2, 0
162782, , , 106.45, 0, 0, 0, 0, 7, 11, 36377, , 
167437, 1241856295185, 1241857114659, 0, 338, 3, 112.66666666666667, 0, 0, 0, 0, 1, 
172342, 1241861405643, 1241861499283, 0, 0, 0, 0, 0, 0, 0, 320570, 2, 0
178366, 1241866432411, 1241866434553, 0, 0, 0, 0, 0, 0, 0, 259344, 3, 0
181738, 1241864831230, 1241864857628, 0, 0, 0, 0, 0, 5, 4, 12791, 7, 5
183590, 1241866920753, 1241866938336, 0, 0, 0, 0, 0, 1, 1, 316089, 1, 1
188678, 1241862534573, 1241863506505, 0, 45014, 9, 7603, 0, 0, 0, 0, 4, 
188779, 1241864028439, 1241865083034, 61.2, 570, 3, 203.33333333333334, 0, 2, 0, 202762, 4, 1
195736, , , 427.25, 0, 0, 0, 0, 6, 35, 334835, , 
197932, 1241868354952, , 0, 0, 0, 0, 0, 0, 0, 333531, 3, 0
20260, , , 1255.2000000000007, 0, 0, 0, 0, 18, 16, 12, , 
202762, , , 87.6, 0, 0, 0, 0, 2, 2, 39403, , 
207385, 1241858591545, 1241858610553, 0, 0, 0, 0, 80072, 0, 0, 109906, 3, 0
210163, , , 44.95, 0, 0, 0, 0, 12, 20, 255725, , 
22308, , , 129.1, 0, 0, 0, 0, 10, 1, 775158, , 
240287, 1241858610644, 1241858647350, 0, 0, 0, 0, 0, 0, 0, 351430, 2, 
243620, 1241855992590, 1241856630624, 0, 519, 3, 173, 0, 0, 0, 1127083, 2, 
259344, , , 261.4, 0, 0, 0, 0, 23, 4, 143538, , 
2606, 1241864837082, 1241867411670, 0, 364, 1, 472, 0, 8, 2, 307471, 7, 1
28294, , , 21.15, 0, 0, 0, 0, 7, 1, 5842, , 
2843, , , 6.4, 0, 0, 0, 0, 8, 34, 3383, , 
285870, 1241863597050, 1241864173790, 0, 46972, 10, 2718.9, 0, 0, 0, 616423, 4, 
289190, 1241858259778, 1241858353130, 0, 0, 0, 0, 0, 0, 0, 269484, 1, 
306627, 1241865502777, 1241865508911, 0, 0, 0, 0, 0, 0, 0, 339642, 3, 0
307471, , , 36.4, 0, 0, 0, 0, 7, 10, 12, , 
31590, 1241860952753, 1241864466739, 69, 1769, 8, 266.5, 0, 4, 1, 155376, 4, 0
317383, , , 134.00000000000003, 0, 0, 0, 0, 1, 3, 344937, , 
32169, 1241857683809, 1241857725055, 0, 2081, 4, 533.5, 219, 8, 0, 10260, 14, 5
32314, 1241862778474, 1241863175697, 0, 0, 0, 0, 635003, 10, 14, 40508, 13, 2
323949, 1241863554849, 1241863590733, 0, 0, 0, 0, 0, 0, 0, 49732, 1, 0
325853, 1241860025909, 1241861700860, 0, 1241, 12, 94.66666666666667, 0, 0, 0, 92600, 3, 0
334835, , , 191.45, 0, 0, 0, 0, 2, 6, 143501, , 
336524, 1241868283432, , 88.69999999999999, 3829, 15, 376.26666666666665, 101052, 35, 6, 195736, 12, 2
3383, 1241856173853, 1241857964739, 0, 3850, 6, 613.3333333333334, 8842, 6, 10, 12791, 16, 2
359367, 1241861427704, 1241861593284, 0, 0, 0, 0, 0, 0, 0, 0, 1, 
383387, , , 183.45000000000002, 0, 0, 0, 0, 7, 57, 0, , 
387114, , , 56.35000000000001, 0, 0, 0, 0, 2, 3, 104034, , 
39403, , , 28.500000000000004, 0, 0, 0, 0, 5, 2, 130627, , 
396113, , , 28.700000000000003, 0, 0, 0, 0, 2, 11, 44987, , 
402469, 1241860643057, 1241864696170, 0, 423, 5, 87.8, 0, 3, 0, 407374, 3, 4
407374, , , 42.3, 0, 0, 0, 0, 1, 3, 28294, , 
412029, 1241867461613, 1241867466312, 0, 0, 0, 0, 0, 1, 0, 178650, 3, 1
4139, 1241867259941, , 0, 3669, 7, 526.8571428571429, 44987, 25, 23, 713, 19, 3
415271, 1241865662924, 1241865983706, 0, 125, 1, 146, 0, 11, 3, 66689, 4, 0
417202, 1241866610428, , 0, 2680, 14, 153.14285714285714, 0, 0, 0, 57395, 4, 0
417315, , , 6.7, 0, 0, 0, 0, 5, 0, 12791, , 
43402, , , 62.05000000000001, 0, 0, 0, 0, 12, 17, 123961, , 
437430, 1241861946751, 1241862525094, 0, 67, 1, 133, 0, 0, 0, 417315, 3, 0
438751, , , 89.9, 0, 0, 0, 0, 20, 8, 210163, , 
44987, 1241867266754, , 14.350000000000001, 3669, 7, 554.2857142857143, 4139, 18, 18, 12770, 14, 2
468188, 1241868410313, , 0, 0, 0, 0, 0, 19, 5, 351430, 7, 17
478092, 1241867366168, 1241867590903, 0, 0, 0, 0, 0, 0, 0, 0, 1, 
503, , , 305.6, 0, 0, 0, 0, 5, 2, 12, , 
523528, 1241858443930, 1241858514548, 0, 0, 0, 0, 0, 0, 0, 0, 1, 0
526836, 1241868532682, , 12, 1127, 8, 119.875, 0, 2, 0, 93856, 3, 0
533, 1241863714804, 1241865083795, 116, 10134, 20, 601, 535, 10, 11, 20260, 14, 2
54322, 1241868583576, , 0, 0, 0, 0, 0, 0, 0, 0, 1, 0
54776, 1241868535010, , 178.1, 3676, 8, 523.625, 1062, 82, 35, 89757, 16, 3
554580, 1241867178868, 1241867190635, 0, 0, 0, 0, 0, 0, 0, 634607, 1, 
561926, 1241866179887, 1241866204478, 0, 0, 0, 0, 0, 0, 0, 0, 1, 
57395, , , 268.00000000000006, 0, 0, 0, 0, 3, 0, 317383, , 
57863, 1241868557071, , 0, 0, 0, 0, 0, 0, 0, 543921, 1, 0
58429, , , 928.75, 0, 0, 0, 0, 7, 6, 10642, , 
58859, 1241857632746, 1241858004921, 0, 287, 1, 287, 43017, 11, 23, 396113, 15, 2
616423, 1241862807434, 1241864785549, 883.7500000000002, 4903, 15, 364.8666666666667, 0, 6, 1, 58429, 4, 
622795, 1241865355202, 1241866654393, 0, 2129, 7, 187.42857142857142, 0, 0, 0, 135526, 2, 
622935, 1241864230334, 1241864271143, 0, 0, 0, 0, 0, 0, 0, 32654, 2, 
634607, 1241866248406, 1241867394772, 0, 1275, 7, 190.71428571428572, 0, 3, 3, 54776, 4, 1
646018, 1241868259350, , 0, 3000, 15, 189.73333333333332, 0, 0, 0, 1010692, 3, 0
66689, , , 12.5, 0, 0, 0, 0, 4, 11, 124585, , 
677, 1241866062001, 1241866175861, 0, 0, 0, 0, 621, 0, 0, 621, 4, 0
70997, , , 150, 0, 0, 0, 0, 35, 17, 397835, , 
713, 1241856893870, 1241857451644, 502.40000000000003, 0, 0, 0, 1265, 11, 79, 12, 19, 6
71724, , , 11.9, 0, 0, 0, 0, 22, 0, 94103, , 
75123, , , 12.8, 0, 0, 0, 0, 14, 14, 2843, , 
775158, , , 64.55, 0, 0, 0, 0, 1, 10, 929303, , 
798148, 1241856352905, 1241856497936, 0, 0, 0, 0, 24814, 4, 0, 32314, 6, 3
8527, 1241856685838, 1241858383986, 0, 3056, 6, 440.1666666666667, 10260, 2, 0, 503, 13, 2
89757, , , 456.65000000000003, 0, 0, 0, 0, 3, 82, 20260, , 
906606, 1241858822551, 1241858856512, 0, 0, 0, 0, 0, 0, 0, 0, 1, 
92600, , , 124.10000000000002, 0, 0, 0, 0, 1, 0, 43402, , 
93856, , , 118.70000000000002, 0, 0, 0, 0, 3, 2, 387114, , 
94103, , , 5.95, 0, 0, 0, 0, 1, 22, 223494, , 
968, 1241856188627, 1241858128189, 0, 0, 0, 0, 0, 5, 3, 1704, 11, 2
988642, 1241866930692, , 0, 899, 4, 289, 91808, 8, 0, 438751, 8, 2
993774, 1241867959034, 1241868191677, 0, 0, 0, 0, 0, 0, 0, 63415, 1, 
998652, , , 25.950000000000003, 0, 0, 0, 0, 3, 20, 990799, , 
<<<<EndTable

PlayersOnlineNow=15
PlayersOnlineEachMinute=0, 3, 6, 4, 7, 7, 7, 7, 7, 6, 7, 7, 7, 8, 8, 9, 10, 10, 11, 10, 10, 11, 12, 12, 12, 11, 11, 10, 11, 10, 9, 10, 10, 8, 7, 7, 8, 8, 9, 10, 8, 9, 9, 8, 9, 9, 8, 8, 9, 8, 9, 9, 9, 9, 10, 12, 12, 13, 12, 12, 11, 13, 12, 12, 12, 12, 10, 11, 11, 11, 10, 9, 10, 10, 11, 11, 11, 11, 11, 12, 12, 11, 11, 13, 14, 12, 13, 13, 13, 13, 14, 17, 14, 15, 13, 13, 12, 14, 14, 14, 16, 16, 15, 14, 13, 12, 12, 12, 11, 9, 11, 10, 10, 11, 12, 12, 11, 10, 11, 12, 10, 10, 10, 11, 11, 10, 9, 10, 10, 13, 12, 12, 12, 12, 14, 15, 15, 14, 14, 15, 16, 16, 13, 15, 13, 13, 11, 9, 11, 11, 12, 11, 11, 11, 10, 11, 11, 11, 12, 13, 12, 12, 13, 15, 15, 15, 15, 14, 15, 14, 12, 11, 9, 9, 9, 10, 10, 12, 11, 10, 10, 9, 9, 10, 10, 10, 10, 10, 12, 12, 13, 12, 12, 11, 9, 9, 11, 11, 11, 12, 11, 12, 12, 13, 11, 12, 11, 13, 13, 12
PlayersInEachFeedingGame=1, 1, 2, 1, 1, 1, 1, 2, 2, 1, 2, 2, 2, 2, 1, 1, 2, 2, 2, 2, 2, 1, 1, 2, 1, 2, 1, 1, 1, 2, 2, 2, 2, 2, 1, 2, 1, 2, 2, 2, 2, 2, 2, 2, 2, 1, 2, 2, 2, 2, 2, 2, 1, 2, 2, 1, 1, 2, 1, 1, 2, 1, 2, 1, 2, 1, 1, 1, 1, 1, 1, 1, 2, 1, 1, 1, 2, 2, 1, 2, 2, 2, 1, 2, 1, 2, 2, 2, 2, 1, 2, 2, 1, 2, 4, 1, 2, 2, 1, 2, 2, 1, 2, 2, 2, 2, 2, 2, 2, 2, 2, 2, 2, 2, 2, 2, 2, 2, 2, 2, 2, 1, 2, 1, 2, 2, 2, 2, 2, 2, 1, 2, 1, 2, 1, 2, 3, 1, 1, 1, 1, 1, 1, 1, 1, 1, 1, 1, 1, 2, 1
PlayersStarted=184
PlayersQuit=169
StatsStartTime=1241855990477
StatsDumpTime=1241868591108
<<<<EndStats
2009-05-09 04:30:24,987 ERROR: vampire.server.feeding.FeedingRecord sendPlayerStartGameMsg [playerId=57863, prey=false, _predatorIndex=1068228]
2009-05-09 04:30:43,009 ERROR: vampire.server.feeding.FeedingRecord sendPlayerStartGameMsg [playerId=1104968, prey=false, _predatorIndex=]
2009-05-09 04:30:53,355 ERROR: vampire.server.feeding.FeedingRecord sendPlayerStartGameMsg [playerId=57863, prey=false, _predatorIndex=]
2009-05-09 04:32:05,372 ERROR: vampire.server.feeding.FeedingRecord sendPlayerStartGameMsg [playerId=526836, prey=true, _predatorIndex=]
2009-05-09 04:32:05,375 ERROR: vampire.server.feeding.FeedingRecord sendPlayerStartGameMsg [playerId=1361151, prey=false, _predatorIndex=]
2009-05-09 04:32:17,330 ERROR: vampire.server.feeding.FeedingRecord sendPlayerStartGameMsg [playerId=54322, prey=true, _predatorIndex=]
2009-05-09 04:32:17,331 ERROR: vampire.server.feeding.FeedingRecord sendPlayerStartGameMsg [playerId=1104968, prey=false, _predatorIndex=]
2009-05-09 04:32:20,746 ERROR: vampire.server.feeding.FeedingRecord sendPlayerStartGameMsg [playerId=624632, prey=true, _predatorIndex=]
2009-05-09 04:32:20,747 ERROR: vampire.server.feeding.FeedingRecord sendPlayerStartGameMsg [playerId=197932, prey=false, _predatorIndex=]
2009-05-09 04:33:17,871 ERROR: vampire.server.feeding.FeedingRecord sendPlayerStartGameMsg [playerId=1068228, prey=false, _predatorIndex=]
2009-05-09 04:33:28,677 ERROR: vampire.server.feeding.FeedingRecord sendPlayerStartGameMsg [playerId=468188, prey=false, _predatorIndex=57863]
2009-05-09 04:33:29,355 ERROR: vampire.server.feeding.FeedingRecord sendPlayerStartGameMsg [playerId=1104968, prey=false, _predatorIndex=1068228]
2009-05-09 04:34:01,567 ERROR: vampire.server.feeding.FeedingRecord sendPlayerStartGameMsg [playerId=468188, prey=false, _predatorIndex=57863,468188]
2009-05-09 04:34:15,312 ERROR: vampire.server.feeding.FeedingRecord sendPlayerStartGameMsg [playerId=468188, prey=false, _predatorIndex=57863,468188]
2009-05-09 04:34:24,325 ERROR: vampire.server.feeding.FeedingRecord sendPlayerStartGameMsg [playerId=468188, prey=false, _predatorIndex=57863,468188]
2009-05-09 04:34:52,070 ERROR: vampire.server.feeding.FeedingRecord sendPlayerStartGameMsg [playerId=197932, prey=true, _predatorIndex=]
2009-05-09 04:34:52,070 ERROR: vampire.server.feeding.FeedingRecord sendPlayerStartGameMsg [playerId=468188, prey=false, _predatorIndex=]
2009-05-09 04:35:17,612 ERROR: vampire.server.feeding.FeedingRecord sendPlayerStartGameMsg [playerId=1104968, prey=false, _predatorIndex=468188]
2009-05-09 04:35:23,032 ERROR: vampire.server.feeding.FeedingRecord sendPlayerStartGameMsg [playerId=37694, prey=false, _predatorIndex=]
2009-05-09 04:36:39,994 ERROR: vampire.server.feeding.FeedingRecord sendPlayerStartGameMsg [playerId=526836, prey=true, _predatorIndex=]
2009-05-09 04:36:39,996 ERROR: vampire.server.feeding.FeedingRecord sendPlayerStartGameMsg [playerId=311622, prey=false, _predatorIndex=]
2009-05-09 04:36:56,599 ERROR: vampire.server.feeding.FeedingRecord sendPlayerStartGameMsg [playerId=1104968, prey=false, _predatorIndex=]
2009-05-09 04:36:57,175 ERROR: vampire.server.feeding.FeedingRecord sendPlayerStartGameMsg [playerId=624632, prey=true, _predatorIndex=]
2009-05-09 04:36:57,176 ERROR: vampire.server.feeding.FeedingRecord sendPlayerStartGameMsg [playerId=1361151, prey=false, _predatorIndex=]
2009-05-09 04:39:04,444 ERROR: vampire.server.feeding.FeedingRecord sendPlayerStartGameMsg [playerId=75208, prey=false, _predatorIndex=]
2009-05-09 04:39:50,678 ERROR: vampire.server.feeding.FeedingRecord sendPlayerStartGameMsg [playerId=1178608, prey=true, _predatorIndex=]
2009-05-09 04:39:50,678 ERROR: vampire.server.feeding.FeedingRecord sendPlayerStartGameMsg [playerId=1132632, prey=false, _predatorIndex=]

>>>>BeginStats

>>>>BeginTable
PlayerId, StartTime, EndTime, ProgenyPayout, XPFromFeeding, FeedingGames, MeanFeedingScore, BloodBond, Progeny, GrandProgeny, Sire, Level, Invites
1010692, , , 394.4, 0, 0, 0, 0, 17, 0, 70997, , 
10260, , , 208.10000000000002, 0, 0, 0, 0, 10, 8, 713, , 
1062, , , 62.900000000000006, 0, 0, 0, 0, 11, 7, 713, , 
1062853, , , 18.85, 0, 0, 0, 0, 1, 19, 1124214, , 
10642, , , 245.15000000000003, 0, 0, 0, 0, 33, 7, 351598, , 
1068228, 1241867701573, , 0, 1101, 8, 128, 0, 0, 0, 188779, 2, 0
1073413, 1241856636102, 1241856707658, 0, 0, 0, 0, 0, 0, 0, 176400, 2, 
1092321, , , 15.850000000000001, 0, 0, 0, 0, 32, 8, 35568, , 
110056, 1241868034570, 1241868308591, 0, 629, 4, 159.25, 0, 0, 0, 1062, 2, 
1101, 1241856888509, 1241857774135, 0, 0, 0, 0, 0, 2, 19, 239981, 9, 1
1104968, 1241865265855, 1241869068506, 0, 1291, 5, 404, 0, 1, 0, 22308, 4, 1
1108399, 1241860775190, 1241861667700, 0, 377, 4, 93.5, 0, 0, 0, 153097, 3, 
1127083, , , 51.900000000000006, 0, 0, 0, 0, 20, 0, 998652, , 
112953, , , 13.200000000000001, 0, 0, 0, 0, 3, 7, 241176, , 
1129620, 1241857568877, 1241857575361, 0, 0, 0, 0, 0, 0, 0, 0, 1, 
113127, , , 88.45000000000002, 0, 0, 0, 0, 2, 5, 156956, , 
1132632, 1241869128719, , 0, 0, 0, 0, 0, 0, 0, 1092321, 2, 0
1162720, 1241864538759, 1241864614469, 0, 0, 0, 0, 0, 0, 0, 0, 1, 
1166100, 1241857504629, 1241857516545, 0, 0, 0, 0, 0, 0, 0, 176400, 1, 
117178, 1241861462503, 1241862594357, 0, 1160, 6, 193.33333333333334, 0, 0, 0, 533, 3, 
1174713, 1241861331827, 1241862134236, 0, 573, 4, 128, 0, 0, 0, 616423, 1, 
1178608, 1241869134343, , 0, 0, 0, 0, 0, 0, 0, 0, 1, 0
118975, 1241863721486, 1241863839514, 0, 69, 1, 137, 0, 1, 1, 160138, 12, 2
12, , , 1072.35, 0, 0, 0, 0, 20, 65, 383387, , 
1211902, 1241861305910, 1241862191683, 0, 230, 2, 62, 0, 0, 0, 31590, 1, 
1221858, 1241867038250, 1241867042489, 0, 0, 0, 0, 0, 0, 0, 0, 1, 
1232051, 1241857066524, 1241857937900, 0, 222, 2, 115, 0, 0, 0, 1285504, 1, 
1234731, 1241865734590, 1241866168136, 0, 137, 1, 138, 0, 0, 0, 1311317, 1, 
1238240, 1241868930843, , 0, 0, 0, 0, 0, 0, 0, 0, 1, 0
1241857, , , 784.2, 0, 0, 0, 0, 4, 4, 259344, , 
124585, , , 6.25, 0, 0, 0, 0, 5, 5, 143278, , 
1247293, 1241861378552, 1241861510429, 0, 0, 0, 0, 0, 0, 0, 217283, 1, 
1269811, 1241861898033, 1241866122449, 0, 1797, 13, 124.6923076923077, 0, 0, 0, 11600, 2, 
12770, , , 404.3, 0, 0, 0, 0, 23, 25, 383387, , 
12791, , , 388.35, 0, 0, 0, 0, 15, 16, 12, , 
1283945, 1241859583957, 1241859791631, 0, 0, 0, 0, 0, 0, 0, 276660, 1, 
1285504, 1241867392702, 1241867598799, 522.8, 5228, 16, 411.5, 1346597, 4, 0, 1241857, 4, 3
1297010, 1241866435387, 1241866731516, 0, 119, 1, 112, 0, 0, 0, 71724, 2, 
1307321, 1241863708138, 1241863750788, 0, 0, 0, 0, 0, 0, 0, 0, 1, 
1311317, 1241863281111, , 13.700000000000001, 3897, 18, 153.55555555555554, 0, 1, 0, 616423, 3, 0
1333542, 1241861787649, 1241863138578, 0, 460, 2, 166, 0, 0, 0, 31590, 1, 
1334562, 1241859803328, 1241861048899, 0, 649, 6, 107.83333333333333, 0, 0, 0, 336524, 1, 
1337283, 1241866513269, 1241866521656, 0, 0, 0, 0, 0, 0, 0, 0, 1, 
1339948, 1241866485169, 1241867812596, 0, 848, 7, 98.57142857142857, 0, 0, 0, 336524, 1, 
1344561, 1241865069796, 1241866264216, 0, 506, 4, 100.75, 0, 0, 0, 54776, 1, 
1346597, 1241858095506, 1241862093172, 0, 5006, 14, 259.7142857142857, 1285504, 0, 0, 1285504, 4, 
1348824, 1241858286015, 1241858779688, 0, 120, 1, 127, 0, 0, 0, 526836, 1, 
135504, 1241859264466, 1241859735084, 0, 128, 1, 151, 139439, 2, 1, 75123, 4, 0
135526, , , 212.9, 0, 0, 0, 0, 11, 0, 162782, , 
1359416, 1241857835006, 1241858117705, 0, 93, 1, 93, 0, 0, 0, 0, 1, 
1361151, 1241868681788, , 0, 216, 2, 112.5, 0, 0, 0, 526836, 1, 0
1361493, 1241863220669, 1241863243922, 0, 0, 0, 0, 0, 0, 0, 0, 1, 
1369520, 1241857343607, 1241857358170, 0, 0, 0, 0, 0, 0, 0, 0, 1, 
1370325, 1241859891923, 1241859908267, 0, 0, 0, 0, 0, 0, 0, 0, 1, 
1372195, 1241864401613, 1241864438820, 0, 0, 0, 0, 0, 0, 0, 0, 1, 
1372441, 1241864675717, 1241864770503, 0, 0, 0, 0, 0, 0, 0, 0, 1, 
137784, 1241857281606, 1241857685940, 0, 264, 1, 114, 0, 0, 0, 153510, 3, 0
139439, 1241859377160, 1241859522363, 0, 0, 0, 0, 135504, 1, 0, 372191, 3, 0
150469, , , 3.45, 0, 0, 0, 0, 3, 7, 57393, , 
153097, , , 37.7, 0, 0, 0, 0, 19, 0, 1062853, , 
153510, , , 26.400000000000002, 0, 0, 0, 0, 7, 0, 112953, , 
155376, , , 211.40000000000003, 0, 0, 0, 0, 5, 4, 113127, , 
155708, 1241863352966, 1241866192342, 0, 1153, 6, 138.66666666666666, 0, 0, 0, 616423, 2, 
15959, 1241859224223, 1241862515049, 0, 693, 5, 121.8, 0, 0, 0, 616423, 2, 
160138, , , 6.9, 0, 0, 0, 0, 7, 1, 150469, , 
160801, 1241864546270, 1241864661887, 0, 0, 0, 0, 0, 5, 2, 166371, 4, 3
161876, 1241859719029, 1241860018603, 0, 505, 4, 126.25, 0, 0, 0, 0, 2, 0
162782, , , 106.45, 0, 0, 0, 0, 7, 11, 36377, , 
167437, 1241856295185, 1241857114659, 0, 338, 3, 112.66666666666667, 0, 0, 0, 0, 1, 
172342, 1241861405643, 1241861499283, 0, 0, 0, 0, 0, 0, 0, 320570, 2, 0
178366, 1241866432411, 1241866434553, 0, 0, 0, 0, 0, 0, 0, 259344, 3, 0
181738, 1241864831230, 1241864857628, 0, 0, 0, 0, 0, 5, 4, 12791, 7, 5
183590, 1241866920753, 1241866938336, 0, 0, 0, 0, 0, 1, 1, 316089, 1, 1
188678, 1241862534573, 1241863506505, 0, 45014, 9, 7603, 0, 0, 0, 0, 4, 
188779, 1241864028439, 1241865083034, 110.10000000000002, 570, 3, 203.33333333333334, 0, 2, 0, 202762, 4, 1
195736, , , 427.25, 0, 0, 0, 0, 6, 35, 334835, , 
196149, 1241869024915, , 0, 0, 0, 0, 0, 0, 0, 185284, 3, 0
197932, 1241868354952, 1241869036483, 0, 289, 3, 106.66666666666667, 0, 0, 0, 333531, 3, 0
20260, , , 1255.2000000000007, 0, 0, 0, 0, 18, 16, 12, , 
202762, , , 112.04999999999998, 0, 0, 0, 0, 2, 2, 39403, , 
207385, 1241858591545, 1241858610553, 0, 0, 0, 0, 80072, 0, 0, 109906, 3, 0
210163, , , 44.95, 0, 0, 0, 0, 12, 20, 255725, , 
211715, , , 9.5, 0, 0, 0, 0, 2, 3, 299646, , 
22308, , , 129.1, 0, 0, 0, 0, 10, 1, 775158, , 
240287, 1241858610644, 1241858647350, 0, 0, 0, 0, 0, 0, 0, 351430, 2, 
243620, 1241855992590, 1241856630624, 0, 519, 3, 173, 0, 0, 0, 1127083, 2, 
259344, , , 261.4, 0, 0, 0, 0, 23, 4, 143538, , 
2606, 1241864837082, 1241867411670, 0, 364, 1, 472, 0, 8, 2, 307471, 7, 1
28294, , , 21.15, 0, 0, 0, 0, 7, 1, 5842, , 
2843, , , 6.4, 0, 0, 0, 0, 8, 34, 3383, , 
285870, 1241863597050, 1241864173790, 0, 46972, 10, 2718.9, 0, 0, 0, 616423, 4, 
289190, 1241858259778, 1241858353130, 0, 0, 0, 0, 0, 0, 0, 269484, 1, 
306627, 1241865502777, 1241865508911, 0, 0, 0, 0, 0, 0, 0, 339642, 3, 0
307471, , , 50.849999999999994, 0, 0, 0, 0, 7, 10, 12, , 
311622, 1241868900110, , 0, 99, 1, 80, 0, 0, 0, 526836, 1, 0
31590, 1241860952753, 1241864466739, 69, 1769, 8, 266.5, 0, 4, 1, 155376, 4, 0
317383, , , 134.00000000000003, 0, 0, 0, 0, 1, 3, 344937, , 
32169, 1241857683809, 1241857725055, 0, 2081, 4, 533.5, 219, 8, 0, 10260, 14, 5
32314, 1241862778474, 1241863175697, 0, 0, 0, 0, 635003, 10, 14, 40508, 13, 2
323949, 1241863554849, 1241863590733, 0, 0, 0, 0, 0, 0, 0, 49732, 1, 0
325853, 1241860025909, 1241861700860, 0, 1241, 12, 94.66666666666667, 0, 0, 0, 92600, 3, 0
333531, , , 28.900000000000002, 0, 0, 0, 0, 1, 0, 307471, , 
334835, , , 191.45, 0, 0, 0, 0, 2, 6, 143501, , 
336228, , , 7.050000000000001, 0, 0, 0, 0, 1, 14, 307471, , 
336524, 1241868283432, , 88.69999999999999, 3829, 15, 376.26666666666665, 101052, 35, 6, 195736, 12, 2
3383, 1241856173853, 1241857964739, 0, 3850, 6, 613.3333333333334, 8842, 6, 10, 12791, 16, 2
351430, , , 14.100000000000001, 0, 0, 0, 0, 14, 19, 336228, , 
359367, 1241861427704, 1241861593284, 0, 0, 0, 0, 0, 0, 0, 0, 1, 
37694, 1241868728329, 1241869065240, 0, 79, 1, 79, 0, 0, 0, 0, 1, 
383387, , , 202.15, 0, 0, 0, 0, 7, 57, 0, , 
387114, , , 67.50000000000001, 0, 0, 0, 0, 2, 3, 104034, , 
39403, , , 28.500000000000004, 0, 0, 0, 0, 5, 2, 130627, , 
396113, , , 28.700000000000003, 0, 0, 0, 0, 2, 11, 44987, , 
402469, 1241860643057, 1241864696170, 0, 423, 5, 87.8, 0, 3, 0, 407374, 3, 4
407374, , , 42.3, 0, 0, 0, 0, 1, 3, 28294, , 
412029, 1241867461613, 1241867466312, 0, 0, 0, 0, 0, 1, 0, 178650, 3, 1
4139, 1241867259941, , 0, 4043, 8, 507.375, 44987, 25, 23, 713, 19, 3
415271, 1241865662924, 1241865983706, 0, 125, 1, 146, 0, 11, 3, 66689, 4, 0
417202, 1241866610428, , 0, 2680, 14, 153.14285714285714, 0, 0, 0, 57395, 4, 0
417315, , , 6.7, 0, 0, 0, 0, 5, 0, 12791, , 
43402, , , 62.05000000000001, 0, 0, 0, 0, 12, 17, 123961, , 
437430, 1241861946751, 1241862525094, 0, 67, 1, 133, 0, 0, 0, 417315, 3, 0
438751, , , 89.9, 0, 0, 0, 0, 20, 8, 210163, , 
44987, 1241867266754, , 14.350000000000001, 4043, 8, 532.125, 4139, 18, 18, 12770, 14, 2
468188, 1241868753093, , 0, 141, 1, 162, 0, 19, 5, 351430, 7, 17
478092, 1241867366168, 1241867590903, 0, 0, 0, 0, 0, 0, 0, 0, 1, 
503, , , 305.6, 0, 0, 0, 0, 5, 2, 12, , 
505544, , , 19, 0, 0, 0, 0, 3, 0, 211715, , 
523528, 1241858443930, 1241858514548, 0, 0, 0, 0, 0, 0, 0, 0, 1, 0
526836, 1241868532682, , 43.5, 1350, 10, 119.2, 0, 4, 0, 93856, 3, 0
533, 1241863714804, 1241865083795, 116, 10134, 20, 601, 535, 10, 11, 20260, 14, 2
54322, 1241868583576, 1241868771664, 0, 0, 0, 0, 0, 0, 0, 0, 1, 0
543921, , , 31.700000000000003, 0, 0, 0, 0, 8, 0, 1092321, , 
54776, 1241868535010, 1241868747280, 178.1, 3676, 8, 523.625, 1062, 82, 35, 89757, 16, 3
554580, 1241867178868, 1241867190635, 0, 0, 0, 0, 0, 0, 0, 634607, 1, 
561926, 1241866179887, 1241866204478, 0, 0, 0, 0, 0, 0, 0, 0, 1, 
57395, , , 268.00000000000006, 0, 0, 0, 0, 3, 0, 317383, , 
57863, 1241868557071, 1241869035261, 0, 317, 2, 158.5, 0, 0, 0, 543921, 1, 0
58429, , , 928.75, 0, 0, 0, 0, 7, 6, 10642, , 
58859, 1241857632746, 1241858004921, 0, 287, 1, 287, 43017, 11, 23, 396113, 15, 2
616423, 1241862807434, 1241864785549, 883.7500000000002, 4903, 15, 364.8666666666667, 0, 6, 1, 58429, 4, 
622795, 1241865355202, 1241866654393, 0, 2129, 7, 187.42857142857142, 0, 0, 0, 135526, 2, 
622935, 1241864230334, 1241864271143, 0, 0, 0, 0, 0, 0, 0, 32654, 2, 
624632, 1241868617899, , 0, 190, 2, 92.5, 0, 0, 0, 505544, 2, 0
634607, 1241866248406, 1241867394772, 0, 1275, 7, 190.71428571428572, 0, 3, 3, 54776, 4, 1
646018, 1241868259350, , 0, 3944, 19, 199.47368421052633, 0, 0, 0, 1010692, 3, 0
66689, , , 12.5, 0, 0, 0, 0, 4, 11, 124585, , 
677, 1241866062001, 1241866175861, 0, 0, 0, 0, 621, 0, 0, 621, 4, 0
70997, , , 197.2, 0, 0, 0, 0, 35, 17, 397835, , 
713, 1241856893870, 1241857451644, 539.8000000000001, 0, 0, 0, 1265, 11, 79, 12, 19, 6
71724, , , 11.9, 0, 0, 0, 0, 22, 0, 94103, , 
75123, , , 12.8, 0, 0, 0, 0, 14, 14, 2843, , 
75208, 1241869091880, , 0, 0, 0, 0, 0, 0, 0, 0, 1, 0
775158, , , 64.55, 0, 0, 0, 0, 1, 10, 929303, , 
798148, 1241856352905, 1241856497936, 0, 0, 0, 0, 24814, 4, 0, 32314, 6, 3
8527, 1241856685838, 1241858383986, 0, 3056, 6, 440.1666666666667, 10260, 2, 0, 503, 13, 2
89757, , , 456.65000000000003, 0, 0, 0, 0, 3, 82, 20260, , 
906606, 1241858822551, 1241858856512, 0, 0, 0, 0, 0, 0, 0, 0, 1, 
92600, , , 124.10000000000002, 0, 0, 0, 0, 1, 0, 43402, , 
93856, , , 156.75, 0, 0, 0, 0, 3, 4, 387114, , 
94103, , , 5.95, 0, 0, 0, 0, 1, 22, 223494, , 
968, 1241856188627, 1241858128189, 0, 0, 0, 0, 0, 5, 3, 1704, 11, 2
988642, 1241866930692, , 0, 899, 4, 289, 91808, 8, 0, 438751, 8, 2
993774, 1241867959034, 1241868191677, 0, 0, 0, 0, 0, 0, 0, 63415, 1, 
998652, , , 25.950000000000003, 0, 0, 0, 0, 3, 20, 990799, , 
<<<<EndTable

PlayersOnlineNow=18
PlayersOnlineEachMinute=0, 3, 6, 4, 7, 7, 7, 7, 7, 6, 7, 7, 7, 8, 8, 9, 10, 10, 11, 10, 10, 11, 12, 12, 12, 11, 11, 10, 11, 10, 9, 10, 10, 8, 7, 7, 8, 8, 9, 10, 8, 9, 9, 8, 9, 9, 8, 8, 9, 8, 9, 9, 9, 9, 10, 12, 12, 13, 12, 12, 11, 13, 12, 12, 12, 12, 10, 11, 11, 11, 10, 9, 10, 10, 11, 11, 11, 11, 11, 12, 12, 11, 11, 13, 14, 12, 13, 13, 13, 13, 14, 17, 14, 15, 13, 13, 12, 14, 14, 14, 16, 16, 15, 14, 13, 12, 12, 12, 11, 9, 11, 10, 10, 11, 12, 12, 11, 10, 11, 12, 10, 10, 10, 11, 11, 10, 9, 10, 10, 13, 12, 12, 12, 12, 14, 15, 15, 14, 14, 15, 16, 16, 13, 15, 13, 13, 11, 9, 11, 11, 12, 11, 11, 11, 10, 11, 11, 11, 12, 13, 12, 12, 13, 15, 15, 15, 15, 14, 15, 14, 12, 11, 9, 9, 9, 10, 10, 12, 11, 10, 10, 9, 9, 10, 10, 10, 10, 10, 12, 12, 13, 12, 12, 11, 9, 9, 11, 11, 11, 12, 11, 12, 12, 13, 11, 12, 11, 13, 13, 12, 15, 17, 17, 16, 16, 16, 18, 18, 15, 17
PlayersInEachFeedingGame=1, 1, 2, 1, 1, 1, 1, 2, 2, 1, 2, 2, 2, 2, 1, 1, 2, 2, 2, 2, 2, 1, 1, 2, 1, 2, 1, 1, 1, 2, 2, 2, 2, 2, 1, 2, 1, 2, 2, 2, 2, 2, 2, 2, 2, 1, 2, 2, 2, 2, 2, 2, 1, 2, 2, 1, 1, 2, 1, 1, 2, 1, 2, 1, 2, 1, 1, 1, 1, 1, 1, 1, 2, 1, 1, 1, 2, 2, 1, 2, 2, 2, 1, 2, 1, 2, 2, 2, 2, 1, 2, 2, 1, 2, 4, 1, 2, 2, 1, 2, 2, 1, 2, 2, 2, 2, 2, 2, 2, 2, 2, 2, 2, 2, 2, 2, 2, 2, 2, 2, 2, 1, 2, 1, 2, 2, 2, 2, 2, 2, 1, 2, 1, 2, 1, 2, 3, 1, 1, 1, 1, 1, 1, 1, 1, 1, 1, 1, 1, 2, 1, 1, 2, 2, 2, 1, 2, 1, 2, 2, 1, 1
PlayersStarted=198
PlayersQuit=180
StatsStartTime=1241855990477
StatsDumpTime=1241869191139
<<<<EndStats
2009-05-09 04:39:54,504 ERROR: vampire.server.feeding.FeedingRecord sendPlayerStartGameMsg [playerId=196149, prey=false, _predatorIndex=]
2009-05-09 04:40:17,148 ERROR: vampire.server.feeding.FeedingRecord sendPlayerStartGameMsg [playerId=311622, prey=true, _predatorIndex=]
2009-05-09 04:40:17,149 ERROR: vampire.server.feeding.FeedingRecord sendPlayerStartGameMsg [playerId=468188, prey=false, _predatorIndex=]
2009-05-09 04:40:25,642 ERROR: vampire.server.feeding.FeedingRecord sendPlayerStartGameMsg [playerId=646018, prey=false, _predatorIndex=]
2009-05-09 04:41:55,515 ERROR: vampire.server.feeding.FeedingRecord sendPlayerStartGameMsg [playerId=1361151, prey=true, _predatorIndex=]
2009-05-09 04:41:55,516 ERROR: vampire.server.feeding.FeedingRecord sendPlayerStartGameMsg [playerId=1068228, prey=false, _predatorIndex=]
Error! Your code is broken! Unable to call a host method, perhaps you've been shut down? [msg=Room not in game [roomId=376218], trace=Error: Room not in game [roomId=376218]
	at com.threerings.msoy.avrg.client::ThaneAVRGameController/getRoomProps()[/export/bamboo/bamboo-home/xml-data/build-dir/WHIRLED-PROD/src/as/com/threerings/msoy/avrg/client/ThaneAVRGameController.as:182]
	at com.threerings.msoy.avrg.client::ThaneAVRGameBackend/room_sendMessage_v1()[/export/bamboo/bamboo-home/xml-data/build-dir/WHIRLED-PROD/src/as/com/threerings/msoy/avrg/client/ThaneAVRGameBackend.as:540]
	at Function/http://adobe.com/AS3/2006/builtin::apply()
	at com.whirled::AbstractControl/callHostCode()
	at Function/http://adobe.com/AS3/2006/builtin::apply()
	at com.whirled::AbstractSubControl/callHostCode()
	at Function/http://adobe.com/AS3/2006/builtin::apply()
	at com.whirled::TargetedSubControl/callHostCode()
	at com.whirled.avrg::RoomSubControlServer/sendMessage()
	at vampire.feeding.server::ServerCtx/sendMessage()
	at vampire.feeding.server::ServerGameMode/onTimeOver()
	at flash.events::EventDispatcher/dispatchEvent()
	at flash.utils::Timer/expire()
	at flash.utils::Timer$/heartbeat()
	at Thane$/heartbeat()
	at Thane$/heartbeat()].
2009-05-09 04:42:13,278 ERROR: vampire.server.feeding.FeedingRecord sendPlayerStartGameMsg [playerId=526836, prey=true, _predatorIndex=]
2009-05-09 04:42:13,278 ERROR: vampire.server.feeding.FeedingRecord sendPlayerStartGameMsg [playerId=75208, prey=false, _predatorIndex=]
2009-05-09 04:42:53,461 ERROR: vampire.server.feeding.FeedingRecord sendPlayerStartGameMsg [playerId=311622, prey=false, _predatorIndex=]
2009-05-09 04:43:52,209 ERROR: vampire.server.feeding.FeedingRecord sendPlayerStartGameMsg [playerId=680830, prey=false, _predatorIndex=]
2009-05-09 04:44:40,256 ERROR: vampire.server.feeding.FeedingRecord sendPlayerStartGameMsg [playerId=1132632, prey=false, _predatorIndex=311622]
2009-05-09 04:45:38,989 ERROR: vampire.server.feeding.FeedingRecord sendPlayerStartGameMsg [playerId=1068228, prey=false, _predatorIndex=]
2009-05-09 04:45:59,956 ERROR: vampire.server.feeding.FeedingRecord sendPlayerStartGameMsg [playerId=44987, prey=true, _predatorIndex=]
2009-05-09 04:45:59,957 ERROR: vampire.server.feeding.FeedingRecord sendPlayerStartGameMsg [playerId=4139, prey=false, _predatorIndex=]
2009-05-09 04:46:00,594 ERROR: vampire.server.feeding.FeedingRecord sendPlayerStartGameMsg [playerId=75208, prey=false, _predatorIndex=311622,1132632]
2009-05-09 04:46:23,160 ERROR: vampire.server.feeding.FeedingRecord sendPlayerStartGameMsg [playerId=75208, prey=false, _predatorIndex=]
2009-05-09 04:47:14,737 ERROR: vampire.server.feeding.FeedingRecord sendPlayerStartGameMsg [playerId=57863, prey=false, _predatorIndex=]
2009-05-09 04:48:13,970 ERROR: vampire.server.feeding.FeedingRecord sendPlayerStartGameMsg [playerId=1132632, prey=false, _predatorIndex=57863]
2009-05-09 04:49:38,329 ERROR: vampire.server.feeding.FeedingRecord sendPlayerStartGameMsg [playerId=311622, prey=false, _predatorIndex=]

>>>>BeginStats

>>>>BeginTable
PlayerId, StartTime, EndTime, ProgenyPayout, XPFromFeeding, FeedingGames, MeanFeedingScore, BloodBond, Progeny, GrandProgeny, Sire, Level, Invites
1010692, , , 500.49999999999994, 0, 0, 0, 0, 17, 0, 70997, , 
10260, , , 208.10000000000002, 0, 0, 0, 0, 10, 8, 713, , 
1062, , , 62.900000000000006, 0, 0, 0, 0, 11, 7, 713, , 
1062853, , , 18.85, 0, 0, 0, 0, 1, 19, 1124214, , 
10642, , , 245.15000000000003, 0, 0, 0, 0, 33, 7, 351598, , 
1068228, 1241867701573, , 0, 1342, 10, 127.4, 0, 0, 0, 188779, 2, 0
1073413, 1241856636102, 1241856707658, 0, 0, 0, 0, 0, 0, 0, 176400, 2, 
1092321, , , 61.150000000000006, 0, 0, 0, 0, 32, 8, 35568, , 
110056, 1241868034570, 1241868308591, 0, 629, 4, 159.25, 0, 0, 0, 1062, 2, 
1101, 1241856888509, 1241857774135, 0, 0, 0, 0, 0, 2, 19, 239981, 9, 1
1104968, 1241865265855, 1241869068506, 0, 1291, 5, 404, 0, 1, 0, 22308, 4, 1
1108399, 1241860775190, 1241861667700, 0, 377, 4, 93.5, 0, 0, 0, 153097, 3, 
1127083, , , 51.900000000000006, 0, 0, 0, 0, 20, 0, 998652, , 
112953, , , 13.200000000000001, 0, 0, 0, 0, 3, 7, 241176, , 
1129620, 1241857568877, 1241857575361, 0, 0, 0, 0, 0, 0, 0, 0, 1, 
113127, , , 88.45000000000002, 0, 0, 0, 0, 2, 5, 156956, , 
1132632, 1241869128719, , 0, 392, 3, 140, 0, 0, 0, 1092321, 2, 0
1162720, 1241864538759, 1241864614469, 0, 0, 0, 0, 0, 0, 0, 0, 1, 
1166100, 1241857504629, 1241857516545, 0, 0, 0, 0, 0, 0, 0, 176400, 1, 
117178, 1241861462503, 1241862594357, 0, 1160, 6, 193.33333333333334, 0, 0, 0, 533, 3, 
1174713, 1241861331827, 1241862134236, 0, 573, 4, 128, 0, 0, 0, 616423, 1, 
1178608, 1241869134343, 1241869602618, 0, 280, 2, 125.5, 0, 0, 0, 0, 1, 
118975, 1241863721486, 1241863839514, 0, 69, 1, 137, 0, 1, 1, 160138, 12, 2
12, , , 1107, 0, 0, 0, 0, 20, 65, 383387, , 
1211902, 1241861305910, 1241862191683, 0, 230, 2, 62, 0, 0, 0, 31590, 1, 
1221858, 1241867038250, 1241867042489, 0, 0, 0, 0, 0, 0, 0, 0, 1, 
1232051, 1241857066524, 1241857937900, 0, 222, 2, 115, 0, 0, 0, 1285504, 1, 
1234731, 1241865734590, 1241866168136, 0, 137, 1, 138, 0, 0, 0, 1311317, 1, 
1238240, 1241868930843, , 0, 0, 0, 0, 0, 0, 0, 0, 1, 0
1241857, , , 784.2, 0, 0, 0, 0, 4, 4, 259344, , 
124585, , , 6.25, 0, 0, 0, 0, 5, 5, 143278, , 
1247293, 1241861378552, 1241861510429, 0, 0, 0, 0, 0, 0, 0, 217283, 1, 
1269811, 1241861898033, 1241866122449, 0, 1797, 13, 124.6923076923077, 0, 0, 0, 11600, 2, 
12770, , , 473.6, 0, 0, 0, 0, 23, 25, 383387, , 
12791, , , 388.35, 0, 0, 0, 0, 15, 16, 12, , 
1283945, 1241859583957, 1241859791631, 0, 0, 0, 0, 0, 0, 0, 276660, 1, 
1285504, 1241867392702, 1241867598799, 522.8, 5228, 16, 411.5, 1346597, 4, 0, 1241857, 4, 3
1297010, 1241866435387, 1241866731516, 0, 119, 1, 112, 0, 0, 0, 71724, 2, 
1307321, 1241863708138, 1241863750788, 0, 0, 0, 0, 0, 0, 0, 0, 1, 
1311317, 1241863281111, , 13.700000000000001, 3897, 18, 153.55555555555554, 0, 1, 0, 616423, 3, 0
1333542, 1241861787649, 1241863138578, 0, 460, 2, 166, 0, 0, 0, 31590, 1, 
1334562, 1241859803328, 1241861048899, 0, 649, 6, 107.83333333333333, 0, 0, 0, 336524, 1, 
1337283, 1241866513269, 1241866521656, 0, 0, 0, 0, 0, 0, 0, 0, 1, 
1339948, 1241866485169, 1241867812596, 0, 848, 7, 98.57142857142857, 0, 0, 0, 336524, 1, 
1344561, 1241865069796, 1241866264216, 0, 506, 4, 100.75, 0, 0, 0, 54776, 1, 
1346597, 1241858095506, 1241862093172, 0, 5006, 14, 259.7142857142857, 1285504, 0, 0, 1285504, 4, 
1348824, 1241858286015, 1241858779688, 0, 120, 1, 127, 0, 0, 0, 526836, 1, 
135504, 1241859264466, 1241859735084, 0, 128, 1, 151, 139439, 2, 1, 75123, 4, 0
135526, , , 212.9, 0, 0, 0, 0, 11, 0, 162782, , 
1359416, 1241857835006, 1241858117705, 0, 93, 1, 93, 0, 0, 0, 0, 1, 
1361151, 1241868681788, 1241869721274, 0, 337, 3, 112.33333333333333, 0, 0, 0, 526836, 1, 
1361493, 1241863220669, 1241863243922, 0, 0, 0, 0, 0, 0, 0, 0, 1, 
1369520, 1241857343607, 1241857358170, 0, 0, 0, 0, 0, 0, 0, 0, 1, 
1370325, 1241859891923, 1241859908267, 0, 0, 0, 0, 0, 0, 0, 0, 1, 
1372195, 1241864401613, 1241864438820, 0, 0, 0, 0, 0, 0, 0, 0, 1, 
1372441, 1241864675717, 1241864770503, 0, 0, 0, 0, 0, 0, 0, 0, 1, 
137784, 1241857281606, 1241857685940, 0, 264, 1, 114, 0, 0, 0, 153510, 3, 0
139439, 1241859377160, 1241859522363, 0, 0, 0, 0, 135504, 1, 0, 372191, 3, 0
150469, , , 3.45, 0, 0, 0, 0, 3, 7, 57393, , 
153097, , , 37.7, 0, 0, 0, 0, 19, 0, 1062853, , 
153510, , , 26.400000000000002, 0, 0, 0, 0, 7, 0, 112953, , 
155376, , , 211.40000000000003, 0, 0, 0, 0, 5, 4, 113127, , 
155708, 1241863352966, 1241866192342, 0, 1153, 6, 138.66666666666666, 0, 0, 0, 616423, 2, 
15959, 1241859224223, 1241862515049, 10.600000000000001, 693, 5, 121.8, 0, 1, 0, 616423, 2, 
160138, , , 6.9, 0, 0, 0, 0, 7, 1, 150469, , 
160801, 1241864546270, 1241864661887, 0, 0, 0, 0, 0, 5, 2, 166371, 4, 3
161876, 1241859719029, 1241860018603, 0, 505, 4, 126.25, 0, 0, 0, 0, 2, 0
162782, , , 106.45, 0, 0, 0, 0, 7, 11, 36377, , 
167437, 1241856295185, 1241857114659, 0, 338, 3, 112.66666666666667, 0, 0, 0, 0, 1, 
167869, 1241869406003, 1241869458168, 0, 0, 0, 0, 0, 0, 0, 158722, 1, 
172342, 1241861405643, 1241861499283, 0, 0, 0, 0, 0, 0, 0, 320570, 2, 0
178366, 1241866432411, 1241866434553, 0, 0, 0, 0, 0, 0, 0, 259344, 3, 0
181738, 1241864831230, 1241864857628, 0, 0, 0, 0, 0, 5, 4, 12791, 7, 5
183590, 1241866920753, 1241866938336, 0, 0, 0, 0, 0, 1, 1, 316089, 1, 1
188678, 1241862534573, 1241863506505, 0, 45014, 9, 7603, 0, 0, 0, 0, 4, 
188779, 1241864028439, 1241865083034, 134.20000000000002, 570, 3, 203.33333333333334, 0, 2, 0, 202762, 4, 1
194401, 1241869644101, , 0, 0, 0, 0, 0, 2, 1, 49732, 5, 2
195736, , , 427.25, 0, 0, 0, 0, 6, 35, 334835, , 
196149, 1241869024915, 1241869244495, 0, 0, 0, 0, 0, 0, 0, 185284, 3, 0
197932, 1241868354952, 1241869036483, 0, 289, 3, 106.66666666666667, 0, 0, 0, 333531, 3, 0
20260, , , 1255.2000000000007, 0, 0, 0, 0, 18, 16, 12, , 
202762, , , 124.09999999999998, 0, 0, 0, 0, 2, 2, 39403, , 
207385, 1241858591545, 1241858610553, 0, 0, 0, 0, 80072, 0, 0, 109906, 3, 0
210163, , , 44.95, 0, 0, 0, 0, 12, 20, 255725, , 
211715, , , 9.5, 0, 0, 0, 0, 2, 3, 299646, , 
22308, , , 129.1, 0, 0, 0, 0, 10, 1, 775158, , 
240287, 1241858610644, 1241858647350, 0, 0, 0, 0, 0, 0, 0, 351430, 2, 
243620, 1241855992590, 1241856630624, 0, 519, 3, 173, 0, 0, 0, 1127083, 2, 
259344, , , 261.4, 0, 0, 0, 0, 23, 4, 143538, , 
2606, 1241864837082, 1241867411670, 0, 364, 1, 472, 0, 8, 2, 307471, 7, 1
28294, , , 21.15, 0, 0, 0, 0, 7, 1, 5842, , 
2843, , , 6.4, 0, 0, 0, 0, 8, 34, 3383, , 
285870, 1241863597050, 1241864173790, 0, 46972, 10, 2718.9, 0, 0, 0, 616423, 4, 
289190, 1241858259778, 1241858353130, 0, 0, 0, 0, 0, 0, 0, 269484, 1, 
306627, 1241865502777, 1241865508911, 0, 0, 0, 0, 0, 0, 0, 339642, 3, 0
307471, , , 50.849999999999994, 0, 0, 0, 0, 7, 10, 12, , 
311622, 1241868900110, , 0, 335, 3, 98.33333333333333, 0, 0, 0, 526836, 1, 0
31590, 1241860952753, 1241864466739, 69, 1769, 8, 266.5, 0, 4, 1, 155376, 4, 0
317383, , , 134.00000000000003, 0, 0, 0, 0, 1, 3, 344937, , 
32169, 1241857683809, 1241857725055, 0, 2081, 4, 533.5, 219, 8, 0, 10260, 14, 5
32314, 1241862778474, 1241863175697, 0, 0, 0, 0, 635003, 10, 14, 40508, 13, 2
323949, 1241863554849, 1241863590733, 0, 0, 0, 0, 0, 0, 0, 49732, 1, 0
325853, 1241860025909, 1241861700860, 0, 1241, 12, 94.66666666666667, 0, 0, 0, 92600, 3, 0
333531, , , 28.900000000000002, 0, 0, 0, 0, 1, 0, 307471, , 
334835, , , 191.45, 0, 0, 0, 0, 2, 6, 143501, , 
336228, , , 14.05, 0, 0, 0, 0, 1, 14, 307471, , 
336524, 1241868283432, , 88.69999999999999, 3829, 15, 376.26666666666665, 101052, 35, 6, 195736, 12, 2
3383, 1241856173853, 1241857964739, 0, 3850, 6, 613.3333333333334, 8842, 6, 10, 12791, 16, 2
351430, , , 28.1, 0, 0, 0, 0, 14, 19, 336228, , 
35568, , , 19.6, 0, 0, 0, 0, 3, 32, 258951, , 
359367, 1241861427704, 1241861593284, 0, 0, 0, 0, 0, 0, 0, 0, 1, 
37694, 1241868728329, 1241869065240, 0, 79, 1, 79, 0, 0, 0, 0, 1, 
383387, , , 236.8, 0, 0, 0, 0, 7, 57, 0, , 
387114, , , 74.25000000000001, 0, 0, 0, 0, 2, 3, 104034, , 
39403, , , 28.500000000000004, 0, 0, 0, 0, 5, 2, 130627, , 
396113, , , 28.700000000000003, 0, 0, 0, 0, 2, 11, 44987, , 
402469, 1241860643057, 1241864696170, 0, 423, 5, 87.8, 0, 3, 0, 407374, 3, 4
407374, , , 42.3, 0, 0, 0, 0, 1, 3, 28294, , 
412029, 1241867461613, 1241867466312, 0, 0, 0, 0, 0, 1, 0, 178650, 3, 1
4139, 1241867259941, , 0, 4736, 9, 539.4444444444445, 44987, 25, 23, 713, 19, 3
415271, 1241865662924, 1241865983706, 0, 125, 1, 146, 0, 11, 3, 66689, 4, 0
417202, 1241866610428, 1241869205444, 0, 2680, 14, 153.14285714285714, 0, 0, 0, 57395, 4, 0
417315, , , 6.7, 0, 0, 0, 0, 5, 0, 12791, , 
43402, , , 62.05000000000001, 0, 0, 0, 0, 12, 17, 123961, , 
437430, 1241861946751, 1241862525094, 0, 67, 1, 133, 0, 0, 0, 417315, 3, 0
438751, , , 89.9, 0, 0, 0, 0, 20, 8, 210163, , 
44987, 1241867266754, , 14.350000000000001, 4736, 9, 538.4444444444445, 4139, 18, 18, 12770, 14, 2
468188, 1241868753093, 1241869749996, 0, 281, 2, 161, 0, 19, 5, 351430, 7, 17
478092, 1241867366168, 1241867590903, 0, 0, 0, 0, 0, 0, 0, 0, 1, 
503, , , 305.6, 0, 0, 0, 0, 5, 2, 12, , 
505544, , , 19, 0, 0, 0, 0, 3, 0, 211715, , 
523528, 1241858443930, 1241858514548, 0, 0, 0, 0, 0, 0, 0, 0, 1, 0
526836, 1241868532682, , 102.6, 1485, 11, 122.72727272727273, 0, 5, 0, 93856, 3, 0
533, 1241863714804, 1241865083795, 116, 10134, 20, 601, 535, 10, 11, 20260, 14, 2
54322, 1241868583576, 1241868771664, 0, 0, 0, 0, 0, 0, 0, 0, 1, 0
543921, , , 43.900000000000006, 0, 0, 0, 0, 8, 0, 1092321, , 
54776, 1241869628239, , 178.1, 3676, 8, 523.625, 1062, 82, 35, 89757, 16, 3
554580, 1241867178868, 1241867190635, 0, 0, 0, 0, 0, 0, 0, 634607, 1, 
561926, 1241866179887, 1241866204478, 0, 0, 0, 0, 0, 0, 0, 0, 1, 
57395, , , 268.00000000000006, 0, 0, 0, 0, 3, 0, 317383, , 
57863, 1241869571479, , 0, 439, 3, 146.33333333333334, 0, 0, 0, 543921, 1, 0
58429, , , 928.75, 0, 0, 0, 0, 7, 6, 10642, , 
58859, 1241857632746, 1241858004921, 0, 287, 1, 287, 43017, 11, 23, 396113, 15, 2
597194, 1241869407340, 1241869439181, 0, 0, 0, 0, 0, 0, 0, 0, 1, 
616423, 1241862807434, 1241864785549, 889.0500000000002, 4903, 15, 364.8666666666667, 0, 6, 2, 58429, 4, 
622795, 1241865355202, 1241866654393, 0, 2129, 7, 187.42857142857142, 0, 0, 0, 135526, 2, 
622935, 1241864230334, 1241864271143, 0, 0, 0, 0, 0, 0, 0, 32654, 2, 
624632, 1241868617899, 1241869373468, 0, 190, 2, 92.5, 0, 0, 0, 505544, 2, 
634607, 1241866248406, 1241867394772, 0, 1275, 7, 190.71428571428572, 0, 3, 3, 54776, 4, 1
646018, 1241868259350, , 0, 5005, 24, 202.125, 0, 0, 0, 1010692, 3, 0
66689, , , 12.5, 0, 0, 0, 0, 4, 11, 124585, , 
677, 1241866062001, 1241866175861, 0, 0, 0, 0, 621, 0, 0, 621, 4, 0
680830, 1241869366883, 1241869772339, 0, 106, 1, 106, 0, 0, 0, 15959, 1, 
70997, , , 250.24999999999997, 0, 0, 0, 0, 35, 17, 397835, , 
713, 1241856893870, 1241857451644, 609.1, 0, 0, 0, 1265, 11, 79, 12, 19, 6
71724, , , 11.9, 0, 0, 0, 0, 22, 0, 94103, , 
75123, , , 12.8, 0, 0, 0, 0, 14, 14, 2843, , 
75208, 1241869091880, , 0, 328, 3, 101.33333333333333, 0, 0, 0, 526836, 1, 0
775158, , , 64.55, 0, 0, 0, 0, 1, 10, 929303, , 
798148, 1241856352905, 1241856497936, 0, 0, 0, 0, 24814, 4, 0, 32314, 6, 3
8527, 1241856685838, 1241858383986, 0, 3056, 6, 440.1666666666667, 10260, 2, 0, 503, 13, 2
89757, , , 456.65000000000003, 0, 0, 0, 0, 3, 82, 20260, , 
906606, 1241858822551, 1241858856512, 0, 0, 0, 0, 0, 0, 0, 0, 1, 
92600, , , 124.10000000000002, 0, 0, 0, 0, 1, 0, 43402, , 
93856, , , 199.8, 0, 0, 0, 0, 3, 5, 387114, , 
94103, , , 5.95, 0, 0, 0, 0, 1, 22, 223494, , 
968, 1241856188627, 1241858128189, 0, 0, 0, 0, 0, 5, 3, 1704, 11, 2
988642, 1241866930692, , 0, 899, 4, 289, 91808, 8, 0, 438751, 8, 2
993774, 1241867959034, 1241868191677, 0, 0, 0, 0, 0, 0, 0, 63415, 1, 
998652, , , 25.950000000000003, 0, 0, 0, 0, 3, 20, 990799, , 
<<<<EndTable

PlayersOnlineNow=15
PlayersOnlineEachMinute=0, 3, 6, 4, 7, 7, 7, 7, 7, 6, 7, 7, 7, 8, 8, 9, 10, 10, 11, 10, 10, 11, 12, 12, 12, 11, 11, 10, 11, 10, 9, 10, 10, 8, 7, 7, 8, 8, 9, 10, 8, 9, 9, 8, 9, 9, 8, 8, 9, 8, 9, 9, 9, 9, 10, 12, 12, 13, 12, 12, 11, 13, 12, 12, 12, 12, 10, 11, 11, 11, 10, 9, 10, 10, 11, 11, 11, 11, 11, 12, 12, 11, 11, 13, 14, 12, 13, 13, 13, 13, 14, 17, 14, 15, 13, 13, 12, 14, 14, 14, 16, 16, 15, 14, 13, 12, 12, 12, 11, 9, 11, 10, 10, 11, 12, 12, 11, 10, 11, 12, 10, 10, 10, 11, 11, 10, 9, 10, 10, 13, 12, 12, 12, 12, 14, 15, 15, 14, 14, 15, 16, 16, 13, 15, 13, 13, 11, 9, 11, 11, 12, 11, 11, 11, 10, 11, 11, 11, 12, 13, 12, 12, 13, 15, 15, 15, 15, 14, 15, 14, 12, 11, 9, 9, 9, 10, 10, 12, 11, 10, 10, 9, 9, 10, 10, 10, 10, 10, 12, 12, 13, 12, 12, 11, 9, 9, 11, 11, 11, 12, 11, 12, 12, 13, 11, 12, 11, 13, 13, 12, 15, 17, 17, 16, 16, 16, 18, 18, 15, 17, 18, 16, 16, 17, 18, 16, 16, 16, 18, 17
PlayersInEachFeedingGame=1, 1, 2, 1, 1, 1, 1, 2, 2, 1, 2, 2, 2, 2, 1, 1, 2, 2, 2, 2, 2, 1, 1, 2, 1, 2, 1, 1, 1, 2, 2, 2, 2, 2, 1, 2, 1, 2, 2, 2, 2, 2, 2, 2, 2, 1, 2, 2, 2, 2, 2, 2, 1, 2, 2, 1, 1, 2, 1, 1, 2, 1, 2, 1, 2, 1, 1, 1, 1, 1, 1, 1, 2, 1, 1, 1, 2, 2, 1, 2, 2, 2, 1, 2, 1, 2, 2, 2, 2, 1, 2, 2, 1, 2, 4, 1, 2, 2, 1, 2, 2, 1, 2, 2, 2, 2, 2, 2, 2, 2, 2, 2, 2, 2, 2, 2, 2, 2, 2, 2, 2, 1, 2, 1, 2, 2, 2, 2, 2, 2, 1, 2, 1, 2, 1, 2, 3, 1, 1, 1, 1, 1, 1, 1, 1, 1, 1, 1, 1, 2, 1, 1, 2, 2, 2, 1, 2, 1, 2, 2, 1, 1, 2, 1, 2, 1, 2, 2, 1, 1, 1, 2, 1, 1, 1
PlayersStarted=204
PlayersQuit=189
StatsStartTime=1241855990477
StatsDumpTime=1241869791179
<<<<EndStats
2009-05-09 04:51:48,687 ERROR: vampire.server.feeding.FeedingRecord sendPlayerStartGameMsg [playerId=526836, prey=true, _predatorIndex=]
2009-05-09 04:51:48,688 ERROR: vampire.server.feeding.FeedingRecord sendPlayerStartGameMsg [playerId=421572, prey=false, _predatorIndex=]
2009-05-09 04:52:53,899 ERROR: vampire.server.feeding.FeedingRecord sendPlayerStartGameMsg [playerId=628527, prey=false, _predatorIndex=421572]
2009-05-09 04:54:34,489 ERROR: vampire.server.feeding.FeedingRecord sendPlayerStartGameMsg [playerId=311622, prey=false, _predatorIndex=]
2009-05-09 04:58:04,227 ERROR: vampire.server.feeding.FeedingRecord sendPlayerStartGameMsg [playerId=54776, prey=true, _predatorIndex=]
2009-05-09 04:58:04,228 ERROR: vampire.server.feeding.FeedingRecord sendPlayerStartGameMsg [playerId=75208, prey=false, _predatorIndex=]

>>>>BeginStats

>>>>BeginTable
PlayerId, StartTime, EndTime, ProgenyPayout, XPFromFeeding, FeedingGames, MeanFeedingScore, BloodBond, Progeny, GrandProgeny, Sire, Level, Invites
1010692, , , 522.9, 0, 0, 0, 0, 17, 12, 70997, , 
10260, , , 208.10000000000002, 0, 0, 0, 0, 10, 8, 713, , 
1032874, 1241869992672, 1241870165954, 0, 0, 0, 0, 1090611, 4, 0, 1127083, 4, 
1062, , , 62.900000000000006, 0, 0, 0, 0, 11, 7, 713, , 
1062853, , , 18.85, 0, 0, 0, 0, 1, 19, 1124214, , 
10642, , , 245.15000000000003, 0, 0, 0, 0, 33, 7, 351598, , 
1068228, 1241867701573, 1241870065630, 0, 1342, 10, 127.4, 0, 0, 0, 188779, 2, 
1073413, 1241856636102, 1241856707658, 0, 0, 0, 0, 0, 0, 0, 176400, 2, 
1092321, , , 78.4, 0, 0, 0, 0, 32, 8, 35568, , 
110056, 1241868034570, 1241868308591, 0, 629, 4, 159.25, 0, 0, 0, 1062, 2, 
1101, 1241856888509, 1241857774135, 0, 0, 0, 0, 0, 2, 19, 239981, 9, 1
1104968, 1241865265855, 1241869068506, 0, 1291, 5, 404, 0, 1, 0, 22308, 4, 1
1108399, 1241860775190, 1241861667700, 0, 377, 4, 93.5, 0, 0, 0, 153097, 3, 
1127083, , , 51.900000000000006, 0, 0, 0, 0, 20, 4, 998652, , 
112953, , , 13.200000000000001, 0, 0, 0, 0, 3, 7, 241176, , 
1129620, 1241857568877, 1241857575361, 0, 0, 0, 0, 0, 0, 0, 0, 1, 
113127, , , 88.45000000000002, 0, 0, 0, 0, 2, 5, 156956, , 
1132632, 1241869128719, 1241870313451, 0, 507, 4, 131.75, 0, 0, 0, 1092321, 2, 
1162720, 1241864538759, 1241864614469, 0, 0, 0, 0, 0, 0, 0, 0, 1, 
1166100, 1241857504629, 1241857516545, 0, 0, 0, 0, 0, 0, 0, 176400, 1, 
117178, 1241861462503, 1241862594357, 0, 1160, 6, 193.33333333333334, 0, 0, 0, 533, 3, 
1174713, 1241861331827, 1241862134236, 0, 573, 4, 128, 0, 0, 0, 616423, 1, 
1178608, 1241869134343, 1241869602618, 0, 280, 2, 125.5, 0, 0, 0, 0, 1, 
118975, 1241863721486, 1241863839514, 0, 69, 1, 137, 0, 1, 1, 160138, 12, 2
12, , , 1266.95, 0, 0, 0, 0, 20, 65, 383387, , 
1211902, 1241861305910, 1241862191683, 0, 230, 2, 62, 0, 0, 0, 31590, 1, 
1221858, 1241867038250, 1241867042489, 0, 0, 0, 0, 0, 0, 0, 0, 1, 
1232051, 1241857066524, 1241857937900, 0, 222, 2, 115, 0, 0, 0, 1285504, 1, 
1234731, 1241865734590, 1241866168136, 0, 137, 1, 138, 0, 0, 0, 1311317, 1, 
1238240, 1241868930843, , 0, 0, 0, 0, 0, 0, 0, 0, 1, 0
1241857, , , 784.2, 0, 0, 0, 0, 4, 4, 259344, , 
124585, , , 6.25, 0, 0, 0, 0, 5, 5, 143278, , 
1247293, 1241861378552, 1241861510429, 0, 0, 0, 0, 0, 0, 0, 217283, 1, 
1269811, 1241861898033, 1241866122449, 0, 1797, 13, 124.6923076923077, 0, 0, 0, 11600, 2, 
12770, , , 793.5, 0, 0, 0, 0, 23, 25, 383387, , 
12791, , , 388.35, 0, 0, 0, 0, 15, 16, 12, , 
1283945, 1241859583957, 1241859791631, 0, 0, 0, 0, 0, 0, 0, 276660, 1, 
1285504, 1241867392702, 1241867598799, 522.8, 5228, 16, 411.5, 1346597, 4, 0, 1241857, 4, 3
1297010, 1241866435387, 1241866731516, 0, 119, 1, 112, 0, 0, 0, 71724, 2, 
1307321, 1241863708138, 1241863750788, 0, 0, 0, 0, 0, 0, 0, 0, 1, 
1311317, 1241863281111, , 13.700000000000001, 3897, 18, 153.55555555555554, 0, 1, 0, 616423, 3, 0
1333542, 1241861787649, 1241863138578, 0, 460, 2, 166, 0, 0, 0, 31590, 1, 
1334562, 1241859803328, 1241861048899, 0, 649, 6, 107.83333333333333, 0, 0, 0, 336524, 1, 
1337283, 1241866513269, 1241866521656, 0, 0, 0, 0, 0, 0, 0, 0, 1, 
1339948, 1241866485169, 1241867812596, 0, 848, 7, 98.57142857142857, 0, 0, 0, 336524, 1, 
1344561, 1241865069796, 1241866264216, 0, 506, 4, 100.75, 0, 0, 0, 54776, 1, 
1346597, 1241858095506, 1241862093172, 0, 5006, 14, 259.7142857142857, 1285504, 0, 0, 1285504, 4, 
1348824, 1241858286015, 1241858779688, 0, 120, 1, 127, 0, 0, 0, 526836, 1, 
135504, 1241859264466, 1241859735084, 0, 128, 1, 151, 139439, 2, 1, 75123, 4, 0
135526, , , 212.9, 0, 0, 0, 0, 11, 0, 162782, , 
1359416, 1241857835006, 1241858117705, 0, 93, 1, 93, 0, 0, 0, 0, 1, 
1361151, 1241868681788, 1241869721274, 0, 337, 3, 112.33333333333333, 0, 0, 0, 526836, 1, 
1361493, 1241863220669, 1241863243922, 0, 0, 0, 0, 0, 0, 0, 0, 1, 
1369520, 1241857343607, 1241857358170, 0, 0, 0, 0, 0, 0, 0, 0, 1, 
1370325, 1241859891923, 1241859908267, 0, 0, 0, 0, 0, 0, 0, 0, 1, 
1372195, 1241864401613, 1241864438820, 0, 0, 0, 0, 0, 0, 0, 0, 1, 
1372441, 1241864675717, 1241864770503, 0, 0, 0, 0, 0, 0, 0, 0, 1, 
137784, 1241857281606, 1241857685940, 0, 264, 1, 114, 0, 0, 0, 153510, 3, 0
139439, 1241859377160, 1241859522363, 0, 0, 0, 0, 135504, 1, 0, 372191, 3, 0
150469, , , 3.45, 0, 0, 0, 0, 3, 7, 57393, , 
153097, , , 37.7, 0, 0, 0, 0, 19, 0, 1062853, , 
153510, , , 26.400000000000002, 0, 0, 0, 0, 7, 0, 112953, , 
155376, , , 211.40000000000003, 0, 0, 0, 0, 5, 4, 113127, , 
155708, 1241863352966, 1241866192342, 0, 1153, 6, 138.66666666666666, 0, 0, 0, 616423, 2, 
15959, 1241859224223, 1241862515049, 10.600000000000001, 693, 5, 121.8, 0, 1, 0, 616423, 2, 
160138, , , 6.9, 0, 0, 0, 0, 7, 1, 150469, , 
160801, 1241864546270, 1241864661887, 0, 0, 0, 0, 0, 5, 2, 166371, 4, 3
161876, 1241859719029, 1241860018603, 0, 505, 4, 126.25, 0, 0, 0, 0, 2, 0
162782, , , 106.45, 0, 0, 0, 0, 7, 11, 36377, , 
167437, 1241856295185, 1241857114659, 0, 338, 3, 112.66666666666667, 0, 0, 0, 0, 1, 
167869, 1241869406003, 1241869458168, 0, 0, 0, 0, 0, 0, 0, 158722, 1, 
172342, 1241861405643, 1241861499283, 0, 0, 0, 0, 0, 0, 0, 320570, 2, 0
178366, 1241866432411, 1241866434553, 0, 0, 0, 0, 0, 0, 0, 259344, 3, 0
181738, 1241864831230, 1241864857628, 0, 0, 0, 0, 0, 5, 4, 12791, 7, 5
183590, 1241866920753, 1241866938336, 0, 0, 0, 0, 0, 1, 1, 316089, 1, 1
188678, 1241862534573, 1241863506505, 0, 45014, 9, 7603, 0, 0, 0, 0, 4, 
188779, 1241864028439, 1241865083034, 134.20000000000002, 570, 3, 203.33333333333334, 0, 2, 0, 202762, 4, 1
194401, 1241869644101, 1241869871655, 0, 0, 0, 0, 0, 2, 1, 49732, 5, 2
195736, , , 427.25, 0, 0, 0, 0, 6, 35, 334835, , 
196149, 1241869024915, 1241869244495, 0, 0, 0, 0, 0, 0, 0, 185284, 3, 0
197932, 1241868354952, 1241869036483, 0, 289, 3, 106.66666666666667, 0, 0, 0, 333531, 3, 0
20260, , , 1255.2000000000007, 0, 0, 0, 0, 18, 16, 12, , 
202762, , , 124.09999999999998, 0, 0, 0, 0, 2, 2, 39403, , 
207385, 1241858591545, 1241858610553, 0, 0, 0, 0, 80072, 0, 0, 109906, 3, 0
210163, , , 44.95, 0, 0, 0, 0, 12, 20, 255725, , 
211715, , , 9.5, 0, 0, 0, 0, 2, 3, 299646, , 
22308, , , 129.1, 0, 0, 0, 0, 10, 1, 775158, , 
240287, 1241858610644, 1241858647350, 0, 0, 0, 0, 0, 0, 0, 351430, 2, 
243620, 1241855992590, 1241856630624, 0, 519, 3, 173, 0, 0, 0, 1127083, 2, 
259344, , , 269.09999999999997, 0, 0, 0, 0, 23, 13, 143538, , 
2606, 1241864837082, 1241867411670, 0, 364, 1, 472, 0, 8, 2, 307471, 7, 1
28294, , , 21.15, 0, 0, 0, 0, 7, 1, 5842, , 
2843, , , 6.4, 0, 0, 0, 0, 8, 34, 3383, , 
285870, 1241863597050, 1241864173790, 0, 46972, 10, 2718.9, 0, 0, 0, 616423, 4, 
289190, 1241858259778, 1241858353130, 0, 0, 0, 0, 0, 0, 0, 269484, 1, 
298666, , , 15.4, 0, 0, 0, 0, 9, 0, 259344, , 
306627, 1241865502777, 1241865508911, 0, 0, 0, 0, 0, 0, 0, 339642, 3, 0
307471, , , 50.849999999999994, 0, 0, 0, 0, 7, 10, 12, , 
311622, 1241868900110, 1241870270160, 0, 433, 4, 98.25, 0, 0, 0, 526836, 1, 
31590, 1241860952753, 1241864466739, 69, 1769, 8, 266.5, 0, 4, 1, 155376, 4, 0
317383, , , 134.00000000000003, 0, 0, 0, 0, 1, 3, 344937, , 
32169, 1241857683809, 1241857725055, 0, 2081, 4, 533.5, 219, 8, 0, 10260, 14, 5
32314, 1241862778474, 1241863175697, 0, 0, 0, 0, 635003, 10, 14, 40508, 13, 2
323949, 1241863554849, 1241863590733, 0, 0, 0, 0, 0, 0, 0, 49732, 1, 0
325853, 1241860025909, 1241861700860, 0, 1241, 12, 94.66666666666667, 0, 0, 0, 92600, 3, 0
333531, , , 28.900000000000002, 0, 0, 0, 0, 1, 0, 307471, , 
334835, , , 191.45, 0, 0, 0, 0, 2, 6, 143501, , 
336228, , , 14.05, 0, 0, 0, 0, 1, 14, 307471, , 
336524, 1241868283432, , 88.69999999999999, 3829, 15, 376.26666666666665, 101052, 35, 6, 195736, 12, 2
3383, 1241856173853, 1241857964739, 0, 3850, 6, 613.3333333333334, 8842, 6, 10, 12791, 16, 2
351430, , , 28.1, 0, 0, 0, 0, 14, 19, 336228, , 
35568, , , 25.35, 0, 0, 0, 0, 3, 32, 258951, , 
359367, 1241861427704, 1241861593284, 0, 0, 0, 0, 0, 0, 0, 0, 1, 
37694, 1241868728329, 1241869065240, 0, 79, 1, 79, 0, 0, 0, 0, 1, 
383387, , , 396.75, 0, 0, 0, 0, 7, 57, 0, , 
387114, , , 81.95000000000002, 0, 0, 0, 0, 2, 3, 104034, , 
39403, , , 28.500000000000004, 0, 0, 0, 0, 5, 2, 130627, , 
396113, , , 28.700000000000003, 0, 0, 0, 0, 2, 11, 44987, , 
402469, 1241860643057, 1241864696170, 0, 423, 5, 87.8, 0, 3, 0, 407374, 3, 4
407374, , , 42.3, 0, 0, 0, 0, 1, 3, 28294, , 
412029, 1241867461613, 1241867466312, 0, 0, 0, 0, 0, 1, 0, 178650, 3, 1
4139, 1241867259941, , 0, 7935, 14, 566.2142857142857, 44987, 25, 23, 713, 19, 3
415271, 1241865662924, 1241865983706, 0, 125, 1, 146, 0, 11, 3, 66689, 4, 0
417202, 1241866610428, 1241869205444, 0, 2680, 14, 153.14285714285714, 0, 0, 0, 57395, 4, 0
417315, , , 6.7, 0, 0, 0, 0, 5, 0, 12791, , 
421572, 1241869850453, , 0, 154, 1, 162, 0, 0, 0, 298666, 3, 0
43402, , , 62.05000000000001, 0, 0, 0, 0, 12, 17, 123961, , 
437430, 1241861946751, 1241862525094, 0, 67, 1, 133, 0, 0, 0, 417315, 3, 0
438751, , , 89.9, 0, 0, 0, 0, 20, 8, 210163, , 
44987, 1241867266754, , 14.350000000000001, 7935, 14, 583.5714285714286, 4139, 18, 18, 12770, 14, 2
468188, 1241868753093, 1241869749996, 0, 281, 2, 161, 0, 19, 5, 351430, 7, 17
478092, 1241867366168, 1241867590903, 0, 0, 0, 0, 0, 0, 0, 0, 1, 
503, , , 305.6, 0, 0, 0, 0, 5, 2, 12, , 
505544, , , 19, 0, 0, 0, 0, 3, 0, 211715, , 
523528, 1241858443930, 1241858514548, 0, 0, 0, 0, 0, 0, 0, 0, 1, 0
526836, 1241868532682, 1241870366521, 112.39999999999999, 1639, 12, 124.58333333333333, 0, 5, 0, 93856, 3, 
533, 1241863714804, 1241865083795, 116, 10134, 20, 601, 535, 10, 11, 20260, 14, 2
54322, 1241868583576, 1241868771664, 0, 0, 0, 0, 0, 0, 0, 0, 1, 0
543921, , , 55.400000000000006, 0, 0, 0, 0, 8, 0, 1092321, , 
54776, 1241869628239, 1241870377359, 178.1, 3676, 8, 523.625, 1062, 82, 35, 89757, 16, 3
554580, 1241867178868, 1241867190635, 0, 0, 0, 0, 0, 0, 0, 634607, 1, 
561926, 1241866179887, 1241866204478, 0, 0, 0, 0, 0, 0, 0, 0, 1, 
57395, , , 268.00000000000006, 0, 0, 0, 0, 3, 0, 317383, , 
57863, 1241869571479, 1241869958637, 0, 554, 4, 140.5, 0, 0, 0, 543921, 2, 0
58429, , , 928.75, 0, 0, 0, 0, 7, 6, 10642, , 
58859, 1241857632746, 1241858004921, 0, 287, 1, 287, 43017, 11, 23, 396113, 15, 2
597194, 1241869407340, 1241869439181, 0, 0, 0, 0, 0, 0, 0, 0, 1, 
616423, 1241862807434, 1241864785549, 889.0500000000002, 4903, 15, 364.8666666666667, 0, 6, 2, 58429, 4, 
622795, 1241865355202, 1241866654393, 0, 2129, 7, 187.42857142857142, 0, 0, 0, 135526, 2, 
622935, 1241864230334, 1241864271143, 0, 0, 0, 0, 0, 0, 0, 32654, 2, 
624632, 1241868617899, 1241869373468, 0, 190, 2, 92.5, 0, 0, 0, 505544, 2, 
628527, 1241869925774, 1241870234579, 0, 0, 0, 0, 0, 1, 0, 1044730, 3, 
634607, 1241870057843, , 0, 1275, 7, 190.71428571428572, 0, 3, 3, 54776, 4, 1
646018, 1241868259350, 1241869932573, 0, 5229, 25, 203, 0, 0, 0, 1010692, 4, 
66689, , , 12.5, 0, 0, 0, 0, 4, 11, 124585, , 
677, 1241866062001, 1241866175861, 0, 0, 0, 0, 621, 0, 0, 621, 4, 0
680830, 1241869366883, 1241869772339, 0, 106, 1, 106, 0, 0, 0, 15959, 1, 
70997, , , 261.45, 0, 0, 0, 0, 35, 17, 397835, , 
713, 1241856893870, 1241857451644, 929, 0, 0, 0, 1265, 11, 79, 12, 19, 6
71724, , , 11.9, 0, 0, 0, 0, 22, 0, 94103, , 
75123, , , 12.8, 0, 0, 0, 0, 14, 14, 2843, , 
75208, 1241870065353, , 0, 328, 3, 101.33333333333333, 0, 0, 0, 526836, 1, 0
775158, , , 64.55, 0, 0, 0, 0, 1, 10, 929303, , 
798148, 1241856352905, 1241856497936, 0, 0, 0, 0, 24814, 4, 0, 32314, 6, 3
8527, 1241856685838, 1241858383986, 0, 3056, 6, 440.1666666666667, 10260, 2, 0, 503, 13, 2
89757, , , 456.65000000000003, 0, 0, 0, 0, 3, 82, 20260, , 
906606, 1241858822551, 1241858856512, 0, 0, 0, 0, 0, 0, 0, 0, 1, 
92600, , , 124.10000000000002, 0, 0, 0, 0, 1, 0, 43402, , 
93856, , , 220.10000000000002, 0, 0, 0, 0, 3, 5, 387114, , 
94103, , , 5.95, 0, 0, 0, 0, 1, 22, 223494, , 
968, 1241856188627, 1241858128189, 0, 0, 0, 0, 0, 5, 3, 1704, 11, 2
988642, 1241866930692, , 0, 899, 4, 289, 91808, 8, 0, 438751, 8, 2
993774, 1241867959034, 1241868191677, 0, 0, 0, 0, 0, 0, 0, 63415, 1, 
998652, , , 25.950000000000003, 0, 0, 0, 0, 3, 20, 990799, , 
<<<<EndTable

PlayersOnlineNow=9
PlayersOnlineEachMinute=0, 3, 6, 4, 7, 7, 7, 7, 7, 6, 7, 7, 7, 8, 8, 9, 10, 10, 11, 10, 10, 11, 12, 12, 12, 11, 11, 10, 11, 10, 9, 10, 10, 8, 7, 7, 8, 8, 9, 10, 8, 9, 9, 8, 9, 9, 8, 8, 9, 8, 9, 9, 9, 9, 10, 12, 12, 13, 12, 12, 11, 13, 12, 12, 12, 12, 10, 11, 11, 11, 10, 9, 10, 10, 11, 11, 11, 11, 11, 12, 12, 11, 11, 13, 14, 12, 13, 13, 13, 13, 14, 17, 14, 15, 13, 13, 12, 14, 14, 14, 16, 16, 15, 14, 13, 12, 12, 12, 11, 9, 11, 10, 10, 11, 12, 12, 11, 10, 11, 12, 10, 10, 10, 11, 11, 10, 9, 10, 10, 13, 12, 12, 12, 12, 14, 15, 15, 14, 14, 15, 16, 16, 13, 15, 13, 13, 11, 9, 11, 11, 12, 11, 11, 11, 10, 11, 11, 11, 12, 13, 12, 12, 13, 15, 15, 15, 15, 14, 15, 14, 12, 11, 9, 9, 9, 10, 10, 12, 11, 10, 10, 9, 9, 10, 10, 10, 10, 10, 12, 12, 13, 12, 12, 11, 9, 9, 11, 11, 11, 12, 11, 12, 12, 13, 11, 12, 11, 13, 13, 12, 15, 17, 17, 16, 16, 16, 18, 18, 15, 17, 18, 16, 16, 17, 18, 16, 16, 16, 18, 17, 15, 16, 15, 13, 14, 15, 15, 14, 12, 11
PlayersInEachFeedingGame=1, 1, 2, 1, 1, 1, 1, 2, 2, 1, 2, 2, 2, 2, 1, 1, 2, 2, 2, 2, 2, 1, 1, 2, 1, 2, 1, 1, 1, 2, 2, 2, 2, 2, 1, 2, 1, 2, 2, 2, 2, 2, 2, 2, 2, 1, 2, 2, 2, 2, 2, 2, 1, 2, 2, 1, 1, 2, 1, 1, 2, 1, 2, 1, 2, 1, 1, 1, 1, 1, 1, 1, 2, 1, 1, 1, 2, 2, 1, 2, 2, 2, 1, 2, 1, 2, 2, 2, 2, 1, 2, 2, 1, 2, 4, 1, 2, 2, 1, 2, 2, 1, 2, 2, 2, 2, 2, 2, 2, 2, 2, 2, 2, 2, 2, 2, 2, 2, 2, 2, 2, 1, 2, 1, 2, 2, 2, 2, 2, 2, 1, 2, 1, 2, 1, 2, 3, 1, 1, 1, 1, 1, 1, 1, 1, 1, 1, 1, 1, 2, 1, 1, 2, 2, 2, 1, 2, 1, 2, 2, 1, 1, 2, 1, 2, 1, 2, 2, 1, 1, 1, 2, 1, 1, 1, 2, 2
PlayersStarted=209
PlayersQuit=200
StatsStartTime=1241855990477
StatsDumpTime=1241870391221
<<<<EndStats
2009-05-09 05:01:03,693 ERROR: vampire.server.feeding.FeedingRecord sendPlayerStartGameMsg [playerId=75208, prey=false, _predatorIndex=]
2009-05-09 05:05:29,351 ERROR: vampire.server.feeding.FeedingRecord sendPlayerStartGameMsg [playerId=75208, prey=false, _predatorIndex=]
2009-05-09 05:06:57,385 ERROR: vampire.server.feeding.FeedingRecord sendPlayerStartGameMsg [playerId=32781, prey=false, _predatorIndex=]
2009-05-09 05:07:04,166 ERROR: vampire.server.feeding.FeedingRecord sendPlayerStartGameMsg [playerId=1132632, prey=false, _predatorIndex=4139]
2009-05-09 05:09:08,083 ERROR: vampire.server.feeding.FeedingRecord sendPlayerStartGameMsg [playerId=526836, prey=true, _predatorIndex=]
2009-05-09 05:09:08,084 ERROR: vampire.server.feeding.FeedingRecord sendPlayerStartGameMsg [playerId=32781, prey=false, _predatorIndex=]

