2009-05-09 06:42:02,054 ERROR: vampire.server.feeding.FeedingRecord sendPlayerStartGameMsg [playerId=421572, prey=false, _predatorIndex=]
2009-05-09 06:42:14,253 ERROR: vampire.server.feeding.FeedingRecord sendPlayerStartGameMsg [playerId=336524, prey=false, _predatorIndex=988642]
2009-05-09 06:46:10,935 ERROR: vampire.server.feeding.FeedingRecord sendPlayerStartGameMsg [playerId=54776, prey=true, _predatorIndex=]
2009-05-09 06:46:10,936 ERROR: vampire.server.feeding.FeedingRecord sendPlayerStartGameMsg [playerId=171513, prey=false, _predatorIndex=]
2009-05-09 06:47:18,976 ERROR: vampire.server.feeding.FeedingRecord sendPlayerStartGameMsg [playerId=44987, prey=true, _predatorIndex=]
2009-05-09 06:47:18,977 ERROR: vampire.server.feeding.FeedingRecord sendPlayerStartGameMsg [playerId=4139, prey=false, _predatorIndex=]
2009-05-09 06:47:39,796 ERROR: vampire.server.feeding.FeedingRecord sendPlayerStartGameMsg [playerId=3383, prey=false, _predatorIndex=4139]
2009-05-09 06:48:37,641 ERROR: vampire.server.feeding.FeedingRecord sendPlayerStartGameMsg [playerId=3200, prey=false, _predatorIndex=4139,3383]
2009-05-09 06:49:06,741 ERROR: vampire.server.feeding.FeedingRecord sendPlayerStartGameMsg [playerId=1221829, prey=true, _predatorIndex=]
2009-05-09 06:49:06,741 ERROR: vampire.server.feeding.FeedingRecord sendPlayerStartGameMsg [playerId=182539, prey=false, _predatorIndex=]

>>>>BeginStats

>>>>BeginTable
PlayerId, StartTime, EndTime, ProgenyPayout, XPFromFeeding, FeedingGames, MeanFeedingScore, BloodBond, Progeny, GrandProgeny, Sire, Level, Invites
1010692, , , 527.35, 0, 0, 0, 0, 17, 13, 70997, , 
1012813, , , 35.7, 0, 0, 0, 0, 6, 22, 54776, , 
101761, 1241875512263, 1241876052718, 0, 153, 1, 153, 0, 1, 1, 24474, 2, 
10260, , , 208.10000000000002, 0, 0, 0, 0, 10, 8, 713, , 
1032421, , , 66.7, 0, 0, 0, 0, 9, 0, 990799, , 
1032874, 1241869992672, 1241870165954, 0, 0, 0, 0, 1090611, 4, 0, 1127083, 4, 
1043, , , 70.5, 0, 0, 0, 0, 5, 0, 12, , 
1062, , , 62.900000000000006, 0, 0, 0, 0, 11, 7, 713, , 
1062853, , , 18.85, 0, 0, 0, 0, 1, 19, 1124214, , 
10642, , , 295.35, 0, 0, 0, 0, 33, 7, 351598, , 
1068228, 1241867701573, 1241870065630, 0, 1342, 10, 127.4, 0, 0, 0, 188779, 2, 
1073413, 1241856636102, 1241856707658, 0, 0, 0, 0, 0, 0, 0, 176400, 2, 
1092321, , , 306.55000000000007, 0, 0, 0, 0, 32, 9, 35568, , 
1100098, 1241870626270, 1241871611629, 0, 0, 0, 0, 0, 0, 0, 0, 1, 
110056, 1241868034570, 1241868308591, 0, 629, 4, 159.25, 0, 0, 0, 1062, 2, 
1101, 1241856888509, 1241857774135, 0, 0, 0, 0, 0, 2, 19, 239981, 9, 1
1104968, 1241865265855, 1241869068506, 0, 1291, 5, 404, 0, 1, 0, 22308, 4, 1
1108399, 1241860775190, 1241861667700, 0, 377, 4, 93.5, 0, 0, 0, 153097, 3, 
1127083, , , 51.900000000000006, 0, 0, 0, 0, 20, 4, 998652, , 
112807, 1241875406150, 1241875455570, 0, 0, 0, 0, 0, 0, 0, 0, 1, 
112953, , , 13.200000000000001, 0, 0, 0, 0, 3, 7, 241176, , 
1129620, 1241857568877, 1241857575361, 0, 0, 0, 0, 0, 0, 0, 0, 1, 
113127, , , 88.45000000000002, 0, 0, 0, 0, 2, 5, 156956, , 
1132632, 1241870784133, 1241871778136, 0, 1341, 7, 143.57142857142858, 0, 0, 0, 1092321, 3, 
1139834, 1241873478884, 1241875547869, 0, 638, 5, 136, 0, 0, 0, 325853, 1, 
1147059, 1241875268613, 1241876335607, 0, 1063, 4, 176, 0, 0, 0, 124440, 2, 
1153772, 1241875320374, 1241876394121, 0, 565, 4, 134.75, 0, 0, 0, 69453, 1, 
1158835, 1241875943186, , 0, 0, 0, 0, 0, 0, 0, 103033, 1, 0
1162720, 1241864538759, 1241864614469, 0, 0, 0, 0, 0, 0, 0, 0, 1, 
1166100, 1241857504629, 1241857516545, 0, 0, 0, 0, 0, 0, 0, 176400, 1, 
1168325, 1241871392527, 1241871501574, 0, 0, 0, 0, 0, 0, 0, 1135140, 1, 
117178, 1241861462503, 1241862594357, 0, 1160, 6, 193.33333333333334, 0, 0, 0, 533, 3, 
1174713, 1241874842706, 1241876171591, 0, 789, 6, 132.66666666666666, 0, 0, 0, 616423, 1, 
1178608, 1241869134343, 1241869602618, 0, 280, 2, 125.5, 0, 0, 0, 0, 1, 
118975, 1241863721486, 1241863839514, 0, 69, 1, 137, 0, 1, 1, 160138, 12, 2
1192337, , , 71.4, 0, 0, 0, 0, 17, 21, 1012813, , 
1199648, 1241871183973, 1241873507749, 0, 291, 2, 140, 0, 2, 0, 394001, 3, 1
12, , , 1696.05, 0, 0, 0, 0, 20, 74, 383387, , 
1203701, 1241876962350, 1241876967287, 0, 0, 0, 0, 0, 0, 0, 0, 1, 
1211902, 1241861305910, 1241862191683, 0, 230, 2, 62, 0, 0, 0, 31590, 1, 
121984, 1241872088654, 1241872174335, 0, 0, 0, 0, 384781, 6, 11, 166, 10, 2
1221829, 1241876833561, , 0, 0, 0, 0, 0, 0, 0, 0, 1, 0
1221858, 1241867038250, 1241867042489, 0, 0, 0, 0, 0, 0, 0, 0, 1, 
1229, , , 7.65, 0, 0, 0, 0, 5, 9, 713, , 
122907, , , 19.1, 0, 0, 0, 0, 1, 10, 251062, , 
1232051, 1241857066524, 1241857937900, 0, 222, 2, 115, 0, 0, 0, 1285504, 1, 
1234731, 1241865734590, 1241866168136, 0, 137, 1, 138, 0, 0, 0, 1311317, 1, 
1238240, 1241868930843, 1241871671627, 0, 0, 0, 0, 0, 0, 0, 0, 1, 
123961, , , 149.35, 0, 0, 0, 0, 5, 22, 713, , 
1241857, , , 784.2, 0, 0, 0, 0, 4, 4, 259344, , 
124440, 1241874155231, , 106.3, 916, 5, 191.6, 99802, 1, 0, 1092321, 4, 0
124585, , , 6.25, 0, 0, 0, 0, 5, 5, 143278, , 
1247293, 1241861378552, 1241861510429, 0, 0, 0, 0, 0, 0, 0, 217283, 1, 
1261242, 1241874179738, 1241874433217, 0, 0, 0, 0, 0, 0, 0, 0, 1, 
1261552, 1241874084278, 1241874392298, 0, 0, 0, 0, 0, 0, 0, 0, 1, 
1269811, 1241861898033, 1241866122449, 0, 1797, 13, 124.6923076923077, 0, 0, 0, 11600, 2, 
127167, 1241875087758, 1241875163879, 0, 0, 0, 0, 0, 0, 0, 59149, 2, 0
1275561, 1241874264463, 1241875413814, 0, 2130, 11, 175.0909090909091, 0, 1, 0, 772113, 3, 
12770, , , 1795.4499999999998, 0, 0, 0, 0, 23, 30, 383387, , 
12791, , , 458.85, 0, 0, 0, 0, 15, 16, 12, , 
1283945, 1241859583957, 1241859791631, 0, 0, 0, 0, 0, 0, 0, 276660, 1, 
1284093, 1241875621953, 1241875622830, 0, 0, 0, 0, 0, 1, 0, 1124214, 2, 1
1285504, 1241867392702, 1241867598799, 522.8, 5228, 16, 411.5, 1346597, 4, 0, 1241857, 4, 3
1285589, 1241874488952, 1241874512071, 0, 0, 0, 0, 0, 0, 0, 0, 1, 
1293033, 1241875467960, 1241875478217, 0, 0, 0, 0, 0, 0, 0, 0, 1, 
1297010, 1241866435387, 1241866731516, 0, 119, 1, 112, 0, 0, 0, 71724, 2, 
1307321, 1241863708138, 1241863750788, 0, 0, 0, 0, 0, 0, 0, 0, 1, 
1311317, 1241863281111, , 13.700000000000001, 3897, 18, 153.55555555555554, 0, 1, 0, 616423, 3, 0
1323312, 1241876076068, 1241876095095, 0, 207, 2, 101, 0, 0, 0, 392522, 1, 
1331190, 1241875988726, 1241876122335, 0, 0, 0, 0, 0, 0, 0, 1119385, 2, 
1333542, 1241861787649, 1241863138578, 0, 460, 2, 166, 0, 0, 0, 31590, 1, 
1334562, 1241859803328, 1241861048899, 0, 649, 6, 107.83333333333333, 0, 0, 0, 336524, 1, 
1337283, 1241866513269, 1241866521656, 0, 0, 0, 0, 0, 0, 0, 0, 1, 
1339948, 1241866485169, 1241867812596, 0, 848, 7, 98.57142857142857, 0, 0, 0, 336524, 1, 
1344561, 1241875407586, 1241876493843, 0, 1441, 10, 133.8, 0, 0, 0, 54776, 2, 
1346597, 1241858095506, 1241862093172, 0, 5006, 14, 259.7142857142857, 1285504, 0, 0, 1285504, 4, 
1348824, 1241858286015, 1241858779688, 0, 120, 1, 127, 0, 0, 0, 526836, 1, 
1351779, 1241875872569, 1241876136784, 0, 156, 1, 156, 0, 0, 0, 0, 1, 
135504, 1241859264466, 1241859735084, 0, 128, 1, 151, 139439, 2, 1, 75123, 4, 0
135526, , , 212.9, 0, 0, 0, 0, 11, 0, 162782, , 
1355970, 1241875889906, 1241875899042, 0, 0, 0, 0, 0, 0, 0, 0, 1, 
1359416, 1241857835006, 1241858117705, 0, 93, 1, 93, 0, 0, 0, 0, 1, 
1359663, 1241874396080, 1241874787520, 0, 158, 2, 115, 0, 0, 0, 0, 1, 
1361151, 1241868681788, 1241869721274, 0, 337, 3, 112.33333333333333, 0, 0, 0, 526836, 1, 
1361493, 1241863220669, 1241863243922, 0, 0, 0, 0, 0, 0, 0, 0, 1, 
1369520, 1241857343607, 1241857358170, 0, 0, 0, 0, 0, 0, 0, 0, 1, 
1370325, 1241859891923, 1241859908267, 0, 0, 0, 0, 0, 0, 0, 0, 1, 
1372195, 1241864401613, 1241864438820, 0, 0, 0, 0, 0, 0, 0, 0, 1, 
1372441, 1241864675717, 1241864770503, 0, 0, 0, 0, 0, 0, 0, 0, 1, 
1372681, 1241875195921, 1241876037715, 0, 399, 4, 86.5, 0, 0, 0, 47379, 1, 
137784, 1241857281606, 1241857685940, 0, 264, 1, 114, 0, 0, 0, 153510, 3, 0
1378076, 1241875910683, 1241876411587, 0, 0, 0, 0, 0, 0, 0, 0, 1, 
138064, 1241873945467, 1241874117616, 0, 0, 0, 0, 0, 0, 0, 12791, 4, 0
139439, 1241859377160, 1241859522363, 0, 0, 0, 0, 135504, 1, 0, 372191, 3, 0
150469, , , 3.45, 0, 0, 0, 0, 3, 7, 57393, , 
153097, , , 37.7, 0, 0, 0, 0, 19, 0, 1062853, , 
153510, , , 26.400000000000002, 0, 0, 0, 0, 7, 0, 112953, , 
155376, , , 211.40000000000003, 0, 0, 0, 0, 5, 4, 113127, , 
155708, 1241863352966, 1241866192342, 0, 1153, 6, 138.66666666666666, 0, 0, 0, 616423, 2, 
156175, 1241871142533, 1241871507217, 0, 0, 0, 0, 0, 0, 0, 116434, 1, 
157713, , , 37.800000000000004, 0, 0, 0, 0, 4, 0, 58859, , 
158967, 1241874044349, 1241874409818, 0, 201, 1, 101, 0, 0, 0, 44987, 1, 
159420, , , 45.1, 0, 0, 0, 0, 1, 6, 206649, , 
15959, 1241859224223, 1241862515049, 10.600000000000001, 693, 5, 121.8, 0, 1, 0, 616423, 2, 
160138, , , 102.7, 0, 0, 0, 0, 7, 8, 150469, , 
160801, 1241864546270, 1241864661887, 0, 0, 0, 0, 0, 5, 2, 166371, 4, 3
161876, 1241859719029, 1241860018603, 0, 505, 4, 126.25, 0, 0, 0, 0, 2, 0
162782, , , 106.45, 0, 0, 0, 0, 7, 11, 36377, , 
163484, , , 19.8, 0, 0, 0, 0, 11, 2, 206649, , 
163610, 1241874159609, , 0, 66, 1, 66, 0, 0, 0, 86614, 1, 0
16444, 1241875645371, 1241875854024, 0, 705, 1, 1189, 0, 0, 0, 1043, 9, 1
167437, 1241856295185, 1241857114659, 0, 338, 3, 112.66666666666667, 0, 0, 0, 0, 1, 
167869, 1241869406003, 1241869458168, 0, 0, 0, 0, 0, 0, 0, 158722, 1, 
170191, , , 93.4, 0, 0, 0, 0, 3, 10, 202873, , 
171513, 1241876756938, , 0, 934, 2, 385.5, 0, 10, 7, 170191, 12, 2
172342, 1241861405643, 1241861499283, 0, 0, 0, 0, 0, 0, 0, 320570, 2, 0
176511, 1241875681321, 1241875736742, 0, 0, 0, 0, 0, 2, 2, 154346, 8, 1
178366, 1241866432411, 1241866434553, 0, 0, 0, 0, 0, 0, 0, 259344, 3, 0
181253, 1241876398444, 1241876480288, 0, 0, 0, 0, 0, 2, 0, 103634, 6, 3
181264, , , 10.950000000000001, 0, 0, 0, 0, 2, 1, 3812, , 
181738, 1241864831230, 1241864857628, 0, 0, 0, 0, 0, 5, 4, 12791, 7, 5
182454, 1241875856211, , 0, 0, 0, 0, 0, 0, 0, 99877, 3, 0
182539, 1241876764416, , 0, 0, 0, 0, 0, 2, 0, 879079, 2, 0
183590, 1241866920753, 1241866938336, 0, 0, 0, 0, 0, 1, 1, 316089, 1, 1
188678, 1241862534573, 1241863506505, 0, 45014, 9, 7603, 0, 0, 0, 0, 4, 
188779, 1241864028439, 1241865083034, 134.20000000000002, 570, 3, 203.33333333333334, 0, 2, 0, 202762, 4, 1
191945, , , 5, 0, 0, 0, 0, 1, 1, 197395, , 
194401, 1241869644101, 1241869871655, 0, 0, 0, 0, 0, 2, 1, 49732, 5, 2
195736, , , 457.15, 0, 0, 0, 0, 6, 35, 334835, , 
196149, 1241869024915, 1241869244495, 0, 0, 0, 0, 0, 0, 0, 185284, 3, 0
197932, 1241868354952, 1241869036483, 0, 289, 3, 106.66666666666667, 0, 0, 0, 333531, 3, 0
201048, , , 10, 0, 0, 0, 0, 1, 0, 191945, , 
20260, , , 1289.4500000000007, 0, 0, 0, 0, 18, 16, 12, , 
202762, , , 124.09999999999998, 0, 0, 0, 0, 2, 2, 39403, , 
202873, , , 46.7, 0, 0, 0, 0, 1, 3, 341164, , 
20718, , , 39.6, 0, 0, 0, 0, 1, 0, 163484, , 
207385, 1241858591545, 1241858610553, 0, 0, 0, 0, 80072, 0, 0, 109906, 3, 0
210163, , , 59.900000000000006, 0, 0, 0, 0, 12, 20, 255725, , 
211715, , , 9.5, 0, 0, 0, 0, 2, 3, 299646, , 
211935, , , 11.8, 0, 0, 0, 0, 1, 3, 217505, , 
217283, 1241874440784, 1241876029568, 45.150000000000006, 902, 5, 251, 532467, 71, 27, 57393, 13, 34
22308, , , 129.1, 0, 0, 0, 0, 10, 1, 775158, , 
223864, , , 191.6, 0, 0, 0, 0, 7, 37, 160138, , 
231853, 1241875791181, 1241875819519, 0, 0, 0, 0, 0, 0, 0, 0, 1, 
23989, 1241874679025, 1241875652014, 0, 0, 0, 0, 0, 3, 0, 55009, 4, 0
240287, 1241858610644, 1241858647350, 0, 0, 0, 0, 0, 0, 0, 351430, 2, 
243620, 1241855992590, 1241856630624, 0, 519, 3, 173, 0, 0, 0, 1127083, 2, 
24474, , , 15.3, 0, 0, 0, 0, 7, 4, 1229, , 
258965, 1241872554233, 1241872615674, 0, 0, 0, 0, 0, 0, 0, 325853, 1, 
259344, , , 306.04999999999995, 0, 0, 0, 0, 23, 13, 143538, , 
2606, 1241864837082, 1241867411670, 0, 364, 1, 472, 0, 8, 2, 307471, 7, 1
261716, , , 21.900000000000002, 0, 0, 0, 0, 1, 0, 181264, , 
269788, 1241874117039, 1241874810195, 0, 332, 3, 115.33333333333333, 0, 0, 0, 94819, 1, 
278983, 1241874269379, 1241874487518, 0, 100, 1, 108, 0, 0, 0, 201048, 2, 2
28294, , , 21.15, 0, 0, 0, 0, 7, 1, 5842, , 
283305, 1241875906119, 1241876518308, 0, 0, 0, 0, 544450, 3, 10, 497122, 8, 3
2843, , , 6.4, 0, 0, 0, 0, 8, 34, 3383, , 
285870, 1241863597050, 1241864173790, 0, 46972, 10, 2718.9, 0, 0, 0, 616423, 4, 
289190, 1241858259778, 1241858353130, 0, 0, 0, 0, 0, 0, 0, 269484, 1, 
294591, 1241875433648, 1241876420405, 0, 117, 1, 117, 0, 0, 0, 0, 1, 
298666, , , 89.30000000000001, 0, 0, 0, 0, 9, 0, 259344, , 
306627, 1241865502777, 1241865508911, 0, 0, 0, 0, 0, 0, 0, 339642, 3, 0
307471, , , 50.849999999999994, 0, 0, 0, 0, 7, 11, 12, , 
311622, 1241868900110, 1241870270160, 0, 433, 4, 98.25, 0, 0, 0, 526836, 1, 
31590, 1241860952753, 1241864466739, 69, 1769, 8, 266.5, 0, 4, 1, 155376, 4, 0
317383, , , 134.00000000000003, 0, 0, 0, 0, 1, 3, 344937, , 
3200, 1241875166985, , 0, 1916, 4, 386.75, 71724, 37, 22, 223864, 14, 2
321365, , , 14.55, 0, 0, 0, 0, 3, 1, 317371, , 
32169, 1241857683809, 1241857725055, 0, 2081, 4, 533.5, 219, 8, 0, 10260, 14, 5
32314, 1241862778474, 1241863175697, 0, 0, 0, 0, 635003, 10, 14, 40508, 13, 2
323949, 1241863554849, 1241863590733, 0, 0, 0, 0, 0, 0, 0, 49732, 1, 0
325853, 1241875277592, 1241876600014, 63.8, 1649, 17, 92.94117647058823, 0, 2, 0, 92600, 3, 2
32781, 1241874348721, 1241875621024, 0, 667, 5, 123.4, 0, 0, 0, 1032421, 2, 0
3329, 1241873978560, 1241874674631, 0, 473, 4, 120.5, 0, 0, 0, 0, 1, 
333531, , , 28.900000000000002, 0, 0, 0, 0, 1, 0, 307471, , 
333654, 1241874657434, 1241875560299, 0, 236, 2, 113.5, 0, 0, 0, 59149, 4, 0
334835, , , 206.39999999999998, 0, 0, 0, 0, 2, 6, 143501, , 
336228, , , 25.75, 0, 0, 0, 0, 2, 17, 307471, , 
336524, 1241868283432, , 88.69999999999999, 4128, 16, 366.625, 101052, 35, 6, 195736, 12, 2
336620, 1241874828447, , 0, 378, 3, 128.33333333333334, 0, 0, 0, 157713, 2, 0
3383, 1241876535122, , 0, 4555, 7, 557.1428571428571, 8842, 6, 10, 12791, 16, 2
33918, 1241875720687, 1241875995117, 0, 0, 0, 0, 0, 0, 0, 123249, 2, 0
3414, 1241873783454, , 0, 396, 3, 117.66666666666667, 0, 0, 0, 20718, 1, 0
351430, , , 51.5, 0, 0, 0, 0, 14, 19, 336228, , 
35568, , , 112.85, 0, 0, 0, 0, 3, 32, 258951, , 
359367, 1241861427704, 1241861593284, 0, 0, 0, 0, 0, 0, 0, 0, 1, 
369806, , , 14.400000000000002, 0, 0, 0, 0, 1, 1, 204487, , 
37694, 1241868728329, 1241869065240, 0, 79, 1, 79, 0, 0, 0, 0, 1, 
379215, 1241874337064, 1241874646936, 0, 105, 1, 84, 0, 1, 0, 420377, 3, 0
383387, , , 892.6999999999999, 0, 0, 0, 0, 7, 57, 0, , 
387114, , , 95.15000000000002, 0, 0, 0, 0, 2, 3, 104034, , 
392522, 1241872648440, 1241874834740, 20.700000000000003, 348, 2, 126.5, 0, 2, 0, 217283, 2, 
394001, , , 29.1, 0, 0, 0, 0, 1, 2, 321365, , 
39403, , , 28.500000000000004, 0, 0, 0, 0, 5, 2, 130627, , 
396113, , , 28.700000000000003, 0, 0, 0, 0, 2, 11, 44987, , 
397835, , , 52.650000000000006, 0, 0, 0, 0, 5, 35, 47379, , 
402469, 1241860643057, 1241864696170, 0, 423, 5, 87.8, 0, 3, 0, 407374, 3, 4
407374, , , 42.3, 0, 0, 0, 0, 1, 3, 28294, , 
412029, 1241867461613, 1241867466312, 0, 0, 0, 0, 0, 1, 0, 178650, 3, 1
4139, 1241876555702, , 0, 15107, 32, 474.78125, 44987, 25, 23, 713, 19, 3
415271, 1241865662924, 1241865983706, 0, 125, 1, 146, 0, 11, 3, 66689, 4, 0
417202, 1241866610428, 1241869205444, 0, 2680, 14, 153.14285714285714, 0, 0, 0, 57395, 4, 0
417315, , , 6.7, 0, 0, 0, 0, 5, 0, 12791, , 
421572, 1241875951737, , 0, 893, 7, 98.14285714285714, 0, 0, 0, 298666, 3, 0
43402, , , 82.45, 0, 0, 0, 0, 12, 17, 123961, , 
437430, 1241861946751, 1241862525094, 0, 67, 1, 133, 0, 0, 0, 417315, 3, 0
438480, 1241873308081, 1241873333617, 0, 0, 0, 0, 0, 0, 0, 0, 1, 
438751, , , 119.80000000000001, 0, 0, 0, 0, 20, 8, 210163, , 
44987, 1241876071775, , 34.45, 17854, 36, 566.0833333333335, 4139, 19, 18, 12770, 15, 2
453, 1241873245778, 1241874230216, 0, 2987, 4, 529.5, 1043, 2, 0, 878, 11, 2
468188, 1241872881193, 1241873471660, 0, 515, 3, 218.33333333333334, 0, 19, 5, 351430, 7, 17
47379, 1241874058866, 1241874148238, 39.900000000000006, 1355, 4, 391.25, 0, 5, 5, 54776, 6, 1
478092, 1241867366168, 1241867590903, 0, 0, 0, 0, 0, 0, 0, 0, 1, 
497122, 1241871721751, 1241873670439, 0, 1725, 4, 499.5, 0, 15, 9, 82321, 9, 12
503, , , 305.6, 0, 0, 0, 0, 5, 2, 12, , 
505544, , , 19, 0, 0, 0, 0, 3, 0, 211715, , 
510740, , , 106.5, 0, 0, 0, 0, 70, 2, 534632, , 
523528, 1241858443930, 1241858514548, 0, 0, 0, 0, 0, 0, 0, 0, 1, 0
526836, 1241870801258, 1241871542416, 125.89999999999999, 1903, 14, 126.85714285714286, 0, 5, 0, 93856, 3, 
53030, , , 38.2, 0, 0, 0, 0, 10, 0, 122907, , 
533, 1241863714804, 1241865083795, 116, 10134, 20, 601, 535, 10, 11, 20260, 14, 2
54322, 1241868583576, 1241868771664, 0, 0, 0, 0, 0, 0, 0, 0, 1, 0
543921, , , 55.400000000000006, 0, 0, 0, 0, 8, 0, 1092321, , 
54776, 1241876338955, , 427.0499999999999, 4361, 9, 565.2222222222222, 1062, 82, 36, 89757, 16, 3
554580, 1241867178868, 1241867190635, 0, 0, 0, 0, 0, 0, 0, 634607, 1, 
561926, 1241866179887, 1241866204478, 0, 0, 0, 0, 0, 0, 0, 0, 1, 
57393, , , 107.60000000000001, 0, 0, 0, 0, 6, 76, 159420, , 
57395, , , 268.00000000000006, 0, 0, 0, 0, 3, 0, 317383, , 
57717, , , 86.25, 0, 0, 0, 0, 4, 7, 110178, , 
57748, 1241874995108, , 0, 714, 2, 271.5, 0, 6, 1, 1192337, 4, 0
57863, 1241869571479, 1241869958637, 0, 554, 4, 140.5, 0, 0, 0, 543921, 2, 0
5842, , , 16.6, 0, 0, 0, 0, 13, 10, 344937, , 
58429, , , 1039.95, 0, 0, 0, 0, 7, 6, 10642, , 
58859, 1241857632746, 1241858004921, 18.900000000000002, 287, 1, 287, 43017, 11, 23, 396113, 15, 2
59149, , , 23.6, 0, 0, 0, 0, 3, 0, 211935, , 
596892, 1241875937393, , 0, 288, 2, 135.5, 0, 0, 0, 606163, 3, 0
597194, 1241869407340, 1241869439181, 0, 0, 0, 0, 0, 0, 0, 0, 1, 
606163, , , 28.800000000000004, 0, 0, 0, 0, 1, 0, 369806, , 
616423, 1241871708897, 1241874154042, 910.6500000000002, 5907, 18, 351.72222222222223, 0, 6, 2, 58429, 4, 
622795, 1241865355202, 1241866654393, 0, 2129, 7, 187.42857142857142, 0, 0, 0, 135526, 2, 
622935, 1241864230334, 1241864271143, 0, 0, 0, 0, 0, 0, 0, 32654, 2, 
624632, 1241868617899, 1241869373468, 0, 190, 2, 92.5, 0, 0, 0, 505544, 2, 
625047, 1241871794600, , 0, 0, 0, 0, 0, 0, 0, 0, 1, 0
628527, 1241869925774, 1241870234579, 0, 0, 0, 0, 0, 1, 0, 1044730, 3, 
631410, 1241876911581, , 0, 0, 0, 0, 0, 0, 0, 0, 1, 0
634607, 1241876523604, , 0, 1275, 7, 190.71428571428572, 0, 3, 3, 54776, 4, 1
646018, 1241868259350, 1241869932573, 13.350000000000001, 5229, 25, 203, 0, 1, 1, 1010692, 4, 
66689, , , 12.5, 0, 0, 0, 0, 4, 11, 124585, , 
677, 1241866062001, 1241866175861, 0, 0, 0, 0, 621, 0, 0, 621, 4, 0
680830, 1241869366883, 1241869772339, 0, 106, 1, 106, 0, 0, 0, 15959, 1, 
69453, 1241876261853, , 8.9, 89, 1, 85, 0, 1, 0, 646018, 1, 0
703094, 1241875273846, 1241876051616, 0, 382, 2, 205.5, 0, 0, 0, 53030, 4, 
70997, , , 366.75, 0, 0, 0, 0, 35, 27, 397835, , 
713, 1241856893870, 1241857451644, 1646.1999999999998, 0, 0, 0, 1265, 11, 79, 12, 19, 6
71724, , , 11.9, 0, 0, 0, 0, 22, 0, 94103, , 
75123, , , 12.8, 0, 0, 0, 0, 14, 14, 2843, , 
75208, 1241870065353, 1241870781252, 0, 463, 5, 98, 0, 0, 0, 526836, 1, 
772113, , , 213, 0, 0, 0, 0, 1, 1, 510740, , 
775158, , , 64.55, 0, 0, 0, 0, 1, 10, 929303, , 
798148, 1241856352905, 1241856497936, 0, 0, 0, 0, 24814, 4, 0, 32314, 6, 3
80094, 1241872400377, 1241873788652, 0, 1053, 4, 287.5, 65812, 10, 1, 70997, 6, 4
82321, , , 172.5, 0, 0, 0, 0, 6, 15, 57717, , 
841820, 1241876718292, 1241876785428, 0, 0, 0, 0, 0, 0, 0, 0, 1, 
8527, 1241856685838, 1241858383986, 0, 3056, 6, 440.1666666666667, 10260, 2, 0, 503, 13, 2
859282, 1241875446098, , 0, 219, 2, 109.5, 0, 0, 0, 261716, 3, 0
878, , , 298.7, 0, 0, 0, 0, 8, 11, 123961, , 
89757, , , 639.6500000000001, 0, 0, 0, 0, 3, 82, 20260, , 
906606, 1241858822551, 1241858856512, 0, 0, 0, 0, 0, 0, 0, 0, 1, 
92600, , , 196.8, 0, 0, 0, 0, 1, 2, 43402, , 
93856, , , 253.25000000000003, 0, 0, 0, 0, 3, 5, 387114, , 
94103, , , 5.95, 0, 0, 0, 0, 1, 22, 223494, , 
94819, , , 33.2, 0, 0, 0, 0, 2, 0, 5842, , 
968, 1241856188627, 1241858128189, 0, 0, 0, 0, 0, 5, 3, 1704, 11, 2
988642, 1241866930692, , 0, 1198, 5, 314.2, 91808, 8, 0, 438751, 8, 2
990799, , , 33.35, 0, 0, 0, 0, 5, 12, 836417, , 
993774, 1241867959034, 1241868191677, 0, 0, 0, 0, 0, 0, 0, 63415, 1, 
998652, , , 25.950000000000003, 0, 0, 0, 0, 3, 21, 990799, , 
<<<<EndTable

PlayersOnlineNow=25
PlayersOnlineEachMinute=0, 3, 6, 4, 7, 7, 7, 7, 7, 6, 7, 7, 7, 8, 8, 9, 10, 10, 11, 10, 10, 11, 12, 12, 12, 11, 11, 10, 11, 10, 9, 10, 10, 8, 7, 7, 8, 8, 9, 10, 8, 9, 9, 8, 9, 9, 8, 8, 9, 8, 9, 9, 9, 9, 10, 12, 12, 13, 12, 12, 11, 13, 12, 12, 12, 12, 10, 11, 11, 11, 10, 9, 10, 10, 11, 11, 11, 11, 11, 12, 12, 11, 11, 13, 14, 12, 13, 13, 13, 13, 14, 17, 14, 15, 13, 13, 12, 14, 14, 14, 16, 16, 15, 14, 13, 12, 12, 12, 11, 9, 11, 10, 10, 11, 12, 12, 11, 10, 11, 12, 10, 10, 10, 11, 11, 10, 9, 10, 10, 13, 12, 12, 12, 12, 14, 15, 15, 14, 14, 15, 16, 16, 13, 15, 13, 13, 11, 9, 11, 11, 12, 11, 11, 11, 10, 11, 11, 11, 12, 13, 12, 12, 13, 15, 15, 15, 15, 14, 15, 14, 12, 11, 9, 9, 9, 10, 10, 12, 11, 10, 10, 9, 9, 10, 10, 10, 10, 10, 12, 12, 13, 12, 12, 11, 9, 9, 11, 11, 11, 12, 11, 12, 12, 13, 11, 12, 11, 13, 13, 12, 15, 17, 17, 16, 16, 16, 18, 18, 15, 17, 18, 16, 16, 17, 18, 16, 16, 16, 18, 17, 15, 16, 15, 13, 14, 15, 15, 14, 12, 11, 9, 9, 10, 10, 12, 12, 12, 12, 12, 12, 12, 10, 10, 11, 12, 12, 12, 13, 14, 12, 11, 11, 10, 11, 11, 11, 11, 11, 11, 12, 11, 11, 11, 11, 13, 13, 11, 13, 14, 15, 13, 13, 14, 17, 17, 17, 18, 17, 18, 18, 19, 17, 16, 17, 17, 17, 17, 17, 17, 17, 19, 20, 21, 22, 22, 25, 28, 25, 24, 23, 23, 22, 23, 23, 21, 21, 21, 21, 21, 22, 22, 23, 24, 25, 28, 27, 28, 27, 27, 29, 28, 26, 30, 31, 31, 30, 27, 26, 26, 26, 25, 23, 21, 22, 21, 21, 22, 23, 24, 25
PlayersInEachFeedingGame=1, 1, 2, 1, 1, 1, 1, 2, 2, 1, 2, 2, 2, 2, 1, 1, 2, 2, 2, 2, 2, 1, 1, 2, 1, 2, 1, 1, 1, 2, 2, 2, 2, 2, 1, 2, 1, 2, 2, 2, 2, 2, 2, 2, 2, 1, 2, 2, 2, 2, 2, 2, 1, 2, 2, 1, 1, 2, 1, 1, 2, 1, 2, 1, 2, 1, 1, 1, 1, 1, 1, 1, 2, 1, 1, 1, 2, 2, 1, 2, 2, 2, 1, 2, 1, 2, 2, 2, 2, 1, 2, 2, 1, 2, 4, 1, 2, 2, 1, 2, 2, 1, 2, 2, 2, 2, 2, 2, 2, 2, 2, 2, 2, 2, 2, 2, 2, 2, 2, 2, 2, 1, 2, 1, 2, 2, 2, 2, 2, 2, 1, 2, 1, 2, 1, 2, 3, 1, 1, 1, 1, 1, 1, 1, 1, 1, 1, 1, 1, 2, 1, 1, 2, 2, 2, 1, 2, 1, 2, 2, 1, 1, 2, 1, 2, 1, 2, 2, 1, 1, 1, 2, 1, 1, 1, 2, 2, 1, 2, 2, 1, 2, 2, 2, 2, 1, 1, 2, 2, 2, 3, 2, 2, 2, 2, 1, 2, 2, 2, 2, 1, 2, 1, 1, 2, 2, 2, 1, 2, 2, 2, 1, 2, 1, 2, 1, 1, 1, 2, 2, 1, 1, 1, 2, 2, 1, 1, 2, 1, 1, 1, 2, 1, 1, 2, 2, 1, 2, 1, 2, 1, 1, 1, 2, 2, 2, 2, 1, 1, 3, 2, 3, 2
PlayersStarted=329
PlayersQuit=304
StatsStartTime=1241855990477
StatsDumpTime=1241876991758
<<<<EndStats
2009-05-09 06:51:50,357 ERROR: vampire.server.feeding.FeedingRecord sendPlayerStartGameMsg [playerId=336620, prey=true, _predatorIndex=]
2009-05-09 06:51:50,358 ERROR: vampire.server.feeding.FeedingRecord sendPlayerStartGameMsg [playerId=596892, prey=false, _predatorIndex=]
2009-05-09 06:52:09,065 ERROR: vampire.server.feeding.FeedingRecord sendPlayerStartGameMsg [playerId=182539, prey=true, _predatorIndex=]
2009-05-09 06:52:09,065 ERROR: vampire.server.feeding.FeedingRecord sendPlayerStartGameMsg [playerId=859282, prey=false, _predatorIndex=]
2009-05-09 06:52:09,546 ERROR: vampire.server.feeding.FeedingRecord sendPlayerStartGameMsg [playerId=988642, prey=true, _predatorIndex=]
2009-05-09 06:52:09,548 ERROR: vampire.server.feeding.FeedingRecord sendPlayerStartGameMsg [playerId=1156910, prey=false, _predatorIndex=]
2009-05-09 06:52:42,683 ERROR: vampire.server.feeding.FeedingRecord sendPlayerStartGameMsg [playerId=54776, prey=true, _predatorIndex=]
2009-05-09 06:52:42,684 ERROR: vampire.server.feeding.FeedingRecord sendPlayerStartGameMsg [playerId=204698, prey=false, _predatorIndex=]
2009-05-09 06:52:45,978 ERROR: vampire.server.feeding.FeedingRecord sendPlayerStartGameMsg [playerId=1221829, prey=true, _predatorIndex=]
2009-05-09 06:52:45,978 ERROR: vampire.server.feeding.FeedingRecord sendPlayerStartGameMsg [playerId=612389, prey=false, _predatorIndex=]
2009-05-09 06:54:54,375 ERROR: vampire.server.feeding.FeedingRecord sendPlayerStartGameMsg [playerId=69453, prey=true, _predatorIndex=]
2009-05-09 06:54:54,376 ERROR: vampire.server.feeding.FeedingRecord sendPlayerStartGameMsg [playerId=1203701, prey=false, _predatorIndex=]
2009-05-09 06:55:01,675 ERROR: vampire.server.feeding.FeedingRecord sendPlayerStartGameMsg [playerId=4012, prey=true, _predatorIndex=]
2009-05-09 06:55:01,675 ERROR: vampire.server.feeding.FeedingRecord sendPlayerStartGameMsg [playerId=421572, prey=false, _predatorIndex=]
2009-05-09 06:55:05,247 ERROR: vampire.server.feeding.FeedingRecord sendPlayerStartGameMsg [playerId=124440, prey=true, _predatorIndex=]
2009-05-09 06:55:05,247 ERROR: vampire.server.feeding.FeedingRecord sendPlayerStartGameMsg [playerId=182539, prey=false, _predatorIndex=]
2009-05-09 06:55:38,089 ERROR: vampire.server.feeding.FeedingRecord sendPlayerStartGameMsg [playerId=204698, prey=true, _predatorIndex=]
2009-05-09 06:55:38,089 ERROR: vampire.server.feeding.FeedingRecord sendPlayerStartGameMsg [playerId=1156910, prey=false, _predatorIndex=]
2009-05-09 06:56:27,534 ERROR: vampire.server.feeding.FeedingRecord sendPlayerStartGameMsg [playerId=297654, prey=false, _predatorIndex=]
2009-05-09 06:57:06,911 ERROR: vampire.server.feeding.FeedingRecord sendPlayerStartGameMsg [playerId=612389, prey=false, _predatorIndex=297654]
2009-05-09 06:57:31,050 ERROR: vampire.server.feeding.FeedingRecord sendPlayerStartGameMsg [playerId=859282, prey=false, _predatorIndex=]
2009-05-09 06:57:31,058 ERROR: vampire.server.feeding.FeedingRecord sendPlayerStartGameMsg [playerId=124440, prey=true, _predatorIndex=]
2009-05-09 06:57:31,059 ERROR: vampire.server.feeding.FeedingRecord sendPlayerStartGameMsg [playerId=1221829, prey=false, _predatorIndex=]
2009-05-09 06:57:38,718 ERROR: vampire.server.feeding.FeedingRecord sendPlayerStartGameMsg [playerId=1203701, prey=false, _predatorIndex=]
2009-05-09 06:58:18,830 ERROR: vampire.server.feeding.FeedingRecord sendPlayerStartGameMsg [playerId=421572, prey=true, _predatorIndex=]
2009-05-09 06:58:18,831 ERROR: vampire.server.feeding.FeedingRecord sendPlayerStartGameMsg [playerId=392522, prey=false, _predatorIndex=]
2009-05-09 06:58:49,870 ERROR: vampire.server.feeding.FeedingRecord sendPlayerStartGameMsg [playerId=69453, prey=false, _predatorIndex=]
2009-05-09 06:58:54,328 ERROR: vampire.server.feeding.FeedingRecord sendPlayerStartGameMsg [playerId=54776, prey=true, _predatorIndex=]
2009-05-09 06:58:54,328 ERROR: vampire.server.feeding.FeedingRecord sendPlayerStartGameMsg [playerId=1156910, prey=false, _predatorIndex=]
2009-05-09 06:59:07,192 ERROR: vampire.server.feeding.FeedingRecord sendPlayerStartGameMsg [playerId=182539, prey=true, _predatorIndex=]
2009-05-09 06:59:07,193 ERROR: vampire.server.feeding.FeedingRecord sendPlayerStartGameMsg [playerId=612389, prey=false, _predatorIndex=]

>>>>BeginStats

>>>>BeginTable
PlayerId, StartTime, EndTime, ProgenyPayout, XPFromFeeding, FeedingGames, MeanFeedingScore, BloodBond, Progeny, GrandProgeny, Sire, Level, Invites
1010692, , , 532.75, 0, 0, 0, 0, 17, 13, 70997, , 
1012813, , , 35.7, 0, 0, 0, 0, 6, 22, 54776, , 
101761, 1241875512263, 1241876052718, 0, 153, 1, 153, 0, 1, 1, 24474, 2, 
10260, , , 208.10000000000002, 0, 0, 0, 0, 10, 8, 713, , 
1032421, , , 66.7, 0, 0, 0, 0, 9, 0, 990799, , 
1032874, 1241869992672, 1241870165954, 0, 0, 0, 0, 1090611, 4, 0, 1127083, 4, 
1043, , , 70.5, 0, 0, 0, 0, 5, 0, 12, , 
1062, , , 62.900000000000006, 0, 0, 0, 0, 11, 7, 713, , 
1062853, , , 18.85, 0, 0, 0, 0, 1, 19, 1124214, , 
10642, , , 295.35, 0, 0, 0, 0, 33, 7, 351598, , 
1068228, 1241867701573, 1241870065630, 0, 1342, 10, 127.4, 0, 0, 0, 188779, 2, 
1073413, 1241856636102, 1241856707658, 0, 0, 0, 0, 0, 0, 0, 176400, 2, 
1092321, , , 372.8500000000001, 0, 0, 0, 0, 32, 10, 35568, , 
1100098, 1241870626270, 1241871611629, 0, 0, 0, 0, 0, 0, 0, 0, 1, 
110056, 1241868034570, 1241868308591, 0, 629, 4, 159.25, 0, 0, 0, 1062, 2, 
1101, 1241856888509, 1241857774135, 0, 0, 0, 0, 0, 2, 19, 239981, 9, 1
1104968, 1241865265855, 1241869068506, 0, 1291, 5, 404, 0, 1, 0, 22308, 4, 1
1108399, 1241860775190, 1241861667700, 0, 377, 4, 93.5, 0, 0, 0, 153097, 3, 
112602, , , 6.15, 0, 0, 0, 0, 1, 2, 121983, , 
1127083, , , 51.900000000000006, 0, 0, 0, 0, 20, 4, 998652, , 
112807, 1241875406150, 1241875455570, 0, 0, 0, 0, 0, 0, 0, 0, 1, 
112953, , , 13.200000000000001, 0, 0, 0, 0, 3, 7, 241176, , 
1129620, 1241857568877, 1241857575361, 0, 0, 0, 0, 0, 0, 0, 0, 1, 
113127, , , 88.45000000000002, 0, 0, 0, 0, 2, 5, 156956, , 
1132632, 1241870784133, 1241871778136, 0, 1341, 7, 143.57142857142858, 0, 0, 0, 1092321, 3, 
1139834, 1241873478884, 1241875547869, 0, 638, 5, 136, 0, 0, 0, 325853, 1, 
1147059, 1241875268613, 1241876335607, 0, 1063, 4, 176, 0, 0, 0, 124440, 2, 
1153772, 1241875320374, 1241876394121, 0, 565, 4, 134.75, 0, 0, 0, 69453, 1, 
1156910, 1241877057384, , 0, 395, 2, 157.5, 0, 0, 0, 178724, 3, 0
1158835, 1241875943186, 1241877011714, 0, 0, 0, 0, 0, 0, 0, 103033, 1, 
1162720, 1241864538759, 1241864614469, 0, 0, 0, 0, 0, 0, 0, 0, 1, 
1166100, 1241857504629, 1241857516545, 0, 0, 0, 0, 0, 0, 0, 176400, 1, 
1168325, 1241871392527, 1241871501574, 0, 0, 0, 0, 0, 0, 0, 1135140, 1, 
117178, 1241861462503, 1241862594357, 0, 1160, 6, 193.33333333333334, 0, 0, 0, 533, 3, 
1174713, 1241874842706, 1241876171591, 0, 789, 6, 132.66666666666666, 0, 0, 0, 616423, 1, 
1178608, 1241869134343, 1241869602618, 0, 280, 2, 125.5, 0, 0, 0, 0, 1, 
118975, 1241863721486, 1241863839514, 0, 69, 1, 137, 0, 1, 1, 160138, 12, 2
1192337, , , 71.4, 0, 0, 0, 0, 17, 21, 1012813, , 
1199648, 1241871183973, 1241873507749, 0, 291, 2, 140, 0, 2, 0, 394001, 3, 1
12, , , 1865.55, 0, 0, 0, 0, 20, 75, 383387, , 
1203701, 1241877226493, , 0, 196, 2, 97, 0, 0, 0, 69453, 1, 0
1211902, 1241861305910, 1241862191683, 0, 230, 2, 62, 0, 0, 0, 31590, 1, 
121984, 1241872088654, 1241872174335, 0, 0, 0, 0, 384781, 6, 11, 166, 10, 2
1221829, 1241876833561, , 0, 758, 3, 166, 0, 0, 0, 124440, 1, 0
1221858, 1241867038250, 1241867042489, 0, 0, 0, 0, 0, 0, 0, 0, 1, 
1229, , , 7.65, 0, 0, 0, 0, 5, 9, 713, , 
122907, , , 19.1, 0, 0, 0, 0, 1, 10, 251062, , 
1232051, 1241857066524, 1241857937900, 0, 222, 2, 115, 0, 0, 0, 1285504, 1, 
1234731, 1241865734590, 1241866168136, 0, 137, 1, 138, 0, 0, 0, 1311317, 1, 
1238240, 1241868930843, 1241871671627, 0, 0, 0, 0, 0, 0, 0, 0, 1, 
123961, , , 149.35, 0, 0, 0, 0, 5, 22, 713, , 
1241857, , , 784.2, 0, 0, 0, 0, 4, 4, 259344, , 
124440, 1241874155231, , 150.5, 1358, 6, 277.8333333333333, 99802, 2, 0, 1092321, 4, 0
124585, , , 6.25, 0, 0, 0, 0, 5, 5, 143278, , 
1247293, 1241861378552, 1241861510429, 0, 0, 0, 0, 0, 0, 0, 217283, 1, 
1261242, 1241874179738, 1241874433217, 0, 0, 0, 0, 0, 0, 0, 0, 1, 
1261552, 1241874084278, 1241874392298, 0, 0, 0, 0, 0, 0, 0, 0, 1, 
1269811, 1241861898033, 1241866122449, 0, 1797, 13, 124.6923076923077, 0, 0, 0, 11600, 2, 
127167, 1241875087758, 1241875163879, 0, 0, 0, 0, 0, 0, 0, 59149, 2, 0
1275561, 1241874264463, 1241875413814, 0, 2130, 11, 175.0909090909091, 0, 1, 0, 772113, 3, 
12770, , , 1964.95, 0, 0, 0, 0, 23, 30, 383387, , 
12791, , , 680.4, 0, 0, 0, 0, 15, 16, 12, , 
1281412, 1241877145312, 1241877476050, 0, 0, 0, 0, 0, 0, 0, 1124156, 1, 
1283945, 1241859583957, 1241859791631, 0, 0, 0, 0, 0, 0, 0, 276660, 1, 
1284093, 1241875621953, 1241875622830, 0, 0, 0, 0, 0, 1, 0, 1124214, 2, 1
1285504, 1241867392702, 1241867598799, 522.8, 5228, 16, 411.5, 1346597, 4, 0, 1241857, 4, 3
1285589, 1241874488952, 1241874512071, 0, 0, 0, 0, 0, 0, 0, 0, 1, 
1293033, 1241875467960, 1241875478217, 0, 0, 0, 0, 0, 0, 0, 0, 1, 
1297010, 1241866435387, 1241866731516, 0, 119, 1, 112, 0, 0, 0, 71724, 2, 
1307321, 1241863708138, 1241863750788, 0, 0, 0, 0, 0, 0, 0, 0, 1, 
1311317, 1241863281111, , 13.700000000000001, 3897, 18, 153.55555555555554, 0, 1, 0, 616423, 3, 0
131190, 1241877555966, , 0, 0, 0, 0, 0, 3, 0, 258951, 4, 0
1323312, 1241876076068, 1241876095095, 0, 207, 2, 101, 0, 0, 0, 392522, 1, 
1331190, 1241877467705, 1241877481189, 0, 0, 0, 0, 0, 0, 0, 1119385, 2, 
1333542, 1241861787649, 1241863138578, 0, 460, 2, 166, 0, 0, 0, 31590, 1, 
1334562, 1241859803328, 1241861048899, 0, 649, 6, 107.83333333333333, 0, 0, 0, 336524, 1, 
1337283, 1241866513269, 1241866521656, 0, 0, 0, 0, 0, 0, 0, 0, 1, 
1339948, 1241866485169, 1241867812596, 0, 848, 7, 98.57142857142857, 0, 0, 0, 336524, 1, 
1344561, 1241875407586, 1241876493843, 0, 1441, 10, 133.8, 0, 0, 0, 54776, 2, 
1346597, 1241858095506, 1241862093172, 0, 5006, 14, 259.7142857142857, 1285504, 0, 0, 1285504, 4, 
1348824, 1241858286015, 1241858779688, 0, 120, 1, 127, 0, 0, 0, 526836, 1, 
1351779, 1241875872569, 1241876136784, 0, 156, 1, 156, 0, 0, 0, 0, 1, 
135504, 1241859264466, 1241859735084, 0, 128, 1, 151, 139439, 2, 1, 75123, 4, 0
1355173, 1241877557100, , 0, 0, 0, 0, 0, 0, 0, 0, 1, 0
135526, , , 212.9, 0, 0, 0, 0, 11, 0, 162782, , 
1355970, 1241875889906, 1241875899042, 0, 0, 0, 0, 0, 0, 0, 0, 1, 
1359416, 1241857835006, 1241858117705, 0, 93, 1, 93, 0, 0, 0, 0, 1, 
1359663, 1241874396080, 1241874787520, 0, 158, 2, 115, 0, 0, 0, 0, 1, 
1361151, 1241868681788, 1241869721274, 0, 337, 3, 112.33333333333333, 0, 0, 0, 526836, 1, 
1361493, 1241863220669, 1241863243922, 0, 0, 0, 0, 0, 0, 0, 0, 1, 
1369520, 1241857343607, 1241857358170, 0, 0, 0, 0, 0, 0, 0, 0, 1, 
1370325, 1241859891923, 1241859908267, 0, 0, 0, 0, 0, 0, 0, 0, 1, 
1372195, 1241864401613, 1241864438820, 0, 0, 0, 0, 0, 0, 0, 0, 1, 
1372441, 1241864675717, 1241864770503, 0, 0, 0, 0, 0, 0, 0, 0, 1, 
1372681, 1241875195921, 1241876037715, 0, 399, 4, 86.5, 0, 0, 0, 47379, 1, 
137784, 1241857281606, 1241857685940, 0, 264, 1, 114, 0, 0, 0, 153510, 3, 0
1378076, 1241875910683, 1241876411587, 0, 0, 0, 0, 0, 0, 0, 0, 1, 
1378333, 1241877489051, 1241877587922, 0, 0, 0, 0, 0, 0, 0, 0, 1, 
138064, 1241873945467, 1241874117616, 0, 0, 0, 0, 0, 0, 0, 12791, 4, 0
139439, 1241859377160, 1241859522363, 0, 0, 0, 0, 135504, 1, 0, 372191, 3, 0
150469, , , 3.45, 0, 0, 0, 0, 3, 7, 57393, , 
153097, , , 37.7, 0, 0, 0, 0, 19, 0, 1062853, , 
153510, , , 26.400000000000002, 0, 0, 0, 0, 7, 0, 112953, , 
155376, , , 211.40000000000003, 0, 0, 0, 0, 5, 4, 113127, , 
155708, 1241863352966, 1241866192342, 0, 1153, 6, 138.66666666666666, 0, 0, 0, 616423, 2, 
156175, 1241871142533, 1241871507217, 0, 0, 0, 0, 0, 0, 0, 116434, 1, 
157713, , , 51.300000000000004, 0, 0, 0, 0, 4, 0, 58859, , 
158967, 1241874044349, 1241874409818, 0, 201, 1, 101, 0, 0, 0, 44987, 1, 
159420, , , 45.1, 0, 0, 0, 0, 1, 6, 206649, , 
15959, 1241859224223, 1241862515049, 10.600000000000001, 693, 5, 121.8, 0, 1, 0, 616423, 2, 
160138, , , 129.65, 0, 0, 0, 0, 7, 8, 150469, , 
160801, 1241864546270, 1241864661887, 0, 0, 0, 0, 0, 5, 2, 166371, 4, 3
161876, 1241859719029, 1241860018603, 0, 505, 4, 126.25, 0, 0, 0, 0, 2, 0
162782, , , 106.45, 0, 0, 0, 0, 7, 11, 36377, , 
163484, , , 19.8, 0, 0, 0, 0, 11, 2, 206649, , 
163610, 1241874159609, 1241877032648, 0, 66, 1, 66, 0, 0, 0, 86614, 1, 
16444, 1241875645371, 1241875854024, 0, 705, 1, 1189, 0, 0, 0, 1043, 9, 1
167437, 1241856295185, 1241857114659, 0, 338, 3, 112.66666666666667, 0, 0, 0, 0, 1, 
167869, 1241869406003, 1241869458168, 0, 0, 0, 0, 0, 0, 0, 158722, 1, 
170191, , , 103.80000000000001, 0, 0, 0, 0, 3, 10, 202873, , 
171513, 1241876756938, 1241877060621, 0, 1038, 3, 326.3333333333333, 0, 10, 7, 170191, 12, 2
172342, 1241861405643, 1241861499283, 0, 0, 0, 0, 0, 0, 0, 320570, 2, 0
176511, 1241875681321, 1241875736742, 0, 0, 0, 0, 0, 2, 2, 154346, 8, 1
178366, 1241866432411, 1241866434553, 0, 0, 0, 0, 0, 0, 0, 259344, 3, 0
178724, , , 39.5, 0, 0, 0, 0, 10, 0, 58859, , 
181253, 1241876398444, 1241876480288, 0, 0, 0, 0, 0, 2, 0, 103634, 6, 3
181264, , , 22.85, 0, 0, 0, 0, 2, 1, 3812, , 
181738, 1241864831230, 1241864857628, 104.10000000000001, 0, 0, 0, 0, 5, 4, 12791, 7, 5
182454, 1241875856211, , 0, 0, 0, 0, 0, 0, 0, 99877, 3, 0
182539, 1241876764416, , 0, 348, 3, 154, 0, 2, 0, 879079, 2, 0
183590, 1241866920753, 1241866938336, 0, 0, 0, 0, 0, 1, 1, 316089, 1, 1
188678, 1241862534573, 1241863506505, 0, 45014, 9, 7603, 0, 0, 0, 0, 4, 
188779, 1241864028439, 1241865083034, 134.20000000000002, 570, 3, 203.33333333333334, 0, 2, 0, 202762, 4, 1
191945, , , 5, 0, 0, 0, 0, 1, 1, 197395, , 
194401, 1241869644101, 1241869871655, 0, 0, 0, 0, 0, 2, 1, 49732, 5, 2
195736, , , 457.15, 0, 0, 0, 0, 6, 35, 334835, , 
196149, 1241869024915, 1241869244495, 0, 0, 0, 0, 0, 0, 0, 185284, 3, 0
196543, , , 17.400000000000002, 0, 0, 0, 0, 6, 2, 32314, , 
197932, 1241868354952, 1241869036483, 0, 289, 3, 106.66666666666667, 0, 0, 0, 333531, 3, 0
201048, , , 10, 0, 0, 0, 0, 1, 0, 191945, , 
20260, , , 1300.3000000000006, 0, 0, 0, 0, 18, 16, 12, , 
202762, , , 124.09999999999998, 0, 0, 0, 0, 2, 2, 39403, , 
202873, , , 51.900000000000006, 0, 0, 0, 0, 1, 3, 341164, , 
204698, 1241877139056, 1241877511823, 0, 328, 2, 108, 0, 0, 0, 208716, 1, 
20718, , , 39.6, 0, 0, 0, 0, 1, 0, 163484, , 
207385, 1241858591545, 1241858610553, 0, 0, 0, 0, 80072, 0, 0, 109906, 3, 0
208716, , , 32.800000000000004, 0, 0, 0, 0, 1, 0, 323132, , 
210163, , , 74.10000000000001, 0, 0, 0, 0, 12, 20, 255725, , 
211715, , , 9.5, 0, 0, 0, 0, 2, 3, 299646, , 
211935, , , 11.8, 0, 0, 0, 0, 1, 3, 217505, , 
217283, 1241874440784, 1241876029568, 45.150000000000006, 902, 5, 251, 532467, 71, 27, 57393, 13, 34
22308, , , 129.1, 0, 0, 0, 0, 10, 1, 775158, , 
223864, , , 245.5, 0, 0, 0, 0, 7, 37, 160138, , 
231853, 1241875791181, 1241875819519, 0, 0, 0, 0, 0, 0, 0, 0, 1, 
23989, 1241874679025, 1241875652014, 0, 0, 0, 0, 0, 3, 0, 55009, 4, 0
240287, 1241858610644, 1241858647350, 0, 0, 0, 0, 0, 0, 0, 351430, 2, 
243620, 1241855992590, 1241856630624, 0, 519, 3, 173, 0, 0, 0, 1127083, 2, 
24474, , , 15.3, 0, 0, 0, 0, 7, 4, 1229, , 
258965, 1241872554233, 1241872615674, 0, 0, 0, 0, 0, 0, 0, 325853, 1, 
259344, , , 312.19999999999993, 0, 0, 0, 0, 23, 13, 143538, , 
2606, 1241864837082, 1241867411670, 0, 364, 1, 472, 0, 8, 2, 307471, 7, 1
261716, , , 45.7, 0, 0, 0, 0, 1, 0, 181264, , 
269788, 1241874117039, 1241874810195, 0, 332, 3, 115.33333333333333, 0, 0, 0, 94819, 1, 
278983, 1241874269379, 1241874487518, 0, 100, 1, 108, 0, 0, 0, 201048, 2, 2
28294, , , 21.15, 0, 0, 0, 0, 7, 1, 5842, , 
283305, 1241875906119, 1241876518308, 0, 0, 0, 0, 544450, 3, 10, 497122, 8, 3
2843, , , 6.4, 0, 0, 0, 0, 8, 34, 3383, , 
285870, 1241863597050, 1241864173790, 0, 46972, 10, 2718.9, 0, 0, 0, 616423, 4, 
289190, 1241858259778, 1241858353130, 0, 0, 0, 0, 0, 0, 0, 269484, 1, 
294591, 1241875433648, 1241876420405, 0, 117, 1, 117, 0, 0, 0, 0, 1, 
297654, 1241877330112, 1241877556311, 0, 1041, 1, 1041, 204487, 4, 1, 181738, 11, 3
298666, , , 101.60000000000001, 0, 0, 0, 0, 9, 0, 259344, , 
306627, 1241865502777, 1241865508911, 0, 0, 0, 0, 0, 0, 0, 339642, 3, 0
307471, , , 50.849999999999994, 0, 0, 0, 0, 7, 11, 12, , 
311622, 1241868900110, 1241870270160, 0, 433, 4, 98.25, 0, 0, 0, 526836, 1, 
31590, 1241860952753, 1241864466739, 69, 1769, 8, 266.5, 0, 4, 1, 155376, 4, 0
317383, , , 134.00000000000003, 0, 0, 0, 0, 1, 3, 344937, , 
3200, 1241875166985, , 0, 2455, 5, 361.4, 71724, 37, 22, 223864, 14, 2
321365, , , 14.55, 0, 0, 0, 0, 3, 1, 317371, , 
32169, 1241857683809, 1241857725055, 0, 2081, 4, 533.5, 219, 8, 0, 10260, 14, 5
323132, , , 16.400000000000002, 0, 0, 0, 0, 4, 3, 217283, , 
32314, 1241862778474, 1241863175697, 0, 0, 0, 0, 635003, 10, 14, 40508, 13, 2
323949, 1241863554849, 1241863590733, 0, 0, 0, 0, 0, 0, 0, 49732, 1, 0
325853, 1241875277592, 1241876600014, 63.8, 1649, 17, 92.94117647058823, 0, 2, 0, 92600, 3, 2
32781, 1241874348721, 1241875621024, 0, 667, 5, 123.4, 0, 0, 0, 1032421, 2, 0
3329, 1241873978560, 1241874674631, 0, 473, 4, 120.5, 0, 0, 0, 0, 1, 
333531, , , 28.900000000000002, 0, 0, 0, 0, 1, 0, 307471, , 
333654, 1241874657434, 1241875560299, 0, 236, 2, 113.5, 0, 0, 0, 59149, 4, 0
334835, , , 206.39999999999998, 0, 0, 0, 0, 2, 6, 143501, , 
336228, , , 25.75, 0, 0, 0, 0, 2, 17, 307471, , 
336524, 1241868283432, , 88.69999999999999, 4128, 16, 366.625, 101052, 35, 6, 195736, 12, 2
336620, 1241874828447, , 0, 513, 4, 126.25, 0, 0, 0, 157713, 2, 0
3383, 1241876535122, , 0, 6250, 10, 483.4, 8842, 6, 10, 12791, 16, 2
33918, 1241875720687, 1241875995117, 0, 0, 0, 0, 0, 0, 0, 123249, 2, 0
3414, 1241873783454, , 0, 396, 3, 117.66666666666667, 0, 0, 0, 20718, 1, 0
351430, , , 51.5, 0, 0, 0, 0, 14, 19, 336228, , 
35568, , , 134.95, 0, 0, 0, 0, 3, 32, 258951, , 
359367, 1241861427704, 1241861593284, 0, 0, 0, 0, 0, 0, 0, 0, 1, 
369806, , , 21.150000000000002, 0, 0, 0, 0, 1, 1, 204487, , 
373583, , , 17.900000000000002, 0, 0, 0, 0, 1, 0, 413254, , 
37694, 1241868728329, 1241869065240, 0, 79, 1, 79, 0, 0, 0, 0, 1, 
379215, 1241874337064, 1241874646936, 0, 105, 1, 84, 0, 1, 0, 420377, 3, 0
383387, , , 977.45, 0, 0, 0, 0, 7, 57, 0, , 
3865, , , 12.3, 0, 0, 0, 0, 2, 1, 112602, , 
387114, , , 95.15000000000002, 0, 0, 0, 0, 2, 3, 104034, , 
392522, 1241877444958, , 20.700000000000003, 348, 2, 126.5, 0, 2, 0, 217283, 2, 0
394001, , , 29.1, 0, 0, 0, 0, 1, 2, 321365, , 
39403, , , 28.500000000000004, 0, 0, 0, 0, 5, 2, 130627, , 
396113, , , 28.700000000000003, 0, 0, 0, 0, 2, 11, 44987, , 
397835, , , 52.650000000000006, 0, 0, 0, 0, 5, 35, 47379, , 
4012, 1241877212840, , 0, 123, 1, 184, 3865, 1, 0, 3865, 5, 2
402469, 1241860643057, 1241864696170, 0, 423, 5, 87.8, 0, 3, 0, 407374, 3, 4
407374, , , 42.3, 0, 0, 0, 0, 1, 3, 28294, , 
412029, 1241867461613, 1241867466312, 0, 0, 0, 0, 0, 1, 0, 178650, 3, 1
413254, , , 8.950000000000001, 0, 0, 0, 0, 4, 1, 8401, , 
4139, 1241876555702, , 0, 16802, 35, 511.2, 44987, 25, 23, 713, 19, 3
415271, 1241865662924, 1241865983706, 0, 125, 1, 146, 0, 11, 3, 66689, 4, 0
417202, 1241866610428, 1241869205444, 0, 2680, 14, 153.14285714285714, 0, 0, 0, 57395, 4, 0
417315, , , 6.7, 0, 0, 0, 0, 5, 0, 12791, , 
421572, 1241875951737, , 0, 1016, 8, 93.625, 0, 0, 0, 298666, 3, 0
43402, , , 82.45, 0, 0, 0, 0, 12, 17, 123961, , 
437430, 1241861946751, 1241862525094, 0, 67, 1, 133, 0, 0, 0, 417315, 3, 0
438480, 1241873308081, 1241873333617, 0, 0, 0, 0, 0, 0, 0, 0, 1, 
438751, , , 148.20000000000002, 0, 0, 0, 0, 20, 8, 210163, , 
44987, 1241876071775, , 34.45, 19549, 39, 566.820512820513, 4139, 19, 18, 12770, 15, 2
453, 1241873245778, 1241874230216, 0, 2987, 4, 529.5, 1043, 2, 0, 878, 11, 2
468188, 1241872881193, 1241873471660, 0, 515, 3, 218.33333333333334, 0, 19, 5, 351430, 7, 17
47379, 1241874058866, 1241874148238, 39.900000000000006, 1355, 4, 391.25, 0, 5, 5, 54776, 6, 1
478092, 1241867366168, 1241867590903, 0, 0, 0, 0, 0, 0, 0, 0, 1, 
497122, 1241871721751, 1241873670439, 0, 1725, 4, 499.5, 0, 15, 9, 82321, 9, 12
503, , , 305.6, 0, 0, 0, 0, 5, 2, 12, , 
505544, , , 19, 0, 0, 0, 0, 3, 0, 211715, , 
510740, , , 106.5, 0, 0, 0, 0, 70, 2, 534632, , 
523528, 1241858443930, 1241858514548, 0, 0, 0, 0, 0, 0, 0, 0, 1, 0
526836, 1241870801258, 1241871542416, 125.89999999999999, 1903, 14, 126.85714285714286, 0, 5, 0, 93856, 3, 
53030, , , 38.2, 0, 0, 0, 0, 10, 0, 122907, , 
533, 1241863714804, 1241865083795, 116, 10134, 20, 601, 535, 10, 11, 20260, 14, 2
54322, 1241868583576, 1241868771664, 0, 0, 0, 0, 0, 0, 0, 0, 1, 0
543921, , , 55.400000000000006, 0, 0, 0, 0, 8, 0, 1092321, , 
54776, 1241876338955, , 427.0499999999999, 4578, 10, 539.7, 1062, 82, 36, 89757, 16, 3
554580, 1241867178868, 1241867190635, 0, 0, 0, 0, 0, 0, 0, 634607, 1, 
561926, 1241866179887, 1241866204478, 0, 0, 0, 0, 0, 0, 0, 0, 1, 
57393, , , 107.60000000000001, 0, 0, 0, 0, 6, 76, 159420, , 
57395, , , 268.00000000000006, 0, 0, 0, 0, 3, 0, 317383, , 
57717, , , 86.25, 0, 0, 0, 0, 4, 7, 110178, , 
57748, 1241874995108, , 0, 714, 2, 271.5, 0, 6, 1, 1192337, 4, 0
57863, 1241869571479, 1241869958637, 0, 554, 4, 140.5, 0, 0, 0, 543921, 2, 0
5842, , , 16.6, 0, 0, 0, 0, 13, 10, 344937, , 
58429, , , 1039.95, 0, 0, 0, 0, 7, 6, 10642, , 
58859, 1241857632746, 1241858004921, 45.400000000000006, 287, 1, 287, 43017, 11, 23, 396113, 15, 2
59149, , , 23.6, 0, 0, 0, 0, 3, 0, 211935, , 
596892, 1241875937393, , 0, 423, 3, 140, 0, 0, 0, 606163, 3, 0
597194, 1241869407340, 1241869439181, 0, 0, 0, 0, 0, 0, 0, 0, 1, 
606163, , , 42.300000000000004, 0, 0, 0, 0, 1, 0, 369806, , 
612389, 1241877095788, , 0, 179, 1, 145, 0, 0, 0, 373583, 1, 0
616423, 1241871708897, 1241874154042, 910.6500000000002, 5907, 18, 351.72222222222223, 0, 6, 2, 58429, 4, 
622795, 1241865355202, 1241866654393, 0, 2129, 7, 187.42857142857142, 0, 0, 0, 135526, 2, 
622935, 1241864230334, 1241864271143, 0, 0, 0, 0, 0, 0, 0, 32654, 2, 
624632, 1241868617899, 1241869373468, 0, 190, 2, 92.5, 0, 0, 0, 505544, 2, 
625047, 1241871794600, , 0, 0, 0, 0, 0, 0, 0, 0, 1, 0
628527, 1241869925774, 1241870234579, 0, 0, 0, 0, 0, 1, 0, 1044730, 3, 
631410, 1241876911581, 1241877134064, 0, 0, 0, 0, 0, 0, 0, 0, 1, 
634607, 1241876523604, , 0, 1275, 7, 190.71428571428572, 0, 3, 3, 54776, 4, 1
646018, 1241868259350, 1241869932573, 33.95, 5229, 25, 203, 0, 1, 2, 1010692, 4, 
66689, , , 12.5, 0, 0, 0, 0, 4, 11, 124585, , 
677, 1241866062001, 1241866175861, 0, 0, 0, 0, 621, 0, 0, 621, 4, 0
680830, 1241869366883, 1241869772339, 0, 106, 1, 106, 0, 0, 0, 15959, 1, 
69453, 1241876261853, , 28.500000000000004, 197, 2, 97, 0, 2, 0, 646018, 1, 0
703094, 1241875273846, 1241876051616, 0, 382, 2, 205.5, 0, 0, 0, 53030, 4, 
70997, , , 366.75, 0, 0, 0, 0, 35, 27, 397835, , 
713, 1241856893870, 1241857451644, 1815.7, 0, 0, 0, 1265, 11, 79, 12, 19, 6
71724, , , 11.9, 0, 0, 0, 0, 22, 0, 94103, , 
75123, , , 12.8, 0, 0, 0, 0, 14, 14, 2843, , 
75208, 1241870065353, 1241870781252, 0, 463, 5, 98, 0, 0, 0, 526836, 1, 
772113, , , 213, 0, 0, 0, 0, 1, 1, 510740, , 
775158, , , 64.55, 0, 0, 0, 0, 1, 10, 929303, , 
798148, 1241856352905, 1241856497936, 0, 0, 0, 0, 24814, 4, 0, 32314, 6, 3
80094, 1241872400377, 1241873788652, 0, 1053, 4, 287.5, 65812, 10, 1, 70997, 6, 4
82321, , , 172.5, 0, 0, 0, 0, 6, 15, 57717, , 
841820, 1241876718292, 1241876785428, 0, 0, 0, 0, 0, 0, 0, 0, 1, 
8527, 1241856685838, 1241858383986, 0, 3056, 6, 440.1666666666667, 10260, 2, 0, 503, 13, 2
859282, 1241875446098, , 0, 457, 4, 111.5, 0, 0, 0, 261716, 3, 0
878, , , 298.7, 0, 0, 0, 0, 8, 11, 123961, , 
879079, , , 34.800000000000004, 0, 0, 0, 0, 2, 2, 196543, , 
89757, , , 661.3500000000001, 0, 0, 0, 0, 3, 82, 20260, , 
906606, 1241858822551, 1241858856512, 0, 0, 0, 0, 0, 0, 0, 0, 1, 
92600, , , 196.8, 0, 0, 0, 0, 1, 2, 43402, , 
93856, , , 253.25000000000003, 0, 0, 0, 0, 3, 5, 387114, , 
94103, , , 5.95, 0, 0, 0, 0, 1, 22, 223494, , 
94819, , , 33.2, 0, 0, 0, 0, 2, 0, 5842, , 
968, 1241856188627, 1241858128189, 0, 0, 0, 0, 0, 5, 3, 1704, 11, 2
988642, 1241866930692, , 0, 1482, 6, 325.3333333333333, 91808, 8, 0, 438751, 8, 2
990799, , , 33.35, 0, 0, 0, 0, 5, 12, 836417, , 
993774, 1241867959034, 1241868191677, 0, 0, 0, 0, 0, 0, 0, 63415, 1, 
998652, , , 25.950000000000003, 0, 0, 0, 0, 3, 21, 990799, , 
<<<<EndTable

PlayersOnlineNow=28
PlayersOnlineEachMinute=0, 3, 6, 4, 7, 7, 7, 7, 7, 6, 7, 7, 7, 8, 8, 9, 10, 10, 11, 10, 10, 11, 12, 12, 12, 11, 11, 10, 11, 10, 9, 10, 10, 8, 7, 7, 8, 8, 9, 10, 8, 9, 9, 8, 9, 9, 8, 8, 9, 8, 9, 9, 9, 9, 10, 12, 12, 13, 12, 12, 11, 13, 12, 12, 12, 12, 10, 11, 11, 11, 10, 9, 10, 10, 11, 11, 11, 11, 11, 12, 12, 11, 11, 13, 14, 12, 13, 13, 13, 13, 14, 17, 14, 15, 13, 13, 12, 14, 14, 14, 16, 16, 15, 14, 13, 12, 12, 12, 11, 9, 11, 10, 10, 11, 12, 12, 11, 10, 11, 12, 10, 10, 10, 11, 11, 10, 9, 10, 10, 13, 12, 12, 12, 12, 14, 15, 15, 14, 14, 15, 16, 16, 13, 15, 13, 13, 11, 9, 11, 11, 12, 11, 11, 11, 10, 11, 11, 11, 12, 13, 12, 12, 13, 15, 15, 15, 15, 14, 15, 14, 12, 11, 9, 9, 9, 10, 10, 12, 11, 10, 10, 9, 9, 10, 10, 10, 10, 10, 12, 12, 13, 12, 12, 11, 9, 9, 11, 11, 11, 12, 11, 12, 12, 13, 11, 12, 11, 13, 13, 12, 15, 17, 17, 16, 16, 16, 18, 18, 15, 17, 18, 16, 16, 17, 18, 16, 16, 16, 18, 17, 15, 16, 15, 13, 14, 15, 15, 14, 12, 11, 9, 9, 10, 10, 12, 12, 12, 12, 12, 12, 12, 10, 10, 11, 12, 12, 12, 13, 14, 12, 11, 11, 10, 11, 11, 11, 11, 11, 11, 12, 11, 11, 11, 11, 13, 13, 11, 13, 14, 15, 13, 13, 14, 17, 17, 17, 18, 17, 18, 18, 19, 17, 16, 17, 17, 17, 17, 17, 17, 17, 19, 20, 21, 22, 22, 25, 28, 25, 24, 23, 23, 22, 23, 23, 21, 21, 21, 21, 21, 22, 22, 23, 24, 25, 28, 27, 28, 27, 27, 29, 28, 26, 30, 31, 31, 30, 27, 26, 26, 26, 25, 23, 21, 22, 21, 21, 22, 23, 24, 25, 25, 23, 24, 25, 27, 27, 28, 29, 31, 28
PlayersInEachFeedingGame=1, 1, 2, 1, 1, 1, 1, 2, 2, 1, 2, 2, 2, 2, 1, 1, 2, 2, 2, 2, 2, 1, 1, 2, 1, 2, 1, 1, 1, 2, 2, 2, 2, 2, 1, 2, 1, 2, 2, 2, 2, 2, 2, 2, 2, 1, 2, 2, 2, 2, 2, 2, 1, 2, 2, 1, 1, 2, 1, 1, 2, 1, 2, 1, 2, 1, 1, 1, 1, 1, 1, 1, 2, 1, 1, 1, 2, 2, 1, 2, 2, 2, 1, 2, 1, 2, 2, 2, 2, 1, 2, 2, 1, 2, 4, 1, 2, 2, 1, 2, 2, 1, 2, 2, 2, 2, 2, 2, 2, 2, 2, 2, 2, 2, 2, 2, 2, 2, 2, 2, 2, 1, 2, 1, 2, 2, 2, 2, 2, 2, 1, 2, 1, 2, 1, 2, 3, 1, 1, 1, 1, 1, 1, 1, 1, 1, 1, 1, 1, 2, 1, 1, 2, 2, 2, 1, 2, 1, 2, 2, 1, 1, 2, 1, 2, 1, 2, 2, 1, 1, 1, 2, 1, 1, 1, 2, 2, 1, 2, 2, 1, 2, 2, 2, 2, 1, 1, 2, 2, 2, 3, 2, 2, 2, 2, 1, 2, 2, 2, 2, 1, 2, 1, 1, 2, 2, 2, 1, 2, 2, 2, 1, 2, 1, 2, 1, 1, 1, 2, 2, 1, 1, 1, 2, 2, 1, 1, 2, 1, 1, 1, 2, 1, 1, 2, 2, 1, 2, 1, 2, 1, 1, 1, 2, 2, 2, 2, 1, 1, 3, 2, 3, 2, 2, 2, 2, 2, 2, 2, 2, 2, 2, 1, 1, 1, 2, 2, 1, 2, 2
PlayersStarted=343
PlayersQuit=315
StatsStartTime=1241855990477
StatsDumpTime=1241877591812
<<<<EndStats
2009-05-09 07:00:14,735 ERROR: vampire.server.feeding.FeedingRecord sendPlayerStartGameMsg [playerId=859282, prey=false, _predatorIndex=]
2009-05-09 07:01:39,875 ERROR: vampire.server.feeding.FeedingRecord sendPlayerStartGameMsg [playerId=131190, prey=true, _predatorIndex=]
2009-05-09 07:01:39,876 ERROR: vampire.server.feeding.FeedingRecord sendPlayerStartGameMsg [playerId=612389, prey=false, _predatorIndex=]
2009-05-09 07:03:24,831 ERROR: vampire.server.feeding.FeedingRecord sendPlayerStartGameMsg [playerId=543213, prey=true, _predatorIndex=]
2009-05-09 07:03:24,832 ERROR: vampire.server.feeding.FeedingRecord sendPlayerStartGameMsg [playerId=421572, prey=false, _predatorIndex=]
2009-05-09 07:03:36,713 ERROR: vampire.server.feeding.FeedingRecord sendPlayerStartGameMsg [playerId=1156910, prey=false, _predatorIndex=421572]
2009-05-09 07:03:51,967 ERROR: vampire.server.feeding.FeedingRecord sendPlayerStartGameMsg [playerId=124440, prey=false, _predatorIndex=]
2009-05-09 07:04:13,260 ERROR: vampire.server.feeding.FeedingRecord sendPlayerStartGameMsg [playerId=4012, prey=true, _predatorIndex=]
2009-05-09 07:04:13,261 ERROR: vampire.server.feeding.FeedingRecord sendPlayerStartGameMsg [playerId=1156910, prey=false, _predatorIndex=]
2009-05-09 07:04:52,912 ERROR: vampire.server.feeding.FeedingRecord sendPlayerStartGameMsg [playerId=612389, prey=true, _predatorIndex=]
2009-05-09 07:04:52,912 ERROR: vampire.server.feeding.FeedingRecord sendPlayerStartGameMsg [playerId=182539, prey=false, _predatorIndex=]
2009-05-09 07:07:00,164 ERROR: vampire.server.feeding.FeedingRecord sendPlayerStartGameMsg [playerId=1156910, prey=false, _predatorIndex=]
2009-05-09 07:07:07,520 ERROR: vampire.server.feeding.FeedingRecord sendPlayerStartGameMsg [playerId=69453, prey=false, _predatorIndex=1156910]
2009-05-09 07:08:15,134 ERROR: vampire.server.feeding.FeedingRecord sendPlayerStartGameMsg [playerId=124440, prey=true, _predatorIndex=]
2009-05-09 07:08:15,135 ERROR: vampire.server.feeding.FeedingRecord sendPlayerStartGameMsg [playerId=1199648, prey=false, _predatorIndex=]
2009-05-09 07:08:46,094 ERROR: vampire.server.feeding.FeedingRecord sendPlayerStartGameMsg [playerId=1359770, prey=false, _predatorIndex=]
2009-05-09 07:09:40,861 ERROR: vampire.server.feeding.FeedingRecord sendPlayerStartGameMsg [playerId=1156910, prey=true, _predatorIndex=]
2009-05-09 07:09:40,862 ERROR: vampire.server.feeding.FeedingRecord sendPlayerStartGameMsg [playerId=543213, prey=false, _predatorIndex=]

