
>>>>BeginStats

>>>>BeginTable
PlayerId, StartTime, EndTime, ProgenyPayout, XPFromFeeding, FeedingGames, MeanFeedingScore, BloodBond, Progeny, GrandProgeny, Sire, Level, Invites
1010692, , , 42.75000000000001, 0, 0, 0, 0, 17, 15, 70997, , 
1012813, 1241885228558, 1241886038781, 0, 459, 2, 246, 0, 6, 22, 54776, 5, 1
103033, 1241890581365, , 0, 2198, 8, 258.25, 767143, 15, 14, 81899, 7, 1
103144, 1241888035225, , 0, 321, 2, 151.5, 0, 5, 19, 116005, 4, 0
10634, 1241890753384, , 0, 897, 3, 287.3333333333333, 11600, 2, 0, 713, 5, 2
10642, 1241890650574, , 176.45, 209, 1, 285, 447249, 33, 46, 351598, 16, 2
107977, 1241887924026, 1241888030316, 0, 0, 0, 0, 0, 0, 0, 193495, 1, 
1084544, 1241888495942, 1241888549557, 0, 0, 0, 0, 0, 0, 0, 543921, 1, 
1089107, 1241889575066, 1241890554038, 0, 469, 3, 156.33333333333334, 0, 0, 0, 69453, 1, 
1092321, , , 126.60000000000001, 0, 0, 0, 0, 32, 11, 35568, , 
1100098, 1241886290476, 1241887382842, 0, 0, 0, 0, 0, 0, 0, 0, 1, 
1101, , , 10.100000000000001, 0, 0, 0, 0, 2, 18, 239981, , 
110735, 1241889906972, 1241890033675, 0, 0, 0, 0, 1255618, 0, 0, 408501, 3, 
1108399, 1241887152371, 1241887213807, 0, 0, 0, 0, 0, 0, 0, 153097, 3, 
1111437, 1241887796325, 1241888053706, 0, 309, 3, 116.66666666666667, 0, 2, 0, 70997, 2, 
1113223, 1241887326487, 1241887531141, 0, 0, 0, 0, 0, 0, 0, 0, 1, 
1114709, 1241885481787, 1241886013587, 0, 76, 1, 76, 0, 0, 0, 0, 1, 
1122449, , , 59.300000000000004, 0, 0, 0, 0, 15, 2, 555728, , 
1129838, 1241884687465, 1241884714741, 0, 0, 0, 0, 0, 0, 0, 116434, 1, 
113237, , , 530.7499999999999, 0, 0, 0, 0, 9, 17, 10642, , 
1139834, 1241889178186, 1241890155518, 0, 936, 4, 116, 0, 0, 0, 325853, 2, 
114461, , , 14.100000000000001, 0, 0, 0, 0, 2, 1, 390995, , 
114651, 1241886606246, , 0, 2752, 21, 120.28571428571429, 0, 0, 0, 988642, 3, 0
115913, 1241889858515, 1241890198914, 0, 109, 1, 109, 0, 0, 0, 0, 1, 
11600, 1241890418090, , 11, 492, 1, 527, 10634, 12, 0, 171581, 8, 13
116005, , , 32.1, 0, 0, 0, 0, 6, 5, 130627, , 
119509, 1241888987319, 1241890393654, 0, 1340, 6, 133.83333333333334, 0, 0, 0, 836050, 2, 
12, , , 1455.849999999999, 0, 0, 0, 0, 20, 60, 383387, , 
124344, 1241889596815, 1241889662792, 0, 0, 0, 0, 0, 0, 0, 0, 1, 
124440, 1241884346591, 1241885032946, 0, 771, 4, 204.25, 99802, 3, 0, 1092321, 4, 
124912, 1241890436694, 1241891042517, 0, 0, 0, 0, 0, 0, 0, 0, 1, 0
1252426, 1241888787950, 1241889733655, 0, 257, 1, 117, 0, 0, 0, 35568, 2, 
1255018, 1241884694776, 1241884982567, 13.4, 74, 1, 147, 0, 1, 0, 114461, 3, 1
1255618, 1241884006486, 1241886932793, 0, 1186, 6, 239.16666666666666, 110735, 2, 1, 206148, 4, 
126033, , , 9.4, 0, 0, 0, 0, 2, 0, 202501, , 
1265, , , 12.6, 0, 0, 0, 0, 2, 31, 12, , 
127073, 1241885426319, 1241885992352, 0, 256, 2, 153, 0, 1, 0, 155161, 5, 1
1272459, 1241884677944, 1241884698620, 0, 0, 0, 0, 0, 0, 0, 0, 1, 
1274512, 1241887494775, 1241887517208, 0, 0, 0, 0, 0, 0, 0, 0, 1, 
127763, , , 33.2, 0, 0, 0, 0, 2, 6, 143278, , 
1277989, 1241885313802, 1241885413645, 0, 0, 0, 0, 0, 0, 0, 0, 1, 
12791, 1241887120069, , 0, 936, 2, 218, 0, 15, 25, 12, 13, 2
130627, , , 16.05, 0, 0, 0, 0, 8, 7, 85079, , 
1312215, 1241885717329, 1241885903892, 0, 0, 0, 0, 0, 0, 0, 0, 1, 
1322906, 1241884709897, 1241885098874, 0, 134, 1, 134, 0, 0, 0, 1255018, 1, 
1323312, 1241885425229, 1241885432779, 0, 0, 0, 0, 0, 0, 0, 392522, 1, 
1325463, 1241884122470, 1241884936138, 0, 883, 3, 152.33333333333334, 0, 0, 0, 836050, 1, 
132832, , , 14.700000000000001, 0, 0, 0, 0, 1, 2, 92388, , 
1336796, 1241886292342, 1241886305322, 0, 0, 0, 0, 0, 0, 0, 0, 1, 
1337086, 1241885184732, 1241885461227, 0, 129, 1, 128, 0, 0, 0, 859282, 1, 
1337687, 1241885580177, 1241885760166, 0, 0, 0, 0, 0, 0, 0, 0, 1, 
1344561, 1241889351816, 1241889540857, 0, 204, 1, 266, 0, 0, 0, 54776, 2, 
1349123, 1241886581659, 1241887153779, 0, 248, 2, 77, 0, 0, 0, 0, 1, 
134915, 1241890450171, 1241890500490, 0, 0, 0, 0, 0, 0, 0, 0, 1, 
1357346, 1241886524643, 1241886785293, 0, 0, 0, 0, 0, 0, 0, 0, 1, 
1358176, 1241888006166, 1241888473644, 0, 0, 0, 0, 0, 0, 0, 0, 1, 
1364614, 1241887594752, 1241887617307, 0, 0, 0, 0, 0, 0, 0, 0, 1, 
137155, 1241886819723, 1241886829919, 0, 0, 0, 0, 0, 0, 0, 70997, 1, 0
1380707, 1241890976783, 1241890985898, 0, 0, 0, 0, 0, 0, 0, 0, 1, 
1381267, 1241888809569, 1241888882349, 0, 0, 0, 0, 0, 0, 0, 0, 1, 
1382472, 1241885100268, 1241885350039, 0, 227, 1, 135, 0, 0, 0, 0, 1, 
1383164, 1241884865419, 1241885403721, 0, 0, 0, 0, 0, 0, 0, 0, 1, 
1383678, 1241887842043, 1241887862704, 0, 0, 0, 0, 0, 0, 0, 0, 1, 
1384244, 1241887950526, 1241887995107, 0, 0, 0, 0, 0, 0, 0, 0, 1, 
1384583, 1241885866322, 1241885928072, 0, 0, 0, 0, 0, 0, 0, 0, 1, 
1384823, 1241888718720, 1241888834417, 0, 0, 0, 0, 0, 0, 0, 0, 1, 
1385203, 1241887749200, 1241888831415, 0, 797, 6, 137.5, 0, 0, 0, 178724, 1, 
1386585, 1241889728605, 1241890509989, 0, 752, 3, 164.66666666666666, 0, 0, 0, 176400, 1, 
1387018, 1241889341203, 1241889417064, 0, 0, 0, 0, 0, 0, 0, 33541, 1, 
1387353, 1241890742359, , 0, 0, 0, 0, 0, 0, 0, 0, 1, 0
1387797, 1241890495723, 1241890535177, 0, 0, 0, 0, 0, 0, 0, 0, 1, 
140830, 1241890603739, , 0, 886, 7, 143.71428571428572, 0, 0, 0, 208085, 2, 0
149666, 1241885574727, 1241885830066, 0, 169, 1, 169, 0, 0, 0, 297654, 2, 0
149684, 1241885999515, 1241886090747, 3.1500000000000004, 0, 0, 0, 0, 3, 5, 184167, 5, 5
1531, 1241886677931, , 93.10000000000001, 3727, 10, 376.6, 503, 6, 14, 12, 16, 3
154004, 1241888003910, 1241888093292, 0, 0, 0, 0, 561706, 10, 7, 90041, 4, 0
155161, , , 25.6, 0, 0, 0, 0, 5, 1, 253373, , 
156489, , , 76.7, 0, 0, 0, 0, 16, 17, 713, , 
157713, 1241890376180, 1241890879712, 23.9, 941, 5, 171, 0, 4, 0, 58859, 3, 3
163914, , , 64.10000000000001, 0, 0, 0, 0, 2, 3, 227953, , 
171581, , , 54.7, 0, 0, 0, 0, 1, 12, 73304, , 
172276, 1241889189352, 1241889671562, 0, 271, 2, 147.5, 0, 3, 0, 554253, 3, 2
173126, 1241886186175, 1241886331143, 0, 0, 0, 0, 0, 2, 0, 151088, 1, 2
175065, , , 49.25, 0, 0, 0, 0, 1, 4, 401467, , 
176400, 1241889514512, , 75.2, 1258, 4, 391, 0, 9, 0, 21067, 6, 5
177760, 1241886539113, 1241886973733, 0, 0, 0, 0, 0, 0, 0, 0, 1, 
178724, 1241888729103, , 79.69999999999999, 2509, 9, 408, 0, 11, 0, 58859, 5, 1
181264, , , 97.20000000000002, 0, 0, 0, 0, 2, 5, 3812, , 
181738, , , 8.450000000000001, 0, 0, 0, 0, 5, 4, 12791, , 
182539, 1241889857299, 1241890093657, 0, 239, 1, 370, 0, 2, 0, 879079, 3, 
183294, 1241888034821, 1241888415312, 0, 145, 1, 145, 0, 0, 0, 0, 1, 
196543, , , 37.35, 0, 0, 0, 0, 6, 2, 32314, , 
199521, 1241884339613, 1241884345995, 0, 0, 0, 0, 0, 0, 0, 139055, 2, 0
20106, 1241889890618, 1241890368061, 0, 0, 0, 0, 229006, 4, 3, 5842, 8, 1
202501, , , 4.7, 0, 0, 0, 0, 6, 3, 1265, , 
20260, , , 693.4000000000001, 0, 0, 0, 0, 18, 26, 12, , 
205330, , , 22.05, 0, 0, 0, 0, 1, 2, 273767, , 
206148, , , 118.60000000000001, 0, 0, 0, 0, 1, 2, 1122449, , 
207116, 1241887517969, 1241887889698, 0, 147, 1, 147, 0, 2, 0, 132832, 4, 
208085, 1241887209928, 1241887453808, 88.60000000000001, 198, 1, 243, 0, 3, 0, 163914, 4, 0
209812, 1241889468274, 1241889747513, 0, 144, 1, 180, 0, 1, 0, 4139, 4, 0
21067, , , 163.4, 0, 0, 0, 0, 3, 51, 302907, , 
213087, 1241887545612, 1241888706724, 0, 252, 2, 124, 0, 0, 0, 258951, 2, 0
217283, , , 6.1000000000000005, 0, 0, 0, 0, 71, 5, 57393, , 
227953, , , 9.9, 0, 0, 0, 0, 3, 2, 320570, , 
231931, 1241886492545, 1241886613528, 0, 0, 0, 0, 0, 0, 0, 0, 1, 
248208, 1241890138337, 1241890333654, 0, 0, 0, 0, 0, 0, 0, 0, 1, 0
253373, , , 12.8, 0, 0, 0, 0, 2, 5, 212370, , 
258951, , , 38.05, 0, 0, 0, 0, 25, 13, 1265, , 
259344, , , 115.35000000000001, 0, 0, 0, 0, 23, 23, 143538, , 
261716, , , 200.85000000000002, 0, 0, 0, 0, 1, 1, 181264, , 
2796, , , 174.10000000000002, 0, 0, 0, 0, 5, 0, 259344, , 
2800, 1241888129784, 1241889923274, 0, 931, 1, 256, 0, 0, 0, 1531, 6, 1
280634, , , 14.950000000000001, 0, 0, 0, 0, 5, 2, 280346, , 
296658, 1241884632850, 1241884694500, 0, 0, 0, 0, 0, 9, 12, 299646, 3, 7
297654, , , 16.900000000000002, 0, 0, 0, 0, 4, 0, 181738, , 
298220, 1241890528918, 1241890545090, 0, 0, 0, 0, 0, 0, 0, 210302, 1, 
298666, , , 56.60000000000001, 0, 0, 0, 0, 9, 0, 259344, , 
30158, , , 29.900000000000002, 0, 0, 0, 0, 2, 5, 280634, , 
302907, , , 62.900000000000006, 0, 0, 0, 0, 2, 3, 283855, , 
314851, 1241890349360, 1241890404750, 0, 0, 0, 0, 0, 0, 0, 0, 1, 
32314, , , 12.7, 0, 0, 0, 0, 10, 6, 40508, , 
325853, , , 93.6, 0, 0, 0, 0, 2, 0, 92600, , 
33541, 1241890679439, , 0, 1981, 6, 380.1666666666667, 14882, 2, 2, 12, 10, 2
336524, 1241883924155, 1241884411006, 0, 0, 0, 0, 988642, 36, 6, 195736, 12, 2
336620, 1241889483047, , 0, 239, 2, 87, 0, 0, 0, 157713, 2, 0
336694, , , 82.4, 0, 0, 0, 0, 3, 0, 338481, , 
338481, , , 41.2, 0, 0, 0, 0, 5, 4, 370695, , 
34108, , , 6.300000000000001, 0, 0, 0, 0, 4, 4, 149684, , 
351598, , , 20.900000000000002, 0, 0, 0, 0, 1, 33, 359624, , 
35568, 1241888555366, 1241888702408, 89, 0, 0, 0, 0, 3, 32, 258951, 4, 
359624, , , 10.450000000000001, 0, 0, 0, 0, 4, 1, 201132, , 
367452, , , 66.4, 0, 0, 0, 0, 6, 4, 127763, , 
380174, , , 44.1, 0, 0, 0, 0, 2, 2, 205330, , 
380780, 1241889067348, 1241889648662, 0, 0, 0, 0, 0, 0, 0, 199782, 2, 0
383387, , , 332.2, 0, 0, 0, 0, 7, 57, 0, , 
390995, , , 3.7, 0, 0, 0, 0, 2, 2, 388615, , 
39180, 1241886998181, 1241887282708, 0, 0, 0, 0, 0, 8, 16, 68619, 7, 1
392522, 1241890492850, , 0, 61, 1, 122, 0, 2, 0, 217283, 2, 0
396113, , , 172.5, 0, 0, 0, 0, 2, 11, 44987, , 
397835, , , 113.75000000000001, 0, 0, 0, 0, 5, 35, 47379, , 
4139, 1241889980911, , 14.4, 7154, 18, 464.44444444444446, 44987, 25, 23, 713, 19, 3
4141, 1241888249695, 1241889786755, 0, 1741, 7, 203, 0, 0, 0, 2796, 4, 
416503, 1241890954482, , 0, 0, 0, 0, 0, 3, 0, 82321, 3, 1
421572, 1241888123685, , 0, 566, 6, 96.16666666666667, 0, 0, 0, 298666, 3, 0
438751, , , 137.6, 0, 0, 0, 0, 20, 8, 210163, , 
47154, 1241888776424, 1241890237252, 0, 1170, 9, 125.44444444444444, 0, 0, 0, 336694, 2, 
47379, , , 49.150000000000006, 0, 0, 0, 0, 5, 5, 54776, , 
506667, 1241884501332, 1241885892678, 0, 985, 7, 118.71428571428571, 0, 0, 0, 58022, 3, 1
510740, , , 12.25, 0, 0, 0, 0, 70, 9, 534632, , 
518207, , , 59, 0, 0, 0, 0, 1, 0, 518979, , 
518979, , , 29.5, 0, 0, 0, 0, 2, 1, 262548, , 
520285, 1241886071428, 1241886553563, 0, 495, 3, 165, 0, 0, 0, 1092321, 1, 
5212, 1241889600834, 1241890555230, 0, 767, 2, 362, 2843, 17, 17, 156489, 14, 2
52818, 1241887560272, , 0, 664, 4, 237.5, 1118266, 4, 1, 367452, 4, 0
533, 1241888151769, , 0, 6847, 16, 407.125, 535, 10, 11, 20260, 14, 2
543213, 1241889802956, 1241890125712, 0, 245, 2, 117, 0, 0, 0, 575140, 2, 0
545771, 1241890500083, , 0, 63, 1, 125, 0, 1, 0, 34108, 3, 0
54776, 1241888362724, 1241890696717, 66.30000000000001, 174, 1, 268, 1062, 82, 36, 89757, 16, 3
54786, 1241886722121, 1241886736843, 0, 0, 0, 0, 0, 0, 0, 432820, 1, 
554253, , , 27.1, 0, 0, 0, 0, 1, 3, 73481, , 
555728, , , 20.200000000000003, 0, 0, 0, 0, 18, 15, 1101, , 
566226, 1241890615707, , 0, 110, 1, 110, 0, 0, 0, 11600, 1, 0
57393, , , 3.0500000000000003, 0, 0, 0, 0, 6, 71, 159420, , 
575140, , , 24.5, 0, 0, 0, 0, 2, 0, 603011, , 
58022, , , 98.5, 0, 0, 0, 0, 4, 0, 175065, , 
58859, , , 396.8, 0, 0, 0, 0, 11, 15, 396113, , 
603011, , , 12.25, 0, 0, 0, 0, 5, 2, 562788, , 
610187, 1241890776766, , 0, 139, 1, 205, 0, 0, 0, 0, 1, 0
610205, 1241890395437, , 0, 239, 2, 86.5, 0, 0, 0, 0, 1, 0
618828, 1241887510620, 1241890126381, 0, 590, 5, 136, 0, 0, 0, 518207, 2, 
62700, 1241883943698, 1241885533626, 0, 94, 1, 94, 0, 0, 0, 126033, 4, 0
63415, , , 12.5, 0, 0, 0, 0, 12, 0, 8938, , 
635003, 1241888256474, 1241888775377, 0, 299, 1, 445, 32314, 5, 0, 30158, 7, 1
646018, , , 108.95000000000002, 0, 0, 0, 0, 1, 3, 1010692, , 
64748, 1241885844573, 1241885855697, 0, 0, 0, 0, 0, 0, 0, 0, 1, 
66051, 1241885320410, 1241886433563, 0, 256, 2, 103, 0, 0, 0, 0, 1, 
68238, 1241890382206, , 0, 441, 2, 144.5, 0, 2, 0, 380174, 2, 0
69453, 1241884397106, 1241886609940, 46.9, 855, 4, 207, 0, 3, 0, 646018, 2, 
70997, 1241883918005, 1241885930895, 30.900000000000002, 983, 5, 229.6, 1010692, 35, 36, 397835, 12, 3
713, , , 850.6500000000002, 0, 0, 0, 0, 11, 44, 12, , 
726649, 1241885865692, 1241886013589, 0, 0, 0, 0, 0, 3, 1, 763523, 5, 1
73304, , , 24.6, 0, 0, 0, 0, 2, 1, 53030, , 
733513, 1241885376167, 1241885606086, 0, 89, 1, 89, 0, 0, 0, 0, 1, 
73481, , , 13.55, 0, 0, 0, 0, 2, 1, 164243, , 
773108, , , 24.5, 0, 0, 0, 0, 9, 2, 510740, , 
78635, 1241884326240, 1241884664150, 0, 0, 0, 0, 0, 0, 0, 0, 1, 0
80225, 1241887175862, 1241887640353, 0, 0, 0, 0, 0, 0, 0, 132921, 1, 
802319, 1241886153809, 1241886465574, 109.9, 245, 1, 245, 0, 2, 6, 773108, 4, 
81899, , , 219.8, 0, 0, 0, 0, 6, 15, 802319, , 
836050, 1241886900628, 1241888293745, 355.70000000000005, 3529, 11, 479.6363636363636, 592692, 17, 6, 113237, 8, 2
840880, 1241885522133, 1241889898696, 0, 2790, 12, 180.75, 0, 0, 0, 836050, 2, 
859282, 1241889309837, , 12.9, 1944, 14, 111.21428571428571, 0, 1, 0, 261716, 3, 0
879079, 1241889654542, , 23.900000000000002, 254, 2, 116.5, 0, 2, 2, 196543, 2, 0
8938, , , 6.25, 0, 0, 0, 0, 23, 12, 541655, , 
89757, , , 50.55000000000001, 0, 0, 0, 0, 3, 82, 20260, , 
917336, 1241889006861, 1241889317824, 0, 125, 1, 140, 0, 0, 0, 63415, 2, 
92388, , , 7.3500000000000005, 0, 0, 0, 0, 1, 1, 106069, , 
92600, , , 46.8, 0, 0, 0, 0, 1, 2, 43402, , 
926511, 1241887319769, 1241889116249, 0, 202, 1, 240, 0, 0, 0, 555728, 2, 
940856, 1241884157459, 1241884275475, 0, 0, 0, 0, 0, 0, 0, 0, 1, 
988642, , , 275.2, 0, 0, 0, 0, 8, 0, 438751, , 
990799, 1241888438642, 1241888452498, 0, 0, 0, 0, 836417, 5, 15, 836417, 7, 3
<<<<EndTable

PlayersOnlineNow=27
PlayersOnlineEachMinute=0, 5, 6, 6, 7, 8, 8, 7, 9, 9, 10, 10, 12, 12, 11, 12, 14, 12, 11, 11, 11, 12, 14, 17, 17, 17, 15, 15, 17, 16, 16, 17, 15, 16, 13, 12, 12, 11, 12, 12, 13, 13, 12, 15, 16, 17, 17, 19, 16, 17, 18, 15, 17, 16, 17, 17, 17, 18, 19, 18, 20, 23, 22, 20, 21, 21, 23, 22, 22, 25, 24, 25, 23, 25, 25, 24, 21, 23, 22, 21, 19, 20, 20, 19, 21, 23, 24, 23, 25, 24, 27, 29, 28, 31, 29, 32, 30, 30, 29, 29, 30, 29, 29, 28, 25, 24, 23, 22, 22, 25, 25, 22, 25, 26, 28, 28, 28, 28, 28, 27
PlayersInEachFeedingGame=1, 2, 1, 1, 1, 1, 2, 1, 2, 1, 2, 2, 1, 2, 2, 2, 2, 1, 2, 1, 2, 2, 2, 1, 3, 1, 1, 2, 1, 1, 1, 2, 2, 1, 1, 1, 1, 1, 2, 2, 2, 2, 1, 2, 1, 2, 2, 2, 1, 1, 2, 2, 2, 2, 2, 2, 2, 1, 2, 2, 2, 1, 1, 1, 2, 2, 3, 1, 2, 2, 1, 2, 2, 1, 2, 1, 2, 2, 1, 3, 1, 1, 2, 1, 1, 1, 2, 1, 1, 2, 2, 2, 2, 2, 2, 2, 2, 2, 2, 1, 2, 2, 2, 1, 2, 1, 2, 2, 1, 1, 1, 1, 2, 1, 1, 1, 1, 1, 2, 2, 2, 1, 2, 1, 2, 2, 1, 2, 1, 1, 1, 2, 2, 2, 2
PlayersStarted=210
PlayersQuit=183
StatsStartTime=1241883915906
StatsDumpTime=1241891116336
<<<<EndStats
2009-05-09 10:45:39,425 ERROR: vampire.server.feeding.FeedingRecord sendPlayerStartGameMsg [playerId=10634, prey=false, _predatorIndex=10634,566226]
2009-05-09 10:45:54,871 ERROR: vampire.server.feeding.FeedingRecord sendPlayerStartGameMsg [playerId=392522, prey=true, _predatorIndex=]
2009-05-09 10:45:54,871 ERROR: vampire.server.feeding.FeedingRecord sendPlayerStartGameMsg [playerId=421572, prey=false, _predatorIndex=]
2009-05-09 10:46:24,338 ERROR: vampire.server.feeding.FeedingRecord sendPlayerStartGameMsg [playerId=178724, prey=true, _predatorIndex=]
2009-05-09 10:46:24,339 ERROR: vampire.server.feeding.FeedingRecord sendPlayerStartGameMsg [playerId=610187, prey=false, _predatorIndex=]
2009-05-09 10:46:58,814 ERROR: vampire.server.feeding.FeedingRecord sendPlayerStartGameMsg [playerId=1380707, prey=false, _predatorIndex=]
2009-05-09 10:47:45,948 ERROR: vampire.server.feeding.FeedingRecord sendPlayerStartGameMsg [playerId=68238, prey=true, _predatorIndex=]
2009-05-09 10:47:45,949 ERROR: vampire.server.feeding.FeedingRecord sendPlayerStartGameMsg [playerId=176400, prey=false, _predatorIndex=]
2009-05-09 10:48:10,118 ERROR: vampire.server.feeding.FeedingRecord sendPlayerStartGameMsg [playerId=114651, prey=true, _predatorIndex=]
2009-05-09 10:48:10,119 ERROR: vampire.server.feeding.FeedingRecord sendPlayerStartGameMsg [playerId=10642, prey=false, _predatorIndex=]
2009-05-09 10:49:06,047 ERROR: vampire.server.feeding.FeedingRecord sendPlayerStartGameMsg [playerId=178724, prey=false, _predatorIndex=416503]
2009-05-09 10:49:31,518 ERROR: vampire.server.feeding.FeedingRecord sendPlayerStartGameMsg [playerId=1078236, prey=true, _predatorIndex=]
2009-05-09 10:49:31,519 ERROR: vampire.server.feeding.FeedingRecord sendPlayerStartGameMsg [playerId=1279761, prey=false, _predatorIndex=]
2009-05-09 10:49:34,926 ERROR: vampire.server.feeding.FeedingRecord sendPlayerStartGameMsg [playerId=1387280, prey=true, _predatorIndex=]
2009-05-09 10:49:34,927 ERROR: vampire.server.feeding.FeedingRecord sendPlayerStartGameMsg [playerId=859282, prey=false, _predatorIndex=]
2009-05-09 10:50:07,439 ERROR: vampire.server.feeding.FeedingRecord sendPlayerStartGameMsg [playerId=178724, prey=false, _predatorIndex=416503,178724]
2009-05-09 10:50:30,528 ERROR: vampire.server.feeding.FeedingRecord sendPlayerStartGameMsg [playerId=1222623, prey=false, _predatorIndex=1279761]
2009-05-09 10:50:45,517 ERROR: vampire.server.feeding.FeedingRecord sendPlayerStartGameMsg [playerId=1222623, prey=false, _predatorIndex=]
2009-05-09 10:51:14,736 ERROR: vampire.server.feeding.FeedingRecord sendPlayerStartGameMsg [playerId=610187, prey=true, _predatorIndex=]
2009-05-09 10:51:14,737 ERROR: vampire.server.feeding.FeedingRecord sendPlayerStartGameMsg [playerId=10642, prey=false, _predatorIndex=]
2009-05-09 10:51:14,786 ERROR: vampire.server.feeding.FeedingRecord sendPlayerStartGameMsg [playerId=114651, prey=false, _predatorIndex=10642]
2009-05-09 10:51:50,871 ERROR: vampire.server.feeding.FeedingRecord sendPlayerStartGameMsg [playerId=1279761, prey=false, _predatorIndex=]
2009-05-09 10:52:20,593 ERROR: vampire.server.feeding.FeedingRecord sendPlayerStartGameMsg [playerId=1299968, prey=false, _predatorIndex=1279761]
2009-05-09 10:52:51,067 ERROR: vampire.server.feeding.FeedingRecord sendPlayerStartGameMsg [playerId=140830, prey=true, _predatorIndex=]
2009-05-09 10:52:51,068 ERROR: vampire.server.feeding.FeedingRecord sendPlayerStartGameMsg [playerId=1299968, prey=false, _predatorIndex=]
2009-05-09 10:52:59,269 ERROR: vampire.server.feeding.FeedingRecord sendPlayerStartGameMsg [playerId=533, prey=true, _predatorIndex=]
2009-05-09 10:52:59,270 ERROR: vampire.server.feeding.FeedingRecord sendPlayerStartGameMsg [playerId=4139, prey=false, _predatorIndex=]
2009-05-09 10:53:03,955 ERROR: vampire.server.feeding.FeedingRecord sendPlayerStartGameMsg [playerId=33541, prey=false, _predatorIndex=4139]
2009-05-09 10:53:14,423 ERROR: vampire.server.feeding.FeedingRecord sendPlayerStartGameMsg [playerId=178724, prey=true, _predatorIndex=]
2009-05-09 10:53:14,424 ERROR: vampire.server.feeding.FeedingRecord sendPlayerStartGameMsg [playerId=610205, prey=false, _predatorIndex=]
2009-05-09 10:53:43,030 ERROR: vampire.server.feeding.FeedingRecord sendPlayerStartGameMsg [playerId=519565, prey=true, _predatorIndex=]
2009-05-09 10:53:43,031 ERROR: vampire.server.feeding.FeedingRecord sendPlayerStartGameMsg [playerId=566226, prey=false, _predatorIndex=]
2009-05-09 10:54:07,405 ERROR: vampire.server.feeding.FeedingRecord sendPlayerStartGameMsg [playerId=1279761, prey=false, _predatorIndex=]
2009-05-09 10:54:28,678 ERROR: vampire.server.feeding.FeedingRecord sendPlayerStartGameMsg [playerId=421572, prey=false, _predatorIndex=1279761]

>>>>BeginStats

>>>>BeginTable
PlayerId, StartTime, EndTime, ProgenyPayout, XPFromFeeding, FeedingGames, MeanFeedingScore, BloodBond, Progeny, GrandProgeny, Sire, Level, Invites
1010692, , , 42.75000000000001, 0, 0, 0, 0, 17, 15, 70997, , 
1012813, 1241885228558, 1241886038781, 0, 459, 2, 246, 0, 6, 22, 54776, 5, 1
103033, 1241890581365, , 17.3, 2198, 8, 258.25, 767143, 15, 14, 81899, 7, 1
103144, 1241888035225, , 0, 321, 2, 151.5, 0, 5, 19, 116005, 4, 0
10634, 1241890753384, 1241891162261, 0, 897, 3, 287.3333333333333, 11600, 2, 0, 713, 5, 2
10642, 1241890650574, , 176.45, 805, 3, 457.6666666666667, 447249, 33, 46, 351598, 16, 2
1078236, 1241891334161, 1241891606031, 0, 300, 1, 469, 0, 0, 0, 0, 1, 
107977, 1241887924026, 1241888030316, 0, 0, 0, 0, 0, 0, 0, 193495, 1, 
1084544, 1241888495942, 1241888549557, 0, 0, 0, 0, 0, 0, 0, 543921, 1, 
1089107, 1241889575066, 1241890554038, 0, 469, 3, 156.33333333333334, 0, 0, 0, 69453, 1, 
1092321, , , 126.60000000000001, 0, 0, 0, 0, 32, 11, 35568, , 
1100098, 1241886290476, 1241887382842, 0, 0, 0, 0, 0, 0, 0, 0, 1, 
1101, , , 10.100000000000001, 0, 0, 0, 0, 2, 18, 239981, , 
110735, 1241889906972, 1241890033675, 0, 0, 0, 0, 1255618, 0, 0, 408501, 3, 
1108399, 1241887152371, 1241887213807, 0, 0, 0, 0, 0, 0, 0, 153097, 3, 
1111437, 1241887796325, 1241888053706, 0, 309, 3, 116.66666666666667, 0, 2, 0, 70997, 2, 
1113223, 1241887326487, 1241887531141, 0, 0, 0, 0, 0, 0, 0, 0, 1, 
1114709, 1241885481787, 1241886013587, 0, 76, 1, 76, 0, 0, 0, 0, 1, 
1122449, , , 59.300000000000004, 0, 0, 0, 0, 15, 2, 555728, , 
1129838, 1241884687465, 1241884714741, 0, 0, 0, 0, 0, 0, 0, 116434, 1, 
113237, , , 530.7499999999999, 0, 0, 0, 0, 9, 17, 10642, , 
1139834, 1241889178186, 1241890155518, 0, 936, 4, 116, 0, 0, 0, 325853, 2, 
114461, , , 14.100000000000001, 0, 0, 0, 0, 2, 1, 390995, , 
114651, 1241886606246, 1241891653738, 0, 3348, 23, 121.1304347826087, 0, 0, 0, 988642, 3, 
115913, 1241889858515, 1241890198914, 0, 109, 1, 109, 0, 0, 0, 0, 1, 
11600, 1241891601554, , 36.6, 492, 1, 527, 10634, 13, 0, 171581, 8, 14
116005, , , 32.1, 0, 0, 0, 0, 6, 5, 130627, , 
116353, 1241891502312, 1241891510471, 0, 0, 0, 0, 0, 0, 0, 0, 1, 
119509, 1241888987319, 1241890393654, 0, 1340, 6, 133.83333333333334, 0, 0, 0, 836050, 2, 
12, , , 1820.849999999999, 0, 0, 0, 0, 20, 60, 383387, , 
1222623, 1241891417385, , 0, 173, 1, 173, 0, 0, 0, 103033, 2, 0
124344, 1241889596815, 1241889662792, 0, 0, 0, 0, 0, 0, 0, 0, 1, 
124440, 1241884346591, 1241885032946, 0, 771, 4, 204.25, 99802, 3, 0, 1092321, 4, 
124912, 1241890436694, 1241891042517, 0, 0, 0, 0, 0, 0, 0, 0, 1, 0
1252426, 1241888787950, 1241889733655, 0, 257, 1, 117, 0, 0, 0, 35568, 2, 
1255018, 1241884694776, 1241884982567, 13.4, 74, 1, 147, 0, 1, 0, 114461, 3, 1
1255618, 1241884006486, 1241886932793, 0, 1186, 6, 239.16666666666666, 110735, 2, 1, 206148, 4, 
126033, , , 9.4, 0, 0, 0, 0, 2, 0, 202501, , 
1265, , , 12.6, 0, 0, 0, 0, 2, 31, 12, , 
127073, 1241885426319, 1241885992352, 0, 256, 2, 153, 0, 1, 0, 155161, 5, 1
1272459, 1241884677944, 1241884698620, 0, 0, 0, 0, 0, 0, 0, 0, 1, 
1274512, 1241887494775, 1241887517208, 0, 0, 0, 0, 0, 0, 0, 0, 1, 
127763, , , 33.2, 0, 0, 0, 0, 2, 6, 143278, , 
1277989, 1241885313802, 1241885413645, 0, 0, 0, 0, 0, 0, 0, 0, 1, 
12791, 1241887120069, 1241891692117, 0, 936, 2, 218, 0, 15, 25, 12, 13, 2
1279761, 1241891356069, , 0, 424, 2, 127, 0, 0, 0, 171513, 4, 0
1281412, 1241891254319, 1241891415720, 0, 0, 0, 0, 0, 0, 0, 1124156, 1, 
1299968, 1241891473196, , 0, 170, 1, 199, 0, 0, 0, 140830, 1, 0
130627, , , 16.05, 0, 0, 0, 0, 8, 7, 85079, , 
1312215, 1241885717329, 1241885903892, 0, 0, 0, 0, 0, 0, 0, 0, 1, 
1322906, 1241884709897, 1241885098874, 0, 134, 1, 134, 0, 0, 0, 1255018, 1, 
1323312, 1241885425229, 1241885432779, 0, 0, 0, 0, 0, 0, 0, 392522, 1, 
1325463, 1241884122470, 1241884936138, 0, 883, 3, 152.33333333333334, 0, 0, 0, 836050, 1, 
132832, , , 14.700000000000001, 0, 0, 0, 0, 1, 2, 92388, , 
1336796, 1241886292342, 1241886305322, 0, 0, 0, 0, 0, 0, 0, 0, 1, 
1337086, 1241885184732, 1241885461227, 0, 129, 1, 128, 0, 0, 0, 859282, 1, 
1337687, 1241885580177, 1241885760166, 0, 0, 0, 0, 0, 0, 0, 0, 1, 
1344561, 1241889351816, 1241889540857, 0, 204, 1, 266, 0, 0, 0, 54776, 2, 
1349123, 1241886581659, 1241887153779, 0, 248, 2, 77, 0, 0, 0, 0, 1, 
134915, 1241890450171, 1241890500490, 0, 0, 0, 0, 0, 0, 0, 0, 1, 
1357346, 1241886524643, 1241886785293, 0, 0, 0, 0, 0, 0, 0, 0, 1, 
1358176, 1241888006166, 1241888473644, 0, 0, 0, 0, 0, 0, 0, 0, 1, 
1364614, 1241887594752, 1241887617307, 0, 0, 0, 0, 0, 0, 0, 0, 1, 
137155, 1241886819723, 1241886829919, 0, 0, 0, 0, 0, 0, 0, 70997, 1, 0
1380707, 1241891124586, 1241891603945, 0, 87, 1, 87, 0, 0, 0, 0, 1, 
1381267, 1241888809569, 1241888882349, 0, 0, 0, 0, 0, 0, 0, 0, 1, 
1382472, 1241885100268, 1241885350039, 0, 227, 1, 135, 0, 0, 0, 0, 1, 
1383164, 1241884865419, 1241885403721, 0, 0, 0, 0, 0, 0, 0, 0, 1, 
1383678, 1241887842043, 1241887862704, 0, 0, 0, 0, 0, 0, 0, 0, 1, 
1384244, 1241887950526, 1241887995107, 0, 0, 0, 0, 0, 0, 0, 0, 1, 
1384583, 1241885866322, 1241885928072, 0, 0, 0, 0, 0, 0, 0, 0, 1, 
1384823, 1241888718720, 1241888834417, 0, 0, 0, 0, 0, 0, 0, 0, 1, 
1385203, 1241887749200, 1241888831415, 0, 797, 6, 137.5, 0, 0, 0, 178724, 1, 
1386585, 1241889728605, 1241890509989, 0, 752, 3, 164.66666666666666, 0, 0, 0, 176400, 1, 
1387018, 1241889341203, 1241889417064, 0, 0, 0, 0, 0, 0, 0, 33541, 1, 
1387280, 1241891272760, 1241891603506, 0, 92, 1, 84, 0, 0, 0, 0, 1, 
1387353, 1241890742359, 1241891177055, 0, 0, 0, 0, 0, 0, 0, 0, 1, 
1387797, 1241890495723, 1241890535177, 0, 0, 0, 0, 0, 0, 0, 0, 1, 
140830, 1241890603739, , 17, 1056, 8, 143.375, 0, 1, 0, 208085, 2, 0
140983, 1241891601975, , 0, 0, 0, 0, 0, 0, 0, 117857, 3, 0
149666, 1241885574727, 1241885830066, 0, 169, 1, 169, 0, 0, 0, 297654, 2, 0
149684, 1241885999515, 1241886090747, 3.1500000000000004, 0, 0, 0, 0, 3, 5, 184167, 5, 5
1531, 1241886677931, , 93.10000000000001, 3727, 10, 376.6, 503, 6, 14, 12, 16, 3
154004, 1241888003910, 1241888093292, 0, 0, 0, 0, 561706, 10, 7, 90041, 4, 0
155161, , , 25.6, 0, 0, 0, 0, 5, 1, 253373, , 
156489, , , 76.7, 0, 0, 0, 0, 16, 17, 713, , 
157713, 1241890376180, 1241890879712, 23.9, 941, 5, 171, 0, 4, 0, 58859, 3, 3
163914, , , 72.60000000000001, 0, 0, 0, 0, 2, 3, 227953, , 
170191, , , 21.2, 0, 0, 0, 0, 3, 11, 202873, , 
171513, , , 42.4, 0, 0, 0, 0, 11, 1, 170191, , 
171581, , , 67.5, 0, 0, 0, 0, 1, 13, 73304, , 
172276, 1241889189352, 1241889671562, 0, 271, 2, 147.5, 0, 3, 0, 554253, 3, 2
173126, 1241886186175, 1241886331143, 0, 0, 0, 0, 0, 2, 0, 151088, 1, 2
175065, , , 49.25, 0, 0, 0, 0, 1, 4, 401467, , 
176400, 1241889514512, , 75.2, 1388, 5, 346.6, 0, 9, 0, 21067, 6, 5
177760, 1241886539113, 1241886973733, 0, 0, 0, 0, 0, 0, 0, 0, 1, 
178724, 1241888729103, , 150.6, 2820, 10, 416.5, 0, 12, 0, 58859, 5, 1
181264, , , 101.80000000000001, 0, 0, 0, 0, 2, 5, 3812, , 
181738, , , 8.450000000000001, 0, 0, 0, 0, 5, 4, 12791, , 
182539, 1241889857299, 1241890093657, 0, 239, 1, 370, 0, 2, 0, 879079, 3, 
183294, 1241888034821, 1241888415312, 0, 145, 1, 145, 0, 0, 0, 0, 1, 
196543, , , 37.35, 0, 0, 0, 0, 6, 2, 32314, , 
199521, 1241884339613, 1241884345995, 0, 0, 0, 0, 0, 0, 0, 139055, 2, 0
20106, 1241889890618, 1241890368061, 0, 0, 0, 0, 229006, 4, 3, 5842, 8, 1
202501, , , 4.7, 0, 0, 0, 0, 6, 3, 1265, , 
20260, , , 875.9000000000001, 0, 0, 0, 0, 18, 26, 12, , 
205330, , , 28.55, 0, 0, 0, 0, 1, 2, 273767, , 
206148, , , 118.60000000000001, 0, 0, 0, 0, 1, 2, 1122449, , 
207116, 1241887517969, 1241887889698, 0, 147, 1, 147, 0, 2, 0, 132832, 4, 
208085, 1241887209928, 1241887453808, 114.10000000000001, 198, 1, 243, 0, 3, 1, 163914, 4, 0
209812, 1241889468274, 1241889747513, 0, 144, 1, 180, 0, 1, 0, 4139, 4, 0
21067, , , 176.4, 0, 0, 0, 0, 3, 51, 302907, , 
213087, 1241887545612, 1241888706724, 0, 252, 2, 124, 0, 0, 0, 258951, 2, 0
217283, , , 16.1, 0, 0, 0, 0, 71, 5, 57393, , 
227953, , , 9.9, 0, 0, 0, 0, 3, 2, 320570, , 
231931, 1241886492545, 1241886613528, 0, 0, 0, 0, 0, 0, 0, 0, 1, 
248208, 1241890138337, 1241890333654, 0, 0, 0, 0, 0, 0, 0, 0, 1, 0
253373, , , 12.8, 0, 0, 0, 0, 2, 5, 212370, , 
258951, , , 38.05, 0, 0, 0, 0, 25, 14, 1265, , 
259344, , , 120.35000000000001, 0, 0, 0, 0, 23, 23, 143538, , 
261716, , , 210.05, 0, 0, 0, 0, 1, 1, 181264, , 
2796, , , 174.10000000000002, 0, 0, 0, 0, 5, 0, 259344, , 
2800, 1241888129784, 1241889923274, 0, 931, 1, 256, 0, 0, 0, 1531, 6, 1
280634, , , 14.950000000000001, 0, 0, 0, 0, 5, 2, 280346, , 
296658, 1241884632850, 1241884694500, 0, 0, 0, 0, 0, 9, 12, 299646, 3, 7
297654, , , 16.900000000000002, 0, 0, 0, 0, 4, 0, 181738, , 
298220, 1241890528918, 1241890545090, 0, 0, 0, 0, 0, 0, 0, 210302, 1, 
298666, , , 66.60000000000001, 0, 0, 0, 0, 9, 0, 259344, , 
30158, , , 29.900000000000002, 0, 0, 0, 0, 2, 5, 280634, , 
302907, , , 69.4, 0, 0, 0, 0, 2, 3, 283855, , 
314851, 1241890349360, 1241890404750, 0, 0, 0, 0, 0, 0, 0, 0, 1, 
32314, , , 12.7, 0, 0, 0, 0, 10, 6, 40508, , 
325853, , , 93.6, 0, 0, 0, 0, 2, 0, 92600, , 
33541, 1241890679439, , 0, 3806, 9, 606.7777777777778, 14882, 2, 2, 12, 10, 2
336524, 1241883924155, 1241884411006, 0, 0, 0, 0, 988642, 36, 6, 195736, 12, 2
336620, 1241889483047, , 0, 239, 2, 87, 0, 0, 0, 157713, 2, 0
336694, , , 82.4, 0, 0, 0, 0, 3, 0, 338481, , 
338481, , , 41.2, 0, 0, 0, 0, 5, 4, 370695, , 
34108, , , 6.300000000000001, 0, 0, 0, 0, 4, 4, 149684, , 
351598, , , 80.5, 0, 0, 0, 0, 1, 33, 359624, , 
35568, 1241888555366, 1241888702408, 89, 0, 0, 0, 0, 3, 32, 258951, 4, 
359624, , , 40.25, 0, 0, 0, 0, 4, 1, 201132, , 
367452, , , 66.4, 0, 0, 0, 0, 6, 4, 127763, , 
380174, , , 57.1, 0, 0, 0, 0, 2, 2, 205330, , 
380780, 1241891386804, 1241891390346, 0, 0, 0, 0, 0, 0, 0, 199782, 2, 0
383387, , , 423.45, 0, 0, 0, 0, 7, 57, 0, , 
390995, , , 3.7, 0, 0, 0, 0, 2, 2, 388615, , 
39180, 1241886998181, 1241887282708, 0, 0, 0, 0, 0, 8, 16, 68619, 7, 1
392522, 1241890492850, , 0, 161, 2, 115, 0, 2, 0, 217283, 2, 0
396113, , , 188.05, 0, 0, 0, 0, 2, 11, 44987, , 
397835, , , 113.75000000000001, 0, 0, 0, 0, 5, 35, 47379, , 
4139, 1241889980911, , 14.4, 8979, 21, 432.7142857142857, 44987, 25, 23, 713, 19, 3
4141, 1241888249695, 1241889786755, 0, 1741, 7, 203, 0, 0, 0, 2796, 4, 
416503, 1241890954482, 1241891557677, 0, 385, 3, 138.66666666666666, 0, 3, 0, 82321, 3, 1
421572, 1241888123685, , 0, 666, 7, 95.42857142857143, 0, 0, 0, 298666, 3, 0
43402, 1241891362520, , 0, 0, 0, 0, 29810, 12, 17, 123961, 11, 3
438751, , , 167.4, 0, 0, 0, 0, 20, 8, 210163, , 
47154, 1241888776424, 1241890237252, 0, 1170, 9, 125.44444444444444, 0, 0, 0, 336694, 2, 
47379, , , 49.150000000000006, 0, 0, 0, 0, 5, 5, 54776, , 
506667, 1241884501332, 1241885892678, 0, 985, 7, 118.71428571428571, 0, 0, 0, 58022, 3, 1
510740, , , 12.25, 0, 0, 0, 0, 70, 9, 534632, , 
518207, , , 59, 0, 0, 0, 0, 1, 0, 518979, , 
518979, , , 29.5, 0, 0, 0, 0, 2, 1, 262548, , 
519565, 1241891599815, , 0, 0, 0, 0, 0, 0, 0, 11600, 1, 0
520285, 1241886071428, 1241886553563, 0, 495, 3, 165, 0, 0, 0, 1092321, 1, 
5212, 1241889600834, 1241890555230, 0, 767, 2, 362, 2843, 17, 17, 156489, 14, 2
52818, 1241887560272, , 0, 664, 4, 237.5, 1118266, 4, 1, 367452, 4, 0
533, 1241888151769, , 0, 8672, 19, 425.10526315789474, 535, 10, 11, 20260, 14, 2
543213, 1241889802956, 1241890125712, 0, 245, 2, 117, 0, 0, 0, 575140, 2, 0
545771, 1241890500083, 1241891222357, 0, 63, 1, 125, 0, 1, 0, 34108, 3, 0
54776, 1241888362724, 1241890696717, 66.30000000000001, 174, 1, 268, 1062, 82, 36, 89757, 16, 3
54786, 1241886722121, 1241886736843, 0, 0, 0, 0, 0, 0, 0, 432820, 1, 
554253, , , 27.1, 0, 0, 0, 0, 1, 3, 73481, , 
555728, , , 20.200000000000003, 0, 0, 0, 0, 18, 15, 1101, , 
566226, 1241890615707, , 0, 366, 3, 122, 0, 0, 0, 11600, 1, 0
56923, 1241891600890, , 0, 0, 0, 0, 0, 0, 0, 0, 1, 0
57393, , , 8.05, 0, 0, 0, 0, 6, 72, 159420, , 
575140, , , 24.5, 0, 0, 0, 0, 2, 0, 603011, , 
57717, , , 19.25, 0, 0, 0, 0, 4, 6, 110178, , 
58022, , , 98.5, 0, 0, 0, 0, 4, 0, 175065, , 
58859, , , 463.35, 0, 0, 0, 0, 11, 16, 396113, , 
603011, , , 12.25, 0, 0, 0, 0, 5, 2, 562788, , 
610187, 1241890776766, , 0, 848, 3, 191.33333333333334, 0, 0, 0, 178724, 1, 0
610205, 1241890395437, , 0, 624, 5, 105.2, 0, 0, 0, 0, 1, 0
618828, 1241887510620, 1241890126381, 0, 590, 5, 136, 0, 0, 0, 518207, 2, 
62700, 1241883943698, 1241885533626, 0, 94, 1, 94, 0, 0, 0, 126033, 4, 0
63415, , , 12.5, 0, 0, 0, 0, 12, 0, 8938, , 
635003, 1241888256474, 1241888775377, 0, 299, 1, 445, 32314, 5, 0, 30158, 7, 1
638292, 1241891678190, , 0, 0, 0, 0, 0, 0, 0, 0, 1, 0
646018, , , 108.95000000000002, 0, 0, 0, 0, 1, 3, 1010692, , 
64748, 1241885844573, 1241885855697, 0, 0, 0, 0, 0, 0, 0, 0, 1, 
66051, 1241885320410, 1241886433563, 0, 256, 2, 103, 0, 0, 0, 0, 1, 
68238, 1241890382206, , 0, 571, 3, 126.66666666666667, 0, 2, 0, 380174, 3, 0
69453, 1241884397106, 1241886609940, 46.9, 855, 4, 207, 0, 3, 0, 646018, 2, 
70997, 1241883918005, 1241885930895, 30.900000000000002, 983, 5, 229.6, 1010692, 35, 36, 397835, 12, 3
713, , , 1033.1500000000003, 0, 0, 0, 0, 11, 48, 12, , 
726649, 1241885865692, 1241886013589, 0, 0, 0, 0, 0, 3, 1, 763523, 5, 1
73304, , , 24.6, 0, 0, 0, 0, 2, 1, 53030, , 
733513, 1241885376167, 1241885606086, 0, 89, 1, 89, 0, 0, 0, 0, 1, 
73481, , , 13.55, 0, 0, 0, 0, 2, 1, 164243, , 
773108, , , 24.5, 0, 0, 0, 0, 9, 2, 510740, , 
78635, 1241884326240, 1241884664150, 0, 0, 0, 0, 0, 0, 0, 0, 1, 0
80225, 1241887175862, 1241887640353, 0, 0, 0, 0, 0, 0, 0, 132921, 1, 
802319, 1241886153809, 1241886465574, 109.9, 245, 1, 245, 0, 2, 6, 773108, 4, 
81899, , , 228.45000000000002, 0, 0, 0, 0, 6, 15, 802319, , 
82321, , , 38.5, 0, 0, 0, 0, 6, 3, 57717, , 
836050, 1241886900628, 1241888293745, 355.70000000000005, 3529, 11, 479.6363636363636, 592692, 17, 6, 113237, 8, 2
840880, 1241885522133, 1241889898696, 0, 2790, 12, 180.75, 0, 0, 0, 836050, 2, 
859282, 1241889309837, 1241891553267, 12.9, 2036, 15, 110.46666666666667, 0, 1, 0, 261716, 3, 
879079, 1241889654542, 1241891564172, 23.900000000000002, 254, 2, 116.5, 0, 2, 2, 196543, 2, 
8938, , , 6.25, 0, 0, 0, 0, 23, 12, 541655, , 
89757, , , 50.55000000000001, 0, 0, 0, 0, 3, 82, 20260, , 
917336, 1241889006861, 1241889317824, 0, 125, 1, 140, 0, 0, 0, 63415, 2, 
92388, , , 7.3500000000000005, 0, 0, 0, 0, 1, 1, 106069, , 
92600, , , 46.8, 0, 0, 0, 0, 1, 2, 43402, , 
926511, 1241887319769, 1241889116249, 0, 202, 1, 240, 0, 0, 0, 555728, 2, 
940856, 1241884157459, 1241884275475, 0, 0, 0, 0, 0, 0, 0, 0, 1, 
988642, , , 334.8, 0, 0, 0, 0, 8, 0, 438751, , 
990799, 1241888438642, 1241888452498, 0, 0, 0, 0, 836417, 5, 15, 836417, 7, 3
<<<<EndTable

PlayersOnlineNow=27
PlayersOnlineEachMinute=0, 5, 6, 6, 7, 8, 8, 7, 9, 9, 10, 10, 12, 12, 11, 12, 14, 12, 11, 11, 11, 12, 14, 17, 17, 17, 15, 15, 17, 16, 16, 17, 15, 16, 13, 12, 12, 11, 12, 12, 13, 13, 12, 15, 16, 17, 17, 19, 16, 17, 18, 15, 17, 16, 17, 17, 17, 18, 19, 18, 20, 23, 22, 20, 21, 21, 23, 22, 22, 25, 24, 25, 23, 25, 25, 24, 21, 23, 22, 21, 19, 20, 20, 19, 21, 23, 24, 23, 25, 24, 27, 29, 28, 31, 29, 32, 30, 30, 29, 29, 30, 29, 29, 28, 25, 24, 23, 22, 22, 25, 25, 22, 25, 26, 28, 28, 28, 28, 28, 27, 27, 27, 25, 27, 29, 30, 31, 31, 27, 27
PlayersInEachFeedingGame=1, 2, 1, 1, 1, 1, 2, 1, 2, 1, 2, 2, 1, 2, 2, 2, 2, 1, 2, 1, 2, 2, 2, 1, 3, 1, 1, 2, 1, 1, 1, 2, 2, 1, 1, 1, 1, 1, 2, 2, 2, 2, 1, 2, 1, 2, 2, 2, 1, 1, 2, 2, 2, 2, 2, 2, 2, 1, 2, 2, 2, 1, 1, 1, 2, 2, 3, 1, 2, 2, 1, 2, 2, 1, 2, 1, 2, 2, 1, 3, 1, 1, 2, 1, 1, 1, 2, 1, 1, 2, 2, 2, 2, 2, 2, 2, 2, 2, 2, 1, 2, 2, 2, 1, 2, 1, 2, 2, 1, 1, 1, 1, 2, 1, 1, 1, 1, 1, 2, 2, 2, 1, 2, 1, 2, 2, 1, 2, 1, 1, 1, 2, 2, 2, 2, 2, 2, 1, 2, 2, 2, 2, 1, 3, 1, 2, 3, 2, 2, 1
PlayersStarted=228
PlayersQuit=201
StatsStartTime=1241883915906
StatsDumpTime=1241891716384
<<<<EndStats
2009-05-09 10:55:30,606 ERROR: vampire.server.feeding.FeedingRecord sendPlayerStartGameMsg [playerId=336620, prey=true, _predatorIndex=]
2009-05-09 10:55:30,607 ERROR: vampire.server.feeding.FeedingRecord sendPlayerStartGameMsg [playerId=610187, prey=false, _predatorIndex=]
2009-05-09 10:55:31,501 ERROR: vampire.server.feeding.FeedingRecord sendPlayerStartGameMsg [playerId=638292, prey=false, _predatorIndex=]
2009-05-09 10:55:47,957 ERROR: vampire.server.feeding.FeedingRecord sendPlayerStartGameMsg [playerId=392522, prey=true, _predatorIndex=]
2009-05-09 10:55:47,958 ERROR: vampire.server.feeding.FeedingRecord sendPlayerStartGameMsg [playerId=103033, prey=false, _predatorIndex=]
2009-05-09 10:56:37,330 ERROR: vampire.server.feeding.FeedingRecord sendPlayerStartGameMsg [playerId=140830, prey=true, _predatorIndex=]
2009-05-09 10:56:37,331 ERROR: vampire.server.feeding.FeedingRecord sendPlayerStartGameMsg [playerId=1279761, prey=false, _predatorIndex=]
2009-05-09 10:57:51,481 ERROR: vampire.server.feeding.FeedingRecord sendPlayerStartGameMsg [playerId=1222623, prey=true, _predatorIndex=]
2009-05-09 10:57:51,482 ERROR: vampire.server.feeding.FeedingRecord sendPlayerStartGameMsg [playerId=1299968, prey=false, _predatorIndex=]
2009-05-09 10:57:52,268 ERROR: vampire.server.feeding.FeedingRecord sendPlayerStartGameMsg [playerId=610205, prey=true, _predatorIndex=]
2009-05-09 10:57:52,269 ERROR: vampire.server.feeding.FeedingRecord sendPlayerStartGameMsg [playerId=610187, prey=false, _predatorIndex=]
2009-05-09 10:58:13,485 ERROR: vampire.server.feeding.FeedingRecord sendPlayerStartGameMsg [playerId=56923, prey=false, _predatorIndex=]
2009-05-09 10:58:41,161 ERROR: vampire.server.feeding.FeedingRecord sendPlayerStartGameMsg [playerId=562060, prey=true, _predatorIndex=]
2009-05-09 10:58:41,162 ERROR: vampire.server.feeding.FeedingRecord sendPlayerStartGameMsg [playerId=638292, prey=false, _predatorIndex=]
2009-05-09 10:58:48,438 ERROR: vampire.server.feeding.FeedingRecord sendPlayerStartGameMsg [playerId=178724, prey=false, _predatorIndex=]
2009-05-09 10:58:52,235 ERROR: vampire.server.feeding.FeedingRecord sendPlayerStartGameMsg [playerId=1078236, prey=true, _predatorIndex=]
2009-05-09 10:58:52,236 ERROR: vampire.server.feeding.FeedingRecord sendPlayerStartGameMsg [playerId=176400, prey=false, _predatorIndex=]
2009-05-09 10:59:08,907 ERROR: vampire.server.feeding.FeedingRecord sendPlayerStartGameMsg [playerId=271112, prey=true, _predatorIndex=]
2009-05-09 10:59:08,908 ERROR: vampire.server.feeding.FeedingRecord sendPlayerStartGameMsg [playerId=1279761, prey=false, _predatorIndex=]
2009-05-09 10:59:38,843 ERROR: vampire.server.feeding.FeedingRecord sendPlayerStartGameMsg [playerId=103033, prey=true, _predatorIndex=]
2009-05-09 10:59:38,844 ERROR: vampire.server.feeding.FeedingRecord sendPlayerStartGameMsg [playerId=392522, prey=false, _predatorIndex=]
2009-05-09 11:00:02,403 ERROR: vampire.server.feeding.FeedingRecord sendPlayerStartGameMsg [playerId=10642, prey=true, _predatorIndex=]
2009-05-09 11:00:02,403 ERROR: vampire.server.feeding.FeedingRecord sendPlayerStartGameMsg [playerId=1203701, prey=false, _predatorIndex=]
2009-05-09 11:00:37,675 ERROR: vampire.server.feeding.FeedingRecord sendPlayerStartGameMsg [playerId=140830, prey=false, _predatorIndex=]
2009-05-09 11:00:45,292 ERROR: vampire.server.feeding.FeedingRecord sendPlayerStartGameMsg [playerId=4139, prey=true, _predatorIndex=]
2009-05-09 11:00:45,292 ERROR: vampire.server.feeding.FeedingRecord sendPlayerStartGameMsg [playerId=453, prey=false, _predatorIndex=]
2009-05-09 11:00:51,495 ERROR: vampire.server.feeding.FeedingRecord sendPlayerStartGameMsg [playerId=56923, prey=false, _predatorIndex=]
2009-05-09 11:01:21,062 ERROR: vampire.server.feeding.FeedingRecord sendPlayerStartGameMsg [playerId=176400, prey=true, _predatorIndex=]
2009-05-09 11:01:21,062 ERROR: vampire.server.feeding.FeedingRecord sendPlayerStartGameMsg [playerId=1078236, prey=false, _predatorIndex=]
2009-05-09 11:01:55,439 ERROR: vampire.server.feeding.FeedingRecord sendPlayerStartGameMsg [playerId=271112, prey=false, _predatorIndex=]
2009-05-09 11:03:10,431 ERROR: vampire.server.feeding.FeedingRecord sendPlayerStartGameMsg [playerId=56923, prey=false, _predatorIndex=]
2009-05-09 11:03:19,467 ERROR: vampire.server.feeding.FeedingRecord sendPlayerStartGameMsg [playerId=1279761, prey=false, _predatorIndex=]
2009-05-09 11:03:26,222 ERROR: vampire.server.feeding.FeedingRecord sendPlayerStartGameMsg [playerId=610187, prey=false, _predatorIndex=]
2009-05-09 11:03:37,541 ERROR: vampire.server.feeding.FeedingRecord sendPlayerStartGameMsg [playerId=1214801, prey=true, _predatorIndex=]
2009-05-09 11:03:37,542 ERROR: vampire.server.feeding.FeedingRecord sendPlayerStartGameMsg [playerId=79009, prey=false, _predatorIndex=]
2009-05-09 11:04:07,015 ERROR: vampire.server.feeding.FeedingRecord sendPlayerStartGameMsg [playerId=1078236, prey=false, _predatorIndex=]
2009-05-09 11:04:20,703 ERROR: vampire.server.feeding.FeedingRecord sendPlayerStartGameMsg [playerId=176400, prey=false, _predatorIndex=79009]
2009-05-09 11:04:36,527 ERROR: vampire.server.feeding.FeedingRecord sendPlayerStartGameMsg [playerId=337490, prey=true, _predatorIndex=]
2009-05-09 11:04:36,528 ERROR: vampire.server.feeding.FeedingRecord sendPlayerStartGameMsg [playerId=176400, prey=false, _predatorIndex=]
2009-05-09 11:05:08,985 ERROR: vampire.server.feeding.FeedingRecord sendPlayerStartGameMsg [playerId=271936, prey=false, _predatorIndex=]

>>>>BeginStats

>>>>BeginTable
PlayerId, StartTime, EndTime, ProgenyPayout, XPFromFeeding, FeedingGames, MeanFeedingScore, BloodBond, Progeny, GrandProgeny, Sire, Level, Invites
1010692, , , 42.75000000000001, 0, 0, 0, 0, 17, 15, 70997, , 
1012813, 1241885228558, 1241886038781, 0, 459, 2, 246, 0, 6, 22, 54776, 5, 1
103033, 1241890581365, , 40.6, 2841, 10, 307.5, 767143, 15, 14, 81899, 7, 1
103144, 1241888035225, 1241892012313, 0, 321, 2, 151.5, 0, 5, 19, 116005, 4, 0
10634, 1241890753384, 1241891162261, 0, 897, 3, 287.3333333333333, 11600, 2, 0, 713, 5, 2
10642, 1241890650574, , 176.45, 1354, 5, 442.8, 447249, 33, 46, 351598, 16, 2
1078236, 1241891898698, , 0, 696, 3, 304, 0, 0, 0, 176400, 1, 0
107977, 1241887924026, 1241888030316, 0, 0, 0, 0, 0, 0, 0, 193495, 1, 
1084544, 1241888495942, 1241888549557, 0, 0, 0, 0, 0, 0, 0, 543921, 1, 
1089107, 1241889575066, 1241890554038, 0, 469, 3, 156.33333333333334, 0, 0, 0, 69453, 1, 
1092321, , , 126.60000000000001, 0, 0, 0, 0, 32, 11, 35568, , 
1100098, 1241886290476, 1241887382842, 0, 0, 0, 0, 0, 0, 0, 0, 1, 
1101, , , 10.100000000000001, 0, 0, 0, 0, 2, 18, 239981, , 
110735, 1241889906972, 1241890033675, 0, 0, 0, 0, 1255618, 0, 0, 408501, 3, 
1108399, 1241887152371, 1241887213807, 0, 0, 0, 0, 0, 0, 0, 153097, 3, 
1111437, 1241887796325, 1241888053706, 0, 309, 3, 116.66666666666667, 0, 2, 0, 70997, 2, 
1113223, 1241887326487, 1241887531141, 0, 0, 0, 0, 0, 0, 0, 0, 1, 
1114709, 1241885481787, 1241886013587, 0, 76, 1, 76, 0, 0, 0, 0, 1, 
1122449, , , 59.300000000000004, 0, 0, 0, 0, 15, 2, 555728, , 
1129838, 1241884687465, 1241884714741, 0, 0, 0, 0, 0, 0, 0, 116434, 1, 
113237, , , 530.7499999999999, 0, 0, 0, 0, 9, 17, 10642, , 
1139834, 1241889178186, 1241890155518, 0, 936, 4, 116, 0, 0, 0, 325853, 2, 
114461, , , 14.100000000000001, 0, 0, 0, 0, 2, 1, 390995, , 
114651, 1241886606246, 1241891653738, 0, 3348, 23, 121.1304347826087, 0, 0, 0, 988642, 3, 
115913, 1241889858515, 1241890198914, 0, 109, 1, 109, 0, 0, 0, 0, 1, 
11600, 1241891601554, , 54.6, 492, 1, 527, 10634, 13, 0, 171581, 8, 14
116005, , , 32.1, 0, 0, 0, 0, 6, 5, 130627, , 
116353, 1241891502312, 1241891510471, 0, 0, 0, 0, 0, 0, 0, 0, 1, 
119509, 1241888987319, 1241890393654, 0, 1340, 6, 133.83333333333334, 0, 0, 0, 836050, 2, 
12, , , 1912.3499999999988, 0, 0, 0, 0, 20, 61, 383387, , 
1203701, 1241891784014, , 0, 549, 2, 127.5, 0, 0, 0, 69453, 2, 0
1214801, 1241891935506, , 0, 0, 0, 0, 0, 0, 0, 0, 1, 0
1222623, 1241891417385, , 0, 406, 2, 154, 0, 0, 0, 103033, 2, 0
123961, , , 30.900000000000002, 0, 0, 0, 0, 5, 20, 713, , 
124344, 1241889596815, 1241889662792, 0, 0, 0, 0, 0, 0, 0, 0, 1, 
124440, 1241884346591, 1241885032946, 0, 771, 4, 204.25, 99802, 3, 0, 1092321, 4, 
124912, 1241890436694, 1241891042517, 0, 0, 0, 0, 0, 0, 0, 0, 1, 0
1252426, 1241888787950, 1241889733655, 0, 257, 1, 117, 0, 0, 0, 35568, 2, 
1255018, 1241884694776, 1241884982567, 13.4, 74, 1, 147, 0, 1, 0, 114461, 3, 1
1255618, 1241884006486, 1241886932793, 0, 1186, 6, 239.16666666666666, 110735, 2, 1, 206148, 4, 
126033, , , 9.4, 0, 0, 0, 0, 2, 0, 202501, , 
1265, , , 12.6, 0, 0, 0, 0, 2, 31, 12, , 
127073, 1241885426319, 1241885992352, 0, 256, 2, 153, 0, 1, 0, 155161, 5, 1
1272459, 1241884677944, 1241884698620, 0, 0, 0, 0, 0, 0, 0, 0, 1, 
1274512, 1241887494775, 1241887517208, 0, 0, 0, 0, 0, 0, 0, 0, 1, 
127763, , , 33.2, 0, 0, 0, 0, 2, 6, 143278, , 
1277989, 1241885313802, 1241885413645, 0, 0, 0, 0, 0, 0, 0, 0, 1, 
12791, 1241887120069, 1241891692117, 0, 936, 2, 218, 0, 15, 25, 12, 13, 2
1279761, 1241891356069, , 0, 853, 5, 139.2, 0, 0, 0, 171513, 4, 0
1281412, 1241891254319, 1241891415720, 0, 0, 0, 0, 0, 0, 0, 1124156, 1, 
1299968, 1241891473196, 1241892235059, 0, 403, 2, 264.5, 0, 0, 0, 140830, 1, 
130627, , , 16.05, 0, 0, 0, 0, 8, 7, 85079, , 
1312215, 1241885717329, 1241885903892, 0, 0, 0, 0, 0, 0, 0, 0, 1, 
1322906, 1241884709897, 1241885098874, 0, 134, 1, 134, 0, 0, 0, 1255018, 1, 
1323312, 1241885425229, 1241885432779, 0, 0, 0, 0, 0, 0, 0, 392522, 1, 
1325463, 1241884122470, 1241884936138, 0, 883, 3, 152.33333333333334, 0, 0, 0, 836050, 1, 
132832, , , 14.700000000000001, 0, 0, 0, 0, 1, 2, 92388, , 
1336796, 1241886292342, 1241886305322, 0, 0, 0, 0, 0, 0, 0, 0, 1, 
1337086, 1241885184732, 1241885461227, 0, 129, 1, 128, 0, 0, 0, 859282, 1, 
1337687, 1241885580177, 1241885760166, 0, 0, 0, 0, 0, 0, 0, 0, 1, 
1344561, 1241889351816, 1241889540857, 0, 204, 1, 266, 0, 0, 0, 54776, 2, 
1349123, 1241886581659, 1241887153779, 0, 248, 2, 77, 0, 0, 0, 0, 1, 
134915, 1241890450171, 1241890500490, 0, 0, 0, 0, 0, 0, 0, 0, 1, 
1357346, 1241886524643, 1241886785293, 0, 0, 0, 0, 0, 0, 0, 0, 1, 
1358176, 1241888006166, 1241888473644, 0, 0, 0, 0, 0, 0, 0, 0, 1, 
1361245, 1241891894671, 1241891958864, 0, 0, 0, 0, 0, 0, 0, 0, 1, 
1364614, 1241887594752, 1241887617307, 0, 0, 0, 0, 0, 0, 0, 0, 1, 
137155, 1241886819723, 1241886829919, 0, 0, 0, 0, 0, 0, 0, 70997, 1, 0
1380707, 1241891124586, 1241891603945, 0, 87, 1, 87, 0, 0, 0, 0, 1, 
1381267, 1241888809569, 1241888882349, 0, 0, 0, 0, 0, 0, 0, 0, 1, 
1382472, 1241885100268, 1241885350039, 0, 227, 1, 135, 0, 0, 0, 0, 1, 
1383164, 1241884865419, 1241885403721, 0, 0, 0, 0, 0, 0, 0, 0, 1, 
1383678, 1241887842043, 1241887862704, 0, 0, 0, 0, 0, 0, 0, 0, 1, 
1384244, 1241887950526, 1241887995107, 0, 0, 0, 0, 0, 0, 0, 0, 1, 
1384583, 1241885866322, 1241885928072, 0, 0, 0, 0, 0, 0, 0, 0, 1, 
1384823, 1241888718720, 1241888834417, 0, 0, 0, 0, 0, 0, 0, 0, 1, 
1385203, 1241887749200, 1241888831415, 0, 797, 6, 137.5, 0, 0, 0, 178724, 1, 
1386585, 1241889728605, 1241890509989, 0, 752, 3, 164.66666666666666, 0, 0, 0, 176400, 1, 
1387018, 1241889341203, 1241889417064, 0, 0, 0, 0, 0, 0, 0, 33541, 1, 
1387280, 1241891272760, 1241891603506, 0, 92, 1, 84, 0, 0, 0, 0, 1, 
1387353, 1241890742359, 1241891177055, 0, 0, 0, 0, 0, 0, 0, 0, 1, 
1387797, 1241890495723, 1241890535177, 0, 0, 0, 0, 0, 0, 0, 0, 1, 
140830, 1241890603739, , 40.3, 1435, 11, 140.36363636363637, 0, 1, 0, 208085, 3, 0
140983, 1241891601975, , 0, 0, 0, 0, 0, 0, 0, 117857, 3, 0
149666, 1241885574727, 1241885830066, 0, 169, 1, 169, 0, 0, 0, 297654, 2, 0
149684, 1241885999515, 1241886090747, 3.1500000000000004, 0, 0, 0, 0, 3, 5, 184167, 5, 5
1531, 1241886677931, , 93.10000000000001, 3727, 10, 376.6, 503, 6, 14, 12, 16, 3
154004, 1241888003910, 1241888093292, 0, 0, 0, 0, 561706, 10, 7, 90041, 4, 0
155161, , , 25.6, 0, 0, 0, 0, 5, 1, 253373, , 
156489, , , 76.7, 0, 0, 0, 0, 16, 17, 713, , 
157713, 1241891986963, , 23.9, 941, 5, 171, 0, 4, 0, 58859, 3, 3
163914, , , 91.55000000000001, 0, 0, 0, 0, 2, 3, 227953, , 
170191, , , 42.650000000000006, 0, 0, 0, 0, 3, 11, 202873, , 
171513, , , 85.30000000000001, 0, 0, 0, 0, 11, 1, 170191, , 
171581, , , 76.5, 0, 0, 0, 0, 1, 13, 73304, , 
172276, 1241889189352, 1241889671562, 0, 271, 2, 147.5, 0, 3, 0, 554253, 3, 2
173126, 1241886186175, 1241886331143, 0, 0, 0, 0, 0, 2, 0, 151088, 1, 2
175065, , , 49.25, 0, 0, 0, 0, 1, 4, 401467, , 
176400, 1241889514512, , 103.7, 1784, 7, 297.2857142857143, 0, 10, 0, 21067, 6, 5
177760, 1241886539113, 1241886973733, 0, 0, 0, 0, 0, 0, 0, 0, 1, 
178724, 1241888729103, 1241892099383, 192.6, 3071, 12, 370.0833333333333, 0, 13, 0, 58859, 5, 1
181264, , , 101.80000000000001, 0, 0, 0, 0, 2, 5, 3812, , 
181738, , , 8.450000000000001, 0, 0, 0, 0, 5, 4, 12791, , 
182539, 1241889857299, 1241890093657, 0, 239, 1, 370, 0, 2, 0, 879079, 3, 
183294, 1241888034821, 1241888415312, 0, 145, 1, 145, 0, 0, 0, 0, 1, 
196543, , , 37.35, 0, 0, 0, 0, 6, 2, 32314, , 
199521, 1241884339613, 1241884345995, 0, 0, 0, 0, 0, 0, 0, 139055, 2, 0
20106, 1241889890618, 1241890368061, 0, 0, 0, 0, 229006, 4, 3, 5842, 8, 1
202501, , , 4.7, 0, 0, 0, 0, 6, 3, 1265, , 
20260, , , 936.5000000000001, 0, 0, 0, 0, 18, 26, 12, , 
205330, , , 28.55, 0, 0, 0, 0, 1, 2, 273767, , 
206148, , , 118.60000000000001, 0, 0, 0, 0, 1, 2, 1122449, , 
207116, 1241887517969, 1241887889698, 0, 147, 1, 147, 0, 2, 0, 132832, 4, 
208085, 1241887209928, 1241887453808, 163.65, 198, 1, 243, 0, 3, 1, 163914, 4, 0
209812, 1241889468274, 1241889747513, 0, 144, 1, 180, 0, 1, 0, 4139, 4, 0
21067, , , 230.25, 0, 0, 0, 0, 3, 52, 302907, , 
213087, 1241887545612, 1241888706724, 0, 252, 2, 124, 0, 0, 0, 258951, 2, 0
217283, , , 80.4, 0, 0, 0, 0, 71, 5, 57393, , 
227953, , , 9.9, 0, 0, 0, 0, 3, 2, 320570, , 
231931, 1241886492545, 1241886613528, 0, 0, 0, 0, 0, 0, 0, 0, 1, 
248208, 1241890138337, 1241890333654, 0, 0, 0, 0, 0, 0, 0, 0, 1, 0
253373, , , 12.8, 0, 0, 0, 0, 2, 5, 212370, , 
258951, , , 38.05, 0, 0, 0, 0, 25, 14, 1265, , 
259344, , , 120.35000000000001, 0, 0, 0, 0, 23, 23, 143538, , 
261716, , , 210.05, 0, 0, 0, 0, 1, 1, 181264, , 
271112, 1241891888740, , 0, 188, 2, 78, 0, 0, 0, 0, 1, 0
271936, 1241892293579, , 0, 0, 0, 0, 0, 3, 0, 887964, 4, 0
2796, , , 174.10000000000002, 0, 0, 0, 0, 5, 0, 259344, , 
2800, 1241888129784, 1241889923274, 0, 931, 1, 256, 0, 0, 0, 1531, 6, 1
280634, , , 14.950000000000001, 0, 0, 0, 0, 5, 2, 280346, , 
283305, , , 4.9, 0, 0, 0, 0, 5, 10, 497122, , 
293092, 1241892307054, , 0, 0, 0, 0, 184475, 3, 0, 320880, 4, 2
296658, 1241884632850, 1241884694500, 0, 0, 0, 0, 0, 9, 12, 299646, 3, 7
297654, , , 16.900000000000002, 0, 0, 0, 0, 4, 0, 181738, , 
298220, 1241890528918, 1241890545090, 0, 0, 0, 0, 0, 0, 0, 210302, 1, 
298666, , , 66.60000000000001, 0, 0, 0, 0, 9, 0, 259344, , 
30158, , , 29.900000000000002, 0, 0, 0, 0, 2, 5, 280634, , 
302907, , , 89.2, 0, 0, 0, 0, 2, 3, 283855, , 
314851, 1241890349360, 1241890404750, 0, 0, 0, 0, 0, 0, 0, 0, 1, 
32314, , , 12.7, 0, 0, 0, 0, 10, 6, 40508, , 
325853, , , 93.6, 0, 0, 0, 0, 2, 0, 92600, , 
33541, 1241890679439, 1241891773747, 0, 3806, 9, 606.7777777777778, 14882, 2, 2, 12, 10, 2
336524, 1241883924155, 1241884411006, 0, 0, 0, 0, 988642, 36, 6, 195736, 12, 2
336620, 1241889483047, 1241891773749, 0, 239, 2, 87, 0, 0, 0, 157713, 2, 
336694, , , 82.4, 0, 0, 0, 0, 3, 0, 338481, , 
337490, 1241892194618, , 0, 0, 0, 0, 0, 0, 0, 336524, 1, 0
338481, , , 41.2, 0, 0, 0, 0, 5, 4, 370695, , 
34108, , , 6.300000000000001, 0, 0, 0, 0, 4, 4, 149684, , 
351598, , , 135.4, 0, 0, 0, 0, 1, 33, 359624, , 
35568, 1241888555366, 1241888702408, 89, 0, 0, 0, 0, 3, 32, 258951, 4, 
359624, , , 67.7, 0, 0, 0, 0, 4, 1, 201132, , 
367452, , , 66.4, 0, 0, 0, 0, 6, 4, 127763, , 
380174, , , 57.1, 0, 0, 0, 0, 2, 2, 205330, , 
380780, 1241891386804, 1241891390346, 0, 0, 0, 0, 0, 0, 0, 199782, 2, 0
383387, , , 423.45, 0, 0, 0, 0, 7, 57, 0, , 
390995, , , 3.7, 0, 0, 0, 0, 2, 2, 388615, , 
39180, 1241886998181, 1241887282708, 0, 0, 0, 0, 0, 8, 16, 68619, 7, 1
392522, 1241890492850, , 0, 804, 4, 126.75, 0, 2, 0, 217283, 3, 0
396113, , , 200.60000000000002, 0, 0, 0, 0, 2, 11, 44987, , 
397835, , , 113.75000000000001, 0, 0, 0, 0, 5, 35, 47379, , 
4139, 1241889980911, , 14.4, 10203, 25, 415.56, 44987, 25, 23, 713, 19, 3
4141, 1241888249695, 1241889786755, 0, 1741, 7, 203, 0, 0, 0, 2796, 4, 
416503, 1241890954482, 1241891557677, 0, 385, 3, 138.66666666666666, 0, 3, 0, 82321, 3, 1
421572, 1241888123685, 1241892177149, 0, 666, 7, 95.42857142857143, 0, 0, 0, 298666, 3, 0
43402, 1241891362520, 1241891965428, 0, 0, 0, 0, 29810, 12, 17, 123961, 11, 3
438751, , , 167.4, 0, 0, 0, 0, 20, 8, 210163, , 
453, 1241892040384, , 0, 618, 2, 303.5, 1043, 2, 0, 878, 11, 2
47154, 1241888776424, 1241890237252, 0, 1170, 9, 125.44444444444444, 0, 0, 0, 336694, 2, 
47379, , , 49.150000000000006, 0, 0, 0, 0, 5, 5, 54776, , 
506667, 1241884501332, 1241885892678, 0, 985, 7, 118.71428571428571, 0, 0, 0, 58022, 3, 1
510740, , , 12.25, 0, 0, 0, 0, 70, 9, 534632, , 
518207, , , 59, 0, 0, 0, 0, 1, 0, 518979, , 
518979, , , 29.5, 0, 0, 0, 0, 2, 1, 262548, , 
519565, 1241891599815, 1241892015987, 0, 90, 1, 98, 0, 0, 0, 11600, 1, 
520285, 1241886071428, 1241886553563, 0, 495, 3, 165, 0, 0, 0, 1092321, 1, 
5212, 1241889600834, 1241890555230, 0, 767, 2, 362, 2843, 17, 17, 156489, 14, 2
52818, 1241887560272, 1241891833739, 0, 664, 4, 237.5, 1118266, 4, 1, 367452, 4, 0
533, 1241888151769, , 0, 9278, 21, 418.14285714285717, 535, 10, 11, 20260, 14, 2
543213, 1241889802956, 1241890125712, 0, 245, 2, 117, 0, 0, 0, 575140, 2, 0
545771, 1241890500083, 1241891222357, 0, 63, 1, 125, 0, 1, 0, 34108, 3, 0
54776, 1241888362724, 1241890696717, 66.30000000000001, 174, 1, 268, 1062, 82, 36, 89757, 16, 3
54786, 1241886722121, 1241886736843, 0, 0, 0, 0, 0, 0, 0, 432820, 1, 
554253, , , 27.1, 0, 0, 0, 0, 1, 3, 73481, , 
555728, , , 20.200000000000003, 0, 0, 0, 0, 18, 15, 1101, , 
562060, 1241891824324, 1241892092921, 9.8, 98, 1, 75, 0, 6, 0, 592692, 4, 
566226, 1241890615707, 1241891916639, 0, 456, 4, 111.75, 0, 0, 0, 11600, 1, 
56923, 1241891600890, , 0, 337, 3, 112.33333333333333, 0, 0, 0, 0, 1, 0
57393, , , 40.2, 0, 0, 0, 0, 6, 72, 159420, , 
575140, , , 24.5, 0, 0, 0, 0, 2, 0, 603011, , 
57717, , , 19.25, 0, 0, 0, 0, 4, 6, 110178, , 
57863, 1241892225348, , 0, 0, 0, 0, 0, 0, 0, 543921, 2, 0
58022, , , 98.5, 0, 0, 0, 0, 4, 0, 175065, , 
58859, , , 509.45000000000005, 0, 0, 0, 0, 11, 17, 396113, , 
592692, , , 14.700000000000001, 0, 0, 0, 0, 10, 6, 283305, , 
603011, , , 12.25, 0, 0, 0, 0, 5, 2, 562788, , 
610187, 1241890776766, , 0, 993, 4, 182.75, 0, 0, 0, 178724, 1, 0
610205, 1241890395437, , 0, 899, 7, 109.14285714285714, 0, 0, 0, 178724, 1, 0
618828, 1241887510620, 1241890126381, 0, 590, 5, 136, 0, 0, 0, 518207, 2, 
62700, 1241883943698, 1241885533626, 0, 94, 1, 94, 0, 0, 0, 126033, 4, 0
627249, 1241891937549, 1241891943415, 0, 0, 0, 0, 0, 0, 0, 0, 1, 
63415, , , 12.5, 0, 0, 0, 0, 12, 0, 8938, , 
635003, 1241888256474, 1241888775377, 0, 299, 1, 445, 32314, 5, 0, 30158, 7, 1
638292, 1241891678190, 1241892143012, 0, 194, 2, 108, 0, 0, 0, 562060, 1, 
646018, , , 136.4, 0, 0, 0, 0, 1, 3, 1010692, , 
64748, 1241885844573, 1241885855697, 0, 0, 0, 0, 0, 0, 0, 0, 1, 
66051, 1241885320410, 1241886433563, 0, 256, 2, 103, 0, 0, 0, 0, 1, 
68238, 1241890382206, , 0, 571, 3, 126.66666666666667, 0, 2, 0, 380174, 3, 0
69453, 1241884397106, 1241886609940, 101.80000000000001, 855, 4, 207, 0, 3, 0, 646018, 2, 
70997, 1241883918005, 1241885930895, 30.900000000000002, 983, 5, 229.6, 1010692, 35, 36, 397835, 12, 3
713, , , 1155.5500000000002, 0, 0, 0, 0, 11, 48, 12, , 
726649, 1241885865692, 1241886013589, 0, 0, 0, 0, 0, 3, 1, 763523, 5, 1
73304, , , 24.6, 0, 0, 0, 0, 2, 1, 53030, , 
733513, 1241885376167, 1241885606086, 0, 89, 1, 89, 0, 0, 0, 0, 1, 
73481, , , 13.55, 0, 0, 0, 0, 2, 1, 164243, , 
773108, , , 24.5, 0, 0, 0, 0, 9, 2, 510740, , 
78635, 1241884326240, 1241884664150, 0, 0, 0, 0, 0, 0, 0, 0, 1, 0
79009, 1241892194256, , 0, 0, 0, 0, 0, 0, 0, 0, 1, 0
80225, 1241887175862, 1241887640353, 0, 0, 0, 0, 0, 0, 0, 132921, 1, 
802319, 1241886153809, 1241886465574, 142.05, 245, 1, 245, 0, 2, 6, 773108, 4, 
81899, , , 304.4, 0, 0, 0, 0, 6, 15, 802319, , 
82321, , , 38.5, 0, 0, 0, 0, 6, 4, 57717, , 
836050, 1241886900628, 1241888293745, 355.70000000000005, 3529, 11, 479.6363636363636, 592692, 17, 6, 113237, 8, 2
840880, 1241885522133, 1241889898696, 0, 2790, 12, 180.75, 0, 0, 0, 836050, 2, 
859282, 1241889309837, 1241891553267, 12.9, 2036, 15, 110.46666666666667, 0, 1, 0, 261716, 3, 
878, , , 61.800000000000004, 0, 0, 0, 0, 8, 2, 123961, , 
879079, 1241889654542, 1241891564172, 23.900000000000002, 254, 2, 116.5, 0, 2, 2, 196543, 2, 
8938, , , 6.25, 0, 0, 0, 0, 23, 12, 541655, , 
89757, , , 50.55000000000001, 0, 0, 0, 0, 3, 82, 20260, , 
917336, 1241889006861, 1241889317824, 0, 125, 1, 140, 0, 0, 0, 63415, 2, 
92388, , , 7.3500000000000005, 0, 0, 0, 0, 1, 1, 106069, , 
92600, , , 46.8, 0, 0, 0, 0, 1, 2, 43402, , 
926511, 1241887319769, 1241889116249, 0, 202, 1, 240, 0, 0, 0, 555728, 2, 
940856, 1241884157459, 1241884275475, 0, 0, 0, 0, 0, 0, 0, 0, 1, 
988642, , , 334.8, 0, 0, 0, 0, 8, 0, 438751, , 
990799, 1241888438642, 1241888452498, 0, 0, 0, 0, 836417, 5, 15, 836417, 7, 3
<<<<EndTable

PlayersOnlineNow=27
PlayersOnlineEachMinute=0, 5, 6, 6, 7, 8, 8, 7, 9, 9, 10, 10, 12, 12, 11, 12, 14, 12, 11, 11, 11, 12, 14, 17, 17, 17, 15, 15, 17, 16, 16, 17, 15, 16, 13, 12, 12, 11, 12, 12, 13, 13, 12, 15, 16, 17, 17, 19, 16, 17, 18, 15, 17, 16, 17, 17, 17, 18, 19, 18, 20, 23, 22, 20, 21, 21, 23, 22, 22, 25, 24, 25, 23, 25, 25, 24, 21, 23, 22, 21, 19, 20, 20, 19, 21, 23, 24, 23, 25, 24, 27, 29, 28, 31, 29, 32, 30, 30, 29, 29, 30, 29, 29, 28, 25, 24, 23, 22, 22, 25, 25, 22, 25, 26, 28, 28, 28, 28, 28, 27, 27, 27, 25, 27, 29, 30, 31, 31, 27, 27, 27, 26, 26, 30, 29, 26, 27, 26, 25, 25
PlayersInEachFeedingGame=1, 2, 1, 1, 1, 1, 2, 1, 2, 1, 2, 2, 1, 2, 2, 2, 2, 1, 2, 1, 2, 2, 2, 1, 3, 1, 1, 2, 1, 1, 1, 2, 2, 1, 1, 1, 1, 1, 2, 2, 2, 2, 1, 2, 1, 2, 2, 2, 1, 1, 2, 2, 2, 2, 2, 2, 2, 1, 2, 2, 2, 1, 1, 1, 2, 2, 3, 1, 2, 2, 1, 2, 2, 1, 2, 1, 2, 2, 1, 3, 1, 1, 2, 1, 1, 1, 2, 1, 1, 2, 2, 2, 2, 2, 2, 2, 2, 2, 2, 1, 2, 2, 2, 1, 2, 1, 2, 2, 1, 1, 1, 1, 2, 1, 1, 1, 1, 1, 2, 2, 2, 1, 2, 1, 2, 2, 1, 2, 1, 1, 1, 2, 2, 2, 2, 2, 2, 1, 2, 2, 2, 2, 1, 3, 1, 2, 3, 2, 2, 1, 1, 2, 2, 2, 2, 1, 2, 1, 2, 2, 2, 2, 1, 2, 1, 2, 1, 1, 1, 1, 2, 1, 2, 1
PlayersStarted=249
PlayersQuit=222
StatsStartTime=1241883915906
StatsDumpTime=1241892316433
<<<<EndStats
2009-05-09 11:05:33,472 ERROR: vampire.server.feeding.FeedingRecord sendPlayerStartGameMsg [playerId=57863, prey=false, _predatorIndex=]
2009-05-09 11:06:34,118 ERROR: vampire.server.feeding.FeedingRecord sendPlayerStartGameMsg [playerId=1078236, prey=false, _predatorIndex=271936]
2009-05-09 11:07:57,837 ERROR: vampire.server.feeding.FeedingRecord sendPlayerStartGameMsg [playerId=103033, prey=true, _predatorIndex=]
2009-05-09 11:07:57,838 ERROR: vampire.server.feeding.FeedingRecord sendPlayerStartGameMsg [playerId=271936, prey=false, _predatorIndex=]
2009-05-09 11:07:57,864 ERROR: vampire.server.feeding.FeedingRecord sendPlayerStartGameMsg [playerId=337490, prey=false, _predatorIndex=271936]
2009-05-09 11:08:29,587 ERROR: vampire.server.feeding.FeedingRecord sendPlayerStartGameMsg [playerId=1203701, prey=true, _predatorIndex=]
2009-05-09 11:08:29,587 ERROR: vampire.server.feeding.FeedingRecord sendPlayerStartGameMsg [playerId=1279761, prey=false, _predatorIndex=]
2009-05-09 11:08:59,198 ERROR: vampire.server.feeding.FeedingRecord sendPlayerStartGameMsg [playerId=1078236, prey=false, _predatorIndex=]
2009-05-09 11:09:27,072 ERROR: vampire.server.feeding.FeedingRecord sendPlayerStartGameMsg [playerId=56923, prey=false, _predatorIndex=]
2009-05-09 11:09:31,086 ERROR: vampire.server.feeding.FeedingRecord sendPlayerStartGameMsg [playerId=79009, prey=false, _predatorIndex=]
2009-05-09 11:11:00,714 ERROR: vampire.server.feeding.FeedingRecord sendPlayerStartGameMsg [playerId=103033, prey=true, _predatorIndex=]
2009-05-09 11:11:00,715 ERROR: vampire.server.feeding.FeedingRecord sendPlayerStartGameMsg [playerId=337490, prey=false, _predatorIndex=]
2009-05-09 11:11:28,587 ERROR: vampire.server.feeding.FeedingRecord sendPlayerStartGameMsg [playerId=627249, prey=true, _predatorIndex=]
2009-05-09 11:11:28,588 ERROR: vampire.server.feeding.FeedingRecord sendPlayerStartGameMsg [playerId=176400, prey=false, _predatorIndex=]
2009-05-09 11:11:55,296 ERROR: vampire.server.feeding.FeedingRecord sendPlayerStartGameMsg [playerId=47154, prey=true, _predatorIndex=]
2009-05-09 11:11:55,296 ERROR: vampire.server.feeding.FeedingRecord sendPlayerStartGameMsg [playerId=140830, prey=false, _predatorIndex=]
2009-05-09 11:12:25,879 ERROR: vampire.server.feeding.FeedingRecord sendPlayerStartGameMsg [playerId=1203701, prey=false, _predatorIndex=]
2009-05-09 11:13:33,445 ERROR: vampire.server.feeding.FeedingRecord sendPlayerStartGameMsg [playerId=103033, prey=true, _predatorIndex=]
2009-05-09 11:13:33,446 ERROR: vampire.server.feeding.FeedingRecord sendPlayerStartGameMsg [playerId=1078236, prey=false, _predatorIndex=]
2009-05-09 11:13:41,179 ERROR: vampire.server.feeding.FeedingRecord sendPlayerStartGameMsg [playerId=627249, prey=false, _predatorIndex=56923]
2009-05-09 11:14:47,570 ERROR: vampire.server.feeding.FeedingRecord sendPlayerStartGameMsg [playerId=56923, prey=false, _predatorIndex=]

