2009-05-09 03:45:47,606 ERROR: vampire.server.feeding.FeedingRecord sendPlayerStartGameMsg [playerId=1104968, prey=false, _predatorIndex=]
2009-05-09 03:45:59,405 ERROR: vampire.server.feeding.FeedingRecord sendPlayerStartGameMsg [playerId=417202, prey=true, _predatorIndex=]
2009-05-09 03:45:59,406 ERROR: vampire.server.feeding.FeedingRecord sendPlayerStartGameMsg [playerId=415271, prey=false, _predatorIndex=]
2009-05-09 03:46:25,479 ERROR: vampire.server.feeding.FeedingRecord sendPlayerStartGameMsg [playerId=526836, prey=true, _predatorIndex=]
2009-05-09 03:46:25,479 ERROR: vampire.server.feeding.FeedingRecord sendPlayerStartGameMsg [playerId=622795, prey=false, _predatorIndex=]
2009-05-09 03:46:30,855 ERROR: vampire.server.feeding.FeedingRecord sendPlayerStartGameMsg [playerId=1311317, prey=false, _predatorIndex=622795]
2009-05-09 03:46:43,609 ERROR: vampire.server.feeding.FeedingRecord sendPlayerStartGameMsg [playerId=155708, prey=true, _predatorIndex=]
2009-05-09 03:46:43,610 ERROR: vampire.server.feeding.FeedingRecord sendPlayerStartGameMsg [playerId=1344561, prey=false, _predatorIndex=]
2009-05-09 03:46:48,388 ERROR: vampire.server.feeding.FeedingRecord sendPlayerStartGameMsg [playerId=1311317, prey=false, _predatorIndex=415271]
2009-05-09 03:47:16,812 ERROR: vampire.server.feeding.FeedingRecord sendPlayerStartGameMsg [playerId=54776, prey=true, _predatorIndex=]
2009-05-09 03:47:16,812 ERROR: vampire.server.feeding.FeedingRecord sendPlayerStartGameMsg [playerId=1311317, prey=false, _predatorIndex=]
2009-05-09 03:48:53,366 ERROR: vampire.server.feeding.FeedingRecord sendPlayerStartGameMsg [playerId=622795, prey=false, _predatorIndex=]
2009-05-09 03:49:38,973 ERROR: vampire.server.feeding.FeedingRecord sendPlayerStartGameMsg [playerId=1311317, prey=false, _predatorIndex=622795]
2009-05-09 03:49:50,693 ERROR: vampire.server.feeding.FeedingRecord sendPlayerStartGameMsg [playerId=1311317, prey=false, _predatorIndex=1104968]

>>>>BeginStats

>>>>BeginTable
PlayerId, StartTime, EndTime, ProgenyPayout, XPFromFeeding, FeedingGames, MeanFeedingScore, BloodBond, Progeny, GrandProgeny, Sire, Level, Invites
1010692, , , 276.40000000000003, 0, 0, 0, 0, 17, 0, 70997, , 
10260, , , 208.10000000000002, 0, 0, 0, 0, 10, 8, 713, , 
1062, , , 55.800000000000004, 0, 0, 0, 0, 11, 7, 713, , 
1062853, , , 18.85, 0, 0, 0, 0, 1, 19, 1124214, , 
10642, , , 245.15000000000003, 0, 0, 0, 0, 33, 7, 351598, , 
1073413, 1241856636102, 1241856707658, 0, 0, 0, 0, 0, 0, 0, 176400, 2, 
110056, 1241863811184, 1241864464288, 0, 558, 3, 181.66666666666666, 0, 0, 0, 1062, 2, 
1101, 1241856888509, 1241857774135, 0, 0, 0, 0, 0, 2, 19, 239981, 9, 1
1104968, 1241865265855, , 0, 167, 1, 233, 0, 1, 0, 22308, 4, 1
1108399, 1241860775190, 1241861667700, 0, 377, 4, 93.5, 0, 0, 0, 153097, 3, 
1127083, , , 51.900000000000006, 0, 0, 0, 0, 20, 0, 998652, , 
112953, , , 13.200000000000001, 0, 0, 0, 0, 3, 7, 241176, , 
1129620, 1241857568877, 1241857575361, 0, 0, 0, 0, 0, 0, 0, 0, 1, 
113127, , , 88.45000000000002, 0, 0, 0, 0, 2, 5, 156956, , 
1162720, 1241864538759, 1241864614469, 0, 0, 0, 0, 0, 0, 0, 0, 1, 
1166100, 1241857504629, 1241857516545, 0, 0, 0, 0, 0, 0, 0, 176400, 1, 
117178, 1241861462503, 1241862594357, 0, 1160, 6, 193.33333333333334, 0, 0, 0, 533, 3, 
1174713, 1241861331827, 1241862134236, 0, 573, 4, 128, 0, 0, 0, 616423, 1, 
118975, 1241863721486, 1241863839514, 0, 69, 1, 137, 0, 1, 1, 160138, 12, 2
12, , , 870.1999999999999, 0, 0, 0, 0, 20, 62, 383387, , 
1211902, 1241861305910, 1241862191683, 0, 230, 2, 62, 0, 0, 0, 31590, 1, 
1232051, 1241857066524, 1241857937900, 0, 222, 2, 115, 0, 0, 0, 1285504, 1, 
1234731, 1241865734590, 1241866168136, 0, 137, 1, 138, 0, 0, 0, 1311317, 1, 
1238240, 1241864323741, 1241864486718, 0, 0, 0, 0, 0, 0, 0, 0, 1, 
1241857, , , 784.2, 0, 0, 0, 0, 4, 4, 259344, , 
124585, , , 6.25, 0, 0, 0, 0, 5, 4, 143278, , 
1247293, 1241861378552, 1241861510429, 0, 0, 0, 0, 0, 0, 0, 217283, 1, 
1269811, 1241861898033, 1241866122449, 0, 1797, 13, 124.6923076923077, 0, 0, 0, 11600, 2, 
12791, , , 388.35, 0, 0, 0, 0, 15, 16, 12, , 
1283945, 1241859583957, 1241859791631, 0, 0, 0, 0, 0, 0, 0, 276660, 1, 
1285504, 1241856096813, 1241861458815, 522.8, 5228, 16, 411.5, 1346597, 4, 0, 1241857, 4, 3
1307321, 1241863708138, 1241863750788, 0, 0, 0, 0, 0, 0, 0, 0, 1, 
1311317, 1241863281111, , 13.700000000000001, 2918, 14, 151.21428571428572, 0, 1, 0, 616423, 2, 0
1333542, 1241861787649, 1241863138578, 0, 460, 2, 166, 0, 0, 0, 31590, 1, 
1334562, 1241859803328, 1241861048899, 0, 649, 6, 107.83333333333333, 0, 0, 0, 336524, 1, 
1344561, 1241865069796, , 0, 506, 4, 100.75, 0, 0, 0, 54776, 1, 0
1346597, 1241858095506, 1241862093172, 0, 5006, 14, 259.7142857142857, 1285504, 0, 0, 1285504, 4, 
1348824, 1241858286015, 1241858779688, 0, 120, 1, 127, 0, 0, 0, 526836, 1, 
135504, 1241859264466, 1241859735084, 0, 128, 1, 151, 139439, 2, 1, 75123, 4, 0
135526, , , 127.10000000000002, 0, 0, 0, 0, 11, 0, 162782, , 
1359416, 1241857835006, 1241858117705, 0, 93, 1, 93, 0, 0, 0, 0, 1, 
1361493, 1241863220669, 1241863243922, 0, 0, 0, 0, 0, 0, 0, 0, 1, 
1369520, 1241857343607, 1241857358170, 0, 0, 0, 0, 0, 0, 0, 0, 1, 
1370325, 1241859891923, 1241859908267, 0, 0, 0, 0, 0, 0, 0, 0, 1, 
1372195, 1241864401613, 1241864438820, 0, 0, 0, 0, 0, 0, 0, 0, 1, 
1372441, 1241864675717, 1241864770503, 0, 0, 0, 0, 0, 0, 0, 0, 1, 
137784, 1241857281606, 1241857685940, 0, 264, 1, 114, 0, 0, 0, 153510, 3, 0
139439, 1241859377160, 1241859522363, 0, 0, 0, 0, 135504, 1, 0, 372191, 3, 0
150469, , , 3.45, 0, 0, 0, 0, 3, 7, 57393, , 
153097, , , 37.7, 0, 0, 0, 0, 19, 0, 1062853, , 
153510, , , 26.400000000000002, 0, 0, 0, 0, 7, 0, 112953, , 
155376, , , 211.40000000000003, 0, 0, 0, 0, 5, 4, 113127, , 
155708, 1241863352966, , 0, 1153, 6, 138.66666666666666, 0, 0, 0, 616423, 2, 0
15959, 1241859224223, 1241862515049, 0, 693, 5, 121.8, 0, 0, 0, 616423, 2, 
160138, , , 6.9, 0, 0, 0, 0, 7, 1, 150469, , 
160801, 1241864546270, 1241864661887, 0, 0, 0, 0, 0, 5, 2, 166371, 4, 3
161876, 1241859719029, 1241860018603, 0, 505, 4, 126.25, 0, 0, 0, 0, 2, 0
162782, , , 63.55000000000001, 0, 0, 0, 0, 7, 11, 36377, , 
167437, 1241856295185, 1241857114659, 0, 338, 3, 112.66666666666667, 0, 0, 0, 0, 1, 
172342, 1241861405643, 1241861499283, 0, 0, 0, 0, 0, 0, 0, 320570, 2, 0
181738, 1241864831230, 1241864857628, 0, 0, 0, 0, 0, 5, 4, 12791, 7, 5
188678, 1241862534573, 1241863506505, 0, 45014, 9, 7603, 0, 0, 0, 0, 4, 
188779, 1241864028439, 1241865083034, 0, 570, 3, 203.33333333333334, 0, 1, 0, 202762, 4, 1
195736, , , 313.4, 0, 0, 0, 0, 6, 34, 334835, , 
20260, , , 1242.4500000000007, 0, 0, 0, 0, 18, 15, 12, , 
202762, , , 57.00000000000001, 0, 0, 0, 0, 2, 1, 39403, , 
207385, 1241858591545, 1241858610553, 0, 0, 0, 0, 80072, 0, 0, 109906, 3, 0
210163, , , 36.7, 0, 0, 0, 0, 12, 20, 255725, , 
22308, , , 16.7, 0, 0, 0, 0, 10, 1, 775158, , 
240287, 1241858610644, 1241858647350, 0, 0, 0, 0, 0, 0, 0, 351430, 2, 
243620, 1241855992590, 1241856630624, 0, 519, 3, 173, 0, 0, 0, 1127083, 2, 
259344, , , 261.4, 0, 0, 0, 0, 23, 4, 143538, , 
2606, 1241864837082, , 0, 364, 1, 472, 0, 8, 2, 307471, 7, 1
28294, , , 21.15, 0, 0, 0, 0, 7, 1, 5842, , 
2843, , , 6.4, 0, 0, 0, 0, 8, 34, 3383, , 
285870, 1241863597050, 1241864173790, 0, 46972, 10, 2718.9, 0, 0, 0, 616423, 4, 
289190, 1241858259778, 1241858353130, 0, 0, 0, 0, 0, 0, 0, 269484, 1, 
306627, 1241865502777, 1241865508911, 0, 0, 0, 0, 0, 0, 0, 339642, 3, 0
307471, , , 36.4, 0, 0, 0, 0, 7, 9, 12, , 
31590, 1241860952753, 1241864466739, 69, 1769, 8, 266.5, 0, 4, 1, 155376, 4, 0
317383, , , 134.00000000000003, 0, 0, 0, 0, 1, 3, 344937, , 
32169, 1241857683809, 1241857725055, 0, 2081, 4, 533.5, 219, 8, 0, 10260, 14, 5
32314, 1241862778474, 1241863175697, 0, 0, 0, 0, 635003, 10, 14, 40508, 13, 2
323949, 1241863554849, 1241863590733, 0, 0, 0, 0, 0, 0, 0, 49732, 1, 0
325853, 1241860025909, 1241861700860, 0, 1241, 12, 94.66666666666667, 0, 0, 0, 92600, 3, 0
334835, , , 147.25, 0, 0, 0, 0, 2, 6, 143501, , 
336524, 1241856550800, , 37.800000000000004, 2945, 12, 352.5, 101052, 34, 6, 195736, 12, 2
3383, 1241856173853, 1241857964739, 0, 3850, 6, 613.3333333333334, 8842, 6, 10, 12791, 16, 2
359367, 1241861427704, 1241861593284, 0, 0, 0, 0, 0, 0, 0, 0, 1, 
387114, , , 38.150000000000006, 0, 0, 0, 0, 2, 3, 104034, , 
39403, , , 28.500000000000004, 0, 0, 0, 0, 5, 2, 130627, , 
396113, , , 28.700000000000003, 0, 0, 0, 0, 2, 11, 44987, , 
402469, 1241860643057, 1241864696170, 0, 423, 5, 87.8, 0, 3, 0, 407374, 3, 4
407374, , , 42.3, 0, 0, 0, 0, 1, 3, 28294, , 
4139, 1241858133057, 1241858392528, 0, 0, 0, 0, 44987, 25, 23, 713, 19, 3
415271, 1241865662924, 1241865983706, 0, 125, 1, 146, 0, 11, 3, 66689, 4, 0
417202, 1241865737660, , 0, 2680, 14, 153.14285714285714, 0, 0, 0, 57395, 4, 0
417315, , , 6.7, 0, 0, 0, 0, 5, 0, 12791, , 
43402, , , 62.05000000000001, 0, 0, 0, 0, 12, 17, 123961, , 
437430, 1241861946751, 1241862525094, 0, 67, 1, 133, 0, 0, 0, 417315, 3, 0
438751, , , 73.4, 0, 0, 0, 0, 20, 8, 210163, , 
44987, , , 14.350000000000001, 0, 0, 0, 0, 1, 2, 12770, , 
503, , , 305.6, 0, 0, 0, 0, 5, 2, 12, , 
523528, 1241858443930, 1241858514548, 0, 0, 0, 0, 0, 0, 0, 0, 1, 0
526836, 1241865419155, , 12, 763, 5, 117.2, 0, 2, 0, 93856, 3, 0
533, 1241863714804, 1241865083795, 116, 10134, 20, 601, 535, 10, 11, 20260, 14, 2
54776, 1241864348034, , 143.1, 3421, 7, 543.8571428571429, 1062, 82, 34, 89757, 16, 3
561926, 1241866179887, , 0, 0, 0, 0, 0, 0, 0, 0, 1, 0
57395, , , 268.00000000000006, 0, 0, 0, 0, 3, 0, 317383, , 
58429, , , 879.8, 0, 0, 0, 0, 7, 6, 10642, , 
58859, 1241857632746, 1241858004921, 0, 287, 1, 287, 43017, 11, 23, 396113, 15, 2
616423, 1241862807434, 1241864785549, 785.8500000000003, 4903, 15, 364.8666666666667, 0, 6, 1, 58429, 4, 
622795, 1241865355202, , 0, 1271, 4, 219.25, 0, 0, 0, 135526, 2, 0
622935, 1241864230334, 1241864271143, 0, 0, 0, 0, 0, 0, 0, 32654, 2, 
634607, 1241862541094, 1241864721709, 0, 925, 5, 185, 0, 2, 3, 54776, 4, 
646018, 1241864077640, , 0, 2764, 13, 200.76923076923077, 0, 0, 0, 1010692, 3, 0
66689, , , 12.5, 0, 0, 0, 0, 4, 11, 124585, , 
677, 1241866062001, 1241866175861, 0, 0, 0, 0, 621, 0, 0, 621, 4, 0
70997, , , 138.20000000000002, 0, 0, 0, 0, 35, 17, 397835, , 
713, 1241856893870, 1241857451644, 131.95000000000002, 0, 0, 0, 1265, 11, 79, 12, 19, 6
75123, , , 12.8, 0, 0, 0, 0, 14, 14, 2843, , 
775158, , , 8.35, 0, 0, 0, 0, 1, 10, 929303, , 
798148, 1241856352905, 1241856497936, 0, 0, 0, 0, 24814, 4, 0, 32314, 6, 3
8527, 1241856685838, 1241858383986, 0, 3056, 6, 440.1666666666667, 10260, 2, 0, 503, 13, 2
89757, , , 413.65000000000003, 0, 0, 0, 0, 3, 82, 20260, , 
906606, 1241858822551, 1241858856512, 0, 0, 0, 0, 0, 0, 0, 0, 1, 
92600, , , 124.10000000000002, 0, 0, 0, 0, 1, 0, 43402, , 
93856, , , 82.30000000000001, 0, 0, 0, 0, 3, 2, 387114, , 
968, 1241856188627, 1241858128189, 0, 0, 0, 0, 0, 5, 3, 1704, 11, 2
988642, 1241866067884, , 0, 734, 3, 312, 91808, 8, 0, 438751, 8, 2
998652, , , 25.950000000000003, 0, 0, 0, 0, 3, 20, 990799, , 
<<<<EndTable

PlayersOnlineNow=13
PlayersOnlineEachMinute=0, 3, 6, 4, 7, 7, 7, 7, 7, 6, 7, 7, 7, 8, 8, 9, 10, 10, 11, 10, 10, 11, 12, 12, 12, 11, 11, 10, 11, 10, 9, 10, 10, 8, 7, 7, 8, 8, 9, 10, 8, 9, 9, 8, 9, 9, 8, 8, 9, 8, 9, 9, 9, 9, 10, 12, 12, 13, 12, 12, 11, 13, 12, 12, 12, 12, 10, 11, 11, 11, 10, 9, 10, 10, 11, 11, 11, 11, 11, 12, 12, 11, 11, 13, 14, 12, 13, 13, 13, 13, 14, 17, 14, 15, 13, 13, 12, 14, 14, 14, 16, 16, 15, 14, 13, 12, 12, 12, 11, 9, 11, 10, 10, 11, 12, 12, 11, 10, 11, 12, 10, 10, 10, 11, 11, 10, 9, 10, 10, 13, 12, 12, 12, 12, 14, 15, 15, 14, 14, 15, 16, 16, 13, 15, 13, 13, 11, 9, 11, 11, 12, 11, 11, 11, 10, 11, 11, 11, 12, 13, 12, 12, 13, 15, 15, 15, 15, 14, 15, 14
PlayersInEachFeedingGame=1, 1, 2, 1, 1, 1, 1, 2, 2, 1, 2, 2, 2, 2, 1, 1, 2, 2, 2, 2, 2, 1, 1, 2, 1, 2, 1, 1, 1, 2, 2, 2, 2, 2, 1, 2, 1, 2, 2, 2, 2, 2, 2, 2, 2, 1, 2, 2, 2, 2, 2, 2, 1, 2, 2, 1, 1, 2, 1, 1, 2, 1, 2, 1, 2, 1, 1, 1, 1, 1, 1, 1, 2, 1, 1, 1, 2, 2, 1, 2, 2, 2, 1, 2, 1, 2, 2, 2, 2, 1, 2, 2, 1, 2, 4, 1, 2, 2, 1, 2, 2, 1, 2, 2, 2, 2, 2, 2, 2, 2, 2, 2, 2, 2, 2, 2, 2, 2, 2, 2, 2, 1
PlayersStarted=147
PlayersQuit=134
StatsStartTime=1241855990477
StatsDumpTime=1241866190988
<<<<EndStats
2009-05-09 03:50:30,187 ERROR: vampire.server.feeding.FeedingRecord sendPlayerStartGameMsg [playerId=526836, prey=true, _predatorIndex=]
2009-05-09 03:50:30,188 ERROR: vampire.server.feeding.FeedingRecord sendPlayerStartGameMsg [playerId=336524, prey=false, _predatorIndex=]
2009-05-09 03:51:12,355 ERROR: vampire.server.feeding.FeedingRecord sendPlayerStartGameMsg [playerId=1104968, prey=false, _predatorIndex=]
2009-05-09 03:51:19,641 ERROR: vampire.server.feeding.FeedingRecord sendPlayerStartGameMsg [playerId=1311317, prey=false, _predatorIndex=1104968]
2009-05-09 03:51:26,292 ERROR: vampire.server.feeding.FeedingRecord sendPlayerStartGameMsg [playerId=622795, prey=false, _predatorIndex=646018,1311317]
2009-05-09 03:51:54,586 ERROR: vampire.server.feeding.FeedingRecord sendPlayerStartGameMsg [playerId=634607, prey=true, _predatorIndex=]
2009-05-09 03:51:54,587 ERROR: vampire.server.feeding.FeedingRecord sendPlayerStartGameMsg [playerId=622795, prey=false, _predatorIndex=]
2009-05-09 03:54:38,707 ERROR: vampire.server.feeding.FeedingRecord sendPlayerStartGameMsg [playerId=622795, prey=false, _predatorIndex=1104968,1311317]
2009-05-09 03:54:43,581 ERROR: vampire.server.feeding.FeedingRecord sendPlayerStartGameMsg [playerId=526836, prey=true, _predatorIndex=]
2009-05-09 03:54:43,581 ERROR: vampire.server.feeding.FeedingRecord sendPlayerStartGameMsg [playerId=634607, prey=false, _predatorIndex=]
2009-05-09 03:54:47,022 ERROR: vampire.server.feeding.FeedingRecord sendPlayerStartGameMsg [playerId=1297010, prey=false, _predatorIndex=634607]
2009-05-09 03:54:47,028 ERROR: vampire.server.feeding.FeedingRecord sendPlayerStartGameMsg [playerId=336524, prey=true, _predatorIndex=]
2009-05-09 03:54:47,028 ERROR: vampire.server.feeding.FeedingRecord sendPlayerStartGameMsg [playerId=622795, prey=false, _predatorIndex=]
2009-05-09 03:55:14,451 ERROR: vampire.server.feeding.FeedingRecord sendPlayerStartGameMsg [playerId=1297010, prey=false, _predatorIndex=1104968,1311317,622795]
2009-05-09 03:55:21,060 ERROR: vampire.server.feeding.FeedingRecord sendPlayerStartGameMsg [playerId=1339948, prey=false, _predatorIndex=1104968,1311317,622795,1297010]
2009-05-09 03:55:41,376 ERROR: vampire.server.feeding.FeedingRecord sendPlayerStartGameMsg [playerId=1104968, prey=false, _predatorIndex=1104968,1311317,622795,1297010,1339948]
2009-05-09 03:55:58,971 ERROR: vampire.server.feeding.FeedingRecord sendPlayerStartGameMsg [playerId=1104968, prey=false, _predatorIndex=1104968,1311317,622795,1297010,1339948]
2009-05-09 03:56:11,948 ERROR: vampire.server.feeding.FeedingRecord sendPlayerStartGameMsg [playerId=1104968, prey=false, _predatorIndex=1104968,1311317,622795,1297010,1339948]
2009-05-09 03:58:04,766 ERROR: vampire.server.feeding.FeedingRecord sendPlayerStartGameMsg [playerId=1297010, prey=false, _predatorIndex=646018,1311317,622795]
2009-05-09 03:58:22,944 ERROR: vampire.server.feeding.FeedingRecord sendPlayerStartGameMsg [playerId=526836, prey=true, _predatorIndex=]
2009-05-09 03:58:22,945 ERROR: vampire.server.feeding.FeedingRecord sendPlayerStartGameMsg [playerId=1297010, prey=false, _predatorIndex=]

>>>>BeginStats

>>>>BeginTable
PlayerId, StartTime, EndTime, ProgenyPayout, XPFromFeeding, FeedingGames, MeanFeedingScore, BloodBond, Progeny, GrandProgeny, Sire, Level, Invites
1010692, , , 276.40000000000003, 0, 0, 0, 0, 17, 0, 70997, , 
10260, , , 208.10000000000002, 0, 0, 0, 0, 10, 8, 713, , 
1062, , , 55.800000000000004, 0, 0, 0, 0, 11, 7, 713, , 
1062853, , , 18.85, 0, 0, 0, 0, 1, 19, 1124214, , 
10642, , , 245.15000000000003, 0, 0, 0, 0, 33, 7, 351598, , 
1073413, 1241856636102, 1241856707658, 0, 0, 0, 0, 0, 0, 0, 176400, 2, 
110056, 1241863811184, 1241864464288, 0, 558, 3, 181.66666666666666, 0, 0, 0, 1062, 2, 
1101, 1241856888509, 1241857774135, 0, 0, 0, 0, 0, 2, 19, 239981, 9, 1
1104968, 1241865265855, , 0, 1116, 4, 449.25, 0, 1, 0, 22308, 4, 1
1108399, 1241860775190, 1241861667700, 0, 377, 4, 93.5, 0, 0, 0, 153097, 3, 
1127083, , , 51.900000000000006, 0, 0, 0, 0, 20, 0, 998652, , 
112953, , , 13.200000000000001, 0, 0, 0, 0, 3, 7, 241176, , 
1129620, 1241857568877, 1241857575361, 0, 0, 0, 0, 0, 0, 0, 0, 1, 
113127, , , 88.45000000000002, 0, 0, 0, 0, 2, 5, 156956, , 
1162720, 1241864538759, 1241864614469, 0, 0, 0, 0, 0, 0, 0, 0, 1, 
1166100, 1241857504629, 1241857516545, 0, 0, 0, 0, 0, 0, 0, 176400, 1, 
117178, 1241861462503, 1241862594357, 0, 1160, 6, 193.33333333333334, 0, 0, 0, 533, 3, 
1174713, 1241861331827, 1241862134236, 0, 573, 4, 128, 0, 0, 0, 616423, 1, 
118975, 1241863721486, 1241863839514, 0, 69, 1, 137, 0, 1, 1, 160138, 12, 2
12, , , 870.1999999999999, 0, 0, 0, 0, 20, 63, 383387, , 
1211902, 1241861305910, 1241862191683, 0, 230, 2, 62, 0, 0, 0, 31590, 1, 
1232051, 1241857066524, 1241857937900, 0, 222, 2, 115, 0, 0, 0, 1285504, 1, 
1234731, 1241865734590, 1241866168136, 0, 137, 1, 138, 0, 0, 0, 1311317, 1, 
1238240, 1241864323741, 1241864486718, 0, 0, 0, 0, 0, 0, 0, 0, 1, 
1241857, , , 784.2, 0, 0, 0, 0, 4, 4, 259344, , 
124585, , , 6.25, 0, 0, 0, 0, 5, 4, 143278, , 
1247293, 1241861378552, 1241861510429, 0, 0, 0, 0, 0, 0, 0, 217283, 1, 
1269811, 1241861898033, 1241866122449, 0, 1797, 13, 124.6923076923077, 0, 0, 0, 11600, 2, 
12791, , , 388.35, 0, 0, 0, 0, 15, 16, 12, , 
1283945, 1241859583957, 1241859791631, 0, 0, 0, 0, 0, 0, 0, 276660, 1, 
1285504, 1241856096813, 1241861458815, 522.8, 5228, 16, 411.5, 1346597, 4, 0, 1241857, 4, 3
1297010, 1241866435387, 1241866731516, 0, 119, 1, 112, 0, 0, 0, 71724, 2, 
1307321, 1241863708138, 1241863750788, 0, 0, 0, 0, 0, 0, 0, 0, 1, 
1311317, 1241863281111, , 13.700000000000001, 3512, 16, 147.5, 0, 1, 0, 616423, 3, 0
1333542, 1241861787649, 1241863138578, 0, 460, 2, 166, 0, 0, 0, 31590, 1, 
1334562, 1241859803328, 1241861048899, 0, 649, 6, 107.83333333333333, 0, 0, 0, 336524, 1, 
1337283, 1241866513269, 1241866521656, 0, 0, 0, 0, 0, 0, 0, 0, 1, 
1339948, 1241866485169, , 0, 119, 1, 119, 0, 0, 0, 0, 1, 0
1344561, 1241865069796, 1241866264216, 0, 506, 4, 100.75, 0, 0, 0, 54776, 1, 
1346597, 1241858095506, 1241862093172, 0, 5006, 14, 259.7142857142857, 1285504, 0, 0, 1285504, 4, 
1348824, 1241858286015, 1241858779688, 0, 120, 1, 127, 0, 0, 0, 526836, 1, 
135504, 1241859264466, 1241859735084, 0, 128, 1, 151, 139439, 2, 1, 75123, 4, 0
135526, , , 212.9, 0, 0, 0, 0, 11, 0, 162782, , 
1359416, 1241857835006, 1241858117705, 0, 93, 1, 93, 0, 0, 0, 0, 1, 
1361493, 1241863220669, 1241863243922, 0, 0, 0, 0, 0, 0, 0, 0, 1, 
1369520, 1241857343607, 1241857358170, 0, 0, 0, 0, 0, 0, 0, 0, 1, 
1370325, 1241859891923, 1241859908267, 0, 0, 0, 0, 0, 0, 0, 0, 1, 
1372195, 1241864401613, 1241864438820, 0, 0, 0, 0, 0, 0, 0, 0, 1, 
1372441, 1241864675717, 1241864770503, 0, 0, 0, 0, 0, 0, 0, 0, 1, 
137784, 1241857281606, 1241857685940, 0, 264, 1, 114, 0, 0, 0, 153510, 3, 0
139439, 1241859377160, 1241859522363, 0, 0, 0, 0, 135504, 1, 0, 372191, 3, 0
150469, , , 3.45, 0, 0, 0, 0, 3, 7, 57393, , 
153097, , , 37.7, 0, 0, 0, 0, 19, 0, 1062853, , 
153510, , , 26.400000000000002, 0, 0, 0, 0, 7, 0, 112953, , 
155376, , , 211.40000000000003, 0, 0, 0, 0, 5, 4, 113127, , 
155708, 1241863352966, 1241866192342, 0, 1153, 6, 138.66666666666666, 0, 0, 0, 616423, 2, 
15959, 1241859224223, 1241862515049, 0, 693, 5, 121.8, 0, 0, 0, 616423, 2, 
160138, , , 6.9, 0, 0, 0, 0, 7, 1, 150469, , 
160801, 1241864546270, 1241864661887, 0, 0, 0, 0, 0, 5, 2, 166371, 4, 3
161876, 1241859719029, 1241860018603, 0, 505, 4, 126.25, 0, 0, 0, 0, 2, 0
162782, , , 106.45, 0, 0, 0, 0, 7, 11, 36377, , 
167437, 1241856295185, 1241857114659, 0, 338, 3, 112.66666666666667, 0, 0, 0, 0, 1, 
172342, 1241861405643, 1241861499283, 0, 0, 0, 0, 0, 0, 0, 320570, 2, 0
178366, 1241866432411, 1241866434553, 0, 0, 0, 0, 0, 0, 0, 259344, 3, 0
181738, 1241864831230, 1241864857628, 0, 0, 0, 0, 0, 5, 4, 12791, 7, 5
188678, 1241862534573, 1241863506505, 0, 45014, 9, 7603, 0, 0, 0, 0, 4, 
188779, 1241864028439, 1241865083034, 0, 570, 3, 203.33333333333334, 0, 1, 0, 202762, 4, 1
195736, , , 380.59999999999997, 0, 0, 0, 0, 6, 34, 334835, , 
20260, , , 1242.4500000000007, 0, 0, 0, 0, 18, 15, 12, , 
202762, , , 57.00000000000001, 0, 0, 0, 0, 2, 1, 39403, , 
207385, 1241858591545, 1241858610553, 0, 0, 0, 0, 80072, 0, 0, 109906, 3, 0
210163, , , 36.7, 0, 0, 0, 0, 12, 20, 255725, , 
22308, , , 111.6, 0, 0, 0, 0, 10, 1, 775158, , 
240287, 1241858610644, 1241858647350, 0, 0, 0, 0, 0, 0, 0, 351430, 2, 
243620, 1241855992590, 1241856630624, 0, 519, 3, 173, 0, 0, 0, 1127083, 2, 
259344, , , 261.4, 0, 0, 0, 0, 23, 4, 143538, , 
2606, 1241864837082, , 0, 364, 1, 472, 0, 8, 2, 307471, 7, 1
28294, , , 21.15, 0, 0, 0, 0, 7, 1, 5842, , 
2843, , , 6.4, 0, 0, 0, 0, 8, 34, 3383, , 
285870, 1241863597050, 1241864173790, 0, 46972, 10, 2718.9, 0, 0, 0, 616423, 4, 
289190, 1241858259778, 1241858353130, 0, 0, 0, 0, 0, 0, 0, 269484, 1, 
306627, 1241865502777, 1241865508911, 0, 0, 0, 0, 0, 0, 0, 339642, 3, 0
307471, , , 36.4, 0, 0, 0, 0, 7, 9, 12, , 
31590, 1241860952753, 1241864466739, 69, 1769, 8, 266.5, 0, 4, 1, 155376, 4, 0
317383, , , 134.00000000000003, 0, 0, 0, 0, 1, 3, 344937, , 
32169, 1241857683809, 1241857725055, 0, 2081, 4, 533.5, 219, 8, 0, 10260, 14, 5
32314, 1241862778474, 1241863175697, 0, 0, 0, 0, 635003, 10, 14, 40508, 13, 2
323949, 1241863554849, 1241863590733, 0, 0, 0, 0, 0, 0, 0, 49732, 1, 0
325853, 1241860025909, 1241861700860, 0, 1241, 12, 94.66666666666667, 0, 0, 0, 92600, 3, 0
334835, , , 180.85, 0, 0, 0, 0, 2, 6, 143501, , 
336524, 1241856550800, , 37.800000000000004, 3617, 14, 379.07142857142856, 101052, 34, 6, 195736, 12, 2
3383, 1241856173853, 1241857964739, 0, 3850, 6, 613.3333333333334, 8842, 6, 10, 12791, 16, 2
359367, 1241861427704, 1241861593284, 0, 0, 0, 0, 0, 0, 0, 0, 1, 
387114, , , 53.70000000000001, 0, 0, 0, 0, 2, 3, 104034, , 
39403, , , 28.500000000000004, 0, 0, 0, 0, 5, 2, 130627, , 
396113, , , 28.700000000000003, 0, 0, 0, 0, 2, 11, 44987, , 
402469, 1241860643057, 1241864696170, 0, 423, 5, 87.8, 0, 3, 0, 407374, 3, 4
407374, , , 42.3, 0, 0, 0, 0, 1, 3, 28294, , 
4139, 1241858133057, 1241858392528, 0, 0, 0, 0, 44987, 25, 23, 713, 19, 3
415271, 1241865662924, 1241865983706, 0, 125, 1, 146, 0, 11, 3, 66689, 4, 0
417202, 1241866610428, , 0, 2680, 14, 153.14285714285714, 0, 0, 0, 57395, 4, 0
417315, , , 6.7, 0, 0, 0, 0, 5, 0, 12791, , 
43402, , , 62.05000000000001, 0, 0, 0, 0, 12, 17, 123961, , 
437430, 1241861946751, 1241862525094, 0, 67, 1, 133, 0, 0, 0, 417315, 3, 0
438751, , , 73.4, 0, 0, 0, 0, 20, 8, 210163, , 
44987, , , 14.350000000000001, 0, 0, 0, 0, 1, 2, 12770, , 
503, , , 305.6, 0, 0, 0, 0, 5, 2, 12, , 
523528, 1241858443930, 1241858514548, 0, 0, 0, 0, 0, 0, 0, 0, 1, 0
526836, 1241865419155, , 12, 1074, 7, 122, 0, 2, 0, 93856, 3, 0
533, 1241863714804, 1241865083795, 116, 10134, 20, 601, 535, 10, 11, 20260, 14, 2
54776, 1241864348034, 1241866211756, 178.1, 3421, 7, 543.8571428571429, 1062, 82, 34, 89757, 16, 3
561926, 1241866179887, 1241866204478, 0, 0, 0, 0, 0, 0, 0, 0, 1, 
57395, , , 268.00000000000006, 0, 0, 0, 0, 3, 0, 317383, , 
58429, , , 909.5, 0, 0, 0, 0, 7, 6, 10642, , 
58859, 1241857632746, 1241858004921, 0, 287, 1, 287, 43017, 11, 23, 396113, 15, 2
616423, 1241862807434, 1241864785549, 845.2500000000002, 4903, 15, 364.8666666666667, 0, 6, 1, 58429, 4, 
622795, 1241865355202, 1241866654393, 0, 2129, 7, 187.42857142857142, 0, 0, 0, 135526, 2, 
622935, 1241864230334, 1241864271143, 0, 0, 0, 0, 0, 0, 0, 32654, 2, 
634607, 1241866248406, , 0, 1275, 7, 190.71428571428572, 0, 2, 3, 54776, 4, 0
646018, 1241864077640, , 0, 2764, 13, 200.76923076923077, 0, 0, 0, 1010692, 3, 0
66689, , , 12.5, 0, 0, 0, 0, 4, 11, 124585, , 
677, 1241866062001, 1241866175861, 0, 0, 0, 0, 621, 0, 0, 621, 4, 0
70997, , , 138.20000000000002, 0, 0, 0, 0, 35, 17, 397835, , 
713, 1241856893870, 1241857451644, 131.95000000000002, 0, 0, 0, 1265, 11, 79, 12, 19, 6
71724, , , 11.9, 0, 0, 0, 0, 22, 0, 94103, , 
75123, , , 12.8, 0, 0, 0, 0, 14, 14, 2843, , 
775158, , , 55.8, 0, 0, 0, 0, 1, 10, 929303, , 
798148, 1241856352905, 1241856497936, 0, 0, 0, 0, 24814, 4, 0, 32314, 6, 3
8527, 1241856685838, 1241858383986, 0, 3056, 6, 440.1666666666667, 10260, 2, 0, 503, 13, 2
89757, , , 431.15000000000003, 0, 0, 0, 0, 3, 82, 20260, , 
906606, 1241858822551, 1241858856512, 0, 0, 0, 0, 0, 0, 0, 0, 1, 
92600, , , 124.10000000000002, 0, 0, 0, 0, 1, 0, 43402, , 
93856, , , 113.40000000000002, 0, 0, 0, 0, 3, 2, 387114, , 
94103, , , 5.95, 0, 0, 0, 0, 1, 22, 223494, , 
968, 1241856188627, 1241858128189, 0, 0, 0, 0, 0, 5, 3, 1704, 11, 2
988642, 1241866721068, , 0, 734, 3, 312, 91808, 8, 0, 438751, 8, 2
998652, , , 25.950000000000003, 0, 0, 0, 0, 3, 20, 990799, , 
<<<<EndTable

PlayersOnlineNow=10
PlayersOnlineEachMinute=0, 3, 6, 4, 7, 7, 7, 7, 7, 6, 7, 7, 7, 8, 8, 9, 10, 10, 11, 10, 10, 11, 12, 12, 12, 11, 11, 10, 11, 10, 9, 10, 10, 8, 7, 7, 8, 8, 9, 10, 8, 9, 9, 8, 9, 9, 8, 8, 9, 8, 9, 9, 9, 9, 10, 12, 12, 13, 12, 12, 11, 13, 12, 12, 12, 12, 10, 11, 11, 11, 10, 9, 10, 10, 11, 11, 11, 11, 11, 12, 12, 11, 11, 13, 14, 12, 13, 13, 13, 13, 14, 17, 14, 15, 13, 13, 12, 14, 14, 14, 16, 16, 15, 14, 13, 12, 12, 12, 11, 9, 11, 10, 10, 11, 12, 12, 11, 10, 11, 12, 10, 10, 10, 11, 11, 10, 9, 10, 10, 13, 12, 12, 12, 12, 14, 15, 15, 14, 14, 15, 16, 16, 13, 15, 13, 13, 11, 9, 11, 11, 12, 11, 11, 11, 10, 11, 11, 11, 12, 13, 12, 12, 13, 15, 15, 15, 15, 14, 15, 14, 12, 11, 9, 9, 9, 10, 10, 12, 11, 10
PlayersInEachFeedingGame=1, 1, 2, 1, 1, 1, 1, 2, 2, 1, 2, 2, 2, 2, 1, 1, 2, 2, 2, 2, 2, 1, 1, 2, 1, 2, 1, 1, 1, 2, 2, 2, 2, 2, 1, 2, 1, 2, 2, 2, 2, 2, 2, 2, 2, 1, 2, 2, 2, 2, 2, 2, 1, 2, 2, 1, 1, 2, 1, 1, 2, 1, 2, 1, 2, 1, 1, 1, 1, 1, 1, 1, 2, 1, 1, 1, 2, 2, 1, 2, 2, 2, 1, 2, 1, 2, 2, 2, 2, 1, 2, 2, 1, 2, 4, 1, 2, 2, 1, 2, 2, 1, 2, 2, 2, 2, 2, 2, 2, 2, 2, 2, 2, 2, 2, 2, 2, 2, 2, 2, 2, 1, 2, 1, 2, 2, 2, 2
PlayersStarted=158
PlayersQuit=148
StatsStartTime=1241855990477
StatsDumpTime=1241866791012
<<<<EndStats
2009-05-09 04:00:32,562 ERROR: vampire.server.feeding.FeedingRecord sendPlayerStartGameMsg [playerId=1339948, prey=true, _predatorIndex=]
2009-05-09 04:00:32,563 ERROR: vampire.server.feeding.FeedingRecord sendPlayerStartGameMsg [playerId=1104968, prey=false, _predatorIndex=]
2009-05-09 04:01:59,916 ERROR: vampire.server.feeding.FeedingRecord sendPlayerStartGameMsg [playerId=2606, prey=false, _predatorIndex=1104968]
2009-05-09 04:03:02,457 ERROR: vampire.server.feeding.FeedingRecord sendPlayerStartGameMsg [playerId=634607, prey=false, _predatorIndex=646018,1311317,622795,1297010]
2009-05-09 04:04:23,087 ERROR: vampire.server.feeding.FeedingRecord sendPlayerStartGameMsg [playerId=634607, prey=false, _predatorIndex=646018,1311317,622795,1297010,634607]
2009-05-09 04:05:14,954 ERROR: vampire.server.feeding.FeedingRecord sendPlayerStartGameMsg [playerId=2606, prey=true, _predatorIndex=]
2009-05-09 04:05:14,955 ERROR: vampire.server.feeding.FeedingRecord sendPlayerStartGameMsg [playerId=1339948, prey=false, _predatorIndex=]
2009-05-09 04:05:46,827 ERROR: vampire.server.feeding.FeedingRecord sendPlayerStartGameMsg [playerId=336524, prey=true, _predatorIndex=]
2009-05-09 04:05:46,828 ERROR: vampire.server.feeding.FeedingRecord sendPlayerStartGameMsg [playerId=1339948, prey=false, _predatorIndex=]
2009-05-09 04:07:15,672 ERROR: vampire.server.feeding.FeedingRecord sendPlayerStartGameMsg [playerId=1104968, prey=false, _predatorIndex=]
2009-05-09 04:09:06,429 ERROR: vampire.server.feeding.FeedingRecord sendPlayerStartGameMsg [playerId=1339948, prey=true, _predatorIndex=]
2009-05-09 04:09:06,430 ERROR: vampire.server.feeding.FeedingRecord sendPlayerStartGameMsg [playerId=988642, prey=false, _predatorIndex=]

>>>>BeginStats

>>>>BeginTable
PlayerId, StartTime, EndTime, ProgenyPayout, XPFromFeeding, FeedingGames, MeanFeedingScore, BloodBond, Progeny, GrandProgeny, Sire, Level, Invites
1010692, , , 276.40000000000003, 0, 0, 0, 0, 17, 0, 70997, , 
10260, , , 208.10000000000002, 0, 0, 0, 0, 10, 8, 713, , 
1062, , , 55.800000000000004, 0, 0, 0, 0, 11, 7, 713, , 
1062853, , , 18.85, 0, 0, 0, 0, 1, 19, 1124214, , 
10642, , , 245.15000000000003, 0, 0, 0, 0, 33, 7, 351598, , 
1073413, 1241856636102, 1241856707658, 0, 0, 0, 0, 0, 0, 0, 176400, 2, 
110056, 1241863811184, 1241864464288, 0, 558, 3, 181.66666666666666, 0, 0, 0, 1062, 2, 
1101, 1241856888509, 1241857774135, 0, 0, 0, 0, 0, 2, 19, 239981, 9, 1
1104968, 1241865265855, , 0, 1291, 5, 404, 0, 1, 0, 22308, 4, 1
1108399, 1241860775190, 1241861667700, 0, 377, 4, 93.5, 0, 0, 0, 153097, 3, 
1127083, , , 51.900000000000006, 0, 0, 0, 0, 20, 0, 998652, , 
112953, , , 13.200000000000001, 0, 0, 0, 0, 3, 7, 241176, , 
1129620, 1241857568877, 1241857575361, 0, 0, 0, 0, 0, 0, 0, 0, 1, 
113127, , , 88.45000000000002, 0, 0, 0, 0, 2, 5, 156956, , 
1162720, 1241864538759, 1241864614469, 0, 0, 0, 0, 0, 0, 0, 0, 1, 
1166100, 1241857504629, 1241857516545, 0, 0, 0, 0, 0, 0, 0, 176400, 1, 
117178, 1241861462503, 1241862594357, 0, 1160, 6, 193.33333333333334, 0, 0, 0, 533, 3, 
1174713, 1241861331827, 1241862134236, 0, 573, 4, 128, 0, 0, 0, 616423, 1, 
118975, 1241863721486, 1241863839514, 0, 69, 1, 137, 0, 1, 1, 160138, 12, 2
12, , , 870.1999999999999, 0, 0, 0, 0, 20, 63, 383387, , 
1211902, 1241861305910, 1241862191683, 0, 230, 2, 62, 0, 0, 0, 31590, 1, 
1221858, 1241867038250, 1241867042489, 0, 0, 0, 0, 0, 0, 0, 0, 1, 
1232051, 1241857066524, 1241857937900, 0, 222, 2, 115, 0, 0, 0, 1285504, 1, 
1234731, 1241865734590, 1241866168136, 0, 137, 1, 138, 0, 0, 0, 1311317, 1, 
1238240, 1241864323741, 1241864486718, 0, 0, 0, 0, 0, 0, 0, 0, 1, 
1241857, , , 784.2, 0, 0, 0, 0, 4, 4, 259344, , 
124585, , , 6.25, 0, 0, 0, 0, 5, 4, 143278, , 
1247293, 1241861378552, 1241861510429, 0, 0, 0, 0, 0, 0, 0, 217283, 1, 
1269811, 1241861898033, 1241866122449, 0, 1797, 13, 124.6923076923077, 0, 0, 0, 11600, 2, 
12791, , , 388.35, 0, 0, 0, 0, 15, 16, 12, , 
1283945, 1241859583957, 1241859791631, 0, 0, 0, 0, 0, 0, 0, 276660, 1, 
1285504, 1241856096813, 1241861458815, 522.8, 5228, 16, 411.5, 1346597, 4, 0, 1241857, 4, 3
1297010, 1241866435387, 1241866731516, 0, 119, 1, 112, 0, 0, 0, 71724, 2, 
1307321, 1241863708138, 1241863750788, 0, 0, 0, 0, 0, 0, 0, 0, 1, 
1311317, 1241863281111, , 13.700000000000001, 3897, 18, 153.55555555555554, 0, 1, 0, 616423, 3, 0
1333542, 1241861787649, 1241863138578, 0, 460, 2, 166, 0, 0, 0, 31590, 1, 
1334562, 1241859803328, 1241861048899, 0, 649, 6, 107.83333333333333, 0, 0, 0, 336524, 1, 
1337283, 1241866513269, 1241866521656, 0, 0, 0, 0, 0, 0, 0, 0, 1, 
1339948, 1241866485169, , 0, 551, 4, 100.75, 0, 0, 0, 336524, 1, 0
1344561, 1241865069796, 1241866264216, 0, 506, 4, 100.75, 0, 0, 0, 54776, 1, 
1346597, 1241858095506, 1241862093172, 0, 5006, 14, 259.7142857142857, 1285504, 0, 0, 1285504, 4, 
1348824, 1241858286015, 1241858779688, 0, 120, 1, 127, 0, 0, 0, 526836, 1, 
135504, 1241859264466, 1241859735084, 0, 128, 1, 151, 139439, 2, 1, 75123, 4, 0
135526, , , 212.9, 0, 0, 0, 0, 11, 0, 162782, , 
1359416, 1241857835006, 1241858117705, 0, 93, 1, 93, 0, 0, 0, 0, 1, 
1361493, 1241863220669, 1241863243922, 0, 0, 0, 0, 0, 0, 0, 0, 1, 
1369520, 1241857343607, 1241857358170, 0, 0, 0, 0, 0, 0, 0, 0, 1, 
1370325, 1241859891923, 1241859908267, 0, 0, 0, 0, 0, 0, 0, 0, 1, 
1372195, 1241864401613, 1241864438820, 0, 0, 0, 0, 0, 0, 0, 0, 1, 
1372441, 1241864675717, 1241864770503, 0, 0, 0, 0, 0, 0, 0, 0, 1, 
137784, 1241857281606, 1241857685940, 0, 264, 1, 114, 0, 0, 0, 153510, 3, 0
139439, 1241859377160, 1241859522363, 0, 0, 0, 0, 135504, 1, 0, 372191, 3, 0
150469, , , 3.45, 0, 0, 0, 0, 3, 7, 57393, , 
153097, , , 37.7, 0, 0, 0, 0, 19, 0, 1062853, , 
153510, , , 26.400000000000002, 0, 0, 0, 0, 7, 0, 112953, , 
155376, , , 211.40000000000003, 0, 0, 0, 0, 5, 4, 113127, , 
155708, 1241863352966, 1241866192342, 0, 1153, 6, 138.66666666666666, 0, 0, 0, 616423, 2, 
15959, 1241859224223, 1241862515049, 0, 693, 5, 121.8, 0, 0, 0, 616423, 2, 
160138, , , 6.9, 0, 0, 0, 0, 7, 1, 150469, , 
160801, 1241864546270, 1241864661887, 0, 0, 0, 0, 0, 5, 2, 166371, 4, 3
161876, 1241859719029, 1241860018603, 0, 505, 4, 126.25, 0, 0, 0, 0, 2, 0
162782, , , 106.45, 0, 0, 0, 0, 7, 11, 36377, , 
167437, 1241856295185, 1241857114659, 0, 338, 3, 112.66666666666667, 0, 0, 0, 0, 1, 
172342, 1241861405643, 1241861499283, 0, 0, 0, 0, 0, 0, 0, 320570, 2, 0
178366, 1241866432411, 1241866434553, 0, 0, 0, 0, 0, 0, 0, 259344, 3, 0
181738, 1241864831230, 1241864857628, 0, 0, 0, 0, 0, 5, 4, 12791, 7, 5
183590, 1241866920753, 1241866938336, 0, 0, 0, 0, 0, 1, 1, 316089, 1, 1
188678, 1241862534573, 1241863506505, 0, 45014, 9, 7603, 0, 0, 0, 0, 4, 
188779, 1241864028439, 1241865083034, 0, 570, 3, 203.33333333333334, 0, 1, 0, 202762, 4, 1
195736, , , 412.4, 0, 0, 0, 0, 6, 35, 334835, , 
20260, , , 1242.4500000000007, 0, 0, 0, 0, 18, 16, 12, , 
202762, , , 57.00000000000001, 0, 0, 0, 0, 2, 1, 39403, , 
207385, 1241858591545, 1241858610553, 0, 0, 0, 0, 80072, 0, 0, 109906, 3, 0
210163, , , 36.7, 0, 0, 0, 0, 12, 20, 255725, , 
22308, , , 129.1, 0, 0, 0, 0, 10, 1, 775158, , 
240287, 1241858610644, 1241858647350, 0, 0, 0, 0, 0, 0, 0, 351430, 2, 
243620, 1241855992590, 1241856630624, 0, 519, 3, 173, 0, 0, 0, 1127083, 2, 
259344, , , 261.4, 0, 0, 0, 0, 23, 4, 143538, , 
2606, 1241864837082, , 0, 364, 1, 472, 0, 8, 2, 307471, 7, 1
28294, , , 21.15, 0, 0, 0, 0, 7, 1, 5842, , 
2843, , , 6.4, 0, 0, 0, 0, 8, 34, 3383, , 
285870, 1241863597050, 1241864173790, 0, 46972, 10, 2718.9, 0, 0, 0, 616423, 4, 
289190, 1241858259778, 1241858353130, 0, 0, 0, 0, 0, 0, 0, 269484, 1, 
306627, 1241865502777, 1241865508911, 0, 0, 0, 0, 0, 0, 0, 339642, 3, 0
307471, , , 36.4, 0, 0, 0, 0, 7, 9, 12, , 
31590, 1241860952753, 1241864466739, 69, 1769, 8, 266.5, 0, 4, 1, 155376, 4, 0
317383, , , 134.00000000000003, 0, 0, 0, 0, 1, 3, 344937, , 
32169, 1241857683809, 1241857725055, 0, 2081, 4, 533.5, 219, 8, 0, 10260, 14, 5
32314, 1241862778474, 1241863175697, 0, 0, 0, 0, 635003, 10, 14, 40508, 13, 2
323949, 1241863554849, 1241863590733, 0, 0, 0, 0, 0, 0, 0, 49732, 1, 0
325853, 1241860025909, 1241861700860, 0, 1241, 12, 94.66666666666667, 0, 0, 0, 92600, 3, 0
334835, , , 191.45, 0, 0, 0, 0, 2, 6, 143501, , 
336524, 1241856550800, , 59.00000000000001, 3829, 15, 376.26666666666665, 101052, 35, 6, 195736, 12, 2
3383, 1241856173853, 1241857964739, 0, 3850, 6, 613.3333333333334, 8842, 6, 10, 12791, 16, 2
359367, 1241861427704, 1241861593284, 0, 0, 0, 0, 0, 0, 0, 0, 1, 
387114, , , 56.35000000000001, 0, 0, 0, 0, 2, 3, 104034, , 
39403, , , 28.500000000000004, 0, 0, 0, 0, 5, 2, 130627, , 
396113, , , 28.700000000000003, 0, 0, 0, 0, 2, 11, 44987, , 
402469, 1241860643057, 1241864696170, 0, 423, 5, 87.8, 0, 3, 0, 407374, 3, 4
407374, , , 42.3, 0, 0, 0, 0, 1, 3, 28294, , 
4139, 1241867259941, , 0, 0, 0, 0, 44987, 25, 23, 713, 19, 3
415271, 1241865662924, 1241865983706, 0, 125, 1, 146, 0, 11, 3, 66689, 4, 0
417202, 1241866610428, , 0, 2680, 14, 153.14285714285714, 0, 0, 0, 57395, 4, 0
417315, , , 6.7, 0, 0, 0, 0, 5, 0, 12791, , 
43402, , , 62.05000000000001, 0, 0, 0, 0, 12, 17, 123961, , 
437430, 1241861946751, 1241862525094, 0, 67, 1, 133, 0, 0, 0, 417315, 3, 0
438751, , , 73.4, 0, 0, 0, 0, 20, 8, 210163, , 
44987, 1241867266754, , 14.350000000000001, 0, 0, 0, 4139, 18, 18, 12770, 14, 2
478092, 1241867366168, , 0, 0, 0, 0, 0, 0, 0, 0, 1, 0
503, , , 305.6, 0, 0, 0, 0, 5, 2, 12, , 
523528, 1241858443930, 1241858514548, 0, 0, 0, 0, 0, 0, 0, 0, 1, 0
526836, 1241865419155, , 12, 1127, 8, 119.875, 0, 2, 0, 93856, 3, 0
533, 1241863714804, 1241865083795, 116, 10134, 20, 601, 535, 10, 11, 20260, 14, 2
54776, 1241864348034, 1241866211756, 178.1, 3421, 7, 543.8571428571429, 1062, 82, 35, 89757, 16, 3
554580, 1241867178868, 1241867190635, 0, 0, 0, 0, 0, 0, 0, 634607, 1, 
561926, 1241866179887, 1241866204478, 0, 0, 0, 0, 0, 0, 0, 0, 1, 
57395, , , 268.00000000000006, 0, 0, 0, 0, 3, 0, 317383, , 
58429, , , 928.75, 0, 0, 0, 0, 7, 6, 10642, , 
58859, 1241857632746, 1241858004921, 0, 287, 1, 287, 43017, 11, 23, 396113, 15, 2
616423, 1241862807434, 1241864785549, 883.7500000000002, 4903, 15, 364.8666666666667, 0, 6, 1, 58429, 4, 
622795, 1241865355202, 1241866654393, 0, 2129, 7, 187.42857142857142, 0, 0, 0, 135526, 2, 
622935, 1241864230334, 1241864271143, 0, 0, 0, 0, 0, 0, 0, 32654, 2, 
634607, 1241866248406, , 0, 1275, 7, 190.71428571428572, 0, 3, 3, 54776, 4, 1
646018, 1241864077640, , 0, 2764, 13, 200.76923076923077, 0, 0, 0, 1010692, 3, 0
66689, , , 12.5, 0, 0, 0, 0, 4, 11, 124585, , 
677, 1241866062001, 1241866175861, 0, 0, 0, 0, 621, 0, 0, 621, 4, 0
70997, , , 138.20000000000002, 0, 0, 0, 0, 35, 17, 397835, , 
713, 1241856893870, 1241857451644, 131.95000000000002, 0, 0, 0, 1265, 11, 79, 12, 19, 6
71724, , , 11.9, 0, 0, 0, 0, 22, 0, 94103, , 
75123, , , 12.8, 0, 0, 0, 0, 14, 14, 2843, , 
775158, , , 64.55, 0, 0, 0, 0, 1, 10, 929303, , 
798148, 1241856352905, 1241856497936, 0, 0, 0, 0, 24814, 4, 0, 32314, 6, 3
8527, 1241856685838, 1241858383986, 0, 3056, 6, 440.1666666666667, 10260, 2, 0, 503, 13, 2
89757, , , 431.15000000000003, 0, 0, 0, 0, 3, 82, 20260, , 
906606, 1241858822551, 1241858856512, 0, 0, 0, 0, 0, 0, 0, 0, 1, 
92600, , , 124.10000000000002, 0, 0, 0, 0, 1, 0, 43402, , 
93856, , , 118.70000000000002, 0, 0, 0, 0, 3, 2, 387114, , 
94103, , , 5.95, 0, 0, 0, 0, 1, 22, 223494, , 
968, 1241856188627, 1241858128189, 0, 0, 0, 0, 0, 5, 3, 1704, 11, 2
988642, 1241866930692, , 0, 734, 3, 312, 91808, 8, 0, 438751, 8, 2
998652, , , 25.950000000000003, 0, 0, 0, 0, 3, 20, 990799, , 
<<<<EndTable

PlayersOnlineNow=13
PlayersOnlineEachMinute=0, 3, 6, 4, 7, 7, 7, 7, 7, 6, 7, 7, 7, 8, 8, 9, 10, 10, 11, 10, 10, 11, 12, 12, 12, 11, 11, 10, 11, 10, 9, 10, 10, 8, 7, 7, 8, 8, 9, 10, 8, 9, 9, 8, 9, 9, 8, 8, 9, 8, 9, 9, 9, 9, 10, 12, 12, 13, 12, 12, 11, 13, 12, 12, 12, 12, 10, 11, 11, 11, 10, 9, 10, 10, 11, 11, 11, 11, 11, 12, 12, 11, 11, 13, 14, 12, 13, 13, 13, 13, 14, 17, 14, 15, 13, 13, 12, 14, 14, 14, 16, 16, 15, 14, 13, 12, 12, 12, 11, 9, 11, 10, 10, 11, 12, 12, 11, 10, 11, 12, 10, 10, 10, 11, 11, 10, 9, 10, 10, 13, 12, 12, 12, 12, 14, 15, 15, 14, 14, 15, 16, 16, 13, 15, 13, 13, 11, 9, 11, 11, 12, 11, 11, 11, 10, 11, 11, 11, 12, 13, 12, 12, 13, 15, 15, 15, 15, 14, 15, 14, 12, 11, 9, 9, 9, 10, 10, 12, 11, 10, 10, 9, 9, 10, 10, 10, 10, 10, 12, 12
PlayersInEachFeedingGame=1, 1, 2, 1, 1, 1, 1, 2, 2, 1, 2, 2, 2, 2, 1, 1, 2, 2, 2, 2, 2, 1, 1, 2, 1, 2, 1, 1, 1, 2, 2, 2, 2, 2, 1, 2, 1, 2, 2, 2, 2, 2, 2, 2, 2, 1, 2, 2, 2, 2, 2, 2, 1, 2, 2, 1, 1, 2, 1, 1, 2, 1, 2, 1, 2, 1, 1, 1, 1, 1, 1, 1, 2, 1, 1, 1, 2, 2, 1, 2, 2, 2, 1, 2, 1, 2, 2, 2, 2, 1, 2, 2, 1, 2, 4, 1, 2, 2, 1, 2, 2, 1, 2, 2, 2, 2, 2, 2, 2, 2, 2, 2, 2, 2, 2, 2, 2, 2, 2, 2, 2, 1, 2, 1, 2, 2, 2, 2, 2, 2, 1, 2
PlayersStarted=166
PlayersQuit=153
StatsStartTime=1241855990477
StatsDumpTime=1241867391045
<<<<EndStats
2009-05-09 04:09:52,351 ERROR: vampire.server.feeding.FeedingRecord sendPlayerStartGameMsg [playerId=1104968, prey=false, _predatorIndex=]
2009-05-09 04:11:11,783 ERROR: vampire.server.feeding.FeedingRecord sendPlayerStartGameMsg [playerId=44987, prey=true, _predatorIndex=]
2009-05-09 04:11:11,785 ERROR: vampire.server.feeding.FeedingRecord sendPlayerStartGameMsg [playerId=4139, prey=false, _predatorIndex=]
2009-05-09 04:11:59,788 ERROR: vampire.server.feeding.FeedingRecord sendPlayerStartGameMsg [playerId=1339948, prey=false, _predatorIndex=]
2009-05-09 04:12:46,620 ERROR: vampire.server.feeding.FeedingRecord sendPlayerStartGameMsg [playerId=1104968, prey=false, _predatorIndex=1339948]
2009-05-09 04:17:47,420 ERROR: vampire.server.feeding.FeedingRecord sendPlayerStartGameMsg [playerId=54776, prey=true, _predatorIndex=]
2009-05-09 04:17:47,421 ERROR: vampire.server.feeding.FeedingRecord sendPlayerStartGameMsg [playerId=1068228, prey=false, _predatorIndex=]
2009-05-09 04:17:52,242 ERROR: vampire.server.feeding.FeedingRecord sendPlayerStartGameMsg [playerId=1104968, prey=false, _predatorIndex=4139]
2009-05-09 04:18:40,724 ERROR: vampire.server.feeding.FeedingRecord sendPlayerStartGameMsg [playerId=1104968, prey=false, _predatorIndex=4139,1104968]

>>>>BeginStats

>>>>BeginTable
PlayerId, StartTime, EndTime, ProgenyPayout, XPFromFeeding, FeedingGames, MeanFeedingScore, BloodBond, Progeny, GrandProgeny, Sire, Level, Invites
1010692, , , 276.40000000000003, 0, 0, 0, 0, 17, 0, 70997, , 
10260, , , 208.10000000000002, 0, 0, 0, 0, 10, 8, 713, , 
1062, , , 55.800000000000004, 0, 0, 0, 0, 11, 7, 713, , 
1062853, , , 18.85, 0, 0, 0, 0, 1, 19, 1124214, , 
10642, , , 245.15000000000003, 0, 0, 0, 0, 33, 7, 351598, , 
1068228, 1241867701573, , 0, 0, 0, 0, 0, 0, 0, 188779, 1, 0
1073413, 1241856636102, 1241856707658, 0, 0, 0, 0, 0, 0, 0, 176400, 2, 
110056, 1241863811184, 1241864464288, 0, 558, 3, 181.66666666666666, 0, 0, 0, 1062, 2, 
1101, 1241856888509, 1241857774135, 0, 0, 0, 0, 0, 2, 19, 239981, 9, 1
1104968, 1241865265855, , 0, 1291, 5, 404, 0, 1, 0, 22308, 4, 1
1108399, 1241860775190, 1241861667700, 0, 377, 4, 93.5, 0, 0, 0, 153097, 3, 
1127083, , , 51.900000000000006, 0, 0, 0, 0, 20, 0, 998652, , 
112953, , , 13.200000000000001, 0, 0, 0, 0, 3, 7, 241176, , 
1129620, 1241857568877, 1241857575361, 0, 0, 0, 0, 0, 0, 0, 0, 1, 
113127, , , 88.45000000000002, 0, 0, 0, 0, 2, 5, 156956, , 
1162720, 1241864538759, 1241864614469, 0, 0, 0, 0, 0, 0, 0, 0, 1, 
1166100, 1241857504629, 1241857516545, 0, 0, 0, 0, 0, 0, 0, 176400, 1, 
117178, 1241861462503, 1241862594357, 0, 1160, 6, 193.33333333333334, 0, 0, 0, 533, 3, 
1174713, 1241861331827, 1241862134236, 0, 573, 4, 128, 0, 0, 0, 616423, 1, 
118975, 1241863721486, 1241863839514, 0, 69, 1, 137, 0, 1, 1, 160138, 12, 2
12, , , 957.15, 0, 0, 0, 0, 20, 64, 383387, , 
1211902, 1241861305910, 1241862191683, 0, 230, 2, 62, 0, 0, 0, 31590, 1, 
1221858, 1241867038250, 1241867042489, 0, 0, 0, 0, 0, 0, 0, 0, 1, 
1232051, 1241857066524, 1241857937900, 0, 222, 2, 115, 0, 0, 0, 1285504, 1, 
1234731, 1241865734590, 1241866168136, 0, 137, 1, 138, 0, 0, 0, 1311317, 1, 
1238240, 1241864323741, 1241864486718, 0, 0, 0, 0, 0, 0, 0, 0, 1, 
1241857, , , 784.2, 0, 0, 0, 0, 4, 4, 259344, , 
124585, , , 6.25, 0, 0, 0, 0, 5, 5, 143278, , 
1247293, 1241861378552, 1241861510429, 0, 0, 0, 0, 0, 0, 0, 217283, 1, 
1269811, 1241861898033, 1241866122449, 0, 1797, 13, 124.6923076923077, 0, 0, 0, 11600, 2, 
12770, , , 173.90000000000003, 0, 0, 0, 0, 23, 24, 383387, , 
12791, , , 388.35, 0, 0, 0, 0, 15, 16, 12, , 
1283945, 1241859583957, 1241859791631, 0, 0, 0, 0, 0, 0, 0, 276660, 1, 
1285504, 1241867392702, 1241867598799, 522.8, 5228, 16, 411.5, 1346597, 4, 0, 1241857, 4, 3
1297010, 1241866435387, 1241866731516, 0, 119, 1, 112, 0, 0, 0, 71724, 2, 
1307321, 1241863708138, 1241863750788, 0, 0, 0, 0, 0, 0, 0, 0, 1, 
1311317, 1241863281111, , 13.700000000000001, 3897, 18, 153.55555555555554, 0, 1, 0, 616423, 3, 0
1333542, 1241861787649, 1241863138578, 0, 460, 2, 166, 0, 0, 0, 31590, 1, 
1334562, 1241859803328, 1241861048899, 0, 649, 6, 107.83333333333333, 0, 0, 0, 336524, 1, 
1337283, 1241866513269, 1241866521656, 0, 0, 0, 0, 0, 0, 0, 0, 1, 
1339948, 1241866485169, 1241867812596, 0, 848, 7, 98.57142857142857, 0, 0, 0, 336524, 1, 
1344561, 1241865069796, 1241866264216, 0, 506, 4, 100.75, 0, 0, 0, 54776, 1, 
1346597, 1241858095506, 1241862093172, 0, 5006, 14, 259.7142857142857, 1285504, 0, 0, 1285504, 4, 
1348824, 1241858286015, 1241858779688, 0, 120, 1, 127, 0, 0, 0, 526836, 1, 
135504, 1241859264466, 1241859735084, 0, 128, 1, 151, 139439, 2, 1, 75123, 4, 0
135526, , , 212.9, 0, 0, 0, 0, 11, 0, 162782, , 
1359416, 1241857835006, 1241858117705, 0, 93, 1, 93, 0, 0, 0, 0, 1, 
1361493, 1241863220669, 1241863243922, 0, 0, 0, 0, 0, 0, 0, 0, 1, 
1369520, 1241857343607, 1241857358170, 0, 0, 0, 0, 0, 0, 0, 0, 1, 
1370325, 1241859891923, 1241859908267, 0, 0, 0, 0, 0, 0, 0, 0, 1, 
1372195, 1241864401613, 1241864438820, 0, 0, 0, 0, 0, 0, 0, 0, 1, 
1372441, 1241864675717, 1241864770503, 0, 0, 0, 0, 0, 0, 0, 0, 1, 
137784, 1241857281606, 1241857685940, 0, 264, 1, 114, 0, 0, 0, 153510, 3, 0
139439, 1241859377160, 1241859522363, 0, 0, 0, 0, 135504, 1, 0, 372191, 3, 0
150469, , , 3.45, 0, 0, 0, 0, 3, 7, 57393, , 
153097, , , 37.7, 0, 0, 0, 0, 19, 0, 1062853, , 
153510, , , 26.400000000000002, 0, 0, 0, 0, 7, 0, 112953, , 
155376, , , 211.40000000000003, 0, 0, 0, 0, 5, 4, 113127, , 
155708, 1241863352966, 1241866192342, 0, 1153, 6, 138.66666666666666, 0, 0, 0, 616423, 2, 
15959, 1241859224223, 1241862515049, 0, 693, 5, 121.8, 0, 0, 0, 616423, 2, 
160138, , , 6.9, 0, 0, 0, 0, 7, 1, 150469, , 
160801, 1241864546270, 1241864661887, 0, 0, 0, 0, 0, 5, 2, 166371, 4, 3
161876, 1241859719029, 1241860018603, 0, 505, 4, 126.25, 0, 0, 0, 0, 2, 0
162782, , , 106.45, 0, 0, 0, 0, 7, 11, 36377, , 
167437, 1241856295185, 1241857114659, 0, 338, 3, 112.66666666666667, 0, 0, 0, 0, 1, 
172342, 1241861405643, 1241861499283, 0, 0, 0, 0, 0, 0, 0, 320570, 2, 0
178366, 1241866432411, 1241866434553, 0, 0, 0, 0, 0, 0, 0, 259344, 3, 0
181738, 1241864831230, 1241864857628, 0, 0, 0, 0, 0, 5, 4, 12791, 7, 5
183590, 1241866920753, 1241866938336, 0, 0, 0, 0, 0, 1, 1, 316089, 1, 1
188678, 1241862534573, 1241863506505, 0, 45014, 9, 7603, 0, 0, 0, 0, 4, 
188779, 1241864028439, 1241865083034, 0, 570, 3, 203.33333333333334, 0, 2, 0, 202762, 4, 1
195736, , , 427.25, 0, 0, 0, 0, 6, 35, 334835, , 
20260, , , 1242.4500000000007, 0, 0, 0, 0, 18, 16, 12, , 
202762, , , 57.00000000000001, 0, 0, 0, 0, 2, 2, 39403, , 
207385, 1241858591545, 1241858610553, 0, 0, 0, 0, 80072, 0, 0, 109906, 3, 0
210163, , , 44.95, 0, 0, 0, 0, 12, 20, 255725, , 
22308, , , 129.1, 0, 0, 0, 0, 10, 1, 775158, , 
240287, 1241858610644, 1241858647350, 0, 0, 0, 0, 0, 0, 0, 351430, 2, 
243620, 1241855992590, 1241856630624, 0, 519, 3, 173, 0, 0, 0, 1127083, 2, 
259344, , , 261.4, 0, 0, 0, 0, 23, 4, 143538, , 
2606, 1241864837082, 1241867411670, 0, 364, 1, 472, 0, 8, 2, 307471, 7, 1
28294, , , 21.15, 0, 0, 0, 0, 7, 1, 5842, , 
2843, , , 6.4, 0, 0, 0, 0, 8, 34, 3383, , 
285870, 1241863597050, 1241864173790, 0, 46972, 10, 2718.9, 0, 0, 0, 616423, 4, 
289190, 1241858259778, 1241858353130, 0, 0, 0, 0, 0, 0, 0, 269484, 1, 
306627, 1241865502777, 1241865508911, 0, 0, 0, 0, 0, 0, 0, 339642, 3, 0
307471, , , 36.4, 0, 0, 0, 0, 7, 9, 12, , 
31590, 1241860952753, 1241864466739, 69, 1769, 8, 266.5, 0, 4, 1, 155376, 4, 0
317383, , , 134.00000000000003, 0, 0, 0, 0, 1, 3, 344937, , 
32169, 1241857683809, 1241857725055, 0, 2081, 4, 533.5, 219, 8, 0, 10260, 14, 5
32314, 1241862778474, 1241863175697, 0, 0, 0, 0, 635003, 10, 14, 40508, 13, 2
323949, 1241863554849, 1241863590733, 0, 0, 0, 0, 0, 0, 0, 49732, 1, 0
325853, 1241860025909, 1241861700860, 0, 1241, 12, 94.66666666666667, 0, 0, 0, 92600, 3, 0
334835, , , 191.45, 0, 0, 0, 0, 2, 6, 143501, , 
336524, 1241867703436, 1241867940414, 88.69999999999999, 3829, 15, 376.26666666666665, 101052, 35, 6, 195736, 12, 2
3383, 1241856173853, 1241857964739, 0, 3850, 6, 613.3333333333334, 8842, 6, 10, 12791, 16, 2
359367, 1241861427704, 1241861593284, 0, 0, 0, 0, 0, 0, 0, 0, 1, 
383387, , , 86.95000000000002, 0, 0, 0, 0, 7, 57, 0, , 
387114, , , 56.35000000000001, 0, 0, 0, 0, 2, 3, 104034, , 
39403, , , 28.500000000000004, 0, 0, 0, 0, 5, 2, 130627, , 
396113, , , 28.700000000000003, 0, 0, 0, 0, 2, 11, 44987, , 
402469, 1241860643057, 1241864696170, 0, 423, 5, 87.8, 0, 3, 0, 407374, 3, 4
407374, , , 42.3, 0, 0, 0, 0, 1, 3, 28294, , 
412029, 1241867461613, 1241867466312, 0, 0, 0, 0, 0, 1, 0, 178650, 3, 1
4139, 1241867259941, , 0, 1739, 3, 555.3333333333334, 44987, 25, 23, 713, 19, 3
415271, 1241865662924, 1241865983706, 0, 125, 1, 146, 0, 11, 3, 66689, 4, 0
417202, 1241866610428, , 0, 2680, 14, 153.14285714285714, 0, 0, 0, 57395, 4, 0
417315, , , 6.7, 0, 0, 0, 0, 5, 0, 12791, , 
43402, , , 62.05000000000001, 0, 0, 0, 0, 12, 17, 123961, , 
437430, 1241861946751, 1241862525094, 0, 67, 1, 133, 0, 0, 0, 417315, 3, 0
438751, , , 89.9, 0, 0, 0, 0, 20, 8, 210163, , 
44987, 1241867266754, , 14.350000000000001, 1739, 3, 603.3333333333334, 4139, 18, 18, 12770, 14, 2
478092, 1241867366168, 1241867590903, 0, 0, 0, 0, 0, 0, 0, 0, 1, 
503, , , 305.6, 0, 0, 0, 0, 5, 2, 12, , 
523528, 1241858443930, 1241858514548, 0, 0, 0, 0, 0, 0, 0, 0, 1, 0
526836, 1241865419155, , 12, 1127, 8, 119.875, 0, 2, 0, 93856, 3, 0
533, 1241863714804, 1241865083795, 116, 10134, 20, 601, 535, 10, 11, 20260, 14, 2
54322, 1241867887778, 1241867983855, 0, 0, 0, 0, 0, 0, 0, 0, 1, 0
54776, 1241867811806, , 178.1, 3421, 7, 543.8571428571429, 1062, 82, 35, 89757, 16, 3
554580, 1241867178868, 1241867190635, 0, 0, 0, 0, 0, 0, 0, 634607, 1, 
561926, 1241866179887, 1241866204478, 0, 0, 0, 0, 0, 0, 0, 0, 1, 
57395, , , 268.00000000000006, 0, 0, 0, 0, 3, 0, 317383, , 
58429, , , 928.75, 0, 0, 0, 0, 7, 6, 10642, , 
58859, 1241857632746, 1241858004921, 0, 287, 1, 287, 43017, 11, 23, 396113, 15, 2
616423, 1241862807434, 1241864785549, 883.7500000000002, 4903, 15, 364.8666666666667, 0, 6, 1, 58429, 4, 
622795, 1241865355202, 1241866654393, 0, 2129, 7, 187.42857142857142, 0, 0, 0, 135526, 2, 
622935, 1241864230334, 1241864271143, 0, 0, 0, 0, 0, 0, 0, 32654, 2, 
634607, 1241866248406, 1241867394772, 0, 1275, 7, 190.71428571428572, 0, 3, 3, 54776, 4, 1
646018, 1241864077640, , 0, 2764, 13, 200.76923076923077, 0, 0, 0, 1010692, 3, 0
66689, , , 12.5, 0, 0, 0, 0, 4, 11, 124585, , 
677, 1241866062001, 1241866175861, 0, 0, 0, 0, 621, 0, 0, 621, 4, 0
70997, , , 138.20000000000002, 0, 0, 0, 0, 35, 17, 397835, , 
713, 1241856893870, 1241857451644, 305.85, 0, 0, 0, 1265, 11, 79, 12, 19, 6
71724, , , 11.9, 0, 0, 0, 0, 22, 0, 94103, , 
75123, , , 12.8, 0, 0, 0, 0, 14, 14, 2843, , 
775158, , , 64.55, 0, 0, 0, 0, 1, 10, 929303, , 
798148, 1241856352905, 1241856497936, 0, 0, 0, 0, 24814, 4, 0, 32314, 6, 3
8527, 1241856685838, 1241858383986, 0, 3056, 6, 440.1666666666667, 10260, 2, 0, 503, 13, 2
89757, , , 431.15000000000003, 0, 0, 0, 0, 3, 82, 20260, , 
906606, 1241858822551, 1241858856512, 0, 0, 0, 0, 0, 0, 0, 0, 1, 
92600, , , 124.10000000000002, 0, 0, 0, 0, 1, 0, 43402, , 
93856, , , 118.70000000000002, 0, 0, 0, 0, 3, 2, 387114, , 
94103, , , 5.95, 0, 0, 0, 0, 1, 22, 223494, , 
968, 1241856188627, 1241858128189, 0, 0, 0, 0, 0, 5, 3, 1704, 11, 2
988642, 1241866930692, , 0, 899, 4, 289, 91808, 8, 0, 438751, 8, 2
993774, 1241867959034, , 0, 0, 0, 0, 0, 0, 0, 63415, 1, 0
998652, , , 25.950000000000003, 0, 0, 0, 0, 3, 20, 990799, , 
<<<<EndTable

PlayersOnlineNow=11
PlayersOnlineEachMinute=0, 3, 6, 4, 7, 7, 7, 7, 7, 6, 7, 7, 7, 8, 8, 9, 10, 10, 11, 10, 10, 11, 12, 12, 12, 11, 11, 10, 11, 10, 9, 10, 10, 8, 7, 7, 8, 8, 9, 10, 8, 9, 9, 8, 9, 9, 8, 8, 9, 8, 9, 9, 9, 9, 10, 12, 12, 13, 12, 12, 11, 13, 12, 12, 12, 12, 10, 11, 11, 11, 10, 9, 10, 10, 11, 11, 11, 11, 11, 12, 12, 11, 11, 13, 14, 12, 13, 13, 13, 13, 14, 17, 14, 15, 13, 13, 12, 14, 14, 14, 16, 16, 15, 14, 13, 12, 12, 12, 11, 9, 11, 10, 10, 11, 12, 12, 11, 10, 11, 12, 10, 10, 10, 11, 11, 10, 9, 10, 10, 13, 12, 12, 12, 12, 14, 15, 15, 14, 14, 15, 16, 16, 13, 15, 13, 13, 11, 9, 11, 11, 12, 11, 11, 11, 10, 11, 11, 11, 12, 13, 12, 12, 13, 15, 15, 15, 15, 14, 15, 14, 12, 11, 9, 9, 9, 10, 10, 12, 11, 10, 10, 9, 9, 10, 10, 10, 10, 10, 12, 12, 13, 12, 12, 11, 9, 9, 11, 11, 11, 12
PlayersInEachFeedingGame=1, 1, 2, 1, 1, 1, 1, 2, 2, 1, 2, 2, 2, 2, 1, 1, 2, 2, 2, 2, 2, 1, 1, 2, 1, 2, 1, 1, 1, 2, 2, 2, 2, 2, 1, 2, 1, 2, 2, 2, 2, 2, 2, 2, 2, 1, 2, 2, 2, 2, 2, 2, 1, 2, 2, 1, 1, 2, 1, 1, 2, 1, 2, 1, 2, 1, 1, 1, 1, 1, 1, 1, 2, 1, 1, 1, 2, 2, 1, 2, 2, 2, 1, 2, 1, 2, 2, 2, 2, 1, 2, 2, 1, 2, 4, 1, 2, 2, 1, 2, 2, 1, 2, 2, 2, 2, 2, 2, 2, 2, 2, 2, 2, 2, 2, 2, 2, 2, 2, 2, 2, 1, 2, 1, 2, 2, 2, 2, 2, 2, 1, 2, 1, 2, 1, 2
PlayersStarted=173
PlayersQuit=162
StatsStartTime=1241855990477
StatsDumpTime=1241867991080
<<<<EndStats
2009-05-09 04:21:02,860 ERROR: vampire.server.feeding.FeedingRecord sendPlayerStartGameMsg [playerId=1104968, prey=true, _predatorIndex=]
2009-05-09 04:21:02,861 ERROR: vampire.server.feeding.FeedingRecord sendPlayerStartGameMsg [playerId=1068228, prey=false, _predatorIndex=]
2009-05-09 04:21:03,143 ERROR: vampire.server.feeding.FeedingRecord sendPlayerStartGameMsg [playerId=110056, prey=false, _predatorIndex=1068228]
2009-05-09 04:22:08,105 ERROR: vampire.server.feeding.FeedingRecord sendPlayerStartGameMsg [playerId=993774, prey=false, _predatorIndex=]
2009-05-09 04:23:46,461 ERROR: vampire.server.feeding.FeedingRecord sendPlayerStartGameMsg [playerId=1068228, prey=false, _predatorIndex=]
2009-05-09 04:24:56,376 ERROR: vampire.server.feeding.FeedingRecord sendPlayerStartGameMsg [playerId=646018, prey=false, _predatorIndex=]
2009-05-09 04:24:57,120 ERROR: vampire.server.feeding.FeedingRecord sendPlayerStartGameMsg [playerId=1104968, prey=false, _predatorIndex=]
2009-05-09 04:25:07,826 ERROR: vampire.server.feeding.FeedingRecord sendPlayerStartGameMsg [playerId=1104968, prey=false, _predatorIndex=]
2009-05-09 04:25:37,441 ERROR: vampire.server.feeding.FeedingRecord sendPlayerStartGameMsg [playerId=1104968, prey=false, _predatorIndex=]
2009-05-09 04:25:47,305 ERROR: vampire.server.feeding.FeedingRecord sendPlayerStartGameMsg [playerId=1104968, prey=false, _predatorIndex=]
2009-05-09 04:26:02,337 ERROR: vampire.server.feeding.FeedingRecord sendPlayerStartGameMsg [playerId=1104968, prey=false, _predatorIndex=]
2009-05-09 04:27:23,723 ERROR: vampire.server.feeding.FeedingRecord sendPlayerStartGameMsg [playerId=1104968, prey=false, _predatorIndex=]
2009-05-09 04:27:58,319 ERROR: vampire.server.feeding.FeedingRecord sendPlayerStartGameMsg [playerId=1104968, prey=false, _predatorIndex=]
2009-05-09 04:28:11,047 ERROR: vampire.server.feeding.FeedingRecord sendPlayerStartGameMsg [playerId=1104968, prey=false, _predatorIndex=]
2009-05-09 04:28:21,217 ERROR: vampire.server.feeding.FeedingRecord sendPlayerStartGameMsg [playerId=1104968, prey=false, _predatorIndex=]
2009-05-09 04:28:36,914 ERROR: vampire.server.feeding.FeedingRecord sendPlayerStartGameMsg [playerId=1104968, prey=false, _predatorIndex=]
2009-05-09 04:28:40,246 ERROR: vampire.server.feeding.FeedingRecord sendPlayerStartGameMsg [playerId=197932, prey=true, _predatorIndex=]
2009-05-09 04:28:40,247 ERROR: vampire.server.feeding.FeedingRecord sendPlayerStartGameMsg [playerId=468188, prey=false, _predatorIndex=]
2009-05-09 04:29:34,439 ERROR: vampire.server.feeding.FeedingRecord sendPlayerStartGameMsg [playerId=1104968, prey=false, _predatorIndex=646018]

