
>>>>BeginStats

>>>>BeginTable
PlayerId, StartTime, EndTime, ProgenyPayout, XPFromFeeding, FeedingGames, MeanFeedingScore, BloodBond, Progeny, GrandProgeny, Sire, Level, Invites
1019248, , , 31.400000000000002, 0, 0, 0, 0, 1, 0, 210163, , 
1020260, 1241469745796, , 0, 314, 1, 155, 0, 0, 0, 1019248, 2, 0
1021278, , , 19.5, 0, 0, 0, 0, 2, 2, 452296, , 
1022386, 1241468831066, 1241469716949, 0, 203, 2, 119.5, 0, 0, 0, 182431, 1, 
10260, 1241467906952, , 101.80000000000001, 1810, 4, 545, 1101, 7, 8, 713, 13, 2
103033, , , 194.4, 0, 0, 0, 0, 8, 6, 81899, , 
1044730, 1241467517806, 1241467715104, 0, 0, 0, 0, 0, 12, 1, 1010692, 6, 3
1051628, 1241469001320, 1241469018694, 0, 0, 0, 0, 0, 0, 0, 0, 1, 
1059336, 1241468166029, 1241468410063, 0, 105, 1, 105, 0, 0, 0, 0, 1, 
10628, 1241466921900, 1241468007243, 0, 206, 1, 121, 0, 0, 0, 1265, 4, 0
1062853, , , 19.900000000000002, 0, 0, 0, 0, 9, 11, 1124214, , 
10642, , , 24.900000000000002, 0, 0, 0, 0, 30, 15, 351598, , 
1082840, 1241466203558, 1241466513986, 0, 0, 0, 0, 0, 0, 0, 0, 1, 
1085689, 1241466373561, 1241466417380, 0, 0, 0, 0, 0, 0, 0, 1148755, 1, 
1092321, , , 37.800000000000004, 0, 0, 0, 0, 24, 13, 35568, , 
110117, 1241466874508, 1241467208877, 0, 236, 1, 236, 0, 0, 0, 129764, 1, 
1110327, 1241469341764, 1241469416988, 0, 0, 0, 0, 0, 0, 0, 0, 1, 
1110484, 1241469168001, 1241469656961, 0, 398, 2, 199, 153097, 0, 0, 153097, 3, 
1111437, 1241468450543, , 34.5, 655, 5, 88.8, 0, 1, 0, 70997, 1, 0
1112884, 1241468984569, , 0, 0, 0, 0, 0, 0, 0, 1148755, 2, 0
113237, , , 51, 0, 0, 0, 0, 9, 11, 10642, , 
114128, 1241467998418, 1241468143990, 0, 0, 0, 0, 0, 0, 0, 0, 1, 
1148098, 1241467760304, 1241468149272, 0, 195, 1, 173, 0, 2, 1, 1021278, 4, 
1148755, 1241466566908, 1241468216965, 0, 378, 1, 510, 0, 13, 1, 1092321, 5, 5
1159167, 1241470032247, 1241470057625, 0, 0, 0, 0, 0, 0, 0, 0, 1, 
1164090, 1241470033384, , 0, 0, 0, 0, 0, 0, 0, 175754, 1, 0
1173838, 1241468386641, 1241468876949, 0, 182, 2, 60, 0, 0, 0, 0, 1, 
1193591, 1241467137330, 1241467141413, 0, 0, 0, 0, 0, 0, 0, 0, 1, 
1196189, 1241466297330, 1241466837000, 0, 525, 2, 147, 0, 0, 0, 533, 1, 
12, , , 1866.4499999999991, 0, 0, 0, 0, 20, 80, 383387, , 
1203484, 1241466692935, 1241467161403, 0, 473, 3, 124.33333333333333, 0, 0, 0, 30152, 2, 
1207233, 1241469223082, 1241469774403, 0, 0, 0, 0, 0, 1, 0, 239111, 2, 
1214750, 1241468453200, 1241468866670, 0, 0, 0, 0, 0, 0, 0, 0, 1, 
1216946, 1241469815713, 1241469930208, 0, 0, 0, 0, 0, 0, 0, 836050, 1, 
122012, 1241469572929, 1241469610020, 0, 0, 0, 0, 0, 0, 0, 217283, 1, 
1222327, 1241469076435, , 0, 326, 2, 93.5, 0, 0, 0, 0, 1, 0
124503, , , 13.200000000000001, 0, 0, 0, 0, 3, 1, 170934, , 
1245435, 1241468646083, 1241469606986, 0, 345, 3, 121, 0, 0, 0, 1111437, 1, 
1249303, 1241469778303, 1241470016940, 0, 914, 6, 126.83333333333333, 0, 0, 0, 0, 1, 
1249365, 1241466975111, 1241466994518, 0, 0, 0, 0, 0, 0, 0, 0, 1, 
1250100, 1241469616135, 1241469645643, 0, 0, 0, 0, 0, 0, 0, 0, 1, 
1265, 1241469128264, , 36.300000000000004, 5545, 9, 805.5555555555555, 713, 15, 34, 12, 16, 3
127632, 1241468497012, 1241468855530, 0, 278, 1, 80, 0, 0, 0, 0, 1, 
127763, , , 118.6, 0, 0, 0, 0, 2, 5, 143278, , 
12791, 1241467042399, , 441.45000000000005, 2209, 4, 724.25, 0, 13, 22, 12, 12, 2
128794, , , 50.150000000000006, 0, 0, 0, 0, 2, 4, 93202, , 
129764, , , 23.6, 0, 0, 0, 0, 10, 0, 370341, , 
130730, 1241469825414, , 0, 102, 1, 92, 0, 0, 0, 0, 1, 0
131355, 1241466996512, 1241467344818, 0, 0, 0, 0, 0, 1, 2, 461901, 4, 0
143734, 1241469274628, 1241469896984, 0, 584, 1, 190, 0, 0, 0, 0, 1, 
143937, 1241466442323, 1241468035333, 0, 627, 3, 188, 0, 0, 0, 7078, 4, 0
147246, 1241469020602, , 0, 506, 3, 208.66666666666666, 0, 0, 0, 0, 1, 0
147628, , , 38.5, 0, 0, 0, 0, 6, 0, 63846, , 
149684, , , 8.1, 0, 0, 0, 0, 3, 4, 184167, , 
153097, , , 39.800000000000004, 0, 0, 0, 0, 11, 0, 1062853, , 
1531, 1241467474324, , 50.900000000000006, 2915, 6, 454.8333333333333, 503, 5, 14, 12, 14, 3
154004, 1241469451035, 1241469611534, 0, 0, 0, 0, 561706, 8, 5, 90041, 4, 0
164243, , , 100.30000000000001, 0, 0, 0, 0, 4, 2, 128794, , 
168395, 1241469265182, 1241469484840, 0, 383, 2, 202, 0, 0, 0, 46604, 4, 
168473, , , 29.05, 0, 0, 0, 0, 10, 2, 180508, , 
170191, , , 22.5, 0, 0, 0, 0, 3, 7, 202873, , 
170316, , , 620.5000000000001, 0, 0, 0, 0, 4, 2, 210210, , 
170934, , , 4.4, 0, 0, 0, 0, 7, 4, 49732, , 
171513, 1241469549136, 1241469771735, 0, 225, 1, 225, 0, 7, 7, 170191, 11, 2
174845, 1241468228637, , 0, 1986, 6, 222.5, 0, 0, 0, 52206, 4, 0
177916, , , 31.35, 0, 0, 0, 0, 4, 9, 202501, , 
18, 1241468663709, , 0, 813, 4, 233, 0, 0, 0, 383387, 1, 0
180508, , , 11.15, 0, 0, 0, 0, 1, 10, 12791, , 
182431, 1241469065684, 1241469518965, 8.8, 88, 1, 51, 0, 1, 0, 124503, 3, 0
1892, 1241467350547, , 115.4, 2581, 8, 386, 33511, 20, 6, 995, 12, 2
191984, 1241467325060, , 0, 0, 0, 0, 191950, 17, 5, 142178, 9, 9
19205, 1241469590849, , 0, 1018, 2, 432, 0, 3, 2, 8842, 7, 1
199427, , , 727.6000000000001, 0, 0, 0, 0, 1, 3, 208602, , 
202327, 1241466737510, 1241469044378, 0, 69, 1, 22, 166836, 3, 3, 249362, 6, 1
20260, , , 201.45000000000002, 0, 0, 0, 0, 18, 12, 12, , 
202873, , , 11.25, 0, 0, 0, 0, 1, 3, 341164, , 
208602, , , 363.80000000000007, 0, 0, 0, 0, 7, 2, 351626, , 
210163, , , 15.700000000000001, 0, 0, 0, 0, 12, 1, 255725, , 
210210, , , 310.25000000000006, 0, 0, 0, 0, 4, 4, 381607, , 
217283, 1241467044166, 1241467406525, 0, 0, 0, 0, 532467, 48, 21, 57393, 12, 14
218183, 1241467879101, 1241467887042, 0, 0, 0, 0, 0, 0, 0, 0, 1, 
220964, , , 38.550000000000004, 0, 0, 0, 0, 5, 7, 143501, , 
222826, , , 99.3, 0, 0, 0, 0, 1, 1, 102942, , 
224790, 1241470055332, 1241470067836, 0, 0, 0, 0, 0, 0, 0, 0, 1, 0
238, 1241468056199, 1241468291052, 0, 297, 1, 297, 0, 0, 0, 12791, 4, 0
247084, 1241469749682, , 0, 1154, 7, 178.57142857142858, 0, 0, 0, 1892, 4, 0
249362, , , 6.9, 0, 0, 0, 0, 1, 3, 12791, , 
254186, 1241466983169, 1241467406080, 0, 360, 2, 199, 268558, 3, 0, 477335, 7, 1
258951, , , 31.400000000000002, 0, 0, 0, 0, 22, 26, 1265, , 
280455, 1241469232554, , 0, 771, 2, 364, 0, 0, 0, 386780, 3, 0
283054, 1241468251686, 1241468324846, 0, 0, 0, 0, 0, 0, 0, 220457, 1, 0
2843, , , 150.9, 0, 0, 0, 0, 8, 33, 3383, , 
284839, 1241469428990, , 0, 102, 1, 111, 0, 0, 0, 340930, 3, 0
295964, 1241468042854, 1241468253910, 0, 0, 0, 0, 0, 0, 0, 70997, 2, 
30152, 1241467029436, 1241467325520, 47.300000000000004, 0, 0, 0, 0, 4, 0, 40683, 6, 4
30940, 1241467846732, 1241467915883, 0, 0, 0, 0, 0, 0, 0, 8842, 2, 
32169, 1241468823544, , 0, 1018, 2, 310.5, 219, 7, 0, 10260, 12, 4
33541, 1241469643473, , 0, 505, 1, 392, 0, 1, 2, 12, 8, 1
336228, , , 30.55, 0, 0, 0, 0, 9, 13, 307471, , 
3383, 1241469698615, 1241469721245, 75.45, 4083, 6, 511.6666666666667, 8842, 6, 10, 12791, 15, 2
340930, , , 10.200000000000001, 0, 0, 0, 0, 1, 0, 52887, , 
34108, , , 16.2, 0, 0, 0, 0, 4, 0, 149684, , 
349289, 1241469664580, 1241469949572, 0, 135, 1, 136, 0, 0, 0, 68390, 1, 
351430, , , 61.1, 0, 0, 0, 0, 11, 9, 336228, , 
35568, , , 18.900000000000002, 0, 0, 0, 0, 1, 24, 258951, , 
366650, 1241469675110, , 0, 6205, 22, 291.40909090909093, 52818, 2, 0, 170316, 4, 2
367452, , , 237.2, 0, 0, 0, 0, 5, 3, 127763, , 
370341, , , 11.8, 0, 0, 0, 0, 1, 10, 326885, , 
372191, 1241469458816, 1241469741106, 0, 0, 0, 0, 0, 5, 4, 425071, 5, 1
37261, 1241467851161, 1241468029892, 0, 0, 0, 0, 0, 0, 0, 1237789, 4, 
383387, , , 720.8499999999999, 0, 0, 0, 0, 7, 56, 0, , 
386780, , , 77.10000000000001, 0, 0, 0, 0, 7, 0, 220964, , 
397835, , , 300.8, 0, 0, 0, 0, 5, 28, 47379, , 
404364, 1241468388963, 1241469900114, 0, 706, 6, 123.83333333333333, 0, 0, 0, 0, 1, 
40683, , , 23.650000000000002, 0, 0, 0, 0, 1, 4, 388185, , 
4139, 1241469535217, , 0, 1018, 2, 468.5, 44987, 21, 23, 713, 17, 3
4141, 1241467846758, 1241468083931, 0, 0, 0, 0, 0, 0, 0, 2796, 1, 
42736, 1241466525725, 1241466528247, 0, 0, 0, 0, 93562, 2, 3, 133482, 4, 1
447249, 1241465876964, 1241469763992, 0, 7276, 12, 605.0833333333334, 10642, 3, 3, 199427, 14, 2
452296, , , 9.75, 0, 0, 0, 0, 9, 2, 103144, , 
46604, , , 38.3, 0, 0, 0, 0, 2, 0, 921283, , 
47379, , , 136.5, 0, 0, 0, 0, 4, 5, 54776, , 
477335, , , 36, 0, 0, 0, 0, 2, 3, 88917, , 
52206, , , 198.6, 0, 0, 0, 0, 1, 0, 222826, , 
52818, 1241468009634, , 0, 2372, 8, 289.25, 366650, 3, 0, 367452, 4, 0
52887, , , 5.1000000000000005, 0, 0, 0, 0, 3, 1, 237967, , 
533, 1241465963908, , 52.5, 1752, 4, 487, 535, 9, 11, 20260, 12, 2
540887, 1241469643838, 1241469846696, 0, 385, 2, 138.5, 0, 0, 0, 147628, 2, 
545771, 1241466844050, 1241467052294, 0, 162, 1, 163, 0, 0, 0, 34108, 3, 0
546954, 1241469926357, , 0, 0, 0, 0, 0, 0, 0, 0, 1, 0
54776, 1241466751129, 1241467817560, 0, 0, 0, 0, 1062, 72, 32, 89757, 15, 3
565767, 1241466342866, 1241466542108, 0, 0, 0, 0, 0, 0, 0, 0, 1, 
586681, , , 49.800000000000004, 0, 0, 0, 0, 6, 8, 10642, , 
59431, 1241467077152, 1241467090458, 0, 0, 0, 0, 0, 0, 0, 0, 1, 0
624485, 1241469120467, 1241469237798, 0, 0, 0, 0, 0, 0, 0, 562953, 1, 
63846, , , 19.25, 0, 0, 0, 0, 1, 6, 65246, , 
68390, 1241469524404, , 13.5, 223, 2, 113.5, 0, 1, 0, 168473, 2, 0
7078, , , 62.7, 0, 0, 0, 0, 9, 3, 177916, , 
70816, 1241467601783, 1241468265430, 0, 839, 3, 149.33333333333334, 0, 0, 0, 0, 1, 
70997, 1241469653568, , 72.85000000000001, 2730, 8, 539.875, 1010692, 28, 31, 397835, 11, 2
713, 1241467595785, , 333.70000000000005, 1617, 3, 457.3333333333333, 1265, 10, 66, 12, 18, 6
73481, 1241467235327, 1241468568645, 0, 1003, 5, 192.2, 0, 2, 1, 164243, 4, 0
75123, 1241466816352, , 0, 1509, 3, 467.6666666666667, 101358, 14, 14, 2843, 12, 4
77, 1241469088743, 1241469122433, 0, 0, 0, 0, 171151, 11, 2, 12770, 14, 2
81899, , , 97.2, 0, 0, 0, 0, 5, 8, 802319, , 
836050, 1241469981636, , 102, 0, 0, 0, 592692, 11, 1, 113237, 7, 2
8401, 1241466869791, 1241468036945, 0, 1944, 6, 341, 413254, 6, 1, 103033, 5, 4
87714, 1241466143672, , 0, 611, 2, 340, 0, 9, 3, 351430, 9, 6
8842, , , 101.80000000000001, 0, 0, 0, 0, 12, 22, 1531, , 
885698, 1241467989002, , 0, 1020, 4, 327.25, 891151, 0, 0, 836050, 4, 0
88917, , , 18, 0, 0, 0, 0, 3, 2, 372191, , 
90041, 1241469777944, , 0, 314, 1, 473, 175933, 6, 8, 258951, 11, 12
921283, , , 19.15, 0, 0, 0, 0, 4, 2, 338409, , 
926905, 1241468402538, 1241468405693, 0, 0, 0, 0, 0, 0, 0, 0, 1, 
95479, 1241469365927, 1241469658070, 0, 498, 2, 290.5, 0, 8, 2, 586681, 6, 1
977713, 1241467586280, 1241467598809, 0, 0, 0, 0, 0, 0, 0, 0, 1, 
995, , , 315.8, 0, 0, 0, 0, 11, 20, 12, , 
<<<<EndTable

PlayersOnlineNow=34
PlayersOnlineEachMinute=0, 3, 4, 6, 6, 8, 8, 8, 9, 11, 13, 12, 11, 11, 13, 14, 16, 16, 17, 19, 22, 22, 20, 21, 21, 21, 19, 21, 22, 24, 27, 25, 25, 27, 28, 28, 28, 26, 25, 25, 24, 22, 24, 24, 25, 24, 24, 25, 25, 26, 26, 26, 26, 26, 28, 30, 32, 34, 34, 36, 38, 39, 40, 38, 40, 33, 37, 36, 33, 34
PlayersInEachFeedingGame=2, 2, 1, 2, 1, 2, 2, 1, 1, 2, 2, 2, 1, 1, 2, 1, 2, 1, 2, 1, 2, 1, 2, 1, 2, 2, 2, 2, 2, 2, 1, 1, 2, 1, 1, 2, 1, 1, 2, 2, 2, 2, 2, 1, 1, 2, 2, 2, 2, 2, 1, 2, 2, 1, 1, 1, 2, 2, 2, 1, 2, 2, 2, 2, 1, 2, 2, 2, 2, 2, 2, 2, 2, 2, 2, 2, 1, 2, 6, 2, 2, 2, 1, 2, 2, 2, 2, 1, 2, 2
PlayersStarted=150
PlayersQuit=116
StatsStartTime=1241465875689
StatsDumpTime=1241470075884
<<<<EndStats
2009-05-04 13:48:03,483 ERROR: vampire.server.feeding.FeedingRecord sendPlayerStartGameMsg [playerId=1265, prey=false, _predatorIndex=12791,32169,4139,1531,19205,33541]
2009-05-04 13:48:17,802 ERROR: vampire.server.feeding.FeedingRecord sendPlayerStartGameMsg [playerId=836050, prey=true, _predatorIndex=]
2009-05-04 13:48:17,803 ERROR: vampire.server.feeding.FeedingRecord sendPlayerStartGameMsg [playerId=546954, prey=false, _predatorIndex=]
2009-05-04 13:48:22,466 ERROR: vampire.server.feeding.FeedingRecord sendPlayerStartGameMsg [playerId=247084, prey=false, _predatorIndex=546954]
2009-05-04 13:48:23,546 ERROR: vampire.server.feeding.FeedingRecord sendPlayerStartGameMsg [playerId=366650, prey=false, _predatorIndex=546954,247084]
2009-05-04 13:48:48,897 ERROR: vampire.server.feeding.FeedingRecord sendPlayerStartGameMsg [playerId=247084, prey=false, _predatorIndex=546954,247084,366650]
2009-05-04 13:49:36,251 ERROR: vampire.server.feeding.FeedingRecord sendPlayerStartGameMsg [playerId=247084, prey=false, _predatorIndex=]
2009-05-04 13:50:32,638 ERROR: vampire.server.feeding.FeedingRecord sendPlayerStartGameMsg [playerId=90041, prey=true, _predatorIndex=]
2009-05-04 13:50:32,639 ERROR: vampire.server.feeding.FeedingRecord sendPlayerStartGameMsg [playerId=1020260, prey=false, _predatorIndex=]
2009-05-04 13:50:35,258 ERROR: vampire.server.feeding.FeedingRecord sendPlayerStartGameMsg [playerId=68390, prey=true, _predatorIndex=]
2009-05-04 13:50:35,258 ERROR: vampire.server.feeding.FeedingRecord sendPlayerStartGameMsg [playerId=147246, prey=false, _predatorIndex=]
2009-05-04 13:51:18,876 ERROR: vampire.server.feeding.FeedingRecord sendPlayerStartGameMsg [playerId=1531, prey=false, _predatorIndex=12791,32169,4139,1531,19205,33541,1265]
2009-05-04 13:51:19,694 ERROR: vampire.server.feeding.FeedingRecord sendPlayerStartGameMsg [playerId=366650, prey=false, _predatorIndex=546954,247084,366650]
2009-05-04 13:51:27,898 ERROR: vampire.server.feeding.FeedingRecord sendPlayerStartGameMsg [playerId=366650, prey=false, _predatorIndex=]
2009-05-04 13:51:45,236 ERROR: vampire.server.feeding.FeedingRecord sendPlayerStartGameMsg [playerId=247084, prey=false, _predatorIndex=147246]
2009-05-04 13:51:50,059 ERROR: vampire.server.feeding.FeedingRecord sendPlayerStartGameMsg [playerId=130730, prey=false, _predatorIndex=]
2009-05-04 13:51:50,554 ERROR: vampire.server.feeding.FeedingRecord sendPlayerStartGameMsg [playerId=247084, prey=false, _predatorIndex=]
2009-05-04 13:52:17,196 ERROR: vampire.server.feeding.FeedingRecord sendPlayerStartGameMsg [playerId=462408, prey=true, _predatorIndex=]
2009-05-04 13:52:17,197 ERROR: vampire.server.feeding.FeedingRecord sendPlayerStartGameMsg [playerId=8401, prey=false, _predatorIndex=]
2009-05-04 13:52:55,973 ERROR: vampire.server.feeding.FeedingRecord sendPlayerStartGameMsg [playerId=187381, prey=true, _predatorIndex=]
2009-05-04 13:52:55,974 ERROR: vampire.server.feeding.FeedingRecord sendPlayerStartGameMsg [playerId=1020260, prey=false, _predatorIndex=]
2009-05-04 13:53:11,073 ERROR: vampire.server.feeding.FeedingRecord sendPlayerStartGameMsg [playerId=1222327, prey=false, _predatorIndex=]
2009-05-04 13:53:24,490 ERROR: vampire.server.feeding.FeedingRecord sendPlayerStartGameMsg [playerId=1217870, prey=false, _predatorIndex=366650]
2009-05-04 13:53:35,465 ERROR: vampire.server.feeding.FeedingRecord sendPlayerStartGameMsg [playerId=147246, prey=true, _predatorIndex=]
2009-05-04 13:53:35,466 ERROR: vampire.server.feeding.FeedingRecord sendPlayerStartGameMsg [playerId=68390, prey=false, _predatorIndex=]
2009-05-04 13:53:45,438 ERROR: vampire.server.feeding.FeedingRecord sendPlayerStartGameMsg [playerId=191984, prey=true, _predatorIndex=]
2009-05-04 13:53:45,438 ERROR: vampire.server.feeding.FeedingRecord sendPlayerStartGameMsg [playerId=447249, prey=false, _predatorIndex=]
2009-05-04 13:54:15,759 ERROR: vampire.server.feeding.FeedingRecord sendPlayerStartGameMsg [playerId=247084, prey=false, _predatorIndex=]
2009-05-04 13:54:27,597 ERROR: vampire.server.feeding.FeedingRecord sendPlayerStartGameMsg [playerId=247084, prey=false, _predatorIndex=366650,1217870]
2009-05-04 13:54:35,034 ERROR: vampire.server.feeding.FeedingRecord sendPlayerStartGameMsg [playerId=247084, prey=false, _predatorIndex=]
2009-05-04 13:54:45,736 ERROR: vampire.server.feeding.FeedingRecord sendPlayerStartGameMsg [playerId=1249173, prey=true, _predatorIndex=]
2009-05-04 13:54:45,737 ERROR: vampire.server.feeding.FeedingRecord sendPlayerStartGameMsg [playerId=546954, prey=false, _predatorIndex=]
2009-05-04 13:54:52,359 ERROR: vampire.server.feeding.FeedingRecord sendPlayerStartGameMsg [playerId=8401, prey=false, _predatorIndex=]
2009-05-04 13:55:51,406 ERROR: vampire.server.feeding.FeedingRecord sendPlayerStartGameMsg [playerId=402642, prey=true, _predatorIndex=]
2009-05-04 13:55:51,407 ERROR: vampire.server.feeding.FeedingRecord sendPlayerStartGameMsg [playerId=1020260, prey=false, _predatorIndex=]
2009-05-04 13:56:06,014 ERROR: vampire.server.feeding.FeedingRecord sendPlayerStartGameMsg [playerId=90041, prey=true, _predatorIndex=]
2009-05-04 13:56:06,014 ERROR: vampire.server.feeding.FeedingRecord sendPlayerStartGameMsg [playerId=187381, prey=false, _predatorIndex=]
2009-05-04 13:56:35,585 ERROR: vampire.server.feeding.FeedingRecord sendPlayerStartGameMsg [playerId=68390, prey=true, _predatorIndex=]
2009-05-04 13:56:35,585 ERROR: vampire.server.feeding.FeedingRecord sendPlayerStartGameMsg [playerId=5477, prey=false, _predatorIndex=]
2009-05-04 13:56:52,831 ERROR: vampire.server.feeding.FeedingRecord sendPlayerStartGameMsg [playerId=247084, prey=false, _predatorIndex=366650,1217870,247084]
2009-05-04 13:57:34,619 ERROR: vampire.server.feeding.FeedingRecord sendPlayerStartGameMsg [playerId=1249173, prey=false, _predatorIndex=]
2009-05-04 13:57:40,595 ERROR: vampire.server.feeding.FeedingRecord sendPlayerStartGameMsg [playerId=836050, prey=true, _predatorIndex=]
2009-05-04 13:57:40,596 ERROR: vampire.server.feeding.FeedingRecord sendPlayerStartGameMsg [playerId=247084, prey=false, _predatorIndex=]

>>>>BeginStats

>>>>BeginTable
PlayerId, StartTime, EndTime, ProgenyPayout, XPFromFeeding, FeedingGames, MeanFeedingScore, BloodBond, Progeny, GrandProgeny, Sire, Level, Invites
1019248, , , 115.7, 0, 0, 0, 0, 1, 0, 210163, , 
1020260, 1241469745796, 1241470616923, 0, 1157, 4, 269.25, 0, 0, 0, 1019248, 3, 
1021278, , , 19.5, 0, 0, 0, 0, 2, 2, 452296, , 
1022386, 1241468831066, 1241469716949, 0, 203, 2, 119.5, 0, 0, 0, 182431, 1, 
10260, 1241467906952, , 298.3, 3775, 8, 462.375, 1101, 7, 8, 713, 13, 2
103033, , , 267.3, 0, 0, 0, 0, 8, 6, 81899, , 
1044730, 1241467517806, 1241467715104, 0, 0, 0, 0, 0, 12, 1, 1010692, 6, 3
1051628, 1241469001320, 1241469018694, 0, 0, 0, 0, 0, 0, 0, 0, 1, 
1059336, 1241468166029, 1241468410063, 0, 105, 1, 105, 0, 0, 0, 0, 1, 
10628, 1241466921900, 1241468007243, 0, 206, 1, 121, 0, 0, 0, 1265, 4, 0
1062853, , , 19.900000000000002, 0, 0, 0, 0, 9, 11, 1124214, , 
10642, , , 41.150000000000006, 0, 0, 0, 0, 30, 15, 351598, , 
1077614, 1241470548146, 1241470561321, 0, 0, 0, 0, 0, 1, 0, 836050, 3, 
1082840, 1241466203558, 1241466513986, 0, 0, 0, 0, 0, 0, 0, 0, 1, 
1085689, 1241466373561, 1241466417380, 0, 0, 0, 0, 0, 0, 0, 1148755, 1, 
1086242, 1241470368948, 1241470411050, 0, 0, 0, 0, 0, 0, 0, 39030, 3, 
1088614, 1241470295995, , 0, 0, 0, 0, 0, 0, 0, 208217, 1, 0
1092321, , , 37.800000000000004, 0, 0, 0, 0, 24, 15, 35568, , 
110117, 1241466874508, 1241467208877, 0, 236, 1, 236, 0, 0, 0, 129764, 1, 
1110327, 1241469341764, 1241469416988, 0, 0, 0, 0, 0, 0, 0, 0, 1, 
1110484, 1241469168001, 1241469656961, 0, 398, 2, 199, 153097, 0, 0, 153097, 3, 
1111437, 1241468450543, , 34.5, 655, 5, 88.8, 0, 1, 0, 70997, 1, 0
1112884, 1241468984569, , 0, 0, 0, 0, 0, 0, 0, 1148755, 2, 0
113237, , , 99.75, 0, 0, 0, 0, 9, 12, 10642, , 
114128, 1241467998418, 1241468143990, 0, 0, 0, 0, 0, 0, 0, 0, 1, 
1143768, 1241470426520, 1241470441555, 0, 0, 0, 0, 0, 0, 0, 0, 1, 
1148098, 1241467760304, 1241468149272, 0, 195, 1, 173, 0, 2, 1, 1021278, 4, 
1148755, 1241466566908, 1241468216965, 0, 378, 1, 510, 0, 13, 1, 1092321, 5, 5
1159167, 1241470076556, , 0, 0, 0, 0, 0, 0, 0, 0, 1, 0
1164090, 1241470033384, 1241470645137, 0, 0, 0, 0, 0, 0, 0, 175754, 1, 
1173838, 1241468386641, 1241468876949, 0, 182, 2, 60, 0, 0, 0, 0, 1, 
1193591, 1241467137330, 1241467141413, 0, 0, 0, 0, 0, 0, 0, 0, 1, 
1196189, 1241466297330, 1241466837000, 0, 525, 2, 147, 0, 0, 0, 533, 1, 
12, , , 2618.449999999999, 0, 0, 0, 0, 20, 87, 383387, , 
1203484, 1241466692935, 1241467161403, 0, 473, 3, 124.33333333333333, 0, 0, 0, 30152, 2, 
1207233, 1241469223082, 1241469774403, 0, 0, 0, 0, 0, 1, 0, 239111, 2, 
1214750, 1241468453200, 1241468866670, 0, 0, 0, 0, 0, 0, 0, 0, 1, 
1216946, 1241469815713, 1241469930208, 0, 0, 0, 0, 0, 0, 0, 836050, 1, 
1217870, 1241470348400, , 0, 168, 1, 89, 0, 0, 0, 0, 1, 0
122012, 1241469572929, 1241469610020, 0, 0, 0, 0, 0, 0, 0, 217283, 1, 
1222327, 1241469076435, , 0, 839, 4, 175, 0, 0, 0, 0, 1, 0
1225761, 1241470284942, , 0, 0, 0, 0, 0, 0, 0, 8401, 1, 0
124503, , , 13.200000000000001, 0, 0, 0, 0, 3, 1, 170934, , 
1245435, 1241468646083, 1241469606986, 0, 345, 3, 121, 0, 0, 0, 1111437, 1, 
1249173, 1241470424451, , 0, 35, 1, 70, 0, 0, 0, 0, 1, 0
1249303, 1241469778303, 1241470016940, 0, 914, 6, 126.83333333333333, 0, 0, 0, 0, 1, 
1249365, 1241466975111, 1241466994518, 0, 0, 0, 0, 0, 0, 0, 0, 1, 
1249764, 1241470154044, , 0, 0, 0, 0, 0, 0, 0, 0, 1, 0
1250100, 1241469616135, 1241469645643, 0, 0, 0, 0, 0, 0, 0, 0, 1, 
1265, 1241469128264, 1241470447340, 50.2, 6555, 11, 768.6363636363636, 713, 15, 34, 12, 16, 3
127632, 1241468497012, 1241468855530, 0, 278, 1, 80, 0, 0, 0, 0, 1, 
127763, , , 118.6, 0, 0, 0, 0, 2, 5, 143278, , 
12791, 1241467042399, , 441.45000000000005, 4174, 8, 677.375, 0, 13, 22, 12, 12, 2
128794, , , 50.150000000000006, 0, 0, 0, 0, 2, 4, 93202, , 
129764, , , 23.6, 0, 0, 0, 0, 10, 0, 370341, , 
130730, 1241469825414, , 0, 427, 3, 125.66666666666667, 0, 0, 0, 0, 1, 0
131355, 1241466996512, 1241467344818, 0, 0, 0, 0, 0, 1, 2, 461901, 4, 0
142178, , , 36.7, 0, 0, 0, 0, 2, 17, 73621, , 
143528, 1241470583864, 1241470621357, 0, 0, 0, 0, 0, 0, 0, 561343, 1, 1
143734, 1241469274628, 1241469896984, 0, 584, 1, 190, 0, 0, 0, 0, 1, 
143937, 1241466442323, 1241468035333, 0, 627, 3, 188, 0, 0, 0, 7078, 4, 0
147246, 1241469020602, , 0, 948, 6, 188.5, 0, 0, 0, 68390, 1, 0
147628, , , 38.5, 0, 0, 0, 0, 6, 0, 63846, , 
149684, , , 8.1, 0, 0, 0, 0, 3, 4, 184167, , 
153097, , , 39.800000000000004, 0, 0, 0, 0, 11, 0, 1062853, , 
1531, 1241467474324, , 118.4, 3530, 7, 505, 503, 5, 14, 12, 14, 3
154004, 1241470093777, 1241470177915, 0, 0, 0, 0, 561706, 8, 5, 90041, 4, 0
164243, , , 100.30000000000001, 0, 0, 0, 0, 4, 2, 128794, , 
168395, 1241469265182, 1241469484840, 0, 383, 2, 202, 0, 0, 0, 46604, 4, 
168473, , , 88.5, 0, 0, 0, 0, 10, 3, 180508, , 
170191, , , 22.5, 0, 0, 0, 0, 3, 7, 202873, , 
170316, , , 698.5000000000001, 0, 0, 0, 0, 4, 2, 210210, , 
170934, , , 4.4, 0, 0, 0, 0, 7, 4, 49732, , 
171513, 1241469549136, 1241469771735, 0, 225, 1, 225, 0, 7, 7, 170191, 11, 2
174845, 1241468228637, 1241470291090, 0, 1986, 6, 222.5, 0, 0, 0, 52206, 4, 0
177916, , , 31.35, 0, 0, 0, 0, 4, 9, 202501, , 
18, 1241468663709, 1241470171080, 0, 1062, 5, 236.2, 0, 0, 0, 383387, 2, 0
180508, , , 33.25, 0, 0, 0, 0, 1, 10, 12791, , 
182431, 1241469065684, 1241469518965, 8.8, 88, 1, 51, 0, 1, 0, 124503, 3, 0
187381, 1241470253531, , 0, 429, 1, 311, 211710, 7, 4, 2843, 8, 1
1892, 1241467350547, , 163.7, 2581, 8, 386, 33511, 20, 6, 995, 12, 2
191950, , , 38.300000000000004, 0, 0, 0, 0, 1, 4, 191984, , 
191984, 1241467325060, , 19.150000000000002, 367, 1, 166, 191950, 17, 5, 142178, 9, 9
19205, 1241469590849, 1241470388486, 0, 2368, 5, 660.8, 0, 3, 2, 8842, 7, 1
199427, , , 764.3000000000002, 0, 0, 0, 0, 1, 3, 208602, , 
202327, 1241466737510, 1241469044378, 0, 69, 1, 22, 166836, 3, 3, 249362, 6, 1
20260, , , 201.45000000000002, 0, 0, 0, 0, 18, 12, 12, , 
202873, , , 11.25, 0, 0, 0, 0, 1, 3, 341164, , 
208602, , , 382.1500000000001, 0, 0, 0, 0, 7, 2, 351626, , 
210163, , , 57.85, 0, 0, 0, 0, 12, 1, 255725, , 
210210, , , 349.25000000000006, 0, 0, 0, 0, 4, 4, 381607, , 
214539, , , 3.6500000000000004, 0, 0, 0, 0, 1, 2, 72070, , 
217283, 1241467044166, 1241467406525, 0, 0, 0, 0, 532467, 48, 21, 57393, 12, 14
218183, 1241467879101, 1241467887042, 0, 0, 0, 0, 0, 0, 0, 0, 1, 
220964, , , 38.550000000000004, 0, 0, 0, 0, 5, 7, 143501, , 
222826, , , 99.3, 0, 0, 0, 0, 1, 1, 102942, , 
224790, 1241470055332, 1241470067836, 0, 0, 0, 0, 0, 0, 0, 0, 1, 0
238, 1241468056199, 1241468291052, 0, 297, 1, 297, 0, 0, 0, 12791, 4, 0
247084, 1241469749682, , 0, 1637, 10, 173.3, 0, 0, 0, 1892, 4, 0
247992, , , 7.300000000000001, 0, 0, 0, 0, 2, 3, 214539, , 
249362, , , 6.9, 0, 0, 0, 0, 1, 3, 12791, , 
254186, 1241466983169, 1241467406080, 0, 360, 2, 199, 268558, 3, 0, 477335, 7, 1
258951, , , 59.2, 0, 0, 0, 0, 22, 26, 1265, , 
280455, 1241469232554, 1241470096706, 0, 771, 2, 364, 0, 0, 0, 386780, 3, 0
283054, 1241468251686, 1241468324846, 0, 0, 0, 0, 0, 0, 0, 220457, 1, 0
2843, , , 193.8, 0, 0, 0, 0, 8, 33, 3383, , 
284839, 1241469428990, 1241470349214, 0, 102, 1, 111, 0, 0, 0, 340930, 3, 0
295964, 1241468042854, 1241468253910, 0, 0, 0, 0, 0, 0, 0, 70997, 2, 
30152, 1241467029436, 1241467325520, 47.300000000000004, 0, 0, 0, 0, 4, 0, 40683, 6, 4
30940, 1241467846732, 1241467915883, 0, 0, 0, 0, 0, 0, 0, 8842, 2, 
32169, 1241468823544, , 0, 2983, 6, 348.1666666666667, 219, 7, 0, 10260, 12, 4
33541, 1241469643473, , 0, 2470, 5, 375.6, 0, 1, 2, 12, 8, 1
336228, , , 30.55, 0, 0, 0, 0, 9, 13, 307471, , 
3383, 1241469698615, 1241469721245, 96.9, 4083, 6, 511.6666666666667, 8842, 6, 10, 12791, 15, 2
340930, , , 10.200000000000001, 0, 0, 0, 0, 1, 0, 52887, , 
34108, , , 16.2, 0, 0, 0, 0, 4, 0, 149684, , 
349289, 1241469664580, 1241469949572, 0, 135, 1, 136, 0, 0, 0, 68390, 1, 
351430, , , 61.1, 0, 0, 0, 0, 11, 9, 336228, , 
35568, , , 18.900000000000002, 0, 0, 0, 0, 1, 24, 258951, , 
365721, 1241470313171, 1241470323267, 0, 0, 0, 0, 0, 0, 0, 423714, 3, 1
366650, 1241469675110, , 0, 6985, 26, 286.26923076923083, 52818, 2, 0, 170316, 4, 2
367452, , , 237.2, 0, 0, 0, 0, 5, 3, 127763, , 
370341, , , 11.8, 0, 0, 0, 0, 1, 10, 326885, , 
372191, 1241469458816, 1241469741106, 0, 0, 0, 0, 0, 5, 4, 425071, 5, 1
37261, 1241467851161, 1241468029892, 0, 0, 0, 0, 0, 0, 0, 1237789, 4, 
383387, , , 1023.4999999999999, 0, 0, 0, 0, 7, 56, 0, , 
386780, , , 77.10000000000001, 0, 0, 0, 0, 7, 0, 220964, , 
397835, , , 300.8, 0, 0, 0, 0, 5, 28, 47379, , 
402642, 1241470485938, , 0, 73, 1, 145, 0, 3, 3, 247992, 4, 0
404364, 1241468388963, 1241469900114, 0, 706, 6, 123.83333333333333, 0, 0, 0, 0, 1, 
40683, , , 23.650000000000002, 0, 0, 0, 0, 1, 4, 388185, , 
4139, 1241469535217, , 0, 2983, 6, 379.6666666666667, 44987, 21, 23, 713, 17, 3
4141, 1241467846758, 1241468083931, 0, 0, 0, 0, 0, 0, 0, 2796, 1, 
42736, 1241466525725, 1241466528247, 0, 0, 0, 0, 93562, 2, 3, 133482, 4, 1
447249, 1241470341348, , 0, 7643, 13, 602.1538461538462, 10642, 3, 3, 199427, 14, 2
452296, , , 9.75, 0, 0, 0, 0, 9, 2, 103144, , 
462408, 1241470123484, , 0, 383, 1, 476, 121604, 4, 1, 191950, 10, 2
46604, , , 38.3, 0, 0, 0, 0, 2, 0, 921283, , 
47379, , , 136.5, 0, 0, 0, 0, 4, 5, 54776, , 
477335, , , 36, 0, 0, 0, 0, 2, 3, 88917, , 
503425, 1241470661624, , 0, 0, 0, 0, 430717, 0, 0, 39171, 4, 0
52206, , , 198.6, 0, 0, 0, 0, 1, 0, 222826, , 
52818, 1241468009634, , 0, 2372, 8, 289.25, 366650, 3, 0, 367452, 4, 0
52887, , , 5.1000000000000005, 0, 0, 0, 0, 3, 1, 237967, , 
533, 1241465963908, , 52.5, 1752, 4, 487, 535, 9, 11, 20260, 12, 2
540887, 1241469643838, 1241469846696, 0, 385, 2, 138.5, 0, 0, 0, 147628, 2, 
545771, 1241466844050, 1241467052294, 0, 162, 1, 163, 0, 0, 0, 34108, 3, 0
546954, 1241469926357, 1241470550779, 0, 325, 1, 82, 0, 0, 0, 836050, 1, 
5477, 1241470431891, , 0, 0, 0, 0, 0, 0, 0, 0, 1, 0
54776, 1241466751129, 1241467817560, 0, 0, 0, 0, 1062, 72, 32, 89757, 15, 3
565767, 1241466342866, 1241466542108, 0, 0, 0, 0, 0, 0, 0, 0, 1, 
586681, , , 49.800000000000004, 0, 0, 0, 0, 6, 8, 10642, , 
59431, 1241467077152, 1241467090458, 0, 0, 0, 0, 0, 0, 0, 0, 1, 0
624485, 1241469120467, 1241469237798, 0, 0, 0, 0, 0, 0, 0, 562953, 1, 
63846, , , 19.25, 0, 0, 0, 0, 1, 6, 65246, , 
68390, 1241469524404, , 44, 665, 5, 121, 0, 2, 0, 168473, 2, 0
7078, , , 62.7, 0, 0, 0, 0, 9, 4, 177916, , 
70816, 1241467601783, 1241468265430, 0, 839, 3, 149.33333333333334, 0, 0, 0, 0, 1, 
70997, 1241469653568, , 72.85000000000001, 2730, 8, 539.875, 1010692, 28, 31, 397835, 11, 2
713, 1241467595785, , 824.9500000000002, 1617, 3, 457.3333333333333, 1265, 10, 66, 12, 18, 6
73481, 1241467235327, 1241468568645, 0, 1003, 5, 192.2, 0, 2, 1, 164243, 4, 0
73621, , , 18.35, 0, 0, 0, 0, 2, 2, 112194, , 
75123, 1241466816352, , 0, 1509, 3, 467.6666666666667, 101358, 14, 14, 2843, 12, 4
77, 1241469088743, 1241469122433, 0, 0, 0, 0, 171151, 11, 2, 12770, 14, 2
81899, , , 133.65, 0, 0, 0, 0, 5, 8, 802319, , 
836050, 1241470411167, , 134.5, 325, 1, 520, 592692, 12, 1, 113237, 7, 2
8401, 1241470309485, , 0, 2673, 8, 335.125, 413254, 6, 1, 103033, 5, 4
8527, 1241470423641, 1241470473798, 0, 0, 0, 0, 0, 1, 0, 503, 8, 1
87714, 1241466143672, , 0, 611, 2, 340, 0, 9, 3, 351430, 9, 6
8842, , , 236.8, 0, 0, 0, 0, 12, 22, 1531, , 
885698, 1241467989002, , 0, 1020, 4, 327.25, 891151, 0, 0, 836050, 4, 0
88917, , , 18, 0, 0, 0, 0, 3, 2, 372191, , 
89322, 1241470366504, , 0, 0, 0, 0, 0, 0, 0, 0, 1, 0
90041, 1241469777944, , 0, 592, 2, 414, 175933, 6, 8, 258951, 11, 12
921283, , , 19.15, 0, 0, 0, 0, 4, 2, 338409, , 
926905, 1241468402538, 1241468405693, 0, 0, 0, 0, 0, 0, 0, 0, 1, 
95479, 1241469365927, 1241469658070, 0, 498, 2, 290.5, 0, 8, 2, 586681, 6, 1
977713, 1241467586280, 1241467598809, 0, 0, 0, 0, 0, 0, 0, 0, 1, 
995, , , 339.95000000000005, 0, 0, 0, 0, 11, 20, 12, , 
<<<<EndTable

PlayersOnlineNow=39
PlayersOnlineEachMinute=0, 3, 4, 6, 6, 8, 8, 8, 9, 11, 13, 12, 11, 11, 13, 14, 16, 16, 17, 19, 22, 22, 20, 21, 21, 21, 19, 21, 22, 24, 27, 25, 25, 27, 28, 28, 28, 26, 25, 25, 24, 22, 24, 24, 25, 24, 24, 25, 25, 26, 26, 26, 26, 26, 28, 30, 32, 34, 34, 36, 38, 39, 40, 38, 40, 33, 37, 36, 33, 34, 34, 36, 35, 36, 39, 41, 44, 42, 41, 41
PlayersInEachFeedingGame=2, 2, 1, 2, 1, 2, 2, 1, 1, 2, 2, 2, 1, 1, 2, 1, 2, 1, 2, 1, 2, 1, 2, 1, 2, 2, 2, 2, 2, 2, 1, 1, 2, 1, 1, 2, 1, 1, 2, 2, 2, 2, 2, 1, 1, 2, 2, 2, 2, 2, 1, 2, 2, 1, 1, 1, 2, 2, 2, 1, 2, 2, 2, 2, 1, 2, 2, 2, 2, 2, 2, 2, 2, 2, 2, 2, 1, 2, 6, 2, 2, 2, 1, 2, 2, 2, 2, 1, 2, 2, 1, 3, 1, 2, 2, 1, 1, 1, 2, 2, 1, 2, 2, 1, 1, 2, 2, 2, 2, 1, 2
PlayersStarted=174
PlayersQuit=135
StatsStartTime=1241465875689
StatsDumpTime=1241470675942
<<<<EndStats
2009-05-04 13:58:07,784 ERROR: vampire.server.feeding.FeedingRecord sendPlayerStartGameMsg [playerId=89322, prey=true, _predatorIndex=]
2009-05-04 13:58:07,785 ERROR: vampire.server.feeding.FeedingRecord sendPlayerStartGameMsg [playerId=462408, prey=false, _predatorIndex=]
2009-05-04 13:58:34,552 ERROR: vampire.server.feeding.FeedingRecord sendPlayerStartGameMsg [playerId=402642, prey=true, _predatorIndex=]
2009-05-04 13:58:34,558 ERROR: vampire.server.feeding.FeedingRecord sendPlayerStartGameMsg [playerId=130730, prey=false, _predatorIndex=]
2009-05-04 13:58:41,061 ERROR: vampire.server.feeding.FeedingRecord sendPlayerStartGameMsg [playerId=19205, prey=false, _predatorIndex=12791,32169,4139,1531,19205,33541,1265]
2009-05-04 13:58:57,299 ERROR: vampire.server.feeding.FeedingRecord sendPlayerStartGameMsg [playerId=503425, prey=false, _predatorIndex=1249173]
2009-05-04 13:59:22,489 ERROR: vampire.server.feeding.FeedingRecord sendPlayerStartGameMsg [playerId=1217870, prey=false, _predatorIndex=366650,1217870,247084]
2009-05-04 14:00:01,316 ERROR: vampire.server.feeding.FeedingRecord sendPlayerStartGameMsg [playerId=157404, prey=false, _predatorIndex=366650,1217870,247084]
2009-05-04 14:00:28,509 ERROR: vampire.server.feeding.FeedingRecord sendPlayerStartGameMsg [playerId=68390, prey=true, _predatorIndex=]
2009-05-04 14:00:28,509 ERROR: vampire.server.feeding.FeedingRecord sendPlayerStartGameMsg [playerId=247084, prey=false, _predatorIndex=]
2009-05-04 14:00:40,767 ERROR: vampire.server.feeding.FeedingRecord sendPlayerStartGameMsg [playerId=8401, prey=false, _predatorIndex=]
2009-05-04 14:00:45,021 ERROR: vampire.server.feeding.FeedingRecord sendPlayerStartGameMsg [playerId=90041, prey=true, _predatorIndex=]
2009-05-04 14:00:45,022 ERROR: vampire.server.feeding.FeedingRecord sendPlayerStartGameMsg [playerId=187381, prey=false, _predatorIndex=]
2009-05-04 14:00:53,611 ERROR: vampire.server.feeding.FeedingRecord sendPlayerStartGameMsg [playerId=89322, prey=true, _predatorIndex=]
2009-05-04 14:00:53,611 ERROR: vampire.server.feeding.FeedingRecord sendPlayerStartGameMsg [playerId=836050, prey=false, _predatorIndex=]
2009-05-04 14:01:49,816 ERROR: vampire.server.feeding.FeedingRecord sendPlayerStartGameMsg [playerId=247084, prey=false, _predatorIndex=247084]
2009-05-04 14:02:09,002 ERROR: vampire.server.feeding.FeedingRecord sendPlayerStartGameMsg [playerId=23340, prey=false, _predatorIndex=]
2009-05-04 14:02:15,463 ERROR: vampire.server.feeding.FeedingRecord sendPlayerStartGameMsg [playerId=52818, prey=true, _predatorIndex=]
2009-05-04 14:02:15,463 ERROR: vampire.server.feeding.FeedingRecord sendPlayerStartGameMsg [playerId=130730, prey=false, _predatorIndex=]
2009-05-04 14:02:39,337 ERROR: vampire.server.feeding.FeedingRecord sendPlayerStartGameMsg [playerId=366650, prey=false, _predatorIndex=836050]
2009-05-04 14:02:55,014 ERROR: vampire.server.feeding.FeedingRecord sendPlayerStartGameMsg [playerId=1217870, prey=false, _predatorIndex=366650,1217870,247084,157404]
2009-05-04 14:04:40,002 ERROR: vampire.server.feeding.FeedingRecord sendPlayerStartGameMsg [playerId=1021250, prey=false, _predatorIndex=]
2009-05-04 14:05:12,925 ERROR: vampire.server.feeding.FeedingRecord sendPlayerStartGameMsg [playerId=1222327, prey=false, _predatorIndex=]
2009-05-04 14:05:38,804 ERROR: vampire.server.feeding.FeedingRecord sendPlayerStartGameMsg [playerId=447249, prey=true, _predatorIndex=]
2009-05-04 14:05:38,805 ERROR: vampire.server.feeding.FeedingRecord sendPlayerStartGameMsg [playerId=402642, prey=false, _predatorIndex=]
2009-05-04 14:05:44,756 ERROR: vampire.server.feeding.FeedingRecord sendPlayerStartGameMsg [playerId=8401, prey=true, _predatorIndex=]
2009-05-04 14:05:44,757 ERROR: vampire.server.feeding.FeedingRecord sendPlayerStartGameMsg [playerId=1159167, prey=false, _predatorIndex=]
2009-05-04 14:05:46,430 ERROR: vampire.server.feeding.FeedingRecord sendPlayerStartGameMsg [playerId=1249506, prey=false, _predatorIndex=1021250]
2009-05-04 14:06:49,821 ERROR: vampire.server.feeding.FeedingRecord sendPlayerStartGameMsg [playerId=462408, prey=true, _predatorIndex=]
2009-05-04 14:06:49,822 ERROR: vampire.server.feeding.FeedingRecord sendPlayerStartGameMsg [playerId=402642, prey=false, _predatorIndex=]
2009-05-04 14:06:52,493 ERROR: vampire.server.feeding.FeedingRecord sendPlayerStartGameMsg [playerId=130730, prey=false, _predatorIndex=23340]
2009-05-04 14:07:22,567 ERROR: vampire.server.feeding.FeedingRecord sendPlayerStartGameMsg [playerId=1082674, prey=false, _predatorIndex=]
2009-05-04 14:07:52,561 ERROR: vampire.server.feeding.FeedingRecord sendPlayerStartGameMsg [playerId=130730, prey=false, _predatorIndex=]

>>>>BeginStats

>>>>BeginTable
PlayerId, StartTime, EndTime, ProgenyPayout, XPFromFeeding, FeedingGames, MeanFeedingScore, BloodBond, Progeny, GrandProgeny, Sire, Level, Invites
1019248, , , 115.7, 0, 0, 0, 0, 1, 0, 210163, , 
1020260, 1241469745796, 1241470616923, 0, 1157, 4, 269.25, 0, 0, 0, 1019248, 3, 
1021250, 1241471001392, , 0, 95, 1, 95, 0, 0, 0, 0, 1, 0
1021278, , , 19.5, 0, 0, 0, 0, 2, 2, 452296, , 
1022386, 1241468831066, 1241469716949, 0, 203, 2, 119.5, 0, 0, 0, 182431, 1, 
10260, 1241467906952, , 469.70000000000005, 5489, 12, 445.1666666666667, 1101, 7, 8, 713, 13, 2
103033, , , 347.25000000000006, 0, 0, 0, 0, 8, 7, 81899, , 
1044730, 1241467517806, 1241467715104, 0, 0, 0, 0, 0, 12, 1, 1010692, 6, 3
1051628, 1241469001320, 1241469018694, 0, 0, 0, 0, 0, 0, 0, 0, 1, 
1059336, 1241468166029, 1241468410063, 0, 105, 1, 105, 0, 0, 0, 0, 1, 
1059384, 1241471267853, 1241471268592, 0, 0, 0, 0, 0, 0, 0, 0, 1, 
10628, 1241466921900, 1241468007243, 0, 206, 1, 121, 0, 0, 0, 1265, 4, 0
1062853, , , 19.900000000000002, 0, 0, 0, 0, 9, 11, 1124214, , 
10642, 1241470960600, , 102.2, 0, 0, 0, 447249, 30, 46, 351598, 15, 2
1077614, 1241470548146, 1241470561321, 0, 0, 0, 0, 0, 1, 0, 836050, 3, 
1082674, 1241471184710, , 0, 0, 0, 0, 0, 0, 0, 0, 1, 0
1082840, 1241466203558, 1241466513986, 0, 0, 0, 0, 0, 0, 0, 0, 1, 
1085689, 1241466373561, 1241466417380, 0, 0, 0, 0, 0, 0, 0, 1148755, 1, 
1086242, 1241470368948, 1241470411050, 0, 0, 0, 0, 0, 0, 0, 39030, 3, 
1088614, 1241470295995, 1241471125322, 0, 0, 0, 0, 0, 0, 0, 208217, 1, 
1092321, , , 37.800000000000004, 0, 0, 0, 0, 24, 15, 35568, , 
110117, 1241466874508, 1241467208877, 0, 236, 1, 236, 0, 0, 0, 129764, 1, 
1110327, 1241469341764, 1241469416988, 0, 0, 0, 0, 0, 0, 0, 0, 1, 
1110484, 1241469168001, 1241469656961, 0, 398, 2, 199, 153097, 0, 0, 153097, 3, 
1111437, 1241468450543, , 34.5, 655, 5, 88.8, 0, 1, 0, 70997, 1, 0
1112884, 1241468984569, 1241470916942, 0, 0, 0, 0, 0, 0, 0, 1148755, 2, 
1116105, 1241471270341, , 0, 0, 0, 0, 0, 0, 0, 303737, 2, 0
113237, , , 221.85, 0, 0, 0, 0, 9, 12, 10642, , 
114128, 1241467998418, 1241468143990, 0, 0, 0, 0, 0, 0, 0, 0, 1, 
1143768, 1241470426520, 1241470441555, 0, 0, 0, 0, 0, 0, 0, 0, 1, 
1146252, 1241471054531, , 0, 0, 0, 0, 1192337, 1, 0, 3811, 5, 1
1148098, 1241467760304, 1241468149272, 0, 195, 1, 173, 0, 2, 1, 1021278, 4, 
1148755, 1241466566908, 1241468216965, 0, 378, 1, 510, 0, 13, 1, 1092321, 5, 5
1159167, 1241470934990, , 0, 381, 1, 142, 0, 0, 0, 8401, 1, 0
1164090, 1241470033384, 1241470645137, 0, 0, 0, 0, 0, 0, 0, 175754, 1, 
1173838, 1241468386641, 1241468876949, 0, 182, 2, 60, 0, 0, 0, 0, 1, 
1193591, 1241467137330, 1241467141413, 0, 0, 0, 0, 0, 0, 0, 0, 1, 
1196189, 1241466297330, 1241466837000, 0, 525, 2, 147, 0, 0, 0, 533, 1, 
12, , , 3083.8499999999995, 0, 0, 0, 0, 20, 87, 383387, , 
1203484, 1241466692935, 1241467161403, 0, 473, 3, 124.33333333333333, 0, 0, 0, 30152, 2, 
1207233, 1241469223082, 1241469774403, 0, 0, 0, 0, 0, 1, 0, 239111, 2, 
1214750, 1241468453200, 1241468866670, 0, 0, 0, 0, 0, 0, 0, 0, 1, 
1216946, 1241469815713, 1241469930208, 0, 0, 0, 0, 0, 0, 0, 836050, 1, 
1217870, 1241470348400, 1241471069278, 0, 299, 2, 118, 0, 0, 0, 0, 1, 
122012, 1241469572929, 1241469610020, 0, 0, 0, 0, 0, 0, 0, 217283, 1, 
1222327, 1241469076435, , 0, 1463, 8, 165.5, 0, 0, 0, 0, 2, 0
122401, 1241471219869, , 0, 0, 0, 0, 0, 0, 0, 116762, 3, 0
1225761, 1241470284942, , 0, 0, 0, 0, 0, 0, 0, 8401, 1, 0
124503, , , 13.200000000000001, 0, 0, 0, 0, 3, 1, 170934, , 
1245435, 1241468646083, 1241469606986, 0, 345, 3, 121, 0, 0, 0, 1111437, 1, 
1249173, 1241470424451, , 0, 147, 2, 91, 0, 0, 0, 0, 1, 0
1249303, 1241469778303, 1241470016940, 0, 914, 6, 126.83333333333333, 0, 0, 0, 0, 1, 
1249365, 1241466975111, 1241466994518, 0, 0, 0, 0, 0, 0, 0, 0, 1, 
1249506, 1241470956441, , 0, 0, 0, 0, 0, 0, 0, 0, 1, 0
1249764, 1241470154044, 1241470846451, 0, 0, 0, 0, 0, 0, 0, 0, 1, 
1250100, 1241469616135, 1241469645643, 0, 0, 0, 0, 0, 0, 0, 0, 1, 
1250809, 1241470909325, 1241470979374, 0, 0, 0, 0, 0, 0, 0, 33995, 1, 
1250868, 1241471062171, 1241471085617, 0, 0, 0, 0, 0, 0, 0, 0, 1, 
1265, 1241469128264, 1241470447340, 68.2, 6555, 11, 768.6363636363636, 713, 15, 34, 12, 16, 3
127632, 1241468497012, 1241468855530, 0, 278, 1, 80, 0, 0, 0, 0, 1, 
127763, , , 128.65, 0, 0, 0, 0, 2, 6, 143278, , 
12791, 1241467042399, , 441.45000000000005, 4174, 8, 677.375, 0, 13, 22, 12, 12, 2
128794, , , 50.150000000000006, 0, 0, 0, 0, 2, 4, 93202, , 
129764, , , 23.6, 0, 0, 0, 0, 10, 0, 370341, , 
130730, 1241469825414, , 0, 753, 5, 127.8, 0, 0, 0, 402642, 1, 0
131355, 1241466996512, 1241467344818, 0, 0, 0, 0, 0, 1, 2, 461901, 4, 0
142178, , , 36.7, 0, 0, 0, 0, 2, 17, 73621, , 
143528, 1241470583864, 1241470621357, 0, 0, 0, 0, 0, 0, 0, 561343, 1, 1
143734, 1241469274628, 1241469896984, 0, 584, 1, 190, 0, 0, 0, 0, 1, 
143937, 1241466442323, 1241468035333, 0, 627, 3, 188, 0, 0, 0, 7078, 4, 0
147246, 1241469020602, 1241470676922, 0, 948, 6, 188.5, 0, 0, 0, 68390, 1, 
147628, , , 38.5, 0, 0, 0, 0, 6, 0, 63846, , 
149684, , , 8.1, 0, 0, 0, 0, 3, 4, 184167, , 
153097, , , 39.800000000000004, 0, 0, 0, 0, 11, 0, 1062853, , 
1531, 1241467474324, , 182.70000000000002, 4756, 10, 502, 503, 5, 14, 12, 14, 3
154004, 1241470093777, 1241470177915, 0, 0, 0, 0, 561706, 8, 5, 90041, 4, 0
157404, 1241470702085, 1241471105010, 0, 229, 2, 106.5, 0, 0, 0, 0, 1, 
164243, , , 100.30000000000001, 0, 0, 0, 0, 4, 2, 128794, , 
168395, 1241469265182, 1241469484840, 0, 383, 2, 202, 0, 0, 0, 46604, 4, 
168473, , , 105.45, 0, 0, 0, 0, 10, 4, 180508, , 
170191, , , 22.5, 0, 0, 0, 0, 3, 7, 202873, , 
170316, , , 730.0000000000001, 0, 0, 0, 0, 4, 2, 210210, , 
170934, , , 4.4, 0, 0, 0, 0, 7, 4, 49732, , 
171513, 1241469549136, 1241469771735, 0, 225, 1, 225, 0, 7, 7, 170191, 11, 2
174845, 1241468228637, 1241470291090, 0, 1986, 6, 222.5, 0, 0, 0, 52206, 4, 0
177916, , , 31.35, 0, 0, 0, 0, 4, 9, 202501, , 
18, 1241468663709, 1241470171080, 0, 1062, 5, 236.2, 0, 0, 0, 383387, 2, 0
180508, , , 40.050000000000004, 0, 0, 0, 0, 1, 10, 12791, , 
182431, 1241469065684, 1241469518965, 8.8, 88, 1, 51, 0, 1, 0, 124503, 3, 0
187381, 1241470253531, , 0, 789, 3, 202.66666666666666, 211710, 7, 4, 2843, 8, 1
1892, 1241467350547, 1241471203908, 219.79999999999998, 2581, 8, 386, 33511, 20, 6, 995, 12, 2
191950, , , 66.30000000000001, 0, 0, 0, 0, 1, 4, 191984, , 
191984, 1241467325060, , 33.150000000000006, 367, 1, 166, 191950, 17, 5, 142178, 9, 9
19205, 1241470710638, , 0, 3654, 8, 548.625, 0, 3, 2, 8842, 8, 1
199427, , , 764.3000000000002, 0, 0, 0, 0, 1, 3, 208602, , 
202327, 1241466737510, 1241469044378, 0, 69, 1, 22, 166836, 3, 3, 249362, 6, 1
20260, , , 201.45000000000002, 0, 0, 0, 0, 18, 13, 12, , 
202873, , , 11.25, 0, 0, 0, 0, 1, 3, 341164, , 
206799, 1241471157873, 1241471171752, 0, 0, 0, 0, 0, 0, 0, 0, 1, 
208602, , , 382.1500000000001, 0, 0, 0, 0, 7, 2, 351626, , 
209166, 1241471210704, , 0, 0, 0, 0, 0, 0, 0, 0, 1, 0
210163, , , 57.85, 0, 0, 0, 0, 12, 1, 255725, , 
210210, , , 365.00000000000006, 0, 0, 0, 0, 4, 4, 381607, , 
2108, 1241470929779, 1241471086856, 0, 0, 0, 0, 198620, 4, 0, 1090442, 4, 
214539, , , 9.9, 0, 0, 0, 0, 1, 2, 72070, , 
217283, 1241471033603, 1241471086385, 0, 0, 0, 0, 532467, 48, 21, 57393, 12, 15
218183, 1241467879101, 1241467887042, 0, 0, 0, 0, 0, 0, 0, 0, 1, 
220964, , , 38.550000000000004, 0, 0, 0, 0, 5, 7, 143501, , 
222826, , , 99.3, 0, 0, 0, 0, 1, 1, 102942, , 
224790, 1241470055332, 1241470067836, 0, 0, 0, 0, 0, 0, 0, 0, 1, 0
23340, 1241470813097, , 0, 619, 1, 619, 0, 10, 14, 383387, 20, 11
238, 1241468056199, 1241468291052, 0, 297, 1, 297, 0, 0, 0, 12791, 4, 0
247084, 1241469749682, 1241470976945, 0, 2198, 11, 174.0909090909091, 0, 0, 0, 1892, 4, 0
247992, , , 36.1, 0, 0, 0, 0, 2, 4, 214539, , 
249362, , , 6.9, 0, 0, 0, 0, 1, 3, 12791, , 
254186, 1241466983169, 1241467406080, 0, 360, 2, 199, 268558, 3, 0, 477335, 7, 1
258951, , , 95.2, 0, 0, 0, 0, 22, 26, 1265, , 
280455, 1241469232554, 1241470096706, 0, 771, 2, 364, 0, 0, 0, 386780, 3, 0
283054, 1241468251686, 1241468324846, 0, 0, 0, 0, 0, 0, 0, 220457, 1, 0
2843, , , 229.8, 0, 0, 0, 0, 8, 33, 3383, , 
284839, 1241469428990, 1241470349214, 0, 102, 1, 111, 0, 0, 0, 340930, 3, 0
295964, 1241468042854, 1241468253910, 0, 0, 0, 0, 0, 0, 0, 70997, 2, 
30152, 1241467029436, 1241467325520, 47.300000000000004, 0, 0, 0, 0, 4, 0, 40683, 6, 4
30940, 1241467846732, 1241467915883, 0, 0, 0, 0, 0, 0, 0, 8842, 2, 
32169, 1241468823544, , 0, 4697, 10, 365.2, 219, 7, 0, 10260, 12, 4
33541, 1241469643473, , 0, 4184, 9, 382.22222222222223, 0, 1, 2, 12, 8, 1
336228, , , 30.55, 0, 0, 0, 0, 9, 13, 307471, , 
3383, 1241469698615, 1241469721245, 114.9, 4083, 6, 511.6666666666667, 8842, 6, 10, 12791, 15, 2
340930, , , 10.200000000000001, 0, 0, 0, 0, 1, 0, 52887, , 
34108, , , 16.2, 0, 0, 0, 0, 4, 0, 149684, , 
349289, 1241469664580, 1241469949572, 0, 135, 1, 136, 0, 0, 0, 68390, 1, 
351430, , , 61.1, 0, 0, 0, 0, 11, 9, 336228, , 
35568, , , 18.900000000000002, 0, 0, 0, 0, 1, 24, 258951, , 
365721, 1241470313171, 1241470323267, 0, 0, 0, 0, 0, 0, 0, 423714, 3, 1
366650, 1241469675110, , 0, 7300, 28, 281.4642857142858, 52818, 2, 0, 170316, 5, 2
367452, , , 257.3, 0, 0, 0, 0, 5, 3, 127763, , 
370341, , , 11.8, 0, 0, 0, 0, 1, 10, 326885, , 
372191, 1241469458816, 1241469741106, 0, 0, 0, 0, 0, 5, 4, 425071, 5, 1
37261, 1241467851161, 1241468029892, 0, 0, 0, 0, 0, 0, 0, 1237789, 4, 
383387, , , 1232.3999999999999, 0, 0, 0, 0, 7, 56, 0, , 
386780, , , 77.10000000000001, 0, 0, 0, 0, 7, 0, 220964, , 
397835, , , 300.8, 0, 0, 0, 0, 5, 28, 47379, , 
402642, 1241470485938, , 32.6, 198, 2, 138, 0, 4, 3, 247992, 4, 0
404364, 1241468388963, 1241469900114, 0, 706, 6, 123.83333333333333, 0, 0, 0, 0, 1, 
40683, , , 23.650000000000002, 0, 0, 0, 0, 1, 4, 388185, , 
4139, 1241469535217, , 0, 4697, 10, 445.6, 44987, 21, 23, 713, 17, 3
4141, 1241467846758, 1241468083931, 0, 0, 0, 0, 0, 0, 0, 2796, 1, 
42736, 1241466525725, 1241466528247, 0, 0, 0, 0, 93562, 2, 3, 133482, 4, 1
447249, 1241470341348, , 0, 7643, 13, 602.1538461538462, 10642, 3, 3, 199427, 14, 2
452296, , , 9.75, 0, 0, 0, 0, 9, 4, 103144, , 
462408, 1241470123484, , 0, 663, 2, 481, 121604, 4, 1, 191950, 10, 2
46604, , , 38.3, 0, 0, 0, 0, 2, 0, 921283, , 
47379, , , 136.5, 0, 0, 0, 0, 4, 5, 54776, , 
477335, , , 36, 0, 0, 0, 0, 2, 3, 88917, , 
503425, 1241470661624, 1241470854294, 0, 0, 0, 0, 430717, 0, 0, 39171, 4, 0
52206, , , 198.6, 0, 0, 0, 0, 1, 0, 222826, , 
52818, 1241468009634, , 0, 2573, 9, 285.8888888888889, 366650, 3, 0, 367452, 4, 0
52887, , , 5.1000000000000005, 0, 0, 0, 0, 3, 1, 237967, , 
533, 1241465963908, , 52.5, 1752, 4, 487, 535, 9, 11, 20260, 12, 2
540887, 1241469643838, 1241469846696, 0, 385, 2, 138.5, 0, 0, 0, 147628, 2, 
545771, 1241466844050, 1241467052294, 0, 162, 1, 163, 0, 0, 0, 34108, 3, 0
546037, 1241470905396, , 0, 0, 0, 0, 0, 0, 0, 0, 1, 0
546954, 1241469926357, 1241470550779, 0, 325, 1, 82, 0, 0, 0, 836050, 1, 
5477, 1241470431891, 1241470895175, 0, 67, 1, 58, 0, 0, 0, 68390, 1, 
54776, 1241466751129, 1241467817560, 0, 0, 0, 0, 1062, 72, 32, 89757, 15, 3
565767, 1241466342866, 1241466542108, 0, 0, 0, 0, 0, 0, 0, 0, 1, 
586681, , , 49.800000000000004, 0, 0, 0, 0, 6, 8, 10642, , 
59431, 1241467077152, 1241467090458, 0, 0, 0, 0, 0, 0, 0, 0, 1, 0
624485, 1241469120467, 1241469237798, 0, 0, 0, 0, 0, 0, 0, 562953, 1, 
63846, , , 19.25, 0, 0, 0, 0, 1, 6, 65246, , 
68390, 1241469524404, 1241470997371, 50.7, 801, 7, 117, 0, 3, 0, 168473, 2, 
7078, , , 62.7, 0, 0, 0, 0, 9, 4, 177916, , 
70816, 1241467601783, 1241468265430, 0, 839, 3, 149.33333333333334, 0, 0, 0, 0, 1, 
70997, 1241469653568, , 72.85000000000001, 2730, 8, 539.875, 1010692, 28, 31, 397835, 11, 2
713, 1241467595785, , 1253.45, 1617, 3, 457.3333333333333, 1265, 10, 66, 12, 18, 6
73306, 1241470706535, , 0, 0, 0, 0, 0, 0, 0, 39030, 2, 0
73481, 1241467235327, 1241468568645, 0, 1003, 5, 192.2, 0, 2, 1, 164243, 4, 0
73621, , , 18.35, 0, 0, 0, 0, 2, 2, 112194, , 
75123, 1241466816352, , 0, 1509, 3, 467.6666666666667, 101358, 14, 14, 2843, 12, 4
77, 1241469088743, 1241469122433, 0, 0, 0, 0, 171151, 11, 2, 12770, 14, 2
81899, , , 164.10000000000002, 0, 0, 0, 0, 5, 8, 802319, , 
836050, 1241471104962, , 134.5, 1546, 3, 710, 592692, 12, 1, 113237, 7, 2
8401, 1241470309485, , 38.1, 3282, 10, 352.8, 413254, 7, 1, 103033, 5, 4
8527, 1241470423641, 1241470473798, 0, 0, 0, 0, 0, 1, 0, 503, 8, 1
87714, 1241466143672, , 0, 611, 2, 340, 0, 9, 3, 351430, 9, 6
8842, , , 365.40000000000003, 0, 0, 0, 0, 12, 22, 1531, , 
885698, 1241467989002, , 0, 1020, 4, 327.25, 891151, 0, 0, 836050, 4, 0
88917, , , 18, 0, 0, 0, 0, 3, 2, 372191, , 
89322, 1241470366504, , 0, 940, 2, 360.5, 0, 0, 0, 0, 1, 0
90041, 1241469777944, , 0, 952, 4, 312.5, 175933, 6, 8, 258951, 11, 12
921283, , , 19.15, 0, 0, 0, 0, 4, 2, 338409, , 
926905, 1241468402538, 1241468405693, 0, 0, 0, 0, 0, 0, 0, 0, 1, 
95479, 1241469365927, 1241469658070, 0, 498, 2, 290.5, 0, 8, 2, 586681, 6, 1
977713, 1241467586280, 1241467598809, 0, 0, 0, 0, 0, 0, 0, 0, 1, 
995, , , 368.00000000000006, 0, 0, 0, 0, 11, 20, 12, , 
<<<<EndTable

PlayersOnlineNow=41
PlayersOnlineEachMinute=0, 3, 4, 6, 6, 8, 8, 8, 9, 11, 13, 12, 11, 11, 13, 14, 16, 16, 17, 19, 22, 22, 20, 21, 21, 21, 19, 21, 22, 24, 27, 25, 25, 27, 28, 28, 28, 26, 25, 25, 24, 22, 24, 24, 25, 24, 24, 25, 25, 26, 26, 26, 26, 26, 28, 30, 32, 34, 34, 36, 38, 39, 40, 38, 40, 33, 37, 36, 33, 34, 34, 36, 35, 36, 39, 41, 44, 42, 41, 41, 39, 41, 41, 41, 41, 43, 43, 39, 38, 39
PlayersInEachFeedingGame=2, 2, 1, 2, 1, 2, 2, 1, 1, 2, 2, 2, 1, 1, 2, 1, 2, 1, 2, 1, 2, 1, 2, 1, 2, 2, 2, 2, 2, 2, 1, 1, 2, 1, 1, 2, 1, 1, 2, 2, 2, 2, 2, 1, 1, 2, 2, 2, 2, 2, 1, 2, 2, 1, 1, 1, 2, 2, 2, 1, 2, 2, 2, 2, 1, 2, 2, 2, 2, 2, 2, 2, 2, 2, 2, 2, 1, 2, 6, 2, 2, 2, 1, 2, 2, 2, 2, 1, 2, 2, 1, 3, 1, 2, 2, 1, 1, 1, 2, 2, 1, 2, 2, 1, 1, 2, 2, 2, 2, 1, 2, 2, 2, 2, 1, 2, 2, 1, 2, 1, 1, 2, 2, 1
PlayersStarted=203
PlayersQuit=162
StatsStartTime=1241465875689
StatsDumpTime=1241471276009
<<<<EndStats
2009-05-04 14:08:20,834 ERROR: vampire.server.feeding.FeedingRecord sendPlayerStartGameMsg [playerId=1249173, prey=true, _predatorIndex=]
2009-05-04 14:08:20,835 ERROR: vampire.server.feeding.FeedingRecord sendPlayerStartGameMsg [playerId=209166, prey=false, _predatorIndex=]
2009-05-04 14:08:38,760 ERROR: vampire.server.feeding.FeedingRecord sendPlayerStartGameMsg [playerId=209166, prey=false, _predatorIndex=]
2009-05-04 14:08:39,283 ERROR: vampire.server.feeding.FeedingRecord sendPlayerStartGameMsg [playerId=89322, prey=true, _predatorIndex=]
2009-05-04 14:08:39,284 ERROR: vampire.server.feeding.FeedingRecord sendPlayerStartGameMsg [playerId=366650, prey=false, _predatorIndex=]
2009-05-04 14:08:51,398 ERROR: vampire.server.feeding.FeedingRecord sendPlayerStartGameMsg [playerId=836050, prey=true, _predatorIndex=]
2009-05-04 14:08:51,399 ERROR: vampire.server.feeding.FeedingRecord sendPlayerStartGameMsg [playerId=122401, prey=false, _predatorIndex=]
2009-05-04 14:09:02,414 ERROR: vampire.server.feeding.FeedingRecord sendPlayerStartGameMsg [playerId=10642, prey=true, _predatorIndex=]
2009-05-04 14:09:02,415 ERROR: vampire.server.feeding.FeedingRecord sendPlayerStartGameMsg [playerId=447249, prey=false, _predatorIndex=]
2009-05-04 14:09:02,884 ERROR: vampire.server.feeding.FeedingRecord sendPlayerStartGameMsg [playerId=1159167, prey=false, _predatorIndex=366650]
2009-05-04 14:09:24,278 ERROR: vampire.server.feeding.FeedingRecord sendPlayerStartGameMsg [playerId=1159167, prey=false, _predatorIndex=]
2009-05-04 14:09:39,293 ERROR: vampire.server.feeding.FeedingRecord sendPlayerStartGameMsg [playerId=187381, prey=true, _predatorIndex=]
2009-05-04 14:09:39,294 ERROR: vampire.server.feeding.FeedingRecord sendPlayerStartGameMsg [playerId=1082674, prey=false, _predatorIndex=]
2009-05-04 14:10:37,902 ERROR: vampire.server.feeding.FeedingRecord sendPlayerStartGameMsg [playerId=1059384, prey=true, _predatorIndex=]
2009-05-04 14:10:37,903 ERROR: vampire.server.feeding.FeedingRecord sendPlayerStartGameMsg [playerId=130730, prey=false, _predatorIndex=]
2009-05-04 14:11:06,777 ERROR: vampire.server.feeding.FeedingRecord sendPlayerStartGameMsg [playerId=8401, prey=false, _predatorIndex=]
2009-05-04 14:11:12,450 ERROR: vampire.server.feeding.FeedingRecord sendPlayerStartGameMsg [playerId=1021250, prey=true, _predatorIndex=]
2009-05-04 14:11:12,451 ERROR: vampire.server.feeding.FeedingRecord sendPlayerStartGameMsg [playerId=1082674, prey=false, _predatorIndex=]
2009-05-04 14:11:25,123 ERROR: vampire.server.feeding.FeedingRecord sendPlayerStartGameMsg [playerId=70997, prey=false, _predatorIndex=1082674]
2009-05-04 14:12:50,815 ERROR: vampire.server.feeding.FeedingRecord sendPlayerStartGameMsg [playerId=70816, prey=false, _predatorIndex=]
2009-05-04 14:12:55,267 ERROR: vampire.server.feeding.FeedingRecord sendPlayerStartGameMsg [playerId=836050, prey=true, _predatorIndex=]
2009-05-04 14:12:55,267 ERROR: vampire.server.feeding.FeedingRecord sendPlayerStartGameMsg [playerId=1146252, prey=false, _predatorIndex=]
Error! Your code is broken! Unable to call a host method, perhaps you've been shut down? [msg=Room not in game [roomId=123125], trace=Error: Room not in game [roomId=123125]
	at com.threerings.msoy.avrg.client::ThaneAVRGameController/getRoomProps()[/export/bamboo/bamboo-home/xml-data/build-dir/WHIRLED-PROD/src/as/com/threerings/msoy/avrg/client/ThaneAVRGameController.as:182]
	at com.threerings.msoy.avrg.client::ThaneAVRGameBackend/room_sendMessage_v1()[/export/bamboo/bamboo-home/xml-data/build-dir/WHIRLED-PROD/src/as/com/threerings/msoy/avrg/client/ThaneAVRGameBackend.as:540]
	at Function/http://adobe.com/AS3/2006/builtin::apply()
	at com.whirled::AbstractControl/callHostCode()
	at Function/http://adobe.com/AS3/2006/builtin::apply()
	at com.whirled::AbstractSubControl/callHostCode()
	at Function/http://adobe.com/AS3/2006/builtin::apply()
	at com.whirled::TargetedSubControl/callHostCode()
	at com.whirled.avrg::RoomSubControlServer/sendMessage()
	at vampire.feeding.server::ServerCtx/sendMessage()
	at vampire.feeding.server::ServerGameMode/onTimeOver()
	at flash.events::EventDispatcher/dispatchEvent()
	at flash.utils::Timer/expire()
	at flash.utils::Timer$/heartbeat()
	at Thane$/heartbeat()
	at Thane$/heartbeat()].
2009-05-04 14:13:20,205 ERROR: vampire.server.feeding.FeedingRecord sendPlayerStartGameMsg [playerId=130730, prey=true, _predatorIndex=]
2009-05-04 14:13:20,205 ERROR: vampire.server.feeding.FeedingRecord sendPlayerStartGameMsg [playerId=1059384, prey=false, _predatorIndex=]
2009-05-04 14:13:57,388 ERROR: vampire.server.feeding.FeedingRecord sendPlayerStartGameMsg [playerId=1159167, prey=false, _predatorIndex=70816]
2009-05-04 14:14:23,326 ERROR: vampire.server.feeding.FeedingRecord sendPlayerStartGameMsg [playerId=89322, prey=true, _predatorIndex=]
2009-05-04 14:14:23,328 ERROR: vampire.server.feeding.FeedingRecord sendPlayerStartGameMsg [playerId=70997, prey=false, _predatorIndex=]
2009-05-04 14:15:40,747 ERROR: vampire.server.feeding.FeedingRecord sendPlayerStartGameMsg [playerId=885698, prey=true, _predatorIndex=]
2009-05-04 14:15:40,749 ERROR: vampire.server.feeding.FeedingRecord sendPlayerStartGameMsg [playerId=1146252, prey=false, _predatorIndex=]
2009-05-04 14:15:52,193 ERROR: vampire.server.feeding.FeedingRecord sendPlayerStartGameMsg [playerId=366650, prey=true, _predatorIndex=]
2009-05-04 14:15:52,194 ERROR: vampire.server.feeding.FeedingRecord sendPlayerStartGameMsg [playerId=70816, prey=false, _predatorIndex=]
2009-05-04 14:16:02,864 ERROR: vampire.server.feeding.FeedingRecord sendPlayerStartGameMsg [playerId=130730, prey=false, _predatorIndex=]
2009-05-04 14:16:42,553 ERROR: vampire.server.feeding.FeedingRecord sendPlayerStartGameMsg [playerId=1228337, prey=false, _predatorIndex=]
2009-05-04 14:16:46,723 ERROR: vampire.server.feeding.FeedingRecord sendPlayerStartGameMsg [playerId=1059384, prey=false, _predatorIndex=130730]
2009-05-04 14:17:16,336 ERROR: vampire.server.feeding.FeedingRecord sendPlayerStartGameMsg [playerId=70997, prey=true, _predatorIndex=]
2009-05-04 14:17:16,336 ERROR: vampire.server.feeding.FeedingRecord sendPlayerStartGameMsg [playerId=89322, prey=false, _predatorIndex=]
2009-05-04 14:17:16,884 ERROR: vampire.server.feeding.FeedingRecord sendPlayerStartGameMsg [playerId=10642, prey=true, _predatorIndex=]
2009-05-04 14:17:16,885 ERROR: vampire.server.feeding.FeedingRecord sendPlayerStartGameMsg [playerId=447249, prey=false, _predatorIndex=]
2009-05-04 14:17:21,806 ERROR: vampire.server.feeding.FeedingRecord sendPlayerStartGameMsg [playerId=462408, prey=true, _predatorIndex=]
2009-05-04 14:17:21,807 ERROR: vampire.server.feeding.FeedingRecord sendPlayerStartGameMsg [playerId=1059384, prey=false, _predatorIndex=]

