
>>>>BeginStats

>>>>BeginTable
PlayerId, StartTime, EndTime, ProgenyPayout, XPFromFeeding, FeedingGames, MeanFeedingScore, BloodBond, Progeny, GrandProgeny, Sire, Level, Invites
100300, 1241738143055, 1241740790939, 40.5, 1277, 6, 234.33333333333334, 0, 2, 0, 447249, 4, 0
1005664, 1241740765102, 1241740823208, 0, 3455, 21, 184.47619047619048, 0, 0, 0, 336694, 3, 
100849, 1241729179138, 1241729197995, 0, 0, 0, 0, 0, 0, 0, 0, 1, 0
101052, 1241726208782, 1241726417041, 0, 318, 1, 318, 336524, 7, 1, 552702, 7, 2
1016090, 1241733084060, 1241736248438, 0, 0, 0, 0, 0, 0, 0, 0, 1, 
10184, , , 23.55, 0, 0, 0, 0, 4, 10, 86605, , 
1019934, 1241740516051, 1241741055569, 0, 223, 2, 109, 0, 0, 0, 0, 1, 
1023833, 1241726575164, 1241726671724, 0, 0, 0, 0, 0, 0, 0, 0, 1, 
102595, 1241739893265, 1241740515325, 0, 188, 1, 188, 0, 0, 0, 1255618, 1, 
10260, 1241727433949, 1241728129259, 49.900000000000006, 820, 2, 348, 8527, 10, 9, 713, 15, 2
102613, , , 32.900000000000006, 0, 0, 0, 0, 1, 0, 39171, , 
1027916, 1241740257461, 1241740821176, 0, 163, 2, 79.5, 0, 0, 0, 0, 1, 
1028958, 1241738067245, 1241739009369, 0, 664, 4, 100, 0, 0, 0, 1118266, 1, 
103033, 1241739425342, 1241740874175, 25.700000000000003, 1134, 4, 334.75, 767143, 12, 14, 81899, 6, 1
103144, , , 348.30000000000007, 0, 0, 0, 0, 5, 16, 116005, , 
1031623, 1241730783205, 1241730859986, 0, 52, 1, 104, 1011089, 0, 0, 1261178, 4, 
1032421, 1241730767727, 1241731955241, 0, 0, 0, 0, 0, 8, 1, 990799, 7, 1
1043, , , 16.450000000000003, 0, 0, 0, 0, 1, 1, 12, , 
1047840, 1241740217328, 1241741114550, 0, 0, 0, 0, 1106386, 7, 0, 408501, 5, 1
105196, 1241740764420, 1241740804766, 0, 0, 0, 0, 0, 0, 0, 0, 1, 
1053441, 1241729359605, 1241729725220, 0, 0, 0, 0, 0, 0, 0, 124457, 1, 
1062, 1241735573789, 1241740163196, 145.4, 20846, 39, 520.6153846153844, 54776, 11, 7, 713, 16, 2
1062853, , , 252.45000000000002, 0, 0, 0, 0, 9, 19, 1124214, , 
10642, 1241729053383, 1241732761623, 42.1, 3613, 6, 568.3333333333334, 447249, 32, 46, 351598, 15, 2
107977, 1241739606997, 1241739783026, 0, 0, 0, 0, 0, 0, 0, 193495, 1, 
1089041, 1241738036361, 1241739083812, 0, 499, 5, 82.4, 0, 0, 0, 10260, 3, 
1092321, , , 240.7, 0, 0, 0, 0, 29, 25, 35568, , 
109238, 1241734510797, 1241734734552, 0, 307, 1, 114, 0, 0, 0, 592692, 2, 
1101, , , 86.80000000000001, 0, 0, 0, 0, 2, 16, 239981, , 
110117, 1241739405365, 1241739777330, 0, 353, 2, 121, 0, 0, 0, 129764, 1, 
1103506, 1241735413830, 1241737383548, 0, 1824, 10, 167.1, 0, 0, 0, 1062853, 3, 
110735, 1241735742669, 1241737823223, 0, 358, 4, 86.5, 0, 0, 0, 408501, 2, 
1109257, 1241731543094, 1241731548599, 0, 0, 0, 0, 0, 0, 0, 0, 1, 
1110327, 1241740258184, 1241740262232, 0, 2154, 13, 165.30769230769232, 0, 0, 0, 336524, 3, 
1110484, 1241727317513, 1241727932459, 0, 1401, 4, 382.25, 153097, 0, 0, 153097, 4, 
1111437, 1241736582316, 1241737315002, 53.8, 738, 5, 108, 0, 2, 0, 70997, 2, 
1114950, 1241734387246, 1241734467315, 0, 0, 0, 0, 0, 0, 0, 217283, 1, 
1118266, 1241737182671, , 66.4, 2266, 11, 294.90909090909093, 0, 1, 0, 52818, 3, 0
1121763, 1241736227621, 1241736247772, 0, 0, 0, 0, 0, 0, 0, 0, 1, 
1122449, , , 103.5, 0, 0, 0, 0, 10, 7, 555728, , 
1124126, 1241727372598, 1241727380351, 0, 0, 0, 0, 0, 0, 0, 771625, 1, 
1124214, , , 91.2, 0, 0, 0, 0, 6, 9, 1122449, , 
1126492, 1241738104960, 1241738235159, 0, 0, 0, 0, 0, 0, 0, 5522, 1, 
112953, , , 50.3, 0, 0, 0, 0, 3, 7, 241176, , 
1138221, 1241730748629, 1241732754587, 0, 2037, 6, 186.66666666666666, 1283799, 0, 0, 269484, 4, 
11460, , , 110.55000000000003, 0, 0, 0, 0, 1, 12, 41022, , 
1148755, , , 22.1, 0, 0, 0, 0, 21, 1, 1092321, , 
114959, 1241738652255, 1241738843185, 0, 0, 0, 0, 0, 0, 0, 0, 1, 
1152211, , , 17.8, 0, 0, 0, 0, 1, 3, 452296, , 
1152360, 1241734857903, 1241735082627, 0, 336, 1, 206, 0, 0, 0, 70997, 4, 
1154088, 1241736585538, 1241736609813, 0, 0, 0, 0, 0, 0, 0, 0, 1, 
1155409, , , 2.6, 0, 0, 0, 0, 1, 6, 674637, , 
1156985, 1241736980577, 1241737943281, 0, 131, 1, 76, 0, 0, 0, 217283, 1, 
1158835, 1241739921919, 1241740223189, 0, 0, 0, 0, 0, 0, 0, 103033, 1, 
115917, 1241728619158, 1241730829796, 0, 648, 3, 122, 0, 0, 0, 3504, 3, 0
116005, , , 174.15000000000003, 0, 0, 0, 0, 6, 5, 130627, , 
1162172, 1241735036825, 1241736120823, 0, 601, 2, 177.5, 1181188, 0, 0, 835426, 4, 
1168169, 1241733209982, 1241733919685, 0, 0, 0, 0, 0, 0, 0, 0, 1, 
1178289, 1241732483912, 1241733005094, 0, 390, 3, 134.66666666666666, 0, 0, 0, 0, 1, 
1181457, 1241735877142, 1241735964297, 0, 0, 0, 0, 0, 0, 0, 0, 1, 
118179, 1241738247847, 1241738739524, 0, 0, 0, 0, 0, 0, 0, 1265, 2, 2
118975, 1241733468056, 1241733664514, 0, 0, 0, 0, 0, 1, 1, 160138, 12, 2
1199648, 1241738922904, 1241739305757, 0, 103, 1, 137, 0, 1, 0, 394001, 3, 1
12, , , 1461.95, 0, 0, 0, 0, 20, 96, 383387, , 
1202024, 1241739294724, 1241739305648, 0, 0, 0, 0, 0, 0, 0, 0, 1, 
1214279, 1241733428523, 1241734250536, 0, 178, 2, 104, 0, 3, 0, 1152211, 3, 
1217415, 1241731457617, 1241732201410, 0, 0, 0, 0, 0, 0, 0, 0, 1, 
1222623, 1241740299203, 1241740858277, 0, 257, 2, 134, 0, 0, 0, 103033, 2, 
1223345, 1241739269155, , 0, 1420, 8, 173, 0, 0, 0, 311783, 2, 0
1227346, 1241732798136, 1241732903235, 0, 0, 0, 0, 0, 0, 0, 0, 1, 
122823, 1241735149012, 1241735180288, 0, 166, 1, 144, 0, 0, 0, 61609, 2, 0
122907, , , 195.4, 0, 0, 0, 0, 6, 10, 251062, , 
1231039, 1241730866120, 1241731304214, 0, 125, 1, 125, 0, 0, 0, 0, 1, 
123244, , , 55, 0, 0, 0, 0, 1, 1, 123662, , 
1234772, 1241738504558, 1241738517099, 0, 0, 0, 0, 0, 0, 0, 37261, 3, 
123662, , , 22.5, 0, 0, 0, 0, 8, 1, 167153, , 
1251906, 1241728991657, 1241729011995, 0, 0, 0, 0, 0, 0, 0, 162239, 2, 
125207, 1241733260561, 1241733320724, 0, 0, 0, 0, 273503, 1, 0, 544643, 4, 0
125261, 1241738404407, 1241738984751, 0, 405, 3, 108.33333333333333, 0, 0, 0, 100300, 1, 
125347, 1241736712700, 1241736856276, 0, 109, 1, 109, 0, 1, 0, 561527, 1, 0
1254611, 1241736151210, 1241737246290, 0, 221, 2, 113, 0, 0, 0, 1148755, 2, 
1254726, 1241728951725, 1241730580791, 0, 418, 2, 125.5, 1111604, 0, 0, 502119, 3, 
1255618, 1241739120468, , 18.8, 2070, 12, 132.5, 0, 2, 0, 206148, 4, 0
1261178, , , 5.2, 0, 0, 0, 0, 6, 0, 1155409, , 
1265, , , 152.90000000000003, 0, 0, 0, 0, 15, 30, 12, , 
127073, 1241734205371, 1241735454056, 0, 1055, 4, 146.25, 0, 1, 0, 155161, 5, 1
1273588, 1241735017359, 1241735342518, 0, 297, 2, 103, 0, 0, 0, 0, 1, 
1273954, 1241736692766, 1241737277279, 0, 359, 3, 119, 0, 0, 0, 4139, 2, 
1274543, 1241736736316, 1241736855573, 0, 0, 0, 0, 0, 0, 0, 125347, 1, 
1275242, 1241728452067, 1241728470298, 0, 0, 0, 0, 0, 0, 0, 0, 1, 
1275561, 1241739220012, 1241739923207, 0, 404, 3, 145.66666666666666, 0, 0, 0, 772113, 2, 
1276975, 1241726994240, 1241727002137, 0, 0, 0, 0, 0, 0, 0, 0, 1, 
12770, , , 33.35, 0, 0, 0, 0, 23, 33, 383387, , 
1278011, 1241736142274, 1241736786415, 0, 0, 0, 0, 0, 0, 0, 0, 1, 
1278376, 1241733313241, 1241733563203, 0, 0, 0, 0, 0, 0, 0, 0, 1, 
1279627, 1241728939426, 1241729387800, 0, 285, 2, 142.5, 0, 0, 0, 524637, 2, 
1279761, 1241740830130, , 0, 103, 1, 98, 0, 0, 0, 171513, 2, 0
128013, , , 10.9, 0, 0, 0, 0, 4, 0, 254152, , 
128025, 1241729383319, 1241729392365, 0, 0, 0, 0, 0, 0, 0, 233794, 2, 
1296070, 1241732767391, 1241733081952, 0, 0, 0, 0, 0, 0, 0, 0, 1, 
129764, , , 35.3, 0, 0, 0, 0, 10, 0, 370341, , 
1301922, 1241741120913, 1241741171008, 0, 0, 0, 0, 0, 0, 0, 0, 1, 
130244, , , 299.3, 0, 0, 0, 0, 3, 6, 237967, , 
1303828, 1241739639441, 1241739703530, 0, 0, 0, 0, 0, 0, 0, 0, 1, 
130730, 1241729733171, 1241730438090, 0, 328, 2, 164, 0, 5, 0, 402642, 3, 5
1307350, 1241736882564, 1241736961195, 0, 0, 0, 0, 0, 0, 0, 0, 1, 
131858, , , 29, 0, 0, 0, 0, 1, 1, 130627, , 
1322565, 1241739373121, 1241739923205, 0, 85, 1, 85, 0, 0, 0, 0, 1, 
1322668, 1241739595681, 1241739983211, 0, 0, 0, 0, 0, 0, 0, 0, 1, 
1323699, 1241739754845, 1241739769570, 0, 0, 0, 0, 0, 0, 0, 0, 1, 
1324295, 1241735975337, 1241736680907, 0, 102, 1, 102, 0, 0, 0, 0, 1, 
1324541, 1241737375741, 1241737400793, 0, 0, 0, 0, 0, 0, 0, 0, 1, 
1324545, 1241733849842, 1241733859985, 0, 0, 0, 0, 0, 0, 0, 0, 1, 
1324959, 1241735169044, 1241735930345, 0, 66, 1, 66, 0, 0, 0, 0, 1, 
1325276, 1241739007011, 1241739021163, 0, 0, 0, 0, 0, 0, 0, 0, 1, 
1325425, 1241738502366, 1241738526337, 0, 0, 0, 0, 0, 0, 0, 0, 1, 
133482, 1241740569488, 1241740601757, 0, 0, 0, 0, 0, 5, 12, 180951, 5, 5
134428, 1241734977435, 1241735363204, 0, 200, 2, 100.5, 0, 0, 0, 174055, 1, 
135526, , , 80.5, 0, 0, 0, 0, 11, 1, 162782, , 
136366, 1241734407943, 1241734411245, 0, 0, 0, 0, 0, 0, 0, 0, 1, 
136892, 1241735951392, 1241737823226, 0, 580, 4, 107.25, 0, 1, 0, 367411, 2, 0
140573, 1241741138119, , 0, 0, 0, 0, 0, 0, 0, 178528, 3, 0
143538, , , 14.100000000000001, 0, 0, 0, 0, 2, 23, 1531, , 
143937, 1241735389508, 1241735840576, 0, 0, 0, 0, 0, 0, 0, 7078, 4, 0
145609, 1241738101711, 1241738982824, 0, 1828, 5, 286.8, 369307, 5, 4, 92300, 4, 0
147427, 1241736601711, 1241737082699, 0, 134, 1, 134, 0, 0, 0, 0, 1, 
147608, , , 5.45, 0, 0, 0, 0, 8, 2, 502119, , 
148695, 1241730579703, 1241730823871, 0, 0, 0, 0, 306511, 8, 7, 10642, 10, 4
152142, 1241732531037, 1241735833771, 0, 2327, 13, 153.30769230769232, 0, 0, 0, 90041, 2, 
153097, , , 140.1, 0, 0, 0, 0, 19, 0, 1062853, , 
1531, 1241738951423, 1241740523247, 0, 2376, 5, 475.2, 503, 6, 14, 12, 15, 3
154004, 1241733722645, 1241734163225, 0, 73, 1, 145, 561706, 10, 6, 90041, 4, 0
154238, 1241733970014, 1241734337072, 0, 234, 1, 234, 156489, 5, 4, 45129, 8, 2
155161, , , 105.50000000000001, 0, 0, 0, 0, 5, 1, 253373, , 
157404, 1241739196471, 1241739391887, 0, 90, 1, 92, 0, 0, 0, 388185, 1, 
157713, 1241738636267, 1241739696550, 84.80000000000001, 1894, 17, 92.3529411764706, 0, 2, 0, 58859, 2, 1
158630, , , 18.55, 0, 0, 0, 0, 5, 1, 304445, , 
159420, , , 67, 0, 0, 0, 0, 1, 6, 206649, , 
15975, 1241732319818, 1241732723226, 0, 167, 1, 81, 0, 0, 0, 0, 1, 
162782, , , 106.45, 0, 0, 0, 0, 7, 11, 36377, , 
163914, , , 22, 0, 0, 0, 0, 2, 2, 227953, , 
165133, 1241732240169, 1241732483357, 0, 75, 1, 78, 0, 0, 0, 206908, 2, 0
16514, 1241738888893, 1241741007063, 0, 1454, 3, 297.6666666666667, 44929, 5, 8, 1062, 4, 0
166371, , , 101.85000000000001, 0, 0, 0, 0, 4, 12, 267622, , 
16719, 1241728685979, 1241728809290, 0, 0, 0, 0, 0, 2, 1, 17790, 5, 3
170191, , , 5.15, 0, 0, 0, 0, 3, 10, 202873, , 
171513, 1241726329124, 1241726366848, 10.3, 0, 0, 0, 0, 10, 7, 170191, 12, 2
172743, 1241735911947, 1241735915410, 0, 0, 0, 0, 0, 0, 0, 261567, 4, 0
173329, , , 390.3, 0, 0, 0, 0, 4, 6, 344937, , 
174055, 1241734532174, 1241735209759, 20, 450, 3, 134.33333333333334, 0, 1, 0, 123244, 2, 1
175120, 1241736210306, 1241736237989, 0, 0, 0, 0, 0, 0, 0, 1126061, 1, 
175545, 1241739425216, 1241739430744, 0, 0, 0, 0, 0, 0, 0, 0, 1, 0
176911, 1241736976163, 1241737348495, 0, 117, 1, 117, 0, 0, 0, 0, 1, 
179062, 1241740668529, 1241741074874, 0, 71, 1, 71, 0, 1, 2, 249185, 3, 0
179687, , , 29.6, 0, 0, 0, 0, 3, 2, 24525, , 
179801, 1241729879342, 1241729884700, 0, 0, 0, 0, 0, 0, 0, 336024, 3, 0
1802, 1241730325319, 1241733008531, 0, 3483, 10, 403.7, 995, 7, 2, 103144, 12, 2
180378, 1241728938576, 1241729305447, 0, 0, 0, 0, 0, 0, 0, 0, 1, 
181264, , , 113.95000000000002, 0, 0, 0, 0, 2, 3, 3812, , 
181738, 1241737943041, 1241737963923, 0, 0, 0, 0, 0, 5, 4, 12791, 7, 5
185650, , , 91.4, 0, 0, 0, 0, 2, 1, 185697, , 
186568, 1241739030969, 1241740004707, 0, 128, 1, 109, 0, 0, 0, 157713, 1, 
187326, , , 60.10000000000001, 0, 0, 0, 0, 2, 0, 194202, , 
1892, 1241736819713, 1241738293005, 0, 1291, 8, 220, 33511, 20, 6, 995, 12, 2
193978, , , 115.2, 0, 0, 0, 0, 4, 4, 196206, , 
194202, , , 30.050000000000004, 0, 0, 0, 0, 2, 2, 102770, , 
195736, , , 107.70000000000003, 0, 0, 0, 0, 6, 27, 334835, , 
196206, , , 57.6, 0, 0, 0, 0, 4, 4, 157720, , 
196999, 1241740801519, , 0, 585, 5, 120, 0, 1, 0, 415271, 2, 0
197371, 1241732752084, 1241735526349, 0, 2288, 13, 162.76923076923077, 0, 0, 0, 392522, 2, 
199427, , , 479.70000000000005, 0, 0, 0, 0, 1, 6, 208602, , 
199624, 1241736004016, 1241736832282, 0, 601, 3, 200.33333333333334, 0, 0, 0, 187326, 2, 
201981, 1241731847125, 1241733145660, 0, 0, 0, 0, 0, 0, 0, 0, 1, 
202350, 1241734249507, 1241734360965, 0, 0, 0, 0, 0, 0, 0, 0, 1, 
20260, , , 930.0000000000002, 0, 0, 0, 0, 18, 31, 12, , 
202762, 1241737856446, 1241737860217, 0, 0, 0, 0, 0, 2, 2, 39403, 6, 3
203309, 1241734818377, 1241734829982, 0, 0, 0, 0, 0, 0, 0, 68172, 2, 0
206148, , , 216.40000000000003, 0, 0, 0, 0, 1, 2, 1122449, , 
206908, , , 7.5, 0, 0, 0, 0, 1, 0, 337162, , 
20769, 1241737069382, 1241737142008, 0, 0, 0, 0, 0, 0, 0, 15920, 4, 0
208085, 1241729444263, 1241731523237, 0, 220, 1, 233, 0, 2, 0, 163914, 4, 0
208217, 1241734596330, 1241734943189, 0, 1996, 6, 366.8333333333333, 0, 2, 0, 1092321, 4, 
208602, , , 201.9, 0, 0, 0, 0, 7, 8, 351626, , 
21067, 1241726320765, 1241726529105, 0, 0, 0, 0, 0, 2, 45, 302907, 8, 4
217283, 1241728561187, 1241732473326, 420.1000000000001, 1340, 5, 309.6, 532467, 62, 26, 57393, 12, 24
220272, 1241739069297, 1241739263218, 0, 0, 0, 0, 0, 0, 0, 0, 1, 
22279, 1241736426237, 1241737131983, 0, 4067, 18, 256.55555555555554, 0, 0, 0, 0, 3, 
22707, , , 170.4, 0, 0, 0, 0, 7, 15, 8842, , 
227953, , , 11, 0, 0, 0, 0, 3, 2, 320570, , 
237967, , , 149.65, 0, 0, 0, 0, 1, 3, 336228, , 
239111, 1241726970718, 1241727034184, 0, 0, 0, 0, 0, 1, 1, 439277, 3, 0
239981, , , 43.400000000000006, 0, 0, 0, 0, 1, 2, 209944, , 
241176, , , 25.15, 0, 0, 0, 0, 1, 3, 12770, , 
24525, , , 14.8, 0, 0, 0, 0, 6, 3, 316097, , 
246356, , , 123.99999999999999, 0, 0, 0, 0, 5, 3, 54776, , 
247992, , , 16.400000000000002, 0, 0, 0, 0, 3, 4, 214539, , 
250107, 1241741085507, 1241741097633, 0, 0, 0, 0, 0, 8, 1, 193558, 11, 2
251062, , , 97.7, 0, 0, 0, 0, 6, 17, 296361, , 
253373, , , 52.75000000000001, 0, 0, 0, 0, 2, 5, 212370, , 
254152, , , 5.45, 0, 0, 0, 0, 2, 4, 172329, , 
256680, 1241737429630, 1241738015755, 0, 238, 2, 119, 0, 0, 0, 0, 1, 
258210, 1241729133250, 1241729689928, 0, 0, 0, 0, 0, 0, 0, 66262, 4, 0
258951, 1241736602400, 1241736730788, 425.8, 0, 0, 0, 318242, 24, 33, 1265, 12, 17
259344, , , 62.14999999999999, 0, 0, 0, 0, 23, 12, 143538, , 
261567, , , 26.950000000000003, 0, 0, 0, 0, 33, 1, 237231, , 
269484, , , 203.70000000000002, 0, 0, 0, 0, 11, 0, 166371, , 
276660, 1241740252354, , 0, 778, 4, 236.75, 0, 0, 0, 380650, 3, 2
2796, 1241730226854, 1241730443254, 0, 282, 1, 310, 132449, 5, 1, 259344, 5, 3
280406, 1241735640969, 1241735653727, 0, 0, 0, 0, 0, 0, 0, 556276, 1, 
282780, 1241734704311, 1241735814863, 0, 395, 2, 182, 0, 0, 0, 0, 1, 
283305, , , 15.350000000000001, 0, 0, 0, 0, 3, 10, 497122, , 
291380, 1241737888414, 1241738285301, 0, 0, 0, 0, 0, 0, 0, 178528, 1, 0
293092, 1241740920062, , 0, 109, 1, 103, 184475, 1, 0, 320880, 4, 1
294285, 1241736567648, 1241736640293, 0, 0, 0, 0, 32654, 0, 0, 163484, 4, 0
295246, 1241729890566, 1241730094576, 0, 0, 0, 0, 83549, 1, 0, 159134, 4, 0
298666, , , 67.9, 0, 0, 0, 0, 7, 0, 259344, , 
311622, 1241737673062, 1241740643210, 0, 103, 1, 74, 0, 0, 0, 0, 1, 
311783, 1241738401826, , 108.30000000000001, 564, 3, 227.33333333333334, 0, 12, 3, 11460, 10, 7
314390, 1241733092724, 1241733443249, 0, 108, 1, 108, 0, 0, 0, 0, 1, 0
316089, 1241741192107, , 0, 0, 0, 0, 288860, 8, 1, 288860, 8, 5
320880, , , 10.9, 0, 0, 0, 0, 3, 1, 91808, , 
321365, , , 5.15, 0, 0, 0, 0, 3, 1, 317371, , 
33511, 1241738528715, 1241738872114, 0, 1240, 8, 105.25, 1892, 1, 0, 246356, 9, 4
336228, , , 4.3, 0, 0, 0, 0, 10, 15, 307471, , 
336524, , , 215.40000000000006, 0, 0, 0, 0, 26, 0, 195736, , 
336620, 1241739089819, , 0, 1255, 12, 112, 0, 0, 0, 157713, 2, 0
336694, , , 345.5, 0, 0, 0, 0, 2, 0, 338481, , 
337162, , , 3.75, 0, 0, 0, 0, 2, 1, 174526, , 
338481, , , 172.75, 0, 0, 0, 0, 5, 2, 370695, , 
344937, , , 195.15, 0, 0, 0, 0, 11, 6, 251062, , 
3504, , , 64.80000000000001, 0, 0, 0, 0, 4, 0, 5842, , 
351430, , , 8.6, 0, 0, 0, 0, 14, 0, 336228, , 
351598, , , 382.35, 0, 0, 0, 0, 1, 32, 359624, , 
35568, , , 99.8, 0, 0, 0, 0, 3, 29, 258951, , 
355945, 1241733092315, 1241733096388, 0, 0, 0, 0, 0, 0, 0, 403501, 3, 0
359624, , , 180.65000000000003, 0, 0, 0, 0, 4, 1, 201132, , 
361878, 1241736208777, 1241736212900, 0, 0, 0, 0, 0, 0, 0, 50669, 1, 0
363282, 1241740664487, , 0, 119, 1, 238, 0, 0, 0, 0, 1, 0
36377, , , 33.1, 0, 0, 0, 0, 4, 7, 453809, , 
365721, 1241728734725, 1241729543204, 0, 329, 3, 113, 0, 0, 0, 423714, 3, 1
366477, 1241740338415, 1241740588800, 0, 241, 1, 241, 0, 0, 0, 447249, 2, 0
367411, , , 58, 0, 0, 0, 0, 1, 1, 131858, , 
367452, , , 113.30000000000003, 0, 0, 0, 0, 6, 4, 127763, , 
370341, , , 17.65, 0, 0, 0, 0, 1, 10, 326885, , 
372420, 1241735884049, 1241736052333, 0, 0, 0, 0, 0, 0, 0, 171151, 3, 0
375444, , , 38.900000000000006, 0, 0, 0, 0, 3, 10, 12770, , 
377896, 1241737155099, 1241737165961, 0, 0, 0, 0, 0, 1, 0, 184754, 3, 0
380650, , , 77.80000000000001, 0, 0, 0, 0, 3, 0, 375444, , 
3812, , , 50.45, 0, 0, 0, 0, 1, 2, 65584, , 
383249, 1241735975780, 1241737163243, 0, 1152, 7, 132.28571428571428, 0, 4, 1, 193978, 5, 1
383387, , , 128.85000000000002, 0, 0, 0, 0, 7, 57, 0, , 
388185, 1241738026789, , 9, 201, 2, 86.5, 0, 3, 2, 12770, 4, 0
390290, 1241739770684, , 0, 248, 3, 83.66666666666667, 0, 0, 0, 0, 1, 0
39171, , , 16.450000000000003, 0, 0, 0, 0, 8, 1, 102770, , 
39180, 1241735516670, 1241736082196, 0, 175, 1, 193, 0, 7, 15, 68619, 7, 1
392522, 1241734588343, 1241737544896, 228.80000000000004, 1472, 10, 104.5, 0, 1, 0, 217283, 2, 
394001, , , 10.3, 0, 0, 0, 0, 1, 1, 321365, , 
396113, , , 356.4000000000001, 0, 0, 0, 0, 2, 10, 44987, , 
397835, , , 53.7, 0, 0, 0, 0, 5, 35, 47379, , 
39986, 1241727330013, 1241727340598, 0, 0, 0, 0, 0, 0, 0, 0, 1, 
402642, , , 32.800000000000004, 0, 0, 0, 0, 4, 5, 247992, , 
40275, 1241727619322, 1241728430940, 0, 3903, 5, 866.8, 5842, 6, 0, 173329, 12, 6
408501, , , 35.800000000000004, 0, 0, 0, 0, 8, 22, 637936, , 
41022, , , 28.200000000000003, 0, 0, 0, 0, 2, 1, 412796, , 
4139, , , 35.900000000000006, 0, 0, 0, 0, 24, 23, 713, , 
4141, 1241739719962, 1241739983209, 0, 0, 0, 0, 0, 0, 0, 2796, 1, 
415271, , , 58.50000000000001, 0, 0, 0, 0, 11, 1, 66689, , 
416503, , , 23.1, 0, 0, 0, 0, 3, 0, 82321, , 
419920, 1241735567091, 1241735645122, 0, 0, 0, 0, 0, 0, 0, 154384, 3, 
420097, , , 37.1, 0, 0, 0, 0, 1, 0, 158630, , 
421572, 1241738340376, 1241739083220, 0, 679, 7, 79, 0, 0, 0, 298666, 2, 0
423714, , , 32.900000000000006, 0, 0, 0, 0, 1, 0, 1043, , 
431598, 1241741081960, , 0, 0, 0, 0, 639914, 0, 0, 921283, 3, 0
432820, 1241737527763, 1241738063231, 26.1, 1009, 5, 159.2, 0, 3, 1, 181264, 6, 2
43386, 1241731085627, 1241732815545, 0, 2993, 8, 556.625, 106210, 6, 4, 130244, 8, 6
447249, 1241732795411, 1241733560698, 172.04999999999998, 4038, 7, 670, 10642, 6, 5, 199427, 15, 2
44987, , , 130.85000000000002, 0, 0, 0, 0, 2, 5, 12770, , 
45129, , , 23.400000000000002, 0, 0, 0, 0, 7, 5, 66842, , 
452296, 1241740726130, 1241740956676, 8.9, 0, 0, 0, 0, 9, 6, 103144, 6, 2
453, 1241741089933, 1241741106399, 0, 0, 0, 0, 1043, 2, 0, 878, 11, 2
480591, 1241740049066, 1241740234982, 0, 109, 1, 109, 0, 0, 0, 128013, 2, 0
502119, 1241733504759, 1241735308443, 41.800000000000004, 1412, 6, 286.5, 520359, 11, 14, 22707, 10, 2
503425, 1241731824944, 1241731847764, 0, 0, 0, 0, 430717, 0, 0, 39171, 4, 0
504276, , , 53.900000000000006, 0, 0, 0, 0, 1, 1, 261567, , 
510740, , , 20.200000000000003, 0, 0, 0, 0, 70, 13, 534632, , 
524637, , , 28.5, 0, 0, 0, 0, 1, 0, 83320, , 
52818, , , 259.8, 0, 0, 0, 0, 4, 1, 367452, , 
53030, 1241735173698, 1241738228166, 0, 1954, 10, 300.6, 1092321, 10, 6, 122907, 14, 3
533, 1241739842585, 1241740058302, 0, 1530, 3, 510, 535, 10, 11, 20260, 14, 2
537110, 1241728953865, 1241729098998, 0, 0, 0, 0, 0, 0, 0, 171151, 1, 0
538748, 1241739235771, 1241739660558, 0, 0, 0, 0, 0, 1, 5, 53030, 4, 
541655, , , 188.20000000000005, 0, 0, 0, 0, 1, 21, 126451, , 
54776, 1241740222264, 1241740232790, 61.99999999999999, 15540, 30, 553.8666666666667, 1062, 77, 33, 89757, 16, 3
54786, 1241730078541, 1241732192887, 0, 261, 2, 116.5, 0, 0, 0, 432820, 1, 
547970, 1241740440198, 1241740848324, 0, 164, 2, 82, 0, 0, 0, 0, 1, 0
54812, 1241740614656, 1241740703229, 0, 0, 0, 0, 534632, 5, 4, 11315, 6, 7
55009, 1241730974282, 1241731246624, 0, 0, 0, 0, 0, 1, 3, 309096, 4, 0
552702, , , 31.8, 0, 0, 0, 0, 5, 7, 92894, , 
555728, 1241730081556, 1241731711599, 0, 868, 2, 282, 828191, 16, 10, 1101, 4, 0
559101, 1241740726443, 1241740739352, 0, 0, 0, 0, 0, 0, 0, 63415, 1, 
561527, , , 10.9, 0, 0, 0, 0, 1, 1, 147608, , 
57393, , , 286.84999999999997, 0, 0, 0, 0, 6, 67, 159420, , 
57748, 1241740500535, , 0, 0, 0, 0, 0, 6, 0, 1192337, 4, 0
57893, 1241736892418, 1241736906637, 0, 0, 0, 0, 0, 0, 0, 24525, 1, 0
58022, 1241734600519, 1241734799160, 0, 0, 0, 0, 0, 4, 5, 175065, 4, 0
5842, , , 32.400000000000006, 0, 0, 0, 0, 2, 8, 344937, , 
58429, 1241731798946, 1241732719160, 0, 421, 4, 105.25, 0, 7, 5, 10642, 4, 
58859, 1241727340736, 1241731523240, 231.8, 2617, 9, 365.77777777777777, 43017, 10, 10, 396113, 14, 2
592692, , , 30.700000000000003, 0, 0, 0, 0, 10, 0, 283305, , 
59909, 1241734153709, 1241736983218, 0, 231, 2, 162.5, 0, 0, 0, 0, 1, 0
609318, 1241736306973, 1241737271228, 0, 471, 5, 81.8, 0, 0, 0, 99802, 2, 
609643, 1241733693448, 1241734344500, 0, 497, 4, 105.75, 0, 1, 0, 217283, 3, 
61045, , , 39.800000000000004, 0, 0, 0, 0, 7, 7, 74372, , 
612389, 1241736626497, 1241736716443, 0, 0, 0, 0, 0, 0, 0, 0, 1, 
616045, 1241740280414, , 0, 662, 4, 175.5, 0, 0, 0, 162782, 2, 0
61609, , , 16.6, 0, 0, 0, 0, 4, 0, 22707, , 
624632, 1241727617066, 1241727863426, 0, 0, 0, 0, 0, 0, 0, 505544, 2, 
62783, 1241729004648, 1241729363197, 0, 796, 4, 163.75, 0, 0, 0, 86926, 4, 0
631791, 1241735771420, 1241735816841, 0, 0, 0, 0, 0, 0, 0, 0, 1, 
63415, 1241735405530, 1241739062687, 0, 3764, 13, 331.46153846153845, 0, 11, 1, 8938, 6, 2
637936, , , 17.900000000000002, 0, 0, 0, 0, 3, 8, 217283, , 
638292, 1241733600353, 1241733791137, 0, 98, 1, 98, 0, 0, 0, 0, 1, 
643674, 1241740124353, 1241740139024, 0, 0, 0, 0, 0, 0, 0, 0, 1, 
66689, , , 29.250000000000004, 0, 0, 0, 0, 4, 11, 124585, , 
66842, , , 11.700000000000001, 0, 0, 0, 0, 1, 7, 153510, , 
67841, 1241734176672, 1241734456540, 0, 0, 0, 0, 0, 0, 0, 0, 1, 
68523, 1241730528439, 1241731997534, 0, 86, 1, 86, 0, 0, 0, 351430, 2, 
68619, , , 17.5, 0, 0, 0, 0, 8, 9, 12770, , 
70040, 1241737712673, 1241737767702, 0, 0, 0, 0, 0, 0, 0, 0, 1, 
703094, 1241728180905, 1241729197528, 0, 0, 0, 0, 0, 0, 0, 53030, 3, 
70997, , , 134.29999999999998, 0, 0, 0, 0, 35, 3, 397835, , 
713, 1241735850299, , 2282.2000000000003, 0, 0, 0, 1265, 11, 78, 12, 19, 6
71724, 1241728710261, 1241728784500, 0, 0, 0, 0, 3200, 22, 6, 94103, 12, 4
72721, 1241740872332, , 0, 231, 2, 116.5, 0, 0, 0, 416503, 3, 0
74412, 1241728529516, 1241729603199, 0, 329, 3, 132.33333333333334, 171193, 0, 0, 102613, 4, 0
746079, 1241730274535, 1241730283681, 0, 0, 0, 0, 0, 0, 0, 0, 1, 
764326, 1241733774361, 1241734039878, 0, 0, 0, 0, 0, 0, 0, 140986, 1, 
76572, 1241733566132, 1241735047913, 0, 296, 2, 148, 0, 1, 0, 179687, 3, 0
77, 1241730864849, 1241731166268, 0, 0, 0, 0, 171151, 11, 2, 12770, 14, 2
772113, , , 40.400000000000006, 0, 0, 0, 0, 1, 0, 510740, , 
78233, 1241741110091, , 0, 0, 0, 0, 0, 0, 0, 54776, 2, 0
802319, , , 56.7, 0, 0, 0, 0, 2, 6, 773108, , 
80646, 1241735772771, 1241736324888, 0, 0, 0, 0, 204792, 1, 0, 1148755, 4, 
80770, 1241736089218, 1241736728036, 0, 191, 2, 95.5, 0, 0, 0, 0, 1, 
81454, 1241733502465, 1241733623198, 0, 0, 0, 0, 0, 0, 0, 0, 1, 
81899, , , 126.25, 0, 0, 0, 0, 6, 12, 802319, , 
82321, , , 11.55, 0, 0, 0, 0, 6, 18, 57717, , 
82485, 1241736751639, 1241738019151, 0, 654, 5, 139, 0, 0, 0, 1111437, 1, 
83320, , , 14.25, 0, 0, 0, 0, 4, 1, 96838, , 
835426, , , 60.1, 0, 0, 0, 0, 2, 0, 1092321, , 
83621, 1241732209581, 1241732613917, 0, 503, 2, 359.5, 0, 0, 0, 112953, 4, 0
839421, 1241736430888, 1241736639394, 0, 0, 0, 0, 0, 0, 0, 0, 1, 
84076, 1241738923086, 1241739170440, 0, 880, 6, 112.33333333333333, 0, 0, 0, 217283, 1, 
84294, 1241740372947, , 0, 95, 1, 95, 0, 0, 0, 0, 1, 0
852908, 1241740416225, 1241740604647, 0, 0, 0, 0, 0, 0, 0, 3200, 4, 
867669, 1241736904150, 1241737020080, 0, 0, 0, 0, 0, 0, 0, 227147, 2, 
86926, , , 79.60000000000001, 0, 0, 0, 0, 7, 0, 61045, , 
87528, 1241739555202, 1241739950482, 0, 539, 2, 297, 0, 1, 1, 504276, 4, 0
881995, 1241741127801, , 0, 0, 0, 0, 0, 0, 0, 1092321, 1, 0
8842, , , 70.6, 0, 0, 0, 0, 12, 9, 1531, , 
8938, , , 376.4000000000001, 0, 0, 0, 0, 21, 12, 541655, , 
89757, , , 1554.0000000000005, 0, 0, 0, 0, 3, 77, 20260, , 
90041, 1241731492673, 1241734583215, 240, 3058, 8, 434.875, 175933, 10, 10, 258951, 12, 14
913044, 1241729487285, 1241730023242, 0, 173, 1, 100, 0, 0, 0, 217283, 1, 
91808, , , 5.45, 0, 0, 0, 0, 1, 3, 413580, , 
92300, , , 182.8, 0, 0, 0, 0, 1, 5, 185650, , 
926905, 1241734177053, 1241738507307, 0, 0, 0, 0, 0, 0, 0, 438751, 3, 
92894, , , 15.9, 0, 0, 0, 0, 1, 5, 106082, , 
93412, 1241732069685, 1241732749152, 0, 371, 3, 122.33333333333333, 0, 0, 0, 420097, 3, 0
941889, 1241735350199, 1241735507628, 0, 0, 0, 0, 0, 0, 0, 0, 1, 
942791, 1241739848985, 1241739923203, 0, 0, 0, 0, 0, 3, 0, 217283, 4, 
967846, 1241729113421, 1241729123858, 0, 0, 0, 0, 0, 0, 0, 0, 1, 
971101, 1241737288686, 1241739003558, 0, 805, 5, 139.6, 0, 1, 0, 135526, 3, 
98240, 1241728050714, 1241728105758, 0, 0, 0, 0, 0, 0, 0, 0, 1, 0
982699, 1241729521544, 1241729537430, 0, 0, 0, 0, 0, 0, 0, 0, 1, 
985962, 1241727345135, 1241728078910, 0, 0, 0, 0, 0, 0, 0, 0, 1, 
995, , , 129.1, 0, 0, 0, 0, 13, 20, 12, , 
99802, , , 47.1, 0, 0, 0, 0, 10, 0, 10184, , 
<<<<EndTable

PlayersOnlineNow=22
PlayersOnlineEachMinute=0, 1, 2, 3, 2, 2, 3, 3, 3, 4, 3, 3, 3, 4, 3, 3, 4, 5, 4, 7, 7, 8, 8, 9, 9, 9, 9, 9, 8, 7, 8, 9, 7, 7, 6, 6, 6, 6, 7, 7, 8, 9, 11, 11, 10, 10, 14, 15, 17, 15, 14, 15, 15, 15, 15, 16, 15, 14, 14, 14, 14, 14, 15, 15, 14, 14, 15, 15, 18, 21, 21, 19, 19, 19, 19, 20, 19, 20, 20, 20, 22, 20, 22, 21, 20, 19, 20, 19, 21, 22, 21, 20, 19, 17, 20, 18, 17, 16, 18, 19, 17, 20, 22, 23, 23, 21, 21, 20, 20, 20, 17, 16, 15, 15, 16, 16, 14, 15, 17, 16, 17, 18, 20, 19, 18, 17, 19, 20, 19, 18, 21, 20, 19, 20, 21, 21, 16, 19, 16, 18, 20, 22, 23, 21, 21, 22, 21, 24, 22, 22, 24, 22, 23, 21, 26, 24, 25, 24, 23, 23, 22, 19, 22, 24, 26, 21, 23, 24, 21, 24, 24, 25, 25, 28, 27, 27, 28, 27, 25, 26, 26, 25, 27, 24, 22, 21, 19, 18, 19, 19, 19, 19, 21, 20, 18, 19, 18, 17, 18, 21, 21, 19, 16, 17, 18, 19, 18, 18, 20, 20, 20, 20, 23, 20, 19, 17, 18, 21, 21, 20, 22, 21, 21, 22, 25, 22, 25, 22, 25, 24, 20, 20, 21, 17, 17, 20, 21, 22, 23, 23, 22, 24, 25, 26, 23, 22, 22, 21, 20, 23
PlayersInEachFeedingGame=1, 1, 1, 1, 1, 1, 1, 2, 1, 2, 2, 2, 2, 1, 1, 2, 2, 2, 1, 2, 2, 2, 1, 2, 1, 2, 2, 1, 2, 2, 2, 2, 2, 1, 1, 1, 1, 1, 2, 2, 1, 2, 2, 2, 2, 1, 1, 2, 2, 2, 1, 1, 2, 2, 2, 2, 2, 2, 2, 2, 2, 2, 1, 2, 1, 2, 1, 1, 4, 1, 1, 2, 1, 1, 3, 1, 2, 1, 2, 1, 2, 2, 1, 2, 1, 1, 1, 2, 2, 1, 2, 1, 1, 1, 1, 2, 2, 1, 2, 1, 2, 1, 1, 2, 1, 1, 1, 1, 1, 1, 1, 1, 2, 2, 1, 2, 1, 1, 2, 1, 1, 2, 1, 1, 1, 2, 2, 1, 2, 2, 2, 1, 1, 2, 1, 2, 1, 2, 1, 1, 1, 2, 2, 2, 1, 1, 2, 2, 1, 2, 2, 1, 2, 2, 2, 2, 1, 2, 2, 2, 1, 2, 2, 2, 2, 1, 2, 1, 2, 2, 1, 2, 1, 2, 1, 2, 2, 1, 2, 1, 2, 2, 1, 1, 1, 2, 1, 2, 1, 1, 2, 2, 2, 3, 1, 1, 2, 1, 1, 2, 1, 2, 2, 2, 2, 2, 2, 1, 2, 2, 1, 1, 1, 2, 2, 1, 2, 1, 1, 2, 1, 2, 1, 2, 1, 1, 2, 1, 2, 2, 1, 1, 2, 1, 1, 2, 2, 2, 1, 1, 2, 1, 2, 1, 2, 2, 2, 1, 1, 1, 1, 1, 2, 2, 1, 1, 1, 1, 1, 2, 2, 2, 1, 2, 1, 1, 2, 2, 2, 2, 2, 1, 1, 1, 2
PlayersStarted=403
PlayersQuit=381
StatsStartTime=1241726206709
StatsDumpTime=1241741207984
<<<<EndStats
2009-05-07 17:07:31,167 ERROR: vampire.server.feeding.FeedingRecord sendPlayerStartGameMsg [playerId=1223345, prey=false, _predatorIndex=]
2009-05-07 17:07:44,836 ERROR: vampire.server.feeding.FeedingRecord sendPlayerStartGameMsg [playerId=72721, prey=true, _predatorIndex=]
2009-05-07 17:07:44,837 ERROR: vampire.server.feeding.FeedingRecord sendPlayerStartGameMsg [playerId=293092, prey=false, _predatorIndex=]
2009-05-07 17:07:54,721 ERROR: vampire.server.feeding.FeedingRecord sendPlayerStartGameMsg [playerId=78233, prey=true, _predatorIndex=]
2009-05-07 17:07:54,721 ERROR: vampire.server.feeding.FeedingRecord sendPlayerStartGameMsg [playerId=1118266, prey=false, _predatorIndex=]
2009-05-07 17:08:59,958 ERROR: vampire.server.feeding.FeedingRecord sendPlayerStartGameMsg [playerId=1046581, prey=false, _predatorIndex=]
2009-05-07 17:09:20,825 ERROR: vampire.server.feeding.FeedingRecord sendPlayerStartGameMsg [playerId=881995, prey=true, _predatorIndex=]
2009-05-07 17:09:20,826 ERROR: vampire.server.feeding.FeedingRecord sendPlayerStartGameMsg [playerId=140573, prey=false, _predatorIndex=]
2009-05-07 17:09:45,127 ERROR: vampire.server.feeding.FeedingRecord sendPlayerStartGameMsg [playerId=1255618, prey=false, _predatorIndex=140573]
2009-05-07 17:09:54,103 ERROR: vampire.server.feeding.FeedingRecord sendPlayerStartGameMsg [playerId=1223345, prey=false, _predatorIndex=]
2009-05-07 17:10:13,106 ERROR: vampire.server.feeding.FeedingRecord sendPlayerStartGameMsg [playerId=57748, prey=true, _predatorIndex=]
2009-05-07 17:10:13,107 ERROR: vampire.server.feeding.FeedingRecord sendPlayerStartGameMsg [playerId=1255618, prey=false, _predatorIndex=]
2009-05-07 17:10:49,513 ERROR: vampire.server.feeding.FeedingRecord sendPlayerStartGameMsg [playerId=616045, prey=false, _predatorIndex=]
2009-05-07 17:11:46,157 ERROR: vampire.server.feeding.FeedingRecord sendPlayerStartGameMsg [playerId=140573, prey=false, _predatorIndex=1255618]
2009-05-07 17:11:48,007 ERROR: vampire.server.feeding.FeedingRecord sendPlayerStartGameMsg [playerId=1046581, prey=false, _predatorIndex=]
2009-05-07 17:12:11,332 ERROR: vampire.server.feeding.FeedingRecord sendPlayerStartGameMsg [playerId=1223345, prey=false, _predatorIndex=]
2009-05-07 17:13:55,298 ERROR: vampire.server.feeding.FeedingRecord sendPlayerStartGameMsg [playerId=102595, prey=false, _predatorIndex=1046581]
2009-05-07 17:13:55,412 ERROR: vampire.server.feeding.FeedingRecord sendPlayerStartGameMsg [playerId=152578, prey=false, _predatorIndex=]
2009-05-07 17:14:41,321 ERROR: vampire.server.feeding.FeedingRecord sendPlayerStartGameMsg [playerId=1223345, prey=false, _predatorIndex=]
2009-05-07 17:15:06,030 ERROR: vampire.server.feeding.FeedingRecord sendPlayerStartGameMsg [playerId=703094, prey=false, _predatorIndex=1046581,102595]
2009-05-07 17:15:08,173 ERROR: vampire.server.feeding.LogicFeeding handleFeedRequestMessage [player=Player [playerId=140573, name=Jacob Black, roomId=null, xp=5515.879999999999, level=3, bloodbond=0, sire=178528, progeny=], e=FeedRequestMsg: player=140573, targetPlayerId=207284]
2009-05-07 17:16:17,290 ERROR: vampire.server.feeding.FeedingRecord sendPlayerStartGameMsg [playerId=1046581, prey=true, _predatorIndex=]
2009-05-07 17:16:17,291 ERROR: vampire.server.feeding.FeedingRecord sendPlayerStartGameMsg [playerId=616045, prey=false, _predatorIndex=]
2009-05-07 17:16:30,616 ERROR: vampire.server.feeding.FeedingRecord sendPlayerStartGameMsg [playerId=311783, prey=true, _predatorIndex=]
2009-05-07 17:16:30,616 ERROR: vampire.server.feeding.FeedingRecord sendPlayerStartGameMsg [playerId=221371, prey=false, _predatorIndex=]

>>>>BeginStats

>>>>BeginTable
PlayerId, StartTime, EndTime, ProgenyPayout, XPFromFeeding, FeedingGames, MeanFeedingScore, BloodBond, Progeny, GrandProgeny, Sire, Level, Invites
100300, 1241738143055, 1241740790939, 40.5, 1277, 6, 234.33333333333334, 0, 2, 0, 447249, 4, 0
1005664, 1241740765102, 1241740823208, 0, 3455, 21, 184.47619047619048, 0, 0, 0, 336694, 3, 
100849, 1241729179138, 1241729197995, 0, 0, 0, 0, 0, 0, 0, 0, 1, 0
101052, 1241726208782, 1241726417041, 0, 318, 1, 318, 336524, 7, 1, 552702, 7, 2
1012813, , , 9.1, 0, 0, 0, 0, 6, 22, 54776, , 
1016090, 1241733084060, 1241736248438, 0, 0, 0, 0, 0, 0, 0, 0, 1, 
10184, , , 23.55, 0, 0, 0, 0, 4, 10, 86605, , 
1019934, 1241740516051, 1241741055569, 0, 223, 2, 109, 0, 0, 0, 0, 1, 
1023833, 1241726575164, 1241726671724, 0, 0, 0, 0, 0, 0, 0, 0, 1, 
102595, 1241741507100, , 0, 382, 2, 209.5, 0, 0, 0, 1255618, 2, 0
10260, 1241727433949, 1241728129259, 49.900000000000006, 820, 2, 348, 8527, 10, 9, 713, 15, 2
102613, , , 32.900000000000006, 0, 0, 0, 0, 1, 0, 39171, , 
1027916, 1241740257461, 1241740821176, 0, 163, 2, 79.5, 0, 0, 0, 0, 1, 
1028958, 1241738067245, 1241739009369, 0, 664, 4, 100, 0, 0, 0, 1118266, 1, 
103033, 1241739425342, 1241740874175, 25.700000000000003, 1134, 4, 334.75, 767143, 12, 14, 81899, 6, 1
103144, , , 348.30000000000007, 0, 0, 0, 0, 5, 16, 116005, , 
1031623, 1241730783205, 1241730859986, 0, 52, 1, 104, 1011089, 0, 0, 1261178, 4, 
1032421, 1241730767727, 1241731955241, 0, 0, 0, 0, 0, 8, 1, 990799, 7, 1
1043, , , 16.450000000000003, 0, 0, 0, 0, 1, 1, 12, , 
1046581, 1241741268098, , 0, 473, 3, 145, 0, 0, 0, 0, 1, 0
1047840, 1241740217328, 1241741114550, 0, 0, 0, 0, 1106386, 7, 0, 408501, 5, 1
105196, 1241740764420, 1241740804766, 0, 0, 0, 0, 0, 0, 0, 0, 1, 
1053441, 1241729359605, 1241729725220, 0, 0, 0, 0, 0, 0, 0, 124457, 1, 
1062, 1241735573789, 1241740163196, 145.4, 20846, 39, 520.6153846153844, 54776, 11, 7, 713, 16, 2
1062853, , , 252.45000000000002, 0, 0, 0, 0, 9, 19, 1124214, , 
10642, 1241729053383, 1241732761623, 42.1, 3613, 6, 568.3333333333334, 447249, 32, 46, 351598, 15, 2
107977, 1241739606997, 1241739783026, 0, 0, 0, 0, 0, 0, 0, 193495, 1, 
1089041, 1241738036361, 1241739083812, 0, 499, 5, 82.4, 0, 0, 0, 10260, 3, 
1092321, , , 245.2, 0, 0, 0, 0, 29, 25, 35568, , 
109238, 1241734510797, 1241734734552, 0, 307, 1, 114, 0, 0, 0, 592692, 2, 
1101, , , 86.80000000000001, 0, 0, 0, 0, 2, 16, 239981, , 
110117, 1241739405365, 1241739777330, 0, 353, 2, 121, 0, 0, 0, 129764, 1, 
1103506, 1241735413830, 1241737383548, 0, 1824, 10, 167.1, 0, 0, 0, 1062853, 3, 
110735, 1241741280545, 1241741543207, 0, 358, 4, 86.5, 0, 0, 0, 408501, 2, 
1109257, 1241731543094, 1241731548599, 0, 0, 0, 0, 0, 0, 0, 0, 1, 
1110327, 1241740258184, 1241740262232, 0, 2154, 13, 165.30769230769232, 0, 0, 0, 336524, 3, 
1110484, 1241727317513, 1241727932459, 0, 1401, 4, 382.25, 153097, 0, 0, 153097, 4, 
1111437, 1241736582316, 1241737315002, 53.8, 738, 5, 108, 0, 2, 0, 70997, 2, 
1114950, 1241734387246, 1241734467315, 0, 0, 0, 0, 0, 0, 0, 217283, 1, 
1118266, 1241737182671, , 66.4, 3294, 15, 317.40000000000003, 0, 1, 0, 52818, 3, 0
1121763, 1241736227621, 1241736247772, 0, 0, 0, 0, 0, 0, 0, 0, 1, 
1122449, , , 112.6, 0, 0, 0, 0, 10, 7, 555728, , 
1124126, 1241727372598, 1241727380351, 0, 0, 0, 0, 0, 0, 0, 771625, 1, 
1124214, , , 91.2, 0, 0, 0, 0, 6, 9, 1122449, , 
1126492, 1241738104960, 1241738235159, 0, 0, 0, 0, 0, 0, 0, 5522, 1, 
112953, , , 50.3, 0, 0, 0, 0, 3, 7, 241176, , 
1138221, 1241730748629, 1241732754587, 0, 2037, 6, 186.66666666666666, 1283799, 0, 0, 269484, 4, 
11460, , , 145.8, 0, 0, 0, 0, 1, 12, 41022, , 
1148755, , , 22.1, 0, 0, 0, 0, 21, 1, 1092321, , 
114959, 1241738652255, 1241738843185, 0, 0, 0, 0, 0, 0, 0, 0, 1, 
1152211, , , 17.8, 0, 0, 0, 0, 1, 3, 452296, , 
1152360, 1241734857903, 1241735082627, 0, 336, 1, 206, 0, 0, 0, 70997, 4, 
1154088, 1241736585538, 1241736609813, 0, 0, 0, 0, 0, 0, 0, 0, 1, 
1155409, , , 2.6, 0, 0, 0, 0, 1, 6, 674637, , 
1156985, 1241736980577, 1241737943281, 0, 131, 1, 76, 0, 0, 0, 217283, 1, 
1158835, 1241739921919, 1241740223189, 0, 0, 0, 0, 0, 0, 0, 103033, 1, 
115917, 1241728619158, 1241730829796, 0, 648, 3, 122, 0, 0, 0, 3504, 3, 0
116005, , , 174.15000000000003, 0, 0, 0, 0, 6, 5, 130627, , 
1162172, 1241735036825, 1241736120823, 0, 601, 2, 177.5, 1181188, 0, 0, 835426, 4, 
1168169, 1241733209982, 1241733919685, 0, 0, 0, 0, 0, 0, 0, 0, 1, 
1178289, 1241732483912, 1241733005094, 0, 390, 3, 134.66666666666666, 0, 0, 0, 0, 1, 
1181457, 1241735877142, 1241735964297, 0, 0, 0, 0, 0, 0, 0, 0, 1, 
118179, 1241738247847, 1241738739524, 0, 0, 0, 0, 0, 0, 0, 1265, 2, 2
118975, 1241733468056, 1241733664514, 0, 0, 0, 0, 0, 1, 1, 160138, 12, 2
1192337, , , 18.2, 0, 0, 0, 0, 17, 21, 1012813, , 
1199648, 1241738922904, 1241739305757, 0, 103, 1, 137, 0, 1, 0, 394001, 3, 1
12, , , 1461.95, 0, 0, 0, 0, 20, 96, 383387, , 
1202024, 1241739294724, 1241739305648, 0, 0, 0, 0, 0, 0, 0, 0, 1, 
1214279, 1241733428523, 1241734250536, 0, 178, 2, 104, 0, 3, 0, 1152211, 3, 
1217415, 1241731457617, 1241732201410, 0, 0, 0, 0, 0, 0, 0, 0, 1, 
1222623, 1241740299203, 1241740858277, 0, 257, 2, 134, 0, 0, 0, 103033, 2, 
1223345, 1241739269155, , 0, 2125, 12, 174.08333333333334, 0, 0, 0, 311783, 2, 0
1227346, 1241732798136, 1241732903235, 0, 0, 0, 0, 0, 0, 0, 0, 1, 
122823, 1241735149012, 1241735180288, 0, 166, 1, 144, 0, 0, 0, 61609, 2, 0
122907, , , 195.4, 0, 0, 0, 0, 6, 10, 251062, , 
1231039, 1241730866120, 1241731304214, 0, 125, 1, 125, 0, 0, 0, 0, 1, 
123244, , , 55, 0, 0, 0, 0, 1, 1, 123662, , 
1234772, 1241738504558, 1241738517099, 0, 0, 0, 0, 0, 0, 0, 37261, 3, 
123662, , , 22.5, 0, 0, 0, 0, 8, 1, 167153, , 
1251906, 1241728991657, 1241729011995, 0, 0, 0, 0, 0, 0, 0, 162239, 2, 
125207, 1241733260561, 1241733320724, 0, 0, 0, 0, 273503, 1, 0, 544643, 4, 0
125261, 1241738404407, 1241738984751, 0, 405, 3, 108.33333333333333, 0, 0, 0, 100300, 1, 
125347, 1241736712700, 1241736856276, 0, 109, 1, 109, 0, 1, 0, 561527, 1, 0
1254611, 1241736151210, 1241737246290, 0, 221, 2, 113, 0, 0, 0, 1148755, 2, 
1254726, 1241728951725, 1241730580791, 0, 418, 2, 125.5, 1111604, 0, 0, 502119, 3, 
1255618, 1241739120468, , 38.2, 2252, 13, 134.15384615384616, 0, 2, 0, 206148, 4, 0
1261178, , , 5.2, 0, 0, 0, 0, 6, 0, 1155409, , 
1265, , , 152.90000000000003, 0, 0, 0, 0, 15, 30, 12, , 
127073, 1241734205371, 1241735454056, 0, 1055, 4, 146.25, 0, 1, 0, 155161, 5, 1
1273588, 1241735017359, 1241735342518, 0, 297, 2, 103, 0, 0, 0, 0, 1, 
1273954, 1241736692766, 1241737277279, 0, 359, 3, 119, 0, 0, 0, 4139, 2, 
1274543, 1241736736316, 1241736855573, 0, 0, 0, 0, 0, 0, 0, 125347, 1, 
1275242, 1241728452067, 1241728470298, 0, 0, 0, 0, 0, 0, 0, 0, 1, 
1275561, 1241739220012, 1241739923207, 0, 404, 3, 145.66666666666666, 0, 0, 0, 772113, 2, 
1276975, 1241726994240, 1241727002137, 0, 0, 0, 0, 0, 0, 0, 0, 1, 
12770, , , 33.35, 0, 0, 0, 0, 23, 33, 383387, , 
1278011, 1241736142274, 1241736786415, 0, 0, 0, 0, 0, 0, 0, 0, 1, 
1278376, 1241733313241, 1241733563203, 0, 0, 0, 0, 0, 0, 0, 0, 1, 
1279627, 1241728939426, 1241729387800, 0, 285, 2, 142.5, 0, 0, 0, 524637, 2, 
1279761, 1241740830130, 1241741237715, 0, 190, 2, 92.5, 0, 0, 0, 171513, 2, 
128013, , , 10.9, 0, 0, 0, 0, 4, 0, 254152, , 
128025, 1241729383319, 1241729392365, 0, 0, 0, 0, 0, 0, 0, 233794, 2, 
1296070, 1241732767391, 1241733081952, 0, 0, 0, 0, 0, 0, 0, 0, 1, 
129764, , , 35.3, 0, 0, 0, 0, 10, 0, 370341, , 
1301922, 1241741243848, 1241741255629, 0, 0, 0, 0, 0, 0, 0, 0, 1, 
130244, , , 299.3, 0, 0, 0, 0, 3, 6, 237967, , 
1303828, 1241739639441, 1241739703530, 0, 0, 0, 0, 0, 0, 0, 0, 1, 
130730, 1241729733171, 1241730438090, 0, 328, 2, 164, 0, 5, 0, 402642, 3, 5
1307350, 1241736882564, 1241736961195, 0, 0, 0, 0, 0, 0, 0, 0, 1, 
131858, , , 29, 0, 0, 0, 0, 1, 1, 130627, , 
1322565, 1241739373121, 1241739923205, 0, 85, 1, 85, 0, 0, 0, 0, 1, 
1322668, 1241739595681, 1241739983211, 0, 0, 0, 0, 0, 0, 0, 0, 1, 
1323699, 1241739754845, 1241739769570, 0, 0, 0, 0, 0, 0, 0, 0, 1, 
1324295, 1241735975337, 1241736680907, 0, 102, 1, 102, 0, 0, 0, 0, 1, 
1324541, 1241737375741, 1241737400793, 0, 0, 0, 0, 0, 0, 0, 0, 1, 
1324545, 1241733849842, 1241733859985, 0, 0, 0, 0, 0, 0, 0, 0, 1, 
1324959, 1241735169044, 1241735930345, 0, 66, 1, 66, 0, 0, 0, 0, 1, 
1325276, 1241739007011, 1241739021163, 0, 0, 0, 0, 0, 0, 0, 0, 1, 
1325425, 1241738502366, 1241738526337, 0, 0, 0, 0, 0, 0, 0, 0, 1, 
1325708, 1241741625078, 1241741631865, 0, 0, 0, 0, 0, 0, 0, 0, 1, 
1327341, 1241741804529, , 0, 0, 0, 0, 0, 0, 0, 0, 1, 0
133482, 1241740569488, 1241740601757, 0, 0, 0, 0, 0, 5, 12, 180951, 5, 5
134428, 1241734977435, 1241735363204, 0, 200, 2, 100.5, 0, 0, 0, 174055, 1, 
135526, , , 80.5, 0, 0, 0, 0, 11, 1, 162782, , 
136366, 1241734407943, 1241734411245, 0, 0, 0, 0, 0, 0, 0, 0, 1, 
136892, 1241735951392, 1241737823226, 0, 580, 4, 107.25, 0, 1, 0, 367411, 2, 0
140573, 1241741138119, , 0, 61, 1, 122, 0, 0, 0, 178528, 3, 0
143538, , , 14.100000000000001, 0, 0, 0, 0, 2, 23, 1531, , 
143937, 1241735389508, 1241735840576, 0, 0, 0, 0, 0, 0, 0, 7078, 4, 0
145609, 1241738101711, 1241738982824, 0, 1828, 5, 286.8, 369307, 5, 4, 92300, 4, 0
147427, 1241736601711, 1241737082699, 0, 134, 1, 134, 0, 0, 0, 0, 1, 
147608, , , 5.45, 0, 0, 0, 0, 8, 2, 502119, , 
148695, 1241730579703, 1241730823871, 0, 0, 0, 0, 306511, 8, 7, 10642, 10, 4
152142, 1241732531037, 1241735833771, 0, 2327, 13, 153.30769230769232, 0, 0, 0, 90041, 2, 
152578, 1241741215092, , 0, 250, 1, 250, 238356, 3, 4, 208699, 5, 1
153097, , , 140.1, 0, 0, 0, 0, 19, 0, 1062853, , 
1531, 1241738951423, 1241740523247, 0, 2376, 5, 475.2, 503, 6, 14, 12, 15, 3
154004, 1241741755886, , 0, 73, 1, 145, 561706, 10, 6, 90041, 4, 0
154238, 1241733970014, 1241734337072, 0, 234, 1, 234, 156489, 5, 4, 45129, 8, 2
155161, , , 105.50000000000001, 0, 0, 0, 0, 5, 1, 253373, , 
157404, 1241739196471, 1241739391887, 0, 90, 1, 92, 0, 0, 0, 388185, 1, 
157713, 1241738636267, 1241739696550, 84.80000000000001, 1894, 17, 92.3529411764706, 0, 2, 0, 58859, 2, 1
158630, , , 18.55, 0, 0, 0, 0, 5, 1, 304445, , 
159420, , , 67, 0, 0, 0, 0, 1, 6, 206649, , 
15975, 1241732319818, 1241732723226, 0, 167, 1, 81, 0, 0, 0, 0, 1, 
162782, , , 137.35, 0, 0, 0, 0, 7, 11, 36377, , 
163914, , , 22, 0, 0, 0, 0, 2, 2, 227953, , 
165133, 1241732240169, 1241732483357, 0, 75, 1, 78, 0, 0, 0, 206908, 2, 0
16514, 1241741774036, , 0, 1454, 3, 297.6666666666667, 44929, 5, 8, 1062, 4, 0
166371, , , 101.85000000000001, 0, 0, 0, 0, 4, 12, 267622, , 
16719, 1241728685979, 1241728809290, 0, 0, 0, 0, 0, 2, 1, 17790, 5, 3
170191, , , 9.5, 0, 0, 0, 0, 3, 10, 202873, , 
171513, 1241726329124, 1241726366848, 19, 0, 0, 0, 0, 10, 7, 170191, 12, 2
172743, 1241735911947, 1241735915410, 0, 0, 0, 0, 0, 0, 0, 261567, 4, 0
173329, , , 390.3, 0, 0, 0, 0, 4, 6, 344937, , 
174055, 1241734532174, 1241735209759, 20, 450, 3, 134.33333333333334, 0, 1, 0, 123244, 2, 1
175120, 1241736210306, 1241736237989, 0, 0, 0, 0, 0, 0, 0, 1126061, 1, 
175545, 1241739425216, 1241739430744, 0, 0, 0, 0, 0, 0, 0, 0, 1, 0
176911, 1241736976163, 1241737348495, 0, 117, 1, 117, 0, 0, 0, 0, 1, 
178528, , , 6.1000000000000005, 0, 0, 0, 0, 3, 0, 209944, , 
179062, 1241740668529, 1241741074874, 0, 71, 1, 71, 0, 1, 2, 249185, 3, 0
179687, , , 29.6, 0, 0, 0, 0, 3, 2, 24525, , 
179801, 1241729879342, 1241729884700, 0, 0, 0, 0, 0, 0, 0, 336024, 3, 0
1802, 1241730325319, 1241733008531, 0, 3483, 10, 403.7, 995, 7, 2, 103144, 12, 2
180378, 1241728938576, 1241729305447, 0, 0, 0, 0, 0, 0, 0, 0, 1, 
181264, , , 113.95000000000002, 0, 0, 0, 0, 2, 3, 3812, , 
181738, 1241737943041, 1241737963923, 0, 0, 0, 0, 0, 5, 4, 12791, 7, 5
185650, , , 91.4, 0, 0, 0, 0, 2, 1, 185697, , 
186568, 1241739030969, 1241740004707, 0, 128, 1, 109, 0, 0, 0, 157713, 1, 
187326, , , 60.10000000000001, 0, 0, 0, 0, 2, 0, 194202, , 
1892, 1241736819713, 1241738293005, 0, 1291, 8, 220, 33511, 20, 6, 995, 12, 2
193978, , , 115.2, 0, 0, 0, 0, 4, 4, 196206, , 
194202, , , 30.050000000000004, 0, 0, 0, 0, 2, 2, 102770, , 
195736, , , 107.70000000000003, 0, 0, 0, 0, 6, 27, 334835, , 
196206, , , 57.6, 0, 0, 0, 0, 4, 4, 157720, , 
196999, 1241740801519, 1241741335747, 0, 708, 6, 120.5, 0, 1, 0, 415271, 2, 
197371, 1241732752084, 1241735526349, 0, 2288, 13, 162.76923076923077, 0, 0, 0, 392522, 2, 
199427, , , 479.70000000000005, 0, 0, 0, 0, 1, 6, 208602, , 
199624, 1241736004016, 1241736832282, 0, 601, 3, 200.33333333333334, 0, 0, 0, 187326, 2, 
201981, 1241731847125, 1241733145660, 0, 0, 0, 0, 0, 0, 0, 0, 1, 
202350, 1241734249507, 1241734360965, 0, 0, 0, 0, 0, 0, 0, 0, 1, 
20260, , , 930.0000000000002, 0, 0, 0, 0, 18, 31, 12, , 
202762, 1241737856446, 1241737860217, 0, 0, 0, 0, 0, 2, 2, 39403, 6, 3
203309, 1241734818377, 1241734829982, 0, 0, 0, 0, 0, 0, 0, 68172, 2, 0
206148, , , 244.3, 0, 0, 0, 0, 1, 2, 1122449, , 
206908, , , 7.5, 0, 0, 0, 0, 1, 0, 337162, , 
20769, 1241737069382, 1241737142008, 0, 0, 0, 0, 0, 0, 0, 15920, 4, 0
208085, 1241729444263, 1241731523237, 0, 220, 1, 233, 0, 2, 0, 163914, 4, 0
208217, 1241734596330, 1241734943189, 0, 1996, 6, 366.8333333333333, 0, 2, 0, 1092321, 4, 
208602, , , 201.9, 0, 0, 0, 0, 7, 8, 351626, , 
208699, , , 25, 0, 0, 0, 0, 4, 5, 36200, , 
209944, , , 3.0500000000000003, 0, 0, 0, 0, 4, 4, 209656, , 
21067, 1241726320765, 1241726529105, 0, 0, 0, 0, 0, 2, 45, 302907, 8, 4
217283, 1241728561187, 1241732473326, 420.1000000000001, 1340, 5, 309.6, 532467, 62, 26, 57393, 12, 24
220272, 1241739069297, 1241739263218, 0, 0, 0, 0, 0, 0, 0, 0, 1, 
221371, 1241741719062, , 0, 0, 0, 0, 0, 3, 0, 409861, 4, 1
22279, 1241736426237, 1241737131983, 0, 4067, 18, 256.55555555555554, 0, 0, 0, 0, 3, 
22707, , , 170.4, 0, 0, 0, 0, 7, 15, 8842, , 
227953, , , 11, 0, 0, 0, 0, 3, 2, 320570, , 
237967, , , 149.65, 0, 0, 0, 0, 1, 3, 336228, , 
239111, 1241726970718, 1241727034184, 0, 0, 0, 0, 0, 1, 1, 439277, 3, 0
239981, , , 43.400000000000006, 0, 0, 0, 0, 1, 2, 209944, , 
241176, , , 25.15, 0, 0, 0, 0, 1, 3, 12770, , 
24525, , , 14.8, 0, 0, 0, 0, 6, 3, 316097, , 
246356, , , 123.99999999999999, 0, 0, 0, 0, 5, 3, 54776, , 
247992, , , 16.400000000000002, 0, 0, 0, 0, 3, 4, 214539, , 
250107, 1241741085507, 1241741097633, 0, 0, 0, 0, 0, 8, 1, 193558, 11, 2
251062, , , 97.7, 0, 0, 0, 0, 6, 17, 296361, , 
253373, , , 52.75000000000001, 0, 0, 0, 0, 2, 5, 212370, , 
254152, , , 5.45, 0, 0, 0, 0, 2, 4, 172329, , 
256680, 1241737429630, 1241738015755, 0, 238, 2, 119, 0, 0, 0, 0, 1, 
258210, 1241729133250, 1241729689928, 0, 0, 0, 0, 0, 0, 0, 66262, 4, 0
258951, 1241736602400, 1241736730788, 425.8, 0, 0, 0, 318242, 24, 33, 1265, 12, 17
259344, , , 62.14999999999999, 0, 0, 0, 0, 23, 12, 143538, , 
261567, , , 26.950000000000003, 0, 0, 0, 0, 33, 1, 237231, , 
269484, , , 203.70000000000002, 0, 0, 0, 0, 11, 0, 166371, , 
276660, 1241740252354, , 0, 778, 4, 236.75, 0, 0, 0, 380650, 3, 2
2796, 1241730226854, 1241730443254, 0, 282, 1, 310, 132449, 5, 1, 259344, 5, 3
280406, 1241735640969, 1241735653727, 0, 0, 0, 0, 0, 0, 0, 556276, 1, 
282780, 1241734704311, 1241735814863, 0, 395, 2, 182, 0, 0, 0, 0, 1, 
283305, , , 15.350000000000001, 0, 0, 0, 0, 3, 10, 497122, , 
291380, 1241737888414, 1241738285301, 0, 0, 0, 0, 0, 0, 0, 178528, 1, 0
293092, 1241740920062, , 0, 265, 2, 140.5, 184475, 1, 0, 320880, 4, 1
294285, 1241736567648, 1241736640293, 0, 0, 0, 0, 32654, 0, 0, 163484, 4, 0
295246, 1241729890566, 1241730094576, 0, 0, 0, 0, 83549, 1, 0, 159134, 4, 0
298666, , , 67.9, 0, 0, 0, 0, 7, 0, 259344, , 
311622, 1241737673062, 1241740643210, 0, 103, 1, 74, 0, 0, 0, 0, 1, 
311783, 1241738401826, , 178.8, 564, 3, 227.33333333333334, 0, 12, 3, 11460, 10, 7
314390, 1241733092724, 1241733443249, 0, 108, 1, 108, 0, 0, 0, 0, 1, 0
316089, 1241741353423, , 0, 0, 0, 0, 288860, 8, 1, 288860, 8, 5
320880, , , 26.5, 0, 0, 0, 0, 3, 1, 91808, , 
321365, , , 5.15, 0, 0, 0, 0, 3, 1, 317371, , 
33511, 1241738528715, 1241738872114, 0, 1240, 8, 105.25, 1892, 1, 0, 246356, 9, 4
336228, , , 4.3, 0, 0, 0, 0, 10, 15, 307471, , 
336524, , , 215.40000000000006, 0, 0, 0, 0, 26, 0, 195736, , 
336620, 1241739089819, , 0, 1255, 12, 112, 0, 0, 0, 157713, 2, 0
336694, , , 345.5, 0, 0, 0, 0, 2, 0, 338481, , 
337162, , , 3.75, 0, 0, 0, 0, 2, 1, 174526, , 
338481, , , 172.75, 0, 0, 0, 0, 5, 2, 370695, , 
344937, , , 195.15, 0, 0, 0, 0, 11, 6, 251062, , 
3504, , , 64.80000000000001, 0, 0, 0, 0, 4, 0, 5842, , 
351430, , , 8.6, 0, 0, 0, 0, 14, 0, 336228, , 
351598, , , 382.35, 0, 0, 0, 0, 1, 32, 359624, , 
35568, , , 102.05, 0, 0, 0, 0, 3, 29, 258951, , 
355945, 1241733092315, 1241733096388, 0, 0, 0, 0, 0, 0, 0, 403501, 3, 0
359624, , , 180.65000000000003, 0, 0, 0, 0, 4, 1, 201132, , 
361878, 1241736208777, 1241736212900, 0, 0, 0, 0, 0, 0, 0, 50669, 1, 0
36200, , , 12.5, 0, 0, 0, 0, 2, 4, 93202, , 
363282, 1241740664487, , 0, 119, 1, 238, 0, 0, 0, 0, 1, 0
36377, , , 48.550000000000004, 0, 0, 0, 0, 4, 7, 453809, , 
365721, 1241728734725, 1241729543204, 0, 329, 3, 113, 0, 0, 0, 423714, 3, 1
366477, 1241740338415, 1241740588800, 0, 241, 1, 241, 0, 0, 0, 447249, 2, 0
367411, , , 58, 0, 0, 0, 0, 1, 1, 131858, , 
367452, , , 164.70000000000002, 0, 0, 0, 0, 6, 4, 127763, , 
370341, , , 17.65, 0, 0, 0, 0, 1, 10, 326885, , 
372420, 1241735884049, 1241736052333, 0, 0, 0, 0, 0, 0, 0, 171151, 3, 0
375444, , , 38.900000000000006, 0, 0, 0, 0, 3, 10, 12770, , 
377896, 1241737155099, 1241737165961, 0, 0, 0, 0, 0, 1, 0, 184754, 3, 0
380650, , , 77.80000000000001, 0, 0, 0, 0, 3, 0, 375444, , 
3812, , , 50.45, 0, 0, 0, 0, 1, 2, 65584, , 
383249, 1241735975780, 1241737163243, 0, 1152, 7, 132.28571428571428, 0, 4, 1, 193978, 5, 1
383387, , , 128.85000000000002, 0, 0, 0, 0, 7, 57, 0, , 
388185, 1241738026789, , 9, 201, 2, 86.5, 0, 3, 2, 12770, 4, 0
390290, 1241739770684, , 0, 248, 3, 83.66666666666667, 0, 0, 0, 0, 1, 0
39171, , , 16.450000000000003, 0, 0, 0, 0, 8, 1, 102770, , 
39180, 1241735516670, 1241736082196, 0, 175, 1, 193, 0, 7, 15, 68619, 7, 1
392522, 1241734588343, 1241737544896, 228.80000000000004, 1472, 10, 104.5, 0, 1, 0, 217283, 2, 
394001, , , 10.3, 0, 0, 0, 0, 1, 1, 321365, , 
396113, , , 356.4000000000001, 0, 0, 0, 0, 2, 10, 44987, , 
397835, , , 53.7, 0, 0, 0, 0, 5, 35, 47379, , 
39986, 1241727330013, 1241727340598, 0, 0, 0, 0, 0, 0, 0, 0, 1, 
402642, , , 32.800000000000004, 0, 0, 0, 0, 4, 5, 247992, , 
40275, 1241727619322, 1241728430940, 0, 3903, 5, 866.8, 5842, 6, 0, 173329, 12, 6
408501, , , 35.800000000000004, 0, 0, 0, 0, 8, 22, 637936, , 
41022, , , 28.200000000000003, 0, 0, 0, 0, 2, 1, 412796, , 
4139, , , 35.900000000000006, 0, 0, 0, 0, 24, 23, 713, , 
4141, 1241739719962, 1241739983209, 0, 0, 0, 0, 0, 0, 0, 2796, 1, 
415271, , , 70.80000000000001, 0, 0, 0, 0, 11, 1, 66689, , 
416503, , , 38.7, 0, 0, 0, 0, 3, 0, 82321, , 
419920, 1241735567091, 1241735645122, 0, 0, 0, 0, 0, 0, 0, 154384, 3, 
420097, , , 37.1, 0, 0, 0, 0, 1, 0, 158630, , 
421572, 1241738340376, 1241739083220, 0, 679, 7, 79, 0, 0, 0, 298666, 2, 0
423714, , , 32.900000000000006, 0, 0, 0, 0, 1, 0, 1043, , 
431598, 1241741081960, , 0, 0, 0, 0, 639914, 0, 0, 921283, 3, 0
432820, 1241737527763, 1241738063231, 26.1, 1009, 5, 159.2, 0, 3, 1, 181264, 6, 2
43386, 1241731085627, 1241732815545, 0, 2993, 8, 556.625, 106210, 6, 4, 130244, 8, 6
447249, 1241732795411, 1241733560698, 172.04999999999998, 4038, 7, 670, 10642, 6, 5, 199427, 15, 2
44987, , , 130.85000000000002, 0, 0, 0, 0, 2, 5, 12770, , 
45129, , , 23.400000000000002, 0, 0, 0, 0, 7, 5, 66842, , 
452296, 1241740726130, 1241740956676, 8.9, 0, 0, 0, 0, 9, 6, 103144, 6, 2
453, 1241741089933, 1241741106399, 0, 0, 0, 0, 1043, 2, 0, 878, 11, 2
480591, 1241740049066, 1241740234982, 0, 109, 1, 109, 0, 0, 0, 128013, 2, 0
502119, 1241733504759, 1241735308443, 41.800000000000004, 1412, 6, 286.5, 520359, 11, 14, 22707, 10, 2
503425, 1241731824944, 1241731847764, 0, 0, 0, 0, 430717, 0, 0, 39171, 4, 0
504276, , , 53.900000000000006, 0, 0, 0, 0, 1, 1, 261567, , 
510740, , , 20.200000000000003, 0, 0, 0, 0, 70, 13, 534632, , 
524637, , , 28.5, 0, 0, 0, 0, 1, 0, 83320, , 
52818, , , 362.59999999999997, 0, 0, 0, 0, 4, 1, 367452, , 
53030, 1241735173698, 1241738228166, 0, 1954, 10, 300.6, 1092321, 10, 6, 122907, 14, 3
533, 1241739842585, 1241740058302, 0, 1530, 3, 510, 535, 10, 11, 20260, 14, 2
537110, 1241728953865, 1241729098998, 0, 0, 0, 0, 0, 0, 0, 171151, 1, 0
538748, 1241739235771, 1241739660558, 0, 0, 0, 0, 0, 1, 5, 53030, 4, 
541655, , , 188.20000000000005, 0, 0, 0, 0, 1, 21, 126451, , 
54776, 1241740222264, 1241740232790, 164.79999999999998, 15540, 30, 553.8666666666667, 1062, 77, 33, 89757, 16, 3
54786, 1241730078541, 1241732192887, 0, 261, 2, 116.5, 0, 0, 0, 432820, 1, 
547970, 1241740440198, 1241740848324, 0, 164, 2, 82, 0, 0, 0, 0, 1, 0
54812, 1241740614656, 1241740703229, 0, 0, 0, 0, 534632, 5, 4, 11315, 6, 7
55009, 1241730974282, 1241731246624, 0, 0, 0, 0, 0, 1, 3, 309096, 4, 0
552702, , , 31.8, 0, 0, 0, 0, 5, 7, 92894, , 
555728, 1241730081556, 1241731711599, 0, 868, 2, 282, 828191, 16, 10, 1101, 4, 0
559101, 1241740726443, 1241740739352, 0, 0, 0, 0, 0, 0, 0, 63415, 1, 
561527, , , 10.9, 0, 0, 0, 0, 1, 1, 147608, , 
57393, , , 286.84999999999997, 0, 0, 0, 0, 6, 68, 159420, , 
57748, 1241740500535, 1241741641613, 0, 182, 1, 210, 0, 6, 0, 1192337, 4, 
57893, 1241736892418, 1241736906637, 0, 0, 0, 0, 0, 0, 0, 24525, 1, 0
58022, 1241734600519, 1241734799160, 0, 0, 0, 0, 0, 4, 5, 175065, 4, 0
5842, , , 32.400000000000006, 0, 0, 0, 0, 2, 8, 344937, , 
58429, 1241731798946, 1241732719160, 0, 421, 4, 105.25, 0, 7, 5, 10642, 4, 
58859, 1241727340736, 1241731523240, 231.8, 2617, 9, 365.77777777777777, 43017, 10, 10, 396113, 14, 2
592692, , , 30.700000000000003, 0, 0, 0, 0, 10, 0, 283305, , 
59909, 1241734153709, 1241736983218, 0, 231, 2, 162.5, 0, 0, 0, 0, 1, 0
609318, 1241736306973, 1241737271228, 0, 471, 5, 81.8, 0, 0, 0, 99802, 2, 
609643, 1241733693448, 1241734344500, 0, 497, 4, 105.75, 0, 1, 0, 217283, 3, 
61045, , , 39.800000000000004, 0, 0, 0, 0, 7, 7, 74372, , 
612389, 1241736626497, 1241736716443, 0, 0, 0, 0, 0, 0, 0, 0, 1, 
616045, 1241740280414, , 0, 971, 6, 168.5, 0, 0, 0, 162782, 2, 0
61609, , , 16.6, 0, 0, 0, 0, 4, 0, 22707, , 
624632, 1241727617066, 1241727863426, 0, 0, 0, 0, 0, 0, 0, 505544, 2, 
62783, 1241729004648, 1241729363197, 0, 796, 4, 163.75, 0, 0, 0, 86926, 4, 0
631791, 1241735771420, 1241735816841, 0, 0, 0, 0, 0, 0, 0, 0, 1, 
63415, 1241735405530, 1241739062687, 0, 3764, 13, 331.46153846153845, 0, 11, 1, 8938, 6, 2
637936, , , 17.900000000000002, 0, 0, 0, 0, 3, 8, 217283, , 
638292, 1241733600353, 1241733791137, 0, 98, 1, 98, 0, 0, 0, 0, 1, 
643674, 1241740124353, 1241740139024, 0, 0, 0, 0, 0, 0, 0, 0, 1, 
66689, , , 35.400000000000006, 0, 0, 0, 0, 4, 11, 124585, , 
66842, , , 11.700000000000001, 0, 0, 0, 0, 1, 7, 153510, , 
67841, 1241734176672, 1241734456540, 0, 0, 0, 0, 0, 0, 0, 0, 1, 
68523, 1241741473264, , 0, 86, 1, 86, 0, 0, 0, 351430, 2, 0
68619, , , 17.5, 0, 0, 0, 0, 8, 9, 12770, , 
70040, 1241737712673, 1241737767702, 0, 0, 0, 0, 0, 0, 0, 0, 1, 
703094, 1241741691992, , 0, 0, 0, 0, 0, 0, 0, 53030, 3, 0
70557, 1241741592010, , 0, 0, 0, 0, 0, 5, 24, 502119, 5, 2
70997, , , 134.29999999999998, 0, 0, 0, 0, 35, 3, 397835, , 
713, 1241735850299, , 2282.2000000000003, 0, 0, 0, 1265, 11, 78, 12, 19, 6
71724, 1241728710261, 1241728784500, 0, 0, 0, 0, 3200, 22, 6, 94103, 12, 4
72721, 1241740872332, 1241741543209, 0, 387, 3, 122, 0, 0, 0, 416503, 3, 
74412, 1241728529516, 1241729603199, 0, 329, 3, 132.33333333333334, 171193, 0, 0, 102613, 4, 0
746079, 1241730274535, 1241730283681, 0, 0, 0, 0, 0, 0, 0, 0, 1, 
764326, 1241733774361, 1241734039878, 0, 0, 0, 0, 0, 0, 0, 140986, 1, 
76572, 1241733566132, 1241735047913, 0, 296, 2, 148, 0, 1, 0, 179687, 3, 0
77, 1241730864849, 1241731166268, 0, 0, 0, 0, 171151, 11, 2, 12770, 14, 2
772113, , , 40.400000000000006, 0, 0, 0, 0, 1, 0, 510740, , 
78233, 1241741110091, , 0, 1028, 4, 134, 0, 0, 0, 54776, 2, 0
802319, , , 56.7, 0, 0, 0, 0, 2, 6, 773108, , 
80646, 1241735772771, 1241736324888, 0, 0, 0, 0, 204792, 1, 0, 1148755, 4, 
80770, 1241736089218, 1241736728036, 0, 191, 2, 95.5, 0, 0, 0, 0, 1, 
81454, 1241733502465, 1241733623198, 0, 0, 0, 0, 0, 0, 0, 0, 1, 
81899, , , 126.25, 0, 0, 0, 0, 6, 12, 802319, , 
82321, , , 19.35, 0, 0, 0, 0, 6, 18, 57717, , 
82485, 1241736751639, 1241738019151, 0, 654, 5, 139, 0, 0, 0, 1111437, 1, 
83320, , , 14.25, 0, 0, 0, 0, 4, 1, 96838, , 
835426, , , 60.1, 0, 0, 0, 0, 2, 0, 1092321, , 
83621, 1241732209581, 1241732613917, 0, 503, 2, 359.5, 0, 0, 0, 112953, 4, 0
839421, 1241736430888, 1241736639394, 0, 0, 0, 0, 0, 0, 0, 0, 1, 
84076, 1241738923086, 1241739170440, 0, 880, 6, 112.33333333333333, 0, 0, 0, 217283, 1, 
84294, 1241740372947, , 0, 95, 1, 95, 0, 0, 0, 0, 1, 0
852908, 1241740416225, 1241740604647, 0, 0, 0, 0, 0, 0, 0, 3200, 4, 
867669, 1241736904150, 1241737020080, 0, 0, 0, 0, 0, 0, 0, 227147, 2, 
86926, , , 79.60000000000001, 0, 0, 0, 0, 7, 0, 61045, , 
87528, 1241739555202, 1241739950482, 0, 539, 2, 297, 0, 1, 1, 504276, 4, 0
881995, 1241741127801, , 0, 45, 1, 90, 0, 0, 0, 1092321, 1, 0
8842, , , 70.6, 0, 0, 0, 0, 12, 9, 1531, , 
8938, , , 376.4000000000001, 0, 0, 0, 0, 21, 12, 541655, , 
89757, , , 1605.4000000000003, 0, 0, 0, 0, 3, 77, 20260, , 
90041, 1241731492673, 1241734583215, 240, 3058, 8, 434.875, 175933, 10, 10, 258951, 12, 14
913044, 1241729487285, 1241730023242, 0, 173, 1, 100, 0, 0, 0, 217283, 1, 
91808, , , 13.25, 0, 0, 0, 0, 1, 3, 413580, , 
92300, , , 182.8, 0, 0, 0, 0, 1, 5, 185650, , 
926905, 1241734177053, 1241738507307, 0, 0, 0, 0, 0, 0, 0, 438751, 3, 
92894, , , 15.9, 0, 0, 0, 0, 1, 5, 106082, , 
93412, 1241732069685, 1241732749152, 0, 371, 3, 122.33333333333333, 0, 0, 0, 420097, 3, 0
941889, 1241735350199, 1241735507628, 0, 0, 0, 0, 0, 0, 0, 0, 1, 
942791, 1241739848985, 1241739923203, 0, 0, 0, 0, 0, 3, 0, 217283, 4, 
967846, 1241729113421, 1241729123858, 0, 0, 0, 0, 0, 0, 0, 0, 1, 
971101, 1241737288686, 1241739003558, 0, 805, 5, 139.6, 0, 1, 0, 135526, 3, 
98240, 1241728050714, 1241728105758, 0, 0, 0, 0, 0, 0, 0, 0, 1, 0
982699, 1241729521544, 1241729537430, 0, 0, 0, 0, 0, 0, 0, 0, 1, 
985962, 1241727345135, 1241728078910, 0, 0, 0, 0, 0, 0, 0, 0, 1, 
995, , , 129.1, 0, 0, 0, 0, 13, 20, 12, , 
99802, , , 47.1, 0, 0, 0, 0, 10, 0, 10184, , 
<<<<EndTable

PlayersOnlineNow=28
PlayersOnlineEachMinute=0, 1, 2, 3, 2, 2, 3, 3, 3, 4, 3, 3, 3, 4, 3, 3, 4, 5, 4, 7, 7, 8, 8, 9, 9, 9, 9, 9, 8, 7, 8, 9, 7, 7, 6, 6, 6, 6, 7, 7, 8, 9, 11, 11, 10, 10, 14, 15, 17, 15, 14, 15, 15, 15, 15, 16, 15, 14, 14, 14, 14, 14, 15, 15, 14, 14, 15, 15, 18, 21, 21, 19, 19, 19, 19, 20, 19, 20, 20, 20, 22, 20, 22, 21, 20, 19, 20, 19, 21, 22, 21, 20, 19, 17, 20, 18, 17, 16, 18, 19, 17, 20, 22, 23, 23, 21, 21, 20, 20, 20, 17, 16, 15, 15, 16, 16, 14, 15, 17, 16, 17, 18, 20, 19, 18, 17, 19, 20, 19, 18, 21, 20, 19, 20, 21, 21, 16, 19, 16, 18, 20, 22, 23, 21, 21, 22, 21, 24, 22, 22, 24, 22, 23, 21, 26, 24, 25, 24, 23, 23, 22, 19, 22, 24, 26, 21, 23, 24, 21, 24, 24, 25, 25, 28, 27, 27, 28, 27, 25, 26, 26, 25, 27, 24, 22, 21, 19, 18, 19, 19, 19, 19, 21, 20, 18, 19, 18, 17, 18, 21, 21, 19, 16, 17, 18, 19, 18, 18, 20, 20, 20, 20, 23, 20, 19, 17, 18, 21, 21, 20, 22, 21, 21, 22, 25, 22, 25, 22, 25, 24, 20, 20, 21, 17, 17, 20, 21, 22, 23, 23, 22, 24, 25, 26, 23, 22, 22, 21, 20, 23, 22, 22, 23, 23, 23, 25, 23, 25, 23, 25
PlayersInEachFeedingGame=1, 1, 1, 1, 1, 1, 1, 2, 1, 2, 2, 2, 2, 1, 1, 2, 2, 2, 1, 2, 2, 2, 1, 2, 1, 2, 2, 1, 2, 2, 2, 2, 2, 1, 1, 1, 1, 1, 2, 2, 1, 2, 2, 2, 2, 1, 1, 2, 2, 2, 1, 1, 2, 2, 2, 2, 2, 2, 2, 2, 2, 2, 1, 2, 1, 2, 1, 1, 4, 1, 1, 2, 1, 1, 3, 1, 2, 1, 2, 1, 2, 2, 1, 2, 1, 1, 1, 2, 2, 1, 2, 1, 1, 1, 1, 2, 2, 1, 2, 1, 2, 1, 1, 2, 1, 1, 1, 1, 1, 1, 1, 1, 2, 2, 1, 2, 1, 1, 2, 1, 1, 2, 1, 1, 1, 2, 2, 1, 2, 2, 2, 1, 1, 2, 1, 2, 1, 2, 1, 1, 1, 2, 2, 2, 1, 1, 2, 2, 1, 2, 2, 1, 2, 2, 2, 2, 1, 2, 2, 2, 1, 2, 2, 2, 2, 1, 2, 1, 2, 2, 1, 2, 1, 2, 1, 2, 2, 1, 2, 1, 2, 2, 1, 1, 1, 2, 1, 2, 1, 1, 2, 2, 2, 3, 1, 1, 2, 1, 1, 2, 1, 2, 2, 2, 2, 2, 2, 1, 2, 2, 1, 1, 1, 2, 2, 1, 2, 1, 1, 2, 1, 2, 1, 2, 1, 1, 2, 1, 2, 2, 1, 1, 2, 1, 1, 2, 2, 2, 1, 1, 2, 1, 2, 1, 2, 2, 2, 1, 1, 1, 1, 1, 2, 2, 1, 1, 1, 1, 1, 2, 2, 2, 1, 2, 1, 1, 2, 2, 2, 2, 2, 1, 1, 1, 2, 1, 2, 2, 1, 2, 1, 2, 1, 1, 1, 1, 1, 2, 2
PlayersStarted=421
PlayersQuit=393
StatsStartTime=1241726206709
StatsDumpTime=1241741808053
<<<<EndStats
2009-05-07 17:17:03,231 ERROR: vampire.server.feeding.FeedingRecord sendPlayerStartGameMsg [playerId=1223345, prey=false, _predatorIndex=]
2009-05-07 17:17:34,937 ERROR: vampire.server.feeding.FeedingRecord sendPlayerStartGameMsg [playerId=102595, prey=false, _predatorIndex=]
2009-05-07 17:18:17,655 ERROR: vampire.server.feeding.FeedingRecord sendPlayerStartGameMsg [playerId=16514, prey=true, _predatorIndex=]
2009-05-07 17:18:17,656 ERROR: vampire.server.feeding.FeedingRecord sendPlayerStartGameMsg [playerId=316089, prey=false, _predatorIndex=]
2009-05-07 17:18:59,790 ERROR: vampire.server.feeding.FeedingRecord sendPlayerStartGameMsg [playerId=1046581, prey=false, _predatorIndex=]
2009-05-07 17:19:41,527 ERROR: vampire.server.feeding.FeedingRecord sendPlayerStartGameMsg [playerId=1325708, prey=false, _predatorIndex=102595]
2009-05-07 17:19:45,465 ERROR: vampire.server.feeding.FeedingRecord sendPlayerStartGameMsg [playerId=1223345, prey=false, _predatorIndex=]
2009-05-07 17:21:04,416 ERROR: vampire.server.feeding.FeedingRecord sendPlayerStartGameMsg [playerId=1111437, prey=false, _predatorIndex=]
2009-05-07 17:21:12,662 ERROR: vampire.server.feeding.FeedingRecord sendPlayerStartGameMsg [playerId=102595, prey=false, _predatorIndex=102595,1325708]
2009-05-07 17:21:45,411 ERROR: vampire.server.feeding.FeedingRecord sendPlayerStartGameMsg [playerId=68523, prey=true, _predatorIndex=]
2009-05-07 17:21:45,412 ERROR: vampire.server.feeding.FeedingRecord sendPlayerStartGameMsg [playerId=125837, prey=false, _predatorIndex=]
2009-05-07 17:22:06,524 ERROR: vampire.server.feeding.FeedingRecord sendPlayerStartGameMsg [playerId=1223345, prey=false, _predatorIndex=]
2009-05-07 17:22:41,763 ERROR: vampire.server.feeding.FeedingRecord sendPlayerStartGameMsg [playerId=1118266, prey=true, _predatorIndex=]
2009-05-07 17:22:41,764 ERROR: vampire.server.feeding.FeedingRecord sendPlayerStartGameMsg [playerId=78233, prey=false, _predatorIndex=]
2009-05-07 17:22:58,627 ERROR: vampire.server.feeding.FeedingRecord sendPlayerStartGameMsg [playerId=1325708, prey=false, _predatorIndex=78233]
2009-05-07 17:24:06,656 ERROR: vampire.server.feeding.FeedingRecord sendPlayerStartGameMsg [playerId=1325708, prey=false, _predatorIndex=78233,1325708]
2009-05-07 17:24:20,419 ERROR: vampire.server.feeding.FeedingRecord sendPlayerStartGameMsg [playerId=1223345, prey=false, _predatorIndex=]
2009-05-07 17:24:28,051 ERROR: vampire.server.feeding.FeedingRecord sendPlayerStartGameMsg [playerId=102595, prey=true, _predatorIndex=]
2009-05-07 17:24:28,052 ERROR: vampire.server.feeding.FeedingRecord sendPlayerStartGameMsg [playerId=1325708, prey=false, _predatorIndex=]
2009-05-07 17:25:10,997 ERROR: vampire.server.feeding.FeedingRecord sendPlayerStartGameMsg [playerId=881995, prey=false, _predatorIndex=]
2009-05-07 17:25:32,979 ERROR: vampire.server.feeding.FeedingRecord sendPlayerStartGameMsg [playerId=33511, prey=true, _predatorIndex=]
2009-05-07 17:25:32,980 ERROR: vampire.server.feeding.FeedingRecord sendPlayerStartGameMsg [playerId=1118266, prey=false, _predatorIndex=]
2009-05-07 17:25:56,342 ERROR: vampire.server.feeding.FeedingRecord sendPlayerStartGameMsg [playerId=116434, prey=false, _predatorIndex=]
2009-05-07 17:26:44,147 ERROR: vampire.server.feeding.FeedingRecord sendPlayerStartGameMsg [playerId=1046581, prey=false, _predatorIndex=1118266]

