
>>>>BeginStats

>>>>BeginTable
PlayerId, StartTime, EndTime, ProgenyPayout, XPFromFeeding, FeedingGames, MeanFeedingScore, BloodBond, Progeny, GrandProgeny, Sire, Level, Invites
1011089, 1241578482197, , 0, 249, 1, 350, 1031623, 0, 0, 916261, 3, 0
1012813, , , 110.14999999999999, 0, 0, 0, 0, 6, 16, 54776, , 
101493, 1241571926392, 1241572481548, 0, 657, 2, 489, 0, 2, 2, 52887, 4, 0
1015556, 1241575407297, 1241575561864, 0, 0, 0, 0, 0, 0, 0, 0, 1, 
1021130, 1241577362461, 1241577478265, 0, 0, 0, 0, 0, 0, 0, 865399, 2, 
1021678, 1241569240573, 1241569657198, 0, 109, 1, 109, 0, 0, 0, 0, 1, 
1023595, 1241570397046, 1241570412567, 0, 0, 0, 0, 0, 0, 0, 0, 1, 
10260, , , 562.4000000000001, 0, 0, 0, 0, 8, 7, 713, , 
102770, , , 104.10000000000001, 0, 0, 0, 0, 4, 2, 7078, , 
103033, 1241574637887, 1241575832823, 174.89999999999998, 2177, 11, 216.9090909090909, 767143, 11, 13, 81899, 6, 1
1031623, 1241577765945, , 0, 777, 6, 107.33333333333333, 1011089, 0, 0, 1261178, 3, 0
1032421, 1241578674473, , 61.800000000000004, 259, 2, 209.5, 0, 7, 1, 990799, 6, 1
1032648, , , 41.1, 0, 0, 0, 0, 4, 2, 234337, , 
1043, 1241573936970, 1241575083980, 0, 0, 0, 0, 453, 5, 2, 12, 13, 3
1047840, , , 13.200000000000001, 0, 0, 0, 0, 3, 0, 408501, , 
1062853, , , 18.8, 0, 0, 0, 0, 9, 16, 1124214, , 
10642, 1241571269031, 1241574937489, 11.100000000000001, 1452, 5, 398.8, 447249, 31, 46, 351598, 15, 2
1085176, 1241571948338, 1241572212830, 0, 0, 0, 0, 0, 0, 0, 0, 1, 
1085912, 1241576320215, 1241576855199, 0, 377, 2, 145, 0, 0, 0, 16807, 2, 
1089041, 1241577746006, , 0, 903, 6, 93.5, 0, 0, 0, 10260, 2, 0
1090442, 1241571527245, 1241573067868, 0, 710, 6, 119.66666666666667, 0, 3, 5, 797824, 4, 
1090611, 1241573402104, , 0, 411, 3, 148.66666666666666, 1032874, 2, 0, 1032648, 4, 0
1092321, 1241576424217, , 9.05, 3889, 13, 372.2307692307692, 53030, 28, 34, 35568, 8, 2
1100116, 1241572708490, 1241575736964, 0, 1638, 16, 103.3125, 0, 0, 0, 103033, 2, 
1117799, 1241578512133, , 0, 2697, 11, 249.36363636363637, 0, 1, 0, 592692, 4, 0
1118730, 1241577474913, , 0, 234, 2, 114, 0, 0, 0, 95479, 1, 0
1119381, 1241574529666, 1241574540557, 0, 0, 0, 0, 0, 0, 0, 0, 1, 
1120227, 1241569207849, 1241569977121, 0, 472, 2, 104, 0, 0, 0, 154004, 1, 
1122657, 1241577027758, 1241577659179, 0, 877, 3, 213.33333333333334, 0, 0, 0, 1223973, 1, 
1124156, 1241573916947, 1241574296863, 36.5, 272, 2, 148, 269484, 6, 2, 184671, 5, 1
1124214, , , 9.4, 0, 0, 0, 0, 6, 9, 1122449, , 
113127, , , 55.35, 0, 0, 0, 0, 2, 5, 156956, , 
113237, , , 60.300000000000004, 0, 0, 0, 0, 9, 19, 10642, , 
114461, 1241569159582, 1241570398884, 97.7, 63, 1, 125, 0, 2, 0, 390995, 4, 0
114727, 1241569799708, 1241570216955, 0, 0, 0, 0, 0, 0, 0, 0, 1, 
1148755, , , 18.1, 0, 0, 0, 0, 21, 1, 1092321, , 
1152211, , , 18.8, 0, 0, 0, 0, 1, 2, 452296, , 
1155409, , , 316.4000000000001, 0, 0, 0, 0, 2, 1, 674637, , 
1160951, 1241571173675, 1241571260848, 0, 0, 0, 0, 0, 0, 0, 0, 1, 
1172363, 1241572365140, 1241572368375, 0, 0, 0, 0, 0, 0, 0, 0, 1, 
1173261, 1241570715019, 1241570792526, 0, 0, 0, 0, 0, 0, 0, 0, 1, 
117371, 1241576605626, 1241576853195, 0, 0, 0, 0, 0, 0, 0, 157229, 2, 0
117857, , , 23.900000000000002, 0, 0, 0, 0, 3, 5, 146211, , 
1178576, 1241573655104, 1241573936910, 0, 0, 0, 0, 0, 0, 0, 0, 2, 
1192337, , , 404.69999999999993, 0, 0, 0, 0, 16, 6, 1012813, , 
12, , , 1139.4999999999995, 0, 0, 0, 0, 20, 58, 383387, , 
1200801, 1241577067566, , 0, 2786, 8, 415.875, 0, 0, 0, 18, 3, 0
1212556, 1241578318442, 1241578546316, 0, 146, 1, 143, 0, 0, 0, 0, 1, 
1214027, 1241578288488, 1241578302703, 0, 0, 0, 0, 0, 0, 0, 0, 1, 
1214279, 1241573725867, 1241575790619, 0, 188, 1, 125, 0, 2, 0, 1152211, 3, 
1217334, 1241573600136, 1241574963551, 0, 618, 5, 103.6, 0, 0, 0, 1032421, 2, 
1220243, 1241576391277, 1241577593508, 0, 883, 6, 103.16666666666667, 0, 0, 0, 402647, 2, 
1222347, 1241577972900, , 0, 370, 3, 87.66666666666667, 0, 0, 0, 156489, 1, 0
1223973, 1241576080915, 1241577528617, 0, 1075, 5, 183.2, 0, 1, 0, 0, 2, 1
1224463, 1241572843374, 1241573018205, 0, 0, 0, 0, 0, 0, 0, 0, 1, 
1225520, 1241575021246, 1241575315273, 0, 131, 1, 108, 0, 0, 0, 0, 1, 
1226609, 1241572335033, 1241573363108, 0, 499, 3, 144.66666666666666, 0, 0, 0, 57748, 1, 
122907, , , 32.45, 0, 0, 0, 0, 6, 11, 251062, , 
1241265, 1241572663127, 1241572672374, 0, 0, 0, 0, 0, 0, 0, 0, 1, 
124952, 1241572583555, 1241573490646, 0, 0, 0, 0, 0, 1, 0, 207284, 3, 0
1251906, 1241575718356, 1241576992109, 0, 441, 4, 108.5, 0, 0, 0, 162239, 2, 
125207, 1241575026332, 1241575361947, 0, 277, 2, 152, 273503, 1, 0, 544643, 4, 0
1252987, 1241573880848, 1241575436885, 0, 96, 1, 97, 0, 0, 0, 57748, 1, 
125347, 1241569553084, 1241569701039, 0, 0, 0, 0, 0, 0, 0, 561527, 1, 0
1254072, 1241570867246, 1241571095776, 0, 159, 1, 159, 0, 0, 0, 186318, 2, 
1254298, 1241574316506, 1241574548604, 0, 197, 1, 141, 0, 0, 0, 103033, 1, 
1254611, 1241569422106, 1241570276953, 0, 181, 2, 90.5, 0, 0, 0, 1148755, 1, 
1254726, 1241570670956, 1241572348030, 0, 998, 6, 123.83333333333333, 1111604, 0, 0, 502119, 3, 
1255018, 1241569228879, 1241569916956, 0, 592, 3, 120.33333333333333, 0, 0, 0, 114461, 2, 
1257392, 1241571987484, 1241572126302, 0, 0, 0, 0, 0, 0, 0, 0, 1, 
125787, 1241573877967, 1241573902423, 0, 0, 0, 0, 0, 1, 0, 22707, 4, 1
1261178, 1241578213447, , 51.2, 2908, 15, 129.73333333333332, 0, 1, 0, 1155409, 3, 0
1263033, 1241578429261, , 0, 112, 1, 124, 0, 0, 0, 0, 1, 0
1273151, 1241571440242, 1241571548425, 0, 0, 0, 0, 0, 0, 0, 0, 1, 
12770, , , 66.80000000000001, 0, 0, 0, 0, 23, 25, 383387, , 
1277027, 1241574901804, 1241574917331, 0, 0, 0, 0, 0, 0, 0, 0, 1, 
1278661, 1241571684619, 1241572016885, 0, 385, 6, 63, 0, 0, 0, 114461, 1, 
1279203, 1241571286043, 1241572241696, 0, 960, 3, 378.6666666666667, 0, 0, 0, 57748, 1, 
1279275, 1241569389493, 1241570220119, 0, 1118, 4, 360.25, 0, 0, 0, 0, 2, 
1279492, 1241570502534, 1241570589656, 0, 0, 0, 0, 0, 0, 0, 0, 1, 
1280560, 1241575786673, 1241575823024, 0, 0, 0, 0, 0, 0, 0, 0, 1, 
1280661, 1241575057631, 1241575174260, 0, 0, 0, 0, 0, 0, 0, 0, 1, 
1280721, 1241575558676, 1241576218013, 0, 985, 2, 143, 0, 0, 0, 4139, 1, 
1281030, 1241578457162, , 0, 0, 0, 0, 0, 0, 0, 0, 1, 0
128794, , , 9.4, 0, 0, 0, 0, 2, 4, 93202, , 
130244, , , 185.20000000000005, 0, 0, 0, 0, 3, 9, 237967, , 
142290, 1241575401949, 1241576547124, 0, 1180, 7, 148.28571428571428, 0, 1, 0, 296658, 3, 
143050, 1241571566585, 1241572705631, 0, 537, 2, 165, 0, 0, 0, 0, 1, 
143268, 1241569303407, 1241570115387, 0, 0, 0, 0, 0, 0, 0, 0, 1, 
143509, 1241573736122, 1241574072027, 0, 152, 2, 79, 0, 0, 0, 209500, 2, 0
143538, , , 224.45000000000005, 0, 0, 0, 0, 2, 21, 1531, , 
145006, , , 46.400000000000006, 0, 0, 0, 0, 3, 3, 245338, , 
147628, , , 79.4, 0, 0, 0, 0, 6, 3, 63846, , 
149284, 1241578515360, , 0, 127, 1, 123, 0, 0, 0, 408501, 1, 0
150179, 1241573524021, 1241573532534, 0, 0, 0, 0, 0, 1, 0, 10642, 4, 0
152558, 1241576494813, 1241576846688, 0, 0, 0, 0, 177614, 0, 0, 122907, 3, 0
153097, 1241574898724, 1241575836983, 0, 188, 1, 250, 1110484, 16, 0, 1062853, 4, 14
1531, , , 108.90000000000002, 0, 0, 0, 0, 2, 14, 12, , 
154004, 1241571344486, 1241571447323, 47.2, 461, 2, 314, 561706, 9, 6, 90041, 4, 0
154875, 1241571924596, 1241572250642, 0, 90, 1, 90, 0, 0, 0, 0, 1, 
155376, , , 110.7, 0, 0, 0, 0, 5, 0, 113127, , 
156489, 1241578274173, , 26.400000000000002, 397, 2, 300.5, 154238, 14, 23, 713, 9, 1
158630, , , 49.1, 0, 0, 0, 0, 5, 1, 304445, , 
159950, 1241577600517, 1241577622517, 0, 0, 0, 0, 0, 0, 0, 0, 1, 
159989, 1241578625092, , 0, 359, 1, 206, 0, 0, 0, 176491, 4, 0
161283, , , 47.800000000000004, 0, 0, 0, 0, 5, 0, 117857, , 
162239, , , 44.1, 0, 0, 0, 0, 2, 0, 192883, , 
162352, 1241572055789, , 0, 2376, 15, 104.66666666666667, 0, 0, 0, 57748, 2, 0
164243, , , 18.8, 0, 0, 0, 0, 4, 2, 128794, , 
16600, , , 12.100000000000001, 0, 0, 0, 0, 1, 1, 209258, , 
166371, , , 138.1, 0, 0, 0, 0, 4, 4, 267622, , 
167153, , , 7.6, 0, 0, 0, 0, 3, 16, 12, , 
16807, , , 37.7, 0, 0, 0, 0, 2, 0, 592692, , 
168426, 1241571550200, 1241571855548, 0, 188, 1, 252, 0, 1, 0, 164243, 4, 0
171151, , , 36.400000000000006, 0, 0, 0, 0, 39, 0, 21067, , 
171513, , , 13.600000000000001, 0, 0, 0, 0, 8, 1, 170191, , 
171683, 1241570735185, 1241572426547, 0, 478, 3, 178.66666666666666, 0, 0, 0, 161283, 4, 0
172276, , , 22.5, 0, 0, 0, 0, 2, 0, 554253, , 
175065, , , 8.200000000000001, 0, 0, 0, 0, 1, 4, 401467, , 
176491, , , 35.9, 0, 0, 0, 0, 3, 0, 54776, , 
17790, 1241574640474, 1241577325012, 0, 5692, 10, 748.3, 1062, 12, 13, 20260, 15, 3
18, , , 278.6, 0, 0, 0, 0, 1, 0, 383387, , 
181264, , , 51, 0, 0, 0, 0, 2, 2, 3812, , 
181386, 1241578013522, 1241578431916, 0, 392, 2, 196, 0, 0, 0, 172276, 1, 
181388, 1241570715726, 1241570959432, 0, 89, 1, 89, 0, 1, 1, 333875, 2, 0
184671, , , 45.45, 0, 0, 0, 0, 1, 6, 171513, , 
185585, 1241574869998, 1241575376942, 0, 132, 1, 132, 0, 0, 0, 1047840, 1, 0
186318, , , 15.9, 0, 0, 0, 0, 1, 0, 205535, , 
187326, 1241573126955, 1241575676967, 99.60000000000001, 584, 4, 114.25, 0, 2, 0, 194202, 5, 1
192883, , , 22.05, 0, 0, 0, 0, 8, 2, 210210, , 
193495, 1241577962661, , 0, 364, 3, 136.66666666666666, 0, 0, 0, 171151, 1, 0
194202, 1241574325464, 1241574908948, 108.20000000000002, 749, 4, 270.5, 0, 2, 2, 102770, 6, 1
196614, 1241576443919, 1241576571210, 0, 0, 0, 0, 0, 0, 0, 196543, 1, 
199624, 1241576112944, 1241576559319, 0, 996, 3, 332, 0, 0, 0, 187326, 2, 
200145, , , 294.90000000000003, 0, 0, 0, 0, 1, 4, 209656, , 
20260, , , 598.3, 0, 0, 0, 0, 18, 32, 12, , 
205446, 1241570593692, 1241571762493, 0, 1966, 6, 144.83333333333334, 96675, 0, 0, 96675, 4, 
205535, 1241573701375, 1241574025946, 7.95, 0, 0, 0, 0, 2, 2, 95479, 7, 2
205927, 1241570636282, 1241571673931, 0, 1107, 7, 120.42857142857143, 0, 0, 0, 155376, 3, 0
208716, 1241576880632, 1241576941193, 0, 0, 0, 0, 0, 0, 0, 323132, 3, 0
209500, , , 15.2, 0, 0, 0, 0, 3, 1, 167153, , 
209656, , , 98.29999999999998, 0, 0, 0, 0, 6, 2, 167153, , 
210163, , , 141.00000000000003, 0, 0, 0, 0, 12, 11, 255725, , 
21067, , , 18.200000000000003, 0, 0, 0, 0, 2, 39, 302907, , 
21343, 1241569168971, 1241569977127, 0, 327, 2, 132, 0, 0, 0, 510740, 2, 0
217283, 1241574729001, 1241575436892, 38.2, 0, 0, 0, 532467, 57, 23, 57393, 12, 22
223494, , , 21.6, 0, 0, 0, 0, 1, 1, 179687, , 
22707, , , 623.9499999999999, 0, 0, 0, 0, 7, 11, 8842, , 
228469, 1241572214713, 1241572790096, 0, 369, 2, 122, 0, 0, 0, 238807, 2, 0
230164, 1241578213290, 1241578246734, 0, 0, 0, 0, 510740, 11, 9, 250837, 19, 2
23340, , , 249.8, 0, 0, 0, 0, 10, 5, 383387, , 
234337, , , 20.55, 0, 0, 0, 0, 5, 4, 97523, , 
237967, , , 98.85, 0, 0, 0, 0, 3, 6, 336228, , 
238349, 1241572658472, 1241572661382, 0, 0, 0, 0, 0, 0, 0, 233753, 1, 0
238807, , , 36.900000000000006, 0, 0, 0, 0, 1, 0, 424274, , 
245338, , , 23.200000000000003, 0, 0, 0, 0, 10, 4, 77353, , 
251062, , , 9.1, 0, 0, 0, 0, 6, 17, 296361, , 
255725, , , 22.650000000000002, 0, 0, 0, 0, 1, 12, 309124, , 
258951, , , 217.50000000000003, 0, 0, 0, 0, 23, 12, 1265, , 
259344, 1241575574877, , 13.3, 2178, 8, 400.875, 223864, 21, 15, 143538, 11, 2
2606, 1241574058684, 1241575134335, 0, 0, 0, 0, 0, 8, 2, 307471, 6, 1
261567, , , 17.75, 0, 0, 0, 0, 32, 3, 237231, , 
262548, 1241578398108, 1241578628703, 0, 182, 1, 182, 0, 1, 2, 122907, 4, 0
262805, 1241576272690, 1241576378378, 0, 0, 0, 0, 0, 1, 0, 389778, 5, 2
263486, 1241574850071, 1241574872361, 0, 0, 0, 0, 0, 0, 0, 0, 1, 
267042, 1241575441206, 1241575590429, 0, 0, 0, 0, 0, 0, 0, 0, 1, 
267622, , , 69.05, 0, 0, 0, 0, 2, 4, 1632, , 
269484, 1241574819116, 1241577269638, 0, 1381, 7, 268.57142857142856, 1124156, 4, 0, 166371, 6, 1
276660, 1241569595811, 1241570336944, 0, 274, 2, 137, 0, 0, 0, 380650, 2, 2
280634, , , 42.400000000000006, 0, 0, 0, 0, 5, 2, 280346, , 
280766, 1241575218424, 1241578455610, 0, 195, 1, 170, 0, 0, 0, 83959, 4, 0
283305, 1241574108600, 1241574950139, 134.84999999999997, 288, 1, 218, 544450, 2, 8, 497122, 8, 3
288860, , , 58.2, 0, 0, 0, 0, 5, 8, 20260, , 
296658, , , 239.40000000000003, 0, 0, 0, 0, 9, 2, 299646, , 
298666, 1241577435963, , 0, 133, 1, 152, 868186, 6, 0, 259344, 7, 1
299646, , , 119.70000000000002, 0, 0, 0, 0, 4, 9, 69257, , 
301100, 1241570888323, 1241570895722, 0, 0, 0, 0, 0, 0, 0, 0, 1, 
30158, , , 84.80000000000001, 0, 0, 0, 0, 2, 5, 280634, , 
304966, 1241570548357, 1241571194177, 0, 0, 0, 0, 0, 1, 0, 1362, 2, 1
307471, , , 12.700000000000001, 0, 0, 0, 0, 6, 18, 12, , 
311835, 1241576876978, 1241577306669, 0, 0, 0, 0, 0, 0, 0, 111950, 4, 0
316089, 1241577935506, 1241578477145, 0, 582, 2, 410.5, 288860, 8, 1, 288860, 7, 5
32169, 1241575837978, , 0, 4721, 11, 582.8181818181819, 219, 7, 0, 10260, 13, 4
32314, 1241576524048, 1241576685722, 0, 4996, 8, 608.5, 635003, 10, 14, 40508, 13, 2
33302, 1241572751431, 1241572899763, 0, 0, 0, 0, 0, 0, 0, 0, 1, 
333875, , , 8.9, 0, 0, 0, 0, 2, 1, 96675, , 
336228, , , 469.70000000000005, 0, 0, 0, 0, 10, 14, 307471, , 
339818, , , 24.200000000000003, 0, 0, 0, 0, 1, 1, 16600, , 
345939, 1241573956036, 1241574792698, 0, 797, 6, 118, 3811, 0, 0, 544450, 3, 0
350309, 1241569980985, 1241570598883, 0, 355, 3, 118.33333333333333, 0, 0, 0, 503952, 3, 0
351430, 1241573464935, 1241576503985, 888.6000000000001, 254, 1, 331, 336228, 11, 46, 336228, 13, 2
351598, , , 145.20000000000002, 0, 0, 0, 0, 1, 31, 359624, , 
35568, , , 388.90000000000003, 0, 0, 0, 0, 2, 28, 258951, , 
359624, , , 72.60000000000001, 0, 0, 0, 0, 3, 1, 201132, , 
36377, 1241571299076, 1241571932127, 0, 697, 3, 291.3333333333333, 0, 4, 8, 453809, 10, 3
372887, , , 34.85, 0, 0, 0, 0, 1, 1, 386780, , 
375444, , , 13.700000000000001, 0, 0, 0, 0, 3, 10, 12770, , 
380650, , , 27.400000000000002, 0, 0, 0, 0, 3, 0, 375444, , 
3812, , , 25.5, 0, 0, 0, 0, 1, 2, 65584, , 
383387, , , 172.70000000000002, 0, 0, 0, 0, 7, 57, 0, , 
388185, 1241571560575, 1241572488032, 0, 0, 0, 0, 0, 2, 2, 12770, 4, 0
388615, , , 3.1500000000000004, 0, 0, 0, 0, 1, 2, 395687, , 
390995, , , 55.15, 0, 0, 0, 0, 2, 2, 388615, , 
391307, 1241571184483, 1241571196466, 0, 0, 0, 0, 0, 0, 0, 304966, 1, 0
394891, 1241570562343, 1241570577205, 0, 0, 0, 0, 0, 0, 0, 158630, 3, 0
397835, , , 170.7, 0, 0, 0, 0, 5, 30, 47379, , 
402647, 1241575384654, 1241578599988, 43.5, 4240, 11, 343.3636363636364, 250107, 12, 3, 408501, 13, 6
403501, , , 9.75, 0, 0, 0, 0, 6, 1, 124503, , 
40508, , , 499.6, 0, 0, 0, 0, 4, 10, 23340, , 
408501, 1241575423933, , 465.0500000000001, 764, 5, 154, 0, 7, 18, 637936, 10, 2
4139, 1241573436593, 1241576854602, 98.5, 8409, 16, 700.0625, 44987, 22, 23, 713, 17, 3
415271, , , 30, 0, 0, 0, 0, 10, 1, 66689, , 
420097, , , 98.2, 0, 0, 0, 0, 1, 0, 158630, , 
424274, , , 18.450000000000003, 0, 0, 0, 0, 1, 1, 121984, , 
43017, 1241571885383, 1241572316873, 0, 242, 2, 141, 58859, 1, 1, 339818, 9, 2
430717, 1241576567989, 1241577823280, 0, 0, 0, 0, 503425, 30, 25, 256746, 12, 6
432820, 1241577562876, , 0, 510, 4, 138, 0, 2, 1, 181264, 4, 2
43386, 1241575543094, 1241577716894, 106.4, 1320, 4, 480.25, 106210, 4, 4, 130244, 8, 4
433908, 1241570671012, 1241571236973, 0, 464, 3, 153, 512737, 3, 1, 145006, 7, 1
438751, 1241569174961, 1241569377182, 191.4, 453, 1, 472, 988642, 11, 2, 210163, 8, 1
439277, , , 39.85000000000001, 0, 0, 0, 0, 7, 7, 208602, , 
445660, , , 117.45, 0, 0, 0, 0, 4, 7, 54812, , 
451351, 1241570214602, 1241570356860, 0, 0, 0, 0, 0, 0, 0, 115341, 4, 
452296, , , 9.4, 0, 0, 0, 0, 9, 1, 103144, , 
453809, , , 69.7, 0, 0, 0, 0, 1, 4, 372887, , 
47379, , , 85.35, 0, 0, 0, 0, 4, 5, 54776, , 
480591, 1241571866624, 1241572120085, 0, 0, 0, 0, 0, 0, 0, 128013, 2, 0
483162, 1241575744485, 1241578046579, 0, 2349, 4, 702, 0, 11, 2, 534632, 12, 8
497122, , , 28.8, 0, 0, 0, 0, 14, 2, 82321, , 
502119, 1241575896634, , 154.50000000000003, 5467, 14, 358.35714285714283, 520359, 10, 13, 22707, 9, 1
503, , , 829.2000000000002, 0, 0, 0, 0, 5, 1, 12, , 
503952, , , 35.5, 0, 0, 0, 0, 2, 0, 261567, , 
506667, 1241574727883, 1241575894300, 0, 164, 2, 63, 0, 0, 0, 58022, 2, 1
510740, , , 32.7, 0, 0, 0, 0, 70, 3, 534632, , 
510796, 1241576482515, 1241576746181, 0, 0, 0, 0, 0, 0, 0, 551714, 2, 0
52887, , , 65.7, 0, 0, 0, 0, 3, 2, 237967, , 
53030, , , 28.5, 0, 0, 0, 0, 10, 2, 122907, , 
534632, , , 251.25000000000003, 0, 0, 0, 0, 7, 81, 445660, , 
535, 1241577650311, , 0, 794, 2, 339, 533, 3, 2, 147628, 12, 3
544450, , , 93.55000000000001, 0, 0, 0, 0, 7, 1, 439277, , 
544643, , , 27.700000000000003, 0, 0, 0, 0, 1, 1, 544450, , 
547122, 1241578025287, 1241578244542, 0, 102, 1, 102, 0, 0, 0, 0, 1, 
54776, 1241569851247, 1241570180289, 17.95, 0, 0, 0, 0, 74, 33, 89757, 15, 3
554253, , , 11.25, 0, 0, 0, 0, 1, 2, 73481, , 
560572, 1241573371155, 1241574986887, 0, 1214, 8, 157.875, 0, 1, 0, 296658, 2, 
562788, , , 61.150000000000006, 0, 0, 0, 0, 1, 5, 409656, , 
57748, 1241570388127, 1241575601687, 368.8000000000001, 2203, 10, 198, 0, 5, 0, 1192337, 3, 
58022, , , 16.400000000000002, 0, 0, 0, 0, 4, 0, 175065, , 
586681, , , 11.7, 0, 0, 0, 0, 6, 8, 10642, , 
592692, , , 288.54999999999995, 0, 0, 0, 0, 8, 3, 283305, , 
597005, 1241573534473, 1241576318376, 0, 1223, 6, 206.66666666666666, 0, 2, 1, 603011, 4, 0
603011, , , 122.30000000000001, 0, 0, 0, 0, 5, 2, 562788, , 
618376, , , 12.450000000000001, 0, 0, 0, 0, 1, 1, 900329, , 
620326, 1241573562142, 1241574023545, 0, 300, 2, 201.5, 0, 1, 0, 415271, 4, 
624485, 1241569233609, 1241570344080, 0, 0, 0, 0, 0, 0, 0, 562953, 2, 
635003, 1241575785778, 1241576124069, 0, 848, 4, 303.25, 32314, 5, 0, 30158, 7, 1
636873, 1241577308901, 1241577453271, 0, 0, 0, 0, 0, 0, 0, 1892, 2, 
637936, , , 294.75000000000006, 0, 0, 0, 0, 3, 7, 217283, , 
638007, 1241571262790, 1241571291677, 0, 0, 0, 0, 0, 0, 0, 0, 1, 
63846, , , 39.7, 0, 0, 0, 0, 1, 6, 65246, , 
639914, 1241569193149, 1241569589107, 0, 556, 2, 320, 431598, 0, 0, 797824, 4, 
66689, , , 15, 0, 0, 0, 0, 4, 10, 124585, , 
674637, , , 145.40000000000003, 0, 0, 0, 0, 1, 2, 1192337, , 
68610, 1241569376666, 1241573516910, 0, 0, 0, 0, 0, 0, 0, 169869, 3, 0
68793, 1241572281670, 1241572293350, 0, 0, 0, 0, 181652, 0, 0, 201458, 4, 0
703094, 1241577835794, , 0, 285, 3, 113.33333333333333, 0, 0, 0, 53030, 2, 0
7078, , , 37.45, 0, 0, 0, 0, 9, 5, 177916, , 
70997, 1241575141707, 1241576439811, 0, 1707, 5, 330.4, 1010692, 30, 32, 397835, 12, 2
713, , , 1224.2500000000002, 0, 0, 0, 0, 11, 59, 12, , 
71724, 1241577341050, 1241577699000, 0, 432, 2, 150, 3200, 19, 5, 94103, 12, 4
749409, 1241574316848, 1241574540907, 0, 0, 0, 0, 0, 0, 0, 0, 1, 
77, 1241577236929, 1241577262317, 0, 668, 2, 334, 171151, 11, 2, 12770, 14, 2
797185, 1241574660727, 1241574828826, 0, 101, 1, 101, 0, 0, 0, 0, 1, 
797824, , , 126.60000000000002, 0, 0, 0, 0, 15, 3, 82321, , 
8013, 1241575820797, 1241576116454, 0, 365, 2, 182.5, 0, 0, 0, 1124156, 2, 
802319, , , 108.85000000000001, 0, 0, 0, 0, 2, 6, 773108, , 
81899, , , 305.1500000000001, 0, 0, 0, 0, 6, 11, 802319, , 
82321, , , 77.70000000000002, 0, 0, 0, 0, 6, 29, 57717, , 
825380, 1241570331864, 1241570659136, 0, 0, 0, 0, 0, 0, 0, 0, 1, 
833112, 1241569525850, 1241569551000, 0, 0, 0, 0, 0, 0, 0, 0, 1, 
836050, 1241572266575, 1241573704236, 76.2, 222, 1, 197, 592692, 13, 5, 113237, 8, 2
836417, , , 12.95, 0, 0, 0, 0, 3, 5, 582081, , 
83959, , , 19.5, 0, 0, 0, 0, 1, 0, 403501, , 
8527, 1241574541595, 1241576854818, 0, 8292, 15, 376.8666666666667, 10260, 1, 0, 503, 9, 1
866735, 1241570361513, 1241570642851, 0, 0, 0, 0, 0, 0, 0, 0, 1, 
87714, 1241574494014, 1241576855067, 0, 8886, 16, 509.18749999999994, 0, 9, 3, 351430, 10, 6
8842, , , 273.35, 0, 0, 0, 0, 12, 8, 1531, , 
885698, 1241572431321, 1241573932615, 0, 762, 3, 279, 891151, 4, 0, 836050, 4, 
893561, 1241577308762, 1241578072832, 0, 547, 3, 144, 0, 0, 0, 502119, 1, 
897941, 1241578137574, 1241578263048, 0, 0, 0, 0, 0, 0, 0, 232559, 1, 
90041, 1241574077820, 1241574116910, 69.7, 0, 0, 0, 175933, 9, 9, 258951, 12, 14
916261, , , 24.900000000000002, 0, 0, 0, 0, 1, 0, 618376, , 
93412, 1241570958864, 1241572076891, 0, 982, 6, 140.33333333333334, 0, 0, 0, 420097, 3, 0
9342, 1241572275640, 1241572479701, 0, 0, 0, 0, 0, 0, 0, 57748, 2, 
93532, 1241570024921, 1241570046989, 0, 0, 0, 0, 0, 0, 0, 0, 1, 
937109, 1241575629623, 1241577787798, 0, 1064, 3, 153.33333333333334, 0, 1, 0, 43386, 3, 
94103, , , 43.2, 0, 0, 0, 0, 1, 19, 223494, , 
95479, , , 23.4, 0, 0, 0, 0, 8, 2, 586681, , 
96675, 1241570600481, 1241571657352, 201.05, 1966, 6, 509.8333333333333, 205446, 4, 3, 200145, 4, 0
982699, 1241571612236, 1241571624344, 0, 0, 0, 0, 0, 0, 0, 0, 1, 
988642, 1241569161585, 1241571815281, 0, 1914, 10, 200.5, 438751, 0, 0, 438751, 3, 
990799, , , 56.800000000000004, 0, 0, 0, 0, 5, 7, 836417, , 
<<<<EndTable

PlayersOnlineNow=26
PlayersOnlineEachMinute=0, 12, 15, 17, 18, 19, 20, 20, 22, 18, 17, 20, 21, 17, 17, 17, 17, 17, 17, 16, 14, 15, 14, 16, 16, 18, 17, 19, 18, 20, 19, 20, 19, 19, 20, 16, 18, 18, 19, 19, 21, 23, 21, 21, 20, 19, 20, 21, 21, 20, 18, 18, 18, 18, 17, 19, 15, 15, 16, 17, 17, 16, 17, 16, 17, 16, 13, 14, 14, 14, 14, 15, 17, 15, 17, 19, 22, 23, 23, 25, 25, 26, 24, 23, 23, 23, 22, 27, 26, 25, 26, 25, 28, 30, 31, 30, 32, 26, 27, 27, 27, 26, 27, 25, 24, 26, 27, 28, 28, 26, 27, 27, 25, 25, 25, 24, 26, 26, 24, 25, 25, 26, 27, 29, 27, 28, 27, 27, 28, 22, 22, 20, 22, 24, 23, 24, 23, 25, 25, 23, 22, 23, 23, 20, 21, 21, 20, 23, 25, 23, 23, 25, 23, 25, 25, 25, 26, 26, 25, 26
PlayersInEachFeedingGame=1, 1, 1, 2, 1, 2, 1, 2, 1, 1, 2, 1, 3, 1, 2, 2, 1, 2, 1, 1, 2, 1, 1, 1, 1, 1, 1, 1, 1, 2, 1, 2, 2, 2, 1, 1, 1, 2, 1, 2, 2, 2, 2, 1, 2, 2, 2, 2, 2, 2, 1, 1, 2, 2, 2, 2, 1, 2, 2, 1, 2, 2, 2, 2, 2, 2, 2, 2, 1, 1, 2, 2, 1, 1, 1, 2, 1, 2, 2, 2, 1, 2, 1, 2, 1, 2, 1, 1, 2, 2, 2, 1, 3, 1, 1, 1, 1, 2, 2, 2, 2, 2, 2, 2, 2, 2, 2, 1, 1, 2, 2, 2, 2, 1, 2, 2, 1, 2, 1, 2, 2, 1, 2, 2, 1, 2, 2, 2, 1, 1, 1, 2, 1, 1, 2, 2, 2, 1, 1, 2, 2, 1, 2, 1, 2, 2, 2, 2, 2, 1, 2, 1, 1, 2, 1, 1, 2, 2, 2, 2, 2, 2, 2, 2, 2, 2, 2, 2, 1, 2, 1, 2, 2, 2, 2, 1, 1, 1, 1, 3, 2, 4, 1, 1, 2, 1, 2, 2, 2, 2, 2, 2, 1, 2, 1, 2, 2, 1, 2, 1, 2, 2, 2, 2, 1, 1, 2, 1
PlayersStarted=283
PlayersQuit=257
StatsStartTime=1241569150686
StatsDumpTime=1241578754045
<<<<EndStats
2009-05-05 19:59:26,300 ERROR: vampire.server.feeding.FeedingRecord sendPlayerStartGameMsg [playerId=149284, prey=true, _predatorIndex=]
2009-05-05 19:59:26,302 ERROR: vampire.server.feeding.FeedingRecord sendPlayerStartGameMsg [playerId=408501, prey=false, _predatorIndex=]
2009-05-05 19:59:27,648 ERROR: vampire.server.feeding.FeedingRecord sendPlayerStartGameMsg [playerId=1032421, prey=false, _predatorIndex=1117799]
2009-05-05 19:59:56,619 ERROR: vampire.server.feeding.FeedingRecord sendPlayerStartGameMsg [playerId=156489, prey=true, _predatorIndex=]
2009-05-05 19:59:56,621 ERROR: vampire.server.feeding.FeedingRecord sendPlayerStartGameMsg [playerId=1263033, prey=false, _predatorIndex=]
2009-05-05 19:59:57,933 ERROR: vampire.server.feeding.FeedingRecord sendPlayerStartGameMsg [playerId=162352, prey=false, _predatorIndex=]
2009-05-05 20:01:12,058 ERROR: vampire.server.feeding.FeedingRecord sendPlayerStartGameMsg [playerId=1089041, prey=false, _predatorIndex=]
2009-05-05 20:01:30,333 ERROR: vampire.server.feeding.FeedingRecord sendPlayerStartGameMsg [playerId=1200801, prey=false, _predatorIndex=1263033]
2009-05-05 20:01:58,022 ERROR: vampire.server.feeding.FeedingRecord sendPlayerStartGameMsg [playerId=1092321, prey=false, _predatorIndex=1263033,1200801]
2009-05-05 20:02:18,952 ERROR: vampire.server.feeding.FeedingRecord sendPlayerStartGameMsg [playerId=162352, prey=false, _predatorIndex=432820]
2009-05-05 20:02:46,730 ERROR: vampire.server.feeding.FeedingRecord sendPlayerStartGameMsg [playerId=162352, prey=false, _predatorIndex=]
2009-05-05 20:03:43,272 ERROR: vampire.server.feeding.FeedingRecord sendPlayerStartGameMsg [playerId=1117799, prey=false, _predatorIndex=1263033,1200801,1092321]
2009-05-05 20:03:46,698 ERROR: vampire.server.feeding.FeedingRecord sendPlayerStartGameMsg [playerId=1222347, prey=false, _predatorIndex=]
2009-05-05 20:04:38,561 ERROR: vampire.server.feeding.FeedingRecord sendPlayerStartGameMsg [playerId=408501, prey=true, _predatorIndex=]
2009-05-05 20:04:38,574 ERROR: vampire.server.feeding.FeedingRecord sendPlayerStartGameMsg [playerId=193495, prey=false, _predatorIndex=]
2009-05-05 20:05:19,537 ERROR: vampire.server.feeding.FeedingRecord sendPlayerStartGameMsg [playerId=1089041, prey=false, _predatorIndex=]
2009-05-05 20:05:20,125 ERROR: vampire.server.feeding.FeedingRecord sendPlayerStartGameMsg [playerId=402647, prey=true, _predatorIndex=]
2009-05-05 20:05:20,126 ERROR: vampire.server.feeding.FeedingRecord sendPlayerStartGameMsg [playerId=1222347, prey=false, _predatorIndex=]
2009-05-05 20:05:30,532 ERROR: vampire.server.feeding.FeedingRecord sendPlayerStartGameMsg [playerId=1062, prey=false, _predatorIndex=1263033,1200801,1092321,1117799]
2009-05-05 20:05:31,346 ERROR: vampire.server.feeding.FeedingRecord sendPlayerStartGameMsg [playerId=1222347, prey=false, _predatorIndex=193495]
2009-05-05 20:05:46,325 ERROR: vampire.server.feeding.FeedingRecord sendPlayerStartGameMsg [playerId=1224463, prey=true, _predatorIndex=]
2009-05-05 20:05:46,327 ERROR: vampire.server.feeding.FeedingRecord sendPlayerStartGameMsg [playerId=402647, prey=false, _predatorIndex=]
2009-05-05 20:05:46,539 ERROR: vampire.server.feeding.FeedingRecord sendPlayerStartGameMsg [playerId=298666, prey=true, _predatorIndex=]
2009-05-05 20:05:46,540 ERROR: vampire.server.feeding.FeedingRecord sendPlayerStartGameMsg [playerId=259344, prey=false, _predatorIndex=]
2009-05-05 20:05:58,312 ERROR: vampire.server.feeding.FeedingRecord sendPlayerStartGameMsg [playerId=70997, prey=false, _predatorIndex=402647]
2009-05-05 20:06:14,713 ERROR: vampire.server.feeding.FeedingRecord sendPlayerStartGameMsg [playerId=70997, prey=true, _predatorIndex=]
2009-05-05 20:06:14,715 ERROR: vampire.server.feeding.FeedingRecord sendPlayerStartGameMsg [playerId=1222347, prey=false, _predatorIndex=]
2009-05-05 20:06:52,183 ERROR: vampire.server.feeding.FeedingRecord sendPlayerStartGameMsg [playerId=162352, prey=false, _predatorIndex=]
2009-05-05 20:06:55,208 ERROR: vampire.server.feeding.FeedingRecord sendPlayerStartGameMsg [playerId=1200801, prey=false, _predatorIndex=]
2009-05-05 20:07:04,857 ERROR: vampire.server.feeding.FeedingRecord sendPlayerStartGameMsg [playerId=408501, prey=false, _predatorIndex=402647,70997]
2009-05-05 20:07:14,122 ERROR: vampire.server.feeding.FeedingRecord sendPlayerStartGameMsg [playerId=1263033, prey=true, _predatorIndex=]
2009-05-05 20:07:14,123 ERROR: vampire.server.feeding.FeedingRecord sendPlayerStartGameMsg [playerId=1200801, prey=false, _predatorIndex=]
2009-05-05 20:07:22,592 ERROR: vampire.server.feeding.FeedingRecord sendPlayerStartGameMsg [playerId=1062, prey=true, _predatorIndex=]
2009-05-05 20:07:22,597 ERROR: vampire.server.feeding.FeedingRecord sendPlayerStartGameMsg [playerId=1117799, prey=false, _predatorIndex=]
2009-05-05 20:07:22,642 ERROR: vampire.server.feeding.FeedingRecord sendPlayerStartGameMsg [playerId=156489, prey=false, _predatorIndex=1117799]
2009-05-05 20:07:37,323 ERROR: vampire.server.feeding.FeedingRecord sendPlayerStartGameMsg [playerId=1089041, prey=false, _predatorIndex=]
2009-05-05 20:07:50,672 ERROR: vampire.server.feeding.FeedingRecord sendPlayerStartGameMsg [playerId=1092321, prey=false, _predatorIndex=1200801]
2009-05-05 20:07:51,028 ERROR: vampire.server.feeding.FeedingRecord sendPlayerStartGameMsg [playerId=1117799, prey=false, _predatorIndex=1200801,1092321]
2009-05-05 20:08:31,475 ERROR: vampire.server.feeding.FeedingRecord sendPlayerStartGameMsg [playerId=1222347, prey=false, _predatorIndex=]
2009-05-05 20:08:43,496 ERROR: vampire.server.feeding.FeedingRecord sendPlayerStartGameMsg [playerId=177501, prey=true, _predatorIndex=]
2009-05-05 20:08:43,501 ERROR: vampire.server.feeding.FeedingRecord sendPlayerStartGameMsg [playerId=70997, prey=false, _predatorIndex=]

>>>>BeginStats

>>>>BeginTable
PlayerId, StartTime, EndTime, ProgenyPayout, XPFromFeeding, FeedingGames, MeanFeedingScore, BloodBond, Progeny, GrandProgeny, Sire, Level, Invites
1011089, 1241578482197, , 0, 898, 5, 223, 1031623, 0, 0, 916261, 4, 0
1012813, , , 110.14999999999999, 0, 0, 0, 0, 6, 16, 54776, , 
101493, 1241571926392, 1241572481548, 0, 657, 2, 489, 0, 2, 2, 52887, 4, 0
1015556, 1241575407297, 1241575561864, 0, 0, 0, 0, 0, 0, 0, 0, 1, 
1021130, 1241577362461, 1241577478265, 0, 0, 0, 0, 0, 0, 0, 865399, 2, 
1021678, 1241569240573, 1241569657198, 0, 109, 1, 109, 0, 0, 0, 0, 1, 
1023595, 1241570397046, 1241570412567, 0, 0, 0, 0, 0, 0, 0, 0, 1, 
10260, , , 588.1, 0, 0, 0, 0, 8, 7, 713, , 
102770, , , 104.10000000000001, 0, 0, 0, 0, 4, 2, 7078, , 
103033, 1241574637887, 1241575832823, 174.89999999999998, 2177, 11, 216.9090909090909, 767143, 11, 13, 81899, 6, 1
1031623, 1241577765945, , 0, 1426, 10, 117.5, 1011089, 0, 0, 1261178, 3, 0
1032421, 1241578674473, , 61.800000000000004, 259, 2, 209.5, 0, 7, 1, 990799, 6, 1
1032648, , , 41.1, 0, 0, 0, 0, 4, 2, 234337, , 
1043, 1241573936970, 1241575083980, 0, 0, 0, 0, 453, 5, 2, 12, 13, 3
1047840, , , 13.200000000000001, 0, 0, 0, 0, 3, 0, 408501, , 
1062, 1241578919361, , 0, 0, 0, 0, 17790, 9, 7, 713, 15, 2
1062853, , , 18.8, 0, 0, 0, 0, 9, 16, 1124214, , 
10642, 1241571269031, 1241574937489, 11.100000000000001, 1452, 5, 398.8, 447249, 31, 46, 351598, 15, 2
1085176, 1241571948338, 1241572212830, 0, 0, 0, 0, 0, 0, 0, 0, 1, 
1085912, 1241576320215, 1241576855199, 0, 377, 2, 145, 0, 0, 0, 16807, 2, 
1089041, 1241577746006, , 0, 1160, 9, 90.88888888888889, 0, 0, 0, 10260, 2, 0
1090442, 1241571527245, 1241573067868, 0, 710, 6, 119.66666666666667, 0, 3, 5, 797824, 4, 
1090611, 1241573402104, , 0, 411, 3, 148.66666666666666, 1032874, 2, 0, 1032648, 4, 0
1092321, 1241576424217, , 9.05, 4936, 16, 372.8125, 53030, 28, 34, 35568, 8, 2
1100116, 1241572708490, 1241575736964, 0, 1638, 16, 103.3125, 0, 0, 0, 103033, 2, 
1117799, 1241579017299, , 0, 3238, 13, 252.53846153846155, 0, 1, 0, 592692, 4, 0
1118730, 1241577474913, 1241578834111, 0, 359, 3, 117.66666666666667, 0, 0, 0, 95479, 1, 
1119381, 1241574529666, 1241574540557, 0, 0, 0, 0, 0, 0, 0, 0, 1, 
1120227, 1241569207849, 1241569977121, 0, 472, 2, 104, 0, 0, 0, 154004, 1, 
1122657, 1241577027758, 1241577659179, 0, 877, 3, 213.33333333333334, 0, 0, 0, 1223973, 1, 
1124156, 1241573916947, 1241574296863, 36.5, 272, 2, 148, 269484, 6, 2, 184671, 5, 1
1124214, , , 9.4, 0, 0, 0, 0, 6, 9, 1122449, , 
113127, , , 55.35, 0, 0, 0, 0, 2, 5, 156956, , 
113237, , , 60.300000000000004, 0, 0, 0, 0, 9, 19, 10642, , 
114461, 1241569159582, 1241570398884, 97.7, 63, 1, 125, 0, 2, 0, 390995, 4, 0
114727, 1241569799708, 1241570216955, 0, 0, 0, 0, 0, 0, 0, 0, 1, 
1148755, , , 18.1, 0, 0, 0, 0, 21, 1, 1092321, , 
1152211, , , 18.8, 0, 0, 0, 0, 1, 2, 452296, , 
1155409, , , 423.15000000000015, 0, 0, 0, 0, 2, 1, 674637, , 
1160951, 1241571173675, 1241571260848, 0, 0, 0, 0, 0, 0, 0, 0, 1, 
1172363, 1241572365140, 1241572368375, 0, 0, 0, 0, 0, 0, 0, 0, 1, 
1173261, 1241570715019, 1241570792526, 0, 0, 0, 0, 0, 0, 0, 0, 1, 
117371, 1241576605626, 1241576853195, 0, 0, 0, 0, 0, 0, 0, 157229, 2, 0
117857, , , 23.900000000000002, 0, 0, 0, 0, 3, 5, 146211, , 
1178576, 1241573655104, 1241573936910, 0, 0, 0, 0, 0, 0, 0, 0, 2, 
1192337, , , 426.0999999999999, 0, 0, 0, 0, 16, 6, 1012813, , 
12, , , 1205.6999999999996, 0, 0, 0, 0, 20, 58, 383387, , 
1200801, 1241577067566, , 0, 3505, 10, 462.6, 0, 0, 0, 18, 3, 0
1212556, 1241578318442, 1241578546316, 0, 146, 1, 143, 0, 0, 0, 0, 1, 
1214027, 1241578288488, 1241578302703, 0, 0, 0, 0, 0, 0, 0, 0, 1, 
1214279, 1241573725867, 1241575790619, 0, 188, 1, 125, 0, 2, 0, 1152211, 3, 
1217334, 1241573600136, 1241574963551, 0, 618, 5, 103.6, 0, 0, 0, 1032421, 2, 
1220243, 1241576391277, 1241577593508, 0, 883, 6, 103.16666666666667, 0, 0, 0, 402647, 2, 
1222347, 1241577972900, , 0, 415, 4, 88, 0, 0, 0, 156489, 1, 0
1223973, 1241576080915, 1241577528617, 0, 1075, 5, 183.2, 0, 1, 0, 0, 2, 1
1224463, 1241579036774, , 0, 70, 1, 4, 0, 0, 0, 0, 1, 0
1225520, 1241575021246, 1241575315273, 0, 131, 1, 108, 0, 0, 0, 0, 1, 
1226609, 1241572335033, 1241573363108, 0, 499, 3, 144.66666666666666, 0, 0, 0, 57748, 1, 
122907, , , 37.2, 0, 0, 0, 0, 6, 11, 251062, , 
1241265, 1241572663127, 1241572672374, 0, 0, 0, 0, 0, 0, 0, 0, 1, 
124952, 1241572583555, 1241573490646, 0, 0, 0, 0, 0, 1, 0, 207284, 3, 0
1251906, 1241575718356, 1241576992109, 0, 441, 4, 108.5, 0, 0, 0, 162239, 2, 
125207, 1241575026332, 1241575361947, 0, 277, 2, 152, 273503, 1, 0, 544643, 4, 0
1252987, 1241573880848, 1241575436885, 0, 96, 1, 97, 0, 0, 0, 57748, 1, 
125347, 1241569553084, 1241569701039, 0, 0, 0, 0, 0, 0, 0, 561527, 1, 0
1254072, 1241570867246, 1241571095776, 0, 159, 1, 159, 0, 0, 0, 186318, 2, 
1254298, 1241574316506, 1241574548604, 0, 197, 1, 141, 0, 0, 0, 103033, 1, 
1254611, 1241569422106, 1241570276953, 0, 181, 2, 90.5, 0, 0, 0, 1148755, 1, 
1254726, 1241570670956, 1241572348030, 0, 998, 6, 123.83333333333333, 1111604, 0, 0, 502119, 3, 
1255018, 1241569228879, 1241569916956, 0, 592, 3, 120.33333333333333, 0, 0, 0, 114461, 2, 
1257392, 1241571987484, 1241572126302, 0, 0, 0, 0, 0, 0, 0, 0, 1, 
125787, 1241573877967, 1241573902423, 0, 0, 0, 0, 0, 1, 0, 22707, 4, 1
1261178, 1241578213447, , 116.10000000000002, 3651, 17, 132.47058823529412, 0, 1, 0, 1155409, 3, 0
1263033, 1241578429261, , 0, 1021, 4, 133, 0, 0, 0, 156489, 2, 0
1273151, 1241571440242, 1241571548425, 0, 0, 0, 0, 0, 0, 0, 0, 1, 
12770, , , 66.80000000000001, 0, 0, 0, 0, 23, 25, 383387, , 
1277027, 1241574901804, 1241574917331, 0, 0, 0, 0, 0, 0, 0, 0, 1, 
1278661, 1241571684619, 1241572016885, 0, 385, 6, 63, 0, 0, 0, 114461, 1, 
1279203, 1241571286043, 1241572241696, 0, 960, 3, 378.6666666666667, 0, 0, 0, 57748, 1, 
1279275, 1241569389493, 1241570220119, 0, 1118, 4, 360.25, 0, 0, 0, 0, 2, 
1279492, 1241570502534, 1241570589656, 0, 0, 0, 0, 0, 0, 0, 0, 1, 
1280560, 1241575786673, 1241575823024, 0, 0, 0, 0, 0, 0, 0, 0, 1, 
1280661, 1241575057631, 1241575174260, 0, 0, 0, 0, 0, 0, 0, 0, 1, 
1280721, 1241575558676, 1241576218013, 0, 985, 2, 143, 0, 0, 0, 4139, 1, 
1281030, 1241578457162, , 0, 0, 0, 0, 0, 0, 0, 0, 1, 0
128794, , , 9.4, 0, 0, 0, 0, 2, 4, 93202, , 
130244, , , 185.20000000000005, 0, 0, 0, 0, 3, 9, 237967, , 
142290, 1241575401949, 1241576547124, 0, 1180, 7, 148.28571428571428, 0, 1, 0, 296658, 3, 
143050, 1241571566585, 1241572705631, 0, 537, 2, 165, 0, 0, 0, 0, 1, 
143268, 1241569303407, 1241570115387, 0, 0, 0, 0, 0, 0, 0, 0, 1, 
143509, 1241573736122, 1241574072027, 0, 152, 2, 79, 0, 0, 0, 209500, 2, 0
143538, , , 286.40000000000003, 0, 0, 0, 0, 2, 21, 1531, , 
145006, , , 46.400000000000006, 0, 0, 0, 0, 3, 3, 245338, , 
147628, , , 79.4, 0, 0, 0, 0, 6, 3, 63846, , 
149284, 1241578515360, 1241579094699, 0, 674, 3, 146.33333333333334, 0, 0, 0, 408501, 1, 
150179, 1241573524021, 1241573532534, 0, 0, 0, 0, 0, 1, 0, 10642, 4, 0
152558, 1241576494813, 1241576846688, 0, 0, 0, 0, 177614, 0, 0, 122907, 3, 0
153097, 1241574898724, 1241575836983, 0, 188, 1, 250, 1110484, 16, 0, 1062853, 4, 14
1531, , , 129.55, 0, 0, 0, 0, 2, 14, 12, , 
154004, 1241571344486, 1241571447323, 47.2, 461, 2, 314, 561706, 9, 6, 90041, 4, 0
154875, 1241571924596, 1241572250642, 0, 90, 1, 90, 0, 0, 0, 0, 1, 
155376, , , 110.7, 0, 0, 0, 0, 5, 0, 113127, , 
156489, 1241578274173, 1241579257754, 121.80000000000001, 1721, 6, 366.5, 154238, 15, 23, 713, 9, 1
158630, , , 49.1, 0, 0, 0, 0, 5, 1, 304445, , 
159950, 1241577600517, 1241577622517, 0, 0, 0, 0, 0, 0, 0, 0, 1, 
159989, 1241578625092, 1241578768177, 0, 359, 1, 206, 0, 0, 0, 176491, 4, 0
161283, , , 47.800000000000004, 0, 0, 0, 0, 5, 0, 117857, , 
162239, , , 44.1, 0, 0, 0, 0, 2, 0, 192883, , 
162352, 1241572055789, , 0, 2804, 19, 105.63157894736842, 0, 0, 0, 57748, 2, 0
164243, , , 18.8, 0, 0, 0, 0, 4, 2, 128794, , 
16600, , , 12.100000000000001, 0, 0, 0, 0, 1, 1, 209258, , 
166371, , , 138.1, 0, 0, 0, 0, 4, 4, 267622, , 
167153, , , 7.6, 0, 0, 0, 0, 3, 16, 12, , 
16807, , , 37.7, 0, 0, 0, 0, 2, 0, 592692, , 
168426, 1241571550200, 1241571855548, 0, 188, 1, 252, 0, 1, 0, 164243, 4, 0
171151, , , 85.9, 0, 0, 0, 0, 39, 0, 21067, , 
171513, , , 13.600000000000001, 0, 0, 0, 0, 8, 1, 170191, , 
171683, 1241570735185, 1241572426547, 0, 478, 3, 178.66666666666666, 0, 0, 0, 161283, 4, 0
172276, , , 22.5, 0, 0, 0, 0, 2, 0, 554253, , 
175065, , , 8.200000000000001, 0, 0, 0, 0, 1, 4, 401467, , 
176491, , , 35.9, 0, 0, 0, 0, 3, 0, 54776, , 
177501, 1241579216236, , 0, 0, 0, 0, 0, 1, 0, 298229, 4, 0
17790, 1241579307467, , 0, 5692, 10, 748.3, 1062, 12, 13, 20260, 15, 3
18, , , 350.5, 0, 0, 0, 0, 1, 0, 383387, , 
181264, , , 140.2, 0, 0, 0, 0, 2, 2, 3812, , 
181386, 1241578013522, 1241578431916, 0, 392, 2, 196, 0, 0, 0, 172276, 1, 
181388, 1241570715726, 1241570959432, 0, 89, 1, 89, 0, 1, 1, 333875, 2, 0
184671, , , 45.45, 0, 0, 0, 0, 1, 6, 171513, , 
185585, 1241574869998, 1241575376942, 0, 132, 1, 132, 0, 0, 0, 1047840, 1, 0
186318, , , 15.9, 0, 0, 0, 0, 1, 0, 205535, , 
187326, 1241573126955, 1241575676967, 99.60000000000001, 584, 4, 114.25, 0, 2, 0, 194202, 5, 1
192883, 1241579321704, 1241579339976, 22.05, 0, 0, 0, 0, 8, 3, 210210, 7, 5
193495, 1241577962661, 1241579281130, 0, 859, 4, 159.5, 0, 0, 0, 171151, 2, 0
194202, 1241574325464, 1241574908948, 108.20000000000002, 749, 4, 270.5, 0, 2, 2, 102770, 6, 1
196614, 1241576443919, 1241576571210, 0, 0, 0, 0, 0, 0, 0, 196543, 1, 
199624, 1241576112944, 1241576559319, 0, 996, 3, 332, 0, 0, 0, 187326, 2, 
200145, , , 294.90000000000003, 0, 0, 0, 0, 1, 4, 209656, , 
20260, , , 598.3, 0, 0, 0, 0, 18, 32, 12, , 
205446, 1241570593692, 1241571762493, 0, 1966, 6, 144.83333333333334, 96675, 0, 0, 96675, 4, 
205535, 1241573701375, 1241574025946, 7.95, 0, 0, 0, 0, 2, 2, 95479, 7, 2
205927, 1241570636282, 1241571673931, 0, 1107, 7, 120.42857142857143, 0, 0, 0, 155376, 3, 0
208716, 1241576880632, 1241576941193, 0, 0, 0, 0, 0, 0, 0, 323132, 3, 0
209500, , , 15.2, 0, 0, 0, 0, 3, 1, 167153, , 
209656, , , 98.29999999999998, 0, 0, 0, 0, 6, 2, 167153, , 
210163, , , 141.00000000000003, 0, 0, 0, 0, 12, 11, 255725, , 
21067, , , 42.95, 0, 0, 0, 0, 2, 39, 302907, , 
21343, 1241569168971, 1241569977127, 0, 327, 2, 132, 0, 0, 0, 510740, 2, 0
217283, 1241574729001, 1241575436892, 90.30000000000001, 0, 0, 0, 532467, 57, 23, 57393, 12, 22
217505, 1241579258635, 1241579273298, 0, 0, 0, 0, 0, 5, 5, 3653, 7, 1
223494, , , 21.6, 0, 0, 0, 0, 1, 1, 179687, , 
22707, , , 643.7499999999999, 0, 0, 0, 0, 7, 11, 8842, , 
228469, 1241572214713, 1241572790096, 0, 369, 2, 122, 0, 0, 0, 238807, 2, 0
230164, 1241578213290, 1241578246734, 0, 0, 0, 0, 510740, 11, 9, 250837, 19, 2
23340, , , 249.8, 0, 0, 0, 0, 10, 5, 383387, , 
234337, , , 20.55, 0, 0, 0, 0, 5, 4, 97523, , 
237967, , , 98.85, 0, 0, 0, 0, 3, 6, 336228, , 
238349, 1241572658472, 1241572661382, 0, 0, 0, 0, 0, 0, 0, 233753, 1, 0
238807, , , 36.900000000000006, 0, 0, 0, 0, 1, 0, 424274, , 
245338, , , 23.200000000000003, 0, 0, 0, 0, 10, 4, 77353, , 
251062, , , 9.1, 0, 0, 0, 0, 6, 17, 296361, , 
255725, , , 22.650000000000002, 0, 0, 0, 0, 1, 12, 309124, , 
258951, , , 269.85, 0, 0, 0, 0, 23, 12, 1265, , 
259344, 1241575574877, , 54.60000000000001, 2591, 9, 426.22222222222223, 223864, 21, 15, 143538, 11, 2
2606, 1241574058684, 1241575134335, 0, 0, 0, 0, 0, 8, 2, 307471, 6, 1
261567, , , 17.75, 0, 0, 0, 0, 32, 3, 237231, , 
262548, 1241578398108, 1241578628703, 0, 182, 1, 182, 0, 1, 2, 122907, 4, 0
262805, 1241576272690, 1241576378378, 0, 0, 0, 0, 0, 1, 0, 389778, 5, 2
263486, 1241574850071, 1241574872361, 0, 0, 0, 0, 0, 0, 0, 0, 1, 
267042, 1241575441206, 1241575590429, 0, 0, 0, 0, 0, 0, 0, 0, 1, 
267622, , , 69.05, 0, 0, 0, 0, 2, 4, 1632, , 
269484, 1241574819116, 1241577269638, 0, 1381, 7, 268.57142857142856, 1124156, 4, 0, 166371, 6, 1
276660, 1241569595811, 1241570336944, 0, 274, 2, 137, 0, 0, 0, 380650, 2, 2
280634, , , 42.400000000000006, 0, 0, 0, 0, 5, 2, 280346, , 
280766, 1241575218424, 1241578455610, 0, 195, 1, 170, 0, 0, 0, 83959, 4, 0
283305, 1241574108600, 1241574950139, 161.89999999999995, 288, 1, 218, 544450, 2, 8, 497122, 8, 3
288860, , , 58.2, 0, 0, 0, 0, 5, 8, 20260, , 
296658, , , 239.40000000000003, 0, 0, 0, 0, 9, 2, 299646, , 
298666, 1241577435963, , 0, 546, 2, 174.5, 868186, 6, 0, 259344, 7, 1
299646, , , 119.70000000000002, 0, 0, 0, 0, 4, 9, 69257, , 
301100, 1241570888323, 1241570895722, 0, 0, 0, 0, 0, 0, 0, 0, 1, 
30158, , , 84.80000000000001, 0, 0, 0, 0, 2, 5, 280634, , 
304966, 1241570548357, 1241571194177, 0, 0, 0, 0, 0, 1, 0, 1362, 2, 1
307471, , , 12.700000000000001, 0, 0, 0, 0, 6, 18, 12, , 
311835, 1241576876978, 1241577306669, 0, 0, 0, 0, 0, 0, 0, 111950, 4, 0
316089, 1241577935506, 1241578477145, 0, 582, 2, 410.5, 288860, 8, 1, 288860, 7, 5
32169, 1241575837978, , 0, 4721, 11, 582.8181818181819, 219, 7, 0, 10260, 13, 4
32314, 1241576524048, 1241576685722, 0, 4996, 8, 608.5, 635003, 10, 14, 40508, 13, 2
33302, 1241572751431, 1241572899763, 0, 0, 0, 0, 0, 0, 0, 0, 1, 
333875, , , 8.9, 0, 0, 0, 0, 2, 1, 96675, , 
336228, , , 469.70000000000005, 0, 0, 0, 0, 10, 14, 307471, , 
339818, , , 24.200000000000003, 0, 0, 0, 0, 1, 1, 16600, , 
345939, 1241573956036, 1241574792698, 0, 797, 6, 118, 3811, 0, 0, 544450, 3, 0
350309, 1241569980985, 1241570598883, 0, 355, 3, 118.33333333333333, 0, 0, 0, 503952, 3, 0
351430, 1241573464935, 1241576503985, 888.6000000000001, 254, 1, 331, 336228, 11, 46, 336228, 13, 2
351598, , , 145.20000000000002, 0, 0, 0, 0, 1, 31, 359624, , 
35568, , , 493.6, 0, 0, 0, 0, 2, 28, 258951, , 
359624, , , 72.60000000000001, 0, 0, 0, 0, 3, 1, 201132, , 
36377, 1241571299076, 1241571932127, 0, 697, 3, 291.3333333333333, 0, 4, 8, 453809, 10, 3
372887, , , 34.85, 0, 0, 0, 0, 1, 1, 386780, , 
375444, , , 13.700000000000001, 0, 0, 0, 0, 3, 10, 12770, , 
380650, , , 27.400000000000002, 0, 0, 0, 0, 3, 0, 375444, , 
3812, , , 70.1, 0, 0, 0, 0, 1, 2, 65584, , 
383387, , , 208.65, 0, 0, 0, 0, 7, 57, 0, , 
388185, 1241571560575, 1241572488032, 0, 0, 0, 0, 0, 2, 2, 12770, 4, 0
388615, , , 3.1500000000000004, 0, 0, 0, 0, 1, 2, 395687, , 
390995, , , 55.15, 0, 0, 0, 0, 2, 2, 388615, , 
391307, 1241571184483, 1241571196466, 0, 0, 0, 0, 0, 0, 0, 304966, 1, 0
394891, 1241570562343, 1241570577205, 0, 0, 0, 0, 0, 0, 0, 158630, 3, 0
397835, , , 170.7, 0, 0, 0, 0, 5, 30, 47379, , 
402647, 1241579016426, , 43.5, 4310, 12, 326.0833333333333, 250107, 12, 3, 408501, 13, 6
403501, , , 9.75, 0, 0, 0, 0, 6, 1, 124503, , 
40508, , , 499.6, 0, 0, 0, 0, 4, 10, 23340, , 
408501, 1241575423933, , 526.7500000000001, 1806, 8, 288.5, 0, 7, 18, 637936, 10, 2
4139, 1241573436593, 1241576854602, 98.5, 8409, 16, 700.0625, 44987, 22, 23, 713, 17, 3
415271, , , 30, 0, 0, 0, 0, 10, 1, 66689, , 
420097, , , 98.2, 0, 0, 0, 0, 1, 0, 158630, , 
424274, , , 18.450000000000003, 0, 0, 0, 0, 1, 1, 121984, , 
43017, 1241571885383, 1241572316873, 0, 242, 2, 141, 58859, 1, 1, 339818, 9, 2
430717, 1241576567989, 1241577823280, 0, 0, 0, 0, 503425, 30, 25, 256746, 12, 6
432820, 1241577562876, , 0, 1402, 8, 180.5, 0, 2, 1, 181264, 4, 2
43386, 1241575543094, 1241577716894, 106.4, 1320, 4, 480.25, 106210, 4, 4, 130244, 8, 4
433908, 1241570671012, 1241571236973, 0, 464, 3, 153, 512737, 3, 1, 145006, 7, 1
438751, 1241569174961, 1241569377182, 191.4, 453, 1, 472, 988642, 11, 2, 210163, 8, 1
439277, , , 39.85000000000001, 0, 0, 0, 0, 7, 7, 208602, , 
445660, , , 117.45, 0, 0, 0, 0, 4, 7, 54812, , 
451351, 1241570214602, 1241570356860, 0, 0, 0, 0, 0, 0, 0, 115341, 4, 
452296, , , 9.4, 0, 0, 0, 0, 9, 1, 103144, , 
453809, , , 69.7, 0, 0, 0, 0, 1, 4, 372887, , 
47379, , , 85.35, 0, 0, 0, 0, 4, 5, 54776, , 
480591, 1241571866624, 1241572120085, 0, 0, 0, 0, 0, 0, 0, 128013, 2, 0
483162, 1241575744485, 1241578046579, 0, 2349, 4, 702, 0, 11, 2, 534632, 12, 8
497122, , , 28.8, 0, 0, 0, 0, 14, 2, 82321, , 
502119, 1241575896634, 1241579059969, 154.50000000000003, 5665, 15, 360.8, 520359, 10, 13, 22707, 9, 1
503, , , 829.2000000000002, 0, 0, 0, 0, 5, 1, 12, , 
503952, , , 35.5, 0, 0, 0, 0, 2, 0, 261567, , 
506667, 1241574727883, 1241575894300, 0, 164, 2, 63, 0, 0, 0, 58022, 2, 1
510740, , , 32.7, 0, 0, 0, 0, 70, 3, 534632, , 
510796, 1241576482515, 1241576746181, 0, 0, 0, 0, 0, 0, 0, 551714, 2, 0
52887, , , 65.7, 0, 0, 0, 0, 3, 2, 237967, , 
53030, , , 38, 0, 0, 0, 0, 10, 2, 122907, , 
534632, , , 251.25000000000003, 0, 0, 0, 0, 7, 81, 445660, , 
535, 1241577650311, , 0, 794, 2, 339, 533, 3, 2, 147628, 12, 3
544450, , , 93.55000000000001, 0, 0, 0, 0, 7, 1, 439277, , 
544643, , , 27.700000000000003, 0, 0, 0, 0, 1, 1, 544450, , 
547122, 1241578025287, 1241578244542, 0, 102, 1, 102, 0, 0, 0, 0, 1, 
54776, 1241569851247, 1241570180289, 17.95, 0, 0, 0, 0, 74, 33, 89757, 15, 3
554253, , , 11.25, 0, 0, 0, 0, 1, 2, 73481, , 
560572, 1241573371155, 1241574986887, 0, 1214, 8, 157.875, 0, 1, 0, 296658, 2, 
562788, , , 61.150000000000006, 0, 0, 0, 0, 1, 5, 409656, , 
57748, 1241570388127, 1241575601687, 411.60000000000014, 2203, 10, 198, 0, 5, 0, 1192337, 3, 
58022, , , 16.400000000000002, 0, 0, 0, 0, 4, 0, 175065, , 
586681, , , 17.95, 0, 0, 0, 0, 6, 8, 10642, , 
592692, , , 342.6499999999999, 0, 0, 0, 0, 8, 3, 283305, , 
597005, 1241573534473, 1241576318376, 0, 1223, 6, 206.66666666666666, 0, 2, 1, 603011, 4, 0
603011, , , 122.30000000000001, 0, 0, 0, 0, 5, 2, 562788, , 
618376, , , 44.900000000000006, 0, 0, 0, 0, 1, 1, 900329, , 
620326, 1241573562142, 1241574023545, 0, 300, 2, 201.5, 0, 1, 0, 415271, 4, 
624485, 1241569233609, 1241570344080, 0, 0, 0, 0, 0, 0, 0, 562953, 2, 
635003, 1241575785778, 1241576124069, 0, 848, 4, 303.25, 32314, 5, 0, 30158, 7, 1
636873, 1241577308901, 1241577453271, 0, 0, 0, 0, 0, 0, 0, 1892, 2, 
637936, , , 429.80000000000007, 0, 0, 0, 0, 3, 7, 217283, , 
638007, 1241571262790, 1241571291677, 0, 0, 0, 0, 0, 0, 0, 0, 1, 
63846, , , 39.7, 0, 0, 0, 0, 1, 6, 65246, , 
639914, 1241569193149, 1241569589107, 0, 556, 2, 320, 431598, 0, 0, 797824, 4, 
66689, , , 15, 0, 0, 0, 0, 4, 10, 124585, , 
674637, , , 182.55000000000004, 0, 0, 0, 0, 1, 2, 1192337, , 
68610, 1241569376666, 1241573516910, 0, 0, 0, 0, 0, 0, 0, 169869, 3, 0
68793, 1241572281670, 1241572293350, 0, 0, 0, 0, 181652, 0, 0, 201458, 4, 0
703094, 1241577835794, 1241579049711, 0, 380, 4, 106.5, 0, 0, 0, 53030, 2, 
7078, , , 37.45, 0, 0, 0, 0, 9, 5, 177916, , 
70997, 1241579119052, , 0, 1707, 5, 330.4, 1010692, 30, 32, 397835, 12, 2
713, , , 1417.2000000000005, 0, 0, 0, 0, 11, 60, 12, , 
71724, 1241577341050, 1241577699000, 0, 432, 2, 150, 3200, 19, 5, 94103, 12, 4
749409, 1241574316848, 1241574540907, 0, 0, 0, 0, 0, 0, 0, 0, 1, 
757, 1241579344518, , 0, 0, 0, 0, 0, 4, 1, 74372, 6, 3
77, 1241577236929, 1241577262317, 0, 668, 2, 334, 171151, 11, 2, 12770, 14, 2
797185, 1241574660727, 1241574828826, 0, 101, 1, 101, 0, 0, 0, 0, 1, 
797824, , , 126.60000000000002, 0, 0, 0, 0, 15, 3, 82321, , 
8013, 1241575820797, 1241576116454, 0, 365, 2, 182.5, 0, 0, 0, 1124156, 2, 
802319, , , 108.85000000000001, 0, 0, 0, 0, 2, 6, 773108, , 
81899, , , 305.1500000000001, 0, 0, 0, 0, 6, 11, 802319, , 
82321, , , 77.70000000000002, 0, 0, 0, 0, 6, 29, 57717, , 
825380, 1241570331864, 1241570659136, 0, 0, 0, 0, 0, 0, 0, 0, 1, 
833112, 1241569525850, 1241569551000, 0, 0, 0, 0, 0, 0, 0, 0, 1, 
836050, 1241572266575, 1241573704236, 76.2, 222, 1, 197, 592692, 13, 5, 113237, 8, 2
836417, , , 12.95, 0, 0, 0, 0, 3, 5, 582081, , 
83959, , , 19.5, 0, 0, 0, 0, 1, 0, 403501, , 
8527, 1241578959025, , 0, 8292, 15, 376.8666666666667, 10260, 1, 0, 503, 9, 1
866735, 1241570361513, 1241570642851, 0, 0, 0, 0, 0, 0, 0, 0, 1, 
87714, 1241574494014, 1241576855067, 0, 8886, 16, 509.18749999999994, 0, 9, 3, 351430, 10, 6
8842, , , 283.25, 0, 0, 0, 0, 12, 8, 1531, , 
885698, 1241572431321, 1241573932615, 0, 762, 3, 279, 891151, 4, 0, 836050, 4, 
893561, 1241577308762, 1241578072832, 0, 547, 3, 144, 0, 0, 0, 502119, 1, 
897941, 1241578137574, 1241578263048, 0, 0, 0, 0, 0, 0, 0, 232559, 1, 
90041, 1241574077820, 1241574116910, 69.7, 0, 0, 0, 175933, 9, 9, 258951, 12, 14
916261, , , 89.80000000000001, 0, 0, 0, 0, 1, 0, 618376, , 
93412, 1241570958864, 1241572076891, 0, 982, 6, 140.33333333333334, 0, 0, 0, 420097, 3, 0
9342, 1241572275640, 1241572479701, 0, 0, 0, 0, 0, 0, 0, 57748, 2, 
93532, 1241570024921, 1241570046989, 0, 0, 0, 0, 0, 0, 0, 0, 1, 
937109, 1241575629623, 1241577787798, 0, 1064, 3, 153.33333333333334, 0, 1, 0, 43386, 3, 
94103, , , 43.2, 0, 0, 0, 0, 1, 19, 223494, , 
95479, , , 35.9, 0, 0, 0, 0, 8, 2, 586681, , 
96675, 1241570600481, 1241571657352, 201.05, 1966, 6, 509.8333333333333, 205446, 4, 3, 200145, 4, 0
982699, 1241571612236, 1241571624344, 0, 0, 0, 0, 0, 0, 0, 0, 1, 
988642, 1241569161585, 1241571815281, 0, 1914, 10, 200.5, 438751, 0, 0, 438751, 3, 
990799, , , 56.800000000000004, 0, 0, 0, 0, 5, 7, 836417, , 
<<<<EndTable

PlayersOnlineNow=27
PlayersOnlineEachMinute=0, 12, 15, 17, 18, 19, 20, 20, 22, 18, 17, 20, 21, 17, 17, 17, 17, 17, 17, 16, 14, 15, 14, 16, 16, 18, 17, 19, 18, 20, 19, 20, 19, 19, 20, 16, 18, 18, 19, 19, 21, 23, 21, 21, 20, 19, 20, 21, 21, 20, 18, 18, 18, 18, 17, 19, 15, 15, 16, 17, 17, 16, 17, 16, 17, 16, 13, 14, 14, 14, 14, 15, 17, 15, 17, 19, 22, 23, 23, 25, 25, 26, 24, 23, 23, 23, 22, 27, 26, 25, 26, 25, 28, 30, 31, 30, 32, 26, 27, 27, 27, 26, 27, 25, 24, 26, 27, 28, 28, 26, 27, 27, 25, 25, 25, 24, 26, 26, 24, 25, 25, 26, 27, 29, 27, 28, 27, 27, 28, 22, 22, 20, 22, 24, 23, 24, 23, 25, 25, 23, 22, 23, 23, 20, 21, 21, 20, 23, 25, 23, 23, 25, 23, 25, 25, 25, 26, 26, 25, 26, 26, 25, 24, 25, 26, 27, 25, 26, 27, 25
PlayersInEachFeedingGame=1, 1, 1, 2, 1, 2, 1, 2, 1, 1, 2, 1, 3, 1, 2, 2, 1, 2, 1, 1, 2, 1, 1, 1, 1, 1, 1, 1, 1, 2, 1, 2, 2, 2, 1, 1, 1, 2, 1, 2, 2, 2, 2, 1, 2, 2, 2, 2, 2, 2, 1, 1, 2, 2, 2, 2, 1, 2, 2, 1, 2, 2, 2, 2, 2, 2, 2, 2, 1, 1, 2, 2, 1, 1, 1, 2, 1, 2, 2, 2, 1, 2, 1, 2, 1, 2, 1, 1, 2, 2, 2, 1, 3, 1, 1, 1, 1, 2, 2, 2, 2, 2, 2, 2, 2, 2, 2, 1, 1, 2, 2, 2, 2, 1, 2, 2, 1, 2, 1, 2, 2, 1, 2, 2, 1, 2, 2, 2, 1, 1, 1, 2, 1, 1, 2, 2, 2, 1, 1, 2, 2, 1, 2, 1, 2, 2, 2, 2, 2, 1, 2, 1, 1, 2, 1, 1, 2, 2, 2, 2, 2, 2, 2, 2, 2, 2, 2, 2, 1, 2, 1, 2, 2, 2, 2, 1, 1, 1, 1, 3, 2, 4, 1, 1, 2, 1, 2, 2, 2, 2, 2, 2, 1, 2, 1, 2, 2, 1, 2, 1, 2, 2, 2, 2, 1, 1, 2, 1, 2, 1, 2, 1, 1, 2, 1, 2, 2, 1, 1, 2, 4, 2
PlayersStarted=297
PlayersQuit=270
StatsStartTime=1241569150686
StatsDumpTime=1241579354371
<<<<EndStats
2009-05-05 20:09:51,453 ERROR: vampire.server.feeding.FeedingRecord sendPlayerStartGameMsg [playerId=1089041, prey=false, _predatorIndex=]
2009-05-05 20:10:03,752 ERROR: vampire.server.feeding.FeedingRecord sendPlayerStartGameMsg [playerId=432820, prey=false, _predatorIndex=]
2009-05-05 20:10:09,981 ERROR: vampire.server.feeding.FeedingRecord sendPlayerStartGameMsg [playerId=757, prey=false, _predatorIndex=1200801,1092321,1117799]
2009-05-05 20:11:06,337 ERROR: vampire.server.feeding.FeedingRecord sendPlayerStartGameMsg [playerId=1032874, prey=true, _predatorIndex=]
2009-05-05 20:11:06,339 ERROR: vampire.server.feeding.FeedingRecord sendPlayerStartGameMsg [playerId=1032421, prey=false, _predatorIndex=]
2009-05-05 20:11:06,616 ERROR: vampire.server.feeding.FeedingRecord sendPlayerStartGameMsg [playerId=53030, prey=false, _predatorIndex=1032421]
2009-05-05 20:11:09,330 ERROR: vampire.server.feeding.FeedingRecord sendPlayerStartGameMsg [playerId=70997, prey=false, _predatorIndex=1200801,1092321,1117799,757]
2009-05-05 20:11:41,139 ERROR: vampire.server.feeding.FeedingRecord sendPlayerStartGameMsg [playerId=58859, prey=true, _predatorIndex=]
2009-05-05 20:11:41,144 ERROR: vampire.server.feeding.FeedingRecord sendPlayerStartGameMsg [playerId=70997, prey=false, _predatorIndex=]
2009-05-05 20:12:02,935 ERROR: vampire.server.feeding.FeedingRecord sendPlayerStartGameMsg [playerId=1222347, prey=false, _predatorIndex=]
2009-05-05 20:12:28,011 ERROR: vampire.server.feeding.FeedingRecord sendPlayerStartGameMsg [playerId=408501, prey=false, _predatorIndex=]
2009-05-05 20:12:37,139 ERROR: vampire.server.feeding.FeedingRecord sendPlayerStartGameMsg [playerId=1117799, prey=false, _predatorIndex=1032421,53030]
2009-05-05 20:12:59,107 ERROR: vampire.server.feeding.FeedingRecord sendPlayerStartGameMsg [playerId=1200801, prey=false, _predatorIndex=70997]
2009-05-05 20:13:00,455 ERROR: vampire.server.feeding.FeedingRecord sendPlayerStartGameMsg [playerId=757, prey=false, _predatorIndex=]
2009-05-05 20:13:39,178 ERROR: vampire.server.feeding.FeedingRecord sendPlayerStartGameMsg [playerId=1117799, prey=false, _predatorIndex=757]
2009-05-05 20:13:43,786 ERROR: vampire.server.feeding.FeedingRecord sendPlayerStartGameMsg [playerId=1117799, prey=false, _predatorIndex=408501]
2009-05-05 20:13:54,267 ERROR: vampire.server.feeding.FeedingRecord sendPlayerStartGameMsg [playerId=53030, prey=true, _predatorIndex=]
2009-05-05 20:13:54,269 ERROR: vampire.server.feeding.FeedingRecord sendPlayerStartGameMsg [playerId=1117799, prey=false, _predatorIndex=]
2009-05-05 20:13:54,310 ERROR: vampire.server.feeding.FeedingRecord sendPlayerStartGameMsg [playerId=70997, prey=false, _predatorIndex=1117799]
2009-05-05 20:13:59,214 ERROR: vampire.server.feeding.FeedingRecord sendPlayerStartGameMsg [playerId=1200801, prey=false, _predatorIndex=1117799,70997]
2009-05-05 20:14:02,566 ERROR: vampire.server.feeding.FeedingRecord sendPlayerStartGameMsg [playerId=432820, prey=false, _predatorIndex=]
2009-05-05 20:14:06,112 ERROR: vampire.server.feeding.FeedingRecord sendPlayerStartGameMsg [playerId=58859, prey=false, _predatorIndex=1117799,70997,1200801]
2009-05-05 20:14:06,695 ERROR: vampire.server.feeding.FeedingRecord sendPlayerStartGameMsg [playerId=1200801, prey=true, _predatorIndex=]
2009-05-05 20:14:06,699 ERROR: vampire.server.feeding.FeedingRecord sendPlayerStartGameMsg [playerId=70997, prey=false, _predatorIndex=]
2009-05-05 20:14:11,364 ERROR: vampire.server.feeding.FeedingRecord sendPlayerStartGameMsg [playerId=1092321, prey=false, _predatorIndex=1117799,70997,1200801,58859]
2009-05-05 20:14:19,950 ERROR: vampire.server.feeding.FeedingRecord sendPlayerStartGameMsg [playerId=1032874, prey=true, _predatorIndex=]
2009-05-05 20:14:19,952 ERROR: vampire.server.feeding.FeedingRecord sendPlayerStartGameMsg [playerId=58859, prey=false, _predatorIndex=]
2009-05-05 20:15:11,956 ERROR: vampire.server.feeding.FeedingRecord sendPlayerStartGameMsg [playerId=1222347, prey=false, _predatorIndex=]
2009-05-05 20:16:30,874 ERROR: vampire.server.feeding.FeedingRecord sendPlayerStartGameMsg [playerId=1200801, prey=false, _predatorIndex=757,1117799]
2009-05-05 20:16:33,135 ERROR: vampire.server.feeding.FeedingRecord sendPlayerStartGameMsg [playerId=1117799, prey=true, _predatorIndex=]
2009-05-05 20:16:33,137 ERROR: vampire.server.feeding.FeedingRecord sendPlayerStartGameMsg [playerId=70997, prey=false, _predatorIndex=]
2009-05-05 20:16:51,717 ERROR: vampire.server.feeding.FeedingRecord sendPlayerStartGameMsg [playerId=58859, prey=false, _predatorIndex=70997]
2009-05-05 20:17:10,361 ERROR: vampire.server.feeding.FeedingRecord sendPlayerStartGameMsg [playerId=1092321, prey=true, _predatorIndex=]
2009-05-05 20:17:10,363 ERROR: vampire.server.feeding.FeedingRecord sendPlayerStartGameMsg [playerId=58859, prey=false, _predatorIndex=]
2009-05-05 20:17:22,486 ERROR: vampire.server.feeding.FeedingRecord sendPlayerStartGameMsg [playerId=1200801, prey=false, _predatorIndex=58859]
2009-05-05 20:17:46,365 ERROR: vampire.server.feeding.FeedingRecord sendPlayerStartGameMsg [playerId=432820, prey=false, _predatorIndex=]
2009-05-05 20:18:58,686 ERROR: vampire.server.feeding.FeedingRecord sendPlayerStartGameMsg [playerId=757, prey=false, _predatorIndex=]
2009-05-05 20:19:07,666 ERROR: vampire.server.feeding.FeedingRecord sendPlayerStartGameMsg [playerId=1011089, prey=true, _predatorIndex=]
2009-05-05 20:19:07,668 ERROR: vampire.server.feeding.FeedingRecord sendPlayerStartGameMsg [playerId=1031623, prey=false, _predatorIndex=]

