
>>>>BeginStats

>>>>BeginTable
PlayerId, StartTime, EndTime, ProgenyPayout, XPFromFeeding, FeedingGames, MeanFeedingScore, BloodBond, Progeny, GrandProgeny, Sire, Level, Invites
100219, 1241821379087, 1241824920683, 0, 243, 2, 89.5, 0, 0, 0, 103033, 1, 0
101282, , , 27.5, 0, 0, 0, 0, 4, 0, 6998, , 
10184, , , 432.1, 0, 0, 0, 0, 4, 10, 86605, , 
102595, 1241826005877, 1241827716123, 41.5, 592, 3, 211.66666666666666, 0, 1, 0, 1255618, 2, 
1028958, 1241816490218, 1241816721709, 0, 173, 1, 132, 0, 0, 0, 1118266, 2, 
103033, 1241822659353, 1241825589637, 24.3, 1399, 6, 297.3333333333333, 767143, 14, 14, 81899, 6, 1
104207, , , 9.8, 0, 0, 0, 0, 1, 0, 521919, , 
1043, 1241828681578, , 0, 781, 2, 369, 453, 5, 2, 12, 13, 3
1046581, 1241821544376, 1241821714489, 0, 100, 1, 117, 0, 0, 0, 33511, 1, 
1047756, 1241817962516, 1241817993789, 0, 0, 0, 0, 0, 0, 0, 10642, 2, 
104928, 1241818120158, 1241818149702, 0, 0, 0, 0, 0, 0, 0, 0, 1, 
1053158, , , 44.10000000000001, 0, 0, 0, 0, 1, 0, 301548, , 
1059897, 1241826348084, 1241826360045, 0, 0, 0, 0, 0, 0, 0, 0, 1, 
1060123, 1241819721583, 1241819880679, 0, 0, 0, 0, 0, 0, 0, 153097, 1, 
1062, 1241824548293, , 0, 13729, 31, 439.48387096774195, 54776, 11, 7, 713, 17, 2
1062853, , , 18.6, 0, 0, 0, 0, 9, 19, 1124214, , 
10642, , , 131.10000000000002, 0, 0, 0, 0, 32, 17, 351598, , 
1073413, 1241817485095, 1241818140682, 0, 308, 2, 143, 0, 0, 0, 0, 1, 
1088529, 1241823357379, 1241823600685, 0, 0, 0, 0, 0, 0, 0, 176400, 1, 
1092321, 1241820851410, , 422.25000000000006, 9302, 27, 260.2962962962963, 53030, 31, 34, 35568, 11, 3
1101, , , 292.1, 0, 0, 0, 0, 2, 17, 239981, , 
110178, , , 24.3, 0, 0, 0, 0, 6, 9, 12770, , 
1103506, 1241828944492, 1241829141822, 0, 129, 1, 163, 0, 0, 0, 1062853, 3, 
110735, 1241824822118, 1241828640695, 0, 1088, 8, 117.5, 1255618, 0, 0, 408501, 3, 
1110484, 1241818207400, 1241819961980, 11.4, 114, 1, 128, 153097, 1, 0, 153097, 5, 1
1111437, 1241824038231, 1241825174315, 0, 398, 3, 119.66666666666667, 0, 2, 0, 70997, 2, 
1116544, 1241820370384, 1241820596977, 0, 0, 0, 0, 0, 0, 0, 0, 1, 
1118266, 1241818183649, 1241818543685, 17.3, 263, 1, 116, 52818, 1, 0, 52818, 4, 
1119385, 1241824333007, 1241827906697, 0, 1683, 8, 204, 0, 1, 0, 3200, 4, 
1120983, 1241826993650, 1241827358073, 0, 130, 1, 123, 0, 0, 0, 70997, 3, 
1122449, , , 42.5, 0, 0, 0, 0, 15, 7, 555728, , 
1123213, 1241827606739, 1241827650413, 0, 0, 0, 0, 0, 0, 0, 217283, 1, 
1124156, 1241828800223, , 0, 158, 1, 219, 269484, 8, 2, 184671, 7, 1
1124214, 1241823387408, 1241823533612, 6.45, 0, 0, 0, 0, 6, 9, 1122449, 4, 
1126061, , , 56.5, 0, 0, 0, 0, 4, 1, 52350, , 
11315, 1241817517882, 1241817620354, 22.4, 0, 0, 0, 0, 8, 6, 12, 12, 4
113237, , , 139.3, 0, 0, 0, 0, 9, 14, 10642, , 
113794, , , 24.3, 0, 0, 0, 0, 3, 6, 94657, , 
1138221, 1241820236902, 1241821492774, 0, 466, 3, 176.66666666666666, 1283799, 0, 0, 269484, 4, 
114461, 1241825255569, 1241825872737, 0, 0, 0, 0, 0, 2, 1, 390995, 4, 0
11460, , , 521.0999999999999, 0, 0, 0, 0, 1, 13, 41022, , 
1148755, , , 34.1, 0, 0, 0, 0, 21, 0, 1092321, , 
1150546, 1241829330586, 1241829339064, 0, 0, 0, 0, 0, 0, 0, 0, 1, 
1159596, 1241826634197, 1241827238225, 0, 372, 3, 86.33333333333333, 0, 0, 0, 0, 1, 
11600, 1241827323271, , 16.8, 1445, 5, 312.2, 10634, 9, 0, 171581, 8, 10
1162172, 1241828057105, 1241828853750, 0, 356, 2, 193.5, 1181188, 1, 0, 835426, 4, 
1166100, 1241818760840, 1241819175816, 0, 138, 1, 138, 0, 0, 0, 0, 1, 
1167886, 1241822332046, 1241822542790, 0, 80, 1, 80, 0, 0, 0, 1122449, 1, 
1172941, 1241826368776, 1241827440675, 0, 603, 4, 183, 0, 0, 0, 1275561, 1, 
1190793, 1241818101017, 1241821539446, 10.9, 297, 2, 99.5, 0, 1, 0, 8938, 1, 
1199648, 1241821170305, 1241822637844, 125.60000000000001, 1105, 7, 149.57142857142858, 0, 2, 0, 394001, 3, 1
12, , , 1367.5499999999997, 0, 0, 0, 0, 20, 82, 383387, , 
1203117, 1241820501157, 1241821694852, 0, 382, 1, 415, 1215840, 2, 0, 152578, 4, 1
1204193, 1241821319975, 1241821752697, 0, 565, 3, 287.6666666666667, 0, 1, 0, 1126061, 3, 1
1204358, 1241829537384, 1241829662737, 0, 0, 0, 0, 0, 0, 0, 0, 1, 
1204543, 1241824853859, 1241825024159, 0, 118, 1, 93, 0, 0, 0, 171145, 1, 
1208580, , , 114.4, 0, 0, 0, 0, 1, 0, 885698, , 
1210605, 1241828083098, 1241828991693, 0, 426, 3, 118, 0, 0, 0, 176400, 1, 
121118, , , 9.1, 0, 0, 0, 0, 2, 2, 163843, , 
1221568, 1241819075252, 1241820101185, 0, 231, 2, 112, 0, 0, 0, 1190793, 1, 
1222108, 1241822356071, 1241823323670, 0, 441, 3, 123, 0, 0, 0, 1053158, 2, 
1223345, 1241819734323, 1241823543783, 0, 7628, 28, 289.7857142857143, 0, 0, 0, 311783, 4, 
1223973, 1241827635768, 1241827719882, 0, 0, 0, 0, 0, 1, 0, 298666, 2, 1
1229, 1241829028160, , 0, 486, 1, 529, 0, 5, 9, 713, 12, 3
122907, , , 427.79999999999995, 0, 0, 0, 0, 6, 10, 251062, , 
123961, 1241828772110, 1241828959698, 0, 0, 0, 0, 878, 5, 22, 713, 15, 2
124352, 1241825898493, 1241826720661, 0, 415, 2, 185.5, 0, 0, 0, 102595, 1, 
124440, 1241827759260, , 0, 5649, 29, 160.65517241379317, 99802, 0, 0, 1092321, 3, 0
1245027, 1241819093149, 1241819097901, 0, 0, 0, 0, 0, 0, 0, 0, 1, 
124503, , , 231.95000000000002, 0, 0, 0, 0, 1, 7, 170934, , 
124713, 1241817331317, 1241817336580, 0, 0, 0, 0, 0, 0, 0, 72043, 1, 0
1250581, 1241818626212, 1241819461674, 0, 114, 1, 100, 0, 0, 0, 1110484, 1, 
1251045, 1241825775072, 1241826094670, 0, 223, 2, 111.5, 0, 0, 0, 54776, 1, 
125207, 1241818702451, 1241819880676, 0, 795, 3, 170.33333333333334, 273503, 1, 0, 544643, 4, 0
1252880, 1241816796634, 1241818260675, 0, 1103, 6, 99.33333333333333, 0, 0, 0, 1892, 2, 
1252909, 1241820424648, 1241820455258, 0, 0, 0, 0, 0, 0, 0, 0, 1, 
125347, 1241829523003, , 0, 0, 0, 0, 0, 1, 0, 561527, 1, 0
1254611, 1241823081151, 1241823682968, 0, 341, 3, 93.33333333333333, 0, 0, 0, 1148755, 2, 
1255530, 1241828455554, 1241829141622, 0, 297, 2, 127, 0, 0, 0, 178724, 1, 
1255618, 1241823780974, 1241828706145, 79.95, 690, 4, 146.5, 110735, 2, 1, 206148, 4, 
125787, 1241822006973, 1241822506262, 0, 547, 3, 174, 0, 1, 0, 22707, 4, 1
125837, 1241821465788, 1241822484398, 0, 1409, 5, 446.8, 0, 2, 0, 336524, 7, 1
126451, , , 86.4, 0, 0, 0, 0, 3, 1, 77874, , 
1265, , , 275.65000000000003, 0, 0, 0, 0, 15, 34, 12, , 
1271086, 1241822249069, 1241822317872, 0, 0, 0, 0, 0, 0, 0, 0, 1, 
1274543, 1241829380533, , 0, 0, 0, 0, 0, 0, 0, 125347, 1, 0
1275561, 1241828938327, 1241829300683, 14.200000000000001, 552, 4, 163.5, 0, 1, 0, 772113, 2, 
1276678, 1241821762874, 1241822477975, 0, 1091, 7, 124.57142857142857, 0, 0, 0, 537246, 2, 
12770, , , 56.55, 0, 0, 0, 0, 23, 31, 383387, , 
1277297, 1241820796216, 1241820917509, 0, 0, 0, 0, 0, 0, 0, 0, 1, 
127763, , , 5.2, 0, 0, 0, 0, 2, 6, 143278, , 
1279217, 1241820924254, 1241820969016, 0, 0, 0, 0, 0, 0, 0, 0, 1, 
1279761, 1241823529122, 1241825820708, 0, 983, 8, 96.625, 0, 0, 0, 171513, 3, 
1281243, 1241820887717, 1241821466837, 0, 1487, 8, 159.875, 0, 0, 0, 0, 2, 
1295625, 1241825668829, 1241826462982, 0, 261, 3, 87, 0, 0, 0, 0, 1, 
1299210, 1241823861109, 1241824765103, 0, 274, 2, 131.5, 0, 0, 0, 1092321, 2, 
1299968, 1241821074481, 1241821415089, 0, 0, 0, 0, 0, 0, 0, 0, 1, 
1302307, 1241827027410, 1241827766396, 0, 108, 1, 108, 0, 0, 0, 293092, 1, 
1302953, 1241826370279, 1241826428952, 0, 0, 0, 0, 0, 0, 0, 0, 1, 
1309458, 1241823783649, 1241823802681, 0, 0, 0, 0, 0, 0, 0, 0, 1, 
1323143, 1241826230603, 1241827214486, 0, 555, 3, 122, 0, 0, 0, 0, 1, 
1323699, 1241820822616, 1241822019198, 0, 1042, 6, 142, 0, 0, 0, 307471, 2, 
1324218, 1241829411591, 1241829420799, 0, 0, 0, 0, 0, 0, 0, 0, 1, 
1327633, 1241827835508, 1241828117588, 0, 171, 1, 127, 0, 0, 0, 0, 1, 
1331746, 1241827283882, 1241828658071, 0, 1128, 7, 148.57142857142858, 0, 0, 0, 0, 2, 
1332191, 1241829172114, 1241829605010, 0, 121, 1, 108, 0, 0, 0, 0, 1, 
1333799, 1241817203144, 1241817300898, 0, 0, 0, 0, 0, 0, 0, 0, 1, 
133826, , , 18.2, 0, 0, 0, 0, 2, 0, 121118, , 
1343542, 1241820044801, 1241822561720, 0, 719, 4, 151.5, 0, 0, 0, 447249, 2, 
1348419, 1241816576212, 1241816692129, 0, 0, 0, 0, 0, 0, 0, 0, 1, 
1352971, 1241817150571, 1241818139295, 0, 141, 1, 141, 0, 0, 0, 0, 1, 
1353129, 1241820580664, 1241820595260, 0, 0, 0, 0, 0, 0, 0, 0, 1, 
1353549, 1241823290781, 1241823360691, 0, 0, 0, 0, 0, 0, 0, 0, 1, 
1354814, 1241825338507, 1241826060717, 0, 91, 1, 91, 0, 0, 0, 0, 1, 
1355145, 1241820806413, 1241821302213, 0, 370, 3, 127.33333333333333, 0, 0, 0, 0, 1, 
1355177, 1241819412634, 1241819615754, 0, 91, 1, 91, 0, 0, 0, 0, 1, 
1355311, 1241820616365, 1241820753290, 0, 0, 0, 0, 0, 0, 0, 0, 1, 
1355439, 1241819620404, 1241819670306, 0, 0, 0, 0, 0, 0, 0, 0, 1, 
1355798, 1241820204984, 1241820217176, 0, 0, 0, 0, 0, 0, 0, 0, 1, 
1356394, 1241822301831, 1241822382191, 0, 0, 0, 0, 0, 0, 0, 0, 1, 
1356881, 1241822986506, 1241823006042, 0, 0, 0, 0, 0, 0, 0, 0, 1, 
1356933, 1241823318444, 1241823380477, 0, 0, 0, 0, 0, 0, 0, 0, 1, 
1357312, 1241822665957, 1241822772744, 0, 0, 0, 0, 0, 0, 0, 0, 1, 
1357479, 1241823985892, 1241824055214, 0, 0, 0, 0, 0, 0, 0, 0, 1, 
1358252, 1241827926004, 1241828760679, 0, 475, 4, 105.25, 0, 0, 0, 0, 1, 
1358644, 1241825788455, 1241825820684, 0, 0, 0, 0, 0, 0, 0, 0, 1, 
1359250, 1241829291516, 1241829490075, 0, 535, 1, 98, 0, 0, 0, 336524, 1, 
136131, 1241820543232, 1241821424515, 0, 4639, 14, 241.92857142857142, 1089370, 1, 0, 403501, 4, 0
138473, 1241829374864, , 0, 1256, 11, 115.9090909090909, 0, 0, 0, 1199648, 2, 0
140622, 1241826861060, 1241827008382, 0, 0, 0, 0, 0, 1, 0, 12770, 4, 0
140802, 1241820722042, 1241822411785, 0, 168, 1, 152, 0, 0, 0, 0, 1, 
140830, 1241828292106, , 0, 588, 3, 157, 0, 0, 0, 0, 1, 0
140983, 1241824787212, 1241824934596, 0, 0, 0, 0, 0, 0, 0, 117857, 3, 0
143538, , , 40.85, 0, 0, 0, 0, 2, 23, 1531, , 
152578, , , 38.2, 0, 0, 0, 0, 3, 2, 208699, , 
153097, , , 17.1, 0, 0, 0, 0, 19, 1, 1062853, , 
153221, , , 7.450000000000001, 0, 0, 0, 0, 3, 8, 166991, , 
154004, 1241817624775, 1241817803761, 0, 0, 0, 0, 561706, 10, 7, 90041, 4, 0
154238, 1241828214680, 1241828227311, 0, 0, 0, 0, 156489, 5, 4, 45129, 8, 2
156383, 1241821505090, 1241822022958, 0, 115, 1, 115, 0, 0, 0, 325253, 1, 0
157713, 1241827430265, 1241828172048, 0, 1180, 4, 168.5, 0, 3, 0, 58859, 3, 2
158630, 1241827406041, 1241827860575, 0, 0, 0, 0, 0, 5, 2, 304445, 5, 1
159420, , , 25.25, 0, 0, 0, 0, 1, 6, 206649, , 
160024, 1241822912774, 1241822941146, 0, 0, 0, 0, 0, 0, 0, 164799, 1, 0
163614, 1241825062959, 1241825100697, 0, 0, 0, 0, 0, 0, 0, 170336, 4, 0
163836, , , 25.3, 0, 0, 0, 0, 2, 1, 169869, , 
166371, , , 23.300000000000004, 0, 0, 0, 0, 4, 13, 267622, , 
167153, 1241827702042, , 0, 1445, 5, 265, 60542, 9, 22, 12, 10, 5
169345, 1241823869637, 1241824537354, 0, 243, 2, 152.5, 0, 1, 0, 113794, 3, 0
169869, , , 12.65, 0, 0, 0, 0, 6, 2, 148695, , 
16993, 1241822369035, 1241822589989, 0, 253, 1, 200, 0, 1, 0, 510740, 3, 0
170191, , , 304.5999999999999, 0, 0, 0, 0, 3, 10, 202873, , 
171145, 1241825399391, 1241827013627, 11.8, 835, 4, 178, 0, 3, 1, 1265, 4, 7
171513, 1241823905951, 1241823975325, 332.1, 1425, 2, 432.5, 0, 10, 7, 170191, 12, 2
171581, , , 152.89999999999998, 0, 0, 0, 0, 1, 9, 73304, , 
172277, 1241824351106, 1241825906167, 0, 544, 3, 186.66666666666666, 0, 2, 2, 173460, 5, 2
172848, 1241828820892, 1241828838862, 0, 0, 0, 0, 162782, 3, 5, 359624, 11, 2
173460, , , 54.4, 0, 0, 0, 0, 1, 2, 356420, , 
176400, 1241824005967, 1241828192905, 42.60000000000001, 9656, 33, 266.3939393939394, 0, 2, 0, 21067, 5, 2
177672, 1241827460892, 1241827497056, 0, 0, 0, 0, 254961, 1, 0, 302907, 7, 3
178724, 1241823677953, , 78.69999999999999, 5292, 35, 156.97142857142856, 0, 4, 0, 58859, 3, 1
180571, 1241823252998, 1241823257147, 0, 253, 1, 306, 0, 1, 3, 163836, 4, 0
180789, , , 48.60000000000001, 0, 0, 0, 0, 2, 1, 58030, , 
181264, , , 53.95, 0, 0, 0, 0, 2, 5, 3812, , 
182539, 1241829485728, , 0, 0, 0, 0, 0, 0, 0, 0, 1, 0
184671, , , 15.8, 0, 0, 0, 0, 1, 8, 171513, , 
187169, 1241824651479, 1241824662800, 0, 243, 2, 90, 0, 1, 0, 110178, 1, 1
1892, 1241820669314, 1241823338912, 101.10000000000001, 6583, 21, 406.9047619047619, 1092321, 21, 6, 995, 12, 2
192080, , , 149.10000000000002, 0, 0, 0, 0, 2, 10, 220964, , 
193349, 1241824366339, 1241824569963, 0, 0, 0, 0, 0, 0, 0, 178724, 1, 
193978, , , 14.200000000000001, 0, 0, 0, 0, 4, 4, 196206, , 
195481, 1241816929397, 1241816936040, 0, 0, 0, 0, 0, 0, 0, 0, 1, 
195736, , , 207.7, 0, 0, 0, 0, 6, 33, 334835, , 
19658, , , 28.150000000000002, 0, 0, 0, 0, 1, 1, 118975, , 
19693, , , 56.300000000000004, 0, 0, 0, 0, 1, 0, 19658, , 
197371, 1241820423231, 1241820731158, 0, 154, 1, 181, 0, 0, 0, 392522, 2, 
199427, , , 174.04999999999995, 0, 0, 0, 0, 1, 9, 208602, , 
201054, 1241820154620, 1241820181525, 0, 0, 0, 0, 0, 0, 0, 1155409, 4, 
202050, 1241825776771, 1241826420687, 0, 149, 2, 74.5, 0, 0, 0, 295854, 2, 0
20260, , , 573.6999999999999, 0, 0, 0, 0, 2, 13, 12, , 
202873, , , 71.25, 0, 0, 0, 0, 1, 3, 341164, , 
203163, 1241828595205, 1241828613568, 0, 0, 0, 0, 0, 0, 0, 0, 1, 
204729, 1241823395944, 1241823576484, 0, 0, 0, 0, 0, 0, 0, 7314, 1, 
204915, 1241822817860, 1241823319907, 0, 399, 2, 192, 0, 0, 0, 0, 1, 
206148, , , 98.6, 0, 0, 0, 0, 1, 2, 1122449, , 
206831, 1241823773352, 1241824783644, 0, 522, 4, 130.75, 0, 0, 0, 178724, 1, 
208602, , , 69.05, 0, 0, 0, 0, 2, 8, 351626, , 
208699, , , 19.1, 0, 0, 0, 0, 4, 4, 36200, , 
209656, , , 16.95, 0, 0, 0, 0, 6, 7, 167153, , 
21067, , , 986.9, 0, 0, 0, 0, 3, 3, 302907, , 
212225, 1241828682870, 1241828693188, 0, 0, 0, 0, 0, 0, 0, 1124156, 3, 
217283, 1241818235016, 1241819912112, 103.80000000000001, 421, 2, 271, 532467, 68, 26, 57393, 12, 30
220964, , , 74.55000000000001, 0, 0, 0, 0, 5, 5, 143501, , 
223864, , , 84.15, 0, 0, 0, 0, 7, 36, 160138, , 
224484, 1241828835377, , 0, 563, 4, 144.25, 0, 0, 0, 19693, 2, 0
22707, , , 54.7, 0, 0, 0, 0, 7, 3, 8842, , 
238812, 1241816826897, 1241817901128, 0, 1491, 3, 391.6666666666667, 546831, 10, 6, 192080, 5, 2
239981, , , 146.05, 0, 0, 0, 0, 1, 2, 209944, , 
243257, 1241826076050, 1241826600687, 0, 113, 1, 113, 0, 0, 0, 0, 1, 
245051, 1241822871084, 1241822900312, 0, 0, 0, 0, 0, 0, 0, 172848, 1, 
246356, 1241826806940, 1241826873900, 5, 0, 0, 0, 0, 5, 4, 54776, 8, 3
251062, , , 213.89999999999998, 0, 0, 0, 0, 6, 7, 296361, , 
256330, 1241826195625, 1241826211857, 0, 0, 0, 0, 0, 0, 0, 0, 1, 
25664, , , 158.30000000000004, 0, 0, 0, 0, 4, 0, 43402, , 
256746, , , 307.9, 0, 0, 0, 0, 5, 30, 61984, , 
258951, , , 837.6000000000003, 0, 0, 0, 0, 25, 15, 1265, , 
259344, , , 265.6, 0, 0, 0, 0, 23, 14, 143538, , 
261716, , , 23.5, 0, 0, 0, 0, 1, 0, 181264, , 
269484, , , 46.60000000000001, 0, 0, 0, 0, 12, 0, 166371, , 
271936, 1241819832243, 1241819970905, 0, 0, 0, 0, 0, 3, 0, 887964, 4, 
2796, , , 361.5, 0, 0, 0, 0, 5, 0, 259344, , 
283870, 1241817367865, 1241817783439, 0, 275, 1, 153, 0, 0, 0, 101282, 4, 0
291108, 1241821018506, 1241822647710, 0, 1805, 9, 193.88888888888889, 0, 0, 0, 171513, 2, 
293092, 1241826882663, 1241827912373, 10.8, 0, 0, 0, 184475, 2, 0, 320880, 4, 2
295854, , , 14.900000000000002, 0, 0, 0, 0, 8, 0, 153221, , 
298666, 1241825367722, 1241826689102, 6.300000000000001, 817, 4, 234, 868186, 9, 2, 259344, 8, 3
301548, , , 22.050000000000004, 0, 0, 0, 0, 3, 1, 634607, , 
302907, , , 482.8, 0, 0, 0, 0, 2, 4, 283855, , 
304455, 1241822809047, 1241822812993, 0, 0, 0, 0, 0, 0, 0, 317371, 4, 0
30564, 1241822124256, , 0, 1583, 14, 114.92857142857143, 0, 0, 0, 25664, 2, 0
306336, 1241822541743, 1241822555858, 0, 0, 0, 0, 0, 0, 0, 267018, 1, 0
307471, , , 104.20000000000002, 0, 0, 0, 0, 7, 10, 12, , 
307473, 1241818830076, 1241819738936, 0, 692, 4, 133, 0, 0, 0, 217283, 1, 0
30991, 1241822579912, 1241823644034, 0, 511, 4, 127.75, 0, 0, 0, 0, 1, 
311783, 1241818613291, 1241821896637, 762.8000000000001, 1397, 4, 399.5, 0, 13, 3, 11460, 10, 7
3200, , , 168.3, 0, 0, 0, 0, 36, 1, 223864, , 
320880, , , 5.4, 0, 0, 0, 0, 3, 2, 91808, , 
321365, , , 55.25, 0, 0, 0, 0, 3, 1, 317371, , 
325253, , , 11.5, 0, 0, 0, 0, 2, 0, 336228, , 
334835, , , 55.25, 0, 0, 0, 0, 1, 6, 143501, , 
33511, , , 10, 0, 0, 0, 0, 2, 0, 246356, , 
335894, 1241824419153, 1241824447788, 0, 0, 0, 0, 0, 0, 0, 0, 1, 
336195, 1241819444107, 1241819657147, 0, 0, 0, 0, 0, 0, 0, 0, 1, 
336228, , , 98.20000000000002, 0, 0, 0, 0, 10, 19, 307471, , 
336524, 1241829041460, , 200.20000000000002, 1105, 3, 574, 101052, 32, 6, 195736, 11, 2
337834, 1241822283790, 1241822297190, 0, 0, 0, 0, 0, 0, 0, 90239, 3, 0
341164, 1241823492157, 1241823619349, 0, 84, 1, 153, 0, 3, 3, 57393, 5, 4
344937, , , 9.3, 0, 0, 0, 0, 1, 13, 251062, , 
350348, 1241826351853, 1241826358520, 0, 0, 0, 0, 0, 0, 0, 331702, 1, 0
351430, , , 184.90000000000003, 0, 0, 0, 0, 14, 0, 336228, , 
35568, , , 1123.9, 0, 0, 0, 0, 3, 31, 258951, , 
356420, , , 27.2, 0, 0, 0, 0, 7, 1, 100397, , 
367452, , , 23.55, 0, 0, 0, 0, 6, 4, 127763, , 
383249, , , 28.400000000000002, 0, 0, 0, 0, 4, 1, 193978, , 
383387, , , 133.5, 0, 0, 0, 0, 7, 57, 0, , 
384125, 1241819977846, 1241820292292, 0, 0, 0, 0, 0, 2, 0, 228764, 2, 0
388185, 1241828929521, 1241829420711, 0, 444, 3, 109.66666666666667, 0, 3, 2, 12770, 4, 0
39171, , , 57.50000000000001, 0, 0, 0, 0, 8, 2, 102770, , 
392522, 1241823828813, 1241825388519, 15.4, 381, 3, 93.66666666666667, 0, 1, 0, 217283, 2, 
394001, , , 173.3, 0, 0, 0, 0, 1, 2, 321365, , 
396113, , , 1105.0999999999995, 0, 0, 0, 0, 2, 12, 44987, , 
397835, , , 26.400000000000002, 0, 0, 0, 0, 5, 35, 47379, , 
403501, , , 463.90000000000003, 0, 0, 0, 0, 7, 2, 124503, , 
408501, , , 108.80000000000001, 0, 0, 0, 0, 8, 22, 637936, , 
41022, , , 69.85000000000001, 0, 0, 0, 0, 2, 1, 412796, , 
4141, 1241828784863, , 0, 3615, 18, 240.72222222222223, 0, 0, 0, 2796, 4, 0
421572, 1241827389135, 1241828880402, 0, 63, 1, 63, 0, 0, 0, 298666, 3, 0
430717, 1241819579636, 1241824020675, 0, 3079, 15, 290.2, 503425, 30, 25, 256746, 12, 6
431598, 1241828561837, , 0, 0, 0, 0, 639914, 0, 0, 921283, 3, 0
432820, , , 84.4, 0, 0, 0, 0, 4, 0, 181264, , 
433901, 1241816973873, 1241820229579, 0, 844, 8, 100.125, 0, 0, 0, 432820, 1, 0
43402, , , 79.15000000000002, 0, 0, 0, 0, 12, 9, 123961, , 
447249, 1241819131072, 1241819166784, 71.9, 1381, 3, 701, 10642, 9, 5, 199427, 15, 2
44987, , , 390.75, 0, 0, 0, 0, 1, 2, 12770, , 
452296, 1241821288194, 1241821392856, 0, 0, 0, 0, 0, 9, 6, 103144, 6, 2
461633, 1241824650586, 1241825326117, 0, 224, 2, 112, 0, 1, 1, 11315, 3, 0
488917, 1241820006661, 1241820544183, 0, 182, 1, 364, 0, 0, 0, 133826, 3, 0
49481, 1241821395557, 1241821402684, 0, 0, 0, 0, 0, 0, 0, 238, 4, 0
510740, , , 52.900000000000006, 0, 0, 0, 0, 70, 12, 534632, , 
52012, , , 33.9, 0, 0, 0, 0, 3, 2, 209656, , 
520543, 1241822506169, 1241823724800, 0, 0, 0, 0, 0, 0, 0, 406980, 3, 0
521919, , , 4.9, 0, 0, 0, 0, 2, 1, 70997, , 
52350, , , 28.25, 0, 0, 0, 0, 1, 4, 674637, , 
524637, 1241828662795, 1241829577118, 0, 835, 6, 142.66666666666666, 0, 1, 0, 83320, 4, 
526836, 1241819760282, 1241820438905, 0, 111, 1, 102, 0, 0, 0, 0, 1, 
52818, 1241828982138, , 34.95, 104, 1, 109, 1118266, 4, 1, 367452, 4, 0
53030, 1241824593144, , 15.15, 4278, 11, 573.4545454545455, 1092321, 10, 6, 122907, 14, 3
534632, , , 12.65, 0, 0, 0, 0, 7, 70, 445660, , 
537246, , , 109.10000000000002, 0, 0, 0, 0, 3, 0, 878, , 
538748, , , 30.3, 0, 0, 0, 0, 1, 5, 53030, , 
541655, , , 187.64999999999998, 0, 0, 0, 0, 1, 23, 126451, , 
542720, 1241820105737, 1241820116212, 0, 0, 0, 0, 0, 0, 0, 0, 1, 
544450, , , 39.75, 0, 0, 0, 0, 7, 1, 439277, , 
544643, , , 79.5, 0, 0, 0, 0, 1, 1, 544450, , 
54776, 1241825751391, , 22.300000000000004, 11474, 25, 485.76, 1062, 80, 33, 89757, 16, 3
548848, 1241825116496, 1241825867707, 0, 168, 1, 149, 0, 0, 0, 11600, 3, 0
55022, 1241824765680, 1241824911379, 0, 303, 1, 385, 0, 5, 1, 538748, 3, 
554532, 1241822823692, 1241823051912, 0, 0, 0, 0, 0, 0, 0, 0, 1, 
555728, 1241820245221, 1241823541029, 4, 2921, 8, 320.5, 828191, 17, 15, 1101, 4, 0
560572, 1241829625592, , 0, 0, 0, 0, 0, 1, 0, 296658, 2, 0
561343, 1241827452185, 1241827555749, 0, 0, 0, 0, 0, 1, 0, 503163, 4, 0
561727, 1241821000136, 1241823197156, 0, 1144, 6, 141.83333333333334, 0, 0, 0, 1208580, 3, 
562788, , , 58.2, 0, 0, 0, 0, 1, 5, 409656, , 
57393, , , 98.55000000000003, 0, 0, 0, 0, 6, 73, 159420, , 
58022, 1241819047992, 1241819050718, 0, 0, 0, 0, 0, 4, 5, 175065, 4, 0
58030, , , 24.300000000000004, 0, 0, 0, 0, 1, 2, 196568, , 
5842, , , 18.6, 0, 0, 0, 0, 13, 9, 344937, , 
58429, , , 122.9, 0, 0, 0, 0, 7, 1, 10642, , 
58859, 1241817923083, 1241819820682, 686.5500000000002, 7815, 15, 627.8666666666667, 43017, 11, 16, 396113, 15, 2
597005, 1241818694403, 1241819082098, 0, 1164, 4, 307, 0, 2, 1, 603011, 4, 0
602727, 1241820390679, 1241820453073, 0, 0, 0, 0, 0, 0, 0, 0, 1, 
603011, , , 116.4, 0, 0, 0, 0, 5, 2, 562788, , 
60765, 1241828193577, 1241828298394, 0, 0, 0, 0, 0, 0, 0, 0, 1, 
616423, 1241822758183, 1241824932124, 0, 1229, 8, 143.5, 0, 1, 0, 58429, 4, 
618376, 1241827646441, 1241827894904, 57.7, 185, 1, 185, 0, 5, 1, 900329, 3, 
618670, 1241817527836, 1241817534925, 0, 0, 0, 0, 0, 0, 0, 0, 1, 
619032, 1241829103961, , 0, 577, 2, 224.5, 0, 0, 0, 618376, 2, 0
61984, , , 153.95, 0, 0, 0, 0, 3, 5, 61045, , 
626711, 1241825576430, 1241826662587, 0, 116, 1, 102, 0, 1, 5, 639655, 3, 
627282, 1241825138425, 1241825700710, 0, 0, 0, 0, 0, 0, 0, 304929, 1, 
637936, , , 54.400000000000006, 0, 0, 0, 0, 3, 8, 217283, , 
63861, 1241824821837, 1241826073745, 0, 186, 1, 193, 0, 0, 0, 5842, 2, 0
638649, 1241822576221, 1241822894857, 0, 454, 2, 131, 0, 1, 0, 171513, 3, 
639655, , , 11.600000000000001, 0, 0, 0, 0, 1, 1, 336524, , 
677003, 1241817459864, 1241817588120, 0, 0, 0, 0, 0, 2, 1, 533, 3, 
681051, 1241829148814, , 0, 265, 2, 137, 0, 0, 0, 178724, 1, 0
68523, 1241829192277, , 0, 1849, 8, 156.875, 0, 0, 0, 351430, 3, 0
69049, 1241821153807, 1241821191472, 0, 0, 0, 0, 0, 0, 0, 22707, 2, 0
6998, , , 13.75, 0, 0, 0, 0, 2, 4, 3028, , 
70557, , , 9.25, 0, 0, 0, 0, 6, 24, 502119, , 
70997, , , 52.800000000000004, 0, 0, 0, 0, 35, 4, 397835, , 
713, 1241828815586, , 1421.5, 0, 0, 0, 1265, 11, 79, 12, 19, 6
72745, , , 115.00000000000001, 0, 0, 0, 0, 2, 0, 39171, , 
73304, , , 72.25, 0, 0, 0, 0, 2, 2, 53030, , 
77, 1241816646671, 1241816669851, 0, 0, 0, 0, 171151, 11, 2, 12770, 14, 2
77152, 1241820635981, 1241822592214, 0, 1150, 7, 108, 0, 0, 0, 72745, 3, 2
772113, , , 62.30000000000001, 0, 0, 0, 0, 1, 1, 510740, , 
802319, , , 69.95, 0, 0, 0, 0, 2, 6, 773108, , 
808450, 1241819578972, 1241819588571, 0, 0, 0, 0, 0, 0, 0, 0, 1, 
81454, 1241817395982, 1241817484136, 0, 0, 0, 0, 0, 0, 0, 0, 1, 
81899, , , 152.05, 0, 0, 0, 0, 6, 14, 802319, , 
82377, 1241819331088, 1241819414919, 0, 0, 0, 0, 0, 1, 1, 184167, 3, 0
830093, 1241824901313, 1241825640689, 0, 0, 0, 0, 0, 0, 0, 0, 1, 
83320, , , 83.5, 0, 0, 0, 0, 4, 1, 96838, , 
835426, , , 35.6, 0, 0, 0, 0, 2, 1, 1092321, , 
836050, 1241818196109, 1241818739957, 0, 1393, 3, 643.6666666666666, 592692, 14, 6, 113237, 8, 2
8527, 1241829533689, 1241829558735, 0, 0, 0, 0, 10260, 2, 0, 503, 12, 2
858723, 1241826196053, 1241826204802, 0, 0, 0, 0, 0, 0, 0, 0, 1, 
859282, 1241828641772, , 0, 235, 2, 109, 0, 0, 0, 261716, 2, 0
86605, , , 216.05, 0, 0, 0, 0, 1, 4, 1229, , 
871745, 1241817598096, 1241817615718, 0, 0, 0, 0, 0, 0, 0, 0, 1, 
878, , , 54.55000000000001, 0, 0, 0, 0, 8, 11, 123961, , 
881995, 1241824390431, 1241824680695, 0, 0, 0, 0, 0, 0, 0, 1092321, 1, 
88261, 1241818214128, 1241818219022, 0, 0, 0, 0, 481714, 2, 1, 321697, 4, 0
8842, , , 27.35, 0, 0, 0, 0, 12, 8, 1531, , 
885698, , , 57.2, 0, 0, 0, 0, 4, 1, 836050, , 
8938, 1241818299337, 1241819285682, 35.150000000000006, 1728, 5, 523, 0, 23, 14, 541655, 6, 3
89496, 1241826073884, 1241826076614, 0, 0, 0, 0, 0, 1, 0, 437689, 4, 0
89757, , , 1158.55, 0, 0, 0, 0, 3, 80, 20260, , 
900329, , , 47.35, 0, 0, 0, 0, 24, 5, 70557, , 
90041, 1241823408333, 1241826076894, 0, 3725, 9, 465.6666666666667, 175933, 10, 10, 258951, 12, 14
90483, 1241824744088, 1241825880741, 0, 486, 4, 121.5, 0, 1, 0, 180789, 2, 0
919492, 1241828003315, 1241828246455, 0, 0, 0, 0, 0, 0, 0, 0, 1, 
938403, 1241824038675, 1241824652106, 0, 0, 0, 0, 0, 0, 0, 0, 1, 
942791, 1241823568671, 1241823660681, 0, 0, 0, 0, 0, 3, 0, 217283, 4, 
944429, 1241826000602, 1241826137497, 0, 284, 1, 410, 0, 1, 0, 383249, 4, 
94657, , , 12.15, 0, 0, 0, 0, 1, 3, 163484, , 
95374, 1241829261871, , 0, 339, 2, 117.5, 0, 2, 1, 52012, 3, 0
96838, , , 41.75, 0, 0, 0, 0, 1, 4, 166371, , 
970838, 1241822392051, 1241822412839, 0, 0, 0, 0, 0, 0, 0, 10850, 1, 
978078, 1241820593572, 1241820604249, 0, 0, 0, 0, 0, 0, 0, 0, 1, 
98577, 1241819759420, 1241819974249, 0, 98, 1, 98, 0, 0, 0, 104207, 1, 
986101, 1241826174309, 1241827389915, 0, 414, 2, 138, 0, 0, 0, 0, 1, 
995, , , 708.8500000000001, 0, 0, 0, 0, 13, 21, 12, , 
99802, 1241828224737, , 0, 4321, 19, 308.57894736842104, 124440, 10, 1, 10184, 6, 11
<<<<EndTable

PlayersOnlineNow=30
PlayersOnlineEachMinute=0, 6, 7, 7, 7, 5, 7, 10, 9, 9, 10, 12, 14, 14, 14, 15, 16, 18, 18, 18, 17, 17, 15, 15, 13, 14, 13, 13, 13, 12, 11, 13, 13, 14, 14, 13, 16, 16, 17, 18, 20, 20, 21, 19, 19, 21, 16, 16, 18, 19, 20, 20, 22, 20, 20, 22, 21, 20, 19, 19, 20, 18, 18, 18, 16, 17, 22, 18, 19, 17, 20, 22, 20, 21, 23, 23, 25, 27, 27, 28, 28, 30, 31, 27, 25, 24, 24, 24, 23, 22, 22, 21, 21, 22, 23, 23, 23, 26, 26, 28, 27, 25, 25, 20, 22, 22, 23, 25, 21, 22, 21, 24, 23, 21, 22, 20, 23, 22, 19, 18, 16, 16, 18, 17, 20, 20, 20, 22, 22, 21, 22, 22, 24, 25, 23, 23, 23, 22, 23, 25, 25, 25, 24, 23, 23, 24, 23, 23, 23, 25, 25, 25, 26, 25, 25, 26, 27, 24, 23, 25, 24, 24, 23, 24, 24, 24, 26, 24, 24, 23, 23, 21, 19, 20, 20, 21, 20, 20, 21, 21, 19, 21, 20, 20, 21, 21, 21, 22, 22, 22, 20, 18, 18, 19, 22, 21, 21, 20, 21, 21, 21, 21, 21, 21, 20, 20, 26, 23, 26, 24, 26, 27, 27, 30, 29, 29, 30, 31, 33, 30
PlayersInEachFeedingGame=2, 2, 2, 1, 2, 1, 2, 2, 1, 2, 2, 2, 2, 2, 1, 1, 2, 2, 1, 2, 1, 1, 1, 2, 2, 2, 2, 1, 2, 1, 1, 2, 1, 1, 1, 2, 2, 1, 1, 1, 2, 1, 2, 2, 1, 1, 2, 2, 2, 1, 2, 2, 2, 1, 2, 1, 1, 2, 1, 2, 2, 1, 2, 1, 1, 1, 2, 2, 1, 1, 2, 2, 2, 1, 2, 1, 1, 3, 2, 1, 1, 1, 1, 1, 2, 1, 2, 2, 1, 1, 2, 2, 2, 2, 1, 2, 2, 2, 1, 1, 2, 2, 2, 1, 2, 2, 1, 1, 1, 1, 2, 2, 2, 1, 1, 2, 2, 2, 1, 1, 1, 2, 2, 1, 1, 2, 1, 3, 2, 2, 2, 1, 1, 2, 2, 2, 2, 2, 1, 2, 2, 2, 2, 2, 1, 2, 1, 2, 1, 1, 2, 1, 1, 1, 2, 2, 1, 2, 2, 2, 1, 1, 1, 2, 1, 1, 1, 2, 1, 2, 2, 2, 2, 1, 2, 1, 2, 1, 2, 1, 1, 2, 1, 2, 2, 1, 3, 1, 1, 2, 2, 2, 2, 2, 1, 3, 2, 1, 2, 2, 2, 1, 2, 1, 1, 1, 2, 2, 2, 2, 2, 2, 1, 2, 2, 2, 2, 1, 2, 2, 2, 2, 1, 2, 1, 1, 1, 2, 2, 1, 1, 2, 2, 1, 2, 2, 1, 1, 1, 2, 2, 2, 2, 2, 1, 2, 2, 2, 2, 2, 1, 1, 1, 1, 1, 2, 1, 2, 1, 2, 2, 1, 1, 1, 2, 1, 2, 2, 1, 2, 1, 2, 2, 1, 1, 1, 1, 2, 1, 2, 1, 2, 2, 1, 1, 1, 2, 2, 1, 3, 2, 2, 1, 1, 2, 1, 1, 2, 1, 2, 1, 2, 2, 2, 2, 1, 2, 2, 2, 2, 2, 2, 1, 2, 2, 2, 1, 2, 2, 2, 2, 1, 1, 2, 2, 2, 2, 2, 2, 1, 1, 1, 2, 3
PlayersStarted=402
PlayersQuit=372
StatsStartTime=1241816466070
StatsDumpTime=1241829667450
<<<<EndStats
2009-05-08 17:42:40,509 ERROR: vampire.server.feeding.FeedingRecord sendPlayerStartGameMsg [playerId=182539, prey=true, _predatorIndex=]
2009-05-08 17:42:40,510 ERROR: vampire.server.feeding.FeedingRecord sendPlayerStartGameMsg [playerId=681051, prey=false, _predatorIndex=]
2009-05-08 17:42:48,031 ERROR: vampire.server.feeding.FeedingRecord sendPlayerStartGameMsg [playerId=68523, prey=true, _predatorIndex=]
2009-05-08 17:42:48,031 ERROR: vampire.server.feeding.FeedingRecord sendPlayerStartGameMsg [playerId=138473, prey=false, _predatorIndex=]
2009-05-08 17:43:22,194 ERROR: vampire.server.feeding.FeedingRecord sendPlayerStartGameMsg [playerId=52818, prey=true, _predatorIndex=]
2009-05-08 17:43:22,195 ERROR: vampire.server.feeding.FeedingRecord sendPlayerStartGameMsg [playerId=178724, prey=false, _predatorIndex=]
2009-05-08 17:43:24,722 ERROR: vampire.server.feeding.FeedingRecord sendPlayerStartGameMsg [playerId=8527, prey=true, _predatorIndex=]
2009-05-08 17:43:24,723 ERROR: vampire.server.feeding.FeedingRecord sendPlayerStartGameMsg [playerId=1043, prey=false, _predatorIndex=]
2009-05-08 17:44:22,227 ERROR: vampire.server.feeding.FeedingRecord sendPlayerStartGameMsg [playerId=713, prey=false, _predatorIndex=1043]
2009-05-08 17:44:28,520 ERROR: vampire.server.feeding.FeedingRecord sendPlayerStartGameMsg [playerId=95374, prey=false, _predatorIndex=]
2009-05-08 17:44:33,909 ERROR: vampire.server.feeding.FeedingRecord sendPlayerStartGameMsg [playerId=859282, prey=false, _predatorIndex=178724]
2009-05-08 17:44:36,790 ERROR: vampire.server.feeding.FeedingRecord sendPlayerStartGameMsg [playerId=1124156, prey=false, _predatorIndex=178724,859282]
2009-05-08 17:46:00,626 ERROR: vampire.server.feeding.FeedingRecord sendPlayerStartGameMsg [playerId=1229, prey=false, _predatorIndex=1043,713]
2009-05-08 17:47:35,118 ERROR: vampire.server.feeding.FeedingRecord sendPlayerStartGameMsg [playerId=3200, prey=true, _predatorIndex=]
2009-05-08 17:47:35,119 ERROR: vampire.server.feeding.FeedingRecord sendPlayerStartGameMsg [playerId=68523, prey=false, _predatorIndex=]
2009-05-08 17:47:40,562 ERROR: vampire.server.feeding.FeedingRecord sendPlayerStartGameMsg [playerId=124440, prey=false, _predatorIndex=]
2009-05-08 17:47:55,356 ERROR: vampire.server.feeding.FeedingRecord sendPlayerStartGameMsg [playerId=95374, prey=false, _predatorIndex=]
2009-05-08 17:48:09,734 ERROR: vampire.server.feeding.FeedingRecord sendPlayerStartGameMsg [playerId=238, prey=false, _predatorIndex=]
2009-05-08 17:48:12,063 ERROR: vampire.server.feeding.FeedingRecord sendPlayerStartGameMsg [playerId=178724, prey=true, _predatorIndex=]
2009-05-08 17:48:12,064 ERROR: vampire.server.feeding.FeedingRecord sendPlayerStartGameMsg [playerId=1124156, prey=false, _predatorIndex=]
2009-05-08 17:48:13,740 ERROR: vampire.server.feeding.FeedingRecord sendPlayerStartGameMsg [playerId=110735, prey=false, _predatorIndex=]
2009-05-08 17:48:40,833 ERROR: vampire.server.feeding.FeedingRecord sendPlayerStartGameMsg [playerId=336524, prey=true, _predatorIndex=]
2009-05-08 17:48:40,833 ERROR: vampire.server.feeding.FeedingRecord sendPlayerStartGameMsg [playerId=157713, prey=false, _predatorIndex=]
2009-05-08 17:49:34,903 ERROR: vampire.server.feeding.FeedingRecord sendPlayerStartGameMsg [playerId=879079, prey=false, _predatorIndex=]
2009-05-08 17:49:45,514 ERROR: vampire.server.feeding.FeedingRecord sendPlayerStartGameMsg [playerId=1204358, prey=true, _predatorIndex=]
2009-05-08 17:49:45,520 ERROR: vampire.server.feeding.FeedingRecord sendPlayerStartGameMsg [playerId=4141, prey=false, _predatorIndex=]
2009-05-08 17:49:49,099 ERROR: vampire.server.feeding.FeedingRecord sendPlayerStartGameMsg [playerId=138473, prey=false, _predatorIndex=4141]
2009-05-08 17:50:24,994 ERROR: vampire.server.feeding.FeedingRecord sendPlayerStartGameMsg [playerId=238, prey=false, _predatorIndex=]
2009-05-08 17:50:42,871 ERROR: vampire.server.feeding.FeedingRecord sendPlayerStartGameMsg [playerId=54776, prey=true, _predatorIndex=]
2009-05-08 17:50:42,872 ERROR: vampire.server.feeding.FeedingRecord sendPlayerStartGameMsg [playerId=1062, prey=false, _predatorIndex=]

>>>>BeginStats

>>>>BeginTable
PlayerId, StartTime, EndTime, ProgenyPayout, XPFromFeeding, FeedingGames, MeanFeedingScore, BloodBond, Progeny, GrandProgeny, Sire, Level, Invites
100219, 1241821379087, 1241824920683, 0, 243, 2, 89.5, 0, 0, 0, 103033, 1, 0
101282, , , 27.5, 0, 0, 0, 0, 4, 0, 6998, , 
10184, , , 486, 0, 0, 0, 0, 4, 10, 86605, , 
102595, 1241826005877, 1241827716123, 41.5, 592, 3, 211.66666666666666, 0, 1, 0, 1255618, 2, 
1028958, 1241816490218, 1241816721709, 0, 173, 1, 132, 0, 0, 0, 1118266, 2, 
103033, 1241822659353, 1241825589637, 24.3, 1399, 6, 297.3333333333333, 767143, 14, 14, 81899, 6, 1
104207, , , 9.8, 0, 0, 0, 0, 1, 0, 521919, , 
1043, 1241828681578, , 0, 3416, 6, 478, 453, 5, 2, 12, 13, 3
1046581, 1241821544376, 1241821714489, 0, 100, 1, 117, 0, 0, 0, 33511, 1, 
1047756, 1241817962516, 1241817993789, 0, 0, 0, 0, 0, 0, 0, 10642, 2, 
104928, 1241818120158, 1241818149702, 0, 0, 0, 0, 0, 0, 0, 0, 1, 
1053158, , , 44.10000000000001, 0, 0, 0, 0, 1, 0, 301548, , 
1059897, 1241826348084, 1241826360045, 0, 0, 0, 0, 0, 0, 0, 0, 1, 
1060123, 1241819721583, 1241819880679, 0, 0, 0, 0, 0, 0, 0, 153097, 1, 
1062, 1241824548293, , 0, 14045, 32, 434.0625, 54776, 11, 7, 713, 17, 2
1062853, , , 18.6, 0, 0, 0, 0, 9, 19, 1124214, , 
10642, , , 131.10000000000002, 0, 0, 0, 0, 32, 17, 351598, , 
1073413, 1241817485095, 1241818140682, 0, 308, 2, 143, 0, 0, 0, 0, 1, 
1088529, 1241823357379, 1241823600685, 0, 0, 0, 0, 0, 0, 0, 176400, 1, 
1092321, 1241820851410, , 490.4500000000001, 9446, 28, 256.14285714285717, 53030, 31, 34, 35568, 11, 3
1101, , , 292.1, 0, 0, 0, 0, 2, 17, 239981, , 
110178, , , 24.3, 0, 0, 0, 0, 6, 9, 12770, , 
1103506, 1241828944492, 1241829141822, 0, 129, 1, 163, 0, 0, 0, 1062853, 3, 
110735, 1241830058259, , 0, 1217, 9, 118.77777777777777, 1255618, 0, 0, 408501, 3, 0
1110484, 1241818207400, 1241819961980, 11.4, 114, 1, 128, 153097, 1, 0, 153097, 5, 1
1111437, 1241824038231, 1241825174315, 0, 398, 3, 119.66666666666667, 0, 2, 0, 70997, 2, 
1116544, 1241820370384, 1241820596977, 0, 0, 0, 0, 0, 0, 0, 0, 1, 
1118266, 1241818183649, 1241818543685, 17.3, 263, 1, 116, 52818, 1, 0, 52818, 4, 
1119385, 1241824333007, 1241827906697, 0, 1683, 8, 204, 0, 1, 0, 3200, 4, 
1120983, 1241826993650, 1241827358073, 0, 130, 1, 123, 0, 0, 0, 70997, 3, 
1122449, , , 42.5, 0, 0, 0, 0, 15, 7, 555728, , 
1123213, 1241827606739, 1241827650413, 0, 0, 0, 0, 0, 0, 0, 217283, 1, 
112397, 1241830159262, 1241830232747, 0, 0, 0, 0, 0, 0, 0, 0, 1, 
1124156, 1241828800223, , 0, 1612, 4, 703.5, 269484, 8, 2, 184671, 7, 1
1124214, 1241823387408, 1241823533612, 6.45, 0, 0, 0, 0, 6, 9, 1122449, 4, 
1126061, , , 56.5, 0, 0, 0, 0, 4, 1, 52350, , 
11315, 1241817517882, 1241817620354, 22.4, 0, 0, 0, 0, 8, 6, 12, 12, 4
113237, , , 139.3, 0, 0, 0, 0, 9, 14, 10642, , 
113794, , , 24.3, 0, 0, 0, 0, 3, 6, 94657, , 
1138221, 1241820236902, 1241821492774, 0, 466, 3, 176.66666666666666, 1283799, 0, 0, 269484, 4, 
1143299, 1241830190482, , 0, 0, 0, 0, 0, 0, 0, 0, 1, 0
114461, 1241825255569, 1241825872737, 0, 0, 0, 0, 0, 2, 1, 390995, 4, 0
11460, , , 521.0999999999999, 0, 0, 0, 0, 1, 13, 41022, , 
1148755, , , 34.1, 0, 0, 0, 0, 21, 0, 1092321, , 
1150546, 1241829330586, 1241829339064, 0, 0, 0, 0, 0, 0, 0, 0, 1, 
1159596, 1241826634197, 1241827238225, 0, 372, 3, 86.33333333333333, 0, 0, 0, 0, 1, 
11600, 1241827323271, , 16.8, 1445, 5, 312.2, 10634, 9, 0, 171581, 8, 10
1162172, 1241828057105, 1241828853750, 0, 356, 2, 193.5, 1181188, 1, 0, 835426, 4, 
1166100, 1241818760840, 1241819175816, 0, 138, 1, 138, 0, 0, 0, 0, 1, 
1167886, 1241822332046, 1241822542790, 0, 80, 1, 80, 0, 0, 0, 1122449, 1, 
1172941, 1241826368776, 1241827440675, 0, 603, 4, 183, 0, 0, 0, 1275561, 1, 
1190793, 1241818101017, 1241821539446, 10.9, 297, 2, 99.5, 0, 1, 0, 8938, 1, 
1199648, 1241821170305, 1241822637844, 196.3, 1105, 7, 149.57142857142858, 0, 2, 0, 394001, 3, 1
12, , , 1905.6499999999999, 0, 0, 0, 0, 20, 95, 383387, , 
1203117, 1241820501157, 1241821694852, 0, 382, 1, 415, 1215840, 2, 0, 152578, 4, 1
1204193, 1241821319975, 1241821752697, 0, 565, 3, 287.6666666666667, 0, 1, 0, 1126061, 3, 1
1204358, 1241829761973, , 0, 0, 0, 0, 0, 0, 0, 0, 1, 0
1204543, 1241824853859, 1241825024159, 0, 118, 1, 93, 0, 0, 0, 171145, 1, 
1208580, , , 114.4, 0, 0, 0, 0, 1, 0, 885698, , 
1210605, 1241828083098, 1241828991693, 0, 426, 3, 118, 0, 0, 0, 176400, 1, 
121118, , , 9.1, 0, 0, 0, 0, 2, 2, 163843, , 
1221568, 1241819075252, 1241820101185, 0, 231, 2, 112, 0, 0, 0, 1190793, 1, 
1222108, 1241822356071, 1241823323670, 0, 441, 3, 123, 0, 0, 0, 1053158, 2, 
1223345, 1241819734323, 1241823543783, 0, 7628, 28, 289.7857142857143, 0, 0, 0, 311783, 4, 
1223973, 1241827635768, 1241827719882, 0, 0, 0, 0, 0, 1, 0, 298666, 2, 1
1229, 1241829028160, , 0, 894, 2, 611.5, 0, 5, 9, 713, 12, 3
122907, , , 427.79999999999995, 0, 0, 0, 0, 6, 10, 251062, , 
123961, 1241830118173, 1241830148935, 0, 0, 0, 0, 878, 5, 22, 713, 15, 2
124352, 1241825898493, 1241826720661, 0, 415, 2, 185.5, 0, 0, 0, 102595, 1, 
124440, 1241827759260, , 0, 6331, 31, 159.9354838709678, 99802, 0, 0, 1092321, 3, 0
1245027, 1241819093149, 1241819097901, 0, 0, 0, 0, 0, 0, 0, 0, 1, 
124503, , , 231.95000000000002, 0, 0, 0, 0, 1, 7, 170934, , 
124713, 1241817331317, 1241817336580, 0, 0, 0, 0, 0, 0, 0, 72043, 1, 0
1250581, 1241818626212, 1241819461674, 0, 114, 1, 100, 0, 0, 0, 1110484, 1, 
1251045, 1241825775072, 1241826094670, 0, 223, 2, 111.5, 0, 0, 0, 54776, 1, 
125207, 1241818702451, 1241819880676, 0, 795, 3, 170.33333333333334, 273503, 1, 0, 544643, 4, 0
1252880, 1241816796634, 1241818260675, 0, 1103, 6, 99.33333333333333, 0, 0, 0, 1892, 2, 
1252909, 1241820424648, 1241820455258, 0, 0, 0, 0, 0, 0, 0, 0, 1, 
125347, 1241829523003, 1241830244419, 0, 70, 1, 140, 0, 1, 0, 561527, 1, 0
1254611, 1241823081151, 1241823682968, 0, 341, 3, 93.33333333333333, 0, 0, 0, 1148755, 2, 
1255530, 1241828455554, 1241829141622, 0, 297, 2, 127, 0, 0, 0, 178724, 1, 
1255618, 1241823780974, 1241828706145, 79.95, 690, 4, 146.5, 110735, 2, 1, 206148, 4, 
125787, 1241822006973, 1241822506262, 0, 547, 3, 174, 0, 1, 0, 22707, 4, 1
125837, 1241821465788, 1241822484398, 0, 1409, 5, 446.8, 0, 2, 0, 336524, 7, 1
126451, , , 86.4, 0, 0, 0, 0, 3, 1, 77874, , 
1265, , , 275.65000000000003, 0, 0, 0, 0, 15, 34, 12, , 
1271086, 1241822249069, 1241822317872, 0, 0, 0, 0, 0, 0, 0, 0, 1, 
1274543, 1241829380533, 1241829892016, 0, 0, 0, 0, 0, 0, 0, 125347, 1, 
1275561, 1241828938327, 1241829300683, 14.200000000000001, 552, 4, 163.5, 0, 1, 0, 772113, 2, 
1276678, 1241821762874, 1241822477975, 0, 1091, 7, 124.57142857142857, 0, 0, 0, 537246, 2, 
12770, , , 56.55, 0, 0, 0, 0, 23, 31, 383387, , 
1277297, 1241820796216, 1241820917509, 0, 0, 0, 0, 0, 0, 0, 0, 1, 
127763, , , 34.85, 0, 0, 0, 0, 2, 6, 143278, , 
12791, , , 35, 0, 0, 0, 0, 15, 7, 12, , 
1279217, 1241820924254, 1241820969016, 0, 0, 0, 0, 0, 0, 0, 0, 1, 
1279761, 1241823529122, 1241825820708, 0, 983, 8, 96.625, 0, 0, 0, 171513, 3, 
1281243, 1241820887717, 1241821466837, 0, 1487, 8, 159.875, 0, 0, 0, 0, 2, 
1295625, 1241825668829, 1241826462982, 0, 261, 3, 87, 0, 0, 0, 0, 1, 
1299210, 1241823861109, 1241824765103, 0, 274, 2, 131.5, 0, 0, 0, 1092321, 2, 
1299968, 1241821074481, 1241821415089, 0, 0, 0, 0, 0, 0, 0, 0, 1, 
1302307, 1241827027410, 1241827766396, 0, 108, 1, 108, 0, 0, 0, 293092, 1, 
1302953, 1241826370279, 1241826428952, 0, 0, 0, 0, 0, 0, 0, 0, 1, 
1303516, 1241829905515, , 0, 0, 0, 0, 0, 0, 0, 0, 1, 0
1309458, 1241823783649, 1241823802681, 0, 0, 0, 0, 0, 0, 0, 0, 1, 
1323143, 1241826230603, 1241827214486, 0, 555, 3, 122, 0, 0, 0, 0, 1, 
1323699, 1241820822616, 1241822019198, 0, 1042, 6, 142, 0, 0, 0, 307471, 2, 
1324218, 1241829411591, 1241829420799, 0, 0, 0, 0, 0, 0, 0, 0, 1, 
1327633, 1241827835508, 1241828117588, 0, 171, 1, 127, 0, 0, 0, 0, 1, 
1331746, 1241827283882, 1241828658071, 0, 1128, 7, 148.57142857142858, 0, 0, 0, 0, 2, 
1332191, 1241829172114, 1241829605010, 0, 121, 1, 108, 0, 0, 0, 0, 1, 
1333799, 1241817203144, 1241817300898, 0, 0, 0, 0, 0, 0, 0, 0, 1, 
133826, , , 18.2, 0, 0, 0, 0, 2, 0, 121118, , 
1343542, 1241820044801, 1241822561720, 0, 719, 4, 151.5, 0, 0, 0, 447249, 2, 
1348419, 1241816576212, 1241816692129, 0, 0, 0, 0, 0, 0, 0, 0, 1, 
1352971, 1241817150571, 1241818139295, 0, 141, 1, 141, 0, 0, 0, 0, 1, 
1353129, 1241820580664, 1241820595260, 0, 0, 0, 0, 0, 0, 0, 0, 1, 
1353549, 1241823290781, 1241823360691, 0, 0, 0, 0, 0, 0, 0, 0, 1, 
1354814, 1241825338507, 1241826060717, 0, 91, 1, 91, 0, 0, 0, 0, 1, 
1355145, 1241820806413, 1241821302213, 0, 370, 3, 127.33333333333333, 0, 0, 0, 0, 1, 
1355177, 1241819412634, 1241819615754, 0, 91, 1, 91, 0, 0, 0, 0, 1, 
1355311, 1241820616365, 1241820753290, 0, 0, 0, 0, 0, 0, 0, 0, 1, 
1355439, 1241819620404, 1241819670306, 0, 0, 0, 0, 0, 0, 0, 0, 1, 
1355798, 1241820204984, 1241820217176, 0, 0, 0, 0, 0, 0, 0, 0, 1, 
1356394, 1241822301831, 1241822382191, 0, 0, 0, 0, 0, 0, 0, 0, 1, 
1356881, 1241822986506, 1241823006042, 0, 0, 0, 0, 0, 0, 0, 0, 1, 
1356933, 1241823318444, 1241823380477, 0, 0, 0, 0, 0, 0, 0, 0, 1, 
1357312, 1241822665957, 1241822772744, 0, 0, 0, 0, 0, 0, 0, 0, 1, 
1357479, 1241823985892, 1241824055214, 0, 0, 0, 0, 0, 0, 0, 0, 1, 
1358252, 1241827926004, 1241828760679, 0, 475, 4, 105.25, 0, 0, 0, 0, 1, 
1358644, 1241825788455, 1241825820684, 0, 0, 0, 0, 0, 0, 0, 0, 1, 
1359196, 1241830241072, 1241830265044, 0, 0, 0, 0, 0, 0, 0, 0, 1, 
1359250, 1241829291516, 1241829490075, 0, 535, 1, 98, 0, 0, 0, 336524, 1, 
136131, 1241820543232, 1241821424515, 0, 4639, 14, 241.92857142857142, 1089370, 1, 0, 403501, 4, 0
138473, 1241829374864, , 0, 1963, 14, 135.42857142857142, 0, 0, 0, 1199648, 2, 0
140622, 1241826861060, 1241827008382, 0, 0, 0, 0, 0, 1, 0, 12770, 4, 0
140802, 1241820722042, 1241822411785, 0, 168, 1, 152, 0, 0, 0, 0, 1, 
140830, 1241828292106, , 0, 588, 3, 157, 0, 0, 0, 0, 1, 0
140983, 1241824787212, 1241824934596, 0, 0, 0, 0, 0, 0, 0, 117857, 3, 0
143538, , , 40.85, 0, 0, 0, 0, 2, 23, 1531, , 
147608, , , 3.5, 0, 0, 0, 0, 8, 1, 502119, , 
152578, , , 38.2, 0, 0, 0, 0, 3, 2, 208699, , 
153097, 1241829710151, 1241829840718, 17.1, 0, 0, 0, 1110484, 19, 1, 1062853, 4, 16
153221, , , 7.450000000000001, 0, 0, 0, 0, 3, 8, 166991, , 
153631, 1241829931571, 1241829976204, 0, 0, 0, 0, 0, 0, 0, 0, 1, 
154004, 1241817624775, 1241817803761, 0, 0, 0, 0, 561706, 10, 7, 90041, 4, 0
154238, 1241828214680, 1241828227311, 0, 0, 0, 0, 156489, 5, 4, 45129, 8, 2
156383, 1241821505090, 1241822022958, 0, 115, 1, 115, 0, 0, 0, 325253, 1, 0
157713, 1241830103322, , 0, 1445, 5, 161, 0, 3, 0, 58859, 3, 2
158630, 1241827406041, 1241827860575, 0, 0, 0, 0, 0, 5, 2, 304445, 5, 1
159420, , , 25.25, 0, 0, 0, 0, 1, 6, 206649, , 
160024, 1241822912774, 1241822941146, 0, 0, 0, 0, 0, 0, 0, 164799, 1, 0
160138, , , 26.400000000000002, 0, 0, 0, 0, 7, 8, 150469, , 
163614, 1241825062959, 1241825100697, 0, 0, 0, 0, 0, 0, 0, 170336, 4, 0
163836, , , 25.3, 0, 0, 0, 0, 2, 1, 169869, , 
166371, , , 23.300000000000004, 0, 0, 0, 0, 4, 13, 267622, , 
167153, 1241827702042, , 0, 1445, 5, 265, 60542, 9, 22, 12, 10, 5
169345, 1241823869637, 1241824537354, 0, 243, 2, 152.5, 0, 1, 0, 113794, 3, 0
169869, , , 12.65, 0, 0, 0, 0, 6, 2, 148695, , 
16993, 1241822369035, 1241822589989, 0, 253, 1, 200, 0, 1, 0, 510740, 3, 0
170191, , , 304.5999999999999, 0, 0, 0, 0, 3, 10, 202873, , 
171145, 1241825399391, 1241827013627, 11.8, 835, 4, 178, 0, 3, 1, 1265, 4, 7
171513, 1241823905951, 1241823975325, 404.8, 1425, 2, 432.5, 0, 10, 7, 170191, 12, 2
171581, , , 152.89999999999998, 0, 0, 0, 0, 1, 9, 73304, , 
172277, 1241824351106, 1241825906167, 0, 544, 3, 186.66666666666666, 0, 2, 2, 173460, 5, 2
172848, 1241828820892, 1241828838862, 0, 0, 0, 0, 162782, 3, 5, 359624, 11, 2
173460, , , 54.4, 0, 0, 0, 0, 1, 2, 356420, , 
176400, 1241824005967, 1241828192905, 42.60000000000001, 9656, 33, 266.3939393939394, 0, 2, 0, 21067, 5, 2
177672, 1241827460892, 1241827497056, 0, 0, 0, 0, 254961, 1, 0, 302907, 7, 3
178724, 1241823677953, , 78.69999999999999, 6365, 38, 162.6578947368421, 0, 4, 0, 58859, 3, 1
180571, 1241823252998, 1241823257147, 0, 253, 1, 306, 0, 1, 3, 163836, 4, 0
180789, , , 48.60000000000001, 0, 0, 0, 0, 2, 1, 58030, , 
181264, , , 53.95, 0, 0, 0, 0, 2, 5, 3812, , 
182539, 1241829485728, 1241830140674, 0, 147, 2, 68.5, 0, 0, 0, 0, 1, 
184671, , , 161.2, 0, 0, 0, 0, 1, 8, 171513, , 
187169, 1241824651479, 1241824662800, 0, 243, 2, 90, 0, 1, 0, 110178, 1, 1
1892, 1241820669314, 1241823338912, 101.10000000000001, 6583, 21, 406.9047619047619, 1092321, 21, 6, 995, 12, 2
192080, , , 149.10000000000002, 0, 0, 0, 0, 2, 10, 220964, , 
193349, 1241824366339, 1241824569963, 0, 0, 0, 0, 0, 0, 0, 178724, 1, 
193978, , , 14.200000000000001, 0, 0, 0, 0, 4, 4, 196206, , 
195481, 1241816929397, 1241816936040, 0, 0, 0, 0, 0, 0, 0, 0, 1, 
195736, , , 234.2, 0, 0, 0, 0, 6, 33, 334835, , 
19658, , , 28.150000000000002, 0, 0, 0, 0, 1, 1, 118975, , 
19693, , , 56.300000000000004, 0, 0, 0, 0, 1, 0, 19658, , 
197371, 1241820423231, 1241820731158, 0, 154, 1, 181, 0, 0, 0, 392522, 2, 
199427, , , 174.04999999999995, 0, 0, 0, 0, 1, 9, 208602, , 
201054, 1241820154620, 1241820181525, 0, 0, 0, 0, 0, 0, 0, 1155409, 4, 
202050, 1241825776771, 1241826420687, 0, 149, 2, 74.5, 0, 0, 0, 295854, 2, 0
20260, , , 589.4999999999999, 0, 0, 0, 0, 2, 13, 12, , 
202873, , , 71.25, 0, 0, 0, 0, 1, 3, 341164, , 
203163, 1241828595205, 1241828613568, 0, 0, 0, 0, 0, 0, 0, 0, 1, 
204729, 1241823395944, 1241823576484, 0, 0, 0, 0, 0, 0, 0, 7314, 1, 
204915, 1241822817860, 1241823319907, 0, 399, 2, 192, 0, 0, 0, 0, 1, 
206148, , , 98.6, 0, 0, 0, 0, 1, 2, 1122449, , 
206831, 1241823773352, 1241824783644, 0, 522, 4, 130.75, 0, 0, 0, 178724, 1, 
208602, , , 69.05, 0, 0, 0, 0, 2, 8, 351626, , 
208699, , , 19.1, 0, 0, 0, 0, 4, 4, 36200, , 
209656, , , 27.9, 0, 0, 0, 0, 6, 7, 167153, , 
21067, , , 986.9, 0, 0, 0, 0, 3, 3, 302907, , 
212225, 1241828682870, 1241828693188, 0, 0, 0, 0, 0, 0, 0, 1124156, 3, 
217283, 1241818235016, 1241819912112, 103.80000000000001, 421, 2, 271, 532467, 68, 26, 57393, 12, 30
220964, , , 74.55000000000001, 0, 0, 0, 0, 5, 5, 143501, , 
223864, , , 136.95000000000002, 0, 0, 0, 0, 7, 36, 160138, , 
224484, 1241828835377, 1241829772021, 0, 563, 4, 144.25, 0, 0, 0, 19693, 2, 0
22707, , , 54.7, 0, 0, 0, 0, 7, 3, 8842, , 
238, 1241829970920, , 0, 350, 1, 350, 0, 1, 0, 12791, 4, 0
238812, 1241816826897, 1241817901128, 0, 1491, 3, 391.6666666666667, 546831, 10, 6, 192080, 5, 2
239981, , , 146.05, 0, 0, 0, 0, 1, 2, 209944, , 
243257, 1241826076050, 1241826600687, 0, 113, 1, 113, 0, 0, 0, 0, 1, 
245051, 1241822871084, 1241822900312, 0, 0, 0, 0, 0, 0, 0, 172848, 1, 
246356, 1241826806940, 1241826873900, 5, 0, 0, 0, 0, 5, 4, 54776, 8, 3
251062, , , 213.89999999999998, 0, 0, 0, 0, 6, 7, 296361, , 
256330, 1241826195625, 1241826211857, 0, 0, 0, 0, 0, 0, 0, 0, 1, 
25664, , , 158.30000000000004, 0, 0, 0, 0, 4, 0, 43402, , 
256746, , , 307.9, 0, 0, 0, 0, 5, 30, 61984, , 
258951, , , 844.8000000000003, 0, 0, 0, 0, 25, 15, 1265, , 
259344, , , 269.5, 0, 0, 0, 0, 23, 14, 143538, , 
261716, , , 23.5, 0, 0, 0, 0, 1, 0, 181264, , 
269484, , , 46.60000000000001, 0, 0, 0, 0, 12, 0, 166371, , 
271936, 1241819832243, 1241819970905, 0, 0, 0, 0, 0, 3, 0, 887964, 4, 
2796, , , 369.3, 0, 0, 0, 0, 5, 0, 259344, , 
283870, 1241817367865, 1241817783439, 0, 275, 1, 153, 0, 0, 0, 101282, 4, 0
291108, 1241821018506, 1241822647710, 0, 1805, 9, 193.88888888888889, 0, 0, 0, 171513, 2, 
293092, 1241830043767, , 10.8, 0, 0, 0, 184475, 2, 0, 320880, 4, 2
295854, , , 14.900000000000002, 0, 0, 0, 0, 8, 0, 153221, , 
298666, 1241825367722, 1241826689102, 6.300000000000001, 817, 4, 234, 868186, 9, 2, 259344, 8, 3
301548, , , 22.050000000000004, 0, 0, 0, 0, 3, 1, 634607, , 
302907, , , 482.8, 0, 0, 0, 0, 2, 4, 283855, , 
304455, 1241822809047, 1241822812993, 0, 0, 0, 0, 0, 0, 0, 317371, 4, 0
30564, 1241822124256, , 0, 1583, 14, 114.92857142857143, 0, 0, 0, 25664, 2, 0
306336, 1241822541743, 1241822555858, 0, 0, 0, 0, 0, 0, 0, 267018, 1, 0
307471, , , 104.20000000000002, 0, 0, 0, 0, 7, 10, 12, , 
307473, 1241818830076, 1241819738936, 0, 692, 4, 133, 0, 0, 0, 217283, 1, 0
30991, 1241822579912, 1241823644034, 0, 511, 4, 127.75, 0, 0, 0, 0, 1, 
311783, 1241818613291, 1241821896637, 762.8000000000001, 1397, 4, 399.5, 0, 13, 3, 11460, 10, 7
3200, 1241830039500, , 168.3, 528, 1, 701, 71724, 36, 22, 223864, 13, 2
320880, , , 5.4, 0, 0, 0, 0, 3, 2, 91808, , 
321365, , , 55.25, 0, 0, 0, 0, 3, 1, 317371, , 
325253, , , 11.5, 0, 0, 0, 0, 2, 0, 336228, , 
334835, , , 68.5, 0, 0, 0, 0, 1, 6, 143501, , 
33511, , , 10, 0, 0, 0, 0, 2, 0, 246356, , 
335894, 1241824419153, 1241824447788, 0, 0, 0, 0, 0, 0, 0, 0, 1, 
336195, 1241819444107, 1241819657147, 0, 0, 0, 0, 0, 0, 0, 0, 1, 
336228, , , 156.45000000000002, 0, 0, 0, 0, 10, 19, 307471, , 
336524, 1241829041460, , 200.20000000000002, 1370, 4, 530, 101052, 32, 6, 195736, 11, 2
337834, 1241822283790, 1241822297190, 0, 0, 0, 0, 0, 0, 0, 90239, 3, 0
338409, , , 12, 0, 0, 0, 0, 1, 4, 65584, , 
341164, 1241823492157, 1241823619349, 0, 84, 1, 153, 0, 3, 3, 57393, 5, 4
344937, , , 9.3, 0, 0, 0, 0, 1, 13, 251062, , 
350348, 1241826351853, 1241826358520, 0, 0, 0, 0, 0, 0, 0, 331702, 1, 0
351430, , , 301.40000000000003, 0, 0, 0, 0, 14, 0, 336228, , 
35568, , , 1172.4000000000003, 0, 0, 0, 0, 3, 31, 258951, , 
356420, , , 27.2, 0, 0, 0, 0, 7, 1, 100397, , 
367452, , , 82.85, 0, 0, 0, 0, 6, 4, 127763, , 
383249, , , 28.400000000000002, 0, 0, 0, 0, 4, 1, 193978, , 
383387, , , 325.49999999999994, 0, 0, 0, 0, 7, 57, 0, , 
384125, 1241819977846, 1241820292292, 0, 0, 0, 0, 0, 2, 0, 228764, 2, 0
388185, 1241828929521, 1241829420711, 0, 444, 3, 109.66666666666667, 0, 3, 2, 12770, 4, 0
39171, , , 57.50000000000001, 0, 0, 0, 0, 8, 2, 102770, , 
392522, 1241823828813, 1241825388519, 15.4, 381, 3, 93.66666666666667, 0, 1, 0, 217283, 2, 
394001, , , 208.65, 0, 0, 0, 0, 1, 2, 321365, , 
396113, , , 1171.9999999999995, 0, 0, 0, 0, 2, 12, 44987, , 
397835, , , 26.400000000000002, 0, 0, 0, 0, 5, 35, 47379, , 
403501, , , 463.90000000000003, 0, 0, 0, 0, 7, 2, 124503, , 
408501, , , 121.70000000000002, 0, 0, 0, 0, 8, 22, 637936, , 
41022, , , 69.85000000000001, 0, 0, 0, 0, 2, 1, 412796, , 
4141, 1241828784863, , 0, 3693, 19, 236.21052631578948, 0, 0, 0, 2796, 4, 0
421572, 1241827389135, 1241828880402, 0, 63, 1, 63, 0, 0, 0, 298666, 3, 0
430717, 1241819579636, 1241824020675, 0, 3079, 15, 290.2, 503425, 30, 25, 256746, 12, 6
431598, 1241828561837, , 0, 240, 1, 180, 639914, 0, 0, 921283, 3, 0
432820, , , 84.4, 0, 0, 0, 0, 4, 0, 181264, , 
433901, 1241816973873, 1241820229579, 0, 844, 8, 100.125, 0, 0, 0, 432820, 1, 0
43402, , , 79.15000000000002, 0, 0, 0, 0, 12, 9, 123961, , 
447249, 1241819131072, 1241819166784, 71.9, 1381, 3, 701, 10642, 9, 5, 199427, 15, 2
44987, , , 390.75, 0, 0, 0, 0, 1, 2, 12770, , 
452296, 1241821288194, 1241821392856, 0, 0, 0, 0, 0, 9, 6, 103144, 6, 2
461633, 1241824650586, 1241825326117, 0, 224, 2, 112, 0, 1, 1, 11315, 3, 0
488917, 1241820006661, 1241820544183, 0, 182, 1, 364, 0, 0, 0, 133826, 3, 0
49481, 1241821395557, 1241821402684, 0, 0, 0, 0, 0, 0, 0, 238, 4, 0
503, , , 200.8, 0, 0, 0, 0, 5, 2, 12, , 
510740, , , 52.900000000000006, 0, 0, 0, 0, 70, 12, 534632, , 
52012, , , 55.8, 0, 0, 0, 0, 3, 2, 209656, , 
520543, 1241822506169, 1241823724800, 0, 0, 0, 0, 0, 0, 0, 406980, 3, 0
521919, , , 4.9, 0, 0, 0, 0, 2, 1, 70997, , 
52350, , , 28.25, 0, 0, 0, 0, 1, 4, 674637, , 
524637, 1241828662795, 1241829577118, 0, 835, 6, 142.66666666666666, 0, 1, 0, 83320, 4, 
526836, 1241819760282, 1241820438905, 0, 111, 1, 102, 0, 0, 0, 0, 1, 
52818, 1241828982138, , 34.95, 697, 3, 156.33333333333334, 1118266, 4, 1, 367452, 4, 0
53030, 1241824593144, , 15.15, 4278, 11, 573.4545454545455, 1092321, 10, 6, 122907, 14, 3
534632, , , 12.65, 0, 0, 0, 0, 7, 70, 445660, , 
537246, , , 109.10000000000002, 0, 0, 0, 0, 3, 0, 878, , 
538748, , , 30.3, 0, 0, 0, 0, 1, 5, 53030, , 
541655, , , 187.64999999999998, 0, 0, 0, 0, 1, 23, 126451, , 
542720, 1241820105737, 1241820116212, 0, 0, 0, 0, 0, 0, 0, 0, 1, 
544450, , , 39.75, 0, 0, 0, 0, 7, 1, 439277, , 
544643, , , 79.5, 0, 0, 0, 0, 1, 1, 544450, , 
54776, 1241825751391, , 22.300000000000004, 11790, 26, 481.15384615384613, 1062, 80, 33, 89757, 16, 3
548848, 1241825116496, 1241825867707, 0, 168, 1, 149, 0, 0, 0, 11600, 3, 0
55022, 1241824765680, 1241824911379, 0, 303, 1, 385, 0, 5, 1, 538748, 3, 
554532, 1241822823692, 1241823051912, 0, 0, 0, 0, 0, 0, 0, 0, 1, 
555728, 1241820245221, 1241823541029, 4, 2921, 8, 320.5, 828191, 17, 15, 1101, 4, 0
560572, 1241829769005, 1241830175037, 0, 0, 0, 0, 0, 1, 0, 296658, 2, 
561343, 1241827452185, 1241827555749, 0, 0, 0, 0, 0, 1, 0, 503163, 4, 0
561527, , , 7, 0, 0, 0, 0, 1, 1, 147608, , 
561727, 1241821000136, 1241823197156, 0, 1144, 6, 141.83333333333334, 0, 0, 0, 1208580, 3, 
562788, , , 58.2, 0, 0, 0, 0, 1, 5, 409656, , 
57393, , , 98.55000000000003, 0, 0, 0, 0, 6, 73, 159420, , 
58022, 1241819047992, 1241819050718, 0, 0, 0, 0, 0, 4, 5, 175065, 4, 0
58030, , , 24.300000000000004, 0, 0, 0, 0, 1, 2, 196568, , 
5842, , , 18.6, 0, 0, 0, 0, 13, 9, 344937, , 
58429, , , 122.9, 0, 0, 0, 0, 7, 1, 10642, , 
58859, 1241817923083, 1241819820682, 820.3500000000001, 7815, 15, 627.8666666666667, 43017, 11, 16, 396113, 15, 2
597005, 1241818694403, 1241819082098, 0, 1164, 4, 307, 0, 2, 1, 603011, 4, 0
602727, 1241820390679, 1241820453073, 0, 0, 0, 0, 0, 0, 0, 0, 1, 
603011, , , 116.4, 0, 0, 0, 0, 5, 2, 562788, , 
60765, 1241828193577, 1241828298394, 0, 0, 0, 0, 0, 0, 0, 0, 1, 
616423, 1241822758183, 1241824932124, 0, 1229, 8, 143.5, 0, 1, 0, 58429, 4, 
618376, 1241827646441, 1241827894904, 85.60000000000001, 185, 1, 185, 0, 5, 1, 900329, 3, 
618670, 1241817527836, 1241817534925, 0, 0, 0, 0, 0, 0, 0, 0, 1, 
619032, 1241829103961, 1241830266460, 0, 856, 4, 208.75, 0, 0, 0, 618376, 2, 
61984, , , 153.95, 0, 0, 0, 0, 3, 5, 61045, , 
626711, 1241825576430, 1241826662587, 0, 116, 1, 102, 0, 1, 5, 639655, 3, 
627282, 1241825138425, 1241825700710, 0, 0, 0, 0, 0, 0, 0, 304929, 1, 
637936, , , 60.85000000000001, 0, 0, 0, 0, 3, 8, 217283, , 
63861, 1241824821837, 1241826073745, 0, 186, 1, 193, 0, 0, 0, 5842, 2, 0
638649, 1241822576221, 1241822894857, 0, 454, 2, 131, 0, 1, 0, 171513, 3, 
639655, , , 11.600000000000001, 0, 0, 0, 0, 1, 1, 336524, , 
677003, 1241817459864, 1241817588120, 0, 0, 0, 0, 0, 2, 1, 533, 3, 
681051, 1241829148814, 1241830029593, 0, 265, 2, 137, 0, 0, 0, 178724, 1, 
68523, 1241829192277, , 0, 3014, 12, 199.41666666666666, 0, 0, 0, 351430, 3, 0
69049, 1241821153807, 1241821191472, 0, 0, 0, 0, 0, 0, 0, 22707, 2, 0
6998, , , 13.75, 0, 0, 0, 0, 2, 4, 3028, , 
70557, , , 9.25, 0, 0, 0, 0, 6, 24, 502119, , 
70997, , , 52.800000000000004, 0, 0, 0, 0, 35, 4, 397835, , 
713, 1241828815586, , 1493.8999999999999, 1205, 2, 567.5, 1265, 11, 79, 12, 19, 6
72745, , , 115.00000000000001, 0, 0, 0, 0, 2, 0, 39171, , 
73304, , , 72.25, 0, 0, 0, 0, 2, 2, 53030, , 
77, 1241816646671, 1241816669851, 0, 0, 0, 0, 171151, 11, 2, 12770, 14, 2
77152, 1241820635981, 1241822592214, 0, 1150, 7, 108, 0, 0, 0, 72745, 3, 2
772113, , , 62.30000000000001, 0, 0, 0, 0, 1, 1, 510740, , 
802319, , , 69.95, 0, 0, 0, 0, 2, 6, 773108, , 
808450, 1241819578972, 1241819588571, 0, 0, 0, 0, 0, 0, 0, 0, 1, 
81454, 1241817395982, 1241817484136, 0, 0, 0, 0, 0, 0, 0, 0, 1, 
81899, , , 152.05, 0, 0, 0, 0, 6, 14, 802319, , 
82254, 1241829882972, , 0, 0, 0, 0, 102796, 3, 0, 133482, 5, 1
82377, 1241819331088, 1241819414919, 0, 0, 0, 0, 0, 1, 1, 184167, 3, 0
830093, 1241824901313, 1241825640689, 0, 0, 0, 0, 0, 0, 0, 0, 1, 
83320, , , 83.5, 0, 0, 0, 0, 4, 1, 96838, , 
835426, , , 35.6, 0, 0, 0, 0, 2, 1, 1092321, , 
836050, 1241818196109, 1241818739957, 0, 1393, 3, 643.6666666666666, 592692, 14, 6, 113237, 8, 2
8527, 1241829767138, , 0, 2008, 3, 764.6666666666666, 10260, 2, 0, 503, 12, 2
858723, 1241826196053, 1241826204802, 0, 0, 0, 0, 0, 0, 0, 0, 1, 
859282, 1241828641772, , 0, 235, 2, 109, 0, 0, 0, 261716, 2, 0
86605, , , 243, 0, 0, 0, 0, 1, 4, 1229, , 
871745, 1241817598096, 1241817615718, 0, 0, 0, 0, 0, 0, 0, 0, 1, 
878, , , 54.55000000000001, 0, 0, 0, 0, 8, 11, 123961, , 
879079, 1241830043404, , 0, 0, 0, 0, 0, 0, 0, 196543, 1, 0
881995, 1241824390431, 1241824680695, 0, 0, 0, 0, 0, 0, 0, 1092321, 1, 
88261, 1241818214128, 1241818219022, 0, 0, 0, 0, 481714, 2, 1, 321697, 4, 0
8842, , , 27.35, 0, 0, 0, 0, 12, 8, 1531, , 
885698, , , 57.2, 0, 0, 0, 0, 4, 1, 836050, , 
8938, 1241818299337, 1241819285682, 35.150000000000006, 1728, 5, 523, 0, 23, 14, 541655, 6, 3
89496, 1241826073884, 1241826076614, 0, 0, 0, 0, 0, 1, 0, 437689, 4, 0
89757, , , 1190.1499999999999, 0, 0, 0, 0, 3, 80, 20260, , 
900329, , , 61.300000000000004, 0, 0, 0, 0, 24, 5, 70557, , 
90041, 1241823408333, 1241826076894, 0, 3725, 9, 465.6666666666667, 175933, 10, 10, 258951, 12, 14
90483, 1241824744088, 1241825880741, 0, 486, 4, 121.5, 0, 1, 0, 180789, 2, 0
919492, 1241828003315, 1241828246455, 0, 0, 0, 0, 0, 0, 0, 0, 1, 
921283, , , 24, 0, 0, 0, 0, 4, 0, 338409, , 
938403, 1241824038675, 1241824652106, 0, 0, 0, 0, 0, 0, 0, 0, 1, 
942791, 1241823568671, 1241823660681, 0, 0, 0, 0, 0, 3, 0, 217283, 4, 
944429, 1241826000602, 1241826137497, 0, 284, 1, 410, 0, 1, 0, 383249, 4, 
94657, , , 12.15, 0, 0, 0, 0, 1, 3, 163484, , 
95374, 1241829261871, , 0, 558, 4, 113.5, 0, 2, 1, 52012, 3, 0
96838, , , 41.75, 0, 0, 0, 0, 1, 4, 166371, , 
970838, 1241822392051, 1241822412839, 0, 0, 0, 0, 0, 0, 0, 10850, 1, 
978078, 1241820593572, 1241820604249, 0, 0, 0, 0, 0, 0, 0, 0, 1, 
98577, 1241819759420, 1241819974249, 0, 98, 1, 98, 0, 0, 0, 104207, 1, 
986101, 1241826174309, 1241827389915, 0, 414, 2, 138, 0, 0, 0, 0, 1, 
995, , , 708.8500000000001, 0, 0, 0, 0, 13, 21, 12, , 
99802, 1241828224737, 1241830017384, 0, 4860, 20, 313.1, 124440, 10, 1, 10184, 7, 11
<<<<EndTable

PlayersOnlineNow=33
PlayersOnlineEachMinute=0, 6, 7, 7, 7, 5, 7, 10, 9, 9, 10, 12, 14, 14, 14, 15, 16, 18, 18, 18, 17, 17, 15, 15, 13, 14, 13, 13, 13, 12, 11, 13, 13, 14, 14, 13, 16, 16, 17, 18, 20, 20, 21, 19, 19, 21, 16, 16, 18, 19, 20, 20, 22, 20, 20, 22, 21, 20, 19, 19, 20, 18, 18, 18, 16, 17, 22, 18, 19, 17, 20, 22, 20, 21, 23, 23, 25, 27, 27, 28, 28, 30, 31, 27, 25, 24, 24, 24, 23, 22, 22, 21, 21, 22, 23, 23, 23, 26, 26, 28, 27, 25, 25, 20, 22, 22, 23, 25, 21, 22, 21, 24, 23, 21, 22, 20, 23, 22, 19, 18, 16, 16, 18, 17, 20, 20, 20, 22, 22, 21, 22, 22, 24, 25, 23, 23, 23, 22, 23, 25, 25, 25, 24, 23, 23, 24, 23, 23, 23, 25, 25, 25, 26, 25, 25, 26, 27, 24, 23, 25, 24, 24, 23, 24, 24, 24, 26, 24, 24, 23, 23, 21, 19, 20, 20, 21, 20, 20, 21, 21, 19, 21, 20, 20, 21, 21, 21, 22, 22, 22, 20, 18, 18, 19, 22, 21, 21, 20, 21, 21, 21, 21, 21, 21, 20, 20, 26, 23, 26, 24, 26, 27, 27, 30, 29, 29, 30, 31, 33, 30, 30, 31, 32, 31, 32, 33, 32, 35, 37, 36
PlayersInEachFeedingGame=2, 2, 2, 1, 2, 1, 2, 2, 1, 2, 2, 2, 2, 2, 1, 1, 2, 2, 1, 2, 1, 1, 1, 2, 2, 2, 2, 1, 2, 1, 1, 2, 1, 1, 1, 2, 2, 1, 1, 1, 2, 1, 2, 2, 1, 1, 2, 2, 2, 1, 2, 2, 2, 1, 2, 1, 1, 2, 1, 2, 2, 1, 2, 1, 1, 1, 2, 2, 1, 1, 2, 2, 2, 1, 2, 1, 1, 3, 2, 1, 1, 1, 1, 1, 2, 1, 2, 2, 1, 1, 2, 2, 2, 2, 1, 2, 2, 2, 1, 1, 2, 2, 2, 1, 2, 2, 1, 1, 1, 1, 2, 2, 2, 1, 1, 2, 2, 2, 1, 1, 1, 2, 2, 1, 1, 2, 1, 3, 2, 2, 2, 1, 1, 2, 2, 2, 2, 2, 1, 2, 2, 2, 2, 2, 1, 2, 1, 2, 1, 1, 2, 1, 1, 1, 2, 2, 1, 2, 2, 2, 1, 1, 1, 2, 1, 1, 1, 2, 1, 2, 2, 2, 2, 1, 2, 1, 2, 1, 2, 1, 1, 2, 1, 2, 2, 1, 3, 1, 1, 2, 2, 2, 2, 2, 1, 3, 2, 1, 2, 2, 2, 1, 2, 1, 1, 1, 2, 2, 2, 2, 2, 2, 1, 2, 2, 2, 2, 1, 2, 2, 2, 2, 1, 2, 1, 1, 1, 2, 2, 1, 1, 2, 2, 1, 2, 2, 1, 1, 1, 2, 2, 2, 2, 2, 1, 2, 2, 2, 2, 2, 1, 1, 1, 1, 1, 2, 1, 2, 1, 2, 2, 1, 1, 1, 2, 1, 2, 2, 1, 2, 1, 2, 2, 1, 1, 1, 1, 2, 1, 2, 1, 2, 2, 1, 1, 1, 2, 2, 1, 3, 2, 2, 1, 1, 2, 1, 1, 2, 1, 2, 1, 2, 2, 2, 2, 1, 2, 2, 2, 2, 2, 2, 1, 2, 2, 2, 1, 2, 2, 2, 2, 1, 1, 2, 2, 2, 2, 2, 2, 1, 1, 1, 2, 3, 2, 2, 2, 2, 1, 2, 1, 1, 1, 2, 1, 2, 1, 2, 1, 2
PlayersStarted=420
PlayersQuit=387
StatsStartTime=1241816466070
StatsDumpTime=1241830267522
<<<<EndStats
2009-05-08 17:51:20,683 ERROR: vampire.server.feeding.FeedingRecord sendPlayerStartGameMsg [playerId=33541, prey=false, _predatorIndex=1043,713,1229]
2009-05-08 17:51:38,148 ERROR: vampire.server.feeding.FeedingRecord sendPlayerStartGameMsg [playerId=431598, prey=true, _predatorIndex=]
2009-05-08 17:51:38,149 ERROR: vampire.server.feeding.FeedingRecord sendPlayerStartGameMsg [playerId=1143299, prey=false, _predatorIndex=]
2009-05-08 17:51:53,809 ERROR: vampire.server.feeding.FeedingRecord sendPlayerStartGameMsg [playerId=140830, prey=true, _predatorIndex=]
2009-05-08 17:51:53,809 ERROR: vampire.server.feeding.FeedingRecord sendPlayerStartGameMsg [playerId=336524, prey=false, _predatorIndex=]
2009-05-08 17:53:10,669 ERROR: vampire.server.feeding.FeedingRecord sendPlayerStartGameMsg [playerId=414763, prey=false, _predatorIndex=]
2009-05-08 17:53:30,365 ERROR: vampire.server.feeding.FeedingRecord sendPlayerStartGameMsg [playerId=123961, prey=false, _predatorIndex=1043,713,1229,33541]
2009-05-08 17:55:23,671 ERROR: vampire.server.feeding.FeedingRecord sendPlayerStartGameMsg [playerId=3200, prey=true, _predatorIndex=]
2009-05-08 17:55:23,677 ERROR: vampire.server.feeding.FeedingRecord sendPlayerStartGameMsg [playerId=112397, prey=false, _predatorIndex=]
2009-05-08 17:55:39,503 ERROR: vampire.server.feeding.FeedingRecord sendPlayerStartGameMsg [playerId=293092, prey=true, _predatorIndex=]
2009-05-08 17:55:39,504 ERROR: vampire.server.feeding.FeedingRecord sendPlayerStartGameMsg [playerId=859282, prey=false, _predatorIndex=]
2009-05-08 17:55:58,610 ERROR: vampire.server.feeding.FeedingRecord sendPlayerStartGameMsg [playerId=266627, prey=false, _predatorIndex=859282]
2009-05-08 17:55:59,624 ERROR: vampire.server.feeding.FeedingRecord sendPlayerStartGameMsg [playerId=138473, prey=false, _predatorIndex=414763]
2009-05-08 17:56:11,167 ERROR: vampire.server.feeding.FeedingRecord sendPlayerStartGameMsg [playerId=157713, prey=true, _predatorIndex=]
2009-05-08 17:56:11,168 ERROR: vampire.server.feeding.FeedingRecord sendPlayerStartGameMsg [playerId=68523, prey=false, _predatorIndex=]
2009-05-08 17:56:15,801 ERROR: vampire.server.feeding.FeedingRecord sendPlayerStartGameMsg [playerId=4141, prey=false, _predatorIndex=414763,138473]
2009-05-08 17:56:18,537 ERROR: vampire.server.feeding.FeedingRecord sendPlayerStartGameMsg [playerId=879079, prey=true, _predatorIndex=]
2009-05-08 17:56:18,538 ERROR: vampire.server.feeding.FeedingRecord sendPlayerStartGameMsg [playerId=182539, prey=false, _predatorIndex=]
2009-05-08 17:56:43,704 ERROR: vampire.server.feeding.FeedingRecord sendPlayerStartGameMsg [playerId=1204358, prey=true, _predatorIndex=]
2009-05-08 17:56:43,705 ERROR: vampire.server.feeding.FeedingRecord sendPlayerStartGameMsg [playerId=266627, prey=false, _predatorIndex=]
2009-05-08 17:56:50,660 ERROR: vampire.server.feeding.FeedingRecord sendPlayerStartGameMsg [playerId=4141, prey=true, _predatorIndex=]
2009-05-08 17:56:50,661 ERROR: vampire.server.feeding.FeedingRecord sendPlayerStartGameMsg [playerId=138473, prey=false, _predatorIndex=]
2009-05-08 17:56:52,679 ERROR: vampire.server.feeding.FeedingRecord sendPlayerStartGameMsg [playerId=1208580, prey=false, _predatorIndex=266627]
2009-05-08 17:57:04,710 ERROR: vampire.server.feeding.FeedingRecord sendPlayerStartGameMsg [playerId=879079, prey=true, _predatorIndex=]
2009-05-08 17:57:04,710 ERROR: vampire.server.feeding.FeedingRecord sendPlayerStartGameMsg [playerId=182539, prey=false, _predatorIndex=]
2009-05-08 17:57:35,200 ERROR: vampire.server.feeding.FeedingRecord sendPlayerStartGameMsg [playerId=52818, prey=true, _predatorIndex=]
2009-05-08 17:57:35,201 ERROR: vampire.server.feeding.FeedingRecord sendPlayerStartGameMsg [playerId=1124156, prey=false, _predatorIndex=]
2009-05-08 17:58:28,564 ERROR: vampire.server.feeding.FeedingRecord sendPlayerStartGameMsg [playerId=1208580, prey=false, _predatorIndex=266627,1208580]
2009-05-08 17:59:05,918 ERROR: vampire.server.feeding.FeedingRecord sendPlayerStartGameMsg [playerId=112397, prey=false, _predatorIndex=]
2009-05-08 17:59:54,343 ERROR: vampire.server.feeding.FeedingRecord sendPlayerStartGameMsg [playerId=293092, prey=true, _predatorIndex=]
2009-05-08 17:59:54,344 ERROR: vampire.server.feeding.FeedingRecord sendPlayerStartGameMsg [playerId=266627, prey=false, _predatorIndex=]
2009-05-08 18:00:16,191 ERROR: vampire.server.feeding.FeedingRecord sendPlayerStartGameMsg [playerId=68523, prey=true, _predatorIndex=]
2009-05-08 18:00:16,193 ERROR: vampire.server.feeding.FeedingRecord sendPlayerStartGameMsg [playerId=414763, prey=false, _predatorIndex=]

