
>>>>BeginStats

>>>>BeginTable
PlayerId, StartTime, EndTime, ProgenyPayout, XPFromFeeding, FeedingGames, MeanFeedingScore, BloodBond, Progeny, GrandProgeny, Sire, Level, Invites
1021278, , , 12.5, 0, 0, 0, 0, 2, 2, 452296, , 
103033, 1241912809664, 1241913883376, 0, 841, 3, 214.33333333333334, 767143, 18, 14, 81899, 7, 1
103634, , , 39.300000000000004, 0, 0, 0, 0, 1, 2, 369681, , 
1043, 1241912172010, 1241912175504, 0, 0, 0, 0, 453, 6, 3, 12, 13, 3
1047840, 1241913588449, , 0, 732, 4, 216.25, 1106386, 7, 0, 408501, 6, 1
1062, 1241913287055, 1241913316664, 389.05000000000007, 1371, 7, 284, 54776, 13, 10, 713, 17, 2
108338, , , 134.15, 0, 0, 0, 0, 1, 6, 288860, , 
1084434, 1241910654804, 1241911694408, 0, 1502, 7, 134, 1892, 0, 0, 54776, 3, 
1092321, , , 32.150000000000006, 0, 0, 0, 0, 33, 8, 35568, , 
1092398, 1241913873690, 1241914648887, 0, 878, 6, 155.66666666666666, 0, 0, 0, 1204358, 1, 
110735, 1241912708142, 1241913431657, 0, 0, 0, 0, 1255618, 0, 0, 408501, 3, 
1111437, 1241913755123, 1241913826076, 0, 0, 0, 0, 0, 2, 0, 70997, 2, 
1122449, , , 18.5, 0, 0, 0, 0, 15, 1, 555728, , 
1124156, 1241914276890, 1241914645095, 66, 476, 2, 358, 269484, 11, 2, 184671, 9, 3
113237, , , 48.95000000000001, 0, 0, 0, 0, 9, 17, 10642, , 
114461, 1241912989364, 1241913878801, 0, 203, 2, 101.5, 0, 2, 2, 390995, 4, 0
11460, , , 219, 0, 0, 0, 0, 1, 15, 41022, , 
1148098, , , 25, 0, 0, 0, 0, 2, 3, 1021278, , 
1199648, 1241912465309, 1241913102920, 0, 0, 0, 0, 0, 2, 0, 394001, 4, 1
12, , , 143.64999999999998, 0, 0, 0, 0, 20, 42, 383387, , 
1204358, 1241912719663, , 87.6, 1446, 11, 109.0909090909091, 0, 2, 0, 1062, 2, 0
1208580, , , 38.300000000000004, 0, 0, 0, 0, 1, 0, 885698, , 
1211786, 1241914313863, 1241914330148, 0, 0, 0, 0, 0, 0, 0, 0, 1, 
1223024, 1241912192450, 1241912682246, 0, 250, 2, 136, 0, 3, 2, 1148098, 2, 1
122718, 1241910612199, 1241910749072, 0, 0, 0, 0, 0, 0, 0, 0, 1, 
1255618, 1241911647119, 1241913786628, 0, 370, 2, 215, 110735, 2, 1, 206148, 4, 
1265, , , 52.3, 0, 0, 0, 0, 1, 25, 12, , 
126757, 1241913795321, 1241914051489, 0, 130, 1, 130, 0, 0, 0, 0, 1, 
1275561, 1241912251831, 1241912951649, 0, 176, 1, 184, 0, 1, 0, 772113, 3, 
1283335, 1241911478812, 1241912629761, 0, 627, 4, 174.75, 0, 0, 0, 0, 2, 
129076, 1241912463187, 1241912472928, 0, 0, 0, 0, 0, 0, 0, 0, 1, 
1299774, 1241912925016, 1241913255841, 0, 102, 1, 102, 0, 0, 0, 0, 1, 
1309580, 1241911690102, 1241912566112, 0, 240, 2, 123, 0, 0, 0, 1204358, 1, 
1328683, 1241911662913, 1241911789947, 0, 0, 0, 0, 0, 0, 0, 522720, 1, 
1358455, 1241913913886, 1241914284326, 0, 0, 0, 0, 0, 0, 0, 47154, 2, 
1358947, 1241911710529, 1241911747751, 0, 0, 0, 0, 0, 0, 0, 0, 1, 
1361827, 1241914583655, , 0, 0, 0, 0, 0, 0, 0, 0, 1, 0
1397345, 1241912958693, 1241912997752, 0, 0, 0, 0, 0, 0, 0, 0, 1, 
1399577, 1241912421338, , 22.700000000000003, 2394, 10, 162.2, 0, 1, 0, 1062, 2, 0
1400516, 1241914074321, 1241914087820, 0, 0, 0, 0, 0, 0, 0, 0, 1, 
1400876, 1241914770193, 1241914780015, 0, 0, 0, 0, 0, 0, 0, 0, 1, 
159950, 1241910650734, 1241913774716, 0, 711, 4, 156.25, 0, 0, 0, 840880, 1, 
166, , , 85.1, 0, 0, 0, 0, 6, 1, 578, , 
16825, 1241911172613, 1241911701829, 0, 895, 3, 298.3333333333333, 0, 14, 10, 4139, 6, 1
168426, 1241912256745, 1241912365730, 0, 0, 0, 0, 0, 1, 0, 164243, 4, 0
170934, , , 9.1, 0, 0, 0, 0, 7, 9, 49732, , 
171513, , , 23.8, 0, 0, 0, 0, 11, 1, 170191, , 
176400, 1241912049921, , 178.60000000000002, 2095, 9, 297.3333333333333, 0, 17, 0, 21067, 7, 5
177501, 1241912107366, 1241912496051, 0, 100, 1, 101, 0, 1, 0, 298229, 4, 
181253, 1241911500596, 1241913107786, 0, 393, 2, 176.5, 0, 2, 0, 103634, 7, 3
182539, 1241914146969, , 0, 750, 3, 262.6666666666667, 0, 4, 0, 879079, 3, 0
184671, , , 80.60000000000001, 0, 0, 0, 0, 1, 11, 171513, , 
1892, 1241913344660, 1241913520461, 0, 1502, 7, 294.7142857142857, 1084434, 23, 7, 995, 12, 2
191409, 1241913333843, 1241913814480, 0, 227, 2, 106, 0, 0, 0, 1399577, 1, 
192080, , , 33.1, 0, 0, 0, 0, 2, 10, 220964, , 
196543, , , 37.5, 0, 0, 0, 0, 6, 2, 32314, , 
197080, , , 7.95, 0, 0, 0, 0, 4, 1, 110178, , 
205535, 1241914506870, , 0, 0, 0, 0, 0, 2, 2, 95479, 7, 2
206148, , , 37, 0, 0, 0, 0, 1, 2, 1122449, , 
206273, 1241910616593, 1241912123982, 0, 1786, 9, 217.77777777777777, 0, 0, 0, 176400, 3, 
21067, , , 298.80000000000007, 0, 0, 0, 0, 3, 17, 302907, , 
213087, 1241914650944, 1241914756530, 0, 0, 0, 0, 0, 0, 0, 258951, 2, 0
220964, , , 16.55, 0, 0, 0, 0, 5, 3, 143501, , 
224560, 1241911882680, 1241911991646, 0, 0, 0, 0, 0, 2, 0, 132334, 3, 1
228764, , , 15.9, 0, 0, 0, 0, 1, 2, 197080, , 
238812, 1241911530996, 1241912714163, 0, 331, 2, 214.5, 546831, 10, 6, 192080, 5, 2
246491, 1241911977505, 1241912276849, 0, 0, 0, 0, 0, 0, 0, 336524, 1, 0
249956, 1241914256521, , 0, 801, 3, 233.33333333333334, 0, 0, 0, 166, 3, 0
256746, , , 34.05, 0, 0, 0, 0, 5, 30, 61984, , 
258951, , , 104.6, 0, 0, 0, 0, 25, 13, 1265, , 
276754, 1241914016646, 1241914062254, 0, 0, 0, 0, 0, 0, 0, 0, 1, 
298229, , , 10, 0, 0, 0, 0, 1, 1, 166, , 
298666, 1241910659719, 1241910777706, 0, 0, 0, 0, 868186, 9, 2, 259344, 8, 4
302907, , , 104.75000000000001, 0, 0, 0, 0, 2, 3, 283855, , 
311783, 1241911134971, 1241913583810, 140.55, 1641, 6, 406, 0, 15, 4, 11460, 10, 7
321891, 1241910632343, 1241913454629, 61.5, 1349, 11, 106.63636363636364, 0, 1, 0, 311783, 4, 0
328907, 1241911083278, 1241914151643, 0, 624, 6, 94.5, 0, 0, 0, 321891, 1, 
335645, 1241913862191, 1241914031652, 0, 0, 0, 0, 0, 0, 0, 297654, 1, 
36377, 1241913207566, , 0, 1578, 5, 406.8, 0, 4, 8, 453809, 10, 3
369681, , , 19.650000000000002, 0, 0, 0, 0, 2, 1, 1704, , 
372887, , , 78.9, 0, 0, 0, 0, 1, 1, 386780, , 
384125, 1241912060014, 1241914388128, 0, 159, 1, 108, 0, 2, 0, 228764, 2, 0
388615, , , 10.15, 0, 0, 0, 0, 1, 2, 395687, , 
390995, , , 20.3, 0, 0, 0, 0, 2, 2, 388615, , 
391630, 1241912944688, , 0, 2683, 20, 121.45, 0, 0, 0, 64152, 3, 0
39180, 1241912045195, 1241912150016, 0, 0, 0, 0, 0, 8, 16, 68619, 7, 1
408501, , , 73.2, 0, 0, 0, 0, 8, 7, 637936, , 
409641, 1241914508725, , 0, 182, 1, 182, 0, 0, 0, 98128, 3, 0
41022, , , 82.05000000000001, 0, 0, 0, 0, 2, 1, 412796, , 
4139, , , 89.5, 0, 0, 0, 0, 25, 14, 713, , 
430717, , , 68.1, 0, 0, 0, 0, 30, 1, 256746, , 
453809, , , 157.8, 0, 0, 0, 0, 1, 4, 372887, , 
510740, , , 8.8, 0, 0, 0, 0, 71, 3, 534632, , 
543921, , , 64.30000000000001, 0, 0, 0, 0, 8, 0, 1092321, , 
54776, 1241913317131, 1241914624109, 150.2, 0, 0, 0, 1062, 83, 37, 89757, 16, 3
561727, 1241912477413, 1241913697533, 0, 383, 3, 133.66666666666666, 0, 0, 0, 1208580, 3, 
578, , , 40.05, 0, 0, 0, 0, 1, 6, 12770, , 
57863, 1241912133961, 1241912813368, 0, 643, 4, 143, 0, 0, 0, 543921, 2, 0
637936, , , 36.6, 0, 0, 0, 0, 3, 8, 217283, , 
64152, , , 268.3, 0, 0, 0, 0, 6, 0, 108338, , 
64748, 1241910604159, 1241910779132, 0, 0, 0, 0, 0, 0, 0, 66537, 2, 
695462, 1241911177793, 1241911192677, 0, 0, 0, 0, 0, 0, 0, 0, 1, 
713, , , 348.8, 0, 0, 0, 0, 11, 40, 12, , 
733513, 1241911188263, 1241911198715, 0, 0, 0, 0, 0, 0, 0, 0, 1, 
769463, 1241913585055, , 0, 681, 4, 158.5, 208692, 1, 0, 430717, 4, 0
772113, , , 17.6, 0, 0, 0, 0, 1, 1, 510740, , 
78233, 1241912860799, 1241912951647, 0, 0, 0, 0, 0, 0, 0, 54776, 3, 
802319, , , 42.050000000000004, 0, 0, 0, 0, 2, 6, 773108, , 
81899, , , 84.10000000000001, 0, 0, 0, 0, 6, 18, 802319, , 
822174, 1241910607220, 1241911207769, 0, 0, 0, 0, 0, 0, 0, 176400, 1, 
825362, 1241912331957, 1241912541225, 0, 0, 0, 0, 0, 0, 0, 68238, 1, 
836050, , , 130.2, 0, 0, 0, 0, 17, 2, 113237, , 
840880, 1241912802437, 1241913338999, 64.60000000000001, 979, 5, 115.4, 0, 1, 0, 836050, 3, 
86131, 1241913553093, , 0, 882, 5, 121.8, 0, 0, 0, 1124156, 1, 0
879079, , , 75, 0, 0, 0, 0, 2, 4, 196543, , 
885698, , , 19.150000000000002, 0, 0, 0, 0, 1, 1, 836050, , 
89757, , , 75.1, 0, 0, 0, 0, 3, 83, 20260, , 
90041, 1241914123248, , 0, 1046, 3, 366.6666666666667, 175933, 10, 10, 258951, 12, 14
92509, 1241914498187, 1241914520088, 0, 0, 0, 0, 0, 5, 0, 5212, 6, 3
98128, , , 18.2, 0, 0, 0, 0, 9, 1, 170934, , 
995, , , 150.2, 0, 0, 0, 0, 13, 23, 12, , 
<<<<EndTable

PlayersOnlineNow=14
PlayersOnlineEachMinute=0, 13, 13, 10, 9, 9, 9, 10, 9, 11, 13, 12, 13, 13, 13, 15, 16, 16, 18, 17, 15, 16, 16, 17, 16, 20, 19, 20, 22, 23, 21, 21, 22, 20, 18, 17, 18, 20, 21, 21, 21, 20, 18, 18, 18, 18, 19, 19, 17, 16, 18, 18, 17, 18, 14, 14, 15, 16, 14, 14, 14, 15, 16, 15, 14, 15, 16, 17, 15, 15
PlayersInEachFeedingGame=1, 1, 1, 1, 2, 1, 1, 1, 1, 2, 1, 2, 2, 3, 1, 2, 2, 1, 2, 2, 3, 2, 1, 2, 1, 1, 2, 1, 1, 2, 1, 2, 2, 1, 2, 2, 2, 2, 2, 2, 2, 2, 2, 2, 2, 1, 2, 2, 2, 2, 1, 2, 1, 2, 1, 2, 1, 2, 1, 2, 2, 2, 2, 1, 2, 2, 1, 1, 2, 2, 1, 1, 1, 1, 2, 2, 1, 2, 1, 1, 2, 2, 1, 2, 2, 2, 1, 2, 2, 1
PlayersStarted=92
PlayersQuit=78
StatsStartTime=1241910601956
StatsDumpTime=1241914802148
<<<<EndStats
2009-05-09 17:20:48,523 ERROR: vampire.server.feeding.FeedingRecord sendPlayerStartGameMsg [playerId=36377, prey=false, _predatorIndex=]
2009-05-09 17:20:55,754 ERROR: vampire.server.feeding.FeedingRecord sendPlayerStartGameMsg [playerId=1399577, prey=false, _predatorIndex=]
2009-05-09 17:21:51,127 ERROR: vampire.server.feeding.FeedingRecord sendPlayerStartGameMsg [playerId=182539, prey=true, _predatorIndex=]
2009-05-09 17:21:51,127 ERROR: vampire.server.feeding.FeedingRecord sendPlayerStartGameMsg [playerId=249956, prey=false, _predatorIndex=]
2009-05-09 17:23:52,596 ERROR: vampire.server.feeding.FeedingRecord sendPlayerStartGameMsg [playerId=1399577, prey=true, _predatorIndex=]
2009-05-09 17:23:52,597 ERROR: vampire.server.feeding.FeedingRecord sendPlayerStartGameMsg [playerId=176400, prey=false, _predatorIndex=]
2009-05-09 17:23:54,246 ERROR: vampire.server.feeding.FeedingRecord sendPlayerStartGameMsg [playerId=1361827, prey=false, _predatorIndex=]
2009-05-09 17:24:49,255 ERROR: vampire.server.feeding.FeedingRecord sendPlayerStartGameMsg [playerId=90041, prey=true, _predatorIndex=]
2009-05-09 17:24:49,255 ERROR: vampire.server.feeding.FeedingRecord sendPlayerStartGameMsg [playerId=182539, prey=false, _predatorIndex=]
2009-05-09 17:25:35,538 ERROR: vampire.server.feeding.FeedingRecord sendPlayerStartGameMsg [playerId=104890, prey=false, _predatorIndex=]
2009-05-09 17:25:36,891 ERROR: vampire.server.feeding.FeedingRecord sendPlayerStartGameMsg [playerId=249956, prey=true, _predatorIndex=]
2009-05-09 17:25:36,893 ERROR: vampire.server.feeding.FeedingRecord sendPlayerStartGameMsg [playerId=86131, prey=false, _predatorIndex=]
2009-05-09 17:27:05,947 ERROR: vampire.server.feeding.FeedingRecord sendPlayerStartGameMsg [playerId=1279761, prey=false, _predatorIndex=]
2009-05-09 17:27:23,602 ERROR: vampire.server.feeding.FeedingRecord sendPlayerStartGameMsg [playerId=1255618, prey=false, _predatorIndex=1279761]
2009-05-09 17:27:56,067 ERROR: vampire.server.feeding.FeedingRecord sendPlayerStartGameMsg [playerId=249956, prey=false, _predatorIndex=]
2009-05-09 17:29:24,643 ERROR: vampire.server.feeding.FeedingRecord sendPlayerStartGameMsg [playerId=1361827, prey=false, _predatorIndex=]
2009-05-09 17:29:42,050 ERROR: vampire.server.feeding.FeedingRecord sendPlayerStartGameMsg [playerId=1279761, prey=false, _predatorIndex=]

>>>>BeginStats

>>>>BeginTable
PlayerId, StartTime, EndTime, ProgenyPayout, XPFromFeeding, FeedingGames, MeanFeedingScore, BloodBond, Progeny, GrandProgeny, Sire, Level, Invites
1021278, , , 12.5, 0, 0, 0, 0, 2, 2, 452296, , 
103033, 1241912809664, 1241913883376, 0, 841, 3, 214.33333333333334, 767143, 18, 14, 81899, 7, 1
103634, , , 39.300000000000004, 0, 0, 0, 0, 1, 2, 369681, , 
1043, 1241912172010, 1241912175504, 0, 0, 0, 0, 453, 6, 3, 12, 13, 3
1047840, 1241913588449, , 0, 732, 4, 216.25, 1106386, 7, 0, 408501, 6, 1
104890, 1241915085895, 1241915287027, 0, 121, 1, 121, 0, 1, 0, 22707, 4, 0
1062, 1241913287055, 1241913316664, 440.55000000000007, 1371, 7, 284, 54776, 13, 10, 713, 17, 2
108338, , , 140.70000000000002, 0, 0, 0, 0, 1, 6, 288860, , 
1084434, 1241910654804, 1241911694408, 0, 1502, 7, 134, 1892, 0, 0, 54776, 3, 
1092321, , , 32.150000000000006, 0, 0, 0, 0, 33, 8, 35568, , 
1092398, 1241913873690, 1241914648887, 0, 878, 6, 155.66666666666666, 0, 0, 0, 1204358, 1, 
110735, 1241912708142, 1241913431657, 0, 0, 0, 0, 1255618, 0, 0, 408501, 3, 
1111437, 1241913755123, 1241913826076, 0, 0, 0, 0, 0, 2, 0, 70997, 2, 
1120688, 1241915383111, 1241915388143, 0, 0, 0, 0, 0, 0, 0, 543921, 2, 
1122449, , , 18.5, 0, 0, 0, 0, 15, 1, 555728, , 
1124156, 1241914276890, 1241914645095, 80.4, 476, 2, 358, 269484, 11, 2, 184671, 9, 3
113237, , , 48.95000000000001, 0, 0, 0, 0, 9, 17, 10642, , 
114461, 1241912989364, 1241913878801, 0, 203, 2, 101.5, 0, 2, 2, 390995, 4, 0
11460, , , 219, 0, 0, 0, 0, 1, 15, 41022, , 
1148098, , , 25, 0, 0, 0, 0, 2, 3, 1021278, , 
1199648, 1241912465309, 1241913102920, 0, 0, 0, 0, 0, 2, 0, 394001, 4, 1
12, , , 143.64999999999998, 0, 0, 0, 0, 20, 42, 383387, , 
1204358, 1241912719663, , 87.6, 1446, 11, 109.0909090909091, 0, 2, 0, 1062, 2, 0
1208580, , , 38.300000000000004, 0, 0, 0, 0, 1, 0, 885698, , 
1211786, 1241914313863, 1241914330148, 0, 0, 0, 0, 0, 0, 0, 0, 1, 
1223024, 1241912192450, 1241912682246, 0, 250, 2, 136, 0, 3, 2, 1148098, 2, 1
122718, 1241910612199, 1241910749072, 0, 0, 0, 0, 0, 0, 0, 0, 1, 
1254632, 1241914931714, 1241915051652, 0, 0, 0, 0, 0, 0, 0, 0, 1, 
1255618, 1241915129337, , 0, 370, 2, 215, 110735, 2, 1, 206148, 4, 0
1265, , , 69.85, 0, 0, 0, 0, 1, 25, 12, , 
126757, 1241913795321, 1241914051489, 0, 130, 1, 130, 0, 0, 0, 0, 1, 
1275561, 1241912251831, 1241912951649, 0, 176, 1, 184, 0, 1, 0, 772113, 3, 
1279761, 1241915214890, , 0, 131, 1, 131, 0, 0, 0, 171513, 4, 0
1283335, 1241911478812, 1241912629761, 0, 627, 4, 174.75, 0, 0, 0, 0, 2, 
129076, 1241912463187, 1241912472928, 0, 0, 0, 0, 0, 0, 0, 0, 1, 
1299774, 1241912925016, 1241913255841, 0, 102, 1, 102, 0, 0, 0, 0, 1, 
1309580, 1241911690102, 1241912566112, 0, 240, 2, 123, 0, 0, 0, 1204358, 1, 
1328683, 1241911662913, 1241911789947, 0, 0, 0, 0, 0, 0, 0, 522720, 1, 
1358455, 1241913913886, 1241914284326, 0, 0, 0, 0, 0, 0, 0, 47154, 2, 
1358947, 1241911710529, 1241911747751, 0, 0, 0, 0, 0, 0, 0, 0, 1, 
1361827, 1241914583655, , 0, 296, 3, 98.66666666666667, 0, 0, 0, 0, 1, 0
1397345, 1241912958693, 1241912997752, 0, 0, 0, 0, 0, 0, 0, 0, 1, 
1399577, 1241912421338, 1241915265054, 22.700000000000003, 2909, 13, 160.92307692307693, 0, 1, 0, 1062, 2, 
1400516, 1241915129014, 1241915143424, 0, 0, 0, 0, 0, 0, 0, 0, 1, 
1400876, 1241914770193, 1241914780015, 0, 0, 0, 0, 0, 0, 0, 0, 1, 
159950, 1241910650734, 1241913774716, 0, 711, 4, 156.25, 0, 0, 0, 840880, 1, 
166, , , 169.2, 0, 0, 0, 0, 6, 1, 578, , 
16825, 1241911172613, 1241911701829, 0, 895, 3, 298.3333333333333, 0, 14, 10, 4139, 6, 1
168426, 1241912256745, 1241912365730, 0, 0, 0, 0, 0, 1, 0, 164243, 4, 0
170191, , , 6.550000000000001, 0, 0, 0, 0, 3, 11, 202873, , 
170934, , , 9.1, 0, 0, 0, 0, 7, 9, 49732, , 
171513, , , 36.900000000000006, 0, 0, 0, 0, 11, 1, 170191, , 
176400, 1241912049921, , 178.60000000000002, 2371, 11, 277.72727272727275, 0, 17, 0, 21067, 7, 5
177501, 1241912107366, 1241912496051, 0, 100, 1, 101, 0, 1, 0, 298229, 4, 
181253, 1241911500596, 1241913107786, 0, 393, 2, 176.5, 0, 2, 0, 103634, 7, 3
182539, 1241914146969, , 0, 1009, 5, 225.8, 0, 4, 0, 879079, 3, 0
184671, , , 87.80000000000001, 0, 0, 0, 0, 1, 11, 171513, , 
1892, 1241913344660, 1241913520461, 0, 1502, 7, 294.7142857142857, 1084434, 23, 7, 995, 12, 2
191409, 1241913333843, 1241913814480, 0, 227, 2, 106, 0, 0, 0, 1399577, 1, 
192080, , , 33.1, 0, 0, 0, 0, 2, 10, 220964, , 
196543, , , 50.449999999999996, 0, 0, 0, 0, 6, 2, 32314, , 
197080, , , 7.95, 0, 0, 0, 0, 4, 1, 110178, , 
205535, 1241914506870, 1241914837363, 0, 0, 0, 0, 0, 2, 2, 95479, 7, 2
206148, , , 37, 0, 0, 0, 0, 1, 2, 1122449, , 
206273, 1241910616593, 1241912123982, 0, 1786, 9, 217.77777777777777, 0, 0, 0, 176400, 3, 
21067, , , 326.4000000000001, 0, 0, 0, 0, 3, 17, 302907, , 
213087, 1241914650944, 1241914756530, 0, 0, 0, 0, 0, 0, 0, 258951, 2, 0
220964, , , 16.55, 0, 0, 0, 0, 5, 3, 143501, , 
224560, 1241911882680, 1241911991646, 0, 0, 0, 0, 0, 2, 0, 132334, 3, 1
22707, , , 12.100000000000001, 0, 0, 0, 0, 7, 13, 8842, , 
228764, , , 15.9, 0, 0, 0, 0, 1, 2, 197080, , 
238812, 1241911530996, 1241912714163, 0, 331, 2, 214.5, 546831, 10, 6, 192080, 5, 2
246491, 1241911977505, 1241912276849, 0, 0, 0, 0, 0, 0, 0, 336524, 1, 0
249956, 1241914256521, , 0, 1642, 7, 198.57142857142858, 0, 0, 0, 166, 3, 0
256746, , , 34.05, 0, 0, 0, 0, 5, 30, 61984, , 
258951, , , 139.7, 0, 0, 0, 0, 25, 13, 1265, , 
276754, 1241914016646, 1241914062254, 0, 0, 0, 0, 0, 0, 0, 0, 1, 
298229, , , 10, 0, 0, 0, 0, 1, 1, 166, , 
298666, 1241910659719, 1241910777706, 0, 0, 0, 0, 868186, 9, 2, 259344, 8, 4
302907, , , 118.55000000000001, 0, 0, 0, 0, 2, 3, 283855, , 
311783, 1241911134971, 1241913583810, 140.55, 1641, 6, 406, 0, 15, 4, 11460, 10, 7
321891, 1241910632343, 1241913454629, 61.5, 1349, 11, 106.63636363636364, 0, 1, 0, 311783, 4, 0
328907, 1241911083278, 1241914151643, 0, 624, 6, 94.5, 0, 0, 0, 321891, 1, 
335645, 1241913862191, 1241914031652, 0, 0, 0, 0, 0, 0, 0, 297654, 1, 
336620, 1241915104481, , 0, 0, 0, 0, 0, 0, 0, 157713, 2, 0
36377, 1241913207566, 1241914967028, 0, 1784, 6, 378.8333333333333, 0, 4, 8, 453809, 10, 3
369681, , , 19.650000000000002, 0, 0, 0, 0, 2, 1, 1704, , 
372887, , , 89.2, 0, 0, 0, 0, 1, 1, 386780, , 
384125, 1241912060014, 1241914388128, 0, 159, 1, 108, 0, 2, 0, 228764, 2, 0
388615, , , 10.15, 0, 0, 0, 0, 1, 2, 395687, , 
390995, , , 20.3, 0, 0, 0, 0, 2, 2, 388615, , 
391630, 1241912944688, 1241914992914, 0, 2814, 21, 121.9047619047619, 0, 0, 0, 64152, 3, 0
39180, 1241912045195, 1241912150016, 0, 0, 0, 0, 0, 8, 16, 68619, 7, 1
408501, , , 73.2, 0, 0, 0, 0, 8, 7, 637936, , 
409641, 1241914889607, , 0, 182, 1, 182, 0, 0, 0, 98128, 3, 0
41022, , , 82.05000000000001, 0, 0, 0, 0, 2, 1, 412796, , 
4139, , , 89.5, 0, 0, 0, 0, 25, 14, 713, , 
430717, , , 68.1, 0, 0, 0, 0, 30, 1, 256746, , 
453809, , , 178.4, 0, 0, 0, 0, 1, 4, 372887, , 
510740, , , 8.8, 0, 0, 0, 0, 71, 3, 534632, , 
543921, , , 64.30000000000001, 0, 0, 0, 0, 8, 0, 1092321, , 
54776, 1241913317131, 1241914624109, 150.2, 0, 0, 0, 1062, 83, 37, 89757, 16, 3
561727, 1241912477413, 1241913697533, 0, 383, 3, 133.66666666666666, 0, 0, 0, 1208580, 3, 
578, , , 82.1, 0, 0, 0, 0, 1, 6, 12770, , 
57863, 1241912133961, 1241912813368, 0, 643, 4, 143, 0, 0, 0, 543921, 2, 0
637936, , , 36.6, 0, 0, 0, 0, 3, 8, 217283, , 
64152, , , 281.40000000000003, 0, 0, 0, 0, 6, 0, 108338, , 
64748, 1241910604159, 1241910779132, 0, 0, 0, 0, 0, 0, 0, 66537, 2, 
695462, 1241911177793, 1241911192677, 0, 0, 0, 0, 0, 0, 0, 0, 1, 
713, , , 374.55, 0, 0, 0, 0, 11, 40, 12, , 
733513, 1241911188263, 1241911198715, 0, 0, 0, 0, 0, 0, 0, 0, 1, 
769463, 1241913585055, , 0, 681, 4, 158.5, 208692, 1, 0, 430717, 4, 0
769849, 1241915204209, , 0, 0, 0, 0, 0, 1, 0, 54776, 4, 0
772113, , , 17.6, 0, 0, 0, 0, 1, 1, 510740, , 
78233, 1241912860799, 1241912951647, 0, 0, 0, 0, 0, 0, 0, 54776, 3, 
802319, , , 42.050000000000004, 0, 0, 0, 0, 2, 6, 773108, , 
81899, , , 84.10000000000001, 0, 0, 0, 0, 6, 18, 802319, , 
822174, 1241910607220, 1241911207769, 0, 0, 0, 0, 0, 0, 0, 176400, 1, 
825362, 1241912331957, 1241912541225, 0, 0, 0, 0, 0, 0, 0, 68238, 1, 
836050, , , 130.2, 0, 0, 0, 0, 17, 2, 113237, , 
840880, 1241912802437, 1241913338999, 64.60000000000001, 979, 5, 115.4, 0, 1, 0, 836050, 3, 
86131, 1241915038311, , 0, 1026, 6, 124.16666666666667, 0, 0, 0, 1124156, 2, 0
879079, , , 100.89999999999999, 0, 0, 0, 0, 2, 4, 196543, , 
8842, , , 6.050000000000001, 0, 0, 0, 0, 12, 7, 1531, , 
885698, , , 19.150000000000002, 0, 0, 0, 0, 1, 1, 836050, , 
89757, , , 75.1, 0, 0, 0, 0, 3, 83, 20260, , 
90041, 1241914123248, 1241915351631, 0, 1397, 4, 398.75, 175933, 10, 10, 258951, 12, 14
92509, 1241914498187, 1241914520088, 0, 0, 0, 0, 0, 5, 0, 5212, 6, 3
98128, , , 18.2, 0, 0, 0, 0, 9, 1, 170934, , 
995, , , 150.2, 0, 0, 0, 0, 13, 23, 12, , 
<<<<EndTable

PlayersOnlineNow=13
PlayersOnlineEachMinute=0, 13, 13, 10, 9, 9, 9, 10, 9, 11, 13, 12, 13, 13, 13, 15, 16, 16, 18, 17, 15, 16, 16, 17, 16, 20, 19, 20, 22, 23, 21, 21, 22, 20, 18, 17, 18, 20, 21, 21, 21, 20, 18, 18, 18, 18, 19, 19, 17, 16, 18, 18, 17, 18, 14, 14, 15, 16, 14, 14, 14, 15, 16, 15, 14, 15, 16, 17, 15, 15, 14, 11, 12, 12, 12, 12, 14, 16, 15, 14
PlayersInEachFeedingGame=1, 1, 1, 1, 2, 1, 1, 1, 1, 2, 1, 2, 2, 3, 1, 2, 2, 1, 2, 2, 3, 2, 1, 2, 1, 1, 2, 1, 1, 2, 1, 2, 2, 1, 2, 2, 2, 2, 2, 2, 2, 2, 2, 2, 2, 1, 2, 2, 2, 2, 1, 2, 1, 2, 1, 2, 1, 2, 1, 2, 2, 2, 2, 1, 2, 2, 1, 1, 2, 2, 1, 1, 1, 1, 2, 2, 1, 2, 1, 1, 2, 2, 1, 2, 2, 2, 1, 2, 2, 1, 1, 1, 2, 2, 1, 2, 2, 1, 1, 1, 1, 1
PlayersStarted=103
PlayersQuit=90
StatsStartTime=1241910601956
StatsDumpTime=1241915402175
<<<<EndStats
2009-05-09 17:30:13,461 ERROR: vampire.server.feeding.FeedingRecord sendPlayerStartGameMsg [playerId=86131, prey=false, _predatorIndex=]
2009-05-09 17:30:18,273 ERROR: vampire.server.feeding.FeedingRecord sendPlayerStartGameMsg [playerId=1120688, prey=true, _predatorIndex=]
2009-05-09 17:30:18,274 ERROR: vampire.server.feeding.FeedingRecord sendPlayerStartGameMsg [playerId=176400, prey=false, _predatorIndex=]
2009-05-09 17:31:11,514 ERROR: vampire.server.feeding.FeedingRecord sendPlayerStartGameMsg [playerId=387496, prey=false, _predatorIndex=249956]
2009-05-09 17:31:48,156 ERROR: vampire.server.feeding.FeedingRecord sendPlayerStartGameMsg [playerId=1255618, prey=false, _predatorIndex=]
2009-05-09 17:32:01,221 ERROR: vampire.server.feeding.FeedingRecord sendPlayerStartGameMsg [playerId=1304810, prey=true, _predatorIndex=]
2009-05-09 17:32:01,222 ERROR: vampire.server.feeding.FeedingRecord sendPlayerStartGameMsg [playerId=1279761, prey=false, _predatorIndex=]
2009-05-09 17:32:56,246 ERROR: vampire.server.feeding.FeedingRecord sendPlayerStartGameMsg [playerId=86131, prey=true, _predatorIndex=]
2009-05-09 17:32:56,246 ERROR: vampire.server.feeding.FeedingRecord sendPlayerStartGameMsg [playerId=769849, prey=false, _predatorIndex=]
2009-05-09 17:33:26,445 ERROR: vampire.server.feeding.FeedingRecord sendPlayerStartGameMsg [playerId=1255618, prey=false, _predatorIndex=]
2009-05-09 17:33:33,209 ERROR: vampire.server.feeding.FeedingRecord sendPlayerStartGameMsg [playerId=1255618, prey=false, _predatorIndex=]
2009-05-09 17:33:51,070 ERROR: vampire.server.feeding.FeedingRecord sendPlayerStartGameMsg [playerId=910170, prey=false, _predatorIndex=769849]
2009-05-09 17:34:21,952 ERROR: vampire.server.feeding.FeedingRecord sendPlayerStartGameMsg [playerId=1254632, prey=true, _predatorIndex=]
2009-05-09 17:34:21,953 ERROR: vampire.server.feeding.FeedingRecord sendPlayerStartGameMsg [playerId=336620, prey=false, _predatorIndex=]
2009-05-09 17:34:27,137 ERROR: vampire.server.feeding.FeedingRecord sendPlayerStartGameMsg [playerId=1279761, prey=false, _predatorIndex=]
2009-05-09 17:34:57,383 ERROR: vampire.server.feeding.FeedingRecord sendPlayerStartGameMsg [playerId=1255618, prey=false, _predatorIndex=]
2009-05-09 17:35:32,673 ERROR: vampire.server.feeding.FeedingRecord sendPlayerStartGameMsg [playerId=1120688, prey=true, _predatorIndex=]
2009-05-09 17:35:32,674 ERROR: vampire.server.feeding.FeedingRecord sendPlayerStartGameMsg [playerId=380197, prey=false, _predatorIndex=]
2009-05-09 17:35:38,367 ERROR: vampire.server.feeding.FeedingRecord sendPlayerStartGameMsg [playerId=176400, prey=false, _predatorIndex=336620]
2009-05-09 17:35:48,983 ERROR: vampire.server.feeding.FeedingRecord sendPlayerStartGameMsg [playerId=92509, prey=true, _predatorIndex=]
2009-05-09 17:35:48,984 ERROR: vampire.server.feeding.FeedingRecord sendPlayerStartGameMsg [playerId=176400, prey=false, _predatorIndex=]
2009-05-09 17:36:31,592 ERROR: vampire.server.feeding.FeedingRecord sendPlayerStartGameMsg [playerId=1255618, prey=false, _predatorIndex=]
2009-05-09 17:36:50,618 ERROR: vampire.server.feeding.FeedingRecord sendPlayerStartGameMsg [playerId=1351488, prey=true, _predatorIndex=]
2009-05-09 17:36:50,618 ERROR: vampire.server.feeding.FeedingRecord sendPlayerStartGameMsg [playerId=1279761, prey=false, _predatorIndex=]
2009-05-09 17:38:17,674 ERROR: vampire.server.feeding.FeedingRecord sendPlayerStartGameMsg [playerId=1204358, prey=true, _predatorIndex=]
2009-05-09 17:38:17,675 ERROR: vampire.server.feeding.FeedingRecord sendPlayerStartGameMsg [playerId=769849, prey=false, _predatorIndex=]
2009-05-09 17:38:25,867 ERROR: vampire.server.feeding.FeedingRecord sendPlayerStartGameMsg [playerId=176400, prey=true, _predatorIndex=]
2009-05-09 17:38:25,868 ERROR: vampire.server.feeding.FeedingRecord sendPlayerStartGameMsg [playerId=1400665, prey=false, _predatorIndex=]
2009-05-09 17:38:29,166 ERROR: vampire.server.feeding.FeedingRecord sendPlayerStartGameMsg [playerId=206273, prey=false, _predatorIndex=769849]
2009-05-09 17:38:49,055 ERROR: vampire.server.feeding.FeedingRecord sendPlayerStartGameMsg [playerId=86131, prey=true, _predatorIndex=]
2009-05-09 17:38:49,055 ERROR: vampire.server.feeding.FeedingRecord sendPlayerStartGameMsg [playerId=836050, prey=false, _predatorIndex=]
2009-05-09 17:39:19,090 ERROR: vampire.server.feeding.FeedingRecord sendPlayerStartGameMsg [playerId=1279761, prey=false, _predatorIndex=]
2009-05-09 17:39:23,862 ERROR: vampire.server.feeding.FeedingRecord sendPlayerStartGameMsg [playerId=1255618, prey=false, _predatorIndex=]

>>>>BeginStats

>>>>BeginTable
PlayerId, StartTime, EndTime, ProgenyPayout, XPFromFeeding, FeedingGames, MeanFeedingScore, BloodBond, Progeny, GrandProgeny, Sire, Level, Invites
1021278, , , 12.5, 0, 0, 0, 0, 2, 2, 452296, , 
103033, 1241912809664, 1241913883376, 0, 841, 3, 214.33333333333334, 767143, 18, 14, 81899, 7, 1
103634, , , 39.300000000000004, 0, 0, 0, 0, 1, 2, 369681, , 
1043, 1241912172010, 1241912175504, 0, 0, 0, 0, 453, 6, 3, 12, 13, 3
1047840, 1241913588449, , 0, 732, 4, 216.25, 1106386, 7, 0, 408501, 6, 1
104890, 1241915085895, 1241915287027, 0, 121, 1, 121, 0, 1, 0, 22707, 4, 0
1062, 1241913287055, 1241913316664, 440.55000000000007, 1371, 7, 284, 54776, 13, 10, 713, 17, 2
108338, , , 140.70000000000002, 0, 0, 0, 0, 1, 6, 288860, , 
1084434, 1241910654804, 1241911694408, 0, 1502, 7, 134, 1892, 0, 0, 54776, 3, 
1092321, , , 63.400000000000006, 0, 0, 0, 0, 33, 8, 35568, , 
1092398, 1241913873690, 1241914648887, 0, 878, 6, 155.66666666666666, 0, 0, 0, 1204358, 1, 
110735, 1241912708142, 1241913431657, 0, 0, 0, 0, 1255618, 0, 0, 408501, 3, 
1111437, 1241913755123, 1241913826076, 0, 0, 0, 0, 0, 2, 0, 70997, 2, 
1120688, 1241915402200, , 0, 625, 4, 133, 0, 0, 0, 543921, 2, 0
1122449, , , 20.9, 0, 0, 0, 0, 15, 1, 555728, , 
1124156, 1241914276890, 1241914645095, 80.4, 476, 2, 358, 269484, 11, 2, 184671, 9, 3
113237, , , 48.95000000000001, 0, 0, 0, 0, 9, 17, 10642, , 
114461, 1241912989364, 1241913878801, 0, 203, 2, 101.5, 0, 2, 2, 390995, 4, 0
11460, , , 219, 0, 0, 0, 0, 1, 15, 41022, , 
1148098, , , 25, 0, 0, 0, 0, 2, 3, 1021278, , 
1163664, 1241915685737, 1241915742326, 0, 0, 0, 0, 0, 0, 0, 1255018, 1, 
1199648, 1241912465309, 1241913102920, 0, 0, 0, 0, 0, 2, 0, 394001, 4, 1
12, , , 143.64999999999998, 0, 0, 0, 0, 20, 43, 383387, , 
1204358, 1241912719663, , 87.6, 1446, 11, 109.0909090909091, 0, 2, 0, 1062, 2, 0
1208580, , , 38.300000000000004, 0, 0, 0, 0, 1, 0, 885698, , 
1211786, 1241914313863, 1241914330148, 0, 0, 0, 0, 0, 0, 0, 0, 1, 
1223024, 1241912192450, 1241912682246, 0, 250, 2, 136, 0, 3, 2, 1148098, 2, 1
122718, 1241910612199, 1241910749072, 0, 0, 0, 0, 0, 0, 0, 0, 1, 
1254632, 1241915484171, 1241915940017, 0, 78, 1, 61, 0, 0, 0, 0, 1, 
1255618, 1241915129337, , 0, 418, 3, 159.33333333333334, 110735, 2, 1, 206148, 4, 0
1265, , , 69.85, 0, 0, 0, 0, 1, 25, 12, , 
126757, 1241913795321, 1241914051489, 0, 130, 1, 130, 0, 0, 0, 0, 1, 
1275561, 1241912251831, 1241912951649, 0, 176, 1, 184, 0, 1, 0, 772113, 3, 
1279761, 1241915214890, , 0, 609, 5, 137.6, 0, 0, 0, 171513, 4, 0
1283335, 1241911478812, 1241912629761, 0, 627, 4, 174.75, 0, 0, 0, 0, 2, 
129076, 1241912463187, 1241912472928, 0, 0, 0, 0, 0, 0, 0, 0, 1, 
1299774, 1241912925016, 1241913255841, 0, 102, 1, 102, 0, 0, 0, 0, 1, 
1304810, 1241915471365, 1241915544935, 0, 0, 0, 0, 0, 0, 0, 103033, 1, 
1309580, 1241911690102, 1241912566112, 0, 240, 2, 123, 0, 0, 0, 1204358, 1, 
1314704, 1241915481032, 1241915503986, 0, 0, 0, 0, 0, 0, 0, 0, 1, 
1328683, 1241911662913, 1241911789947, 0, 0, 0, 0, 0, 0, 0, 522720, 1, 
1351488, 1241915797965, , 0, 124, 1, 122, 0, 0, 0, 0, 1, 0
1358455, 1241913913886, 1241914284326, 0, 0, 0, 0, 0, 0, 0, 47154, 2, 
1358947, 1241911710529, 1241911747751, 0, 0, 0, 0, 0, 0, 0, 0, 1, 
1361827, 1241914583655, 1241915543981, 0, 419, 4, 104.75, 0, 0, 0, 0, 1, 
1394515, 1241915981146, , 0, 0, 0, 0, 0, 0, 0, 0, 1, 0
1397345, 1241912958693, 1241912997752, 0, 0, 0, 0, 0, 0, 0, 0, 1, 
1399577, 1241912421338, 1241915265054, 22.700000000000003, 2909, 13, 160.92307692307693, 0, 1, 0, 1062, 2, 
1400516, 1241915129014, 1241915143424, 0, 0, 0, 0, 0, 0, 0, 0, 1, 
1400665, 1241915809981, , 0, 0, 0, 0, 0, 0, 0, 0, 1, 0
1400876, 1241914770193, 1241914780015, 0, 0, 0, 0, 0, 0, 0, 0, 1, 
147367, 1241915638839, 1241915652728, 0, 0, 0, 0, 0, 0, 0, 156489, 1, 0
156489, , , 12.200000000000001, 0, 0, 0, 0, 16, 17, 713, , 
157713, , , 7.800000000000001, 0, 0, 0, 0, 4, 0, 58859, , 
159950, 1241915741602, , 0, 711, 4, 156.25, 0, 0, 0, 840880, 1, 0
161001, , , 12.55, 0, 0, 0, 0, 1, 2, 377820, , 
166, , , 184.79999999999998, 0, 0, 0, 0, 6, 1, 578, , 
16825, 1241911172613, 1241911701829, 0, 895, 3, 298.3333333333333, 0, 14, 10, 4139, 6, 1
168426, 1241912256745, 1241912365730, 0, 0, 0, 0, 0, 1, 0, 164243, 4, 0
170191, , , 30.45, 0, 0, 0, 0, 3, 11, 202873, , 
170934, , , 9.1, 0, 0, 0, 0, 7, 9, 49732, , 
171513, , , 84.70000000000002, 0, 0, 0, 0, 11, 1, 170191, , 
176400, 1241912049921, , 178.60000000000002, 2989, 14, 274.7142857142857, 0, 17, 0, 21067, 7, 5
177501, 1241912107366, 1241912496051, 0, 100, 1, 101, 0, 1, 0, 298229, 4, 
181253, 1241911500596, 1241913107786, 0, 393, 2, 176.5, 0, 2, 0, 103634, 7, 3
182539, 1241914146969, , 0, 1009, 5, 225.8, 0, 4, 0, 879079, 3, 0
184671, , , 87.80000000000001, 0, 0, 0, 0, 1, 11, 171513, , 
1892, 1241913344660, 1241913520461, 0, 1502, 7, 294.7142857142857, 1084434, 23, 7, 995, 12, 2
191409, 1241913333843, 1241913814480, 0, 227, 2, 106, 0, 0, 0, 1399577, 1, 
192080, , , 33.1, 0, 0, 0, 0, 2, 10, 220964, , 
196543, , , 50.449999999999996, 0, 0, 0, 0, 6, 2, 32314, , 
197080, , , 7.95, 0, 0, 0, 0, 4, 1, 110178, , 
205535, 1241914506870, 1241914837363, 0, 0, 0, 0, 0, 2, 2, 95479, 7, 2
206148, , , 41.8, 0, 0, 0, 0, 1, 2, 1122449, , 
206273, 1241915774784, , 0, 1786, 9, 217.77777777777777, 0, 0, 0, 176400, 3, 0
21067, , , 388.2000000000001, 0, 0, 0, 0, 3, 17, 302907, , 
213087, 1241914650944, 1241914756530, 0, 0, 0, 0, 0, 0, 0, 258951, 2, 0
220964, , , 16.55, 0, 0, 0, 0, 5, 3, 143501, , 
224560, 1241911882680, 1241911991646, 0, 0, 0, 0, 0, 2, 0, 132334, 3, 1
22707, , , 12.100000000000001, 0, 0, 0, 0, 7, 13, 8842, , 
228764, , , 15.9, 0, 0, 0, 0, 1, 2, 197080, , 
238812, 1241911530996, 1241912714163, 0, 331, 2, 214.5, 546831, 10, 6, 192080, 5, 2
246491, 1241911977505, 1241912276849, 0, 0, 0, 0, 0, 0, 0, 336524, 1, 0
249956, 1241914256521, 1241915674132, 0, 1798, 8, 193.25, 0, 0, 0, 166, 3, 
256746, , , 34.05, 0, 0, 0, 0, 5, 30, 61984, , 
258951, , , 139.7, 0, 0, 0, 0, 25, 13, 1265, , 
276754, 1241914016646, 1241914062254, 0, 0, 0, 0, 0, 0, 0, 0, 1, 
295991, , , 25.1, 0, 0, 0, 0, 2, 4, 161001, , 
298229, , , 10, 0, 0, 0, 0, 1, 1, 166, , 
298666, 1241910659719, 1241910777706, 0, 0, 0, 0, 868186, 9, 2, 259344, 8, 4
302907, , , 149.45000000000002, 0, 0, 0, 0, 2, 3, 283855, , 
311783, 1241911134971, 1241913583810, 140.55, 1641, 6, 406, 0, 15, 4, 11460, 10, 7
321891, 1241910632343, 1241913454629, 61.5, 1349, 11, 106.63636363636364, 0, 1, 0, 311783, 4, 0
328907, 1241911083278, 1241914151643, 0, 624, 6, 94.5, 0, 0, 0, 321891, 1, 
335645, 1241913862191, 1241914031652, 0, 0, 0, 0, 0, 0, 0, 297654, 1, 
336620, 1241915104481, , 0, 78, 1, 95, 0, 0, 0, 157713, 2, 0
36377, 1241913207566, 1241914967028, 0, 1784, 6, 378.8333333333333, 0, 4, 8, 453809, 10, 3
369681, , , 19.650000000000002, 0, 0, 0, 0, 2, 1, 1704, , 
372887, , , 89.2, 0, 0, 0, 0, 1, 1, 386780, , 
380197, 1241915620416, , 0, 251, 2, 115, 0, 4, 0, 295991, 4, 10
384125, 1241912060014, 1241914388128, 0, 159, 1, 108, 0, 2, 0, 228764, 2, 0
384703, 1241915868221, , 0, 0, 0, 0, 0, 2, 7, 338481, 4, 0
387496, 1241915407853, 1241915999118, 0, 0, 0, 0, 0, 1, 0, 82377, 3, 1
388615, , , 10.15, 0, 0, 0, 0, 1, 2, 395687, , 
390995, , , 20.3, 0, 0, 0, 0, 2, 2, 388615, , 
391630, 1241912944688, 1241914992914, 0, 2814, 21, 121.9047619047619, 0, 0, 0, 64152, 3, 0
39180, 1241912045195, 1241912150016, 0, 0, 0, 0, 0, 8, 16, 68619, 7, 1
403770, 1241915740843, 1241915763727, 0, 0, 0, 0, 0, 0, 0, 64247, 4, 0
408501, , , 73.2, 0, 0, 0, 0, 8, 7, 637936, , 
409641, 1241914889607, , 0, 182, 1, 182, 0, 0, 0, 98128, 3, 0
41022, , , 82.05000000000001, 0, 0, 0, 0, 2, 1, 412796, , 
4139, , , 89.5, 0, 0, 0, 0, 25, 14, 713, , 
430717, , , 68.1, 0, 0, 0, 0, 30, 1, 256746, , 
453809, , , 178.4, 0, 0, 0, 0, 1, 4, 372887, , 
510740, , , 8.8, 0, 0, 0, 0, 71, 3, 534632, , 
5212, , , 24.400000000000002, 0, 0, 0, 0, 17, 5, 156489, , 
543921, , , 126.80000000000001, 0, 0, 0, 0, 8, 0, 1092321, , 
54776, 1241913317131, 1241914624109, 159.2, 0, 0, 0, 1062, 83, 37, 89757, 16, 3
561727, 1241912477413, 1241913697533, 0, 383, 3, 133.66666666666666, 0, 0, 0, 1208580, 3, 
578, , , 89.89999999999999, 0, 0, 0, 0, 1, 6, 12770, , 
57863, 1241912133961, 1241912813368, 0, 643, 4, 143, 0, 0, 0, 543921, 2, 0
58859, , , 3.9000000000000004, 0, 0, 0, 0, 11, 4, 396113, , 
637936, , , 36.6, 0, 0, 0, 0, 3, 8, 217283, , 
64152, , , 281.40000000000003, 0, 0, 0, 0, 6, 0, 108338, , 
64748, 1241910604159, 1241910779132, 0, 0, 0, 0, 0, 0, 0, 66537, 2, 
695462, 1241911177793, 1241911192677, 0, 0, 0, 0, 0, 0, 0, 0, 1, 
713, , , 374.55, 0, 0, 0, 0, 11, 55, 12, , 
733513, 1241911188263, 1241911198715, 0, 0, 0, 0, 0, 0, 0, 0, 1, 
769463, 1241913585055, , 0, 681, 4, 158.5, 208692, 1, 0, 430717, 4, 0
769849, 1241915204209, , 0, 90, 1, 180, 0, 1, 0, 54776, 4, 0
772113, , , 17.6, 0, 0, 0, 0, 1, 1, 510740, , 
78233, 1241912860799, 1241912951647, 0, 0, 0, 0, 0, 0, 0, 54776, 3, 
79588, 1241915745107, 1241915760346, 0, 0, 0, 0, 0, 0, 0, 33511, 1, 0
802319, , , 42.050000000000004, 0, 0, 0, 0, 2, 6, 773108, , 
81899, , , 84.10000000000001, 0, 0, 0, 0, 6, 18, 802319, , 
822174, 1241910607220, 1241911207769, 0, 0, 0, 0, 0, 0, 0, 176400, 1, 
825362, 1241912331957, 1241912541225, 0, 0, 0, 0, 0, 0, 0, 68238, 1, 
836050, 1241915880549, , 130.2, 0, 0, 0, 592692, 17, 7, 113237, 8, 2
840880, 1241912802437, 1241913338999, 64.60000000000001, 979, 5, 115.4, 0, 1, 0, 836050, 3, 
86131, 1241915828139, , 0, 1026, 6, 124.16666666666667, 0, 0, 0, 1124156, 2, 0
879079, , , 100.89999999999999, 0, 0, 0, 0, 2, 4, 196543, , 
8842, , , 6.050000000000001, 0, 0, 0, 0, 12, 7, 1531, , 
885698, , , 19.150000000000002, 0, 0, 0, 0, 4, 1, 836050, , 
89757, , , 79.6, 0, 0, 0, 0, 3, 83, 20260, , 
90041, 1241914123248, 1241915351631, 0, 1397, 4, 398.75, 175933, 10, 10, 258951, 12, 14
910170, 1241915545637, , 0, 0, 0, 0, 0, 0, 0, 32314, 1, 0
92509, 1241915656400, , 0, 244, 1, 181, 0, 5, 0, 5212, 6, 3
93640, 1241915910569, , 0, 0, 0, 0, 0, 1, 0, 86926, 4, 0
98128, , , 18.2, 0, 0, 0, 0, 9, 2, 170934, , 
995, , , 150.2, 0, 0, 0, 0, 13, 23, 12, , 
<<<<EndTable

PlayersOnlineNow=23
PlayersOnlineEachMinute=0, 13, 13, 10, 9, 9, 9, 10, 9, 11, 13, 12, 13, 13, 13, 15, 16, 16, 18, 17, 15, 16, 16, 17, 16, 20, 19, 20, 22, 23, 21, 21, 22, 20, 18, 17, 18, 20, 21, 21, 21, 20, 18, 18, 18, 18, 19, 19, 17, 16, 18, 18, 17, 18, 14, 14, 15, 16, 14, 14, 14, 15, 16, 15, 14, 15, 16, 17, 15, 15, 14, 11, 12, 12, 12, 12, 14, 16, 15, 14, 14, 15, 17, 16, 18, 18, 19, 20, 23, 23
PlayersInEachFeedingGame=1, 1, 1, 1, 2, 1, 1, 1, 1, 2, 1, 2, 2, 3, 1, 2, 2, 1, 2, 2, 3, 2, 1, 2, 1, 1, 2, 1, 1, 2, 1, 2, 2, 1, 2, 2, 2, 2, 2, 2, 2, 2, 2, 2, 2, 1, 2, 2, 2, 2, 1, 2, 1, 2, 1, 2, 1, 2, 1, 2, 2, 2, 2, 1, 2, 2, 1, 1, 2, 2, 1, 1, 1, 1, 2, 2, 1, 2, 1, 1, 2, 2, 1, 2, 2, 2, 1, 2, 2, 1, 1, 1, 2, 2, 1, 2, 2, 1, 1, 1, 1, 1, 1, 2, 2, 2, 1, 2, 2, 2, 1, 2, 2, 2, 2, 1
PlayersStarted=125
PlayersQuit=102
StatsStartTime=1241910601956
StatsDumpTime=1241916002226
<<<<EndStats
2009-05-09 17:40:25,622 ERROR: vampire.server.feeding.FeedingRecord sendPlayerStartGameMsg [playerId=1351488, prey=false, _predatorIndex=]
2009-05-09 17:40:38,998 ERROR: vampire.server.feeding.FeedingRecord sendPlayerStartGameMsg [playerId=92509, prey=false, _predatorIndex=1279761]
2009-05-09 17:40:39,654 ERROR: vampire.server.feeding.FeedingRecord sendPlayerStartGameMsg [playerId=380197, prey=false, _predatorIndex=1351488]
2009-05-09 17:41:20,302 ERROR: vampire.server.feeding.FeedingRecord sendPlayerStartGameMsg [playerId=1120688, prey=true, _predatorIndex=]
2009-05-09 17:41:20,303 ERROR: vampire.server.feeding.FeedingRecord sendPlayerStartGameMsg [playerId=380197, prey=false, _predatorIndex=]
2009-05-09 17:41:30,797 ERROR: vampire.server.feeding.FeedingRecord sendPlayerStartGameMsg [playerId=1255618, prey=true, _predatorIndex=]
2009-05-09 17:41:30,798 ERROR: vampire.server.feeding.FeedingRecord sendPlayerStartGameMsg [playerId=1400665, prey=false, _predatorIndex=]
2009-05-09 17:41:36,051 ERROR: vampire.server.feeding.FeedingRecord sendPlayerStartGameMsg [playerId=74653, prey=false, _predatorIndex=]
2009-05-09 17:41:43,401 ERROR: vampire.server.feeding.FeedingRecord sendPlayerStartGameMsg [playerId=92509, prey=true, _predatorIndex=]
2009-05-09 17:41:43,401 ERROR: vampire.server.feeding.FeedingRecord sendPlayerStartGameMsg [playerId=176400, prey=false, _predatorIndex=]
2009-05-09 17:41:54,601 ERROR: vampire.server.feeding.FeedingRecord sendPlayerStartGameMsg [playerId=910170, prey=true, _predatorIndex=]
2009-05-09 17:41:54,602 ERROR: vampire.server.feeding.FeedingRecord sendPlayerStartGameMsg [playerId=206273, prey=false, _predatorIndex=]
2009-05-09 17:41:55,452 ERROR: vampire.server.feeding.FeedingRecord sendPlayerStartGameMsg [playerId=1279761, prey=false, _predatorIndex=]
2009-05-09 17:42:17,120 ERROR: vampire.server.feeding.FeedingRecord sendPlayerStartGameMsg [playerId=1329831, prey=false, _predatorIndex=1351488,380197]
2009-05-09 17:43:23,851 ERROR: vampire.server.feeding.FeedingRecord sendPlayerStartGameMsg [playerId=1329831, prey=false, _predatorIndex=]
2009-05-09 17:44:24,562 ERROR: vampire.server.feeding.FeedingRecord sendPlayerStartGameMsg [playerId=1400665, prey=false, _predatorIndex=]
2009-05-09 17:44:30,764 ERROR: vampire.server.feeding.FeedingRecord sendPlayerStartGameMsg [playerId=1394515, prey=false, _predatorIndex=380197]
2009-05-09 17:44:34,476 ERROR: vampire.server.feeding.FeedingRecord sendPlayerStartGameMsg [playerId=836050, prey=true, _predatorIndex=]
2009-05-09 17:44:34,477 ERROR: vampire.server.feeding.FeedingRecord sendPlayerStartGameMsg [playerId=859282, prey=false, _predatorIndex=]
2009-05-09 17:44:39,620 ERROR: vampire.server.feeding.FeedingRecord sendPlayerStartGameMsg [playerId=74653, prey=true, _predatorIndex=]
2009-05-09 17:44:39,621 ERROR: vampire.server.feeding.FeedingRecord sendPlayerStartGameMsg [playerId=1279761, prey=false, _predatorIndex=]
2009-05-09 17:45:01,633 ERROR: vampire.server.feeding.FeedingRecord sendPlayerStartGameMsg [playerId=1394515, prey=false, _predatorIndex=]
2009-05-09 17:47:12,529 ERROR: vampire.server.feeding.FeedingRecord sendPlayerStartGameMsg [playerId=1279761, prey=true, _predatorIndex=]
2009-05-09 17:47:12,529 ERROR: vampire.server.feeding.FeedingRecord sendPlayerStartGameMsg [playerId=176400, prey=false, _predatorIndex=]
2009-05-09 17:47:38,353 ERROR: vampire.server.feeding.FeedingRecord sendPlayerStartGameMsg [playerId=1394515, prey=false, _predatorIndex=]
2009-05-09 17:48:24,776 ERROR: vampire.server.feeding.FeedingRecord sendPlayerStartGameMsg [playerId=74653, prey=false, _predatorIndex=]
2009-05-09 17:49:04,417 ERROR: vampire.server.feeding.FeedingRecord sendPlayerStartGameMsg [playerId=1351488, prey=false, _predatorIndex=380197,1394515]
2009-05-09 17:49:31,917 ERROR: vampire.server.feeding.FeedingRecord sendPlayerStartGameMsg [playerId=93640, prey=true, _predatorIndex=]
2009-05-09 17:49:31,917 ERROR: vampire.server.feeding.FeedingRecord sendPlayerStartGameMsg [playerId=859282, prey=false, _predatorIndex=]
2009-05-09 17:49:45,979 ERROR: vampire.server.feeding.FeedingRecord sendPlayerStartGameMsg [playerId=835426, prey=true, _predatorIndex=]
2009-05-09 17:49:45,980 ERROR: vampire.server.feeding.FeedingRecord sendPlayerStartGameMsg [playerId=1351488, prey=false, _predatorIndex=]
2009-05-09 17:49:46,581 ERROR: vampire.server.feeding.FeedingRecord sendPlayerStartGameMsg [playerId=86131, prey=false, _predatorIndex=380197,1394515,1351488]

>>>>BeginStats

>>>>BeginTable
PlayerId, StartTime, EndTime, ProgenyPayout, XPFromFeeding, FeedingGames, MeanFeedingScore, BloodBond, Progeny, GrandProgeny, Sire, Level, Invites
1021278, , , 12.5, 0, 0, 0, 0, 2, 2, 452296, , 
103033, 1241912809664, 1241913883376, 0, 841, 3, 214.33333333333334, 767143, 18, 14, 81899, 7, 1
103634, , , 39.300000000000004, 0, 0, 0, 0, 1, 2, 369681, , 
1043, 1241912172010, 1241912175504, 0, 0, 0, 0, 453, 6, 3, 12, 13, 3
1047840, 1241913588449, , 0, 732, 4, 216.25, 1106386, 7, 0, 408501, 6, 1
104890, 1241915085895, 1241915287027, 0, 121, 1, 121, 0, 1, 0, 22707, 4, 0
1062, 1241913287055, 1241913316664, 451.55000000000007, 1371, 7, 284, 54776, 13, 10, 713, 17, 2
10642, , , 24.1, 0, 0, 0, 0, 34, 10, 351598, , 
108338, , , 140.70000000000002, 0, 0, 0, 0, 1, 6, 288860, , 
1084434, 1241910654804, 1241911694408, 0, 1502, 7, 134, 1892, 0, 0, 54776, 3, 
1092321, , , 85.05, 0, 0, 0, 0, 33, 10, 35568, , 
1092398, 1241913873690, 1241914648887, 0, 878, 6, 155.66666666666666, 0, 0, 0, 1204358, 1, 
110735, 1241912708142, 1241913431657, 0, 0, 0, 0, 1255618, 0, 0, 408501, 3, 
1111437, 1241913755123, 1241913826076, 0, 0, 0, 0, 0, 2, 0, 70997, 2, 
1120688, 1241915402200, , 0, 1058, 7, 136.42857142857142, 0, 0, 0, 543921, 2, 0
1122449, , , 28.2, 0, 0, 0, 0, 15, 1, 555728, , 
1124156, 1241914276890, 1241914645095, 106.9, 476, 2, 358, 269484, 11, 2, 184671, 9, 3
113237, , , 97.15000000000002, 0, 0, 0, 0, 9, 17, 10642, , 
114461, 1241912989364, 1241913878801, 0, 203, 2, 101.5, 0, 2, 2, 390995, 4, 0
11460, , , 219, 0, 0, 0, 0, 1, 15, 41022, , 
1148098, , , 25, 0, 0, 0, 0, 2, 3, 1021278, , 
1163664, 1241915685737, 1241915742326, 0, 0, 0, 0, 0, 0, 0, 1255018, 1, 
1181562, 1241916333149, 1241916343709, 0, 0, 0, 0, 0, 0, 0, 0, 1, 
1199648, 1241912465309, 1241913102920, 0, 0, 0, 0, 0, 2, 0, 394001, 4, 1
12, , , 143.64999999999998, 0, 0, 0, 0, 20, 44, 383387, , 
1204358, 1241912719663, 1241916544825, 87.6, 1556, 12, 105.66666666666667, 0, 2, 0, 1062, 2, 
1207789, 1241916425981, 1241916449225, 0, 0, 0, 0, 0, 0, 0, 0, 1, 
1208580, , , 38.300000000000004, 0, 0, 0, 0, 1, 0, 885698, , 
1211786, 1241914313863, 1241914330148, 0, 0, 0, 0, 0, 0, 0, 0, 1, 
1223024, 1241912192450, 1241912682246, 0, 250, 2, 136, 0, 3, 2, 1148098, 2, 1
122718, 1241910612199, 1241910749072, 0, 0, 0, 0, 0, 0, 0, 0, 1, 
1254632, 1241915484171, 1241915940017, 0, 78, 1, 61, 0, 0, 0, 0, 1, 
1255618, 1241915129337, 1241916491662, 14.600000000000001, 564, 4, 159.5, 110735, 3, 1, 206148, 4, 
1265, , , 69.85, 0, 0, 0, 0, 2, 31, 12, , 
126757, 1241913795321, 1241914051489, 0, 130, 1, 130, 0, 0, 0, 0, 1, 
1275561, 1241912251831, 1241912951649, 0, 176, 1, 184, 0, 1, 0, 772113, 3, 
1279761, 1241915214890, , 0, 1513, 9, 172, 0, 0, 0, 171513, 4, 0
1283335, 1241911478812, 1241912629761, 0, 627, 4, 174.75, 0, 0, 0, 0, 2, 
1285504, 1241916570234, 1241916586384, 0, 0, 0, 0, 1346597, 4, 0, 1241857, 4, 3
129076, 1241912463187, 1241912472928, 0, 0, 0, 0, 0, 0, 0, 0, 1, 
1299774, 1241912925016, 1241913255841, 0, 102, 1, 102, 0, 0, 0, 0, 1, 
1304810, 1241915471365, 1241915544935, 0, 0, 0, 0, 0, 0, 0, 103033, 1, 
1309580, 1241911690102, 1241912566112, 0, 240, 2, 123, 0, 0, 0, 1204358, 1, 
1314704, 1241915481032, 1241915503986, 0, 0, 0, 0, 0, 0, 0, 0, 1, 
1328683, 1241911662913, 1241911789947, 0, 0, 0, 0, 0, 0, 0, 522720, 1, 
1329831, 1241916126751, , 0, 93, 1, 93, 0, 0, 0, 0, 1, 0
1351488, 1241915797965, , 0, 298, 2, 148, 0, 0, 0, 0, 1, 0
1358455, 1241913913886, 1241914284326, 0, 0, 0, 0, 0, 0, 0, 47154, 2, 
1358947, 1241911710529, 1241911747751, 0, 0, 0, 0, 0, 0, 0, 0, 1, 
1361827, 1241914583655, 1241915543981, 0, 419, 4, 104.75, 0, 0, 0, 0, 1, 
1392006, 1241916426737, 1241916491639, 0, 0, 0, 0, 0, 0, 0, 0, 1, 
1394515, 1241916133579, , 0, 208, 2, 104, 0, 0, 0, 0, 1, 0
1397345, 1241912958693, 1241912997752, 0, 0, 0, 0, 0, 0, 0, 0, 1, 
1399577, 1241912421338, 1241915265054, 22.700000000000003, 2909, 13, 160.92307692307693, 0, 1, 0, 1062, 2, 
1400516, 1241915129014, 1241915143424, 0, 0, 0, 0, 0, 0, 0, 0, 1, 
1400665, 1241915809981, 1241916283146, 0, 213, 2, 132, 0, 0, 0, 1255618, 1, 
1400876, 1241914770193, 1241914780015, 0, 0, 0, 0, 0, 0, 0, 0, 1, 
1401271, 1241916524985, 1241916542784, 0, 0, 0, 0, 0, 0, 0, 0, 1, 
147367, 1241915638839, 1241915652728, 0, 0, 0, 0, 0, 0, 0, 156489, 1, 0
156489, , , 35.6, 0, 0, 0, 0, 16, 17, 713, , 
157713, , , 7.800000000000001, 0, 0, 0, 0, 4, 0, 58859, , 
159950, 1241915741602, 1241916098724, 0, 711, 4, 156.25, 0, 0, 0, 840880, 1, 
161001, , , 34.2, 0, 0, 0, 0, 1, 2, 377820, , 
166, , , 184.79999999999998, 0, 0, 0, 0, 6, 1, 578, , 
16825, 1241911172613, 1241911701829, 0, 895, 3, 298.3333333333333, 0, 14, 10, 4139, 6, 1
168426, 1241912256745, 1241912365730, 0, 0, 0, 0, 0, 1, 0, 164243, 4, 0
170191, , , 75.65, 0, 0, 0, 0, 3, 11, 202873, , 
170934, , , 9.1, 0, 0, 0, 0, 7, 9, 49732, , 
171513, , , 175.10000000000002, 0, 0, 0, 0, 11, 1, 170191, , 
176400, 1241912049921, , 239.70000000000002, 3785, 17, 272.8235294117647, 0, 17, 0, 21067, 7, 5
177501, 1241912107366, 1241912496051, 0, 100, 1, 101, 0, 1, 0, 298229, 4, 
181253, 1241911500596, 1241913107786, 0, 393, 2, 176.5, 0, 2, 0, 103634, 7, 3
181264, , , 10.850000000000001, 0, 0, 0, 0, 2, 1, 3812, , 
182539, 1241914146969, 1241916071643, 0, 1009, 5, 225.8, 0, 4, 0, 879079, 3, 
184671, , , 101.05000000000001, 0, 0, 0, 0, 1, 11, 171513, , 
1892, 1241913344660, 1241913520461, 0, 1502, 7, 294.7142857142857, 1084434, 23, 7, 995, 12, 2
191409, 1241913333843, 1241913814480, 0, 227, 2, 106, 0, 0, 0, 1399577, 1, 
192080, , , 33.1, 0, 0, 0, 0, 2, 10, 220964, , 
196543, , , 50.449999999999996, 0, 0, 0, 0, 6, 2, 32314, , 
197080, , , 7.95, 0, 0, 0, 0, 4, 1, 110178, , 
205535, 1241914506870, 1241914837363, 0, 0, 0, 0, 0, 2, 2, 95479, 7, 2
206148, , , 63.7, 0, 0, 0, 0, 1, 3, 1122449, , 
206273, 1241915774784, , 0, 2397, 12, 237.5, 0, 0, 0, 176400, 3, 0
21067, , , 498.35000000000014, 0, 0, 0, 0, 3, 17, 302907, , 
213087, 1241914650944, 1241914756530, 0, 0, 0, 0, 0, 0, 0, 258951, 2, 0
220964, , , 16.55, 0, 0, 0, 0, 5, 3, 143501, , 
224560, 1241911882680, 1241911991646, 0, 0, 0, 0, 0, 2, 0, 132334, 3, 1
22707, , , 12.100000000000001, 0, 0, 0, 0, 7, 13, 8842, , 
228764, , , 15.9, 0, 0, 0, 0, 1, 2, 197080, , 
238812, 1241911530996, 1241912714163, 0, 331, 2, 214.5, 546831, 10, 6, 192080, 5, 2
246491, 1241911977505, 1241912276849, 0, 0, 0, 0, 0, 0, 0, 336524, 1, 0
249956, 1241914256521, 1241915674132, 0, 1798, 8, 193.25, 0, 0, 0, 166, 3, 
256746, , , 34.05, 0, 0, 0, 0, 5, 30, 61984, , 
258951, , , 139.7, 0, 0, 0, 0, 25, 13, 1265, , 
261716, , , 21.700000000000003, 0, 0, 0, 0, 1, 1, 181264, , 
276754, 1241914016646, 1241914062254, 0, 0, 0, 0, 0, 0, 0, 0, 1, 
295991, , , 68.4, 0, 0, 0, 0, 2, 4, 161001, , 
298229, , , 10, 0, 0, 0, 0, 1, 1, 166, , 
298666, 1241916405831, , 0, 0, 0, 0, 868186, 9, 2, 259344, 8, 4
302907, , , 189.25000000000003, 0, 0, 0, 0, 2, 3, 283855, , 
311783, 1241911134971, 1241913583810, 140.55, 1641, 6, 406, 0, 15, 4, 11460, 10, 7
321891, 1241910632343, 1241913454629, 61.5, 1349, 11, 106.63636363636364, 0, 1, 0, 311783, 4, 0
32314, , , 61.10000000000001, 0, 0, 0, 0, 10, 6, 40508, , 
328907, 1241911083278, 1241914151643, 0, 624, 6, 94.5, 0, 0, 0, 321891, 1, 
335645, 1241913862191, 1241914031652, 0, 0, 0, 0, 0, 0, 0, 297654, 1, 
336024, , , 23.1, 0, 0, 0, 0, 1, 4, 510740, , 
336620, 1241915104481, , 0, 78, 1, 95, 0, 0, 0, 157713, 2, 0
36377, 1241913207566, 1241914967028, 0, 1784, 6, 378.8333333333333, 0, 4, 8, 453809, 10, 3
369681, , , 19.650000000000002, 0, 0, 0, 0, 2, 1, 1704, , 
372887, , , 89.2, 0, 0, 0, 0, 1, 1, 386780, , 
380197, 1241915620416, , 0, 684, 5, 134.4, 0, 4, 0, 295991, 4, 10
384125, 1241912060014, 1241914388128, 0, 159, 1, 108, 0, 2, 0, 228764, 2, 0
384703, 1241915868221, 1241916070631, 0, 0, 0, 0, 0, 2, 7, 338481, 4, 0
387496, 1241915407853, 1241915999118, 0, 0, 0, 0, 0, 1, 0, 82377, 3, 1
388615, , , 10.15, 0, 0, 0, 0, 1, 2, 395687, , 
390995, , , 20.3, 0, 0, 0, 0, 2, 2, 388615, , 
391630, 1241912944688, 1241914992914, 0, 2814, 21, 121.9047619047619, 0, 0, 0, 64152, 3, 0
39180, 1241912045195, 1241912150016, 0, 0, 0, 0, 0, 8, 16, 68619, 7, 1
403770, 1241915740843, 1241915763727, 0, 0, 0, 0, 0, 0, 0, 64247, 4, 0
40508, , , 30.550000000000004, 0, 0, 0, 0, 1, 10, 23340, , 
408501, , , 73.2, 0, 0, 0, 0, 8, 7, 637936, , 
409641, 1241914889607, 1241916040526, 0, 182, 1, 182, 0, 0, 0, 98128, 3, 0
41022, , , 82.05000000000001, 0, 0, 0, 0, 2, 1, 412796, , 
4139, , , 89.5, 0, 0, 0, 0, 25, 14, 713, , 
430717, , , 68.1, 0, 0, 0, 0, 30, 1, 256746, , 
453809, , , 178.4, 0, 0, 0, 0, 1, 4, 372887, , 
510740, , , 8.8, 0, 0, 0, 0, 71, 3, 534632, , 
5212, , , 71.2, 0, 0, 0, 0, 17, 5, 156489, , 
543921, , , 170.1, 0, 0, 0, 0, 8, 0, 1092321, , 
54776, 1241913317131, 1241914624109, 170.2, 0, 0, 0, 1062, 83, 37, 89757, 16, 3
561727, 1241912477413, 1241913697533, 0, 383, 3, 133.66666666666666, 0, 0, 0, 1208580, 3, 
578, , , 89.89999999999999, 0, 0, 0, 0, 1, 6, 12770, , 
57863, 1241912133961, 1241912813368, 0, 643, 4, 143, 0, 0, 0, 543921, 2, 0
58859, , , 3.9000000000000004, 0, 0, 0, 0, 11, 4, 396113, , 
637936, , , 36.6, 0, 0, 0, 0, 3, 8, 217283, , 
64152, , , 281.40000000000003, 0, 0, 0, 0, 6, 0, 108338, , 
64748, 1241910604159, 1241910779132, 0, 0, 0, 0, 0, 0, 0, 66537, 2, 
695462, 1241911177793, 1241911192677, 0, 0, 0, 0, 0, 0, 0, 0, 1, 
713, , , 380.05, 0, 0, 0, 0, 11, 55, 12, , 
733513, 1241911188263, 1241911198715, 0, 0, 0, 0, 0, 0, 0, 0, 1, 
74372, , , 46.2, 0, 0, 0, 0, 4, 7, 336024, , 
74653, 1241916060917, , 0, 462, 2, 221, 0, 0, 0, 74372, 4, 0
748546, 1241916274741, 1241916291273, 0, 0, 0, 0, 0, 0, 0, 0, 1, 
769463, 1241913585055, , 0, 681, 4, 158.5, 208692, 1, 0, 430717, 4, 0
769849, 1241915204209, , 0, 200, 2, 165.5, 0, 1, 0, 54776, 4, 0
772113, , , 17.6, 0, 0, 0, 0, 1, 1, 510740, , 
78233, 1241912860799, 1241912951647, 0, 0, 0, 0, 0, 0, 0, 54776, 3, 
79588, 1241915745107, 1241915760346, 0, 0, 0, 0, 0, 0, 0, 33511, 1, 0
802319, , , 42.050000000000004, 0, 0, 0, 0, 2, 6, 773108, , 
81899, , , 84.10000000000001, 0, 0, 0, 0, 6, 18, 802319, , 
822174, 1241910607220, 1241911207769, 0, 0, 0, 0, 0, 0, 0, 176400, 1, 
825362, 1241912331957, 1241912541225, 0, 0, 0, 0, 0, 0, 0, 68238, 1, 
835426, 1241916534114, , 0, 0, 0, 0, 0, 2, 1, 1092321, 3, 0
836050, 1241915880549, , 130.2, 482, 2, 365.5, 592692, 17, 7, 113237, 8, 2
840880, 1241912802437, 1241913338999, 64.60000000000001, 979, 5, 115.4, 0, 1, 0, 836050, 3, 
859282, 1241916204791, , 0, 217, 1, 105, 0, 1, 0, 261716, 3, 0
86131, 1241916473061, , 0, 1291, 7, 124.42857142857143, 0, 0, 0, 1124156, 2, 0
879079, , , 100.89999999999999, 0, 0, 0, 0, 2, 4, 196543, , 
8842, , , 6.050000000000001, 0, 0, 0, 0, 12, 7, 1531, , 
885698, , , 19.150000000000002, 0, 0, 0, 0, 4, 1, 836050, , 
89757, , , 85.1, 0, 0, 0, 0, 3, 83, 20260, , 
90041, 1241914123248, 1241915351631, 0, 1397, 4, 398.75, 175933, 10, 10, 258951, 12, 14
910170, 1241915545637, , 0, 611, 3, 110, 0, 0, 0, 32314, 1, 0
92509, 1241915656400, 1241916476820, 0, 712, 3, 238, 0, 5, 0, 5212, 6, 3
93640, 1241915910569, , 0, 0, 0, 0, 0, 1, 0, 86926, 4, 0
98128, , , 18.2, 0, 0, 0, 0, 9, 2, 170934, , 
995, , , 150.2, 0, 0, 0, 0, 13, 23, 12, , 
<<<<EndTable

PlayersOnlineNow=20
PlayersOnlineEachMinute=0, 13, 13, 10, 9, 9, 9, 10, 9, 11, 13, 12, 13, 13, 13, 15, 16, 16, 18, 17, 15, 16, 16, 17, 16, 20, 19, 20, 22, 23, 21, 21, 22, 20, 18, 17, 18, 20, 21, 21, 21, 20, 18, 18, 18, 18, 19, 19, 17, 16, 18, 18, 17, 18, 14, 14, 15, 16, 14, 14, 14, 15, 16, 15, 14, 15, 16, 17, 15, 15, 14, 11, 12, 12, 12, 12, 14, 16, 15, 14, 14, 15, 17, 16, 18, 18, 19, 20, 23, 23, 23, 22, 19, 21, 22, 21, 21, 21, 22, 21
PlayersInEachFeedingGame=1, 1, 1, 1, 2, 1, 1, 1, 1, 2, 1, 2, 2, 3, 1, 2, 2, 1, 2, 2, 3, 2, 1, 2, 1, 1, 2, 1, 1, 2, 1, 2, 2, 1, 2, 2, 2, 2, 2, 2, 2, 2, 2, 2, 2, 1, 2, 2, 2, 2, 1, 2, 1, 2, 1, 2, 1, 2, 1, 2, 2, 2, 2, 1, 2, 2, 1, 1, 2, 2, 1, 1, 1, 1, 2, 2, 1, 2, 1, 1, 2, 2, 1, 2, 2, 2, 1, 2, 2, 1, 1, 1, 2, 2, 1, 2, 2, 1, 1, 1, 1, 1, 1, 2, 2, 2, 1, 2, 2, 2, 1, 2, 2, 2, 2, 1, 1, 2, 2, 1, 2, 2, 1, 1, 1, 2, 2, 1, 2, 1, 1, 2, 2
PlayersStarted=138
PlayersQuit=118
StatsStartTime=1241910601956
StatsDumpTime=1241916602262
<<<<EndStats
2009-05-09 17:51:00,419 ERROR: vampire.server.feeding.FeedingRecord sendPlayerStartGameMsg [playerId=392522, prey=true, _predatorIndex=]
2009-05-09 17:51:00,420 ERROR: vampire.server.feeding.FeedingRecord sendPlayerStartGameMsg [playerId=1394515, prey=false, _predatorIndex=]
2009-05-09 17:51:10,664 ERROR: vampire.server.feeding.FeedingRecord sendPlayerStartGameMsg [playerId=634607, prey=true, _predatorIndex=]
2009-05-09 17:51:10,665 ERROR: vampire.server.feeding.FeedingRecord sendPlayerStartGameMsg [playerId=1329831, prey=false, _predatorIndex=]
2009-05-09 17:51:20,262 ERROR: vampire.server.feeding.FeedingRecord sendPlayerStartGameMsg [playerId=380197, prey=false, _predatorIndex=1329831]
2009-05-09 17:51:52,435 ERROR: vampire.server.feeding.FeedingRecord sendPlayerStartGameMsg [playerId=176400, prey=false, _predatorIndex=]
2009-05-09 17:52:14,814 ERROR: vampire.server.feeding.FeedingRecord sendPlayerStartGameMsg [playerId=86131, prey=false, _predatorIndex=380197,1394515,1351488,86131]
2009-05-09 17:53:46,147 ERROR: vampire.server.feeding.FeedingRecord sendPlayerStartGameMsg [playerId=1329831, prey=false, _predatorIndex=]
2009-05-09 17:55:16,281 ERROR: vampire.server.feeding.FeedingRecord sendPlayerStartGameMsg [playerId=1298136, prey=true, _predatorIndex=]
2009-05-09 17:55:16,282 ERROR: vampire.server.feeding.FeedingRecord sendPlayerStartGameMsg [playerId=1281412, prey=false, _predatorIndex=]
2009-05-09 17:55:31,993 ERROR: vampire.server.feeding.FeedingRecord sendPlayerStartGameMsg [playerId=380197, prey=false, _predatorIndex=380197,1394515,1351488,86131]
2009-05-09 17:55:49,226 ERROR: vampire.server.feeding.FeedingRecord sendPlayerStartGameMsg [playerId=1351488, prey=false, _predatorIndex=1281412]
2009-05-09 17:55:54,700 ERROR: vampire.server.feeding.FeedingRecord sendPlayerStartGameMsg [playerId=74653, prey=false, _predatorIndex=]
2009-05-09 17:56:12,902 ERROR: vampire.server.feeding.FeedingRecord sendPlayerStartGameMsg [playerId=298666, prey=true, _predatorIndex=]
2009-05-09 17:56:12,903 ERROR: vampire.server.feeding.FeedingRecord sendPlayerStartGameMsg [playerId=1351488, prey=false, _predatorIndex=]
2009-05-09 17:56:26,685 ERROR: vampire.server.feeding.FeedingRecord sendPlayerStartGameMsg [playerId=1329831, prey=true, _predatorIndex=]
2009-05-09 17:56:26,685 ERROR: vampire.server.feeding.FeedingRecord sendPlayerStartGameMsg [playerId=380197, prey=false, _predatorIndex=]
2009-05-09 17:56:35,529 ERROR: vampire.server.feeding.FeedingRecord sendPlayerStartGameMsg [playerId=3200, prey=true, _predatorIndex=]
2009-05-09 17:56:35,530 ERROR: vampire.server.feeding.FeedingRecord sendPlayerStartGameMsg [playerId=836050, prey=false, _predatorIndex=]
2009-05-09 17:56:42,011 ERROR: vampire.server.feeding.FeedingRecord sendPlayerStartGameMsg [playerId=93640, prey=false, _predatorIndex=836050]
2009-05-09 17:56:57,218 ERROR: vampire.server.feeding.FeedingRecord sendPlayerStartGameMsg [playerId=859282, prey=false, _predatorIndex=836050,93640]
2009-05-09 17:57:19,642 ERROR: vampire.server.feeding.FeedingRecord sendPlayerStartGameMsg [playerId=1162584, prey=true, _predatorIndex=]
2009-05-09 17:57:19,643 ERROR: vampire.server.feeding.FeedingRecord sendPlayerStartGameMsg [playerId=176400, prey=false, _predatorIndex=]
2009-05-09 17:59:33,102 ERROR: vampire.server.feeding.FeedingRecord sendPlayerStartGameMsg [playerId=859282, prey=true, _predatorIndex=]
2009-05-09 17:59:33,103 ERROR: vampire.server.feeding.FeedingRecord sendPlayerStartGameMsg [playerId=836050, prey=false, _predatorIndex=]
2009-05-09 17:59:37,584 ERROR: vampire.server.feeding.FeedingRecord sendPlayerStartGameMsg [playerId=3200, prey=false, _predatorIndex=836050]
2009-05-09 17:59:40,809 ERROR: vampire.server.feeding.FeedingRecord sendPlayerStartGameMsg [playerId=380197, prey=false, _predatorIndex=]
2009-05-09 17:59:49,544 ERROR: vampire.server.feeding.FeedingRecord sendPlayerStartGameMsg [playerId=1400444, prey=false, _predatorIndex=836050,3200]
2009-05-09 17:59:55,061 ERROR: vampire.server.feeding.FeedingRecord sendPlayerStartGameMsg [playerId=93640, prey=false, _predatorIndex=836050,3200,1400444]

