
>>>>BeginStats

>>>>BeginTable
PlayerId, StartTime, EndTime, ProgenyPayout, XPFromFeeding, FeedingGames, MeanFeedingScore, BloodBond, Progeny, GrandProgeny, Sire, Level, Invites
1010692, 1241365439880, 1241366690750, 0, 1404, 5, 231.4, 70997, 14, 11, 70997, 6, 2
1012813, , , 667.9499999999999, 0, 0, 0, 0, 6, 14, 54776, , 
101493, 1241371239281, 1241371546778, 0, 0, 0, 0, 0, 2, 2, 52887, 4, 0
1021278, 1241365930855, 1241367246950, 0, 513, 3, 114.33333333333333, 0, 2, 1, 452296, 3, 
10260, , , 123.30000000000001, 0, 0, 0, 0, 7, 8, 713, , 
102613, , , 57.2, 0, 0, 0, 0, 1, 0, 39171, , 
1026504, 1241371534325, 1241371745294, 0, 231, 1, 143, 0, 0, 0, 0, 1, 
103144, , , 43.4, 0, 0, 0, 0, 5, 14, 116005, , 
1032648, 1241368790759, , 0, 1127, 9, 136.55555555555554, 0, 4, 0, 234337, 4, 4
103824, 1241363535500, 1241364482560, 0, 456, 3, 98, 0, 0, 0, 900329, 1, 
1042066, 1241365694374, 1241365904206, 0, 58, 1, 116, 0, 0, 0, 0, 1, 
1047840, 1241365886444, , 0, 855, 7, 133.14285714285714, 0, 1, 0, 408501, 4, 0
1058135, 1241372626496, 1241372635659, 0, 0, 0, 0, 0, 0, 0, 0, 1, 
106069, 1241371903092, 1241371908900, 0, 0, 0, 0, 236834, 14, 11, 236834, 7, 1
1062231, 1241363632508, 1241364607101, 0, 226, 2, 102.5, 0, 0, 0, 218716, 2, 
1062853, 1241363561217, 1241366911954, 320.65000000000003, 3829, 17, 321.4117647058824, 1138895, 7, 4, 1124214, 5, 1
1063171, 1241370118144, 1241370231657, 0, 0, 0, 0, 0, 0, 0, 0, 1, 
10642, 1241372011894, , 52.4, 2131, 4, 659.5, 447249, 29, 44, 351598, 15, 2
1071139, 1241366213054, 1241366520771, 0, 267, 1, 267, 0, 0, 0, 153097, 1, 
1071856, 1241373298898, , 0, 106, 1, 108, 0, 0, 0, 1124214, 1, 0
1075275, 1241363827819, 1241363841803, 0, 0, 0, 0, 0, 0, 0, 0, 1, 
1078621, 1241371434885, 1241373176307, 0, 1367, 7, 162.85714285714286, 0, 0, 0, 285205, 2, 
108338, , , 7.800000000000001, 0, 0, 0, 0, 1, 5, 288860, , 
1083829, 1241372601475, 1241372608174, 0, 0, 0, 0, 0, 0, 0, 0, 1, 
1084285, 1241363472031, 1241364759889, 0, 442, 3, 111, 900329, 0, 0, 769463, 3, 
1084473, 1241371806347, 1241371819234, 0, 259, 2, 97.5, 0, 0, 0, 164943, 1, 
1088402, 1241370254147, 1241372226984, 0, 2379, 7, 223.57142857142858, 0, 0, 0, 43386, 3, 
1088819, 1241370128050, 1241370473136, 0, 83, 1, 83, 0, 0, 0, 0, 1, 
1089041, 1241372442598, 1241372857194, 0, 0, 0, 0, 0, 0, 0, 0, 1, 
1090116, 1241372893238, , 0, 213, 3, 105.33333333333333, 0, 0, 0, 24814, 1, 0
1090442, , , 77.75, 0, 0, 0, 0, 3, 5, 797824, , 
1091986, 1241370460954, 1241372159344, 0, 1912, 11, 177.72727272727272, 0, 0, 0, 438751, 3, 
1092321, , , 713.55, 0, 0, 0, 0, 23, 16, 35568, , 
1100589, 1241372328092, 1241372368727, 0, 0, 0, 0, 0, 0, 0, 0, 1, 
110178, , , 133.8, 0, 0, 0, 0, 6, 11, 12770, , 
1107337, 1241372160507, 1241372873046, 0, 516, 3, 143, 0, 0, 0, 285205, 1, 
1111833, 1241367552408, 1241368572077, 0, 384, 2, 126.5, 0, 0, 0, 1192337, 1, 
111249, , , 12.150000000000002, 0, 0, 0, 0, 2, 9, 188370, , 
1112543, 1241368589336, 1241369573763, 0, 543, 4, 135.25, 0, 0, 0, 0, 1, 
1112884, 1241368233216, 1241371512143, 0, 621, 3, 158.66666666666666, 0, 0, 0, 1148755, 1, 
1113223, 1241364431467, 1241364475666, 0, 0, 0, 0, 0, 0, 0, 0, 1, 
1114884, 1241363823720, 1241364320786, 0, 534, 2, 267, 0, 1, 0, 998652, 2, 
1115045, 1241369372924, 1241369632164, 0, 137, 1, 111, 0, 0, 0, 0, 1, 
1115214, 1241363581746, 1241363595599, 0, 0, 0, 0, 0, 0, 0, 0, 1, 
1119819, 1241373361374, , 0, 191, 1, 74, 0, 0, 0, 2108, 1, 0
1120022, 1241370337281, 1241370363735, 0, 0, 0, 0, 0, 0, 0, 0, 1, 
112136, 1241371677520, 1241372493610, 0, 130, 1, 109, 0, 0, 0, 8938, 1, 
1122449, , , 269.20000000000005, 0, 0, 0, 0, 5, 5, 555728, , 
1124214, , , 677.45, 0, 0, 0, 0, 5, 7, 1122449, , 
112535, 1241372690369, 1241373020854, 0, 1092, 4, 302.25, 0, 1, 1, 430717, 4, 0
112616, 1241366439715, 1241369251147, 0, 2647, 16, 124.5625, 0, 0, 0, 174027, 3, 0
1128158, 1241367711648, 1241369376029, 0, 1109, 6, 181.66666666666666, 0, 0, 0, 0, 2, 
1129268, 1241370372567, 1241370821308, 0, 148, 2, 87.5, 0, 0, 0, 0, 1, 
113237, , , 51.8, 0, 0, 0, 0, 9, 7, 10642, , 
1136491, 1241371027567, 1241371363169, 0, 53, 1, 105, 0, 0, 0, 0, 1, 
113794, , , 127.4, 0, 0, 0, 0, 3, 5, 94657, , 
1138551, 1241366648803, 1241367132199, 0, 183, 1, 134, 0, 0, 0, 1138895, 1, 
1138895, 1241365420797, 1241367132201, 18.3, 2758, 15, 164, 1062853, 1, 0, 227147, 2, 1
1138962, 1241366713187, 1241366999376, 0, 0, 0, 0, 0, 0, 0, 153097, 1, 
1139739, 1241364444587, 1241364577805, 0, 0, 0, 0, 0, 0, 0, 0, 1, 
1140298, 1241370655338, 1241370670572, 0, 0, 0, 0, 0, 0, 0, 0, 1, 
1144457, 1241369111822, 1241369659827, 0, 61, 1, 121, 0, 0, 0, 0, 1, 
1145599, 1241368477697, 1241368834801, 0, 0, 0, 0, 0, 0, 0, 0, 1, 
1145721, 1241366033774, 1241366333715, 0, 0, 0, 0, 0, 0, 0, 0, 1, 
1146252, 1241372006277, 1241372790187, 0, 596, 3, 216, 1192337, 1, 0, 3811, 5, 1
1148755, 1241369808526, 1241371572176, 339.45000000000005, 2274, 12, 244.75, 0, 7, 1, 1092321, 4, 1
1151112, 1241364067150, 1241364210802, 0, 0, 0, 0, 0, 0, 0, 0, 1, 
1152015, 1241372413749, 1241372716637, 0, 132, 1, 132, 0, 0, 0, 0, 1, 
1152360, 1241373323362, 1241373584858, 0, 428, 3, 159, 0, 0, 0, 70997, 2, 
1152639, 1241372165546, 1241373082906, 0, 180, 2, 90, 0, 0, 0, 0, 1, 
1153074, 1241372525119, 1241372545621, 0, 0, 0, 0, 0, 0, 0, 0, 1, 
1155229, 1241367661555, 1241367680501, 0, 0, 0, 0, 0, 0, 0, 0, 1, 
1156485, 1241365583832, 1241368956532, 0, 993, 9, 100.33333333333333, 141044, 0, 0, 1092321, 2, 
1158005, 1241365366542, 1241367805062, 0, 877, 7, 132.42857142857142, 0, 0, 0, 1192337, 1, 
1158201, 1241364638173, 1241364731174, 0, 0, 0, 0, 0, 0, 0, 0, 1, 
1161674, 1241367295006, 1241367392838, 0, 0, 0, 0, 0, 0, 0, 0, 1, 
116180, 1241368477258, 1241368932295, 0, 285, 2, 95.5, 0, 0, 0, 0, 1, 
1162413, 1241371958228, 1241372852955, 0, 1881, 9, 177, 0, 0, 0, 79942, 2, 
1162674, 1241367748629, 1241367757556, 0, 0, 0, 0, 0, 0, 0, 0, 1, 
1167794, 1241372383220, , 0, 332, 3, 84.33333333333333, 0, 0, 0, 1192337, 1, 0
1168478, 1241367209202, 1241369726791, 0, 1449, 8, 149, 0, 0, 0, 1124214, 2, 
1169237, 1241368079976, 1241369592866, 0, 384, 4, 124.5, 0, 0, 0, 0, 1, 
1170410, 1241366281422, 1241368327162, 0, 1083, 9, 104.11111111111111, 0, 0, 0, 944429, 2, 
1172363, 1241370687977, 1241370997095, 0, 114, 1, 114, 0, 0, 0, 0, 1, 
1172947, 1241367034264, 1241367153909, 0, 0, 0, 0, 0, 0, 0, 0, 1, 
1174957, 1241369149225, 1241369157538, 0, 0, 0, 0, 0, 0, 0, 0, 1, 
1176371, 1241365791628, 1241365812426, 0, 0, 0, 0, 0, 0, 0, 0, 1, 
1177993, 1241369909953, 1241370007853, 0, 0, 0, 0, 0, 0, 0, 0, 1, 
1178289, 1241367629908, 1241367979135, 0, 224, 2, 134.5, 0, 0, 0, 0, 1, 
1178563, 1241363832811, 1241364003419, 0, 0, 0, 0, 0, 0, 0, 0, 1, 
1180760, 1241369833699, 1241371352353, 0, 1356, 8, 125.375, 0, 0, 0, 1148755, 2, 
1185505, 1241371722744, 1241371747674, 0, 0, 0, 0, 0, 0, 0, 0, 1, 
1190294, 1241366299482, 1241366536196, 0, 126, 1, 146, 0, 0, 0, 31330, 1, 
1190989, 1241371823663, 1241372563633, 0, 408, 3, 139.33333333333334, 0, 0, 0, 611789, 1, 
1192267, 1241370549386, 1241371429635, 0, 584, 3, 178.66666666666666, 0, 0, 0, 153097, 1, 
1192337, 1241371713429, , 362.40000000000003, 4899, 23, 252.56521739130434, 1146252, 10, 1, 1012813, 4, 0
1192866, 1241365989423, 1241366242447, 0, 499, 1, 113, 0, 0, 0, 307471, 1, 
119842, , , 11.600000000000001, 0, 0, 0, 0, 7, 0, 351626, , 
1199316, 1241369552372, 1241370912185, 0, 629, 5, 109.8, 0, 0, 0, 1192337, 1, 
1199581, 1241367760698, 1241367939065, 0, 0, 0, 0, 0, 0, 0, 0, 1, 
1199882, 1241370667395, 1241371066056, 0, 124, 1, 124, 0, 0, 0, 0, 1, 
1199973, 1241371113429, 1241371119032, 0, 0, 0, 0, 0, 0, 0, 0, 1, 
12, , , 343.45, 0, 0, 0, 0, 20, 123, 383387, , 
1200065, 1241364369251, 1241364446777, 0, 0, 0, 0, 0, 0, 0, 0, 1, 
1200560, 1241365962725, 1241365994158, 0, 0, 0, 0, 0, 0, 0, 0, 1, 
1201160, 1241368287135, 1241372832118, 0, 1022, 9, 114.44444444444444, 0, 0, 0, 562060, 2, 
1201508, 1241364617000, 1241364623482, 0, 0, 0, 0, 0, 0, 0, 0, 1, 
1201558, 1241372019735, 1241372930048, 0, 265, 2, 126.5, 0, 0, 0, 0, 1, 
1201803, 1241364745996, 1241365032209, 0, 172, 1, 172, 0, 0, 0, 0, 1, 
1202406, 1241366979532, 1241367237999, 0, 0, 0, 0, 0, 0, 0, 0, 1, 
1202977, 1241370425620, 1241370429659, 0, 0, 0, 0, 0, 0, 0, 0, 1, 
1203117, 1241373590190, , 0, 0, 0, 0, 0, 0, 0, 0, 1, 0
1203198, 1241367247712, 1241367259321, 0, 0, 0, 0, 0, 0, 0, 0, 1, 
1203489, 1241367200393, 1241367249205, 0, 0, 0, 0, 0, 0, 0, 0, 1, 
1203966, 1241370801761, 1241370844476, 0, 0, 0, 0, 0, 0, 0, 0, 1, 
1204015, 1241367543787, 1241367583312, 0, 0, 0, 0, 0, 0, 0, 0, 1, 
1205090, 1241371953115, 1241371983127, 0, 0, 0, 0, 0, 0, 0, 0, 1, 
1205841, 1241369622803, 1241369841451, 0, 61, 1, 61, 0, 0, 0, 0, 1, 
1205961, 1241369710954, 1241369720207, 0, 0, 0, 0, 0, 0, 0, 307471, 1, 
1206002, 1241370785418, 1241370910250, 0, 0, 0, 0, 0, 0, 0, 0, 1, 
1206811, 1241370774981, 1241370802187, 0, 0, 0, 0, 0, 0, 0, 307471, 1, 
1206964, 1241370908441, 1241371498573, 0, 164, 1, 171, 0, 0, 0, 0, 1, 
1207233, 1241371192462, 1241371759502, 0, 199, 2, 99.5, 0, 0, 0, 0, 1, 
1208002, 1241373024291, 1241373040944, 0, 0, 0, 0, 0, 0, 0, 0, 1, 
1208016, 1241373543944, 1241373544561, 0, 0, 0, 0, 0, 0, 0, 0, 1, 
1208662, 1241372781792, 1241372832116, 0, 0, 0, 0, 0, 0, 0, 0, 1, 
1208752, 1241372926306, 1241373026310, 0, 0, 0, 0, 0, 0, 0, 0, 1, 
123794, , , 29.400000000000002, 0, 0, 0, 0, 1, 1, 351430, , 
124585, 1241371619213, 1241372570834, 14.45, 0, 0, 0, 0, 5, 7, 143278, 7, 1
125207, 1241368082925, 1241368093728, 0, 0, 0, 0, 273503, 1, 0, 544643, 4, 0
1265, 1241370797329, 1241371170441, 31.5, 0, 0, 0, 0, 14, 32, 12, 16, 3
12770, , , 23.6, 0, 0, 0, 0, 23, 75, 383387, , 
129205, 1241373120790, , 0, 439, 4, 98, 0, 0, 0, 227806, 1, 0
129590, 1241371922772, 1241373046347, 0, 156, 1, 140, 0, 1, 0, 64152, 3, 4
130244, , , 118.95000000000002, 0, 0, 0, 0, 3, 10, 237967, , 
130627, 1241366357532, 1241369308232, 0, 2475, 12, 216.83333333333334, 0, 8, 22, 85079, 11, 5
131355, 1241370829625, 1241370869145, 0, 0, 0, 0, 0, 1, 2, 461901, 4, 0
131657, 1241368095664, 1241368099147, 0, 0, 0, 0, 0, 0, 0, 0, 1, 0
135027, 1241373269685, , 0, 0, 0, 0, 0, 0, 0, 34495, 2, 2
138064, 1241368910070, 1241369155396, 0, 0, 0, 0, 0, 0, 0, 12791, 4, 0
1408, 1241370878181, 1241371272166, 0, 196, 1, 212, 0, 0, 0, 413249, 2, 
141044, 1241367807547, 1241371546780, 0, 2407, 14, 198.35714285714286, 1156485, 0, 0, 152578, 2, 
141364, , , 25.5, 0, 0, 0, 0, 6, 2, 16514, , 
142394, 1241368465895, 1241368677364, 0, 101, 1, 103, 0, 0, 0, 63951, 1, 0
143538, , , 33.7, 0, 0, 0, 0, 2, 23, 1531, , 
145609, 1241373231918, , 0, 0, 0, 0, 369307, 5, 4, 92300, 4, 0
147628, 1241373500132, , 0, 0, 0, 0, 0, 6, 3, 63846, 5, 2
150179, 1241371367102, 1241372052167, 0, 265, 2, 132.5, 0, 1, 0, 10642, 4, 0
151187, 1241371933592, 1241372325187, 0, 107, 1, 107, 0, 0, 0, 0, 1, 0
152578, 1241368804624, , 126.65000000000002, 1547, 9, 181.11111111111111, 238356, 2, 1, 208699, 4, 1
153097, 1241365352280, 1241367722573, 85.10000000000001, 2781, 14, 223.42857142857142, 0, 4, 0, 1062853, 3, 3
154004, , , 303.1, 0, 0, 0, 0, 8, 4, 90041, , 
155004, 1241372780048, 1241372794970, 0, 0, 0, 0, 0, 0, 0, 0, 1, 
156414, 1241366917558, 1241367314017, 0, 251, 2, 125.5, 0, 0, 0, 190864, 3, 0
156489, 1241373237106, , 0, 191, 1, 222, 154238, 12, 22, 713, 8, 1
161001, 1241372547418, , 0, 791, 5, 134.6, 0, 1, 1, 377820, 3, 5
163362, 1241365928464, 1241366099251, 0, 0, 0, 0, 0, 1, 5, 12, 4, 0
16444, 1241372197565, 1241372452079, 0, 0, 0, 0, 0, 0, 0, 1043, 9, 1
164943, 1241370464001, 1241372136516, 25.9, 1497, 13, 109.53846153846153, 0, 1, 0, 82321, 2, 
16514, , , 12.75, 0, 0, 0, 0, 4, 8, 1062, , 
166390, 1241370429191, 1241371364251, 0, 384, 3, 114, 0, 0, 0, 0, 1, 
168234, , , 33.75, 0, 0, 0, 0, 6, 9, 100080, , 
16825, , , 156.15, 0, 0, 0, 0, 14, 7, 4139, , 
168395, 1241372275320, 1241373467217, 0, 1076, 4, 296.75, 0, 0, 0, 46604, 3, 
169345, 1241367007139, 1241367478738, 0, 1274, 6, 156.5, 0, 1, 0, 113794, 3, 0
169408, 1241363960211, 1241366296513, 0, 0, 0, 0, 0, 3, 4, 173395, 4, 0
169985, 1241370500893, 1241371215628, 0, 180, 1, 143, 0, 0, 0, 346553, 4, 0
171145, 1241366010059, 1241367967762, 0, 315, 2, 182.5, 0, 1, 0, 1265, 4, 6
174027, , , 264.7, 0, 0, 0, 0, 2, 0, 24572, , 
174092, 1241366008752, 1241372947810, 0, 3649, 28, 136.03571428571428, 0, 0, 0, 562060, 3, 
175065, , , 45.900000000000006, 0, 0, 0, 0, 1, 3, 401467, , 
180951, , , 15.6, 0, 0, 0, 0, 2, 7, 153510, , 
182050, 1241369751745, 1241369797575, 0, 0, 0, 0, 0, 0, 0, 0, 1, 
184475, , , 9, 0, 0, 0, 0, 4, 4, 206912, , 
187169, 1241367015790, 1241368453217, 0, 472, 3, 144.66666666666666, 0, 1, 0, 110178, 1, 1
188229, , , 112.55, 0, 0, 0, 0, 2, 11, 168234, , 
1892, , , 130, 0, 0, 0, 0, 19, 6, 995, , 
190864, , , 25.1, 0, 0, 0, 0, 2, 1, 296361, , 
191704, 1241364564710, 1241364611704, 0, 0, 0, 0, 0, 0, 0, 0, 1, 
192080, , , 95.30000000000001, 0, 0, 0, 0, 2, 11, 220964, , 
192883, 1241370245349, 1241370538125, 0, 258, 1, 515, 0, 8, 2, 210210, 7, 5
193732, 1241372178336, , 0, 0, 0, 0, 0, 0, 0, 189849, 2, 0
193978, , , 164.6, 0, 0, 0, 0, 4, 5, 196206, , 
195722, 1241364200875, 1241365138762, 0, 100, 1, 93, 37528, 1, 0, 208602, 6, 1
196231, , , 20.8, 0, 0, 0, 0, 5, 0, 7078, , 
197452, 1241371493098, 1241371661960, 0, 0, 0, 0, 79181, 1, 1, 63964, 3, 0
1975, 1241372883117, 1241373465184, 0, 0, 0, 0, 0, 0, 0, 0, 1, 
198149, , , 310.8500000000001, 0, 0, 0, 0, 1, 7, 380604, , 
198422, 1241369717109, 1241369832280, 0, 0, 0, 0, 0, 0, 0, 1148755, 1, 
199030, 1241367287745, 1241367297000, 0, 0, 0, 0, 0, 0, 0, 133817, 1, 0
199427, , , 540.7, 0, 0, 0, 0, 1, 3, 208602, , 
202104, 1241365707779, 1241367717183, 0, 208, 2, 143.5, 0, 0, 0, 196231, 2, 
204546, , , 21.950000000000003, 0, 0, 0, 0, 2, 5, 7078, , 
204792, 1241364593415, 1241371405658, 0, 1371, 11, 119.36363636363636, 80646, 0, 0, 80646, 2, 
205205, 1241371226382, 1241371239497, 0, 0, 0, 0, 0, 0, 0, 191349, 1, 
208602, , , 280.35, 0, 0, 0, 0, 7, 3, 351626, , 
208699, , , 213.8, 0, 0, 0, 0, 4, 7, 36200, , 
210163, , , 95.60000000000001, 0, 0, 0, 0, 12, 5, 255725, , 
210210, , , 25.8, 0, 0, 0, 0, 4, 13, 381607, , 
2108, 1241372660102, , 31.1, 622, 3, 239.33333333333334, 198620, 4, 0, 1090442, 4, 0
212304, 1241366078301, 1241368689011, 0, 1139, 7, 186.14285714285714, 0, 0, 0, 1092321, 4, 0
212764, 1241370309175, 1241370536161, 0, 120, 1, 127, 0, 0, 0, 2108, 1, 
214539, , , 61.10000000000001, 0, 0, 0, 0, 1, 2, 72070, , 
217283, , , 78.3, 0, 0, 0, 0, 47, 20, 57393, , 
218716, 1241369528729, 1241370103031, 90.1, 675, 1, 980, 0, 11, 2, 188229, 9, 7
220964, , , 47.650000000000006, 0, 0, 0, 0, 5, 14, 143501, , 
227147, 1241364293593, 1241364792196, 267.15, 312, 2, 145, 0, 6, 4, 238782, 5, 2
22731, , , 49.00000000000001, 0, 0, 0, 0, 14, 1, 351430, , 
227806, , , 43.900000000000006, 0, 0, 0, 0, 2, 0, 204546, , 
227953, , , 10.350000000000001, 0, 0, 0, 0, 2, 4, 320570, , 
23340, 1241367696971, 1241367710517, 0, 0, 0, 0, 0, 10, 14, 383387, 20, 11
234337, , , 112.70000000000002, 0, 0, 0, 0, 5, 5, 97523, , 
238782, , , 160.20000000000002, 0, 0, 0, 0, 2, 6, 180951, , 
238812, 1241370098107, 1241373011950, 0, 953, 1, 425, 546831, 10, 6, 192080, 5, 2
239280, 1241370058931, 1241371152183, 0, 476, 3, 158.66666666666666, 0, 0, 0, 202632, 2, 0
24572, , , 132.35, 0, 0, 0, 0, 1, 2, 108988, , 
247971, 1241366085382, 1241366479108, 0, 55, 1, 15, 0, 0, 0, 0, 1, 
247992, 1241367807813, 1241368663362, 0, 611, 4, 192.5, 0, 2, 4, 214539, 5, 4
24814, 1241370926064, , 16.9, 1076, 9, 80.22222222222223, 0, 1, 0, 152578, 2, 0
25243, 1241364527925, 1241364802663, 0, 0, 0, 0, 0, 0, 0, 0, 1, 
256746, , , 98.1, 0, 0, 0, 0, 5, 30, 61984, , 
259344, , , 67.4, 0, 0, 0, 0, 21, 11, 143538, , 
261567, 1241363605508, 1241363612523, 0, 0, 0, 0, 0, 31, 8, 237231, 13, 13
274529, 1241365832612, 1241366675293, 0, 1036, 9, 121.88888888888889, 0, 0, 0, 1192337, 2, 
277543, 1241373341925, 1241373354086, 0, 0, 0, 0, 0, 0, 0, 0, 1, 
2796, 1241373101423, 1241373367049, 0, 674, 3, 249, 132449, 3, 1, 259344, 5, 1
283305, , , 29.250000000000004, 0, 0, 0, 0, 1, 8, 497122, , 
285205, 1241370569905, 1241371287633, 330.59999999999997, 1378, 9, 128.44444444444446, 0, 4, 0, 154004, 3, 
285875, 1241368340212, 1241368370116, 0, 0, 0, 0, 0, 0, 0, 395300, 1, 0
286583, 1241367792035, 1241367830570, 0, 0, 0, 0, 0, 0, 0, 141864, 2, 0
287970, 1241370648969, 1241370661487, 0, 0, 0, 0, 0, 0, 0, 0, 1, 
294734, 1241373049947, 1241373105624, 0, 0, 0, 0, 0, 0, 0, 170336, 2, 0
296361, , , 12.55, 0, 0, 0, 0, 3, 11, 180570, , 
303831, 1241373092539, 1241373132924, 0, 0, 0, 0, 0, 0, 0, 304929, 1, 
307471, 1241370842544, , 49.900000000000006, 2932, 11, 423.45454545454544, 0, 6, 16, 12, 10, 4
308714, 1241372598688, 1241372681409, 0, 0, 0, 0, 0, 0, 0, 301548, 1, 
31330, , , 12.600000000000001, 0, 0, 0, 0, 1, 0, 1192337, , 
314868, 1241367225103, 1241367599344, 0, 0, 0, 0, 0, 0, 0, 187169, 1, 
315071, 1241364172760, 1241365250461, 0, 593, 5, 114.8, 0, 0, 0, 900329, 2, 0
32169, 1241367233050, 1241368222571, 0, 1233, 4, 312.75, 219, 7, 0, 10260, 12, 4
338409, , , 11.3, 0, 0, 0, 0, 4, 4, 65584, , 
340234, 1241366747827, 1241366762690, 0, 0, 0, 0, 0, 0, 0, 0, 1, 
346096, , , 20.700000000000003, 0, 0, 0, 0, 2, 0, 227953, , 
346553, , , 18, 0, 0, 0, 0, 2, 0, 184475, , 
351430, , , 39.2, 0, 0, 0, 0, 11, 44, 336228, , 
351598, , , 226.35000000000002, 0, 0, 0, 0, 1, 29, 359624, , 
351626, , , 10.8, 0, 0, 0, 0, 7, 15, 183403, , 
35568, , , 279.45, 0, 0, 0, 0, 1, 23, 258951, , 
359624, , , 106.55000000000001, 0, 0, 0, 0, 3, 5, 201132, , 
36200, , , 77.35000000000001, 0, 0, 0, 0, 2, 5, 93202, , 
36411, 1241371489521, 1241372458883, 0, 0, 0, 0, 0, 0, 0, 269080, 1, 
372304, 1241369945321, 1241369953505, 0, 0, 0, 0, 0, 0, 0, 0, 1, 
377820, , , 79.10000000000001, 0, 0, 0, 0, 1, 1, 53030, , 
380604, , , 108.39999999999999, 0, 0, 0, 0, 4, 7, 375444, , 
3811, 1241372612435, 1241372869904, 59.6, 355, 1, 281, 452296, 1, 1, 452296, 4, 
381607, , , 12.9, 0, 0, 0, 0, 1, 4, 153510, , 
383249, , , 336.05, 0, 0, 0, 0, 4, 1, 193978, , 
383387, , , 146.6, 0, 0, 0, 0, 6, 56, 0, , 
384703, , , 5.15, 0, 0, 0, 0, 2, 7, 338481, , 
39171, , , 28.6, 0, 0, 0, 0, 8, 9, 102770, , 
397835, , , 91.60000000000001, 0, 0, 0, 0, 5, 25, 47379, , 
40081, 1241365258233, 1241366698128, 0, 116, 2, 107.5, 0, 0, 0, 119842, 1, 
401467, , , 22.950000000000003, 0, 0, 0, 0, 1, 1, 479, , 
401764, 1241372625521, 1241372648035, 0, 0, 0, 0, 0, 0, 0, 147628, 1, 0
402647, , , 13.6, 0, 0, 0, 0, 10, 3, 408501, , 
406769, 1241372104685, 1241372274002, 0, 157, 1, 157, 0, 0, 0, 431677, 2, 0
406928, 1241366714656, 1241368645932, 0, 1184, 8, 151.25, 0, 0, 0, 1148755, 2, 0
408501, , , 85.5, 0, 0, 0, 0, 6, 14, 637936, , 
409656, , , 10.3, 0, 0, 0, 0, 7, 1, 384703, , 
413249, , , 19.6, 0, 0, 0, 0, 1, 0, 94072, , 
4139, , , 46.199999999999996, 0, 0, 0, 0, 21, 23, 713, , 
415271, 1241365845483, 1241366814208, 0, 289, 2, 158, 0, 10, 2, 66689, 4, 0
430717, , , 196.2, 0, 0, 0, 0, 30, 5, 256746, , 
430891, , , 24.300000000000004, 0, 0, 0, 0, 9, 5, 111249, , 
431598, 1241364682094, 1241366014161, 0, 226, 1, 146, 639914, 0, 0, 921283, 3, 0
431677, , , 15.700000000000001, 0, 0, 0, 0, 1, 0, 455351, , 
43386, , , 237.90000000000003, 0, 0, 0, 0, 4, 2, 130244, , 
43402, , , 123.75, 0, 0, 0, 0, 11, 12, 123961, , 
438751, 1241366557359, 1241366726394, 191.20000000000002, 0, 0, 0, 0, 4, 0, 210163, 5, 1
446342, 1241367631538, 1241368855095, 0, 207, 2, 103.5, 0, 0, 0, 346096, 2, 0
447249, 1241372257167, , 0, 5407, 10, 665.3, 10642, 3, 3, 199427, 14, 2
452296, , , 116.6, 0, 0, 0, 0, 7, 4, 103144, , 
455351, , , 7.8500000000000005, 0, 0, 0, 0, 1, 1, 176478, , 
46604, , , 107.6, 0, 0, 0, 0, 2, 0, 921283, , 
47445, 1241367076428, 1241367087034, 0, 0, 0, 0, 72522, 7, 6, 2843, 12, 2
480066, 1241367643057, 1241367660750, 0, 0, 0, 0, 0, 0, 0, 507656, 1, 0
48064, 1241368583758, 1241368812210, 0, 0, 0, 0, 0, 0, 0, 132646, 2, 
480870, 1241368543248, 1241370061976, 0, 1113, 7, 151.28571428571428, 0, 0, 0, 0, 2, 
48126, 1241363652955, 1241363657073, 0, 0, 0, 0, 0, 5, 1, 145896, 7, 6
48163, 1241368164153, 1241368416640, 0, 2030, 12, 122.25, 0, 0, 0, 900329, 2, 
48787, 1241363753214, 1241363845702, 0, 0, 0, 0, 0, 0, 0, 0, 1, 
499103, 1241371311480, 1241371370210, 0, 0, 0, 0, 0, 0, 0, 0, 1, 0
502119, , , 33.050000000000004, 0, 0, 0, 0, 8, 12, 22707, , 
506653, 1241369681757, 1241369703025, 0, 0, 0, 0, 0, 0, 0, 0, 1, 0
509288, 1241371584484, 1241372086518, 0, 0, 0, 0, 0, 0, 0, 566404, 1, 0
512911, 1241372561588, 1241372630325, 0, 0, 0, 0, 0, 0, 0, 0, 1, 1
53030, , , 46.85, 0, 0, 0, 0, 9, 6, 122907, , 
535473, 1241370551212, 1241370577098, 0, 0, 0, 0, 0, 0, 0, 0, 1, 
538748, , , 14.600000000000001, 0, 0, 0, 0, 1, 5, 53030, , 
541655, , , 62, 0, 0, 0, 0, 1, 14, 126451, , 
543921, 1241363708609, 1241367972137, 0, 1183, 7, 138.28571428571428, 0, 8, 0, 1092321, 4, 0
546523, 1241365450935, 1241365928921, 0, 103, 1, 77, 0, 0, 0, 409656, 1, 0
54776, 1241371092211, 1241372232167, 272.4, 0, 0, 0, 1062, 70, 32, 89757, 15, 3
55022, 1241366523010, 1241368088992, 0, 146, 1, 166, 0, 5, 0, 538748, 3, 
5522, 1241370671019, 1241371536693, 0, 448, 4, 115, 0, 0, 0, 8938, 2, 
553237, 1241370061165, 1241370094568, 0, 0, 0, 0, 0, 0, 0, 0, 1, 
562060, 1241370295432, 1241373478183, 136.40000000000003, 585, 5, 118, 0, 5, 0, 592692, 3, 
564162, 1241368053893, 1241368767896, 0, 255, 2, 127.5, 176275, 2, 0, 141364, 6, 1
57393, , , 39.15, 0, 0, 0, 0, 5, 55, 159420, , 
57717, , , 248.05000000000004, 0, 0, 0, 0, 4, 10, 110178, , 
578918, 1241364205584, 1241364521408, 0, 0, 0, 0, 0, 2, 0, 179326, 3, 0
58022, 1241371175365, 1241371697779, 0, 459, 1, 468, 0, 3, 5, 175065, 4, 0
592692, 1241373511349, , 126.70000000000002, 0, 0, 0, 836050, 8, 8, 283305, 7, 7
600380, 1241369531574, 1241370192198, 0, 675, 1, 370, 0, 0, 0, 218716, 1, 
611789, 1241370760907, , 51.300000000000004, 1275, 8, 151.5, 0, 2, 0, 642041, 2, 0
61264, 1241372876040, 1241372956213, 0, 0, 0, 0, 0, 0, 0, 0, 1, 
618376, , , 122.80000000000001, 0, 0, 0, 0, 5, 1, 900329, , 
618839, 1241373149860, 1241373509920, 0, 0, 0, 0, 0, 0, 0, 603011, 1, 
619032, 1241371093572, 1241372629750, 0, 1228, 7, 178.57142857142858, 0, 0, 0, 618376, 2, 
623915, 1241372903439, 1241373312165, 0, 105, 1, 110, 0, 0, 0, 611789, 1, 
632287, 1241372879541, 1241372897542, 0, 0, 0, 0, 0, 0, 0, 0, 1, 
634607, 1241367142908, 1241369248443, 0, 123, 1, 123, 0, 2, 1, 54776, 4, 
636873, 1241367289655, 1241368702635, 0, 0, 0, 0, 0, 0, 0, 1892, 2, 
637936, , , 42.75, 0, 0, 0, 0, 3, 6, 217283, , 
638984, 1241370992096, 1241371036737, 0, 0, 0, 0, 0, 0, 0, 0, 1, 
63951, 1241368431446, 1241368956410, 10.100000000000001, 101, 1, 99, 0, 1, 0, 54776, 2, 0
64152, , , 15.600000000000001, 0, 0, 0, 0, 5, 1, 108338, , 
642041, 1241370358262, 1241373612238, 153.15, 864, 7, 126.28571428571429, 0, 1, 2, 16825, 2, 
643275, 1241373495148, 1241373589637, 0, 0, 0, 0, 0, 0, 0, 0, 1, 
65446, , , 27.2, 0, 0, 0, 0, 2, 0, 402647, , 
66689, , , 28.9, 0, 0, 0, 0, 4, 10, 124585, , 
674637, 1241372094547, , 0, 854, 4, 200, 0, 0, 0, 1192337, 2, 0
69683, 1241369873367, 1241370387631, 0, 0, 0, 0, 0, 0, 0, 0, 1, 0
69841, 1241370174050, 1241371272164, 0, 60, 1, 120, 0, 0, 0, 16825, 2, 
70557, 1241373624170, 1241373632775, 242.15, 0, 0, 0, 0, 5, 23, 502119, 5, 2
7078, , , 10.4, 0, 0, 0, 0, 9, 18, 177916, , 
70997, , , 183.20000000000002, 0, 0, 0, 0, 25, 29, 397835, , 
713, , , 80.75, 0, 0, 0, 0, 10, 65, 12, , 
72070, , , 30.550000000000004, 0, 0, 0, 0, 5, 8, 36, , 
74412, 1241370489851, 1241370538816, 0, 572, 3, 182.33333333333334, 171193, 0, 0, 102613, 4, 0
757190, 1241369528062, 1241369566535, 0, 0, 0, 0, 0, 0, 0, 0, 1, 
769463, 1241370816923, 1241372148583, 0, 870, 6, 135.83333333333334, 208692, 1, 0, 430717, 4, 
797824, , , 31.1, 0, 0, 0, 0, 15, 4, 82321, , 
79942, 1241370160767, , 188.1, 2168, 11, 180.45454545454547, 633051, 7, 5, 198149, 6, 2
80646, 1241365719958, 1241371350150, 60.3, 1564, 12, 138.25, 204792, 1, 0, 1148755, 4, 
82321, 1241365055212, 1241368641051, 162.64999999999998, 1732, 7, 392.2857142857143, 138183, 6, 35, 57717, 11, 2
834132, 1241371277024, 1241371338369, 0, 1423, 9, 200.88888888888889, 0, 0, 0, 285205, 2, 
834357, 1241371665144, 1241372323789, 0, 127, 1, 127, 0, 0, 0, 0, 1, 
836050, 1241371505252, , 0, 518, 2, 368, 592692, 7, 0, 113237, 5, 2
849362, 1241372501704, 1241373164236, 0, 272, 3, 90.66666666666667, 0, 0, 0, 65446, 2, 
85079, , , 247.5, 0, 0, 0, 0, 4, 11, 43402, , 
85132, 1241367941632, 1241368057702, 0, 0, 0, 0, 0, 2, 0, 42736, 2, 2
862584, 1241367795321, 1241368013837, 0, 0, 0, 0, 0, 0, 0, 0, 1, 
86614, 1241369653688, 1241369715317, 0, 1300, 8, 176.625, 0, 0, 0, 1892, 4, 
868186, 1241366154950, 1241366315343, 0, 0, 0, 0, 298666, 1, 0, 210163, 5, 1
870773, 1241370453751, 1241371889433, 0, 243, 3, 85.66666666666667, 0, 0, 0, 430891, 2, 
87078, 1241372250706, 1241372305162, 0, 0, 0, 0, 0, 3, 1, 103921, 6, 3
8938, , , 124, 0, 0, 0, 0, 14, 5, 541655, , 
89757, , , 11.200000000000001, 0, 0, 0, 0, 3, 73, 20260, , 
900329, 1241363468005, 1241364692222, 413.5, 661, 4, 250.5, 1084285, 23, 5, 70557, 8, 2
90041, , , 68.9, 0, 0, 0, 0, 6, 8, 258951, , 
9067, 1241369094830, 1241370072197, 0, 662, 4, 175.75, 0, 0, 0, 8938, 2, 
908609, 1241368957120, 1241368961257, 0, 0, 0, 0, 0, 0, 0, 0, 1, 
921283, , , 76.4, 0, 0, 0, 0, 4, 2, 338409, , 
94072, , , 9.8, 0, 0, 0, 0, 3, 5, 96987, , 
942791, 1241370059134, 1241372958659, 0, 783, 4, 131.5, 0, 0, 0, 217283, 3, 
944429, 1241367394813, 1241372763141, 13.700000000000001, 3292, 14, 259.07142857142856, 0, 1, 0, 383249, 4, 
94657, , , 63.7, 0, 0, 0, 0, 1, 3, 163484, , 
95038, 1241364951736, 1241364976142, 0, 0, 0, 0, 0, 0, 0, 0, 1, 
95357, 1241371925940, 1241372124180, 0, 0, 0, 0, 0, 0, 0, 0, 1, 
96813, 1241369661803, 1241369863064, 0, 490, 2, 246.5, 0, 0, 0, 22731, 3, 
97523, , , 56.35000000000001, 0, 0, 0, 0, 1, 5, 371343, , 
983645, 1241372756359, 1241372781571, 0, 0, 0, 0, 0, 0, 0, 0, 1, 
98510, 1241372763327, 1241373400448, 0, 294, 1, 182, 0, 1, 0, 123794, 4, 0
98566, 1241372990914, 1241373552995, 0, 120, 1, 113, 0, 0, 0, 285205, 1, 
990799, , , 26.700000000000003, 0, 0, 0, 0, 5, 9, 836417, , 
995, , , 65, 0, 0, 0, 0, 11, 22, 12, , 
998652, , , 53.400000000000006, 0, 0, 0, 0, 3, 6, 990799, , 
<<<<EndTable

PlayersOnlineNow=26
PlayersOnlineEachMinute=0, 3, 7, 7, 9, 11, 13, 12, 12, 12, 12, 13, 15, 16, 18, 17, 18, 18, 17, 19, 19, 19, 18, 16, 16, 17, 17, 20, 18, 19, 18, 18, 20, 22, 23, 23, 25, 26, 28, 28, 28, 27, 29, 31, 33, 34, 35, 35, 33, 34, 35, 34, 35, 35, 31, 32, 31, 32, 32, 34, 37, 36, 34, 36, 36, 36, 35, 33, 33, 31, 36, 32, 33, 35, 35, 33, 30, 32, 30, 30, 31, 31, 32, 32, 34, 35, 37, 33, 31, 31, 27, 29, 26, 26, 28, 29, 27, 26, 28, 28, 27, 27, 29, 27, 27, 26, 25, 25, 28, 25, 27, 25, 29, 28, 32, 34, 32, 33, 33, 37, 37, 38, 40, 45, 43, 42, 42, 40, 41, 41, 41, 41, 36, 35, 37, 35, 35, 36, 36, 35, 36, 35, 38, 39, 39, 36, 36, 37, 36, 35, 35, 36, 36, 35, 37, 37, 36, 33, 34, 32, 30, 30, 27, 29, 31, 31, 31, 27, 29, 27
PlayersInEachFeedingGame=3, 2, 1, 1, 1, 2, 1, 2, 2, 2, 2, 2, 2, 2, 2, 2, 1, 1, 2, 1, 2, 1, 2, 2, 2, 2, 2, 1, 2, 2, 1, 2, 2, 2, 2, 2, 2, 1, 3, 1, 1, 2, 1, 2, 1, 2, 2, 2, 1, 2, 2, 2, 1, 2, 2, 2, 2, 1, 2, 2, 2, 1, 2, 2, 2, 2, 1, 3, 2, 2, 2, 1, 2, 1, 1, 1, 1, 3, 2, 2, 2, 1, 2, 2, 2, 2, 2, 2, 2, 2, 2, 2, 2, 1, 2, 2, 2, 1, 2, 2, 2, 2, 2, 2, 2, 2, 2, 2, 1, 1, 1, 1, 2, 2, 3, 2, 2, 1, 1, 1, 1, 2, 2, 2, 2, 2, 1, 2, 2, 2, 2, 1, 1, 2, 2, 1, 2, 2, 2, 2, 2, 2, 1, 2, 2, 2, 2, 2, 2, 2, 1, 2, 1, 1, 1, 2, 1, 2, 1, 2, 2, 2, 1, 2, 1, 1, 2, 2, 2, 1, 2, 2, 1, 1, 2, 2, 2, 2, 2, 1, 1, 2, 2, 2, 3, 2, 2, 2, 2, 2, 2, 1, 2, 1, 2, 2, 2, 2, 2, 2, 2, 2, 2, 2, 2, 2, 1, 1, 1, 2, 2, 2, 1, 2, 2, 1, 2, 1, 2, 1, 1, 2, 1, 2, 1, 1, 3, 2, 2, 1, 2, 2, 1, 2, 1, 2, 1, 2, 2, 1, 2, 2, 2, 2, 1, 1, 1, 2, 2, 1, 2, 1, 1, 2, 1, 1, 2, 2, 2, 1, 2, 1, 1, 2, 1, 1, 2, 2, 2, 1, 2, 3, 1, 1, 1, 1, 2, 2, 2, 2, 1, 2, 2, 2, 2, 2, 2, 2, 1, 2, 1, 2, 2, 3, 2, 2, 1, 1, 1, 2, 1, 2
PlayersStarted=431
PlayersQuit=405
StatsStartTime=1241363466672
StatsDumpTime=1241373667492
<<<<EndStats
2009-05-03 11:01:23,140 ERROR: vampire.server.feeding.FeedingRecord sendPlayerStartGameMsg [playerId=447249, prey=true, _predatorIndex=]
2009-05-03 11:01:23,141 ERROR: vampire.server.feeding.FeedingRecord sendPlayerStartGameMsg [playerId=10642, prey=false, _predatorIndex=]
2009-05-03 11:01:42,641 ERROR: vampire.server.feeding.FeedingRecord sendPlayerStartGameMsg [playerId=1203117, prey=false, _predatorIndex=]
2009-05-03 11:01:51,693 ERROR: vampire.server.feeding.FeedingRecord sendPlayerStartGameMsg [playerId=1192337, prey=false, _predatorIndex=]
2009-05-03 11:02:51,868 ERROR: vampire.server.feeding.FeedingRecord sendPlayerStartGameMsg [playerId=611789, prey=false, _predatorIndex=]
2009-05-03 11:04:18,515 ERROR: vampire.server.feeding.FeedingRecord sendPlayerStartGameMsg [playerId=836050, prey=true, _predatorIndex=]
2009-05-03 11:04:18,516 ERROR: vampire.server.feeding.FeedingRecord sendPlayerStartGameMsg [playerId=1192337, prey=false, _predatorIndex=]
2009-05-03 11:04:18,565 ERROR: vampire.server.feeding.FeedingRecord sendPlayerStartGameMsg [playerId=24814, prey=false, _predatorIndex=1192337]
2009-05-03 11:04:18,784 ERROR: vampire.server.feeding.FeedingRecord sendPlayerStartGameMsg [playerId=1209345, prey=true, _predatorIndex=]
2009-05-03 11:04:18,785 ERROR: vampire.server.feeding.FeedingRecord sendPlayerStartGameMsg [playerId=701624, prey=false, _predatorIndex=]
2009-05-03 11:04:18,896 ERROR: vampire.server.feeding.FeedingRecord sendPlayerStartGameMsg [playerId=1975, prey=false, _predatorIndex=701624]
2009-05-03 11:04:23,561 ERROR: vampire.server.feeding.FeedingRecord sendPlayerStartGameMsg [playerId=674637, prey=false, _predatorIndex=701624,1975]
2009-05-03 11:04:26,137 ERROR: vampire.server.feeding.FeedingRecord sendPlayerStartGameMsg [playerId=1203117, prey=false, _predatorIndex=]
2009-05-03 11:04:45,227 ERROR: vampire.server.feeding.FeedingRecord sendPlayerStartGameMsg [playerId=96587, prey=false, _predatorIndex=]
2009-05-03 11:05:02,972 ERROR: vampire.server.feeding.FeedingRecord sendPlayerStartGameMsg [playerId=674637, prey=false, _predatorIndex=701624,1975,674637]
2009-05-03 11:05:29,725 ERROR: vampire.server.feeding.FeedingRecord sendPlayerStartGameMsg [playerId=307471, prey=false, _predatorIndex=1192337,24814]
2009-05-03 11:05:57,350 ERROR: vampire.server.feeding.FeedingRecord sendPlayerStartGameMsg [playerId=592692, prey=false, _predatorIndex=1192337,24814,307471]
2009-05-03 11:06:37,069 ERROR: vampire.server.feeding.FeedingRecord sendPlayerStartGameMsg [playerId=1062199, prey=false, _predatorIndex=]
2009-05-03 11:07:12,146 ERROR: vampire.server.feeding.FeedingRecord sendPlayerStartGameMsg [playerId=836050, prey=true, _predatorIndex=]
2009-05-03 11:07:12,147 ERROR: vampire.server.feeding.FeedingRecord sendPlayerStartGameMsg [playerId=152578, prey=false, _predatorIndex=]
2009-05-03 11:07:28,303 ERROR: vampire.server.feeding.FeedingRecord sendPlayerStartGameMsg [playerId=24814, prey=true, _predatorIndex=]
2009-05-03 11:07:28,303 ERROR: vampire.server.feeding.FeedingRecord sendPlayerStartGameMsg [playerId=1192337, prey=false, _predatorIndex=]
2009-05-03 11:08:14,473 ERROR: vampire.server.feeding.FeedingRecord sendPlayerStartGameMsg [playerId=1119819, prey=true, _predatorIndex=]
2009-05-03 11:08:14,473 ERROR: vampire.server.feeding.FeedingRecord sendPlayerStartGameMsg [playerId=2108, prey=false, _predatorIndex=]
2009-05-03 11:08:22,049 ERROR: vampire.server.feeding.FeedingRecord sendPlayerStartGameMsg [playerId=153097, prey=false, _predatorIndex=1062199]
2009-05-03 11:08:27,524 ERROR: vampire.server.feeding.FeedingRecord sendPlayerStartGameMsg [playerId=1203117, prey=false, _predatorIndex=]
2009-05-03 11:09:06,018 ERROR: vampire.server.feeding.FeedingRecord sendPlayerStartGameMsg [playerId=939852, prey=false, _predatorIndex=1192337]
2009-05-03 11:09:15,509 ERROR: vampire.server.feeding.FeedingRecord sendPlayerStartGameMsg [playerId=592692, prey=false, _predatorIndex=152578]
2009-05-03 11:10:38,210 ERROR: vampire.server.feeding.FeedingRecord sendPlayerStartGameMsg [playerId=9067, prey=false, _predatorIndex=1062199,153097]

>>>>BeginStats

>>>>BeginTable
PlayerId, StartTime, EndTime, ProgenyPayout, XPFromFeeding, FeedingGames, MeanFeedingScore, BloodBond, Progeny, GrandProgeny, Sire, Level, Invites
1010692, 1241365439880, 1241366690750, 0, 1404, 5, 231.4, 70997, 14, 11, 70997, 6, 2
1012813, , , 739.5, 0, 0, 0, 0, 6, 14, 54776, , 
101493, 1241371239281, 1241371546778, 0, 0, 0, 0, 0, 2, 2, 52887, 4, 0
1021278, 1241365930855, 1241367246950, 0, 513, 3, 114.33333333333333, 0, 2, 1, 452296, 3, 
10260, , , 123.30000000000001, 0, 0, 0, 0, 7, 8, 713, , 
102613, , , 57.2, 0, 0, 0, 0, 1, 0, 39171, , 
1026504, 1241371534325, 1241371745294, 0, 231, 1, 143, 0, 0, 0, 0, 1, 
103144, , , 43.4, 0, 0, 0, 0, 5, 14, 116005, , 
1032648, 1241368790759, 1241373826203, 0, 1127, 9, 136.55555555555554, 0, 4, 0, 234337, 4, 4
103824, 1241363535500, 1241364482560, 0, 456, 3, 98, 0, 0, 0, 900329, 1, 
1042066, 1241365694374, 1241365904206, 0, 58, 1, 116, 0, 0, 0, 0, 1, 
1044730, 1241374047485, , 0, 0, 0, 0, 0, 9, 0, 1010692, 6, 3
1047840, 1241365886444, 1241373972198, 0, 855, 7, 133.14285714285714, 0, 1, 0, 408501, 4, 
1058135, 1241372626496, 1241372635659, 0, 0, 0, 0, 0, 0, 0, 0, 1, 
106069, 1241371903092, 1241371908900, 0, 0, 0, 0, 236834, 14, 11, 236834, 7, 1
1062199, 1241373976370, , 0, 224, 2, 134.5, 0, 0, 0, 0, 2, 0
1062231, 1241363632508, 1241364607101, 0, 226, 2, 102.5, 0, 0, 0, 218716, 2, 
1062853, 1241363561217, 1241366911954, 332.45000000000005, 3829, 17, 321.4117647058824, 1138895, 7, 4, 1124214, 5, 1
1063171, 1241370118144, 1241370231657, 0, 0, 0, 0, 0, 0, 0, 0, 1, 
10642, 1241372011894, , 91.30000000000001, 4093, 7, 783.2857142857143, 447249, 29, 44, 351598, 15, 2
1071139, 1241366213054, 1241366520771, 0, 267, 1, 267, 0, 0, 0, 153097, 1, 
1071856, 1241373298898, , 0, 106, 1, 108, 0, 0, 0, 1124214, 1, 0
1075275, 1241363827819, 1241363841803, 0, 0, 0, 0, 0, 0, 0, 0, 1, 
1078621, 1241371434885, 1241373176307, 0, 1367, 7, 162.85714285714286, 0, 0, 0, 285205, 2, 
108338, , , 7.800000000000001, 0, 0, 0, 0, 1, 5, 288860, , 
1083829, 1241372601475, 1241372608174, 0, 0, 0, 0, 0, 0, 0, 0, 1, 
1084285, 1241363472031, 1241364759889, 0, 442, 3, 111, 900329, 0, 0, 769463, 3, 
1084473, 1241371806347, 1241371819234, 0, 259, 2, 97.5, 0, 0, 0, 164943, 1, 
1088402, 1241370254147, 1241372226984, 0, 2379, 7, 223.57142857142858, 0, 0, 0, 43386, 3, 
1088819, 1241370128050, 1241370473136, 0, 83, 1, 83, 0, 0, 0, 0, 1, 
1089041, 1241372442598, 1241372857194, 0, 0, 0, 0, 0, 0, 0, 0, 1, 
1090116, 1241372893238, 1241373785126, 0, 213, 3, 105.33333333333333, 0, 0, 0, 24814, 1, 
1090442, , , 182.3, 0, 0, 0, 0, 3, 5, 797824, , 
1091986, 1241370460954, 1241372159344, 0, 1912, 11, 177.72727272727272, 0, 0, 0, 438751, 3, 
1092321, , , 713.55, 0, 0, 0, 0, 23, 16, 35568, , 
1100589, 1241372328092, 1241372368727, 0, 0, 0, 0, 0, 0, 0, 0, 1, 
110178, , , 133.8, 0, 0, 0, 0, 6, 11, 12770, , 
1107337, 1241372160507, 1241372873046, 0, 516, 3, 143, 0, 0, 0, 285205, 1, 
1111833, 1241367552408, 1241368572077, 0, 384, 2, 126.5, 0, 0, 0, 1192337, 1, 
111249, , , 12.150000000000002, 0, 0, 0, 0, 2, 9, 188370, , 
1112543, 1241368589336, 1241369573763, 0, 543, 4, 135.25, 0, 0, 0, 0, 1, 
1112884, 1241368233216, 1241371512143, 0, 621, 3, 158.66666666666666, 0, 0, 0, 1148755, 1, 
1113223, 1241364431467, 1241364475666, 0, 0, 0, 0, 0, 0, 0, 0, 1, 
1114884, 1241363823720, 1241364320786, 0, 534, 2, 267, 0, 1, 0, 998652, 2, 
1115045, 1241369372924, 1241369632164, 0, 137, 1, 111, 0, 0, 0, 0, 1, 
1115214, 1241363581746, 1241363595599, 0, 0, 0, 0, 0, 0, 0, 0, 1, 
1119819, 1241373361374, , 0, 888, 5, 109.8, 0, 0, 0, 2108, 1, 0
1120022, 1241370337281, 1241370363735, 0, 0, 0, 0, 0, 0, 0, 0, 1, 
112136, 1241371677520, 1241372493610, 0, 130, 1, 109, 0, 0, 0, 8938, 1, 
1122449, , , 269.20000000000005, 0, 0, 0, 0, 5, 5, 555728, , 
1124214, , , 683.35, 0, 0, 0, 0, 5, 7, 1122449, , 
112535, 1241372690369, 1241373020854, 0, 1092, 4, 302.25, 0, 1, 1, 430717, 4, 0
112616, 1241366439715, 1241369251147, 0, 2647, 16, 124.5625, 0, 0, 0, 174027, 3, 0
1128158, 1241367711648, 1241369376029, 0, 1109, 6, 181.66666666666666, 0, 0, 0, 0, 2, 
1129268, 1241370372567, 1241370821308, 0, 148, 2, 87.5, 0, 0, 0, 0, 1, 
1132062, 1241374210583, 1241374217850, 0, 0, 0, 0, 0, 0, 0, 0, 1, 
113237, , , 129.6, 0, 0, 0, 0, 9, 7, 10642, , 
1136491, 1241371027567, 1241371363169, 0, 53, 1, 105, 0, 0, 0, 0, 1, 
113794, , , 127.4, 0, 0, 0, 0, 3, 5, 94657, , 
1138551, 1241366648803, 1241367132199, 0, 183, 1, 134, 0, 0, 0, 1138895, 1, 
1138895, 1241365420797, 1241367132201, 18.3, 2758, 15, 164, 1062853, 1, 0, 227147, 2, 1
1138962, 1241366713187, 1241366999376, 0, 0, 0, 0, 0, 0, 0, 153097, 1, 
1139739, 1241364444587, 1241364577805, 0, 0, 0, 0, 0, 0, 0, 0, 1, 
1140298, 1241370655338, 1241370670572, 0, 0, 0, 0, 0, 0, 0, 0, 1, 
1144457, 1241369111822, 1241369659827, 0, 61, 1, 121, 0, 0, 0, 0, 1, 
1145599, 1241368477697, 1241368834801, 0, 0, 0, 0, 0, 0, 0, 0, 1, 
1145721, 1241366033774, 1241366333715, 0, 0, 0, 0, 0, 0, 0, 0, 1, 
1146252, 1241372006277, 1241372790187, 0, 596, 3, 216, 1192337, 1, 0, 3811, 5, 1
1148755, 1241369808526, 1241371572176, 339.45000000000005, 2274, 12, 244.75, 0, 7, 1, 1092321, 4, 1
1151112, 1241364067150, 1241364210802, 0, 0, 0, 0, 0, 0, 0, 0, 1, 
1152015, 1241372413749, 1241372716637, 0, 132, 1, 132, 0, 0, 0, 0, 1, 
1152360, 1241373323362, 1241373584858, 0, 428, 3, 159, 0, 0, 0, 70997, 2, 
1152639, 1241372165546, 1241373082906, 0, 180, 2, 90, 0, 0, 0, 0, 1, 
1153074, 1241372525119, 1241372545621, 0, 0, 0, 0, 0, 0, 0, 0, 1, 
1155229, 1241367661555, 1241367680501, 0, 0, 0, 0, 0, 0, 0, 0, 1, 
1156485, 1241365583832, 1241368956532, 0, 993, 9, 100.33333333333333, 141044, 0, 0, 1092321, 2, 
1158005, 1241365366542, 1241367805062, 0, 877, 7, 132.42857142857142, 0, 0, 0, 1192337, 1, 
1158201, 1241364638173, 1241364731174, 0, 0, 0, 0, 0, 0, 0, 0, 1, 
1161674, 1241367295006, 1241367392838, 0, 0, 0, 0, 0, 0, 0, 0, 1, 
116180, 1241368477258, 1241368932295, 0, 285, 2, 95.5, 0, 0, 0, 0, 1, 
1162413, 1241371958228, 1241372852955, 0, 1881, 9, 177, 0, 0, 0, 79942, 2, 
1162674, 1241367748629, 1241367757556, 0, 0, 0, 0, 0, 0, 0, 0, 1, 
1167794, 1241372383220, 1241373670630, 0, 332, 3, 84.33333333333333, 0, 0, 0, 1192337, 1, 
1168478, 1241367209202, 1241369726791, 0, 1449, 8, 149, 0, 0, 0, 1124214, 2, 
1169237, 1241368079976, 1241369592866, 0, 384, 4, 124.5, 0, 0, 0, 0, 1, 
1170410, 1241366281422, 1241368327162, 0, 1083, 9, 104.11111111111111, 0, 0, 0, 944429, 2, 
1172363, 1241370687977, 1241370997095, 0, 114, 1, 114, 0, 0, 0, 0, 1, 
1172947, 1241367034264, 1241367153909, 0, 0, 0, 0, 0, 0, 0, 0, 1, 
1174957, 1241369149225, 1241369157538, 0, 0, 0, 0, 0, 0, 0, 0, 1, 
1175756, 1241374100566, 1241374112583, 0, 0, 0, 0, 0, 0, 0, 0, 1, 
1176371, 1241365791628, 1241365812426, 0, 0, 0, 0, 0, 0, 0, 0, 1, 
1177993, 1241369909953, 1241370007853, 0, 0, 0, 0, 0, 0, 0, 0, 1, 
1178289, 1241367629908, 1241367979135, 0, 224, 2, 134.5, 0, 0, 0, 0, 1, 
1178563, 1241363832811, 1241364003419, 0, 0, 0, 0, 0, 0, 0, 0, 1, 
1180760, 1241369833699, 1241371352353, 0, 1356, 8, 125.375, 0, 0, 0, 1148755, 2, 
1185505, 1241371722744, 1241371747674, 0, 0, 0, 0, 0, 0, 0, 0, 1, 
1190294, 1241366299482, 1241366536196, 0, 126, 1, 146, 0, 0, 0, 31330, 1, 
1190989, 1241371823663, 1241372563633, 0, 408, 3, 139.33333333333334, 0, 0, 0, 611789, 1, 
1192267, 1241370549386, 1241371429635, 0, 584, 3, 178.66666666666666, 0, 0, 0, 153097, 1, 
1192337, 1241371713429, , 400.3, 5425, 26, 242.42307692307693, 1146252, 10, 1, 1012813, 4, 0
1192866, 1241365989423, 1241366242447, 0, 499, 1, 113, 0, 0, 0, 307471, 1, 
1193934, 1241374007902, 1241374038591, 0, 0, 0, 0, 0, 0, 0, 0, 1, 
119842, , , 11.600000000000001, 0, 0, 0, 0, 7, 0, 351626, , 
1199316, 1241369552372, 1241370912185, 0, 629, 5, 109.8, 0, 0, 0, 1192337, 1, 
1199581, 1241367760698, 1241367939065, 0, 0, 0, 0, 0, 0, 0, 0, 1, 
1199882, 1241370667395, 1241371066056, 0, 124, 1, 124, 0, 0, 0, 0, 1, 
1199973, 1241371113429, 1241371119032, 0, 0, 0, 0, 0, 0, 0, 0, 1, 
12, , , 441.75, 0, 0, 0, 0, 20, 123, 383387, , 
1200065, 1241364369251, 1241364446777, 0, 0, 0, 0, 0, 0, 0, 0, 1, 
1200560, 1241365962725, 1241365994158, 0, 0, 0, 0, 0, 0, 0, 0, 1, 
1201160, 1241368287135, 1241372832118, 0, 1022, 9, 114.44444444444444, 0, 0, 0, 562060, 2, 
1201508, 1241364617000, 1241364623482, 0, 0, 0, 0, 0, 0, 0, 0, 1, 
1201558, 1241372019735, 1241372930048, 0, 265, 2, 126.5, 0, 0, 0, 0, 1, 
1201803, 1241364745996, 1241365032209, 0, 172, 1, 172, 0, 0, 0, 0, 1, 
1202406, 1241366979532, 1241367237999, 0, 0, 0, 0, 0, 0, 0, 0, 1, 
1202977, 1241370425620, 1241370429659, 0, 0, 0, 0, 0, 0, 0, 0, 1, 
1203117, 1241373590190, , 0, 337, 3, 112.33333333333333, 0, 0, 0, 0, 1, 0
1203198, 1241367247712, 1241367259321, 0, 0, 0, 0, 0, 0, 0, 0, 1, 
1203489, 1241367200393, 1241367249205, 0, 0, 0, 0, 0, 0, 0, 0, 1, 
1203966, 1241370801761, 1241370844476, 0, 0, 0, 0, 0, 0, 0, 0, 1, 
1204015, 1241367543787, 1241367583312, 0, 0, 0, 0, 0, 0, 0, 0, 1, 
1205090, 1241371953115, 1241371983127, 0, 0, 0, 0, 0, 0, 0, 0, 1, 
1205841, 1241369622803, 1241369841451, 0, 61, 1, 61, 0, 0, 0, 0, 1, 
1205961, 1241369710954, 1241369720207, 0, 0, 0, 0, 0, 0, 0, 307471, 1, 
1206002, 1241370785418, 1241370910250, 0, 0, 0, 0, 0, 0, 0, 0, 1, 
1206811, 1241370774981, 1241370802187, 0, 0, 0, 0, 0, 0, 0, 307471, 1, 
1206964, 1241370908441, 1241371498573, 0, 164, 1, 171, 0, 0, 0, 0, 1, 
1207233, 1241371192462, 1241371759502, 0, 199, 2, 99.5, 0, 0, 0, 0, 1, 
1207763, 1241374237070, , 0, 0, 0, 0, 0, 0, 0, 0, 1, 0
1208002, 1241373024291, 1241373040944, 0, 0, 0, 0, 0, 0, 0, 0, 1, 
1208016, 1241373543944, 1241373544561, 0, 0, 0, 0, 0, 0, 0, 0, 1, 
1208662, 1241372781792, 1241372832116, 0, 0, 0, 0, 0, 0, 0, 0, 1, 
1208752, 1241372926306, 1241373026310, 0, 0, 0, 0, 0, 0, 0, 0, 1, 
1209345, 1241373690442, , 0, 218, 2, 68, 0, 0, 0, 0, 1, 0
1209465, 1241373760021, 1241373795901, 0, 0, 0, 0, 0, 0, 0, 0, 1, 
123794, , , 29.400000000000002, 0, 0, 0, 0, 1, 1, 351430, , 
124585, 1241371619213, 1241372570834, 14.45, 0, 0, 0, 0, 5, 7, 143278, 7, 1
125207, 1241368082925, 1241368093728, 0, 0, 0, 0, 273503, 1, 0, 544643, 4, 0
1265, 1241370797329, 1241371170441, 31.5, 0, 0, 0, 0, 14, 32, 12, 16, 3
12770, , , 23.6, 0, 0, 0, 0, 23, 75, 383387, , 
128013, 1241373734181, 1241374164690, 0, 0, 0, 0, 0, 3, 2, 254152, 4, 1
129205, 1241373120790, , 0, 439, 4, 98, 0, 0, 0, 227806, 1, 0
129590, 1241371922772, 1241373046347, 0, 156, 1, 140, 0, 1, 0, 64152, 3, 4
130244, , , 118.95000000000002, 0, 0, 0, 0, 3, 10, 237967, , 
130627, 1241366357532, 1241369308232, 0, 2475, 12, 216.83333333333334, 0, 8, 22, 85079, 11, 5
131355, 1241370829625, 1241370869145, 0, 0, 0, 0, 0, 1, 2, 461901, 4, 0
131657, 1241368095664, 1241368099147, 0, 0, 0, 0, 0, 0, 0, 0, 1, 0
135027, 1241373269685, 1241374225450, 0, 0, 0, 0, 0, 0, 0, 34495, 2, 2
138064, 1241368910070, 1241369155396, 0, 0, 0, 0, 0, 0, 0, 12791, 4, 0
1408, 1241370878181, 1241371272166, 0, 196, 1, 212, 0, 0, 0, 413249, 2, 
141044, 1241367807547, 1241371546780, 0, 2407, 14, 198.35714285714286, 1156485, 0, 0, 152578, 2, 
141364, , , 25.5, 0, 0, 0, 0, 6, 2, 16514, , 
142394, 1241368465895, 1241368677364, 0, 101, 1, 103, 0, 0, 0, 63951, 1, 0
143538, , , 33.7, 0, 0, 0, 0, 2, 23, 1531, , 
145609, 1241373231918, , 0, 0, 0, 0, 369307, 5, 4, 92300, 4, 0
147628, 1241373500132, , 0, 0, 0, 0, 0, 6, 3, 63846, 5, 2
150179, 1241371367102, 1241372052167, 0, 265, 2, 132.5, 0, 1, 0, 10642, 4, 0
151187, 1241371933592, 1241372325187, 0, 107, 1, 107, 0, 0, 0, 0, 1, 0
152578, 1241368804624, , 158.55000000000004, 1895, 10, 183.2, 238356, 2, 1, 208699, 4, 1
153097, 1241374012099, , 85.10000000000001, 2899, 15, 213.4, 0, 4, 0, 1062853, 3, 4
154004, , , 303.1, 0, 0, 0, 0, 8, 4, 90041, , 
155004, 1241372780048, 1241372794970, 0, 0, 0, 0, 0, 0, 0, 0, 1, 
156414, 1241366917558, 1241367314017, 0, 251, 2, 125.5, 0, 0, 0, 190864, 3, 0
156489, 1241374092056, , 0, 1011, 4, 346, 154238, 12, 22, 713, 8, 1
161001, 1241372547418, , 0, 1611, 8, 143.625, 0, 1, 1, 377820, 4, 5
163362, 1241365928464, 1241366099251, 0, 0, 0, 0, 0, 1, 5, 12, 4, 0
16444, 1241372197565, 1241372452079, 0, 0, 0, 0, 0, 0, 0, 1043, 9, 1
164943, 1241370464001, 1241372136516, 25.9, 1497, 13, 109.53846153846153, 0, 1, 0, 82321, 2, 
16514, , , 12.75, 0, 0, 0, 0, 4, 8, 1062, , 
166390, 1241370429191, 1241371364251, 0, 384, 3, 114, 0, 0, 0, 0, 1, 
168234, , , 33.75, 0, 0, 0, 0, 6, 9, 100080, , 
16825, , , 172.8, 0, 0, 0, 0, 14, 7, 4139, , 
168395, 1241372275320, 1241373467217, 0, 1076, 4, 296.75, 0, 0, 0, 46604, 3, 
169345, 1241367007139, 1241367478738, 0, 1274, 6, 156.5, 0, 1, 0, 113794, 3, 0
169408, 1241363960211, 1241366296513, 0, 0, 0, 0, 0, 3, 4, 173395, 4, 0
169985, 1241373700615, , 0, 180, 1, 143, 0, 0, 0, 346553, 4, 0
171145, 1241366010059, 1241367967762, 0, 315, 2, 182.5, 0, 1, 0, 1265, 4, 6
171720, 1241373703686, 1241373872258, 0, 0, 0, 0, 94555, 2, 1, 128013, 4, 1
174027, , , 264.7, 0, 0, 0, 0, 2, 0, 24572, , 
174092, 1241366008752, 1241372947810, 0, 3649, 28, 136.03571428571428, 0, 0, 0, 562060, 3, 
175065, , , 45.900000000000006, 0, 0, 0, 0, 1, 3, 401467, , 
180951, , , 15.6, 0, 0, 0, 0, 2, 7, 153510, , 
182050, 1241369751745, 1241369797575, 0, 0, 0, 0, 0, 0, 0, 0, 1, 
184475, , , 9, 0, 0, 0, 0, 4, 4, 206912, , 
187169, 1241367015790, 1241368453217, 0, 472, 3, 144.66666666666666, 0, 1, 0, 110178, 1, 1
188229, , , 112.55, 0, 0, 0, 0, 2, 11, 168234, , 
1892, , , 130, 0, 0, 0, 0, 19, 6, 995, , 
190864, , , 25.1, 0, 0, 0, 0, 2, 1, 296361, , 
191704, 1241364564710, 1241364611704, 0, 0, 0, 0, 0, 0, 0, 0, 1, 
192080, , , 95.30000000000001, 0, 0, 0, 0, 2, 11, 220964, , 
192883, 1241370245349, 1241370538125, 0, 258, 1, 515, 0, 8, 2, 210210, 7, 5
193732, 1241372178336, , 0, 0, 0, 0, 0, 0, 0, 189849, 2, 0
193978, , , 164.6, 0, 0, 0, 0, 4, 5, 196206, , 
195722, 1241364200875, 1241365138762, 0, 100, 1, 93, 37528, 1, 0, 208602, 6, 1
196231, , , 20.8, 0, 0, 0, 0, 5, 0, 7078, , 
196654, 1241373747741, 1241374138025, 0, 0, 0, 0, 0, 0, 0, 225367, 3, 0
197452, 1241371493098, 1241371661960, 0, 0, 0, 0, 79181, 1, 1, 63964, 3, 0
1975, 1241373840750, , 0, 218, 2, 119.5, 0, 0, 0, 0, 1, 0
198149, , , 310.8500000000001, 0, 0, 0, 0, 1, 7, 380604, , 
198422, 1241369717109, 1241369832280, 0, 0, 0, 0, 0, 0, 0, 1148755, 1, 
199030, 1241367287745, 1241367297000, 0, 0, 0, 0, 0, 0, 0, 133817, 1, 0
199427, , , 736.9, 0, 0, 0, 0, 1, 3, 208602, , 
202104, 1241365707779, 1241367717183, 0, 208, 2, 143.5, 0, 0, 0, 196231, 2, 
204546, , , 21.950000000000003, 0, 0, 0, 0, 2, 5, 7078, , 
204792, 1241364593415, 1241371405658, 0, 1371, 11, 119.36363636363636, 80646, 0, 0, 80646, 2, 
205205, 1241371226382, 1241371239497, 0, 0, 0, 0, 0, 0, 0, 191349, 1, 
208602, , , 378.45, 0, 0, 0, 0, 7, 3, 351626, , 
208699, , , 264.55, 0, 0, 0, 0, 4, 7, 36200, , 
210163, , , 95.60000000000001, 0, 0, 0, 0, 12, 5, 255725, , 
210210, , , 25.8, 0, 0, 0, 0, 4, 13, 381607, , 
2108, 1241372660102, , 100.80000000000001, 1319, 7, 233.71428571428572, 198620, 4, 0, 1090442, 4, 0
212304, 1241366078301, 1241368689011, 0, 1139, 7, 186.14285714285714, 0, 0, 0, 1092321, 4, 0
212764, 1241370309175, 1241370536161, 0, 120, 1, 127, 0, 0, 0, 2108, 1, 
214539, , , 61.10000000000001, 0, 0, 0, 0, 1, 2, 72070, , 
217283, , , 78.3, 0, 0, 0, 0, 47, 20, 57393, , 
218716, 1241369528729, 1241370103031, 90.1, 675, 1, 980, 0, 11, 2, 188229, 9, 7
220964, , , 47.650000000000006, 0, 0, 0, 0, 5, 14, 143501, , 
227147, 1241364293593, 1241364792196, 267.15, 312, 2, 145, 0, 6, 4, 238782, 5, 2
22731, , , 49.00000000000001, 0, 0, 0, 0, 14, 1, 351430, , 
227806, , , 43.900000000000006, 0, 0, 0, 0, 2, 0, 204546, , 
227953, , , 10.350000000000001, 0, 0, 0, 0, 2, 4, 320570, , 
23340, 1241367696971, 1241367710517, 0, 0, 0, 0, 0, 10, 14, 383387, 20, 11
234337, , , 112.70000000000002, 0, 0, 0, 0, 5, 5, 97523, , 
238782, , , 160.20000000000002, 0, 0, 0, 0, 2, 6, 180951, , 
238812, 1241370098107, 1241373011950, 0, 953, 1, 425, 546831, 10, 6, 192080, 5, 2
239280, 1241370058931, 1241371152183, 0, 476, 3, 158.66666666666666, 0, 0, 0, 202632, 2, 0
24572, , , 132.35, 0, 0, 0, 0, 1, 2, 108988, , 
247971, 1241366085382, 1241366479108, 0, 55, 1, 15, 0, 0, 0, 0, 1, 
247992, 1241367807813, 1241368663362, 0, 611, 4, 192.5, 0, 2, 4, 214539, 5, 4
24814, 1241370926064, , 16.9, 1395, 11, 84, 0, 1, 0, 152578, 2, 0
25243, 1241364527925, 1241364802663, 0, 0, 0, 0, 0, 0, 0, 0, 1, 
256746, , , 98.1, 0, 0, 0, 0, 5, 30, 61984, , 
259344, , , 67.4, 0, 0, 0, 0, 21, 11, 143538, , 
261567, 1241363605508, 1241363612523, 0, 0, 0, 0, 0, 31, 8, 237231, 13, 13
274529, 1241365832612, 1241366675293, 0, 1036, 9, 121.88888888888889, 0, 0, 0, 1192337, 2, 
277543, 1241373341925, 1241373354086, 0, 0, 0, 0, 0, 0, 0, 0, 1, 
2796, 1241373101423, 1241373367049, 0, 674, 3, 249, 132449, 3, 1, 259344, 5, 1
283305, , , 52.75, 0, 0, 0, 0, 1, 8, 497122, , 
285205, 1241370569905, 1241371287633, 330.59999999999997, 1378, 9, 128.44444444444446, 0, 4, 0, 154004, 3, 
285875, 1241368340212, 1241368370116, 0, 0, 0, 0, 0, 0, 0, 395300, 1, 0
286583, 1241367792035, 1241367830570, 0, 0, 0, 0, 0, 0, 0, 141864, 2, 0
287970, 1241370648969, 1241370661487, 0, 0, 0, 0, 0, 0, 0, 0, 1, 
294734, 1241373049947, 1241373105624, 0, 0, 0, 0, 0, 0, 0, 170336, 2, 0
296361, , , 12.55, 0, 0, 0, 0, 3, 11, 180570, , 
303831, 1241373092539, 1241373132924, 0, 0, 0, 0, 0, 0, 0, 304929, 1, 
307471, 1241370842544, , 49.900000000000006, 3505, 13, 402.38461538461536, 0, 6, 16, 12, 10, 4
308714, 1241372598688, 1241372681409, 0, 0, 0, 0, 0, 0, 0, 301548, 1, 
31330, , , 12.600000000000001, 0, 0, 0, 0, 1, 0, 1192337, , 
314868, 1241367225103, 1241367599344, 0, 0, 0, 0, 0, 0, 0, 187169, 1, 
315071, 1241364172760, 1241365250461, 0, 593, 5, 114.8, 0, 0, 0, 900329, 2, 0
32169, 1241367233050, 1241368222571, 0, 1233, 4, 312.75, 219, 7, 0, 10260, 12, 4
330793, 1241373701350, 1241373775376, 0, 0, 0, 0, 0, 2, 1, 112093, 6, 2
338409, , , 11.3, 0, 0, 0, 0, 4, 4, 65584, , 
340234, 1241366747827, 1241366762690, 0, 0, 0, 0, 0, 0, 0, 0, 1, 
346096, , , 20.700000000000003, 0, 0, 0, 0, 2, 0, 227953, , 
346553, , , 18, 0, 0, 0, 0, 2, 0, 184475, , 
351430, , , 39.2, 0, 0, 0, 0, 11, 44, 336228, , 
351598, , , 422.54999999999995, 0, 0, 0, 0, 1, 29, 359624, , 
351626, , , 10.8, 0, 0, 0, 0, 7, 15, 183403, , 
35568, , , 279.45, 0, 0, 0, 0, 1, 23, 258951, , 
359624, , , 204.64999999999998, 0, 0, 0, 0, 3, 5, 201132, , 
36200, , , 94.75000000000001, 0, 0, 0, 0, 2, 5, 93202, , 
36411, 1241371489521, 1241372458883, 0, 0, 0, 0, 0, 0, 0, 269080, 1, 
372304, 1241369945321, 1241369953505, 0, 0, 0, 0, 0, 0, 0, 0, 1, 
377820, , , 161.10000000000002, 0, 0, 0, 0, 1, 1, 53030, , 
380604, , , 108.39999999999999, 0, 0, 0, 0, 4, 7, 375444, , 
380780, 1241373951849, 1241373954400, 0, 0, 0, 0, 0, 0, 0, 199782, 2, 0
3811, 1241372612435, 1241372869904, 59.6, 355, 1, 281, 452296, 1, 1, 452296, 4, 
381607, , , 12.9, 0, 0, 0, 0, 1, 4, 153510, , 
383249, , , 336.05, 0, 0, 0, 0, 4, 1, 193978, , 
383387, , , 175.25, 0, 0, 0, 0, 6, 56, 0, , 
384703, , , 5.15, 0, 0, 0, 0, 2, 7, 338481, , 
39171, , , 28.6, 0, 0, 0, 0, 8, 9, 102770, , 
39180, 1241373940711, , 0, 0, 0, 0, 0, 7, 14, 68619, 7, 1
397835, , , 91.60000000000001, 0, 0, 0, 0, 5, 25, 47379, , 
40081, 1241365258233, 1241366698128, 0, 116, 2, 107.5, 0, 0, 0, 119842, 1, 
401467, , , 22.950000000000003, 0, 0, 0, 0, 1, 1, 479, , 
401764, 1241372625521, 1241372648035, 0, 0, 0, 0, 0, 0, 0, 147628, 1, 0
402647, , , 13.6, 0, 0, 0, 0, 10, 3, 408501, , 
406769, 1241372104685, 1241372274002, 0, 157, 1, 157, 0, 0, 0, 431677, 2, 0
406928, 1241366714656, 1241368645932, 0, 1184, 8, 151.25, 0, 0, 0, 1148755, 2, 0
408501, , , 96.4, 0, 0, 0, 0, 6, 14, 637936, , 
409656, , , 10.3, 0, 0, 0, 0, 7, 1, 384703, , 
413249, , , 19.6, 0, 0, 0, 0, 1, 0, 94072, , 
4139, , , 46.199999999999996, 0, 0, 0, 0, 21, 23, 713, , 
415271, 1241365845483, 1241366814208, 0, 289, 2, 158, 0, 10, 2, 66689, 4, 0
4297, 1241373700166, , 0, 0, 0, 0, 0, 1, 0, 475692, 5, 1
430717, , , 196.2, 0, 0, 0, 0, 30, 5, 256746, , 
430891, , , 24.300000000000004, 0, 0, 0, 0, 9, 5, 111249, , 
431598, 1241364682094, 1241366014161, 0, 226, 1, 146, 639914, 0, 0, 921283, 3, 0
431677, , , 15.700000000000001, 0, 0, 0, 0, 1, 0, 455351, , 
43386, , , 237.90000000000003, 0, 0, 0, 0, 4, 2, 130244, , 
43402, , , 123.75, 0, 0, 0, 0, 11, 12, 123961, , 
438751, 1241366557359, 1241366726394, 191.20000000000002, 0, 0, 0, 0, 4, 0, 210163, 5, 1
446342, 1241367631538, 1241368855095, 0, 207, 2, 103.5, 0, 0, 0, 346096, 2, 0
447249, 1241372257167, , 0, 7369, 13, 594.5384615384615, 10642, 3, 3, 199427, 14, 2
452296, , , 116.6, 0, 0, 0, 0, 7, 4, 103144, , 
455351, , , 7.8500000000000005, 0, 0, 0, 0, 1, 1, 176478, , 
46604, , , 107.6, 0, 0, 0, 0, 2, 0, 921283, , 
47445, 1241367076428, 1241367087034, 0, 0, 0, 0, 72522, 7, 6, 2843, 12, 2
480066, 1241367643057, 1241367660750, 0, 0, 0, 0, 0, 0, 0, 507656, 1, 0
48064, 1241368583758, 1241368812210, 0, 0, 0, 0, 0, 0, 0, 132646, 2, 
480870, 1241368543248, 1241370061976, 0, 1113, 7, 151.28571428571428, 0, 0, 0, 0, 2, 
48126, 1241363652955, 1241363657073, 0, 0, 0, 0, 0, 5, 1, 145896, 7, 6
48163, 1241368164153, 1241368416640, 0, 2030, 12, 122.25, 0, 0, 0, 900329, 2, 
48787, 1241363753214, 1241363845702, 0, 0, 0, 0, 0, 0, 0, 0, 1, 
497122, , , 11.75, 0, 0, 0, 0, 14, 7, 82321, , 
499103, 1241371311480, 1241371370210, 0, 0, 0, 0, 0, 0, 0, 0, 1, 0
502119, , , 33.050000000000004, 0, 0, 0, 0, 8, 12, 22707, , 
506653, 1241369681757, 1241369703025, 0, 0, 0, 0, 0, 0, 0, 0, 1, 0
509288, 1241371584484, 1241372086518, 0, 0, 0, 0, 0, 0, 0, 566404, 1, 0
512911, 1241372561588, 1241372630325, 0, 0, 0, 0, 0, 0, 0, 0, 1, 1
53030, , , 87.85000000000001, 0, 0, 0, 0, 9, 6, 122907, , 
535473, 1241370551212, 1241370577098, 0, 0, 0, 0, 0, 0, 0, 0, 1, 
538748, , , 14.600000000000001, 0, 0, 0, 0, 1, 5, 53030, , 
541655, , , 62, 0, 0, 0, 0, 1, 14, 126451, , 
543921, 1241363708609, 1241367972137, 0, 1183, 7, 138.28571428571428, 0, 8, 0, 1092321, 4, 0
546523, 1241365450935, 1241365928921, 0, 103, 1, 77, 0, 0, 0, 409656, 1, 0
54776, 1241371092211, 1241372232167, 298.7, 0, 0, 0, 1062, 70, 32, 89757, 15, 3
55022, 1241366523010, 1241368088992, 0, 146, 1, 166, 0, 5, 0, 538748, 3, 
5522, 1241370671019, 1241371536693, 0, 448, 4, 115, 0, 0, 0, 8938, 2, 
553237, 1241370061165, 1241370094568, 0, 0, 0, 0, 0, 0, 0, 0, 1, 
562060, 1241370295432, 1241373478183, 136.40000000000003, 585, 5, 118, 0, 5, 0, 592692, 3, 
564162, 1241368053893, 1241368767896, 0, 255, 2, 127.5, 176275, 2, 0, 141364, 6, 1
57393, , , 39.15, 0, 0, 0, 0, 5, 55, 159420, , 
57717, , , 248.05000000000004, 0, 0, 0, 0, 4, 10, 110178, , 
578918, 1241364205584, 1241364521408, 0, 0, 0, 0, 0, 2, 0, 179326, 3, 0
58022, 1241371175365, 1241371697779, 0, 459, 1, 468, 0, 3, 5, 175065, 4, 0
592692, 1241373511349, , 126.70000000000002, 235, 1, 204, 836050, 8, 8, 283305, 7, 7
600380, 1241369531574, 1241370192198, 0, 675, 1, 370, 0, 0, 0, 218716, 1, 
611789, 1241370760907, 1241374212579, 51.300000000000004, 1608, 10, 154.5, 0, 2, 0, 642041, 3, 
61264, 1241372876040, 1241372956213, 0, 0, 0, 0, 0, 0, 0, 0, 1, 
618376, , , 122.80000000000001, 0, 0, 0, 0, 5, 1, 900329, , 
618839, 1241373149860, 1241373509920, 0, 0, 0, 0, 0, 0, 0, 603011, 1, 
619032, 1241371093572, 1241372629750, 0, 1228, 7, 178.57142857142858, 0, 0, 0, 618376, 2, 
623915, 1241372903439, 1241373312165, 0, 105, 1, 110, 0, 0, 0, 611789, 1, 
624616, 1241373811001, , 0, 0, 0, 0, 0, 1, 0, 104252, 2, 0
632287, 1241372879541, 1241372897542, 0, 0, 0, 0, 0, 0, 0, 0, 1, 
634607, 1241367142908, 1241369248443, 0, 123, 1, 123, 0, 2, 1, 54776, 4, 
636873, 1241367289655, 1241368702635, 0, 0, 0, 0, 0, 0, 0, 1892, 2, 
637936, , , 42.75, 0, 0, 0, 0, 3, 6, 217283, , 
638984, 1241370992096, 1241371036737, 0, 0, 0, 0, 0, 0, 0, 0, 1, 
63951, 1241368431446, 1241368956410, 10.100000000000001, 101, 1, 99, 0, 1, 0, 54776, 2, 0
64152, , , 15.600000000000001, 0, 0, 0, 0, 5, 1, 108338, , 
642041, 1241370358262, 1241373612238, 186.45, 864, 7, 126.28571428571429, 0, 1, 2, 16825, 2, 
643275, 1241373680130, 1241373710564, 0, 0, 0, 0, 0, 0, 0, 0, 1, 
65446, , , 27.2, 0, 0, 0, 0, 2, 0, 402647, , 
66689, , , 28.9, 0, 0, 0, 0, 4, 10, 124585, , 
674637, 1241372094547, , 0, 1233, 7, 188.85714285714286, 0, 0, 0, 1192337, 2, 0
69683, 1241369873367, 1241370387631, 0, 0, 0, 0, 0, 0, 0, 0, 1, 0
69841, 1241370174050, 1241371272164, 0, 60, 1, 120, 0, 0, 0, 16825, 2, 
701624, 1241373833467, 1241374137907, 0, 218, 2, 115, 0, 0, 0, 98629, 2, 
70557, 1241374077343, , 242.15, 0, 0, 0, 0, 5, 23, 502119, 5, 2
7078, , , 10.4, 0, 0, 0, 0, 9, 18, 177916, , 
70997, , , 183.20000000000002, 0, 0, 0, 0, 25, 29, 397835, , 
713, , , 162.75, 0, 0, 0, 0, 10, 65, 12, , 
72070, , , 30.550000000000004, 0, 0, 0, 0, 5, 8, 36, , 
74412, 1241370489851, 1241370538816, 0, 572, 3, 182.33333333333334, 171193, 0, 0, 102613, 4, 0
757190, 1241369528062, 1241369566535, 0, 0, 0, 0, 0, 0, 0, 0, 1, 
769463, 1241370816923, 1241372148583, 0, 870, 6, 135.83333333333334, 208692, 1, 0, 430717, 4, 
797824, , , 65.95000000000002, 0, 0, 0, 0, 15, 4, 82321, , 
79942, 1241370160767, , 188.1, 2168, 11, 180.45454545454547, 633051, 7, 5, 198149, 6, 2
80646, 1241365719958, 1241371350150, 60.3, 1564, 12, 138.25, 204792, 1, 0, 1148755, 4, 
82321, 1241365055212, 1241368641051, 162.64999999999998, 1732, 7, 392.2857142857143, 138183, 6, 35, 57717, 11, 2
834132, 1241371277024, 1241371338369, 0, 1423, 9, 200.88888888888889, 0, 0, 0, 285205, 2, 
834357, 1241371665144, 1241372323789, 0, 127, 1, 127, 0, 0, 0, 0, 1, 
836050, 1241371505252, , 0, 1296, 5, 367.6, 592692, 7, 0, 113237, 5, 2
849362, 1241372501704, 1241373164236, 0, 272, 3, 90.66666666666667, 0, 0, 0, 65446, 2, 
85079, , , 247.5, 0, 0, 0, 0, 4, 11, 43402, , 
85132, 1241367941632, 1241368057702, 0, 0, 0, 0, 0, 2, 0, 42736, 2, 2
862584, 1241367795321, 1241368013837, 0, 0, 0, 0, 0, 0, 0, 0, 1, 
86614, 1241369653688, 1241369715317, 0, 1300, 8, 176.625, 0, 0, 0, 1892, 4, 
868186, 1241366154950, 1241366315343, 0, 0, 0, 0, 298666, 1, 0, 210163, 5, 1
870773, 1241370453751, 1241371889433, 0, 243, 3, 85.66666666666667, 0, 0, 0, 430891, 2, 
87078, 1241372250706, 1241372305162, 0, 0, 0, 0, 0, 3, 1, 103921, 6, 3
8938, , , 124, 0, 0, 0, 0, 14, 5, 541655, , 
89757, , , 11.200000000000001, 0, 0, 0, 0, 3, 73, 20260, , 
900329, 1241363468005, 1241364692222, 413.5, 661, 4, 250.5, 1084285, 23, 5, 70557, 8, 2
90041, , , 68.9, 0, 0, 0, 0, 6, 8, 258951, , 
9067, 1241374202258, , 0, 662, 4, 175.75, 0, 0, 0, 8938, 2, 0
908609, 1241368957120, 1241368961257, 0, 0, 0, 0, 0, 0, 0, 0, 1, 
921283, , , 76.4, 0, 0, 0, 0, 4, 2, 338409, , 
939852, 1241373827157, , 0, 0, 0, 0, 0, 0, 0, 0, 1, 0
94072, , , 9.8, 0, 0, 0, 0, 3, 5, 96987, , 
942791, 1241370059134, 1241372958659, 0, 783, 4, 131.5, 0, 0, 0, 217283, 3, 
944429, 1241367394813, 1241372763141, 13.700000000000001, 3292, 14, 259.07142857142856, 0, 1, 0, 383249, 4, 
94657, , , 63.7, 0, 0, 0, 0, 1, 3, 163484, , 
95038, 1241364951736, 1241364976142, 0, 0, 0, 0, 0, 0, 0, 0, 1, 
95357, 1241371925940, 1241372124180, 0, 0, 0, 0, 0, 0, 0, 0, 1, 
96587, 1241373824219, 1241374257495, 0, 246, 2, 123, 0, 0, 0, 0, 1, 
96813, 1241369661803, 1241369863064, 0, 490, 2, 246.5, 0, 0, 0, 22731, 3, 
97523, , , 56.35000000000001, 0, 0, 0, 0, 1, 5, 371343, , 
983645, 1241372756359, 1241372781571, 0, 0, 0, 0, 0, 0, 0, 0, 1, 
98510, 1241372763327, 1241373400448, 0, 294, 1, 182, 0, 1, 0, 123794, 4, 0
98566, 1241372990914, 1241373552995, 0, 120, 1, 113, 0, 0, 0, 285205, 1, 
98629, , , 21.8, 0, 0, 0, 0, 3, 0, 408501, , 
990799, , , 26.700000000000003, 0, 0, 0, 0, 5, 9, 836417, , 
995, , , 65, 0, 0, 0, 0, 11, 22, 12, , 
998652, , , 53.400000000000006, 0, 0, 0, 0, 3, 6, 990799, , 
<<<<EndTable

PlayersOnlineNow=33
PlayersOnlineEachMinute=0, 3, 7, 7, 9, 11, 13, 12, 12, 12, 12, 13, 15, 16, 18, 17, 18, 18, 17, 19, 19, 19, 18, 16, 16, 17, 17, 20, 18, 19, 18, 18, 20, 22, 23, 23, 25, 26, 28, 28, 28, 27, 29, 31, 33, 34, 35, 35, 33, 34, 35, 34, 35, 35, 31, 32, 31, 32, 32, 34, 37, 36, 34, 36, 36, 36, 35, 33, 33, 31, 36, 32, 33, 35, 35, 33, 30, 32, 30, 30, 31, 31, 32, 32, 34, 35, 37, 33, 31, 31, 27, 29, 26, 26, 28, 29, 27, 26, 28, 28, 27, 27, 29, 27, 27, 26, 25, 25, 28, 25, 27, 25, 29, 28, 32, 34, 32, 33, 33, 37, 37, 38, 40, 45, 43, 42, 42, 40, 41, 41, 41, 41, 36, 35, 37, 35, 35, 36, 36, 35, 36, 35, 38, 39, 39, 36, 36, 37, 36, 35, 35, 36, 36, 35, 37, 37, 36, 33, 34, 32, 30, 30, 27, 29, 31, 31, 31, 27, 29, 27, 26, 30, 31, 34, 33, 34, 36, 36, 36, 35
PlayersInEachFeedingGame=3, 2, 1, 1, 1, 2, 1, 2, 2, 2, 2, 2, 2, 2, 2, 2, 1, 1, 2, 1, 2, 1, 2, 2, 2, 2, 2, 1, 2, 2, 1, 2, 2, 2, 2, 2, 2, 1, 3, 1, 1, 2, 1, 2, 1, 2, 2, 2, 1, 2, 2, 2, 1, 2, 2, 2, 2, 1, 2, 2, 2, 1, 2, 2, 2, 2, 1, 3, 2, 2, 2, 1, 2, 1, 1, 1, 1, 3, 2, 2, 2, 1, 2, 2, 2, 2, 2, 2, 2, 2, 2, 2, 2, 1, 2, 2, 2, 1, 2, 2, 2, 2, 2, 2, 2, 2, 2, 2, 1, 1, 1, 1, 2, 2, 3, 2, 2, 1, 1, 1, 1, 2, 2, 2, 2, 2, 1, 2, 2, 2, 2, 1, 1, 2, 2, 1, 2, 2, 2, 2, 2, 2, 1, 2, 2, 2, 2, 2, 2, 2, 1, 2, 1, 1, 1, 2, 1, 2, 1, 2, 2, 2, 1, 2, 1, 1, 2, 2, 2, 1, 2, 2, 1, 1, 2, 2, 2, 2, 2, 1, 1, 2, 2, 2, 3, 2, 2, 2, 2, 2, 2, 1, 2, 1, 2, 2, 2, 2, 2, 2, 2, 2, 2, 2, 2, 2, 1, 1, 1, 2, 2, 2, 1, 2, 2, 1, 2, 1, 2, 1, 1, 2, 1, 2, 1, 1, 3, 2, 2, 1, 2, 2, 1, 2, 1, 2, 1, 2, 2, 1, 2, 2, 2, 2, 1, 1, 1, 2, 2, 1, 2, 1, 1, 2, 1, 1, 2, 2, 2, 1, 2, 1, 1, 2, 1, 1, 2, 2, 2, 1, 2, 3, 1, 1, 1, 1, 2, 2, 2, 2, 1, 2, 2, 2, 2, 2, 2, 2, 1, 2, 1, 2, 2, 3, 2, 2, 1, 1, 1, 2, 1, 2, 2, 1, 1, 2, 1, 3, 3, 1, 1, 1, 2, 2, 2, 1
PlayersStarted=460
PlayersQuit=427
StatsStartTime=1241363466672
StatsDumpTime=1241374267575
<<<<EndStats
2009-05-03 11:11:30,425 ERROR: vampire.server.feeding.FeedingRecord sendPlayerStartGameMsg [playerId=9067, prey=false, _predatorIndex=]
2009-05-03 11:11:54,377 ERROR: vampire.server.feeding.FeedingRecord sendPlayerStartGameMsg [playerId=156489, prey=true, _predatorIndex=]
2009-05-03 11:11:54,377 ERROR: vampire.server.feeding.FeedingRecord sendPlayerStartGameMsg [playerId=295964, prey=false, _predatorIndex=]
2009-05-03 11:12:10,765 ERROR: vampire.server.feeding.FeedingRecord sendPlayerStartGameMsg [playerId=152578, prey=false, _predatorIndex=]
2009-05-03 11:12:29,105 ERROR: vampire.server.feeding.FeedingRecord sendPlayerStartGameMsg [playerId=307471, prey=false, _predatorIndex=]
2009-05-03 11:12:29,815 ERROR: vampire.server.feeding.FeedingRecord sendPlayerStartGameMsg [playerId=1408, prey=false, _predatorIndex=]
2009-05-03 11:12:33,929 ERROR: vampire.server.feeding.FeedingRecord sendPlayerStartGameMsg [playerId=161001, prey=false, _predatorIndex=307471]
2009-05-03 11:12:42,989 ERROR: vampire.server.feeding.FeedingRecord sendPlayerStartGameMsg [playerId=1192337, prey=false, _predatorIndex=]
2009-05-03 11:13:03,392 ERROR: vampire.server.feeding.FeedingRecord sendPlayerStartGameMsg [playerId=2108, prey=true, _predatorIndex=]
2009-05-03 11:13:03,393 ERROR: vampire.server.feeding.FeedingRecord sendPlayerStartGameMsg [playerId=1119819, prey=false, _predatorIndex=]
2009-05-03 11:13:05,834 ERROR: vampire.server.feeding.FeedingRecord sendPlayerStartGameMsg [playerId=674637, prey=false, _predatorIndex=]
2009-05-03 11:13:09,919 ERROR: vampire.server.feeding.FeedingRecord sendPlayerStartGameMsg [playerId=482345, prey=false, _predatorIndex=295964]
2009-05-03 11:13:11,617 ERROR: vampire.server.feeding.FeedingRecord sendPlayerStartGameMsg [playerId=161001, prey=false, _predatorIndex=307471,161001]
2009-05-03 11:13:59,713 ERROR: vampire.server.feeding.FeedingRecord sendPlayerStartGameMsg [playerId=9067, prey=false, _predatorIndex=]
2009-05-03 11:14:08,561 ERROR: vampire.server.feeding.FeedingRecord sendPlayerStartGameMsg [playerId=73015, prey=false, _predatorIndex=1408]
2009-05-03 11:14:18,962 ERROR: vampire.server.feeding.FeedingRecord sendPlayerStartGameMsg [playerId=1062199, prey=true, _predatorIndex=]
2009-05-03 11:14:18,963 ERROR: vampire.server.feeding.FeedingRecord sendPlayerStartGameMsg [playerId=35685, prey=false, _predatorIndex=]
2009-05-03 11:14:21,022 ERROR: vampire.server.feeding.FeedingRecord sendPlayerStartGameMsg [playerId=156489, prey=true, _predatorIndex=]
2009-05-03 11:14:21,023 ERROR: vampire.server.feeding.FeedingRecord sendPlayerStartGameMsg [playerId=482345, prey=false, _predatorIndex=]
2009-05-03 11:14:41,898 ERROR: vampire.server.feeding.FeedingRecord sendPlayerStartGameMsg [playerId=1203117, prey=true, _predatorIndex=]
2009-05-03 11:14:41,899 ERROR: vampire.server.feeding.FeedingRecord sendPlayerStartGameMsg [playerId=284839, prey=false, _predatorIndex=]
2009-05-03 11:14:58,170 ERROR: vampire.server.feeding.FeedingRecord sendPlayerStartGameMsg [playerId=164943, prey=false, _predatorIndex=]
2009-05-03 11:15:02,721 ERROR: vampire.server.feeding.FeedingRecord sendPlayerStartGameMsg [playerId=24814, prey=true, _predatorIndex=]
2009-05-03 11:15:02,722 ERROR: vampire.server.feeding.FeedingRecord sendPlayerStartGameMsg [playerId=295964, prey=false, _predatorIndex=]
2009-05-03 11:15:29,644 ERROR: vampire.server.feeding.FeedingRecord sendPlayerStartGameMsg [playerId=1125992, prey=true, _predatorIndex=]
2009-05-03 11:15:29,645 ERROR: vampire.server.feeding.FeedingRecord sendPlayerStartGameMsg [playerId=307471, prey=false, _predatorIndex=]
2009-05-03 11:15:47,890 ERROR: vampire.server.feeding.FeedingRecord sendPlayerStartGameMsg [playerId=153097, prey=true, _predatorIndex=]
2009-05-03 11:15:47,891 ERROR: vampire.server.feeding.FeedingRecord sendPlayerStartGameMsg [playerId=1408, prey=false, _predatorIndex=]
2009-05-03 11:16:21,817 ERROR: vampire.server.feeding.FeedingRecord sendPlayerStartGameMsg [playerId=836050, prey=false, _predatorIndex=35685]
--- buffer full ---

