
>>>>BeginStats

>>>>BeginTable
PlayerId, StartTime, EndTime, ProgenyPayout, XPFromFeeding, FeedingGames, MeanFeedingScore, BloodBond, Progeny, GrandProgeny, Sire, Level, Invites
101128,1240775810641,0,0,482,3,110.66666666666667,0,0,0,271936,1,0
103033,1240779687339,0,0,0,0,0,767143,5,3,81899,4,0
10642,1240777049791,1240778004344,92,1119,3,494,447249,24,30,351598,13,2
106870,1240775767746,1240777745746,0,686,5,149.2,0,0,0,87198,3,null
111249,1240779061156,1240779157617,0,0,0,0,0,2,9,188370,8,3
113237,1240779530606,1240779551284,70.2,569,2,284.5,0,6,0,10642,4,null
115195,1240777649882,1240778261630,0,800,7,72.28571428571429,0,0,0,218716,1,0
118794,1240778496923,1240778749354,0,0,0,0,0,0,0,172329,2,0
12,undefined,0,2747.6499999999987,0,0,0,0,19,84,383387,undefined,undefined
120076,1240777546727,1240777968529,0,1990,6,273.1666666666667,0,9,2,34987,5,1
122907,undefined,0,253.10000000000002,0,0,0,0,6,9,251062,undefined,undefined
123961,1240776759176,1240779057524,0,5447,13,532.3076923076923,878,5,18,713,13,2
124516,1240777791526,1240778119026,0,0,0,0,0,0,0,159201,4,0
1265,1240776460074,0,0,7457,12,780.75,713,9,17,12,15,3
126987,1240777658026,1240777669888,0,0,0,0,0,0,0,41022,2,0
12791,undefined,0,918.8000000000001,0,0,0,0,9,5,12,undefined,undefined
128639,undefined,0,45.400000000000006,0,0,0,0,1,1,20731,undefined,undefined
129222,1240778058817,1240778074416,0,0,0,0,0,0,0,261567,1,0
131355,1240775641638,1240776016828,0,0,0,0,0,1,2,461901,4,0
132646,undefined,0,27.3,0,0,0,0,8,1,202501,undefined,undefined
132921,undefined,0,41.7,0,0,0,0,6,2,211601,undefined,undefined
133482,undefined,0,185,0,0,0,0,5,2,180951,undefined,undefined
135504,1240775888113,1240775952915,0,0,0,0,139439,2,1,75123,4,0
139625,1240775654137,1240779321181,0,4921,26,190.3846153846154,0,0,0,415376,4,0
140573,1240777605896,1240778402450,0,0,0,0,0,0,0,178528,3,0
140986,1240777450388,1240778775349,10.700000000000001,346,3,114,0,4,0,187381,3,null
141461,1240777860938,0,0,2740,9,384.1111111111111,0,2,0,468188,5,1
142178,undefined,0,156.70000000000002,0,0,0,0,2,14,73621,undefined,undefined
143023,1240776913432,1240777154252,0,199,1,75,0,0,0,510740,1,null
143309,1240778429281,1240778439862,0,0,0,0,0,0,0,1265,3,0
144124,1240775633370,1240775964084,0,368,2,122,0,0,0,304536,2,0
148695,1240779331574,0,0,674,3,220,306511,8,6,161896,9,4
151709,1240776331132,1240778470799,0,0,0,0,475837,2,1,510740,3,null
1531,undefined,0,96.60000000000001,0,0,0,0,3,11,12,undefined,undefined
154004,1240778966052,1240778987226,0,0,0,0,561706,6,0,90041,4,0
159194,1240777615558,1240778592700,0,0,0,0,0,0,0,178269,4,3
159888,1240775657231,1240775699134,0,0,0,0,0,0,0,300612,1,null
16040,undefined,0,99.4,0,0,0,0,7,10,3,undefined,undefined
163435,1240775864731,1240775927766,0,0,0,0,0,0,0,0,1,null
166074,1240775615233,1240778167051,0,686,3,245,301294,4,0,308219,5,2
167609,1240776059194,1240777272024,0,454,3,122,0,1,0,128639,2,null
168234,undefined,0,21.700000000000003,0,0,0,0,6,1,100080,undefined,undefined
16825,undefined,0,8.5,0,0,0,0,13,1,4139,undefined,undefined
170191,undefined,0,89.20000000000002,0,0,0,0,2,6,202873,undefined,undefined
171151,1240776152232,1240777032558,27.95,0,0,0,77,30,17,21067,13,3
171513,1240776588199,1240776612628,6.300000000000001,892,3,306,0,6,6,170191,10,2
172214,1240776499935,1240776589282,0,0,0,0,0,1,0,133482,1,1
172743,1240777260415,1240777387008,0,0,0,0,0,0,0,148695,4,0
173395,undefined,0,19.650000000000002,0,0,0,0,5,5,130244,undefined,undefined
176491,1240778634473,1240778701591,0,0,0,0,0,2,0,54776,5,2
176511,undefined,0,246.04999999999998,0,0,0,0,2,1,154346,undefined,undefined
17790,1240776468793,1240777848085,0,4773,8,579.5,20260,11,10,20260,13,3
179326,undefined,0,30.200000000000003,0,0,0,0,2,2,185581,undefined,undefined
18026,undefined,0,37.75,0,0,0,0,2,3,67662,undefined,undefined
180951,undefined,0,92.5,0,0,0,0,1,5,153510,undefined,undefined
181264,undefined,0,269.1,0,0,0,0,2,0,3812,undefined,undefined
183759,1240778824981,1240779533005,0,160,1,126,0,0,0,0,1,0
185581,undefined,0,15.100000000000001,0,0,0,0,1,2,209656,undefined,undefined
187381,undefined,0,39.95,0,0,0,0,6,4,2843,undefined,undefined
188114,undefined,0,34.3,0,0,0,0,2,1,261567,undefined,undefined
188229,undefined,0,83.4,0,0,0,0,1,4,168234,undefined,undefined
1892,1240778290521,1240779685458,11,1382,6,274,455390,15,6,995,10,2
191354,1240775886237,1240776284803,0,434,2,142.5,0,0,0,261567,2,0
191984,1240778016703,0,4.4,1545,4,531.25,191950,14,4,142178,8,6
192472,1240775540239,1240775718473,0,0,0,0,0,0,0,163514,3,1
192883,1240777508429,1240777637163,0,0,0,0,0,8,2,210210,7,5
196543,1240776045179,0,194.10000000000002,1359,10,151.9,0,3,0,32314,3,1
196663,1240775749345,1240778463237,0,2193,14,146.64285714285714,0,0,0,60542,2,0
202328,undefined,0,58.95,0,0,0,0,5,4,173395,undefined,undefined
202501,undefined,0,13.65,0,0,0,0,5,12,1265,undefined,undefined
20260,1240776473412,1240777781419,629.05,5001,9,595.4444444444445,17790,15,35,12,16,13
202873,undefined,0,44.60000000000001,0,0,0,0,1,2,341164,undefined,undefined
20731,undefined,0,22.700000000000003,0,0,0,0,6,1,16040,undefined,undefined
20899,1240775878086,1240777956716,0,0,0,0,0,1,0,55922,2,0
209187,1240777233218,1240778189271,0,44,1,87,0,0,0,191984,1,null
210163,undefined,0,65.80000000000001,0,0,0,0,8,1,255725,undefined,undefined
211601,undefined,0,20.85,0,0,0,0,1,6,7078,undefined,undefined
217283,undefined,0,91.5,0,0,0,0,19,1,57393,undefined,undefined
218716,1240775863048,1240777962209,80,434,2,425,0,4,0,188229,8,5
228878,1240775874432,1240775906102,0,0,0,0,0,0,0,0,1,null
234191,1240776133144,1240776155954,0,0,0,0,0,0,0,121984,2,0
237231,undefined,0,325.2,0,0,0,0,2,25,20260,undefined,undefined
240065,1240775908784,1240776084951,0,0,0,0,0,0,0,167153,3,0
251062,undefined,0,126.55000000000001,0,0,0,0,6,8,296361,undefined,undefined
255725,undefined,0,32.900000000000006,0,0,0,0,1,8,309124,undefined,undefined
256746,undefined,0,60.95,0,0,0,0,5,28,61984,undefined,undefined
258951,1240776825425,1240777243168,0,0,0,0,555644,10,14,1265,11,8
2606,1240779020383,1240779095788,0,0,0,0,0,4,2,307471,5,1
261567,1240777942128,0,43.400000000000006,3035,8,344.875,0,25,5,237231,12,12
271936,1240775623213,1240777642786,37.5,372,3,107,0,1,0,887964,1,null
283305,undefined,0,70.2,0,0,0,0,1,0,497122,undefined,undefined
2843,undefined,0,17.3,0,0,0,0,7,18,3383,undefined,undefined
299874,1240776112500,1240776120634,0,0,0,0,0,0,0,69257,2,0
3,undefined,0,49.7,0,0,0,0,2,7,383387,undefined,undefined
300612,1240775542285,1240775629035,16.3,0,0,0,0,3,0,610359,3,0
304455,1240777622016,1240777629639,0,0,0,0,0,0,0,317371,4,0
304536,undefined,0,36.800000000000004,0,0,0,0,4,0,39171,undefined,undefined
306241,1240777653401,1240777658560,0,0,0,0,0,0,0,586681,1,null
308219,undefined,0,68.6,0,0,0,0,1,4,188114,undefined,undefined
308635,undefined,0,10.05,0,0,0,0,10,1,122194,undefined,undefined
317383,undefined,0,4.2,0,0,0,0,1,2,344937,undefined,undefined
322248,1240777056340,1240777167084,0,0,0,0,0,2,3,124493,4,0
32314,undefined,0,232.95000000000002,0,0,0,0,10,3,40508,undefined,undefined
329201,1240775998426,1240776434819,0,163,2,81.5,0,0,0,300612,1,null
3383,1240776484948,0,0,9188,17,408.3529411764706,968,4,9,12791,14,2
349835,undefined,0,8.450000000000001,0,0,0,0,4,1,140094,undefined,undefined
34987,undefined,0,199.00000000000003,0,0,0,0,2,10,8842,undefined,undefined
351430,undefined,0,137.00000000000003,0,0,0,0,1,15,336228,undefined,undefined
351598,undefined,0,140.35000000000002,0,0,0,0,1,24,359624,undefined,undefined
35169,1240777093132,1240777317250,0,0,0,0,0,0,0,0,1,null
359624,undefined,0,55.95,0,0,0,0,3,1,201132,undefined,undefined
367641,1240775702296,1240776054914,0,0,0,0,0,0,0,300612,1,null
371343,1240776320285,0,0,0,0,0,0,3,2,220964,5,2
3812,undefined,0,134.55,0,0,0,0,1,2,65584,undefined,undefined
383387,undefined,0,622.9000000000001,0,0,0,0,4,47,0,undefined,undefined
39171,undefined,0,18.400000000000002,0,0,0,0,8,4,102770,undefined,undefined
396113,undefined,0,113.30000000000001,0,0,0,0,2,4,44987,undefined,undefined
398860,undefined,0,16.900000000000002,0,0,0,0,1,0,349835,undefined,undefined
40508,undefined,0,67.95,0,0,0,0,4,10,23340,undefined,undefined
4139,1240778899559,0,4.25,4311,8,704.625,16040,11,20,713,14,3
415376,undefined,0,492.09999999999997,0,0,0,0,1,0,176511,undefined,undefined
430717,undefined,0,157.55,0,0,0,0,28,1,256746,undefined,undefined
432820,1240778523081,1240779498260,0,2691,4,188.5,0,0,0,181264,3,0
445660,undefined,0,115.10000000000001,0,0,0,0,4,5,54812,undefined,undefined
44987,undefined,0,43.1,0,0,0,0,2,8,12770,undefined,undefined
468188,undefined,0,274.00000000000006,0,0,0,0,15,2,351430,undefined,undefined
475837,undefined,0,71.30000000000001,0,0,0,0,1,0,430717,undefined,undefined
478872,1240777746915,1240777870192,0,0,0,0,0,0,0,157229,1,0
483143,1240775566933,1240775923947,0,126,1,126,0,0,0,797824,1,null
486760,1240777525596,1240777576542,0,84,1,84,0,0,0,57395,4,0
497122,undefined,0,35.1,0,0,0,0,1,1,82321,undefined,undefined
501908,1240779343373,0,0,542,2,260,0,0,0,58859,4,0
503,undefined,0,397,0,0,0,0,4,1,12,undefined,undefined
510740,1240776078473,0,19.900000000000002,2302,7,485.2857142857143,230164,51,37,534632,16,15
518342,1240777817079,1240778257870,0,658,2,129.5,0,1,0,210163,2,null
520592,undefined,0,75.5,0,0,0,0,3,0,18026,undefined,undefined
53030,1240779645761,0,0,2531,5,823,0,8,5,122907,12,3
534632,undefined,0,240.15,0,0,0,0,5,51,445660,undefined,undefined
54084,1240779377261,0,0,422,2,144.5,0,0,0,196543,1,0
545157,1240775578079,1240775896404,0,169,1,226,0,0,0,398860,2,0
546231,undefined,0,12.600000000000001,0,0,0,0,4,0,171513,undefined,undefined
5477,1240778139901,1240778279835,0,0,0,0,0,0,0,0,1,null
548201,1240776388409,1240777091313,0,0,0,0,0,1,0,217283,2,null
57393,undefined,0,45.75,0,0,0,0,5,22,159420,undefined,undefined
57395,undefined,0,8.4,0,0,0,0,2,0,317383,undefined,undefined
57717,undefined,0,107.9,0,0,0,0,4,4,110178,undefined,undefined
578918,1240778928374,0,0,302,2,136.5,0,2,0,179326,3,0
586681,1240777851862,1240778100233,0,0,0,0,0,6,7,10642,4,6
58859,1240778607173,1240779241032,54.2,862,3,458.3333333333333,43017,4,2,396113,12,2
592692,1240779226701,0,0,702,3,308.6666666666667,0,0,0,283305,2,0
60542,1240776542499,1240778955098,219.3,3457,12,365.1666666666667,167153,2,0,63964,8,1
610359,undefined,0,8.15,0,0,0,0,1,3,21457,undefined,undefined
618828,1240775933035,1240775966733,0,0,0,0,0,0,0,518207,2,null
63047,1240775860777,1240778684599,0,980,9,100.88888888888889,0,0,0,887964,2,null
630671,1240776533416,1240777044048,0,417,3,157.66666666666666,0,2,0,132921,4,null
639206,1240776547648,1240776555200,0,0,0,0,0,0,0,510740,1,null
63964,undefined,0,455.35,0,0,0,0,4,2,79181,undefined,undefined
641729,1240776265430,1240776678592,0,126,1,99,0,0,0,546231,1,null
643827,1240777609390,1240777623187,0,0,0,0,0,0,0,0,1,null
66513,1240779022932,0,0,755,3,291.6666666666667,0,0,0,520592,3,0
66540,1240777759222,0,0,1781,8,111.25,0,0,0,196543,2,0
691188,1240775540236,1240775755163,0,85,1,85,161236,1,2,16825,3,null
691604,1240778305240,1240778313805,0,0,0,0,0,0,0,81597,1,null
695030,1240777981670,1240778105373,0,0,0,0,0,0,0,0,1,null
713,undefined,0,975.8,0,0,0,0,9,19,12,undefined,undefined
718536,1240776457096,1240776981189,39.300000000000004,393,1,489,720155,4,1,202328,5,1
720155,1240776509808,1240776977069,0,393,1,297,718536,0,0,718536,4,null
73621,undefined,0,77.25,0,0,0,0,2,2,112194,undefined,undefined
755785,1240777412460,1240777776405,0,110,1,220,0,1,0,1892,3,null
764326,1240777690595,1240777901692,0,411,2,135,0,0,0,140986,1,null
767143,undefined,0,34.3,0,0,0,0,7,2,355917,undefined,undefined
769463,1240778149138,0,0,1219,8,140.25,0,0,0,430717,3,0
77,1240778584740,1240778843224,0,0,0,0,171151,10,2,12770,13,2
77969,undefined,0,20.1,0,0,0,0,1,0,308635,undefined,undefined
79181,undefined,0,172.85,0,0,0,0,2,4,116005,undefined,undefined
79279,1240777272606,1240778122609,0,330,3,110,0,0,0,133482,1,null
797824,1240775868761,0,12.600000000000001,2158,8,243.75,574401,6,1,82321,5,2
809490,1240775833218,1240776169324,0,0,0,0,0,0,0,821335,1,null
82254,1240778279109,0,0,1580,4,252,102796,1,0,133482,4,0
82321,undefined,0,222.1,0,0,0,0,4,7,57717,undefined,undefined
836050,1240779256362,0,0,702,3,158.66666666666666,0,0,0,113237,2,0
8527,1240776797898,1240778829689,0,3970,7,335.42857142857144,2090,1,0,503,6,1
870091,1240776495914,1240776615587,0,0,0,0,0,0,0,0,1,null
87198,undefined,0,68.6,0,0,0,0,2,0,767143,undefined,undefined
873537,1240775821422,1240775976459,0,0,0,0,0,0,0,0,1,null
878678,1240777156711,1240777191541,0,0,0,0,0,0,0,0,1,null
879079,1240779713026,0,0,0,0,0,0,0,0,0,1,0
881391,1240778815764,1240779202263,0,201,3,65.33333333333333,0,0,0,77969,2,null
881995,1240777255897,1240777695998,0,0,0,0,0,0,0,0,1,null
8842,1240778161751,0,99.50000000000001,966,2,552.5,22707,11,18,1531,13,6
887964,1240775555090,1240776827148,153.95000000000002,559,5,104,0,2,1,919861,2,null
890052,1240777455898,1240777627254,0,713,6,122.66666666666667,0,0,0,475837,2,null
896436,1240778941898,1240778949936,0,915,2,156,0,0,0,217283,2,null
902911,1240775722338,1240775732291,0,0,0,0,0,0,0,0,1,null
905316,1240776012990,1240776068271,0,0,0,0,0,0,0,0,1,null
9093,1240778646740,0,0,994,2,659,0,4,0,16040,5,3
911565,1240779575753,1240779594942,0,0,0,0,0,0,0,0,1,null
919861,undefined,0,123.5,0,0,0,0,1,2,171151,undefined,undefined
921826,1240776019563,1240776094039,0,0,0,0,0,0,0,0,1,null
923270,1240778933060,1240779363181,0,273,1,123,0,0,0,132646,1,null
925922,1240777477875,1240777905641,0,0,0,0,0,0,0,0,1,null
926511,1240779725317,0,0,0,0,0,0,0,0,0,1,0
926876,1240777246385,1240777250679,0,0,0,0,0,0,0,0,1,null
927720,1240779602864,1240779618561,0,0,0,0,0,0,0,0,1,null
95872,1240777591566,1240778264464,0,204,2,102,0,0,0,0,1,null
995,undefined,0,143.70000000000002,0,0,0,0,11,15,12,undefined,undefined
<<<<EndTable

PlayersOnlineNow=27
PlayersOnlineEachMinute=0, 9, 15, 17, 18, 21, 30, 29, 27, 28, 28, 29, 29, 27, 32, 30, 33, 38, 39, 36, 34, 35, 36, 37, 36, 36, 36, 37, 36, 38, 35, 33, 34, 36, 38, 40, 38, 37, 37, 39, 36, 34, 34, 31, 30, 29, 25, 26, 25, 26, 27, 28, 30, 28, 27, 27, 25, 28, 27, 29, 28, 27, 25, 26, 26, 27, 27, 26, 26, 26
PlayersInEachFeedingGame=1, 1, 2, 2, 1, 2, 1, 1, 2, 2, 3, 2, 1, 1, 2, 1, 1, 1, 2, 1, 1, 1, 1, 1, 1, 2, 2, 2, 2, 2, 1, 2, 2, 3, 1, 2, 2, 1, 2, 2, 2, 1, 2, 2, 2, 1, 2, 1, 2, 1, 2, 2, 2, 2, 1, 1, 1, 2, 1, 2, 1, 2, 1, 1, 2, 1, 1, 1, 2, 1, 2, 1, 1, 1, 1, 2, 1, 2, 1, 2, 1, 2, 2, 1, 2, 1, 1, 2, 1, 1, 2, 2, 2, 1, 2, 2, 2, 2, 1, 2, 2, 1, 2, 2, 3, 2, 1, 2, 2, 2, 2, 2, 1, 2, 2, 2, 3, 2, 2, 3, 1, 2, 2, 1, 2, 2, 2, 2, 2, 2, 1, 2, 2, 1, 1, 2
PlayersStarted=187
PlayersQuit=160
StatsStartTime=1240775529676
StatsDumpTime=1240779729919
<<<<EndStats
2009-04-26 14:03:26,473 ERROR: vampire.server.feeding.FeedingRecord sendPlayerStartGameMsg [playerId=341832, prey=false, _predatorIndex=]
2009-04-26 14:03:30,023 ERROR: vampire.server.feeding.FeedingRecord sendPlayerStartGameMsg [playerId=592692, prey=true, _predatorIndex=]
2009-04-26 14:03:30,024 ERROR: vampire.server.feeding.FeedingRecord sendPlayerStartGameMsg [playerId=836050, prey=false, _predatorIndex=]
2009-04-26 14:03:45,391 ERROR: vampire.server.feeding.FeedingRecord sendPlayerStartGameMsg [playerId=196543, prey=true, _predatorIndex=]
2009-04-26 14:03:45,391 ERROR: vampire.server.feeding.FeedingRecord sendPlayerStartGameMsg [playerId=879079, prey=false, _predatorIndex=]
2009-04-26 14:04:13,534 ERROR: vampire.server.feeding.FeedingRecord sendPlayerStartGameMsg [playerId=769463, prey=true, _predatorIndex=]
2009-04-26 14:04:13,535 ERROR: vampire.server.feeding.FeedingRecord sendPlayerStartGameMsg [playerId=797824, prey=false, _predatorIndex=]
2009-04-26 14:04:58,556 ERROR: vampire.server.feeding.FeedingRecord sendPlayerStartGameMsg [playerId=1265, prey=true, _predatorIndex=]
2009-04-26 14:04:58,557 ERROR: vampire.server.feeding.FeedingRecord sendPlayerStartGameMsg [playerId=713, prey=false, _predatorIndex=]
2009-04-26 14:05:26,186 ERROR: vampire.server.feeding.FeedingRecord sendPlayerStartGameMsg [playerId=4139, prey=true, _predatorIndex=]
2009-04-26 14:05:26,186 ERROR: vampire.server.feeding.FeedingRecord sendPlayerStartGameMsg [playerId=261567, prey=false, _predatorIndex=]
2009-04-26 14:05:28,472 ERROR: vampire.server.feeding.FeedingRecord sendPlayerStartGameMsg [playerId=501908, prey=false, _predatorIndex=797824]
2009-04-26 14:05:48,947 ERROR: vampire.server.feeding.FeedingRecord sendPlayerStartGameMsg [playerId=875906, prey=false, _predatorIndex=]
2009-04-26 14:06:22,463 ERROR: vampire.server.feeding.FeedingRecord sendPlayerStartGameMsg [playerId=356090, prey=false, _predatorIndex=875906]
2009-04-26 14:06:27,725 ERROR: vampire.server.feeding.FeedingRecord sendPlayerStartGameMsg [playerId=66513, prey=false, _predatorIndex=]
2009-04-26 14:06:56,539 ERROR: vampire.server.feeding.FeedingRecord sendPlayerStartGameMsg [playerId=341832, prey=true, _predatorIndex=]
2009-04-26 14:06:56,540 ERROR: vampire.server.feeding.FeedingRecord sendPlayerStartGameMsg [playerId=356090, prey=false, _predatorIndex=]
2009-04-26 14:07:07,095 ERROR: vampire.server.feeding.FeedingRecord sendPlayerStartGameMsg [playerId=74274, prey=true, _predatorIndex=]
2009-04-26 14:07:07,096 ERROR: vampire.server.feeding.FeedingRecord sendPlayerStartGameMsg [playerId=926511, prey=false, _predatorIndex=]
2009-04-26 14:07:32,164 ERROR: vampire.server.feeding.FeedingRecord sendPlayerStartGameMsg [playerId=3383, prey=false, _predatorIndex=713]
2009-04-26 14:07:56,849 ERROR: vampire.server.feeding.FeedingRecord sendPlayerStartGameMsg [playerId=4139, prey=false, _predatorIndex=713,3383]
2009-04-26 14:08:02,063 ERROR: vampire.server.feeding.FeedingRecord sendPlayerStartGameMsg [playerId=879079, prey=false, _predatorIndex=797824,501908]
2009-04-26 14:08:31,054 ERROR: vampire.server.feeding.FeedingRecord sendPlayerStartGameMsg [playerId=261567, prey=false, _predatorIndex=]
2009-04-26 14:10:32,139 ERROR: vampire.server.feeding.FeedingRecord sendPlayerStartGameMsg [playerId=66513, prey=true, _predatorIndex=]
2009-04-26 14:10:32,140 ERROR: vampire.server.feeding.FeedingRecord sendPlayerStartGameMsg [playerId=196543, prey=false, _predatorIndex=]
2009-04-26 14:12:07,794 ERROR: vampire.server.feeding.FeedingRecord sendPlayerStartGameMsg [playerId=695975, prey=false, _predatorIndex=]

>>>>BeginStats

>>>>BeginTable
PlayerId, StartTime, EndTime, ProgenyPayout, XPFromFeeding, FeedingGames, MeanFeedingScore, BloodBond, Progeny, GrandProgeny, Sire, Level, Invites
101128,1240780286540,0,0,482,3,110.66666666666667,0,0,0,271936,1,0
103033,1240779687339,0,0,294,1,181,767143,5,3,81899,4,0
10642,1240777049791,1240778004344,134.3,1119,3,494,447249,24,30,351598,13,2
106870,1240775767746,1240777745746,0,686,5,149.2,0,0,0,87198,3,null
111249,1240779061156,1240779157617,0,0,0,0,0,2,9,188370,8,3
113237,1240779530606,1240779551284,154.8,569,2,284.5,0,6,0,10642,4,null
114336,1240780166063,0,0,0,0,0,0,0,0,0,1,0
115195,1240777649882,1240778261630,0,800,7,72.28571428571429,0,0,0,218716,1,0
118794,1240778496923,1240778749354,0,0,0,0,0,0,0,172329,2,0
12,undefined,0,3115.5499999999984,0,0,0,0,19,84,383387,undefined,undefined
120076,1240777546727,1240777968529,0,1990,6,273.1666666666667,0,9,2,34987,5,1
122907,undefined,0,253.10000000000002,0,0,0,0,6,9,251062,undefined,undefined
123961,1240776759176,1240779057524,0,5447,13,532.3076923076923,878,5,18,713,13,2
124516,1240777791526,1240778119026,0,0,0,0,0,0,0,159201,4,0
1265,1240776460074,0,0,9020,15,750.9333333333333,713,9,17,12,15,3
126987,1240777658026,1240777669888,0,0,0,0,0,0,0,41022,2,0
127666,undefined,0,46.55,0,0,0,0,3,1,294313,undefined,undefined
12791,undefined,0,959.4000000000001,0,0,0,0,9,5,12,undefined,undefined
128639,undefined,0,45.400000000000006,0,0,0,0,1,1,20731,undefined,undefined
129222,1240778058817,1240778074416,0,0,0,0,0,0,0,261567,1,0
131355,1240775641638,1240776016828,0,0,0,0,0,1,2,461901,4,0
132646,undefined,0,27.3,0,0,0,0,8,1,202501,undefined,undefined
132921,undefined,0,41.7,0,0,0,0,6,2,211601,undefined,undefined
133482,undefined,0,185,0,0,0,0,5,2,180951,undefined,undefined
135238,1240780032899,1240780049232,0,0,0,0,0,0,0,0,1,0
135504,1240775888113,1240775952915,0,0,0,0,139439,2,1,75123,4,0
139625,1240775654137,1240779321181,0,4921,26,190.3846153846154,0,0,0,415376,4,0
140573,1240777605896,1240778402450,0,0,0,0,0,0,0,178528,3,0
140986,1240777450388,1240778775349,10.700000000000001,346,3,114,0,4,0,187381,3,null
141461,1240777860938,0,0,2740,9,384.1111111111111,0,2,0,468188,5,1
142178,undefined,0,156.70000000000002,0,0,0,0,2,14,73621,undefined,undefined
143023,1240776913432,1240777154252,0,199,1,75,0,0,0,510740,1,null
143309,1240778429281,1240778439862,0,0,0,0,0,0,0,1265,3,0
143501,1240779793521,1240780154774,0,0,0,0,0,3,8,326885,8,2
144124,1240775633370,1240775964084,0,368,2,122,0,0,0,304536,2,0
145609,1240779820238,0,0,0,0,0,369307,5,4,92300,4,0
148695,1240779331574,0,0,674,3,220,306511,8,6,161896,9,4
151709,1240776331132,1240778470799,0,0,0,0,475837,2,1,510740,3,null
1531,undefined,0,96.60000000000001,0,0,0,0,3,11,12,undefined,undefined
154004,1240778966052,1240778987226,0,0,0,0,561706,6,0,90041,4,0
159194,1240777615558,1240778592700,0,0,0,0,0,0,0,178269,4,3
159888,1240775657231,1240775699134,0,0,0,0,0,0,0,300612,1,null
16040,undefined,0,99.4,0,0,0,0,7,10,3,undefined,undefined
163435,1240775864731,1240775927766,0,0,0,0,0,0,0,0,1,null
166074,1240775615233,1240778167051,0,686,3,245,301294,4,0,308219,5,2
167609,1240776059194,1240777272024,0,454,3,122,0,1,0,128639,2,null
168234,undefined,0,21.700000000000003,0,0,0,0,6,1,100080,undefined,undefined
16825,undefined,0,8.5,0,0,0,0,13,1,4139,undefined,undefined
170191,undefined,0,89.20000000000002,0,0,0,0,2,6,202873,undefined,undefined
171151,1240776152232,1240777032558,27.95,0,0,0,77,30,17,21067,13,3
171513,1240776588199,1240776612628,6.300000000000001,892,3,306,0,6,6,170191,10,2
172214,1240776499935,1240776589282,0,0,0,0,0,1,0,133482,1,1
172743,1240777260415,1240777387008,0,0,0,0,0,0,0,148695,4,0
173395,undefined,0,19.650000000000002,0,0,0,0,5,5,130244,undefined,undefined
176491,1240778634473,1240778701591,0,0,0,0,0,2,0,54776,5,2
176511,undefined,0,246.04999999999998,0,0,0,0,2,1,154346,undefined,undefined
17790,1240776468793,1240777848085,0,4773,8,579.5,20260,11,10,20260,13,3
179326,undefined,0,40.800000000000004,0,0,0,0,2,2,185581,undefined,undefined
18026,undefined,0,47.5,0,0,0,0,2,3,67662,undefined,undefined
180951,undefined,0,92.5,0,0,0,0,1,5,153510,undefined,undefined
181264,undefined,0,269.1,0,0,0,0,2,0,3812,undefined,undefined
183759,1240778824981,1240779533005,0,160,1,126,0,0,0,0,1,0
185581,undefined,0,20.400000000000002,0,0,0,0,1,2,209656,undefined,undefined
187381,undefined,0,39.95,0,0,0,0,6,4,2843,undefined,undefined
188114,undefined,0,34.3,0,0,0,0,2,1,261567,undefined,undefined
188229,undefined,0,83.4,0,0,0,0,1,5,168234,undefined,undefined
1892,1240780073859,0,11,1382,6,274,455390,15,6,995,10,2
191354,1240775886237,1240776284803,0,434,2,142.5,0,0,0,261567,2,0
191984,1240778016703,0,4.4,1545,4,531.25,191950,14,4,142178,8,6
192472,1240775540239,1240775718473,0,0,0,0,0,0,0,163514,3,1
192883,1240777508429,1240777637163,0,0,0,0,0,8,2,210210,7,5
196543,1240776045179,0,225.50000000000003,1492,11,149.63636363636363,0,4,0,32314,3,1
196663,1240775749345,1240778463237,0,2193,14,146.64285714285714,0,0,0,60542,2,0
202328,undefined,0,58.95,0,0,0,0,5,4,173395,undefined,undefined
202501,undefined,0,13.65,0,0,0,0,5,12,1265,undefined,undefined
20260,1240776473412,1240777781419,661.35,5001,9,595.4444444444445,17790,15,35,12,16,13
202873,undefined,0,44.60000000000001,0,0,0,0,1,2,341164,undefined,undefined
20731,undefined,0,22.700000000000003,0,0,0,0,6,1,16040,undefined,undefined
20899,1240775878086,1240777956716,0,0,0,0,0,1,0,55922,2,0
209187,1240777233218,1240778189271,0,44,1,87,0,0,0,191984,1,null
210163,undefined,0,65.80000000000001,0,0,0,0,8,1,255725,undefined,undefined
211601,undefined,0,20.85,0,0,0,0,1,6,7078,undefined,undefined
217283,undefined,0,91.5,0,0,0,0,19,1,57393,undefined,undefined
218716,1240775863048,1240777962209,80,434,2,425,0,5,1,188229,8,5
228878,1240775874432,1240775906102,0,0,0,0,0,0,0,0,1,null
234191,1240776133144,1240776155954,0,0,0,0,0,0,0,121984,2,0
237231,undefined,0,389.79999999999995,0,0,0,0,2,25,20260,undefined,undefined
240065,1240775908784,1240776084951,0,0,0,0,0,0,0,167153,3,0
251062,undefined,0,126.55000000000001,0,0,0,0,6,8,296361,undefined,undefined
255725,undefined,0,32.900000000000006,0,0,0,0,1,8,309124,undefined,undefined
256746,undefined,0,77.85,0,0,0,0,5,28,61984,undefined,undefined
258951,1240776825425,1240777243168,0,0,0,0,555644,10,14,1265,11,8
2606,1240779020383,1240779095788,0,0,0,0,0,4,2,307471,5,1
261567,1240777942128,0,43.400000000000006,3681,10,347.8,0,25,5,237231,12,12
271936,1240775623213,1240777642786,37.5,372,3,107,0,1,0,887964,1,null
283305,undefined,0,158.8,0,0,0,0,1,0,497122,undefined,undefined
283723,1240780012414,0,0,0,0,0,0,0,0,188376,1,0
2843,undefined,0,17.3,0,0,0,0,7,18,3383,undefined,undefined
294313,undefined,0,9.450000000000001,0,0,0,0,3,3,39403,undefined,undefined
299874,1240776112500,1240776120634,0,0,0,0,0,0,0,69257,2,0
3,undefined,0,49.7,0,0,0,0,2,7,383387,undefined,undefined
300612,1240775542285,1240775629035,16.3,0,0,0,0,3,0,610359,3,0
304455,1240777622016,1240777629639,0,0,0,0,0,0,0,317371,4,0
304536,undefined,0,36.800000000000004,0,0,0,0,4,0,39171,undefined,undefined
306241,1240777653401,1240777658560,0,0,0,0,0,0,0,586681,1,null
308219,undefined,0,68.6,0,0,0,0,1,4,188114,undefined,undefined
308635,undefined,0,10.05,0,0,0,0,10,1,122194,undefined,undefined
317383,undefined,0,4.2,0,0,0,0,1,2,344937,undefined,undefined
322248,1240777056340,1240777167084,0,0,0,0,0,2,3,124493,4,0
32314,undefined,0,261.95000000000005,0,0,0,0,10,4,40508,undefined,undefined
329201,1240775998426,1240776434819,0,163,2,81.5,0,0,0,300612,1,null
3383,1240780038522,0,0,9594,18,416.94444444444446,968,4,9,12791,14,2
341832,1240779747890,1240780320036,0,553,2,265.5,0,0,0,356090,2,0
349835,undefined,0,8.450000000000001,0,0,0,0,4,1,140094,undefined,undefined
34987,undefined,0,199.00000000000003,0,0,0,0,2,10,8842,undefined,undefined
351430,undefined,0,137.00000000000003,0,0,0,0,1,15,336228,undefined,undefined
351598,undefined,0,140.35000000000002,0,0,0,0,1,24,359624,undefined,undefined
35169,1240777093132,1240777317250,0,0,0,0,0,0,0,0,1,null
356090,1240779902400,0,55.3,189,1,211,0,1,0,127666,2,2
359624,undefined,0,55.95,0,0,0,0,3,1,201132,undefined,undefined
367641,1240775702296,1240776054914,0,0,0,0,0,0,0,300612,1,null
371343,1240776320285,0,0,0,0,0,0,3,2,220964,5,2
3812,undefined,0,134.55,0,0,0,0,1,2,65584,undefined,undefined
383387,undefined,0,779.1999999999998,0,0,0,0,4,47,0,undefined,undefined
39171,undefined,0,18.400000000000002,0,0,0,0,8,4,102770,undefined,undefined
396113,undefined,0,133.6,0,0,0,0,2,4,44987,undefined,undefined
398860,undefined,0,16.900000000000002,0,0,0,0,1,0,349835,undefined,undefined
40508,undefined,0,74.60000000000001,0,0,0,0,4,10,23340,undefined,undefined
4139,1240778899559,0,4.25,5011,10,597.9,16040,11,20,713,14,3
415376,undefined,0,492.09999999999997,0,0,0,0,1,0,176511,undefined,undefined
430717,undefined,0,191.35,0,0,0,0,28,3,256746,undefined,undefined
432820,1240780176051,0,0,2691,4,188.5,0,0,0,181264,3,0
445660,undefined,0,115.10000000000001,0,0,0,0,4,5,54812,undefined,undefined
44987,undefined,0,43.1,0,0,0,0,2,8,12770,undefined,undefined
468188,undefined,0,274.00000000000006,0,0,0,0,15,2,351430,undefined,undefined
475837,undefined,0,71.30000000000001,0,0,0,0,1,0,430717,undefined,undefined
478872,1240777746915,1240777870192,0,0,0,0,0,0,0,157229,1,0
483143,1240775566933,1240775923947,0,126,1,126,0,0,0,797824,1,null
486760,1240777525596,1240777576542,0,84,1,84,0,0,0,57395,4,0
497122,undefined,0,79.4,0,0,0,0,1,1,82321,undefined,undefined
501908,1240779343373,0,0,948,4,287.75,0,0,0,58859,4,0
503,undefined,0,397,0,0,0,0,4,1,12,undefined,undefined
510740,1240776078473,0,19.900000000000002,2302,7,485.2857142857143,230164,51,37,534632,16,15
518342,1240777817079,1240778257870,0,658,2,129.5,0,1,0,210163,2,null
520592,undefined,0,95,0,0,0,0,3,0,18026,undefined,undefined
5212,1240780284526,1240780290758,0,0,0,0,2843,14,10,156489,14,2
53030,1240779788282,0,0,2531,5,823,0,8,5,122907,12,3
534632,undefined,0,240.15,0,0,0,0,5,51,445660,undefined,undefined
54084,1240779377261,1240779928327,0,422,2,144.5,0,0,0,196543,1,null
545157,1240775578079,1240775896404,0,169,1,226,0,0,0,398860,2,0
546231,undefined,0,12.600000000000001,0,0,0,0,4,0,171513,undefined,undefined
5477,1240778139901,1240778279835,0,0,0,0,0,0,0,0,1,null
548201,1240776388409,1240777091313,0,0,0,0,0,1,0,217283,2,null
57393,undefined,0,45.75,0,0,0,0,5,22,159420,undefined,undefined
57395,undefined,0,8.4,0,0,0,0,2,0,317383,undefined,undefined
57717,undefined,0,128.20000000000002,0,0,0,0,4,4,110178,undefined,undefined
578918,1240778928374,1240780277895,0,408,3,126.33333333333333,0,2,0,179326,3,0
58022,1240780270596,0,0,0,0,0,0,3,5,175065,4,0
586681,1240777851862,1240778100233,0,0,0,0,0,6,7,10642,4,6
58859,1240778607173,1240779241032,94.80000000000001,862,3,458.3333333333333,43017,4,2,396113,12,2
592692,1240779226701,0,0,1588,7,319,0,0,0,283305,3,0
60542,1240776542499,1240778955098,219.3,3457,12,365.1666666666667,167153,2,0,63964,8,1
610359,undefined,0,8.15,0,0,0,0,1,3,21457,undefined,undefined
618828,1240775933035,1240775966733,0,0,0,0,0,0,0,518207,2,null
63047,1240775860777,1240778684599,0,980,9,100.88888888888889,0,0,0,887964,2,null
630671,1240776533416,1240777044048,0,417,3,157.66666666666666,0,2,0,132921,4,null
639206,1240776547648,1240776555200,0,0,0,0,0,0,0,510740,1,null
63964,undefined,0,455.35,0,0,0,0,4,2,79181,undefined,undefined
641729,1240776265430,1240776678592,0,126,1,99,0,0,0,546231,1,null
643827,1240777609390,1240777623187,0,0,0,0,0,0,0,0,1,null
66513,1240779022932,0,0,950,5,214,0,0,0,520592,3,0
66540,1240777759222,1240779947891,0,1962,9,125,0,0,0,196543,2,null
691188,1240775540236,1240775755163,0,85,1,85,161236,1,2,16825,3,null
691604,1240778305240,1240778313805,0,0,0,0,0,0,0,81597,1,null
695030,1240777981670,1240778105373,0,0,0,0,0,0,0,0,1,null
695975,1240780148953,0,0,0,0,0,0,0,0,0,1,0
713,1240779847884,0,1045.8,1563,3,452,1265,9,49,12,15,6
718536,1240776457096,1240776981189,39.300000000000004,393,1,489,720155,4,1,202328,5,1
720155,1240776509808,1240776977069,0,393,1,297,718536,0,0,718536,4,null
730587,1240780312599,0,0,0,0,0,0,1,0,735743,4,0
73621,undefined,0,77.25,0,0,0,0,2,2,112194,undefined,undefined
74274,1240779948581,1240780119758,0,0,0,0,0,0,0,132958,1,0
755785,1240777412460,1240777776405,0,110,1,220,0,1,0,1892,3,null
764326,1240777690595,1240777901692,0,411,2,135,0,0,0,140986,1,null
767143,undefined,0,34.3,0,0,0,0,7,2,355917,undefined,undefined
769463,1240778149138,1240780308672,0,1557,10,140.3,0,0,0,430717,3,null
77,1240778584740,1240778843224,0,0,0,0,171151,10,2,12770,13,2
77969,undefined,0,20.1,0,0,0,0,1,0,308635,undefined,undefined
791358,1240780302751,0,0,0,0,0,0,0,0,387496,4,0
79181,undefined,0,172.85,0,0,0,0,2,4,116005,undefined,undefined
79279,1240777272606,1240778122609,0,330,3,110,0,0,0,133482,1,null
797824,1240775868761,0,12.600000000000001,2564,10,235.9,574401,6,1,82321,5,2
809490,1240775833218,1240776169324,0,0,0,0,0,0,0,821335,1,null
82254,1240778279109,0,0,1580,4,252,102796,1,0,133482,4,0
82321,undefined,0,262.7,0,0,0,0,4,7,57717,undefined,undefined
836050,1240779256362,1240780280108,0,1548,6,156.33333333333334,0,0,0,113237,2,null
8527,1240776797898,1240778829689,0,3970,7,335.42857142857144,2090,1,0,503,6,1
870091,1240776495914,1240776615587,0,0,0,0,0,0,0,0,1,null
87198,undefined,0,68.6,0,0,0,0,2,0,767143,undefined,undefined
873537,1240775821422,1240775976459,0,0,0,0,0,0,0,0,1,null
875906,1240779886069,1240780101906,0,219,1,219,0,0,0,0,1,null
878678,1240777156711,1240777191541,0,0,0,0,0,0,0,0,1,null
879079,1240779713026,1240780269883,0,133,1,139,0,0,0,196543,1,null
881391,1240778815764,1240779202263,0,201,3,65.33333333333333,0,0,0,77969,2,null
881995,1240777255897,1240777695998,0,0,0,0,0,0,0,0,1,null
8842,1240778161751,0,99.50000000000001,966,2,552.5,22707,11,18,1531,13,6
887964,1240775555090,1240776827148,153.95000000000002,559,5,104,0,2,1,919861,2,null
890052,1240777455898,1240777627254,0,713,6,122.66666666666667,0,0,0,475837,2,null
896436,1240778941898,1240778949936,0,915,2,156,0,0,0,217283,2,null
902911,1240775722338,1240775732291,0,0,0,0,0,0,0,0,1,null
90312,1240780220266,1240780261099,0,0,0,0,0,0,0,505644,1,null
905316,1240776012990,1240776068271,0,0,0,0,0,0,0,0,1,null
9093,1240780172404,0,0,994,2,659,0,4,0,16040,5,3
911565,1240779575753,1240779594942,0,0,0,0,0,0,0,0,1,null
919861,undefined,0,123.5,0,0,0,0,1,2,171151,undefined,undefined
921826,1240776019563,1240776094039,0,0,0,0,0,0,0,0,1,null
923270,1240778933060,1240779363181,0,273,1,123,0,0,0,132646,1,null
925922,1240777477875,1240777905641,0,0,0,0,0,0,0,0,1,null
926511,1240779725317,0,0,46,1,92,0,0,0,0,1,0
926876,1240777246385,1240777250679,0,0,0,0,0,0,0,0,1,null
927720,1240779602864,1240779618561,0,0,0,0,0,0,0,0,1,null
95872,1240777591566,1240778264464,0,204,2,102,0,0,0,0,1,null
995,undefined,0,143.70000000000002,0,0,0,0,11,15,12,undefined,undefined
<<<<EndTable

PlayersOnlineNow=32
PlayersOnlineEachMinute=0, 9, 15, 17, 18, 21, 30, 29, 27, 28, 28, 29, 29, 27, 32, 30, 33, 38, 39, 36, 34, 35, 36, 37, 36, 36, 36, 37, 36, 38, 35, 33, 34, 36, 38, 40, 38, 37, 37, 39, 36, 34, 34, 31, 30, 29, 25, 26, 25, 26, 27, 28, 30, 28, 27, 27, 25, 28, 27, 29, 28, 27, 25, 26, 26, 27, 27, 26, 26, 26, 27, 28, 31, 32, 32, 32, 34, 33, 35, 34
PlayersInEachFeedingGame=1, 1, 2, 2, 1, 2, 1, 1, 2, 2, 3, 2, 1, 1, 2, 1, 1, 1, 2, 1, 1, 1, 1, 1, 1, 2, 2, 2, 2, 2, 1, 2, 2, 3, 1, 2, 2, 1, 2, 2, 2, 1, 2, 2, 2, 1, 2, 1, 2, 1, 2, 2, 2, 2, 1, 1, 1, 2, 1, 2, 1, 2, 1, 1, 2, 1, 1, 1, 2, 1, 2, 1, 1, 1, 1, 2, 1, 2, 1, 2, 1, 2, 2, 1, 2, 1, 1, 2, 1, 1, 2, 2, 2, 1, 2, 2, 2, 2, 1, 2, 2, 1, 2, 2, 3, 2, 1, 2, 2, 2, 2, 2, 1, 2, 2, 2, 3, 2, 2, 3, 1, 2, 2, 1, 2, 2, 2, 2, 2, 2, 1, 2, 2, 1, 1, 2, 1, 2, 2, 2, 2, 2, 1, 1, 2, 2, 1, 2
PlayersStarted=211
PlayersQuit=179
StatsStartTime=1240775529676
StatsDumpTime=1240780329991
<<<<EndStats
2009-04-26 14:12:56,506 ERROR: vampire.server.feeding.FeedingRecord sendPlayerStartGameMsg [playerId=791358, prey=false, _predatorIndex=196543]
2009-04-26 14:13:17,312 ERROR: vampire.server.feeding.FeedingRecord sendPlayerStartGameMsg [playerId=432820, prey=false, _predatorIndex=]
2009-04-26 14:13:20,559 ERROR: vampire.server.feeding.FeedingRecord sendPlayerStartGameMsg [playerId=53030, prey=true, _predatorIndex=]
2009-04-26 14:13:20,559 ERROR: vampire.server.feeding.FeedingRecord sendPlayerStartGameMsg [playerId=501908, prey=false, _predatorIndex=]
2009-04-26 14:13:26,562 ERROR: vampire.server.feeding.FeedingRecord sendPlayerStartGameMsg [playerId=791358, prey=false, _predatorIndex=196543,791358]
2009-04-26 14:13:47,647 ERROR: vampire.server.feeding.FeedingRecord sendPlayerStartGameMsg [playerId=196543, prey=false, _predatorIndex=196543,791358]
2009-04-26 14:14:32,791 ERROR: vampire.server.feeding.LogicFeeding handleFeedRequestMessage [player=Player [playerId=836050, name=LadyCerberus, roomId=null, xp=2210, level=2, bloodbond=0, sire=113237, progeny=], e=FeedRequestMsg: player=836050, targetPlayerId=592692]
2009-04-26 14:14:39,500 ERROR: vampire.server.feeding.FeedingRecord sendPlayerStartGameMsg [playerId=695975, prey=false, _predatorIndex=]
2009-04-26 14:15:01,569 ERROR: vampire.server.feeding.LogicFeeding handleFeedRequestMessage [player=Player [playerId=836050, name=LadyCerberus, roomId=null, xp=2210, level=2, bloodbond=0, sire=113237, progeny=], e=FeedRequestMsg: player=836050, targetPlayerId=592692]
2009-04-26 14:15:34,739 ERROR: vampire.server.feeding.FeedingRecord sendPlayerStartGameMsg [playerId=695975, prey=false, _predatorIndex=]
2009-04-26 14:16:04,920 ERROR: vampire.server.feeding.FeedingRecord sendPlayerStartGameMsg [playerId=432820, prey=false, _predatorIndex=]
2009-04-26 14:16:15,571 ERROR: vampire.server.feeding.FeedingRecord sendPlayerStartGameMsg [playerId=1265, prey=true, _predatorIndex=]
2009-04-26 14:16:15,572 ERROR: vampire.server.feeding.FeedingRecord sendPlayerStartGameMsg [playerId=713, prey=false, _predatorIndex=]
2009-04-26 14:16:26,216 ERROR: vampire.server.feeding.FeedingRecord sendPlayerStartGameMsg [playerId=4139, prey=false, _predatorIndex=713]
2009-04-26 14:16:28,143 ERROR: vampire.server.feeding.FeedingRecord sendPlayerStartGameMsg [playerId=836050, prey=true, _predatorIndex=]
2009-04-26 14:16:28,143 ERROR: vampire.server.feeding.FeedingRecord sendPlayerStartGameMsg [playerId=592692, prey=false, _predatorIndex=]
2009-04-26 14:16:59,266 ERROR: vampire.server.feeding.FeedingRecord sendPlayerStartGameMsg [playerId=510740, prey=true, _predatorIndex=]
2009-04-26 14:16:59,266 ERROR: vampire.server.feeding.FeedingRecord sendPlayerStartGameMsg [playerId=501908, prey=false, _predatorIndex=]
2009-04-26 14:17:27,567 ERROR: vampire.server.feeding.FeedingRecord sendPlayerStartGameMsg [playerId=730587, prey=false, _predatorIndex=]
2009-04-26 14:17:30,726 ERROR: vampire.server.feeding.FeedingRecord sendPlayerStartGameMsg [playerId=145609, prey=false, _predatorIndex=]
2009-04-26 14:17:31,247 ERROR: vampire.server.feeding.FeedingRecord sendPlayerStartGameMsg [playerId=329560, prey=false, _predatorIndex=]
2009-04-26 14:17:42,991 ERROR: vampire.server.feeding.FeedingRecord sendPlayerStartGameMsg [playerId=730587, prey=false, _predatorIndex=329560]
2009-04-26 14:19:00,189 ERROR: vampire.server.feeding.FeedingRecord sendPlayerStartGameMsg [playerId=730587, prey=false, _predatorIndex=]
2009-04-26 14:20:23,595 ERROR: vampire.server.feeding.FeedingRecord sendPlayerStartGameMsg [playerId=695975, prey=false, _predatorIndex=]
2009-04-26 14:20:32,976 ERROR: vampire.server.feeding.FeedingRecord sendPlayerStartGameMsg [playerId=695975, prey=false, _predatorIndex=]
2009-04-26 14:20:38,089 ERROR: vampire.server.feeding.FeedingRecord sendPlayerStartGameMsg [playerId=432820, prey=true, _predatorIndex=]
2009-04-26 14:20:38,090 ERROR: vampire.server.feeding.FeedingRecord sendPlayerStartGameMsg [playerId=769463, prey=false, _predatorIndex=]
2009-04-26 14:21:13,270 ERROR: vampire.server.feeding.FeedingRecord sendPlayerStartGameMsg [playerId=5212, prey=true, _predatorIndex=]
2009-04-26 14:21:13,271 ERROR: vampire.server.feeding.FeedingRecord sendPlayerStartGameMsg [playerId=16825, prey=false, _predatorIndex=]
2009-04-26 14:21:30,143 ERROR: vampire.server.feeding.FeedingRecord sendPlayerStartGameMsg [playerId=501908, prey=true, _predatorIndex=]
2009-04-26 14:21:30,144 ERROR: vampire.server.feeding.FeedingRecord sendPlayerStartGameMsg [playerId=828032, prey=false, _predatorIndex=]

>>>>BeginStats

>>>>BeginTable
PlayerId, StartTime, EndTime, ProgenyPayout, XPFromFeeding, FeedingGames, MeanFeedingScore, BloodBond, Progeny, GrandProgeny, Sire, Level, Invites
101128,1240780286540,1240780579640,0,482,3,110.66666666666667,0,0,0,271936,1,null
103033,1240779687339,0,0,294,1,181,767143,5,3,81899,4,0
10642,1240777049791,1240778004344,134.3,1119,3,494,447249,24,30,351598,13,2
106870,1240775767746,1240777745746,0,686,5,149.2,0,0,0,87198,3,null
109372,1240780637978,0,0,0,0,0,0,0,0,0,1,0
111249,1240779061156,1240779157617,0,0,0,0,0,2,9,188370,8,3
113237,1240779530606,1240779551284,154.8,569,2,284.5,0,6,0,10642,4,null
114336,1240780166063,1240780623549,0,0,0,0,0,0,0,0,1,null
115195,1240777649882,1240778261630,0,800,7,72.28571428571429,0,0,0,218716,1,0
118794,1240778496923,1240778749354,0,0,0,0,0,0,0,172329,2,0
12,undefined,0,3662.649999999998,0,0,0,0,19,85,383387,undefined,undefined
120076,1240777546727,1240777968529,0,1990,6,273.1666666666667,0,9,2,34987,5,1
122907,undefined,0,317.5,0,0,0,0,6,9,251062,undefined,undefined
123961,1240776759176,1240779057524,0,5447,13,532.3076923076923,878,5,18,713,13,2
124516,1240777791526,1240778119026,0,0,0,0,0,0,0,159201,4,0
1265,1240776460074,0,0,11184,19,732.8947368421053,713,9,17,12,15,3
126987,1240777658026,1240777669888,0,0,0,0,0,0,0,41022,2,0
127666,undefined,0,46.55,0,0,0,0,3,1,294313,undefined,undefined
12791,undefined,0,1028.5,0,0,0,0,9,5,12,undefined,undefined
128639,undefined,0,45.400000000000006,0,0,0,0,1,1,20731,undefined,undefined
129222,1240778058817,1240778074416,0,0,0,0,0,0,0,261567,1,0
131355,1240775641638,1240776016828,0,0,0,0,0,1,2,461901,4,0
132646,undefined,0,27.3,0,0,0,0,8,1,202501,undefined,undefined
132921,undefined,0,41.7,0,0,0,0,6,2,211601,undefined,undefined
133482,undefined,0,185,0,0,0,0,5,2,180951,undefined,undefined
135238,1240780032899,1240780049232,0,0,0,0,0,0,0,0,1,0
135504,1240775888113,1240775952915,0,0,0,0,139439,2,1,75123,4,0
139625,1240775654137,1240779321181,0,4921,26,190.3846153846154,0,0,0,415376,4,0
140573,1240777605896,1240778402450,0,0,0,0,0,0,0,178528,3,0
140986,1240777450388,1240778775349,10.700000000000001,346,3,114,0,4,0,187381,3,null
141461,1240777860938,0,0,2740,9,384.1111111111111,0,2,0,468188,5,1
142178,undefined,0,156.70000000000002,0,0,0,0,2,14,73621,undefined,undefined
143023,1240776913432,1240777154252,0,199,1,75,0,0,0,510740,1,null
143309,1240778429281,1240778439862,0,0,0,0,0,0,0,1265,3,0
143501,1240779793521,1240780154774,0,0,0,0,0,3,8,326885,8,2
144124,1240775633370,1240775964084,0,368,2,122,0,0,0,304536,2,0
145609,1240779820238,0,0,311,1,311,369307,5,4,92300,4,0
148695,1240779331574,1240780708615,0,674,3,220,306511,8,6,161896,9,4
151709,1240776331132,1240778470799,0,0,0,0,475837,2,1,510740,3,null
1531,undefined,0,96.60000000000001,0,0,0,0,3,11,12,undefined,undefined
154004,1240778966052,1240778987226,0,0,0,0,561706,6,0,90041,4,0
159194,1240777615558,1240778592700,0,0,0,0,0,0,0,178269,4,3
159888,1240775657231,1240775699134,0,0,0,0,0,0,0,300612,1,null
16040,undefined,0,99.4,0,0,0,0,7,10,3,undefined,undefined
163435,1240775864731,1240775927766,0,0,0,0,0,0,0,0,1,null
166074,1240775615233,1240778167051,0,686,3,245,301294,4,0,308219,5,2
167609,1240776059194,1240777272024,0,454,3,122,0,1,0,128639,2,null
168234,undefined,0,21.700000000000003,0,0,0,0,6,1,100080,undefined,undefined
16825,1240780773128,0,8.5,0,0,0,0,13,6,4139,5,1
170191,1240780441340,0,89.20000000000002,0,0,0,403403,2,6,202873,9,1
171151,1240776152232,1240777032558,27.95,0,0,0,77,30,17,21067,13,3
171513,1240776588199,1240776612628,6.300000000000001,892,3,306,0,6,6,170191,10,2
172214,1240776499935,1240776589282,0,0,0,0,0,1,0,133482,1,1
172743,1240777260415,1240777387008,0,0,0,0,0,0,0,148695,4,0
173395,undefined,0,19.650000000000002,0,0,0,0,5,5,130244,undefined,undefined
176491,1240778634473,1240778701591,0,0,0,0,0,2,0,54776,5,2
176511,undefined,0,246.04999999999998,0,0,0,0,2,1,154346,undefined,undefined
17790,1240776468793,1240777848085,0,4773,8,579.5,20260,11,10,20260,13,3
179326,undefined,0,40.800000000000004,0,0,0,0,2,2,185581,undefined,undefined
18026,undefined,0,48.6,0,0,0,0,2,3,67662,undefined,undefined
180951,undefined,0,92.5,0,0,0,0,1,5,153510,undefined,undefined
181264,undefined,0,305.6,0,0,0,0,2,0,3812,undefined,undefined
183759,1240778824981,1240779533005,0,160,1,126,0,0,0,0,1,0
185581,undefined,0,20.400000000000002,0,0,0,0,1,2,209656,undefined,undefined
185650,undefined,0,15.55,0,0,0,0,2,1,185697,undefined,undefined
187381,undefined,0,39.95,0,0,0,0,6,4,2843,undefined,undefined
188114,undefined,0,34.3,0,0,0,0,2,1,261567,undefined,undefined
188229,undefined,0,83.4,0,0,0,0,1,5,168234,undefined,undefined
1892,1240780073859,1240780680211,11,1382,6,274,455390,15,6,995,10,2
191354,1240775886237,1240776284803,0,434,2,142.5,0,0,0,261567,2,0
191984,1240780410729,0,4.4,1545,4,531.25,191950,14,4,142178,8,6
192472,1240775540239,1240775718473,0,0,0,0,0,0,0,163514,3,1
192883,1240777508429,1240777637163,0,0,0,0,0,8,2,210210,7,5
196543,1240780406117,1240780894748,225.50000000000003,1492,11,149.63636363636363,0,4,0,32314,3,1
196663,1240775749345,1240778463237,0,2193,14,146.64285714285714,0,0,0,60542,2,0
202328,undefined,0,58.95,0,0,0,0,5,4,173395,undefined,undefined
202501,undefined,0,13.65,0,0,0,0,5,12,1265,undefined,undefined
20260,1240776473412,1240777781419,661.35,5001,9,595.4444444444445,17790,15,35,12,16,13
202873,undefined,0,44.60000000000001,0,0,0,0,1,2,341164,undefined,undefined
20731,undefined,0,22.700000000000003,0,0,0,0,6,1,16040,undefined,undefined
20899,1240775878086,1240777956716,0,0,0,0,0,1,0,55922,2,0
209187,1240777233218,1240778189271,0,44,1,87,0,0,0,191984,1,null
210163,undefined,0,65.80000000000001,0,0,0,0,8,1,255725,undefined,undefined
211601,undefined,0,20.85,0,0,0,0,1,6,7078,undefined,undefined
217283,undefined,0,91.5,0,0,0,0,19,1,57393,undefined,undefined
218716,1240775863048,1240777962209,80,434,2,425,0,5,1,188229,8,5
228878,1240775874432,1240775906102,0,0,0,0,0,0,0,0,1,null
234191,1240776133144,1240776155954,0,0,0,0,0,0,0,121984,2,0
237231,undefined,0,394.79999999999995,0,0,0,0,2,25,20260,undefined,undefined
240065,1240775908784,1240776084951,0,0,0,0,0,0,0,167153,3,0
251062,undefined,0,158.75,0,0,0,0,6,8,296361,undefined,undefined
255725,undefined,0,32.900000000000006,0,0,0,0,1,8,309124,undefined,undefined
256746,undefined,0,77.85,0,0,0,0,5,28,61984,undefined,undefined
258951,1240776825425,1240777243168,0,0,0,0,555644,10,14,1265,11,8
2606,1240779020383,1240779095788,0,0,0,0,0,4,2,307471,5,1
261567,1240777942128,1240780460305,53.400000000000006,3681,10,347.8,0,25,5,237231,12,12
271936,1240775623213,1240777642786,37.5,372,3,107,0,1,0,887964,1,null
283305,undefined,0,158.8,0,0,0,0,1,0,497122,undefined,undefined
283723,1240780012414,1240780570739,0,0,0,0,0,0,0,188376,1,0
2843,undefined,0,17.3,0,0,0,0,7,18,3383,undefined,undefined
294313,undefined,0,9.450000000000001,0,0,0,0,3,3,39403,undefined,undefined
299874,1240776112500,1240776120634,0,0,0,0,0,0,0,69257,2,0
3,undefined,0,49.7,0,0,0,0,2,7,383387,undefined,undefined
300612,1240775542285,1240775629035,16.3,0,0,0,0,3,0,610359,3,0
304455,1240777622016,1240777629639,0,0,0,0,0,0,0,317371,4,0
304536,undefined,0,36.800000000000004,0,0,0,0,4,0,39171,undefined,undefined
306241,1240777653401,1240777658560,0,0,0,0,0,0,0,586681,1,null
308219,undefined,0,68.6,0,0,0,0,1,4,188114,undefined,undefined
308635,undefined,0,10.05,0,0,0,0,10,1,122194,undefined,undefined
317383,undefined,0,4.2,0,0,0,0,1,2,344937,undefined,undefined
322248,1240777056340,1240777167084,0,0,0,0,0,2,3,124493,4,0
32314,undefined,0,261.95000000000005,0,0,0,0,10,4,40508,undefined,undefined
329201,1240775998426,1240776434819,0,163,2,81.5,0,0,0,300612,1,null
329560,1240780589204,1240780819923,0,100,1,100,0,0,0,261567,2,null
3383,1240780038522,1240780439102,0,10285,19,415.57894736842104,968,4,9,12791,14,2
341832,1240779747890,1240780320036,0,553,2,265.5,0,0,0,356090,2,0
349835,undefined,0,8.450000000000001,0,0,0,0,4,1,140094,undefined,undefined
34987,undefined,0,199.00000000000003,0,0,0,0,2,10,8842,undefined,undefined
351430,undefined,0,137.00000000000003,0,0,0,0,1,15,336228,undefined,undefined
351598,undefined,0,140.35000000000002,0,0,0,0,1,24,359624,undefined,undefined
35169,1240777093132,1240777317250,0,0,0,0,0,0,0,0,1,null
356090,1240779902400,1240780368347,55.3,189,1,211,0,1,0,127666,2,2
359624,undefined,0,55.95,0,0,0,0,3,1,201132,undefined,undefined
367641,1240775702296,1240776054914,0,0,0,0,0,0,0,300612,1,null
371343,1240776320285,0,0,0,0,0,0,3,2,220964,5,2
3812,undefined,0,152.8,0,0,0,0,1,2,65584,undefined,undefined
383387,undefined,0,995.5999999999999,0,0,0,0,4,47,0,undefined,undefined
387496,undefined,0,5.6000000000000005,0,0,0,0,1,0,82377,undefined,undefined
39171,undefined,0,18.400000000000002,0,0,0,0,8,4,102770,undefined,undefined
396113,undefined,0,182.70000000000002,0,0,0,0,2,4,44987,undefined,undefined
398860,undefined,0,16.900000000000002,0,0,0,0,1,0,349835,undefined,undefined
40508,undefined,0,74.60000000000001,0,0,0,0,4,10,23340,undefined,undefined
4139,1240778899559,0,4.25,6606,13,625,16040,11,20,713,14,3
415376,undefined,0,492.09999999999997,0,0,0,0,1,0,176511,undefined,undefined
430717,undefined,0,191.35,0,0,0,0,28,3,256746,undefined,undefined
432820,1240780176051,0,0,3056,6,186.5,0,0,0,181264,3,0
445660,undefined,0,132,0,0,0,0,4,5,54812,undefined,undefined
44987,undefined,0,43.1,0,0,0,0,2,8,12770,undefined,undefined
456649,1240780486084,1240780749474,0,0,0,0,0,0,0,0,1,null
468188,undefined,0,274.00000000000006,0,0,0,0,15,2,351430,undefined,undefined
475837,undefined,0,71.30000000000001,0,0,0,0,1,0,430717,undefined,undefined
478872,1240777746915,1240777870192,0,0,0,0,0,0,0,157229,1,0
483143,1240775566933,1240775923947,0,126,1,126,0,0,0,797824,1,null
486760,1240777525596,1240777576542,0,84,1,84,0,0,0,57395,4,0
497122,undefined,0,79.4,0,0,0,0,1,1,82321,undefined,undefined
501908,1240779343373,0,0,1930,6,378.5,0,0,0,58859,4,0
503,undefined,0,397,0,0,0,0,4,1,12,undefined,undefined
510740,1240776078473,0,19.900000000000002,2640,8,465,230164,51,37,534632,16,15
518342,1240777817079,1240778257870,0,658,2,129.5,0,1,0,210163,2,null
520592,undefined,0,97.2,0,0,0,0,3,0,18026,undefined,undefined
5212,1240780753624,0,0,0,0,0,2843,14,10,156489,14,2
52818,1240780784605,1240780853395,0,0,0,0,0,3,0,367452,4,0
53030,1240779788282,0,0,3175,6,772.6666666666666,0,8,5,122907,12,3
534632,undefined,0,273.95,0,0,0,0,5,51,445660,undefined,undefined
54084,1240779377261,1240779928327,0,422,2,144.5,0,0,0,196543,1,null
545157,1240775578079,1240775896404,0,169,1,226,0,0,0,398860,2,0
546231,undefined,0,12.600000000000001,0,0,0,0,4,0,171513,undefined,undefined
5477,1240778139901,1240778279835,0,0,0,0,0,0,0,0,1,null
548201,1240776388409,1240777091313,0,0,0,0,0,1,0,217283,2,null
559150,1240780716647,0,0,0,0,0,0,0,0,5212,2,1
57393,undefined,0,45.75,0,0,0,0,5,22,159420,undefined,undefined
57395,undefined,0,8.4,0,0,0,0,2,0,317383,undefined,undefined
57717,undefined,0,128.20000000000002,0,0,0,0,4,4,110178,undefined,undefined
578918,1240778928374,1240780277895,0,408,3,126.33333333333333,0,2,0,179326,3,0
58022,1240780626110,1240780684079,0,0,0,0,0,3,5,175065,4,0
586681,1240777851862,1240778100233,0,0,0,0,0,6,7,10642,4,6
58859,1240778607173,1240779241032,193.00000000000003,862,3,458.3333333333333,43017,4,2,396113,12,2
592692,1240779226701,0,0,1588,7,319,0,0,0,283305,3,0
60542,1240776542499,1240778955098,219.3,3457,12,365.1666666666667,167153,2,0,63964,8,1
610359,undefined,0,8.15,0,0,0,0,1,3,21457,undefined,undefined
618828,1240775933035,1240775966733,0,0,0,0,0,0,0,518207,2,null
63047,1240775860777,1240778684599,0,980,9,100.88888888888889,0,0,0,887964,2,null
630671,1240776533416,1240777044048,0,417,3,157.66666666666666,0,2,0,132921,4,null
639206,1240776547648,1240776555200,0,0,0,0,0,0,0,510740,1,null
63964,undefined,0,455.35,0,0,0,0,4,2,79181,undefined,undefined
641729,1240776265430,1240776678592,0,126,1,99,0,0,0,546231,1,null
642046,1240780624327,1240780792400,0,0,0,0,0,0,0,0,1,null
643827,1240777609390,1240777623187,0,0,0,0,0,0,0,0,1,null
66513,1240779022932,1240780464462,0,972,6,185.66666666666666,0,0,0,520592,3,0
66540,1240777759222,1240779947891,0,1962,9,125,0,0,0,196543,2,null
678064,1240780722166,0,0,0,0,0,0,0,0,0,1,0
691188,1240775540236,1240775755163,0,85,1,85,161236,1,2,16825,3,null
691604,1240778305240,1240778313805,0,0,0,0,0,0,0,81597,1,null
695030,1240777981670,1240778105373,0,0,0,0,0,0,0,0,1,null
695975,1240780788587,0,0,179,2,89.5,0,0,0,0,1,0
713,1240779847884,1240780888017,1205.3,3727,7,395.85714285714283,1265,9,49,12,15,6
71724,1240780747963,0,0,0,0,0,3200,8,1,94103,11,4
718536,1240776457096,1240776981189,39.300000000000004,393,1,489,720155,4,1,202328,5,1
720155,1240776509808,1240776977069,0,393,1,297,718536,0,0,718536,4,null
730587,1240780312599,0,0,0,0,0,0,1,0,735743,4,0
73621,undefined,0,77.25,0,0,0,0,2,2,112194,undefined,undefined
738746,1240780345610,1240780440489,0,0,0,0,0,0,0,0,1,null
74274,1240779948581,1240780119758,0,0,0,0,0,0,0,132958,1,0
755785,1240777412460,1240777776405,0,110,1,220,0,1,0,1892,3,null
764326,1240777690595,1240777901692,0,411,2,135,0,0,0,140986,1,null
767143,undefined,0,34.3,0,0,0,0,7,2,355917,undefined,undefined
769463,1240780775037,0,0,1557,10,140.3,0,0,0,430717,3,0
77,1240778584740,1240778843224,0,0,0,0,171151,10,2,12770,13,2
77969,undefined,0,20.1,0,0,0,0,1,0,308635,undefined,undefined
78815,1240780414820,1240780583435,0,0,0,0,0,0,0,36282,1,null
791358,1240780302751,1240780571453,0,56,1,112,0,0,0,387496,4,null
79181,undefined,0,172.85,0,0,0,0,2,4,116005,undefined,undefined
79279,1240777272606,1240778122609,0,330,3,110,0,0,0,133482,1,null
797824,1240775868761,0,12.600000000000001,2564,10,235.9,574401,6,1,82321,5,2
809490,1240775833218,1240776169324,0,0,0,0,0,0,0,821335,1,null
82254,1240778279109,1240780479186,0,1580,4,252,102796,1,0,133482,4,0
82321,undefined,0,262.7,0,0,0,0,4,7,57717,undefined,undefined
82377,undefined,0,2.8000000000000003,0,0,0,0,1,1,184167,undefined,undefined
828032,1240780858164,0,0,0,0,0,0,0,0,0,1,0
836050,1240780385175,0,0,1548,6,156.33333333333334,0,0,0,113237,2,0
8527,1240776797898,1240778829689,0,3970,7,335.42857142857144,2090,1,0,503,6,1
870091,1240776495914,1240776615587,0,0,0,0,0,0,0,0,1,null
87198,undefined,0,68.6,0,0,0,0,2,0,767143,undefined,undefined
873537,1240775821422,1240775976459,0,0,0,0,0,0,0,0,1,null
875906,1240779886069,1240780101906,0,219,1,219,0,0,0,0,1,null
878678,1240777156711,1240777191541,0,0,0,0,0,0,0,0,1,null
879079,1240779713026,1240780269883,0,133,1,139,0,0,0,196543,1,null
881391,1240778815764,1240779202263,0,201,3,65.33333333333333,0,0,0,77969,2,null
881995,1240780703816,1240780728779,0,0,0,0,0,0,0,0,1,null
8842,1240778161751,0,99.50000000000001,966,2,552.5,22707,11,18,1531,13,6
887964,1240775555090,1240776827148,153.95000000000002,559,5,104,0,2,1,919861,2,null
890052,1240777455898,1240777627254,0,713,6,122.66666666666667,0,0,0,475837,2,null
896436,1240778941898,1240778949936,0,915,2,156,0,0,0,217283,2,null
902911,1240775722338,1240775732291,0,0,0,0,0,0,0,0,1,null
90312,1240780220266,1240780261099,0,0,0,0,0,0,0,505644,1,null
905316,1240776012990,1240776068271,0,0,0,0,0,0,0,0,1,null
9093,1240780172404,0,0,994,2,659,0,4,0,16040,5,3
911565,1240779575753,1240779594942,0,0,0,0,0,0,0,0,1,null
915649,1240780567932,1240780607192,0,0,0,0,0,0,0,0,1,null
919861,undefined,0,123.5,0,0,0,0,1,2,171151,undefined,undefined
921625,1240780568043,0,0,0,0,0,0,0,0,0,1,0
921826,1240776019563,1240776094039,0,0,0,0,0,0,0,0,1,null
92300,undefined,0,31.1,0,0,0,0,1,5,185650,undefined,undefined
923270,1240778933060,1240779363181,0,273,1,123,0,0,0,132646,1,null
925922,1240777477875,1240777905641,0,0,0,0,0,0,0,0,1,null
926511,1240779725317,0,0,46,1,92,0,0,0,0,1,0
926876,1240777246385,1240777250679,0,0,0,0,0,0,0,0,1,null
927720,1240779602864,1240779618561,0,0,0,0,0,0,0,0,1,null
928850,1240780884599,0,0,0,0,0,0,0,0,0,1,0
930175,1240780819137,1240780873296,0,0,0,0,0,0,0,0,1,null
930370,1240780743601,0,0,0,0,0,0,0,0,0,1,0
95872,1240777591566,1240778264464,0,204,2,102,0,0,0,0,1,null
995,undefined,0,143.70000000000002,0,0,0,0,11,15,12,undefined,undefined
<<<<EndTable

PlayersOnlineNow=31
PlayersOnlineEachMinute=0, 9, 15, 17, 18, 21, 30, 29, 27, 28, 28, 29, 29, 27, 32, 30, 33, 38, 39, 36, 34, 35, 36, 37, 36, 36, 36, 37, 36, 38, 35, 33, 34, 36, 38, 40, 38, 37, 37, 39, 36, 34, 34, 31, 30, 29, 25, 26, 25, 26, 27, 28, 30, 28, 27, 27, 25, 28, 27, 29, 28, 27, 25, 26, 26, 27, 27, 26, 26, 26, 27, 28, 31, 32, 32, 32, 34, 33, 35, 34, 32, 32, 33, 33, 35, 31, 31, 31, 33, 33
PlayersInEachFeedingGame=1, 1, 2, 2, 1, 2, 1, 1, 2, 2, 3, 2, 1, 1, 2, 1, 1, 1, 2, 1, 1, 1, 1, 1, 1, 2, 2, 2, 2, 2, 1, 2, 2, 3, 1, 2, 2, 1, 2, 2, 2, 1, 2, 2, 2, 1, 2, 1, 2, 1, 2, 2, 2, 2, 1, 1, 1, 2, 1, 2, 1, 2, 1, 1, 2, 1, 1, 1, 2, 1, 2, 1, 1, 1, 1, 2, 1, 2, 1, 2, 1, 2, 2, 1, 2, 1, 1, 2, 1, 1, 2, 2, 2, 1, 2, 2, 2, 2, 1, 2, 2, 1, 2, 2, 3, 2, 1, 2, 2, 2, 2, 2, 1, 2, 2, 2, 3, 2, 2, 3, 1, 2, 2, 1, 2, 2, 2, 2, 2, 2, 1, 2, 2, 1, 1, 2, 1, 2, 2, 2, 2, 2, 1, 1, 2, 2, 1, 2, 1, 1, 2, 1, 1, 2, 2, 1, 1, 1, 2, 2
PlayersStarted=244
PlayersQuit=213
StatsStartTime=1240775529676
StatsDumpTime=1240780930031
<<<<EndStats
2009-04-26 14:22:32,979 ERROR: vampire.server.feeding.FeedingRecord sendPlayerStartGameMsg [playerId=930370, prey=false, _predatorIndex=]
2009-04-26 14:23:39,150 ERROR: vampire.server.feeding.FeedingRecord sendPlayerStartGameMsg [playerId=695975, prey=false, _predatorIndex=]
2009-04-26 14:25:06,174 ERROR: vampire.server.feeding.FeedingRecord sendPlayerStartGameMsg [playerId=432820, prey=false, _predatorIndex=]
2009-04-26 14:25:51,578 ERROR: vampire.server.feeding.FeedingRecord sendPlayerStartGameMsg [playerId=71724, prey=true, _predatorIndex=]
2009-04-26 14:25:51,579 ERROR: vampire.server.feeding.FeedingRecord sendPlayerStartGameMsg [playerId=109372, prey=false, _predatorIndex=]
2009-04-26 14:26:02,707 ERROR: vampire.server.feeding.FeedingRecord sendPlayerStartGameMsg [playerId=191984, prey=true, _predatorIndex=]
2009-04-26 14:26:02,707 ERROR: vampire.server.feeding.FeedingRecord sendPlayerStartGameMsg [playerId=208837, prey=false, _predatorIndex=]
2009-04-26 14:26:27,599 ERROR: vampire.server.feeding.FeedingRecord sendPlayerStartGameMsg [playerId=338667, prey=true, _predatorIndex=]
2009-04-26 14:26:27,599 ERROR: vampire.server.feeding.FeedingRecord sendPlayerStartGameMsg [playerId=233517, prey=false, _predatorIndex=]
2009-04-26 14:26:36,092 ERROR: vampire.server.feeding.FeedingRecord sendPlayerStartGameMsg [playerId=695975, prey=false, _predatorIndex=]
2009-04-26 14:26:36,162 ERROR: vampire.server.feeding.FeedingRecord sendPlayerStartGameMsg [playerId=769463, prey=false, _predatorIndex=233517]
2009-04-26 14:27:13,224 ERROR: vampire.server.feeding.FeedingRecord sendPlayerStartGameMsg [playerId=311783, prey=false, _predatorIndex=]
2009-04-26 14:28:15,846 ERROR: vampire.server.feeding.FeedingRecord sendPlayerStartGameMsg [playerId=432820, prey=true, _predatorIndex=]
2009-04-26 14:28:15,846 ERROR: vampire.server.feeding.FeedingRecord sendPlayerStartGameMsg [playerId=769463, prey=false, _predatorIndex=]
2009-04-26 14:28:18,368 ERROR: vampire.server.feeding.FeedingRecord sendPlayerStartGameMsg [playerId=713, prey=true, _predatorIndex=]
2009-04-26 14:28:18,368 ERROR: vampire.server.feeding.FeedingRecord sendPlayerStartGameMsg [playerId=4139, prey=false, _predatorIndex=]
2009-04-26 14:28:33,721 ERROR: vampire.server.feeding.FeedingRecord sendPlayerStartGameMsg [playerId=16825, prey=true, _predatorIndex=]
2009-04-26 14:28:33,722 ERROR: vampire.server.feeding.FeedingRecord sendPlayerStartGameMsg [playerId=69841, prey=false, _predatorIndex=]
2009-04-26 14:29:06,495 ERROR: vampire.server.feeding.FeedingRecord sendPlayerStartGameMsg [playerId=170191, prey=true, _predatorIndex=]
2009-04-26 14:29:06,496 ERROR: vampire.server.feeding.FeedingRecord sendPlayerStartGameMsg [playerId=501908, prey=false, _predatorIndex=]
2009-04-26 14:29:25,286 ERROR: vampire.server.feeding.FeedingRecord sendPlayerStartGameMsg [playerId=930370, prey=true, _predatorIndex=]
2009-04-26 14:29:25,287 ERROR: vampire.server.feeding.FeedingRecord sendPlayerStartGameMsg [playerId=880558, prey=false, _predatorIndex=]
2009-04-26 14:29:37,687 ERROR: vampire.server.feeding.FeedingRecord sendPlayerStartGameMsg [playerId=311783, prey=true, _predatorIndex=]
2009-04-26 14:29:37,687 ERROR: vampire.server.feeding.FeedingRecord sendPlayerStartGameMsg [playerId=554187, prey=false, _predatorIndex=]
2009-04-26 14:29:39,223 ERROR: vampire.server.feeding.FeedingRecord sendPlayerStartGameMsg [playerId=53030, prey=false, _predatorIndex=501908]
2009-04-26 14:29:40,428 ERROR: vampire.server.feeding.FeedingRecord sendPlayerStartGameMsg [playerId=208837, prey=true, _predatorIndex=]
2009-04-26 14:29:40,428 ERROR: vampire.server.feeding.FeedingRecord sendPlayerStartGameMsg [playerId=141461, prey=false, _predatorIndex=]
2009-04-26 14:29:50,325 ERROR: vampire.server.feeding.FeedingRecord sendPlayerStartGameMsg [playerId=191984, prey=true, _predatorIndex=]
2009-04-26 14:29:50,326 ERROR: vampire.server.feeding.FeedingRecord sendPlayerStartGameMsg [playerId=53030, prey=false, _predatorIndex=]
2009-04-26 14:30:31,157 ERROR: vampire.server.feeding.FeedingRecord sendPlayerStartGameMsg [playerId=931245, prey=true, _predatorIndex=]
2009-04-26 14:30:31,158 ERROR: vampire.server.feeding.FeedingRecord sendPlayerStartGameMsg [playerId=79532, prey=false, _predatorIndex=]
2009-04-26 14:32:00,056 ERROR: vampire.server.feeding.FeedingRecord sendPlayerStartGameMsg [playerId=432820, prey=false, _predatorIndex=]

