
>>>>BeginStats

>>>>BeginTable
PlayerId, StartTime, EndTime, ProgenyPayout, XPFromFeeding, FeedingGames, MeanFeedingScore, BloodBond, Progeny, GrandProgeny, Sire, Level, Invites
100661,1240761171042,1240761241962,0,0,0,0,0,0,0,0,1,null
102824,1240766343793,1240766549751,0,0,0,0,0,0,0,179509,1,null
103033,undefined,0,69.7,0,0,0,0,5,2,81899,undefined,undefined
1043,1240766036883,0,0,5422,9,617.4444444444445,16444,2,0,12,12,3
106069,1240766904920,0,0,0,0,0,236834,13,10,236834,7,1
1062,1240764155223,1240766466814,115.9,2230,7,494.7142857142857,54776,8,5,713,14,2
10642,1240766690374,1240766933497,0,350,1,438,447249,22,27,351598,13,2
108279,1240764755020,1240764935008,0,0,0,0,170046,2,1,172623,4,1
109686,1240761280968,1240761854256,0,191,1,114,0,0,0,168473,1,null
110056,1240766617309,1240766820053,0,851,4,101.25,0,0,0,1062,1,null
110090,1240760268206,1240760305353,0,0,0,0,0,0,0,0,1,null
1101,1240762152417,1240762756184,0,1482,4,219.75,0,2,11,239981,6,1
111249,undefined,0,39.300000000000004,0,0,0,0,2,8,188370,undefined,undefined
113203,undefined,0,9.4,0,0,0,0,1,0,553865,undefined,undefined
116395,1240765342027,1240765958941,0,94,1,94,0,0,0,113203,2,null
118794,1240766885807,0,0,0,0,0,0,0,0,172329,2,0
12,undefined,0,2304.0500000000006,0,0,0,0,19,59,383387,undefined,undefined
122194,undefined,0,22.400000000000002,0,0,0,0,1,10,170316,undefined,undefined
122766,1240766708135,0,0,0,0,0,0,0,0,120145,1,0
122907,undefined,0,82,0,0,0,0,6,8,251062,undefined,undefined
123249,1240760271927,1240760520861,0,223,1,298,0,0,0,204777,7,2
124226,1240758914621,1240759458255,0,159,1,159,0,0,0,5212,3,null
124585,undefined,0,15.650000000000002,0,0,0,0,2,4,143278,undefined,undefined
1265,1240761909711,1240764055525,74,2450,5,774.2,713,9,17,12,15,3
12770,undefined,0,276.15000000000003,0,0,0,0,20,21,383387,undefined,undefined
12791,undefined,0,888.2999999999998,0,0,0,0,9,5,12,undefined,undefined
128013,1240760892831,1240761416216,0,0,0,0,0,3,2,254152,4,1
128741,1240759468042,1240760337218,0,679,3,185.66666666666666,0,0,0,0,1,null
129057,1240763491783,1240765133458,0,393,3,124,0,0,0,217283,2,0
130627,undefined,0,10.600000000000001,0,0,0,0,8,9,85079,undefined,undefined
131355,1240765791225,0,0,278,1,278,0,1,2,461901,4,0
132052,1240763241026,1240765014798,0,1401,6,214.83333333333334,84747,1,0,84747,5,1
132646,undefined,0,72.25,0,0,0,0,1,1,202501,undefined,undefined
135112,1240759123457,1240759191225,0,0,0,0,0,0,0,0,1,null
140094,1240760486513,1240760545010,10.150000000000002,0,0,0,0,2,4,153510,4,0
141461,1240766376312,0,0,1846,4,830,0,1,0,468188,4,0
142178,undefined,0,26.500000000000004,0,0,0,0,2,13,73621,undefined,undefined
143309,1240766196471,1240766465984,0,964,4,134.75,0,0,0,1265,3,0
143718,1240762570607,1240763000427,0,111,1,92,0,0,0,0,1,null
143836,1240765655296,1240766199199,0,195,2,97.5,0,0,0,0,1,null
144198,1240767105547,0,0,0,0,0,0,0,0,294709,2,0
144606,undefined,0,8.25,0,0,0,0,2,4,141785,undefined,undefined
151709,1240762799641,0,0,672,6,103.16666666666667,475837,2,1,510740,3,0
1531,1240759442991,1240761422342,0,8509,14,650.7142857142857,503,3,13,12,13,3
154004,1240762422769,1240762540436,0,0,0,0,561706,6,0,90041,4,0
156489,1240766125570,1240766555570,128.65,1466,3,450,154238,12,19,713,5,1
159420,undefined,0,24.9,0,0,0,0,1,5,206649,undefined,undefined
160138,undefined,0,50.45,0,0,0,0,6,5,150469,undefined,undefined
161170,undefined,0,16.15,0,0,0,0,1,1,192544,undefined,undefined
163614,1240759426363,1240760133681,0,162,2,128,0,0,0,170336,4,0
163730,1240765595828,1240766418934,0,0,0,0,0,0,0,387494,2,0
166269,1240759166920,1240759180835,0,0,0,0,0,0,0,19205,4,0
167134,undefined,0,250.45000000000002,0,0,0,0,1,4,176511,undefined,undefined
168217,1240760787762,1240761100660,0,225,2,112.5,0,0,0,250107,2,0
16825,1240759863889,1240760723330,49.3,199,1,238,0,13,6,4139,5,1
168395,1240765121525,1240765207900,0,0,0,0,0,0,0,0,1,null
168473,1240761890465,1240761926652,18.2,0,0,0,772383,9,0,180508,6,7
169621,1240764123279,1240764140785,0,0,0,0,0,0,0,0,1,null
170191,1240767005186,0,139.3,2126,6,425.1666666666667,0,2,6,202873,9,1
170316,undefined,0,11.200000000000001,0,0,0,0,3,1,210210,undefined,undefined
170621,1240759419435,1240759810379,0,194,2,64,0,0,0,537491,1,null
171151,1240758763192,1240759017997,21.200000000000003,156,1,264,77,29,14,21067,13,3
171513,1240763943017,1240763951130,0,1393,5,262.2,0,6,6,170191,10,2
175591,undefined,0,173.20000000000002,0,0,0,0,2,1,691188,undefined,undefined
176478,undefined,0,16.5,0,0,0,0,4,1,144606,undefined,undefined
176511,undefined,0,72.85000000000001,0,0,0,0,2,1,154346,undefined,undefined
178620,undefined,0,7.7,0,0,0,0,1,1,238093,undefined,undefined
179326,undefined,0,193.50000000000003,0,0,0,0,2,3,185581,undefined,undefined
179423,1240766417322,0,0,0,0,0,134168,0,0,5212,3,0
179435,1240760489075,1240761841842,0,190,1,185,0,0,0,0,1,null
179687,undefined,0,7,0,0,0,0,3,0,24525,undefined,undefined
180508,undefined,0,9.1,0,0,0,0,1,9,12791,undefined,undefined
181264,undefined,0,138.5,0,0,0,0,2,1,3812,undefined,undefined
181512,1240759650402,1240759657640,0,0,0,0,0,0,0,179509,1,null
183692,undefined,0,173.6,0,0,0,0,1,0,179326,undefined,undefined
185434,1240761569319,1240762304842,0,296,2,192.5,0,0,0,0,1,null
185581,undefined,0,35.85,0,0,0,0,2,2,209656,undefined,undefined
188623,undefined,0,11.15,0,0,0,0,4,1,24525,undefined,undefined
189866,1240758751135,1240759545182,0,212,2,52,0,0,0,171151,1,null
191252,1240763933396,1240766334478,87.7,1938,10,210.6,0,2,0,227147,5,1
191984,1240767042830,0,0,265,2,179,191950,13,4,142178,8,5
192883,1240765833267,1240765846118,0,0,0,0,0,8,2,210210,7,5
193558,undefined,0,11.25,0,0,0,0,1,5,258951,undefined,undefined
195722,1240759809493,1240760521954,0,336,2,168,37528,1,0,208602,6,1
196434,1240759011321,1240759036706,0,0,0,0,0,0,0,0,1,null
196543,1240766296094,1240766832210,0,687,5,97.8,0,0,0,32314,3,null
198149,undefined,0,71.2,0,0,0,0,1,3,380604,undefined,undefined
199166,1240763749747,1240764267447,0,1732,11,151.1818181818182,0,0,0,175591,2,null
20260,1240761295709,0,98.2,0,0,0,17790,15,35,12,16,13
202873,undefined,0,282.25,0,0,0,0,1,2,341164,undefined,undefined
202994,1240762860461,1240762925253,0,0,0,0,0,0,0,210162,1,0
204777,undefined,0,22.3,0,0,0,0,1,0,188623,undefined,undefined
205100,1240763437891,1240763495546,0,0,0,0,0,0,0,133118,2,null
205535,1240759075524,1240760659395,0,0,0,0,70997,1,0,95479,6,2
208602,undefined,0,33.6,0,0,0,0,5,1,351626,undefined,undefined
209944,undefined,0,74.1,0,0,0,0,1,1,209656,undefined,undefined
210163,1240762301383,1240762770440,0,252,2,94.5,718536,6,0,255725,5,3
21067,undefined,0,26.200000000000003,0,0,0,0,2,29,302907,undefined,undefined
21506,1240761591987,1240762132884,0,389,1,465,751256,1,0,3200,4,1
215585,1240763494674,1240763502358,0,0,0,0,0,0,0,0,1,null
217283,1240758720759,1240760140056,62.60000000000001,498,3,191,101306,19,13,57393,10,3
223864,undefined,0,120.35,0,0,0,0,5,16,160138,undefined,undefined
226564,1240760377874,1240760682372,0,216,3,72,0,0,0,0,1,null
227007,1240766586424,0,0,0,0,0,0,0,0,43402,7,1
227147,undefined,0,237.65000000000003,0,0,0,0,1,2,238782,undefined,undefined
22976,1240766209153,1240766222766,0,0,0,0,0,0,0,21751,2,0
23340,undefined,0,49.50000000000001,0,0,0,0,6,4,383387,undefined,undefined
238782,undefined,0,96.9,0,0,0,0,2,1,180951,undefined,undefined
239981,undefined,0,148.2,0,0,0,0,1,2,209944,undefined,undefined
24525,undefined,0,3.5,0,0,0,0,5,7,316097,undefined,undefined
246048,1240765828812,1240766239980,0,154,1,103,0,0,0,33683,3,1
250107,undefined,0,22.5,0,0,0,0,5,0,193558,undefined,undefined
251062,undefined,0,29.25,0,0,0,0,6,15,296361,undefined,undefined
254494,1240763750574,1240764201624,0,182,1,143,0,0,0,168473,1,null
255725,undefined,0,25.200000000000003,0,0,0,0,1,6,309124,undefined,undefined
256746,undefined,0,114.25000000000001,0,0,0,0,5,28,61984,undefined,undefined
261716,1240759812669,1240762074189,12.8,1321,6,283,57810,1,0,181264,4,0
264109,1240759156796,1240760035433,0,122,2,60.5,0,0,0,533,3,null
277178,1240758728009,1240758756070,0,0,0,0,0,0,0,0,1,null
280634,undefined,0,28.5,0,0,0,0,5,2,280346,undefined,undefined
294709,1240767120431,0,0,0,0,0,0,1,0,202501,4,0
300492,1240760519738,1240762176980,0,122,2,62.5,0,0,0,58373,1,null
30158,undefined,0,57,0,0,0,0,2,1,280634,undefined,undefined
302907,undefined,0,7.800000000000001,0,0,0,0,2,2,283855,undefined,undefined
308635,1240762456115,1240763020443,0,224,1,582,199696,10,2,122194,7,6
309124,undefined,0,12.600000000000001,0,0,0,0,1,1,20106,undefined,undefined
3200,1240766884883,0,38.900000000000006,1009,2,407,71724,16,4,223864,12,2
32314,1240761870187,1240762033731,494.7000000000001,990,4,297.5,20731,10,2,40508,12,2
33683,undefined,0,15.4,0,0,0,0,1,0,178620,undefined,undefined
3383,1240763711299,1240764252037,0,8883,15,482.2,968,4,9,12791,13,2
341047,1240759239591,1240759991197,0,0,0,0,0,1,0,0,4,5
341164,undefined,0,106.30000000000001,0,0,0,0,1,1,57393,undefined,undefined
349835,undefined,0,72.30000000000001,0,0,0,0,4,1,140094,undefined,undefined
351430,undefined,0,92.30000000000001,0,0,0,0,10,15,336228,undefined,undefined
351598,undefined,0,35,0,0,0,0,1,22,359624,undefined,undefined
351626,undefined,0,16.8,0,0,0,0,6,9,183403,undefined,undefined
355917,undefined,0,17.1,0,0,0,0,6,6,107,undefined,undefined
359407,1240763185779,1240763239561,0,0,0,0,0,0,0,0,1,null
359624,undefined,0,17.5,0,0,0,0,3,1,201132,undefined,undefined
36411,1240759557513,1240759671215,0,0,0,0,0,0,0,269080,1,null
370766,1240765459134,1240765555866,0,0,0,0,0,0,0,0,1,null
372617,undefined,0,37.85,0,0,0,0,2,2,36432,undefined,undefined
380604,undefined,0,35.6,0,0,0,0,4,3,375444,undefined,undefined
3812,undefined,0,66.05,0,0,0,0,1,2,65584,undefined,undefined
383071,1240766376287,1240766381085,0,0,0,0,0,0,0,475692,1,null
383387,undefined,0,922.1,0,0,0,0,3,45,0,undefined,undefined
393018,1240765215259,1240765235354,0,0,0,0,0,0,0,128057,2,0
397835,undefined,0,105.25,0,0,0,0,5,8,47379,undefined,undefined
398860,1240763392728,1240764195006,104,203,2,95.5,0,1,0,349835,2,2
403403,1240767101975,1240767118006,0,1445,4,370.75,0,0,0,63227,4,0
40508,undefined,0,346.3499999999998,0,0,0,0,4,10,23340,undefined,undefined
4139,undefined,0,44.55000000000001,0,0,0,0,11,13,713,undefined,undefined
415271,1240760171302,1240760822089,11.4,313,2,138,0,5,0,66689,4,0
42102,1240762236812,1240762249696,0,0,0,0,0,0,0,355917,2,0
421152,1240760055441,1240761910990,0,323,2,179.5,0,0,0,88368,2,0
430717,undefined,0,247.50000000000003,0,0,0,0,28,2,256746,undefined,undefined
430891,undefined,0,78.60000000000001,0,0,0,0,8,0,111249,undefined,undefined
448870,1240764637725,1240765214496,0,380,2,190,0,0,0,505644,1,null
455351,1240761125407,1240761357686,0,165,1,165,0,1,1,176478,3,0
455721,1240764903537,1240767103529,209.5,1457,6,305.5,0,4,0,167134,4,0
460471,1240765958876,1240766040888,0,0,0,0,0,0,0,137127,3,0
461901,undefined,0,27.8,0,0,0,0,1,1,968,undefined,undefined
468188,undefined,0,184.60000000000002,0,0,0,0,15,1,351430,undefined,undefined
47379,1240761536217,1240762423682,50.05,1814,8,200.875,0,3,5,54776,4,0
475837,1240762057318,0,0,1860,15,111.33333333333333,151709,0,0,430717,3,0
505644,undefined,0,38,0,0,0,0,1,0,430717,undefined,undefined
510740,1240765292611,1240765945244,119.10000000000001,0,0,0,230164,50,37,534632,16,15
511861,1240764172273,1240765668045,0,2034,13,143.76923076923077,0,0,0,510740,2,null
5212,1240766923177,1240766935774,55.699999999999996,1008,2,595,2843,14,10,156489,14,2
521976,1240767040779,0,0,0,0,0,87449,0,0,537158,3,0
524637,1240763318592,1240763918472,0,180,1,180,0,0,0,83320,3,null
52818,1240759911280,1240761325252,0,0,0,0,0,2,0,367452,4,0
53030,1240765160078,1240765967821,47,585,2,450.5,0,8,5,122907,12,3
533,undefined,0,12.2,0,0,0,0,5,0,20260,undefined,undefined
534632,undefined,0,55.85,0,0,0,0,5,50,445660,undefined,undefined
537491,1240765768825,0,19.400000000000002,1303,8,152.375,0,2,0,7314,3,0
541117,1240759862024,1240759952803,0,0,0,0,0,0,0,75123,2,0
545157,1240763652367,1240765308244,0,1040,5,150,0,0,0,398860,2,0
54776,1240766010986,1240766693892,353.80000000000007,1842,8,330.375,1062,32,19,89757,13,2
548201,1240759839544,1240760497115,0,233,2,113,0,1,0,217283,2,null
552949,1240763838929,1240764057144,0,0,0,0,0,0,0,0,1,null
553865,undefined,0,4.7,0,0,0,0,1,1,174528,undefined,undefined
559847,1240763730968,1240764238416,0,279,4,69.75,0,0,0,0,1,null
57393,undefined,0,81.1,0,0,0,0,5,22,159420,undefined,undefined
578,1240760780772,1240761515826,0,1902,4,769.75,166,3,5,12770,11,2
57810,1240760264394,1240761273736,0,1321,6,156.66666666666666,261716,0,0,0,2,0
578918,1240767000598,0,70,717,5,171.8,0,2,0,179326,3,0
58373,1240761285500,1240762481806,12.2,636,5,139.6,0,2,0,103033,3,0
5842,undefined,0,65.15,0,0,0,0,11,9,344937,undefined,undefined
585199,1240762737900,1240764949725,0,0,0,0,0,1,0,430717,1,1
597005,1240761593549,1240762167100,0,0,0,0,0,2,1,603011,4,0
60542,1240761634880,1240764339187,0,4701,16,367.25,167153,1,0,63964,8,1
607434,1240761946889,1240762059228,0,0,0,0,0,0,0,83320,1,null
60973,undefined,0,21.200000000000003,0,0,0,0,4,0,130627,undefined,undefined
610488,1240765081656,1240766296691,0,551,4,86.75,0,0,0,53030,1,null
612159,undefined,0,75.7,0,0,0,0,2,0,372617,undefined,undefined
624616,1240764960414,1240766376764,0,0,0,0,0,1,0,104252,2,null
625910,1240762920287,1240763589574,0,308,2,161,0,0,0,1062,2,null
626711,1240759554267,1240760472879,0,0,0,0,0,1,5,639655,3,null
62700,1240759193350,0,0,0,0,0,0,0,0,126033,4,0
63163,1240764675248,1240765330972,0,104,1,104,0,0,0,60958,1,null
63227,undefined,0,144.5,0,0,0,0,1,0,132646,undefined,undefined
635003,1240766912810,0,0,0,0,0,0,1,0,30158,3,0
63964,undefined,0,470.1,0,0,0,0,4,2,79181,undefined,undefined
643678,1240763879210,1240764243853,0,0,0,0,0,0,0,0,1,null
66689,1240766577245,1240766617010,37.00000000000001,0,0,0,101152,4,7,124585,5,2
6814,1240766420419,0,0,346,3,141,0,0,0,0,1,0
685965,1240766299025,1240767088117,0,570,5,114,0,0,0,30158,1,null
68619,undefined,0,210.14999999999998,0,0,0,0,7,8,12770,undefined,undefined
68793,1240758770530,1240760684860,0,0,0,0,0,0,0,201458,4,0
691188,1240763052610,1240764642047,86.60000000000001,493,5,102,161236,1,2,16825,3,null
694523,1240763777905,1240764453054,0,212,2,98,0,0,0,60973,2,null
695556,1240759097460,1240760532608,0,98,1,68,0,0,0,0,1,null
700481,1240765832547,1240766205286,0,237,1,121,0,0,0,455721,1,null
70151,1240760291018,1240761981023,44.10000000000001,2068,12,212.33333333333334,0,1,0,797824,3,null
702557,1240764528283,1240766004490,0,557,3,185.66666666666666,0,2,0,5212,4,null
70997,1240764634071,1240765104485,15.450000000000001,1001,5,230.8,205535,8,10,397835,7,1
713,undefined,0,487.90000000000003,0,0,0,0,9,32,12,undefined,undefined
7314,undefined,0,140,0,0,0,0,8,2,5842,undefined,undefined
73148,1240761934135,1240762168248,0,70,1,139,0,0,0,179687,1,0
73621,undefined,0,13.250000000000002,0,0,0,0,2,2,112194,undefined,undefined
743066,1240761789385,1240762068773,0,356,1,155,0,0,0,0,1,null
745287,1240759905213,1240760135525,0,87,1,87,0,0,0,0,1,null
753541,1240763508482,1240763518579,0,0,0,0,0,0,0,191984,1,null
755771,1240765220501,0,0,757,4,172.75,0,0,0,612159,2,0
763115,1240764455451,1240764533114,0,0,0,0,0,0,0,0,1,null
763835,1240766248738,1240767117588,0,0,0,0,0,0,0,0,1,null
767143,1240766277073,0,34.2,0,0,0,103033,6,2,355917,7,1
769463,1240762459484,1240763870719,0,425,3,130.33333333333334,0,0,0,430717,3,null
773108,undefined,0,51.10000000000001,0,0,0,0,9,2,510740,undefined,undefined
776785,undefined,0,19.1,0,0,0,0,2,0,96722,undefined,undefined
77910,1240765480913,1240766218305,0,353,4,88.25,0,0,0,0,1,null
79181,undefined,0,235.05,0,0,0,0,2,4,116005,undefined,undefined
79209,1240764894994,1240766077455,0,757,4,175.25,0,0,0,191252,1,null
797824,undefined,0,228.85,0,0,0,0,5,1,82321,undefined,undefined
798148,1240760171375,1240763469360,0,4034,18,164.55555555555554,0,0,0,32314,3,null
79942,1240762129239,1240763443465,0,712,3,233,118605,3,4,198149,4,0
80094,1240762393170,1240764641782,10.3,103,1,125,65812,7,0,70997,4,4
801322,1240766976414,1240766984214,0,0,0,0,0,0,0,773108,1,null
802319,1240766721129,1240767010148,72.60000000000001,148,1,296,0,2,4,773108,3,null
807506,1240766360663,1240767111995,0,1858,9,200.44444444444446,0,0,0,455721,2,null
810799,1240764620206,1240764929864,0,0,0,0,0,0,0,0,1,null
81899,1240764403087,1240766023921,31.799999999999997,726,3,141.33333333333334,0,4,6,802319,6,1
819962,1240762164537,1240763698696,0,1045,7,150.14285714285714,0,0,0,578918,2,null
82057,1240758926201,1240758959879,0,0,0,0,0,0,0,108988,1,0
82321,undefined,0,103.4,0,0,0,0,4,7,57717,undefined,undefined
824974,1240765018979,1240765253848,0,110,1,110,0,0,0,0,1,null
825997,1240760069936,1240760274736,0,0,0,0,0,0,0,0,1,null
83320,undefined,0,18,0,0,0,0,4,0,96838,undefined,undefined
844266,1240759764047,1240759839163,0,0,0,0,0,0,0,0,1,null
84747,1240764589597,1240764881622,140.10000000000002,1401,6,251.5,132052,1,1,68619,4,0
849967,1240766477405,1240766967406,0,0,0,0,0,0,0,0,1,null
850678,1240766497604,1240766983517,0,283,1,142,0,0,0,0,1,null
858191,1240764255226,1240764310682,0,0,0,0,0,0,0,0,1,null
858496,1240760618205,1240761201872,0,527,3,175.66666666666666,0,0,0,0,1,null
859282,1240759391996,1240759600796,0,128,1,128,0,0,0,261716,2,null
860453,1240759066700,1240759081247,0,0,0,0,0,0,0,0,1,null
860893,1240759637176,1240760169016,0,0,0,0,0,0,0,0,1,null
861475,1240761790734,1240761820937,0,0,0,0,0,0,0,0,1,null
861768,1240765075808,1240765100311,0,0,0,0,0,0,0,0,1,null
865832,1240759519527,1240760243196,0,389,3,129.66666666666666,0,0,0,0,1,null
866420,1240761308448,1240761540559,0,0,0,0,0,0,0,0,1,null
867115,1240760521930,1240760582462,0,0,0,0,0,0,0,0,1,null
867397,1240762435132,1240762483008,0,0,0,0,0,0,0,0,1,null
870594,1240766989850,0,0,0,0,0,0,0,0,0,1,0
870773,1240759028420,1240762181415,0,786,7,95.42857142857143,0,0,0,430891,2,null
871178,1240762319113,1240762498322,0,0,0,0,0,0,0,0,1,null
87198,1240766863517,0,0,342,2,171,0,2,0,767143,3,2
872616,1240764950427,1240764980048,0,0,0,0,0,0,0,0,1,null
874721,1240758965658,1240759398076,0,0,0,0,0,0,0,0,1,null
876733,1240766375709,0,0,1736,5,98,0,0,0,183692,2,0
88368,undefined,0,32.3,0,0,0,0,1,0,161170,undefined,undefined
885368,1240764886310,1240764895149,0,0,0,0,0,0,0,0,1,null
890753,1240759587626,1240759817771,0,0,0,0,0,0,0,0,1,null
893005,1240765462070,1240765548781,0,0,0,0,0,0,0,0,1,null
895671,1240759723079,1240759789219,0,0,0,0,0,0,0,0,1,null
89757,undefined,0,361.1000000000001,0,0,0,0,3,32,20260,undefined,undefined
906596,1240761384035,1240762151650,0,370,3,123.33333333333333,0,0,0,0,1,null
907250,1240760550185,1240761150906,0,114,1,110,0,0,0,415271,1,null
907997,1240763917160,1240763980855,0,0,0,0,0,0,0,145609,1,null
910094,1240759448160,1240759790116,0,111,1,111,0,0,0,0,1,null
910170,1240762571776,1240762891034,0,226,3,64,0,0,0,32314,1,null
910227,1240761331128,1240761527364,0,0,0,0,0,0,0,0,1,null
910781,1240760924099,1240761442370,0,441,2,164.5,0,0,0,70151,1,null
910990,1240759128158,1240759168501,0,0,0,0,0,0,0,0,1,null
911801,1240759370444,1240759608149,0,109,1,109,0,0,0,0,1,null
912679,1240763672630,1240764227298,0,103,1,81,0,0,0,80094,1,null
913031,1240759191314,1240759762671,0,0,0,0,0,0,0,0,1,null
913545,1240762518619,1240762532619,0,0,0,0,0,0,0,0,1,null
913837,1240764895605,1240764926913,0,0,0,0,0,0,0,0,1,null
914350,1240761969354,1240764648372,0,164,2,82,0,0,0,0,1,null
914522,1240761369707,1240761495272,0,0,0,0,0,0,0,0,1,null
914811,1240762047417,1240762112787,0,0,0,0,0,0,0,0,1,null
915472,1240765448933,1240765850066,0,0,0,0,0,0,0,0,1,null
915794,1240766676836,1240766933494,0,0,0,0,0,0,0,0,1,null
916192,1240764596938,1240764613406,0,0,0,0,0,0,0,0,1,null
917521,1240767061429,1240767091799,0,0,0,0,0,0,0,0,1,null
917741,1240766953639,1240767114928,0,0,0,0,0,0,0,0,1,null
917761,1240765378311,1240765813886,0,136,1,118,0,0,0,0,1,null
94204,1240763782898,1240764460448,0,254,2,108,0,0,0,191252,1,0
95813,1240764408702,1240766494308,0,1724,9,191.55555555555554,0,0,0,54776,4,null
96722,undefined,0,9.55,0,0,0,0,1,2,99126,undefined,undefined
968,undefined,0,13.9,0,0,0,0,4,1,1704,undefined,undefined
96838,undefined,0,9,0,0,0,0,1,4,166371,undefined,undefined
<<<<EndTable

PlayersOnlineNow=27
PlayersOnlineEachMinute=0, 8, 9, 13, 14, 15, 18, 19, 20, 23, 22, 26, 26, 26, 29, 28, 28, 29, 27, 27, 30, 31, 30, 29, 28, 28, 29, 29, 29, 29, 30, 31, 28, 26, 25, 26, 25, 26, 27, 26, 27, 28, 25, 27, 26, 28, 26, 22, 26, 27, 29, 29, 31, 30, 31, 31, 27, 26, 23, 22, 23, 23, 23, 23, 21, 23, 24, 25, 24, 26, 26, 25, 24, 26, 26, 26, 26, 27, 28, 28, 27, 27, 24, 25, 30, 32, 32, 31, 30, 27, 29, 31, 27, 25, 27, 29, 29, 29, 29, 25, 26, 27, 28, 29, 26, 24, 27, 24, 24, 23, 24, 25, 25, 30, 28, 29, 28, 27, 29, 28, 27, 25, 24, 25, 24, 22, 24, 25, 27, 27, 26, 26, 27, 26, 27, 26, 28, 29, 30, 32
PlayersInEachFeedingGame=2, 2, 3, 1, 1, 2, 1, 1, 1, 1, 1, 1, 1, 2, 1, 3, 2, 1, 1, 2, 1, 2, 2, 2, 2, 2, 1, 2, 1, 2, 1, 2, 1, 2, 2, 1, 1, 1, 2, 2, 1, 1, 2, 2, 2, 1, 1, 2, 1, 1, 1, 2, 2, 1, 1, 1, 1, 1, 1, 2, 2, 1, 1, 1, 1, 2, 2, 2, 1, 1, 2, 2, 1, 1, 2, 2, 1, 1, 2, 1, 1, 1, 2, 2, 1, 1, 2, 1, 1, 2, 1, 2, 1, 1, 1, 2, 2, 2, 1, 1, 1, 2, 1, 1, 1, 2, 1, 3, 2, 2, 1, 2, 2, 2, 2, 1, 2, 2, 2, 1, 2, 1, 1, 2, 1, 2, 2, 1, 2, 2, 2, 2, 2, 2, 1, 1, 1, 2, 2, 2, 2, 3, 1, 2, 2, 2, 2, 2, 2, 1, 2, 2, 1, 1, 1, 1, 1, 1, 2, 1, 2, 1, 2, 1, 1, 2, 1, 2, 2, 1, 2, 2, 1, 2, 2, 1, 2, 1, 2, 2, 1, 2, 1, 2, 2, 1, 1, 1, 2, 2, 2, 1, 1, 2, 2, 2, 2, 1, 2, 1, 3, 1, 2, 2, 1, 2, 1, 2, 1, 2, 1, 2, 2
PlayersStarted=388
PlayersQuit=361
StatsStartTime=1240758720559
StatsDumpTime=1240767121057
<<<<EndStats
2009-04-26 10:32:02,702 ERROR: vampire.server.feeding.FeedingRecord sendPlayerStartGameMsg [playerId=106069, prey=true, _predatorIndex=]
2009-04-26 10:32:02,703 ERROR: vampire.server.feeding.FeedingRecord sendPlayerStartGameMsg [playerId=191984, prey=false, _predatorIndex=]
2009-04-26 10:33:45,892 ERROR: vampire.server.feeding.FeedingRecord sendPlayerStartGameMsg [playerId=3200, prey=true, _predatorIndex=]
2009-04-26 10:33:45,893 ERROR: vampire.server.feeding.FeedingRecord sendPlayerStartGameMsg [playerId=870594, prey=false, _predatorIndex=]
2009-04-26 10:33:56,704 ERROR: vampire.server.feeding.FeedingRecord sendPlayerStartGameMsg [playerId=199955, prey=false, _predatorIndex=870594]
2009-04-26 10:34:11,762 ERROR: vampire.server.feeding.LogicFeeding handleFeedRequestMessage [player=Player [playerId=403403, name=ArcAngel, roomId=null, xp=11783, level=4, bloodbond=0, sire=63227, progeny=], e=FeedRequestMsg: player=403403, targetPlayerId=170191]
2009-04-26 10:34:18,583 ERROR: vampire.server.feeding.FeedingRecord sendPlayerStartGameMsg [playerId=199955, prey=true, _predatorIndex=]
2009-04-26 10:34:18,583 ERROR: vampire.server.feeding.FeedingRecord sendPlayerStartGameMsg [playerId=141461, prey=false, _predatorIndex=]
2009-04-26 10:34:22,822 ERROR: vampire.server.feeding.LogicFeeding handleFeedRequestMessage [player=Player [playerId=170191, name=Wolfy_pup, roomId=null, xp=72999, level=9, bloodbond=0, sire=202873, progeny=171513,207586], e=FeedRequestMsg: player=170191, targetPlayerId=403403]
2009-04-26 10:36:28,374 ERROR: vampire.server.feeding.FeedingRecord sendPlayerStartGameMsg [playerId=106069, prey=true, _predatorIndex=]
2009-04-26 10:36:28,375 ERROR: vampire.server.feeding.FeedingRecord sendPlayerStartGameMsg [playerId=191984, prey=false, _predatorIndex=]
2009-04-26 10:36:46,413 ERROR: vampire.server.feeding.FeedingRecord sendPlayerStartGameMsg [playerId=751256, prey=true, _predatorIndex=]
2009-04-26 10:36:46,414 ERROR: vampire.server.feeding.FeedingRecord sendPlayerStartGameMsg [playerId=430891, prey=false, _predatorIndex=]
2009-04-26 10:37:19,224 ERROR: vampire.server.feeding.FeedingRecord sendPlayerStartGameMsg [playerId=141461, prey=true, _predatorIndex=]
2009-04-26 10:37:19,225 ERROR: vampire.server.feeding.FeedingRecord sendPlayerStartGameMsg [playerId=3200, prey=false, _predatorIndex=]
2009-04-26 10:37:22,215 ERROR: vampire.server.feeding.FeedingRecord sendPlayerStartGameMsg [playerId=182851, prey=true, _predatorIndex=]
2009-04-26 10:37:22,215 ERROR: vampire.server.feeding.FeedingRecord sendPlayerStartGameMsg [playerId=208837, prey=false, _predatorIndex=]
2009-04-26 10:37:22,329 ERROR: vampire.server.feeding.FeedingRecord sendPlayerStartGameMsg [playerId=682863, prey=false, _predatorIndex=]
2009-04-26 10:37:31,948 ERROR: vampire.server.feeding.FeedingRecord sendPlayerStartGameMsg [playerId=475837, prey=true, _predatorIndex=]
2009-04-26 10:37:31,949 ERROR: vampire.server.feeding.FeedingRecord sendPlayerStartGameMsg [playerId=72925, prey=false, _predatorIndex=]
2009-04-26 10:37:45,155 ERROR: vampire.server.feeding.FeedingRecord sendPlayerStartGameMsg [playerId=455721, prey=true, _predatorIndex=]
2009-04-26 10:37:45,156 ERROR: vampire.server.feeding.FeedingRecord sendPlayerStartGameMsg [playerId=103033, prey=false, _predatorIndex=]
2009-04-26 10:38:48,133 ERROR: vampire.server.feeding.FeedingRecord sendPlayerStartGameMsg [playerId=199166, prey=false, _predatorIndex=]
2009-04-26 10:39:21,766 ERROR: vampire.server.feeding.FeedingRecord sendPlayerStartGameMsg [playerId=635003, prey=true, _predatorIndex=]
2009-04-26 10:39:21,767 ERROR: vampire.server.feeding.FeedingRecord sendPlayerStartGameMsg [playerId=191984, prey=false, _predatorIndex=]
2009-04-26 10:39:41,258 ERROR: vampire.server.feeding.FeedingRecord sendPlayerStartGameMsg [playerId=170191, prey=true, _predatorIndex=]
2009-04-26 10:39:41,259 ERROR: vampire.server.feeding.FeedingRecord sendPlayerStartGameMsg [playerId=403403, prey=false, _predatorIndex=]
2009-04-26 10:39:57,501 ERROR: vampire.server.feeding.FeedingRecord sendPlayerStartGameMsg [playerId=151170, prey=false, _predatorIndex=]
2009-04-26 10:40:10,531 ERROR: vampire.server.feeding.FeedingRecord sendPlayerStartGameMsg [playerId=208837, prey=true, _predatorIndex=]
2009-04-26 10:40:10,532 ERROR: vampire.server.feeding.FeedingRecord sendPlayerStartGameMsg [playerId=182851, prey=false, _predatorIndex=]
2009-04-26 10:40:32,695 ERROR: vampire.server.feeding.FeedingRecord sendPlayerStartGameMsg [playerId=865007, prey=false, _predatorIndex=3200]
2009-04-26 10:41:29,736 ERROR: vampire.server.feeding.FeedingRecord sendPlayerStartGameMsg [playerId=191984, prey=false, _predatorIndex=191984]

>>>>BeginStats

>>>>BeginTable
PlayerId, StartTime, EndTime, ProgenyPayout, XPFromFeeding, FeedingGames, MeanFeedingScore, BloodBond, Progeny, GrandProgeny, Sire, Level, Invites
100661,1240761171042,1240761241962,0,0,0,0,0,0,0,0,1,null
101493,undefined,0,37.45,0,0,0,0,2,1,52887,undefined,undefined
102824,1240766343793,1240766549751,0,0,0,0,0,0,0,179509,1,null
103033,1240767208362,0,69.7,313,1,163,767143,5,2,81899,4,0
1043,1240766036883,0,0,5422,9,617.4444444444445,16444,2,0,12,12,3
106069,1240766904920,0,0,749,3,361.3333333333333,236834,13,10,236834,7,1
1062,1240764155223,1240766466814,115.9,2230,7,494.7142857142857,54776,8,5,713,14,2
10642,1240766690374,1240766933497,0,350,1,438,447249,22,27,351598,13,2
108279,1240764755020,1240764935008,0,0,0,0,170046,2,1,172623,4,1
109686,1240761280968,1240761854256,0,191,1,114,0,0,0,168473,1,null
110056,1240766617309,1240766820053,0,851,4,101.25,0,0,0,1062,1,null
110090,1240760268206,1240760305353,0,0,0,0,0,0,0,0,1,null
1101,1240762152417,1240762756184,0,1482,4,219.75,0,2,11,239981,6,1
111249,undefined,0,49.900000000000006,0,0,0,0,2,8,188370,undefined,undefined
113203,undefined,0,9.4,0,0,0,0,1,0,553865,undefined,undefined
116395,1240765342027,1240765958941,0,94,1,94,0,0,0,113203,2,null
118794,1240766885807,1240767719336,0,0,0,0,0,0,0,172329,2,0
12,undefined,0,2304.0500000000006,0,0,0,0,19,59,383387,undefined,undefined
122194,undefined,0,22.400000000000002,0,0,0,0,1,10,170316,undefined,undefined
122766,1240766708135,1240767254416,0,0,0,0,0,0,0,120145,1,0
122907,undefined,0,82,0,0,0,0,6,8,251062,undefined,undefined
123249,1240760271927,1240760520861,0,223,1,298,0,0,0,204777,7,2
124226,1240758914621,1240759458255,0,159,1,159,0,0,0,5212,3,null
124585,undefined,0,15.650000000000002,0,0,0,0,2,4,143278,undefined,undefined
1265,1240767716000,0,74,2450,5,774.2,713,9,17,12,15,3
12770,undefined,0,276.15000000000003,0,0,0,0,20,21,383387,undefined,undefined
12791,undefined,0,888.2999999999998,0,0,0,0,9,5,12,undefined,undefined
128013,1240760892831,1240761416216,0,0,0,0,0,3,2,254152,4,1
128741,1240759468042,1240760337218,0,679,3,185.66666666666666,0,0,0,0,1,null
129057,1240763491783,1240765133458,0,393,3,124,0,0,0,217283,2,0
130627,undefined,0,10.600000000000001,0,0,0,0,8,9,85079,undefined,undefined
131355,1240767555634,0,0,278,1,278,0,1,2,461901,4,0
132052,1240763241026,1240765014798,0,1401,6,214.83333333333334,84747,1,0,84747,5,1
132646,undefined,0,92.45,0,0,0,0,1,1,202501,undefined,undefined
135112,1240759123457,1240759191225,0,0,0,0,0,0,0,0,1,null
140094,1240760486513,1240760545010,10.150000000000002,0,0,0,0,2,4,153510,4,0
141461,1240766376312,0,0,2997,7,645.8571428571429,0,1,0,468188,4,0
142178,undefined,0,78.1,0,0,0,0,2,13,73621,undefined,undefined
143309,1240766196471,1240766465984,0,964,4,134.75,0,0,0,1265,3,0
143718,1240762570607,1240763000427,0,111,1,92,0,0,0,0,1,null
143836,1240765655296,1240766199199,0,195,2,97.5,0,0,0,0,1,null
144198,1240767105547,1240767668810,0,0,0,0,0,0,0,294709,2,0
144606,undefined,0,8.25,0,0,0,0,2,4,141785,undefined,undefined
151170,1240767548461,0,0,0,0,0,0,0,0,156749,4,0
151709,1240762799641,1240767179523,0,672,6,103.16666666666667,475837,2,1,510740,3,null
1531,1240759442991,1240761422342,0,8509,14,650.7142857142857,503,3,13,12,13,3
154004,1240762422769,1240762540436,0,0,0,0,561706,6,0,90041,4,0
156489,1240766125570,1240766555570,151.45000000000002,1466,3,450,154238,12,19,713,5,1
156749,1240767609624,1240767685396,0,0,0,0,0,1,0,155816,3,0
159420,undefined,0,24.9,0,0,0,0,1,5,206649,undefined,undefined
160138,undefined,0,101.5,0,0,0,0,6,5,150469,undefined,undefined
161170,undefined,0,16.15,0,0,0,0,1,1,192544,undefined,undefined
163614,1240759426363,1240760133681,0,162,2,128,0,0,0,170336,4,0
163730,1240765595828,1240766418934,0,0,0,0,0,0,0,387494,2,0
166269,1240759166920,1240759180835,0,0,0,0,0,0,0,19205,4,0
167134,undefined,0,281.75,0,0,0,0,1,4,176511,undefined,undefined
168217,1240760787762,1240761100660,0,225,2,112.5,0,0,0,250107,2,0
16825,1240759863889,1240760723330,49.3,199,1,238,0,13,6,4139,5,1
168395,1240765121525,1240765207900,0,0,0,0,0,0,0,0,1,null
168473,1240761890465,1240761926652,18.2,0,0,0,772383,9,0,180508,6,7
169321,undefined,0,16.3,0,0,0,0,1,0,224647,undefined,undefined
169621,1240764123279,1240764140785,0,0,0,0,0,0,0,0,1,null
170191,1240767522771,0,139.3,2530,7,409.42857142857144,0,2,6,202873,9,1
170316,undefined,0,11.200000000000001,0,0,0,0,3,1,210210,undefined,undefined
170621,1240759419435,1240759810379,0,194,2,64,0,0,0,537491,1,null
171151,1240758763192,1240759017997,21.200000000000003,156,1,264,77,29,14,21067,13,3
171513,1240763943017,1240763951130,0,1393,5,262.2,0,6,6,170191,10,2
175591,undefined,0,187.70000000000002,0,0,0,0,2,1,691188,undefined,undefined
176478,undefined,0,16.5,0,0,0,0,4,1,144606,undefined,undefined
176511,undefined,0,88.50000000000001,0,0,0,0,2,1,154346,undefined,undefined
178620,undefined,0,7.7,0,0,0,0,1,1,238093,undefined,undefined
179326,undefined,0,193.50000000000003,0,0,0,0,2,3,185581,undefined,undefined
179423,1240766417322,0,0,456,3,109.33333333333333,134168,0,0,5212,3,0
179435,1240760489075,1240761841842,0,190,1,185,0,0,0,0,1,null
179687,undefined,0,7,0,0,0,0,3,0,24525,undefined,undefined
180508,undefined,0,9.1,0,0,0,0,1,9,12791,undefined,undefined
181264,undefined,0,138.5,0,0,0,0,2,1,3812,undefined,undefined
181512,1240759650402,1240759657640,0,0,0,0,0,0,0,179509,1,null
182851,1240767327939,0,0,163,1,181,0,0,0,169321,3,0
183692,undefined,0,173.6,0,0,0,0,1,0,179326,undefined,undefined
185434,1240761569319,1240762304842,0,296,2,192.5,0,0,0,0,1,null
185581,undefined,0,35.85,0,0,0,0,2,2,209656,undefined,undefined
188370,undefined,0,5.300000000000001,0,0,0,0,2,2,163484,undefined,undefined
188623,undefined,0,11.15,0,0,0,0,4,1,24525,undefined,undefined
189866,1240758751135,1240759545182,0,212,2,52,0,0,0,171151,1,null
191252,1240763933396,1240766334478,87.7,1938,10,210.6,0,2,0,227147,5,1
191984,1240767685764,0,0,781,4,192.75,191950,13,4,142178,8,5
192883,1240765833267,1240765846118,0,0,0,0,0,8,2,210210,7,5
193558,undefined,0,11.25,0,0,0,0,1,5,258951,undefined,undefined
195722,1240759809493,1240760521954,0,336,2,168,37528,1,0,208602,6,1
196434,1240759011321,1240759036706,0,0,0,0,0,0,0,0,1,null
196543,1240766296094,1240766832210,0,687,5,97.8,0,0,0,32314,3,null
198149,undefined,0,71.2,0,0,0,0,1,3,380604,undefined,undefined
199166,1240767486039,0,0,1877,12,150.66666666666666,0,0,0,175591,2,0
199955,1240767220558,1240767635125,0,314,1,135,0,1,0,81899,3,1
20106,1240767345963,1240767360564,0,0,0,0,229006,4,3,5842,8,1
20260,1240761295709,0,98.2,0,0,0,17790,15,35,12,16,13
202873,undefined,0,322.65,0,0,0,0,1,2,341164,undefined,undefined
202994,1240762860461,1240762925253,0,0,0,0,0,0,0,210162,1,0
204777,undefined,0,22.3,0,0,0,0,1,0,188623,undefined,undefined
205100,1240763437891,1240763495546,0,0,0,0,0,0,0,133118,2,null
205535,1240759075524,1240760659395,0,0,0,0,70997,1,0,95479,6,2
208602,undefined,0,33.6,0,0,0,0,5,1,351626,undefined,undefined
208837,1240767409695,0,0,163,1,145,0,0,0,802319,1,0
209944,undefined,0,74.1,0,0,0,0,1,1,209656,undefined,undefined
210163,1240762301383,1240762770440,0,252,2,94.5,718536,6,0,255725,5,3
21067,undefined,0,26.200000000000003,0,0,0,0,2,29,302907,undefined,undefined
21506,1240767486604,1240767541171,0,389,1,465,751256,1,0,3200,4,1
215585,1240763494674,1240763502358,0,0,0,0,0,0,0,0,1,null
217283,1240758720759,1240760140056,62.60000000000001,498,3,191,101306,19,13,57393,10,3
223864,undefined,0,231.64999999999998,0,0,0,0,5,17,160138,undefined,undefined
224647,undefined,0,8.15,0,0,0,0,1,1,234337,undefined,undefined
226564,1240760377874,1240760682372,0,216,3,72,0,0,0,0,1,null
227007,1240766586424,1240767273331,0,0,0,0,0,0,0,43402,7,1
227147,undefined,0,237.65000000000003,0,0,0,0,1,2,238782,undefined,undefined
22976,1240766209153,1240766222766,0,0,0,0,0,0,0,21751,2,0
23340,undefined,0,49.50000000000001,0,0,0,0,6,4,383387,undefined,undefined
236834,undefined,0,74.9,0,0,0,0,1,13,101493,undefined,undefined
238782,undefined,0,96.9,0,0,0,0,2,1,180951,undefined,undefined
239981,undefined,0,148.2,0,0,0,0,1,2,209944,undefined,undefined
24525,undefined,0,3.5,0,0,0,0,5,7,316097,undefined,undefined
246048,1240765828812,1240766239980,0,154,1,103,0,0,0,33683,3,1
250107,undefined,0,22.5,0,0,0,0,5,0,193558,undefined,undefined
251062,undefined,0,29.25,0,0,0,0,6,15,296361,undefined,undefined
254494,1240763750574,1240764201624,0,182,1,143,0,0,0,168473,1,null
255725,undefined,0,25.200000000000003,0,0,0,0,1,6,309124,undefined,undefined
256746,undefined,0,114.25000000000001,0,0,0,0,5,28,61984,undefined,undefined
261716,1240759812669,1240762074189,12.8,1321,6,283,57810,1,0,181264,4,0
264109,1240759156796,1240760035433,0,122,2,60.5,0,0,0,533,3,null
277178,1240758728009,1240758756070,0,0,0,0,0,0,0,0,1,null
280634,undefined,0,60.39999999999999,0,0,0,0,5,2,280346,undefined,undefined
294709,1240767120431,1240767441389,0,0,0,0,0,1,0,202501,4,0
300492,1240760519738,1240762176980,0,122,2,62.5,0,0,0,58373,1,null
30158,undefined,0,120.79999999999998,0,0,0,0,2,1,280634,undefined,undefined
302907,undefined,0,7.800000000000001,0,0,0,0,2,2,283855,undefined,undefined
308635,1240762456115,1240763020443,0,224,1,582,199696,10,2,122194,7,6
309124,undefined,0,12.600000000000001,0,0,0,0,1,1,20106,undefined,undefined
3200,1240766884883,0,57.30000000000001,2030,5,411.8,71724,17,4,223864,12,2
32314,1240761870187,1240762033731,494.7000000000001,990,4,297.5,20731,10,2,40508,12,2
33683,undefined,0,15.4,0,0,0,0,1,0,178620,undefined,undefined
3383,1240763711299,1240764252037,0,8883,15,482.2,968,4,9,12791,13,2
341047,1240759239591,1240759991197,0,0,0,0,0,1,0,0,4,5
341164,undefined,0,126.50000000000001,0,0,0,0,1,1,57393,undefined,undefined
349835,undefined,0,72.30000000000001,0,0,0,0,4,1,140094,undefined,undefined
351430,undefined,0,149.85,0,0,0,0,10,15,336228,undefined,undefined
351598,undefined,0,35,0,0,0,0,1,22,359624,undefined,undefined
351626,undefined,0,16.8,0,0,0,0,6,9,183403,undefined,undefined
355917,undefined,0,24.450000000000003,0,0,0,0,6,6,107,undefined,undefined
359407,1240763185779,1240763239561,0,0,0,0,0,0,0,0,1,null
359624,undefined,0,17.5,0,0,0,0,3,1,201132,undefined,undefined
36411,1240759557513,1240759671215,0,0,0,0,0,0,0,269080,1,null
370766,1240765459134,1240765555866,0,0,0,0,0,0,0,0,1,null
372617,undefined,0,37.85,0,0,0,0,2,2,36432,undefined,undefined
380604,undefined,0,35.6,0,0,0,0,4,3,375444,undefined,undefined
3812,undefined,0,66.05,0,0,0,0,1,2,65584,undefined,undefined
383071,1240766376287,1240766381085,0,0,0,0,0,0,0,475692,1,null
383387,undefined,0,922.1,0,0,0,0,3,45,0,undefined,undefined
393018,1240765215259,1240765235354,0,0,0,0,0,0,0,128057,2,0
397835,undefined,0,105.25,0,0,0,0,5,8,47379,undefined,undefined
398860,1240763392728,1240764195006,104,203,2,95.5,0,1,0,349835,2,2
403403,1240767559784,0,0,1849,5,395.2,0,0,0,63227,4,0
40508,undefined,0,346.3499999999998,0,0,0,0,4,10,23340,undefined,undefined
4139,undefined,0,44.55000000000001,0,0,0,0,11,13,713,undefined,undefined
415271,1240760171302,1240760822089,11.4,313,2,138,0,5,0,66689,4,0
42102,1240762236812,1240762249696,0,0,0,0,0,0,0,355917,2,0
421152,1240760055441,1240761910990,0,323,2,179.5,0,0,0,88368,2,0
430717,undefined,0,247.50000000000003,0,0,0,0,28,2,256746,undefined,undefined
430891,1240767352941,0,78.60000000000001,106,1,212,0,8,4,111249,11,2
448870,1240764637725,1240765214496,0,380,2,190,0,0,0,505644,1,null
455351,1240761125407,1240761357686,0,165,1,165,0,1,1,176478,3,0
455721,1240767281068,0,209.5,1770,7,327.85714285714283,0,4,0,167134,4,0
460471,1240765958876,1240766040888,0,0,0,0,0,0,0,137127,3,0
461901,undefined,0,27.8,0,0,0,0,1,1,968,undefined,undefined
468188,undefined,0,299.7,0,0,0,0,15,1,351430,undefined,undefined
47379,1240761536217,1240762423682,50.05,1814,8,200.875,0,3,5,54776,4,0
475837,1240762057318,0,0,1860,15,111.33333333333333,151709,0,0,430717,3,0
505644,undefined,0,38,0,0,0,0,1,0,430717,undefined,undefined
510740,1240765292611,1240765945244,119.10000000000001,0,0,0,230164,50,37,534632,16,15
511861,1240764172273,1240765668045,0,2034,13,143.76923076923077,0,0,0,510740,2,null
5212,1240767492721,1240767505679,101.29999999999998,1008,2,595,2843,14,10,156489,14,2
521976,1240767040779,0,0,0,0,0,87449,0,0,537158,3,0
524637,1240763318592,1240763918472,0,180,1,180,0,0,0,83320,3,null
52818,1240759911280,1240761325252,0,0,0,0,0,2,0,367452,4,0
53030,1240765160078,1240765967821,47,585,2,450.5,0,8,5,122907,12,3
533,undefined,0,12.2,0,0,0,0,5,0,20260,undefined,undefined
534632,undefined,0,55.85,0,0,0,0,5,50,445660,undefined,undefined
537491,1240765768825,1240767286390,19.400000000000002,1303,8,152.375,0,2,0,7314,3,null
541117,1240759862024,1240759952803,0,0,0,0,0,0,0,75123,2,0
545157,1240763652367,1240765308244,0,1040,5,150,0,0,0,398860,2,0
54776,1240766010986,1240766693892,353.80000000000007,1842,8,330.375,1062,32,19,89757,13,2
548201,1240759839544,1240760497115,0,233,2,113,0,1,0,217283,2,null
552949,1240763838929,1240764057144,0,0,0,0,0,0,0,0,1,null
553865,undefined,0,4.7,0,0,0,0,1,1,174528,undefined,undefined
559847,1240763730968,1240764238416,0,279,4,69.75,0,0,0,0,1,null
566404,1240767254052,1240767369711,0,0,0,0,0,0,0,430717,1,null
57393,undefined,0,81.1,0,0,0,0,5,22,159420,undefined,undefined
578,1240760780772,1240761515826,0,1902,4,769.75,166,3,5,12770,11,2
57810,1240760264394,1240761273736,0,1321,6,156.66666666666666,261716,0,0,0,2,0
578918,1240767000598,1240767124542,70,717,5,171.8,0,2,0,179326,3,0
58373,1240761285500,1240762481806,12.2,636,5,139.6,0,2,0,103033,3,0
5842,undefined,0,65.15,0,0,0,0,11,12,344937,undefined,undefined
585199,1240762737900,1240764949725,0,0,0,0,0,1,0,430717,1,1
597005,1240761593549,1240762167100,0,0,0,0,0,2,1,603011,4,0
60542,1240761634880,1240764339187,0,4701,16,367.25,167153,1,0,63964,8,1
607434,1240761946889,1240762059228,0,0,0,0,0,0,0,83320,1,null
60973,undefined,0,21.200000000000003,0,0,0,0,4,0,130627,undefined,undefined
610488,1240765081656,1240766296691,0,551,4,86.75,0,0,0,53030,1,null
612159,undefined,0,75.7,0,0,0,0,2,0,372617,undefined,undefined
624616,1240764960414,1240766376764,0,0,0,0,0,1,0,104252,2,null
625910,1240762920287,1240763589574,0,308,2,161,0,0,0,1062,2,null
626711,1240759554267,1240760472879,0,0,0,0,0,1,5,639655,3,null
62700,1240759193350,0,0,0,0,0,0,0,0,126033,4,0
63163,1240764675248,1240765330972,0,104,1,104,0,0,0,60958,1,null
63227,undefined,0,184.9,0,0,0,0,1,0,132646,undefined,undefined
635003,1240766912810,0,0,638,5,189.2,0,1,0,30158,3,0
637673,1240767689053,0,0,0,0,0,0,0,0,0,1,0
63964,undefined,0,470.1,0,0,0,0,4,2,79181,undefined,undefined
643678,1240763879210,1240764243853,0,0,0,0,0,0,0,0,1,null
66689,1240766577245,1240766617010,37.00000000000001,0,0,0,101152,4,7,124585,5,2
6814,1240766420419,1240767551211,0,346,3,141,0,0,0,0,1,0
682863,1240767717070,0,0,88,1,88,0,0,0,0,2,0
685965,1240766299025,1240767088117,0,570,5,114,0,0,0,30158,1,null
68619,undefined,0,210.14999999999998,0,0,0,0,7,8,12770,undefined,undefined
68793,1240758770530,1240760684860,0,0,0,0,0,0,0,201458,4,0
691188,1240763052610,1240764642047,93.85000000000001,493,5,102,161236,1,2,16825,3,null
694523,1240763777905,1240764453054,0,212,2,98,0,0,0,60973,2,null
695556,1240759097460,1240760532608,0,98,1,68,0,0,0,0,1,null
700481,1240765832547,1240766205286,0,237,1,121,0,0,0,455721,1,null
70151,1240760291018,1240761981023,44.10000000000001,2068,12,212.33333333333334,0,1,0,797824,3,null
702557,1240764528283,1240766004490,0,557,3,185.66666666666666,0,2,0,5212,4,null
70997,1240764634071,1240765104485,15.450000000000001,1001,5,230.8,205535,8,10,397835,7,1
713,undefined,0,487.90000000000003,0,0,0,0,9,32,12,undefined,undefined
72925,1240767150654,1240767503062,0,0,0,0,0,0,0,564162,1,null
7314,undefined,0,140,0,0,0,0,8,2,5842,undefined,undefined
73148,1240761934135,1240762168248,0,70,1,139,0,0,0,179687,1,0
73621,undefined,0,39.05,0,0,0,0,2,2,112194,undefined,undefined
743066,1240761789385,1240762068773,0,356,1,155,0,0,0,0,1,null
745287,1240759905213,1240760135525,0,87,1,87,0,0,0,0,1,null
751256,1240767366317,1240767489171,0,0,0,0,21506,4,1,16825,4,null
753541,1240763508482,1240763518579,0,0,0,0,0,0,0,191984,1,null
755771,1240765220501,1240767166219,0,757,4,172.75,0,0,0,612159,2,null
763115,1240764455451,1240764533114,0,0,0,0,0,0,0,0,1,null
763835,1240766248738,1240767117588,0,0,0,0,0,0,0,0,1,null
767143,1240766277073,0,48.900000000000006,0,0,0,103033,6,2,355917,7,1
769463,1240762459484,1240763870719,0,425,3,130.33333333333334,0,0,0,430717,3,null
773108,undefined,0,59.25000000000001,0,0,0,0,9,2,510740,undefined,undefined
776785,undefined,0,19.1,0,0,0,0,2,0,96722,undefined,undefined
77910,1240765480913,1240766218305,0,353,4,88.25,0,0,0,0,1,null
79181,undefined,0,235.05,0,0,0,0,2,4,116005,undefined,undefined
79209,1240764894994,1240766077455,0,757,4,175.25,0,0,0,191252,1,null
797824,undefined,0,228.85,0,0,0,0,5,1,82321,undefined,undefined
798148,1240760171375,1240763469360,0,4034,18,164.55555555555554,0,0,0,32314,3,null
79942,1240762129239,1240763443465,0,712,3,233,118605,3,4,198149,4,0
80094,1240762393170,1240764641782,10.3,103,1,125,65812,7,0,70997,4,4
801322,1240766976414,1240766984214,0,0,0,0,0,0,0,773108,1,null
802319,1240766721129,1240767010148,120.25000000000001,148,1,296,0,2,4,773108,3,null
807506,1240766360663,1240767111995,0,1858,9,200.44444444444446,0,0,0,455721,2,null
810799,1240764620206,1240764929864,0,0,0,0,0,0,0,0,1,null
81899,1240764403087,1240766023921,94.5,726,3,141.33333333333334,0,4,6,802319,6,1
819962,1240762164537,1240763698696,0,1045,7,150.14285714285714,0,0,0,578918,2,null
82057,1240758926201,1240758959879,0,0,0,0,0,0,0,108988,1,0
82321,undefined,0,103.4,0,0,0,0,4,7,57717,undefined,undefined
824974,1240765018979,1240765253848,0,110,1,110,0,0,0,0,1,null
825997,1240760069936,1240760274736,0,0,0,0,0,0,0,0,1,null
83320,undefined,0,18,0,0,0,0,4,0,96838,undefined,undefined
844266,1240759764047,1240759839163,0,0,0,0,0,0,0,0,1,null
84747,1240764589597,1240764881622,140.10000000000002,1401,6,251.5,132052,1,1,68619,4,0
849967,1240766477405,1240766967406,0,0,0,0,0,0,0,0,1,null
850678,1240766497604,1240766983517,0,283,1,142,0,0,0,0,1,null
858191,1240764255226,1240764310682,0,0,0,0,0,0,0,0,1,null
858496,1240760618205,1240761201872,0,527,3,175.66666666666666,0,0,0,0,1,null
859282,1240759391996,1240759600796,0,128,1,128,0,0,0,261716,2,null
860453,1240759066700,1240759081247,0,0,0,0,0,0,0,0,1,null
860893,1240759637176,1240760169016,0,0,0,0,0,0,0,0,1,null
861475,1240761790734,1240761820937,0,0,0,0,0,0,0,0,1,null
861768,1240765075808,1240765100311,0,0,0,0,0,0,0,0,1,null
865007,1240767624252,0,0,0,0,0,0,0,0,10642,1,0
865832,1240759519527,1240760243196,0,389,3,129.66666666666666,0,0,0,0,1,null
866420,1240761308448,1240761540559,0,0,0,0,0,0,0,0,1,null
867115,1240760521930,1240760582462,0,0,0,0,0,0,0,0,1,null
867397,1240762435132,1240762483008,0,0,0,0,0,0,0,0,1,null
870594,1240766989850,0,0,184,1,87,0,0,0,3200,1,0
870773,1240759028420,1240762181415,0,786,7,95.42857142857143,0,0,0,430891,2,null
871178,1240762319113,1240762498322,0,0,0,0,0,0,0,0,1,null
87198,1240766863517,1240767350858,0,489,3,163,0,2,0,767143,3,2
872616,1240764950427,1240764980048,0,0,0,0,0,0,0,0,1,null
874721,1240758965658,1240759398076,0,0,0,0,0,0,0,0,1,null
876733,1240766375709,0,0,1736,5,98,0,0,0,183692,2,0
88368,undefined,0,32.3,0,0,0,0,1,0,161170,undefined,undefined
885368,1240764886310,1240764895149,0,0,0,0,0,0,0,0,1,null
890753,1240759587626,1240759817771,0,0,0,0,0,0,0,0,1,null
893005,1240765462070,1240765548781,0,0,0,0,0,0,0,0,1,null
895671,1240759723079,1240759789219,0,0,0,0,0,0,0,0,1,null
89757,undefined,0,361.1000000000001,0,0,0,0,3,32,20260,undefined,undefined
906596,1240767654727,0,0,370,3,123.33333333333333,0,0,0,0,1,0
907250,1240760550185,1240761150906,0,114,1,110,0,0,0,415271,1,null
907997,1240763917160,1240763980855,0,0,0,0,0,0,0,145609,1,null
910094,1240759448160,1240759790116,0,111,1,111,0,0,0,0,1,null
910170,1240762571776,1240762891034,0,226,3,64,0,0,0,32314,1,null
910227,1240761331128,1240761527364,0,0,0,0,0,0,0,0,1,null
910781,1240760924099,1240761442370,0,441,2,164.5,0,0,0,70151,1,null
910990,1240759128158,1240759168501,0,0,0,0,0,0,0,0,1,null
911801,1240759370444,1240759608149,0,109,1,109,0,0,0,0,1,null
912679,1240763672630,1240764227298,0,103,1,81,0,0,0,80094,1,null
913031,1240759191314,1240759762671,0,0,0,0,0,0,0,0,1,null
913545,1240762518619,1240762532619,0,0,0,0,0,0,0,0,1,null
913837,1240764895605,1240764926913,0,0,0,0,0,0,0,0,1,null
914350,1240761969354,1240764648372,0,164,2,82,0,0,0,0,1,null
914522,1240761369707,1240761495272,0,0,0,0,0,0,0,0,1,null
914811,1240762047417,1240762112787,0,0,0,0,0,0,0,0,1,null
914884,1240767351624,1240767365591,0,0,0,0,0,0,0,0,1,null
915472,1240765448933,1240765850066,0,0,0,0,0,0,0,0,1,null
915794,1240766676836,1240766933494,0,0,0,0,0,0,0,0,1,null
916192,1240764596938,1240764613406,0,0,0,0,0,0,0,0,1,null
917521,1240767627967,1240767638548,0,0,0,0,0,0,0,0,1,null
917741,1240766953639,1240767114928,0,0,0,0,0,0,0,0,1,null
917761,1240765378311,1240765813886,0,136,1,118,0,0,0,0,1,null
918726,1240767539416,1240767549316,0,0,0,0,0,0,0,0,1,null
919605,1240767669412,1240767675437,0,0,0,0,0,0,0,0,1,null
94204,1240763782898,1240764460448,0,254,2,108,0,0,0,191252,1,0
95813,1240764408702,1240766494308,0,1724,9,191.55555555555554,0,0,0,54776,4,null
96722,undefined,0,9.55,0,0,0,0,1,2,99126,undefined,undefined
968,undefined,0,13.9,0,0,0,0,4,1,1704,undefined,undefined
96838,undefined,0,9,0,0,0,0,1,4,166371,undefined,undefined
<<<<EndTable

PlayersOnlineNow=29
PlayersOnlineEachMinute=0, 8, 9, 13, 14, 15, 18, 19, 20, 23, 22, 26, 26, 26, 29, 28, 28, 29, 27, 27, 30, 31, 30, 29, 28, 28, 29, 29, 29, 29, 30, 31, 28, 26, 25, 26, 25, 26, 27, 26, 27, 28, 25, 27, 26, 28, 26, 22, 26, 27, 29, 29, 31, 30, 31, 31, 27, 26, 23, 22, 23, 23, 23, 23, 21, 23, 24, 25, 24, 26, 26, 25, 24, 26, 26, 26, 26, 27, 28, 28, 27, 27, 24, 25, 30, 32, 32, 31, 30, 27, 29, 31, 27, 25, 27, 29, 29, 29, 29, 25, 26, 27, 28, 29, 26, 24, 27, 24, 24, 23, 24, 25, 25, 30, 28, 29, 28, 27, 29, 28, 27, 25, 24, 25, 24, 22, 24, 25, 27, 27, 26, 26, 27, 26, 27, 26, 28, 29, 30, 32, 27, 24, 27, 26, 27, 26, 27, 27, 28, 29
PlayersInEachFeedingGame=2, 2, 3, 1, 1, 2, 1, 1, 1, 1, 1, 1, 1, 2, 1, 3, 2, 1, 1, 2, 1, 2, 2, 2, 2, 2, 1, 2, 1, 2, 1, 2, 1, 2, 2, 1, 1, 1, 2, 2, 1, 1, 2, 2, 2, 1, 1, 2, 1, 1, 1, 2, 2, 1, 1, 1, 1, 1, 1, 2, 2, 1, 1, 1, 1, 2, 2, 2, 1, 1, 2, 2, 1, 1, 2, 2, 1, 1, 2, 1, 1, 1, 2, 2, 1, 1, 2, 1, 1, 2, 1, 2, 1, 1, 1, 2, 2, 2, 1, 1, 1, 2, 1, 1, 1, 2, 1, 3, 2, 2, 1, 2, 2, 2, 2, 1, 2, 2, 2, 1, 2, 1, 1, 2, 1, 2, 2, 1, 2, 2, 2, 2, 2, 2, 1, 1, 1, 2, 2, 2, 2, 3, 1, 2, 2, 2, 2, 2, 2, 1, 2, 2, 1, 1, 1, 1, 1, 1, 2, 1, 2, 1, 2, 1, 1, 2, 1, 2, 2, 1, 2, 2, 1, 2, 2, 1, 2, 1, 2, 2, 1, 2, 1, 2, 2, 1, 1, 1, 2, 2, 2, 1, 1, 2, 2, 2, 2, 1, 2, 1, 3, 1, 2, 2, 1, 2, 1, 2, 1, 2, 1, 2, 2, 2, 2, 2, 2, 2, 1, 2, 2, 2, 1, 2, 2, 2
PlayersStarted=427
PlayersQuit=398
StatsStartTime=1240758720559
StatsDumpTime=1240767721113
<<<<EndStats
2009-04-26 10:42:01,472 ERROR: vampire.server.feeding.FeedingRecord sendPlayerStartGameMsg [playerId=870594, prey=true, _predatorIndex=]
2009-04-26 10:42:01,472 ERROR: vampire.server.feeding.FeedingRecord sendPlayerStartGameMsg [playerId=906596, prey=false, _predatorIndex=]
2009-04-26 10:42:14,450 ERROR: vampire.server.feeding.FeedingRecord sendPlayerStartGameMsg [playerId=682863, prey=false, _predatorIndex=]
2009-04-26 10:42:15,549 ERROR: vampire.server.feeding.FeedingRecord sendPlayerStartGameMsg [playerId=637673, prey=false, _predatorIndex=]
2009-04-26 10:42:26,517 ERROR: vampire.server.feeding.FeedingRecord sendPlayerStartGameMsg [playerId=151170, prey=false, _predatorIndex=637673]
2009-04-26 10:43:51,374 ERROR: vampire.server.feeding.FeedingRecord sendPlayerStartGameMsg [playerId=208837, prey=false, _predatorIndex=]
2009-04-26 10:44:32,168 ERROR: vampire.server.feeding.FeedingRecord sendPlayerStartGameMsg [playerId=1265, prey=true, _predatorIndex=]
2009-04-26 10:44:32,169 ERROR: vampire.server.feeding.FeedingRecord sendPlayerStartGameMsg [playerId=1043, prey=false, _predatorIndex=]
2009-04-26 10:44:44,000 ERROR: vampire.server.feeding.FeedingRecord sendPlayerStartGameMsg [playerId=151170, prey=false, _predatorIndex=637673,151170]
2009-04-26 10:44:55,851 ERROR: vampire.server.feeding.FeedingRecord sendPlayerStartGameMsg [playerId=106069, prey=true, _predatorIndex=]
2009-04-26 10:44:55,852 ERROR: vampire.server.feeding.FeedingRecord sendPlayerStartGameMsg [playerId=801322, prey=false, _predatorIndex=]
2009-04-26 10:45:18,348 ERROR: vampire.server.feeding.FeedingRecord sendPlayerStartGameMsg [playerId=151170, prey=false, _predatorIndex=637673,151170]
2009-04-26 10:45:30,628 ERROR: vampire.server.feeding.FeedingRecord sendPlayerStartGameMsg [playerId=430891, prey=true, _predatorIndex=]
2009-04-26 10:45:30,629 ERROR: vampire.server.feeding.FeedingRecord sendPlayerStartGameMsg [playerId=884005, prey=false, _predatorIndex=]
2009-04-26 10:45:33,417 ERROR: vampire.server.feeding.FeedingRecord sendPlayerStartGameMsg [playerId=341047, prey=true, _predatorIndex=]
2009-04-26 10:45:33,418 ERROR: vampire.server.feeding.FeedingRecord sendPlayerStartGameMsg [playerId=906596, prey=false, _predatorIndex=]
2009-04-26 10:46:06,276 ERROR: vampire.server.feeding.FeedingRecord sendPlayerStartGameMsg [playerId=151170, prey=false, _predatorIndex=637673,151170]
Error! Your code is broken! Unable to call a host method, perhaps you've been shut down? [msg=Room not in game [roomId=249], trace=Error: Room not in game [roomId=249]
	at com.threerings.msoy.avrg.client::ThaneAVRGameController/getRoomProps()[/export/bamboo/bamboo-home/xml-data/build-dir/WHIRLED-PROD/src/as/com/threerings/msoy/avrg/client/ThaneAVRGameController.as:182]
	at com.threerings.msoy.avrg.client::ThaneAVRGameBackend/room_sendMessage_v1()[/export/bamboo/bamboo-home/xml-data/build-dir/WHIRLED-PROD/src/as/com/threerings/msoy/avrg/client/ThaneAVRGameBackend.as:540]
	at Function/http://adobe.com/AS3/2006/builtin::apply()
	at com.whirled::AbstractControl/callHostCode()
	at Function/http://adobe.com/AS3/2006/builtin::apply()
	at com.whirled::AbstractSubControl/callHostCode()
	at Function/http://adobe.com/AS3/2006/builtin::apply()
	at com.whirled::TargetedSubControl/callHostCode()
	at com.whirled.avrg::RoomSubControlServer/sendMessage()
	at vampire.feeding.server::ServerCtx/sendMessage()
	at vampire.feeding.server::ServerGameMode/onTimeOver()
	at flash.events::EventDispatcher/dispatchEvent()
	at flash.utils::Timer/expire()
	at flash.utils::Timer$/heartbeat()
	at Thane$/heartbeat()
	at Thane$/heartbeat()].
2009-04-26 10:47:55,161 ERROR: vampire.server.feeding.FeedingRecord sendPlayerStartGameMsg [playerId=637673, prey=false, _predatorIndex=]
2009-04-26 10:47:56,328 ERROR: vampire.server.feeding.FeedingRecord sendPlayerStartGameMsg [playerId=455721, prey=true, _predatorIndex=]
2009-04-26 10:47:56,329 ERROR: vampire.server.feeding.FeedingRecord sendPlayerStartGameMsg [playerId=801322, prey=false, _predatorIndex=]
2009-04-26 10:47:59,092 ERROR: vampire.server.feeding.FeedingRecord sendPlayerStartGameMsg [playerId=132921, prey=true, _predatorIndex=]
2009-04-26 10:47:59,099 ERROR: vampire.server.feeding.FeedingRecord sendPlayerStartGameMsg [playerId=131355, prey=false, _predatorIndex=]
2009-04-26 10:48:08,312 ERROR: vampire.server.feeding.FeedingRecord sendPlayerStartGameMsg [playerId=884005, prey=false, _predatorIndex=]
2009-04-26 10:48:33,651 ERROR: vampire.server.feeding.FeedingRecord sendPlayerStartGameMsg [playerId=151170, prey=false, _predatorIndex=]
2009-04-26 10:48:47,264 ERROR: vampire.server.feeding.LogicFeeding handleFeedRequestMessage [player=Player [playerId=546240, name=Hiabc1, roomId=null, xp=4286.3166666666675, level=3, bloodbond=0, sire=459913, progeny=], e=FeedRequestMsg: player=546240, targetPlayerId=10642]
2009-04-26 10:49:00,815 ERROR: vampire.server.feeding.FeedingRecord sendPlayerStartGameMsg [playerId=151170, prey=false, _predatorIndex=]
2009-04-26 10:49:23,170 ERROR: vampire.server.feeding.FeedingRecord sendPlayerStartGameMsg [playerId=870594, prey=true, _predatorIndex=]
2009-04-26 10:49:23,171 ERROR: vampire.server.feeding.FeedingRecord sendPlayerStartGameMsg [playerId=430891, prey=false, _predatorIndex=]
2009-04-26 10:50:05,992 ERROR: vampire.server.feeding.FeedingRecord sendPlayerStartGameMsg [playerId=191984, prey=true, _predatorIndex=]
2009-04-26 10:50:05,992 ERROR: vampire.server.feeding.FeedingRecord sendPlayerStartGameMsg [playerId=208837, prey=false, _predatorIndex=]
2009-04-26 10:50:29,978 ERROR: vampire.server.feeding.FeedingRecord sendPlayerStartGameMsg [playerId=10642, prey=true, _predatorIndex=]
2009-04-26 10:50:29,979 ERROR: vampire.server.feeding.FeedingRecord sendPlayerStartGameMsg [playerId=182851, prey=false, _predatorIndex=]
2009-04-26 10:51:28,419 ERROR: vampire.server.feeding.FeedingRecord sendPlayerStartGameMsg [playerId=209838, prey=true, _predatorIndex=]
2009-04-26 10:51:28,420 ERROR: vampire.server.feeding.FeedingRecord sendPlayerStartGameMsg [playerId=906596, prey=false, _predatorIndex=]
2009-04-26 10:51:58,640 ERROR: vampire.server.feeding.FeedingRecord sendPlayerStartGameMsg [playerId=118794, prey=true, _predatorIndex=]
2009-04-26 10:51:58,641 ERROR: vampire.server.feeding.FeedingRecord sendPlayerStartGameMsg [playerId=637673, prey=false, _predatorIndex=]
--- buffer full ---

