
>>>>BeginStats

>>>>BeginTable
PlayerId, StartTime, EndTime, ProgenyPayout, XPFromFeeding, FeedingGames, MeanFeedingScore, BloodBond, Progeny, GrandProgeny, Sire, Level, Invites
1012813, , , 81.8, 0, 0, 0, 0, 6, 16, 54776, , 
101493, 1241571926392, 1241572481548, 0, 657, 2, 489, 0, 2, 2, 52887, 4, 0
1021678, 1241569240573, 1241569657198, 0, 109, 1, 109, 0, 0, 0, 0, 1, 
1023595, 1241570397046, 1241570412567, 0, 0, 0, 0, 0, 0, 0, 0, 1, 
102770, , , 19.3, 0, 0, 0, 0, 4, 2, 7078, , 
103033, 1241572731092, , 14, 329, 2, 165, 767143, 10, 13, 81899, 5, 1
10642, 1241571269031, , 11.100000000000001, 249, 1, 498, 447249, 31, 46, 351598, 15, 2
1085176, 1241571948338, 1241572212830, 0, 0, 0, 0, 0, 0, 0, 0, 1, 
1090442, 1241571527245, 1241573067868, 0, 710, 6, 119.66666666666667, 0, 3, 5, 797824, 4, 
1090611, 1241572230762, 1241573083496, 0, 0, 0, 0, 1032874, 2, 0, 1032648, 4, 
1092321, 1241569171922, 1241569853196, 9.05, 0, 0, 0, 53030, 28, 34, 35568, 8, 2
1100116, 1241572708490, , 0, 226, 2, 99, 0, 0, 0, 103033, 1, 0
1117799, 1241573339404, , 0, 1568, 5, 299.2, 0, 1, 0, 592692, 4, 0
1120227, 1241569207849, 1241569977121, 0, 472, 2, 104, 0, 0, 0, 154004, 1, 
1124156, 1241570200939, 1241571366481, 0, 81, 1, 81, 269484, 6, 2, 184671, 5, 1
113127, , , 55.35, 0, 0, 0, 0, 2, 5, 156956, , 
113237, , , 32.400000000000006, 0, 0, 0, 0, 9, 19, 10642, , 
114461, 1241569159582, 1241570398884, 97.7, 63, 1, 125, 0, 2, 0, 390995, 4, 0
114727, 1241569799708, 1241570216955, 0, 0, 0, 0, 0, 0, 0, 0, 1, 
1148755, , , 18.1, 0, 0, 0, 0, 21, 1, 1092321, , 
1155409, , , 81.2, 0, 0, 0, 0, 2, 0, 674637, , 
1160951, 1241571173675, 1241571260848, 0, 0, 0, 0, 0, 0, 0, 0, 1, 
1172363, 1241572365140, 1241572368375, 0, 0, 0, 0, 0, 0, 0, 0, 1, 
1173261, 1241570715019, 1241570792526, 0, 0, 0, 0, 0, 0, 0, 0, 1, 
117857, , , 23.900000000000002, 0, 0, 0, 0, 3, 5, 146211, , 
1192337, , , 253.64999999999995, 0, 0, 0, 0, 16, 5, 1012813, , 
1224463, 1241572843374, 1241573018205, 0, 0, 0, 0, 0, 0, 0, 0, 1, 
1226609, 1241572335033, , 0, 499, 3, 144.66666666666666, 0, 0, 0, 57748, 1, 0
1241265, 1241572663127, 1241572672374, 0, 0, 0, 0, 0, 0, 0, 0, 1, 
124952, 1241572583555, , 0, 0, 0, 0, 0, 1, 0, 207284, 3, 0
125347, 1241569553084, 1241569701039, 0, 0, 0, 0, 0, 0, 0, 561527, 1, 0
1254072, 1241570867246, 1241571095776, 0, 159, 1, 159, 0, 0, 0, 186318, 2, 
1254611, 1241569422106, 1241570276953, 0, 181, 2, 90.5, 0, 0, 0, 1148755, 1, 
1254726, 1241570670956, 1241572348030, 0, 998, 6, 123.83333333333333, 1111604, 0, 0, 502119, 3, 
1255018, 1241569228879, 1241569916956, 0, 592, 3, 120.33333333333333, 0, 0, 0, 114461, 2, 
1257392, 1241571987484, 1241572126302, 0, 0, 0, 0, 0, 0, 0, 0, 1, 
125787, 1241573287136, 1241573294075, 0, 0, 0, 0, 0, 1, 0, 22707, 4, 1
1261178, 1241570390290, 1241572709577, 0, 812, 5, 131.8, 0, 0, 0, 1155409, 2, 
1273151, 1241571440242, 1241571548425, 0, 0, 0, 0, 0, 0, 0, 0, 1, 
1278661, 1241571684619, 1241572016885, 0, 385, 6, 63, 0, 0, 0, 114461, 1, 
1279203, 1241571286043, 1241572241696, 0, 960, 3, 378.6666666666667, 0, 0, 0, 57748, 1, 
1279275, 1241569389493, 1241570220119, 0, 1118, 4, 360.25, 0, 0, 0, 0, 2, 
1279492, 1241570502534, 1241570589656, 0, 0, 0, 0, 0, 0, 0, 0, 1, 
128794, , , 9.4, 0, 0, 0, 0, 2, 4, 93202, , 
143050, 1241571566585, 1241572705631, 0, 537, 2, 165, 0, 0, 0, 0, 1, 
143268, 1241569303407, 1241570115387, 0, 0, 0, 0, 0, 0, 0, 0, 1, 
143509, 1241572679480, 1241573255560, 0, 80, 1, 80, 0, 0, 0, 209500, 2, 0
145006, , , 46.400000000000006, 0, 0, 0, 0, 3, 3, 245338, , 
154004, 1241571344486, 1241571447323, 47.2, 461, 2, 314, 561706, 9, 6, 90041, 4, 0
154875, 1241571924596, 1241572250642, 0, 90, 1, 90, 0, 0, 0, 0, 1, 
155376, , , 110.7, 0, 0, 0, 0, 5, 0, 113127, , 
158630, , , 49.1, 0, 0, 0, 0, 5, 1, 304445, , 
161283, , , 47.800000000000004, 0, 0, 0, 0, 5, 0, 117857, , 
162352, 1241572055789, , 0, 585, 3, 94, 0, 0, 0, 57748, 1, 0
164243, , , 18.8, 0, 0, 0, 0, 4, 1, 128794, , 
16600, , , 12.100000000000001, 0, 0, 0, 0, 1, 1, 209258, , 
166371, , , 118.6, 0, 0, 0, 0, 4, 4, 267622, , 
167153, , , 4, 0, 0, 0, 0, 3, 16, 12, , 
168426, 1241571550200, 1241571855548, 0, 188, 1, 252, 0, 1, 0, 164243, 4, 0
171513, , , 4.05, 0, 0, 0, 0, 8, 1, 170191, , 
171683, 1241570735185, 1241572426547, 0, 478, 3, 178.66666666666666, 0, 0, 0, 161283, 4, 0
181388, 1241570715726, 1241570959432, 0, 89, 1, 89, 0, 1, 1, 333875, 2, 0
184671, , , 8.1, 0, 0, 0, 0, 1, 6, 171513, , 
186318, , , 15.9, 0, 0, 0, 0, 1, 0, 205535, , 
187326, 1241573126955, , 0, 386, 3, 86.33333333333333, 0, 1, 0, 194202, 5, 1
194202, , , 38.6, 0, 0, 0, 0, 2, 1, 102770, , 
200145, , , 294.90000000000003, 0, 0, 0, 0, 1, 4, 209656, , 
205446, 1241570593692, 1241571762493, 0, 1966, 6, 144.83333333333334, 96675, 0, 0, 96675, 4, 
205535, , , 7.95, 0, 0, 0, 0, 2, 1, 95479, , 
205927, 1241570636282, 1241571673931, 0, 1107, 7, 120.42857142857143, 0, 0, 0, 155376, 3, 0
209500, , , 8, 0, 0, 0, 0, 3, 0, 167153, , 
209656, , , 98.29999999999998, 0, 0, 0, 0, 6, 1, 167153, , 
210163, , , 141.00000000000003, 0, 0, 0, 0, 12, 11, 255725, , 
21343, 1241569168971, 1241569977127, 0, 327, 2, 132, 0, 0, 0, 510740, 2, 0
22707, , , 49.900000000000006, 0, 0, 0, 0, 7, 10, 8842, , 
228469, 1241572214713, 1241572790096, 0, 369, 2, 122, 0, 0, 0, 238807, 2, 0
237967, , , 32.85, 0, 0, 0, 0, 3, 6, 336228, , 
238349, 1241572658472, 1241572661382, 0, 0, 0, 0, 0, 0, 0, 233753, 1, 0
238807, , , 36.900000000000006, 0, 0, 0, 0, 1, 0, 424274, , 
245338, , , 23.200000000000003, 0, 0, 0, 0, 10, 4, 77353, , 
255725, , , 22.650000000000002, 0, 0, 0, 0, 1, 12, 309124, , 
258951, , , 23.05, 0, 0, 0, 0, 23, 12, 1265, , 
261567, , , 17.75, 0, 0, 0, 0, 32, 3, 237231, , 
267622, , , 59.3, 0, 0, 0, 0, 2, 4, 1632, , 
269484, 1241571075087, 1241572386088, 0, 1186, 6, 276.8333333333333, 1124156, 4, 0, 166371, 6, 1
276660, 1241569595811, 1241570336944, 0, 274, 2, 137, 0, 0, 0, 380650, 2, 2
280634, , , 37.900000000000006, 0, 0, 0, 0, 5, 2, 280346, , 
283305, , , 78.39999999999999, 0, 0, 0, 0, 2, 8, 497122, , 
301100, 1241570888323, 1241570895722, 0, 0, 0, 0, 0, 0, 0, 0, 1, 
30158, , , 75.80000000000001, 0, 0, 0, 0, 2, 5, 280634, , 
304966, 1241570548357, 1241571194177, 0, 0, 0, 0, 0, 1, 0, 1362, 2, 1
33302, 1241572751431, 1241572899763, 0, 0, 0, 0, 0, 0, 0, 0, 1, 
333875, , , 8.9, 0, 0, 0, 0, 2, 1, 96675, , 
336228, , , 30.1, 0, 0, 0, 0, 10, 14, 307471, , 
339818, , , 24.200000000000003, 0, 0, 0, 0, 1, 1, 16600, , 
350309, 1241569980985, 1241570598883, 0, 355, 3, 118.33333333333333, 0, 0, 0, 503952, 3, 0
351430, , , 60.2, 0, 0, 0, 0, 11, 9, 336228, , 
351598, , , 24.900000000000002, 0, 0, 0, 0, 1, 31, 359624, , 
359624, , , 12.450000000000001, 0, 0, 0, 0, 3, 1, 201132, , 
36377, 1241571299076, 1241571932127, 0, 697, 3, 291.3333333333333, 0, 4, 8, 453809, 10, 3
372887, , , 34.85, 0, 0, 0, 0, 1, 1, 386780, , 
375444, , , 13.700000000000001, 0, 0, 0, 0, 2, 7, 12770, , 
380650, , , 27.400000000000002, 0, 0, 0, 0, 3, 0, 375444, , 
388185, 1241571560575, 1241572488032, 0, 0, 0, 0, 0, 2, 2, 12770, 4, 0
388615, , , 3.1500000000000004, 0, 0, 0, 0, 1, 2, 395687, , 
390995, , , 55.15, 0, 0, 0, 0, 2, 2, 388615, , 
391307, 1241571184483, 1241571196466, 0, 0, 0, 0, 0, 0, 0, 304966, 1, 0
394891, 1241570562343, 1241570577205, 0, 0, 0, 0, 0, 0, 0, 158630, 3, 0
397835, , , 54.10000000000001, 0, 0, 0, 0, 5, 30, 47379, , 
420097, , , 98.2, 0, 0, 0, 0, 1, 0, 158630, , 
424274, , , 18.450000000000003, 0, 0, 0, 0, 1, 1, 121984, , 
43017, 1241571885383, 1241572316873, 0, 242, 2, 141, 58859, 1, 1, 339818, 9, 2
433908, 1241570671012, 1241571236973, 0, 464, 3, 153, 512737, 3, 1, 145006, 7, 1
438751, 1241569174961, 1241569377182, 191.4, 453, 1, 472, 988642, 11, 2, 210163, 8, 1
451351, 1241570214602, 1241570356860, 0, 0, 0, 0, 0, 0, 0, 115341, 4, 
453809, , , 69.7, 0, 0, 0, 0, 1, 4, 372887, , 
47379, , , 27.050000000000004, 0, 0, 0, 0, 4, 5, 54776, , 
480591, 1241571866624, 1241572120085, 0, 0, 0, 0, 0, 0, 0, 128013, 2, 0
502119, , , 99.80000000000001, 0, 0, 0, 0, 9, 7, 22707, , 
503952, , , 35.5, 0, 0, 0, 0, 2, 0, 261567, , 
510740, , , 32.7, 0, 0, 0, 0, 70, 1, 534632, , 
52887, , , 65.7, 0, 0, 0, 0, 3, 2, 237967, , 
534632, , , 16.35, 0, 0, 0, 0, 7, 70, 445660, , 
54776, 1241569851247, 1241570180289, 0, 0, 0, 0, 0, 74, 33, 89757, 15, 3
562788, , , 25.35, 0, 0, 0, 0, 1, 5, 409656, , 
57748, 1241570388127, , 180.10000000000002, 1636, 7, 232.14285714285714, 0, 4, 0, 1192337, 3, 0
592692, , , 156.79999999999998, 0, 0, 0, 0, 8, 1, 283305, , 
597005, 1241572941473, , 0, 507, 3, 193, 0, 2, 1, 603011, 4, 0
603011, , , 50.7, 0, 0, 0, 0, 5, 2, 562788, , 
624485, 1241569233609, 1241570344080, 0, 0, 0, 0, 0, 0, 0, 562953, 2, 
635003, 1241570228275, 1241570816959, 0, 758, 3, 344.3333333333333, 32314, 5, 0, 30158, 7, 1
638007, 1241571262790, 1241571291677, 0, 0, 0, 0, 0, 0, 0, 0, 1, 
639914, 1241569193149, 1241569589107, 0, 556, 2, 320, 431598, 0, 0, 797824, 4, 
674637, , , 40.6, 0, 0, 0, 0, 1, 2, 1192337, , 
68610, 1241569376666, , 0, 0, 0, 0, 0, 0, 0, 169869, 3, 0
68793, 1241572281670, 1241572293350, 0, 0, 0, 0, 181652, 0, 0, 201458, 4, 0
70997, 1241572403942, 1241572737255, 0, 541, 2, 416.5, 1010692, 30, 32, 397835, 12, 2
77, 1241569576935, 1241569912729, 0, 0, 0, 0, 171151, 11, 2, 12770, 14, 2
797824, , , 126.60000000000002, 0, 0, 0, 0, 15, 3, 82321, , 
802319, , , 16.450000000000003, 0, 0, 0, 0, 2, 6, 773108, , 
81899, , , 39.900000000000006, 0, 0, 0, 0, 6, 10, 802319, , 
82321, , , 63.30000000000001, 0, 0, 0, 0, 6, 16, 57717, , 
825380, 1241570331864, 1241570659136, 0, 0, 0, 0, 0, 0, 0, 0, 1, 
833112, 1241569525850, 1241569551000, 0, 0, 0, 0, 0, 0, 0, 0, 1, 
836050, 1241572266575, , 20.400000000000002, 222, 1, 197, 592692, 13, 5, 113237, 8, 2
866735, 1241570361513, 1241570642851, 0, 0, 0, 0, 0, 0, 0, 0, 1, 
87714, 1241570359856, , 0, 602, 2, 319.5, 0, 9, 3, 351430, 9, 6
885698, 1241572431321, , 0, 204, 1, 289, 891151, 4, 0, 836050, 4, 0
90041, , , 69.7, 0, 0, 0, 0, 9, 9, 258951, , 
93412, 1241570958864, 1241572076891, 0, 982, 6, 140.33333333333334, 0, 0, 0, 420097, 3, 0
9342, 1241572275640, 1241572479701, 0, 0, 0, 0, 0, 0, 0, 57748, 2, 
93532, 1241570024921, 1241570046989, 0, 0, 0, 0, 0, 0, 0, 0, 1, 
96675, 1241570600481, 1241571657352, 201.05, 1966, 6, 509.8333333333333, 205446, 4, 3, 200145, 4, 0
982699, 1241571612236, 1241571624344, 0, 0, 0, 0, 0, 0, 0, 0, 1, 
988642, 1241569161585, 1241571815281, 0, 1914, 10, 200.5, 438751, 0, 0, 438751, 3, 
<<<<EndTable

PlayersOnlineNow=14
PlayersOnlineEachMinute=0, 12, 15, 17, 18, 19, 20, 20, 22, 18, 17, 20, 21, 17, 17, 17, 17, 17, 17, 16, 14, 15, 14, 16, 16, 18, 17, 19, 18, 20, 19, 20, 19, 19, 20, 16, 18, 18, 19, 19, 21, 23, 21, 21, 20, 19, 20, 21, 21, 20, 18, 18, 18, 18, 17, 19, 15, 15, 16, 17, 17, 16, 17, 16, 17, 16, 13, 14, 14, 14
PlayersInEachFeedingGame=1, 1, 1, 2, 1, 2, 1, 2, 1, 1, 2, 1, 3, 1, 2, 2, 1, 2, 1, 1, 2, 1, 1, 1, 1, 1, 1, 1, 1, 2, 1, 2, 2, 2, 1, 1, 1, 2, 1, 2, 2, 2, 2, 1, 2, 2, 2, 2, 2, 2, 1, 1, 2, 2, 2, 2, 1, 2, 2, 1, 2, 2, 2, 2, 2, 2, 2, 2, 1, 1, 2, 2, 1, 1, 1, 2, 1, 2, 2
PlayersStarted=128
PlayersQuit=114
StatsStartTime=1241569150686
StatsDumpTime=1241573351479
<<<<EndStats
2009-05-05 18:30:18,548 ERROR: vampire.server.feeding.FeedingRecord sendPlayerStartGameMsg [playerId=560572, prey=true, _predatorIndex=]
2009-05-05 18:30:18,550 ERROR: vampire.server.feeding.FeedingRecord sendPlayerStartGameMsg [playerId=57748, prey=false, _predatorIndex=]
2009-05-05 18:30:36,310 ERROR: vampire.server.feeding.FeedingRecord sendPlayerStartGameMsg [playerId=1117799, prey=false, _predatorIndex=]
2009-05-05 18:30:58,451 ERROR: vampire.server.feeding.FeedingRecord sendPlayerStartGameMsg [playerId=103033, prey=false, _predatorIndex=57748]
2009-05-05 18:31:05,225 ERROR: vampire.server.feeding.FeedingRecord sendPlayerStartGameMsg [playerId=162352, prey=true, _predatorIndex=]
2009-05-05 18:31:05,227 ERROR: vampire.server.feeding.FeedingRecord sendPlayerStartGameMsg [playerId=10642, prey=false, _predatorIndex=]
2009-05-05 18:31:09,151 ERROR: vampire.server.feeding.FeedingRecord sendPlayerStartGameMsg [playerId=1100116, prey=false, _predatorIndex=]
2009-05-05 18:31:33,537 ERROR: vampire.server.feeding.FeedingRecord sendPlayerStartGameMsg [playerId=103033, prey=false, _predatorIndex=57748,103033]
2009-05-05 18:32:27,532 ERROR: vampire.server.feeding.FeedingRecord sendPlayerStartGameMsg [playerId=1090611, prey=false, _predatorIndex=]
2009-05-05 18:32:42,558 ERROR: vampire.server.feeding.FeedingRecord sendPlayerStartGameMsg [playerId=1117799, prey=true, _predatorIndex=]
2009-05-05 18:32:42,560 ERROR: vampire.server.feeding.FeedingRecord sendPlayerStartGameMsg [playerId=103033, prey=false, _predatorIndex=]
2009-05-05 18:32:51,528 ERROR: vampire.server.feeding.FeedingRecord sendPlayerStartGameMsg [playerId=1090611, prey=false, _predatorIndex=]
2009-05-05 18:33:22,915 ERROR: vampire.server.feeding.FeedingRecord sendPlayerStartGameMsg [playerId=125787, prey=true, _predatorIndex=]
2009-05-05 18:33:22,917 ERROR: vampire.server.feeding.FeedingRecord sendPlayerStartGameMsg [playerId=620326, prey=false, _predatorIndex=]
2009-05-05 18:33:52,439 ERROR: vampire.server.feeding.FeedingRecord sendPlayerStartGameMsg [playerId=1217334, prey=false, _predatorIndex=103033]
2009-05-05 18:34:05,094 ERROR: vampire.server.feeding.FeedingRecord sendPlayerStartGameMsg [playerId=1100116, prey=false, _predatorIndex=]
2009-05-05 18:34:16,107 ERROR: vampire.server.feeding.FeedingRecord sendPlayerStartGameMsg [playerId=1217334, prey=false, _predatorIndex=]
2009-05-05 18:34:34,171 ERROR: vampire.server.feeding.FeedingRecord sendPlayerStartGameMsg [playerId=57748, prey=true, _predatorIndex=]
2009-05-05 18:34:34,181 ERROR: vampire.server.feeding.FeedingRecord sendPlayerStartGameMsg [playerId=10642, prey=false, _predatorIndex=]
2009-05-05 18:35:29,770 ERROR: vampire.server.feeding.FeedingRecord sendPlayerStartGameMsg [playerId=1100116, prey=true, _predatorIndex=]
2009-05-05 18:35:29,777 ERROR: vampire.server.feeding.FeedingRecord sendPlayerStartGameMsg [playerId=1090611, prey=false, _predatorIndex=]
2009-05-05 18:35:50,868 ERROR: vampire.server.feeding.FeedingRecord sendPlayerStartGameMsg [playerId=205535, prey=true, _predatorIndex=]
2009-05-05 18:35:50,870 ERROR: vampire.server.feeding.FeedingRecord sendPlayerStartGameMsg [playerId=1117799, prey=false, _predatorIndex=]
2009-05-05 18:36:07,741 ERROR: vampire.server.feeding.FeedingRecord sendPlayerStartGameMsg [playerId=885698, prey=false, _predatorIndex=]
2009-05-05 18:36:27,261 ERROR: vampire.server.feeding.FeedingRecord sendPlayerStartGameMsg [playerId=1178576, prey=true, _predatorIndex=]
2009-05-05 18:36:27,285 ERROR: vampire.server.feeding.FeedingRecord sendPlayerStartGameMsg [playerId=142290, prey=false, _predatorIndex=]
2009-05-05 18:36:27,327 ERROR: vampire.server.feeding.FeedingRecord sendPlayerStartGameMsg [playerId=143509, prey=false, _predatorIndex=142290]
2009-05-05 18:36:51,373 ERROR: vampire.server.feeding.FeedingRecord sendPlayerStartGameMsg [playerId=103033, prey=false, _predatorIndex=]
2009-05-05 18:37:20,432 ERROR: vampire.server.feeding.FeedingRecord sendPlayerStartGameMsg [playerId=4139, prey=false, _predatorIndex=]
2009-05-05 18:37:25,549 ERROR: vampire.server.feeding.FeedingRecord sendPlayerStartGameMsg [playerId=620326, prey=false, _predatorIndex=]
2009-05-05 18:38:08,719 ERROR: vampire.server.feeding.FeedingRecord sendPlayerStartGameMsg [playerId=181386, prey=false, _predatorIndex=]
2009-05-05 18:38:37,655 ERROR: vampire.server.feeding.FeedingRecord sendPlayerStartGameMsg [playerId=351430, prey=true, _predatorIndex=]
2009-05-05 18:38:37,657 ERROR: vampire.server.feeding.FeedingRecord sendPlayerStartGameMsg [playerId=1117799, prey=false, _predatorIndex=]
2009-05-05 18:38:48,540 ERROR: vampire.server.feeding.FeedingRecord sendPlayerStartGameMsg [playerId=1100116, prey=false, _predatorIndex=103033]
2009-05-05 18:39:06,592 ERROR: vampire.server.feeding.FeedingRecord sendPlayerStartGameMsg [playerId=1214279, prey=true, _predatorIndex=]
2009-05-05 18:39:06,594 ERROR: vampire.server.feeding.FeedingRecord sendPlayerStartGameMsg [playerId=1100116, prey=false, _predatorIndex=]
2009-05-05 18:39:07,502 ERROR: vampire.server.feeding.FeedingRecord sendPlayerStartGameMsg [playerId=1124156, prey=true, _predatorIndex=]
2009-05-05 18:39:07,504 ERROR: vampire.server.feeding.FeedingRecord sendPlayerStartGameMsg [playerId=1217334, prey=false, _predatorIndex=]

>>>>BeginStats

>>>>BeginTable
PlayerId, StartTime, EndTime, ProgenyPayout, XPFromFeeding, FeedingGames, MeanFeedingScore, BloodBond, Progeny, GrandProgeny, Sire, Level, Invites
1012813, , , 105.35, 0, 0, 0, 0, 6, 16, 54776, , 
101493, 1241571926392, 1241572481548, 0, 657, 2, 489, 0, 2, 2, 52887, 4, 0
1021678, 1241569240573, 1241569657198, 0, 109, 1, 109, 0, 0, 0, 0, 1, 
1023595, 1241570397046, 1241570412567, 0, 0, 0, 0, 0, 0, 0, 0, 1, 
102770, , , 19.3, 0, 0, 0, 0, 4, 2, 7078, , 
103033, 1241572731092, , 50.2, 880, 5, 183.2, 767143, 10, 13, 81899, 5, 1
1032421, , , 16.6, 0, 0, 0, 0, 7, 0, 990799, , 
1032648, , , 29.400000000000002, 0, 0, 0, 0, 4, 2, 234337, , 
1043, 1241573936970, , 0, 0, 0, 0, 453, 5, 2, 12, 13, 3
10642, 1241571269031, , 11.100000000000001, 1164, 4, 409.25, 447249, 31, 46, 351598, 15, 2
1085176, 1241571948338, 1241572212830, 0, 0, 0, 0, 0, 0, 0, 0, 1, 
1090442, 1241571527245, 1241573067868, 0, 710, 6, 119.66666666666667, 0, 3, 5, 797824, 4, 
1090611, 1241573402104, , 0, 294, 2, 150.5, 1032874, 2, 0, 1032648, 4, 0
1092321, 1241569171922, 1241569853196, 9.05, 0, 0, 0, 53030, 28, 34, 35568, 8, 2
1100116, 1241572708490, , 0, 588, 5, 105.8, 0, 0, 0, 103033, 1, 0
1117799, 1241573339404, , 0, 1812, 7, 265.14285714285717, 0, 1, 0, 592692, 4, 0
1120227, 1241569207849, 1241569977121, 0, 472, 2, 104, 0, 0, 0, 154004, 1, 
1124156, 1241573916947, , 0, 81, 1, 81, 269484, 6, 2, 184671, 5, 1
113127, , , 55.35, 0, 0, 0, 0, 2, 5, 156956, , 
113237, , , 60.300000000000004, 0, 0, 0, 0, 9, 19, 10642, , 
114461, 1241569159582, 1241570398884, 97.7, 63, 1, 125, 0, 2, 0, 390995, 4, 0
114727, 1241569799708, 1241570216955, 0, 0, 0, 0, 0, 0, 0, 0, 1, 
1148755, , , 18.1, 0, 0, 0, 0, 21, 1, 1092321, , 
1155409, , , 81.2, 0, 0, 0, 0, 2, 0, 674637, , 
1160951, 1241571173675, 1241571260848, 0, 0, 0, 0, 0, 0, 0, 0, 1, 
1172363, 1241572365140, 1241572368375, 0, 0, 0, 0, 0, 0, 0, 0, 1, 
1173261, 1241570715019, 1241570792526, 0, 0, 0, 0, 0, 0, 0, 0, 1, 
117857, , , 23.900000000000002, 0, 0, 0, 0, 3, 5, 146211, , 
1178576, 1241573655104, 1241573936910, 0, 0, 0, 0, 0, 0, 0, 0, 2, 
1192337, , , 307.8999999999999, 0, 0, 0, 0, 16, 5, 1012813, , 
1214279, 1241573725867, , 0, 0, 0, 0, 0, 2, 0, 1152211, 3, 0
1217334, 1241573600136, , 0, 166, 2, 83, 0, 0, 0, 1032421, 2, 0
1224463, 1241572843374, 1241573018205, 0, 0, 0, 0, 0, 0, 0, 0, 1, 
1226609, 1241572335033, 1241573363108, 0, 499, 3, 144.66666666666666, 0, 0, 0, 57748, 1, 
1241265, 1241572663127, 1241572672374, 0, 0, 0, 0, 0, 0, 0, 0, 1, 
124952, 1241572583555, 1241573490646, 0, 0, 0, 0, 0, 1, 0, 207284, 3, 0
1252987, 1241573880848, , 0, 0, 0, 0, 0, 0, 0, 0, 1, 0
125347, 1241569553084, 1241569701039, 0, 0, 0, 0, 0, 0, 0, 561527, 1, 0
1254072, 1241570867246, 1241571095776, 0, 159, 1, 159, 0, 0, 0, 186318, 2, 
1254611, 1241569422106, 1241570276953, 0, 181, 2, 90.5, 0, 0, 0, 1148755, 1, 
1254726, 1241570670956, 1241572348030, 0, 998, 6, 123.83333333333333, 1111604, 0, 0, 502119, 3, 
1255018, 1241569228879, 1241569916956, 0, 592, 3, 120.33333333333333, 0, 0, 0, 114461, 2, 
1257392, 1241571987484, 1241572126302, 0, 0, 0, 0, 0, 0, 0, 0, 1, 
125787, 1241573877967, 1241573902423, 0, 0, 0, 0, 0, 1, 0, 22707, 4, 1
1261178, 1241570390290, 1241572709577, 0, 812, 5, 131.8, 0, 0, 0, 1155409, 2, 
1273151, 1241571440242, 1241571548425, 0, 0, 0, 0, 0, 0, 0, 0, 1, 
1278661, 1241571684619, 1241572016885, 0, 385, 6, 63, 0, 0, 0, 114461, 1, 
1279203, 1241571286043, 1241572241696, 0, 960, 3, 378.6666666666667, 0, 0, 0, 57748, 1, 
1279275, 1241569389493, 1241570220119, 0, 1118, 4, 360.25, 0, 0, 0, 0, 2, 
1279492, 1241570502534, 1241570589656, 0, 0, 0, 0, 0, 0, 0, 0, 1, 
128794, , , 9.4, 0, 0, 0, 0, 2, 4, 93202, , 
142290, 1241573691313, , 0, 72, 1, 138, 0, 1, 0, 296658, 3, 0
143050, 1241571566585, 1241572705631, 0, 537, 2, 165, 0, 0, 0, 0, 1, 
143268, 1241569303407, 1241570115387, 0, 0, 0, 0, 0, 0, 0, 0, 1, 
143509, 1241573736122, , 0, 152, 2, 79, 0, 0, 0, 209500, 2, 0
145006, , , 46.400000000000006, 0, 0, 0, 0, 3, 3, 245338, , 
150179, 1241573524021, 1241573532534, 0, 0, 0, 0, 0, 1, 0, 10642, 4, 0
154004, 1241571344486, 1241571447323, 47.2, 461, 2, 314, 561706, 9, 6, 90041, 4, 0
154875, 1241571924596, 1241572250642, 0, 90, 1, 90, 0, 0, 0, 0, 1, 
155376, , , 110.7, 0, 0, 0, 0, 5, 0, 113127, , 
158630, , , 49.1, 0, 0, 0, 0, 5, 1, 304445, , 
161283, , , 47.800000000000004, 0, 0, 0, 0, 5, 0, 117857, , 
162352, 1241572055789, , 0, 728, 4, 97.25, 0, 0, 0, 57748, 1, 0
164243, , , 18.8, 0, 0, 0, 0, 4, 1, 128794, , 
16600, , , 12.100000000000001, 0, 0, 0, 0, 1, 1, 209258, , 
166371, , , 118.6, 0, 0, 0, 0, 4, 4, 267622, , 
167153, , , 7.6, 0, 0, 0, 0, 3, 16, 12, , 
168426, 1241571550200, 1241571855548, 0, 188, 1, 252, 0, 1, 0, 164243, 4, 0
171513, , , 4.05, 0, 0, 0, 0, 8, 1, 170191, , 
171683, 1241570735185, 1241572426547, 0, 478, 3, 178.66666666666666, 0, 0, 0, 161283, 4, 0
181386, 1241573764854, , 0, 0, 0, 0, 0, 0, 0, 172276, 1, 0
181388, 1241570715726, 1241570959432, 0, 89, 1, 89, 0, 1, 1, 333875, 2, 0
184671, , , 8.1, 0, 0, 0, 0, 1, 6, 171513, , 
186318, , , 15.9, 0, 0, 0, 0, 1, 0, 205535, , 
187326, 1241573126955, , 0, 386, 3, 86.33333333333333, 0, 1, 0, 194202, 5, 1
194202, , , 38.6, 0, 0, 0, 0, 2, 1, 102770, , 
200145, , , 294.90000000000003, 0, 0, 0, 0, 1, 4, 209656, , 
205446, 1241570593692, 1241571762493, 0, 1966, 6, 144.83333333333334, 96675, 0, 0, 96675, 4, 
205535, 1241573701375, , 7.95, 0, 0, 0, 0, 2, 2, 95479, 7, 2
205927, 1241570636282, 1241571673931, 0, 1107, 7, 120.42857142857143, 0, 0, 0, 155376, 3, 0
209500, , , 15.2, 0, 0, 0, 0, 3, 0, 167153, , 
209656, , , 98.29999999999998, 0, 0, 0, 0, 6, 1, 167153, , 
210163, , , 141.00000000000003, 0, 0, 0, 0, 12, 11, 255725, , 
21343, 1241569168971, 1241569977127, 0, 327, 2, 132, 0, 0, 0, 510740, 2, 0
22707, , , 49.900000000000006, 0, 0, 0, 0, 7, 10, 8842, , 
228469, 1241572214713, 1241572790096, 0, 369, 2, 122, 0, 0, 0, 238807, 2, 0
234337, , , 14.700000000000001, 0, 0, 0, 0, 5, 4, 97523, , 
237967, , , 32.85, 0, 0, 0, 0, 3, 6, 336228, , 
238349, 1241572658472, 1241572661382, 0, 0, 0, 0, 0, 0, 0, 233753, 1, 0
238807, , , 36.900000000000006, 0, 0, 0, 0, 1, 0, 424274, , 
245338, , , 23.200000000000003, 0, 0, 0, 0, 10, 4, 77353, , 
255725, , , 22.650000000000002, 0, 0, 0, 0, 1, 12, 309124, , 
258951, , , 23.05, 0, 0, 0, 0, 23, 12, 1265, , 
261567, , , 17.75, 0, 0, 0, 0, 32, 3, 237231, , 
267622, , , 59.3, 0, 0, 0, 0, 2, 4, 1632, , 
269484, 1241573609391, , 0, 1186, 6, 276.8333333333333, 1124156, 4, 0, 166371, 6, 1
276660, 1241569595811, 1241570336944, 0, 274, 2, 137, 0, 0, 0, 380650, 2, 2
280634, , , 37.900000000000006, 0, 0, 0, 0, 5, 2, 280346, , 
283305, , , 90.59999999999998, 0, 0, 0, 0, 2, 8, 497122, , 
296658, , , 24.1, 0, 0, 0, 0, 9, 2, 299646, , 
299646, , , 12.05, 0, 0, 0, 0, 4, 9, 69257, , 
301100, 1241570888323, 1241570895722, 0, 0, 0, 0, 0, 0, 0, 0, 1, 
30158, , , 75.80000000000001, 0, 0, 0, 0, 2, 5, 280634, , 
304966, 1241570548357, 1241571194177, 0, 0, 0, 0, 0, 1, 0, 1362, 2, 1
33302, 1241572751431, 1241572899763, 0, 0, 0, 0, 0, 0, 0, 0, 1, 
333875, , , 8.9, 0, 0, 0, 0, 2, 1, 96675, , 
336228, , , 30.1, 0, 0, 0, 0, 10, 14, 307471, , 
339818, , , 24.200000000000003, 0, 0, 0, 0, 1, 1, 16600, , 
350309, 1241569980985, 1241570598883, 0, 355, 3, 118.33333333333333, 0, 0, 0, 503952, 3, 0
351430, 1241573464935, , 60.2, 0, 0, 0, 336228, 11, 46, 336228, 13, 2
351598, , , 116.4, 0, 0, 0, 0, 1, 31, 359624, , 
359624, , , 58.2, 0, 0, 0, 0, 3, 1, 201132, , 
36377, 1241571299076, 1241571932127, 0, 697, 3, 291.3333333333333, 0, 4, 8, 453809, 10, 3
372887, , , 34.85, 0, 0, 0, 0, 1, 1, 386780, , 
375444, , , 13.700000000000001, 0, 0, 0, 0, 3, 10, 12770, , 
380650, , , 27.400000000000002, 0, 0, 0, 0, 3, 0, 375444, , 
388185, 1241571560575, 1241572488032, 0, 0, 0, 0, 0, 2, 2, 12770, 4, 0
388615, , , 3.1500000000000004, 0, 0, 0, 0, 1, 2, 395687, , 
390995, , , 55.15, 0, 0, 0, 0, 2, 2, 388615, , 
391307, 1241571184483, 1241571196466, 0, 0, 0, 0, 0, 0, 0, 304966, 1, 0
394891, 1241570562343, 1241570577205, 0, 0, 0, 0, 0, 0, 0, 158630, 3, 0
397835, , , 54.10000000000001, 0, 0, 0, 0, 5, 30, 47379, , 
4139, 1241573436593, , 0, 0, 0, 0, 44987, 21, 23, 713, 17, 3
415271, , , 10.4, 0, 0, 0, 0, 10, 1, 66689, , 
420097, , , 98.2, 0, 0, 0, 0, 1, 0, 158630, , 
424274, , , 18.450000000000003, 0, 0, 0, 0, 1, 1, 121984, , 
43017, 1241571885383, 1241572316873, 0, 242, 2, 141, 58859, 1, 1, 339818, 9, 2
433908, 1241570671012, 1241571236973, 0, 464, 3, 153, 512737, 3, 1, 145006, 7, 1
438751, 1241569174961, 1241569377182, 191.4, 453, 1, 472, 988642, 11, 2, 210163, 8, 1
451351, 1241570214602, 1241570356860, 0, 0, 0, 0, 0, 0, 0, 115341, 4, 
453809, , , 69.7, 0, 0, 0, 0, 1, 4, 372887, , 
47379, , , 27.050000000000004, 0, 0, 0, 0, 4, 5, 54776, , 
480591, 1241571866624, 1241572120085, 0, 0, 0, 0, 0, 0, 0, 128013, 2, 0
502119, , , 99.80000000000001, 0, 0, 0, 0, 9, 7, 22707, , 
503952, , , 35.5, 0, 0, 0, 0, 2, 0, 261567, , 
510740, , , 32.7, 0, 0, 0, 0, 70, 1, 534632, , 
52887, , , 65.7, 0, 0, 0, 0, 3, 2, 237967, , 
534632, , , 16.35, 0, 0, 0, 0, 7, 70, 445660, , 
54776, 1241569851247, 1241570180289, 0, 0, 0, 0, 0, 74, 33, 89757, 15, 3
560572, 1241573371155, , 0, 169, 1, 200, 0, 1, 0, 296658, 2, 0
562788, , , 32.300000000000004, 0, 0, 0, 0, 1, 5, 409656, , 
57748, 1241570388127, , 194.40000000000003, 2107, 9, 209.55555555555554, 0, 4, 0, 1192337, 3, 0
592692, , , 181.19999999999996, 0, 0, 0, 0, 8, 1, 283305, , 
597005, 1241573534473, , 0, 646, 4, 166.5, 0, 2, 1, 603011, 4, 0
603011, , , 64.60000000000001, 0, 0, 0, 0, 5, 2, 562788, , 
620326, 1241573562142, , 0, 104, 1, 207, 0, 1, 0, 415271, 4, 0
624485, 1241569233609, 1241570344080, 0, 0, 0, 0, 0, 0, 0, 562953, 2, 
635003, 1241573935516, , 0, 758, 3, 344.3333333333333, 32314, 5, 0, 30158, 7, 1
638007, 1241571262790, 1241571291677, 0, 0, 0, 0, 0, 0, 0, 0, 1, 
639914, 1241569193149, 1241569589107, 0, 556, 2, 320, 431598, 0, 0, 797824, 4, 
66689, , , 5.2, 0, 0, 0, 0, 4, 10, 124585, , 
674637, , , 40.6, 0, 0, 0, 0, 1, 2, 1192337, , 
68610, 1241569376666, 1241573516910, 0, 0, 0, 0, 0, 0, 0, 169869, 3, 0
68793, 1241572281670, 1241572293350, 0, 0, 0, 0, 181652, 0, 0, 201458, 4, 0
70997, 1241572403942, 1241572737255, 0, 541, 2, 416.5, 1010692, 30, 32, 397835, 12, 2
77, 1241569576935, 1241569912729, 0, 0, 0, 0, 171151, 11, 2, 12770, 14, 2
797824, , , 126.60000000000002, 0, 0, 0, 0, 15, 3, 82321, , 
802319, , , 44, 0, 0, 0, 0, 2, 6, 773108, , 
81899, , , 113.10000000000001, 0, 0, 0, 0, 6, 10, 802319, , 
82321, , , 63.30000000000001, 0, 0, 0, 0, 6, 16, 57717, , 
825380, 1241570331864, 1241570659136, 0, 0, 0, 0, 0, 0, 0, 0, 1, 
833112, 1241569525850, 1241569551000, 0, 0, 0, 0, 0, 0, 0, 0, 1, 
836050, 1241572266575, 1241573704236, 76.2, 222, 1, 197, 592692, 13, 5, 113237, 8, 2
866735, 1241570361513, 1241570642851, 0, 0, 0, 0, 0, 0, 0, 0, 1, 
87714, 1241570359856, , 0, 602, 2, 319.5, 0, 9, 3, 351430, 9, 6
885698, 1241572431321, 1241573932615, 0, 762, 3, 279, 891151, 4, 0, 836050, 4, 
90041, , , 69.7, 0, 0, 0, 0, 9, 9, 258951, , 
93412, 1241570958864, 1241572076891, 0, 982, 6, 140.33333333333334, 0, 0, 0, 420097, 3, 0
9342, 1241572275640, 1241572479701, 0, 0, 0, 0, 0, 0, 0, 57748, 2, 
93532, 1241570024921, 1241570046989, 0, 0, 0, 0, 0, 0, 0, 0, 1, 
96675, 1241570600481, 1241571657352, 201.05, 1966, 6, 509.8333333333333, 205446, 4, 3, 200145, 4, 0
982699, 1241571612236, 1241571624344, 0, 0, 0, 0, 0, 0, 0, 0, 1, 
988642, 1241569161585, 1241571815281, 0, 1914, 10, 200.5, 438751, 0, 0, 438751, 3, 
990799, , , 8.3, 0, 0, 0, 0, 5, 7, 836417, , 
<<<<EndTable

PlayersOnlineNow=25
PlayersOnlineEachMinute=0, 12, 15, 17, 18, 19, 20, 20, 22, 18, 17, 20, 21, 17, 17, 17, 17, 17, 17, 16, 14, 15, 14, 16, 16, 18, 17, 19, 18, 20, 19, 20, 19, 19, 20, 16, 18, 18, 19, 19, 21, 23, 21, 21, 20, 19, 20, 21, 21, 20, 18, 18, 18, 18, 17, 19, 15, 15, 16, 17, 17, 16, 17, 16, 17, 16, 13, 14, 14, 14, 14, 15, 17, 15, 17, 19, 22, 23, 23, 25
PlayersInEachFeedingGame=1, 1, 1, 2, 1, 2, 1, 2, 1, 1, 2, 1, 3, 1, 2, 2, 1, 2, 1, 1, 2, 1, 1, 1, 1, 1, 1, 1, 1, 2, 1, 2, 2, 2, 1, 1, 1, 2, 1, 2, 2, 2, 2, 1, 2, 2, 2, 2, 2, 2, 1, 1, 2, 2, 2, 2, 1, 2, 2, 1, 2, 2, 2, 2, 2, 2, 2, 2, 1, 1, 2, 2, 1, 1, 1, 2, 1, 2, 2, 2, 1, 2, 1, 2, 1, 2, 1, 1, 2, 2, 2, 1, 3, 1, 1, 1, 1, 2, 2
PlayersStarted=153
PlayersQuit=128
StatsStartTime=1241569150686
StatsDumpTime=1241573951668
<<<<EndStats
2009-05-05 18:39:18,723 ERROR: vampire.server.feeding.FeedingRecord sendPlayerStartGameMsg [playerId=142290, prey=true, _predatorIndex=]
2009-05-05 18:39:18,725 ERROR: vampire.server.feeding.FeedingRecord sendPlayerStartGameMsg [playerId=103033, prey=false, _predatorIndex=]
2009-05-05 18:39:51,022 ERROR: vampire.server.feeding.FeedingRecord sendPlayerStartGameMsg [playerId=560572, prey=true, _predatorIndex=]
2009-05-05 18:39:51,023 ERROR: vampire.server.feeding.FeedingRecord sendPlayerStartGameMsg [playerId=345939, prey=false, _predatorIndex=]
2009-05-05 18:41:16,151 ERROR: vampire.server.feeding.FeedingRecord sendPlayerStartGameMsg [playerId=57748, prey=true, _predatorIndex=]
2009-05-05 18:41:16,155 ERROR: vampire.server.feeding.FeedingRecord sendPlayerStartGameMsg [playerId=1252987, prey=false, _predatorIndex=]
2009-05-05 18:41:52,311 ERROR: vampire.server.feeding.FeedingRecord sendPlayerStartGameMsg [playerId=1090611, prey=true, _predatorIndex=]
2009-05-05 18:41:52,313 ERROR: vampire.server.feeding.FeedingRecord sendPlayerStartGameMsg [playerId=1217334, prey=false, _predatorIndex=]
2009-05-05 18:42:04,443 ERROR: vampire.server.feeding.FeedingRecord sendPlayerStartGameMsg [playerId=142290, prey=true, _predatorIndex=]
2009-05-05 18:42:04,444 ERROR: vampire.server.feeding.FeedingRecord sendPlayerStartGameMsg [playerId=1100116, prey=false, _predatorIndex=]
2009-05-05 18:42:49,155 ERROR: vampire.server.feeding.FeedingRecord sendPlayerStartGameMsg [playerId=10642, prey=true, _predatorIndex=]
2009-05-05 18:42:49,159 ERROR: vampire.server.feeding.FeedingRecord sendPlayerStartGameMsg [playerId=283305, prey=false, _predatorIndex=]
2009-05-05 18:42:54,857 ERROR: vampire.server.feeding.FeedingRecord sendPlayerStartGameMsg [playerId=597005, prey=true, _predatorIndex=]
2009-05-05 18:42:54,861 ERROR: vampire.server.feeding.FeedingRecord sendPlayerStartGameMsg [playerId=103033, prey=false, _predatorIndex=]
2009-05-05 18:44:11,954 ERROR: vampire.server.feeding.FeedingRecord sendPlayerStartGameMsg [playerId=187326, prey=true, _predatorIndex=]
2009-05-05 18:44:11,957 ERROR: vampire.server.feeding.FeedingRecord sendPlayerStartGameMsg [playerId=1124156, prey=false, _predatorIndex=]
2009-05-05 18:44:18,973 ERROR: vampire.server.feeding.FeedingRecord sendPlayerStartGameMsg [playerId=1100116, prey=false, _predatorIndex=]
2009-05-05 18:45:29,752 ERROR: vampire.server.feeding.FeedingRecord sendPlayerStartGameMsg [playerId=181386, prey=false, _predatorIndex=]
2009-05-05 18:46:16,784 ERROR: vampire.server.feeding.FeedingRecord sendPlayerStartGameMsg [playerId=142290, prey=true, _predatorIndex=]
2009-05-05 18:46:16,786 ERROR: vampire.server.feeding.FeedingRecord sendPlayerStartGameMsg [playerId=749409, prey=false, _predatorIndex=]
2009-05-05 18:46:17,810 ERROR: vampire.server.feeding.FeedingRecord sendPlayerStartGameMsg [playerId=162352, prey=true, _predatorIndex=]
2009-05-05 18:46:17,811 ERROR: vampire.server.feeding.FeedingRecord sendPlayerStartGameMsg [playerId=194202, prey=false, _predatorIndex=]
2009-05-05 18:46:20,685 ERROR: vampire.server.feeding.FeedingRecord sendPlayerStartGameMsg [playerId=103033, prey=true, _predatorIndex=]
2009-05-05 18:46:20,686 ERROR: vampire.server.feeding.FeedingRecord sendPlayerStartGameMsg [playerId=1254298, prey=false, _predatorIndex=]
2009-05-05 18:47:00,096 ERROR: vampire.server.feeding.FeedingRecord sendPlayerStartGameMsg [playerId=32314, prey=true, _predatorIndex=]
2009-05-05 18:47:00,098 ERROR: vampire.server.feeding.FeedingRecord sendPlayerStartGameMsg [playerId=1032421, prey=false, _predatorIndex=]
2009-05-05 18:48:34,959 ERROR: vampire.server.feeding.FeedingRecord sendPlayerStartGameMsg [playerId=87714, prey=false, _predatorIndex=]
2009-05-05 18:49:11,718 ERROR: vampire.server.feeding.FeedingRecord sendPlayerStartGameMsg [playerId=142290, prey=true, _predatorIndex=]
2009-05-05 18:49:11,721 ERROR: vampire.server.feeding.FeedingRecord sendPlayerStartGameMsg [playerId=1100116, prey=false, _predatorIndex=]

>>>>BeginStats

>>>>BeginTable
PlayerId, StartTime, EndTime, ProgenyPayout, XPFromFeeding, FeedingGames, MeanFeedingScore, BloodBond, Progeny, GrandProgeny, Sire, Level, Invites
1012813, , , 110.14999999999999, 0, 0, 0, 0, 6, 16, 54776, , 
101493, 1241571926392, 1241572481548, 0, 657, 2, 489, 0, 2, 2, 52887, 4, 0
1021678, 1241569240573, 1241569657198, 0, 109, 1, 109, 0, 0, 0, 0, 1, 
1023595, 1241570397046, 1241570412567, 0, 0, 0, 0, 0, 0, 0, 0, 1, 
102770, , , 49, 0, 0, 0, 0, 4, 2, 7078, , 
103033, 1241572731092, , 103.8, 1616, 8, 220.75, 767143, 11, 13, 81899, 6, 1
1032421, 1241574367952, , 47.400000000000006, 115, 1, 229, 0, 7, 1, 990799, 6, 1
1032648, , , 41.1, 0, 0, 0, 0, 4, 2, 234337, , 
1043, 1241573936970, , 0, 0, 0, 0, 453, 5, 2, 12, 13, 3
10642, 1241571269031, , 11.100000000000001, 1452, 5, 398.8, 447249, 31, 46, 351598, 15, 2
1085176, 1241571948338, 1241572212830, 0, 0, 0, 0, 0, 0, 0, 0, 1, 
1090442, 1241571527245, 1241573067868, 0, 710, 6, 119.66666666666667, 0, 3, 5, 797824, 4, 
1090611, 1241573402104, , 0, 411, 3, 148.66666666666666, 1032874, 2, 0, 1032648, 4, 0
1092321, 1241569171922, 1241569853196, 9.05, 0, 0, 0, 53030, 28, 34, 35568, 8, 2
1100116, 1241572708490, , 0, 927, 9, 102.77777777777777, 0, 0, 0, 103033, 1, 0
1117799, 1241573339404, 1241574044596, 0, 2066, 8, 254.00000000000003, 0, 1, 0, 592692, 4, 
1119381, 1241574529666, 1241574540557, 0, 0, 0, 0, 0, 0, 0, 0, 1, 
1120227, 1241569207849, 1241569977121, 0, 472, 2, 104, 0, 0, 0, 154004, 1, 
1124156, 1241573916947, 1241574296863, 0, 272, 2, 148, 269484, 6, 2, 184671, 5, 1
113127, , , 55.35, 0, 0, 0, 0, 2, 5, 156956, , 
113237, , , 60.300000000000004, 0, 0, 0, 0, 9, 19, 10642, , 
114461, 1241569159582, 1241570398884, 97.7, 63, 1, 125, 0, 2, 0, 390995, 4, 0
114727, 1241569799708, 1241570216955, 0, 0, 0, 0, 0, 0, 0, 0, 1, 
1148755, , , 18.1, 0, 0, 0, 0, 21, 1, 1092321, , 
1155409, , , 81.2, 0, 0, 0, 0, 2, 0, 674637, , 
1160951, 1241571173675, 1241571260848, 0, 0, 0, 0, 0, 0, 0, 0, 1, 
1172363, 1241572365140, 1241572368375, 0, 0, 0, 0, 0, 0, 0, 0, 1, 
1173261, 1241570715019, 1241570792526, 0, 0, 0, 0, 0, 0, 0, 0, 1, 
117857, , , 23.900000000000002, 0, 0, 0, 0, 3, 5, 146211, , 
1178576, 1241573655104, 1241573936910, 0, 0, 0, 0, 0, 0, 0, 0, 2, 
1192337, , , 337.15, 0, 0, 0, 0, 16, 6, 1012813, , 
12, , , 5.8500000000000005, 0, 0, 0, 0, 20, 38, 383387, , 
1214279, 1241573725867, , 0, 0, 0, 0, 0, 2, 0, 1152211, 3, 0
1217334, 1241573600136, , 0, 474, 4, 105.25, 0, 0, 0, 1032421, 2, 0
1224463, 1241572843374, 1241573018205, 0, 0, 0, 0, 0, 0, 0, 0, 1, 
1226609, 1241572335033, 1241573363108, 0, 499, 3, 144.66666666666666, 0, 0, 0, 57748, 1, 
1241265, 1241572663127, 1241572672374, 0, 0, 0, 0, 0, 0, 0, 0, 1, 
124952, 1241572583555, 1241573490646, 0, 0, 0, 0, 0, 1, 0, 207284, 3, 0
1252987, 1241573880848, , 0, 96, 1, 97, 0, 0, 0, 57748, 1, 0
125347, 1241569553084, 1241569701039, 0, 0, 0, 0, 0, 0, 0, 561527, 1, 0
1254072, 1241570867246, 1241571095776, 0, 159, 1, 159, 0, 0, 0, 186318, 2, 
1254298, 1241574316506, 1241574548604, 0, 197, 1, 141, 0, 0, 0, 103033, 1, 
1254611, 1241569422106, 1241570276953, 0, 181, 2, 90.5, 0, 0, 0, 1148755, 1, 
1254726, 1241570670956, 1241572348030, 0, 998, 6, 123.83333333333333, 1111604, 0, 0, 502119, 3, 
1255018, 1241569228879, 1241569916956, 0, 592, 3, 120.33333333333333, 0, 0, 0, 114461, 2, 
1257392, 1241571987484, 1241572126302, 0, 0, 0, 0, 0, 0, 0, 0, 1, 
125787, 1241573877967, 1241573902423, 0, 0, 0, 0, 0, 1, 0, 22707, 4, 1
1261178, 1241570390290, 1241572709577, 0, 812, 5, 131.8, 0, 0, 0, 1155409, 2, 
1273151, 1241571440242, 1241571548425, 0, 0, 0, 0, 0, 0, 0, 0, 1, 
1278661, 1241571684619, 1241572016885, 0, 385, 6, 63, 0, 0, 0, 114461, 1, 
1279203, 1241571286043, 1241572241696, 0, 960, 3, 378.6666666666667, 0, 0, 0, 57748, 1, 
1279275, 1241569389493, 1241570220119, 0, 1118, 4, 360.25, 0, 0, 0, 0, 2, 
1279492, 1241570502534, 1241570589656, 0, 0, 0, 0, 0, 0, 0, 0, 1, 
128794, , , 9.4, 0, 0, 0, 0, 2, 4, 93202, , 
142290, 1241573691313, , 0, 469, 4, 163.5, 0, 1, 0, 296658, 3, 0
143050, 1241571566585, 1241572705631, 0, 537, 2, 165, 0, 0, 0, 0, 1, 
143268, 1241569303407, 1241570115387, 0, 0, 0, 0, 0, 0, 0, 0, 1, 
143509, 1241573736122, 1241574072027, 0, 152, 2, 79, 0, 0, 0, 209500, 2, 0
145006, , , 46.400000000000006, 0, 0, 0, 0, 3, 3, 245338, , 
150179, 1241573524021, 1241573532534, 0, 0, 0, 0, 0, 1, 0, 10642, 4, 0
154004, 1241571344486, 1241571447323, 47.2, 461, 2, 314, 561706, 9, 6, 90041, 4, 0
154875, 1241571924596, 1241572250642, 0, 90, 1, 90, 0, 0, 0, 0, 1, 
155376, , , 110.7, 0, 0, 0, 0, 5, 0, 113127, , 
158630, , , 49.1, 0, 0, 0, 0, 5, 1, 304445, , 
161283, , , 47.800000000000004, 0, 0, 0, 0, 5, 0, 117857, , 
162352, 1241572055789, , 0, 1025, 5, 100.8, 0, 0, 0, 57748, 2, 0
164243, , , 18.8, 0, 0, 0, 0, 4, 1, 128794, , 
16600, , , 12.100000000000001, 0, 0, 0, 0, 1, 1, 209258, , 
166371, , , 118.6, 0, 0, 0, 0, 4, 4, 267622, , 
167153, , , 7.6, 0, 0, 0, 0, 3, 16, 12, , 
168426, 1241571550200, 1241571855548, 0, 188, 1, 252, 0, 1, 0, 164243, 4, 0
171513, , , 13.600000000000001, 0, 0, 0, 0, 8, 1, 170191, , 
171683, 1241570735185, 1241572426547, 0, 478, 3, 178.66666666666666, 0, 0, 0, 161283, 4, 0
181386, 1241573764854, 1241574422065, 0, 167, 1, 167, 0, 0, 0, 172276, 1, 
181388, 1241570715726, 1241570959432, 0, 89, 1, 89, 0, 1, 1, 333875, 2, 0
184671, , , 27.200000000000003, 0, 0, 0, 0, 1, 6, 171513, , 
186318, , , 15.9, 0, 0, 0, 0, 1, 0, 205535, , 
187326, 1241573126955, , 0, 386, 3, 86.33333333333333, 0, 1, 0, 194202, 5, 1
194202, 1241574325464, , 38.6, 297, 1, 478, 0, 2, 1, 102770, 6, 1
200145, , , 294.90000000000003, 0, 0, 0, 0, 1, 4, 209656, , 
205446, 1241570593692, 1241571762493, 0, 1966, 6, 144.83333333333334, 96675, 0, 0, 96675, 4, 
205535, 1241573701375, 1241574025946, 7.95, 0, 0, 0, 0, 2, 2, 95479, 7, 2
205927, 1241570636282, 1241571673931, 0, 1107, 7, 120.42857142857143, 0, 0, 0, 155376, 3, 0
209500, , , 15.2, 0, 0, 0, 0, 3, 0, 167153, , 
209656, , , 98.29999999999998, 0, 0, 0, 0, 6, 1, 167153, , 
210163, , , 141.00000000000003, 0, 0, 0, 0, 12, 11, 255725, , 
21343, 1241569168971, 1241569977127, 0, 327, 2, 132, 0, 0, 0, 510740, 2, 0
22707, , , 49.900000000000006, 0, 0, 0, 0, 7, 10, 8842, , 
228469, 1241572214713, 1241572790096, 0, 369, 2, 122, 0, 0, 0, 238807, 2, 0
234337, , , 20.55, 0, 0, 0, 0, 5, 4, 97523, , 
237967, , , 32.85, 0, 0, 0, 0, 3, 6, 336228, , 
238349, 1241572658472, 1241572661382, 0, 0, 0, 0, 0, 0, 0, 233753, 1, 0
238807, , , 36.900000000000006, 0, 0, 0, 0, 1, 0, 424274, , 
245338, , , 23.200000000000003, 0, 0, 0, 0, 10, 4, 77353, , 
255725, , , 22.650000000000002, 0, 0, 0, 0, 1, 12, 309124, , 
258951, , , 23.05, 0, 0, 0, 0, 23, 12, 1265, , 
2606, 1241574058684, , 0, 0, 0, 0, 0, 8, 2, 307471, 6, 1
261567, , , 17.75, 0, 0, 0, 0, 32, 3, 237231, , 
267622, , , 59.3, 0, 0, 0, 0, 2, 4, 1632, , 
269484, 1241573609391, , 0, 1186, 6, 276.8333333333333, 1124156, 4, 0, 166371, 6, 1
276660, 1241569595811, 1241570336944, 0, 274, 2, 137, 0, 0, 0, 380650, 2, 2
280634, , , 37.900000000000006, 0, 0, 0, 0, 5, 2, 280346, , 
280766, 1241574217098, 1241574233259, 0, 0, 0, 0, 0, 0, 0, 83959, 3, 0
283305, 1241574108600, , 103.29999999999998, 288, 1, 218, 544450, 2, 8, 497122, 8, 3
296658, , , 116.20000000000002, 0, 0, 0, 0, 9, 2, 299646, , 
299646, , , 58.10000000000001, 0, 0, 0, 0, 4, 9, 69257, , 
301100, 1241570888323, 1241570895722, 0, 0, 0, 0, 0, 0, 0, 0, 1, 
30158, , , 75.80000000000001, 0, 0, 0, 0, 2, 5, 280634, , 
304966, 1241570548357, 1241571194177, 0, 0, 0, 0, 0, 1, 0, 1362, 2, 1
307471, , , 12.700000000000001, 0, 0, 0, 0, 6, 18, 12, , 
32314, 1241574365347, , 0, 0, 0, 0, 635003, 10, 14, 40508, 13, 2
33302, 1241572751431, 1241572899763, 0, 0, 0, 0, 0, 0, 0, 0, 1, 
333875, , , 8.9, 0, 0, 0, 0, 2, 1, 96675, , 
336228, , , 55.5, 0, 0, 0, 0, 10, 14, 307471, , 
339818, , , 24.200000000000003, 0, 0, 0, 0, 1, 1, 16600, , 
345939, 1241573956036, , 0, 524, 4, 118, 3811, 0, 0, 544450, 3, 0
350309, 1241569980985, 1241570598883, 0, 355, 3, 118.33333333333333, 0, 0, 0, 503952, 3, 0
351430, 1241573464935, , 60.2, 254, 1, 331, 336228, 11, 46, 336228, 13, 2
351598, , , 145.20000000000002, 0, 0, 0, 0, 1, 31, 359624, , 
359624, , , 72.60000000000001, 0, 0, 0, 0, 3, 1, 201132, , 
36377, 1241571299076, 1241571932127, 0, 697, 3, 291.3333333333333, 0, 4, 8, 453809, 10, 3
372887, , , 34.85, 0, 0, 0, 0, 1, 1, 386780, , 
375444, , , 13.700000000000001, 0, 0, 0, 0, 3, 10, 12770, , 
380650, , , 27.400000000000002, 0, 0, 0, 0, 3, 0, 375444, , 
388185, 1241571560575, 1241572488032, 0, 0, 0, 0, 0, 2, 2, 12770, 4, 0
388615, , , 3.1500000000000004, 0, 0, 0, 0, 1, 2, 395687, , 
390995, , , 55.15, 0, 0, 0, 0, 2, 2, 388615, , 
391307, 1241571184483, 1241571196466, 0, 0, 0, 0, 0, 0, 0, 304966, 1, 0
394891, 1241570562343, 1241570577205, 0, 0, 0, 0, 0, 0, 0, 158630, 3, 0
397835, , , 54.10000000000001, 0, 0, 0, 0, 5, 30, 47379, , 
4139, 1241573436593, , 0, 117, 1, 117, 44987, 21, 23, 713, 17, 3
415271, , , 30, 0, 0, 0, 0, 10, 1, 66689, , 
420097, , , 98.2, 0, 0, 0, 0, 1, 0, 158630, , 
424274, , , 18.450000000000003, 0, 0, 0, 0, 1, 1, 121984, , 
43017, 1241571885383, 1241572316873, 0, 242, 2, 141, 58859, 1, 1, 339818, 9, 2
430717, 1241574549799, , 0, 0, 0, 0, 503425, 30, 25, 256746, 12, 6
433908, 1241570671012, 1241571236973, 0, 464, 3, 153, 512737, 3, 1, 145006, 7, 1
438751, 1241569174961, 1241569377182, 191.4, 453, 1, 472, 988642, 11, 2, 210163, 8, 1
439277, , , 26.200000000000003, 0, 0, 0, 0, 7, 7, 208602, , 
451351, 1241570214602, 1241570356860, 0, 0, 0, 0, 0, 0, 0, 115341, 4, 
453809, , , 69.7, 0, 0, 0, 0, 1, 4, 372887, , 
47379, , , 27.050000000000004, 0, 0, 0, 0, 4, 5, 54776, , 
480591, 1241571866624, 1241572120085, 0, 0, 0, 0, 0, 0, 0, 128013, 2, 0
497122, , , 28.8, 0, 0, 0, 0, 14, 2, 82321, , 
502119, , , 99.80000000000001, 0, 0, 0, 0, 9, 7, 22707, , 
503952, , , 35.5, 0, 0, 0, 0, 2, 0, 261567, , 
510740, , , 32.7, 0, 0, 0, 0, 70, 1, 534632, , 
52887, , , 65.7, 0, 0, 0, 0, 3, 2, 237967, , 
534632, , , 16.35, 0, 0, 0, 0, 7, 70, 445660, , 
544450, , , 52.400000000000006, 0, 0, 0, 0, 7, 0, 439277, , 
54776, 1241569851247, 1241570180289, 0, 0, 0, 0, 0, 74, 33, 89757, 15, 3
560572, 1241573371155, , 0, 693, 5, 154.8, 0, 1, 0, 296658, 2, 0
562788, , , 52.800000000000004, 0, 0, 0, 0, 1, 5, 409656, , 
57748, 1241570388127, , 233.70000000000005, 2203, 10, 198, 0, 5, 0, 1192337, 3, 0
592692, , , 206.59999999999997, 0, 0, 0, 0, 8, 1, 283305, , 
597005, 1241573534473, , 0, 1056, 5, 214.2, 0, 2, 1, 603011, 4, 0
603011, , , 105.60000000000001, 0, 0, 0, 0, 5, 2, 562788, , 
620326, 1241573562142, 1241574023545, 0, 300, 2, 201.5, 0, 1, 0, 415271, 4, 
624485, 1241569233609, 1241570344080, 0, 0, 0, 0, 0, 0, 0, 562953, 2, 
635003, 1241573935516, 1241574124690, 0, 758, 3, 344.3333333333333, 32314, 5, 0, 30158, 7, 1
638007, 1241571262790, 1241571291677, 0, 0, 0, 0, 0, 0, 0, 0, 1, 
639914, 1241569193149, 1241569589107, 0, 556, 2, 320, 431598, 0, 0, 797824, 4, 
66689, , , 15, 0, 0, 0, 0, 4, 10, 124585, , 
674637, , , 40.6, 0, 0, 0, 0, 1, 2, 1192337, , 
68610, 1241569376666, 1241573516910, 0, 0, 0, 0, 0, 0, 0, 169869, 3, 0
68793, 1241572281670, 1241572293350, 0, 0, 0, 0, 181652, 0, 0, 201458, 4, 0
7078, , , 14.850000000000001, 0, 0, 0, 0, 9, 5, 177916, , 
70997, 1241572403942, 1241572737255, 0, 541, 2, 416.5, 1010692, 30, 32, 397835, 12, 2
713, , , 11.700000000000001, 0, 0, 0, 0, 11, 35, 12, , 
749409, 1241574316848, 1241574540907, 0, 0, 0, 0, 0, 0, 0, 0, 1, 
77, 1241569576935, 1241569912729, 0, 0, 0, 0, 171151, 11, 2, 12770, 14, 2
797824, , , 126.60000000000002, 0, 0, 0, 0, 15, 3, 82321, , 
802319, , , 80.80000000000001, 0, 0, 0, 0, 2, 6, 773108, , 
81899, , , 213.50000000000003, 0, 0, 0, 0, 6, 11, 802319, , 
82321, , , 77.70000000000002, 0, 0, 0, 0, 6, 29, 57717, , 
825380, 1241570331864, 1241570659136, 0, 0, 0, 0, 0, 0, 0, 0, 1, 
833112, 1241569525850, 1241569551000, 0, 0, 0, 0, 0, 0, 0, 0, 1, 
836050, 1241572266575, 1241573704236, 76.2, 222, 1, 197, 592692, 13, 5, 113237, 8, 2
836417, , , 5.75, 0, 0, 0, 0, 3, 5, 582081, , 
8527, 1241574541595, , 0, 0, 0, 0, 10260, 1, 0, 503, 8, 1
866735, 1241570361513, 1241570642851, 0, 0, 0, 0, 0, 0, 0, 0, 1, 
87714, 1241574494014, , 0, 602, 2, 319.5, 0, 9, 3, 351430, 9, 6
885698, 1241572431321, 1241573932615, 0, 762, 3, 279, 891151, 4, 0, 836050, 4, 
90041, 1241574077820, 1241574116910, 69.7, 0, 0, 0, 175933, 9, 9, 258951, 12, 14
93412, 1241570958864, 1241572076891, 0, 982, 6, 140.33333333333334, 0, 0, 0, 420097, 3, 0
9342, 1241572275640, 1241572479701, 0, 0, 0, 0, 0, 0, 0, 57748, 2, 
93532, 1241570024921, 1241570046989, 0, 0, 0, 0, 0, 0, 0, 0, 1, 
96675, 1241570600481, 1241571657352, 201.05, 1966, 6, 509.8333333333333, 205446, 4, 3, 200145, 4, 0
982699, 1241571612236, 1241571624344, 0, 0, 0, 0, 0, 0, 0, 0, 1, 
988642, 1241569161585, 1241571815281, 0, 1914, 10, 200.5, 438751, 0, 0, 438751, 3, 
990799, , , 35.2, 0, 0, 0, 0, 5, 7, 836417, , 
<<<<EndTable

PlayersOnlineNow=26
PlayersOnlineEachMinute=0, 12, 15, 17, 18, 19, 20, 20, 22, 18, 17, 20, 21, 17, 17, 17, 17, 17, 17, 16, 14, 15, 14, 16, 16, 18, 17, 19, 18, 20, 19, 20, 19, 19, 20, 16, 18, 18, 19, 19, 21, 23, 21, 21, 20, 19, 20, 21, 21, 20, 18, 18, 18, 18, 17, 19, 15, 15, 16, 17, 17, 16, 17, 16, 17, 16, 13, 14, 14, 14, 14, 15, 17, 15, 17, 19, 22, 23, 23, 25, 25, 26, 24, 23, 23, 23, 22, 27, 26, 25
PlayersInEachFeedingGame=1, 1, 1, 2, 1, 2, 1, 2, 1, 1, 2, 1, 3, 1, 2, 2, 1, 2, 1, 1, 2, 1, 1, 1, 1, 1, 1, 1, 1, 2, 1, 2, 2, 2, 1, 1, 1, 2, 1, 2, 2, 2, 2, 1, 2, 2, 2, 2, 2, 2, 1, 1, 2, 2, 2, 2, 1, 2, 2, 1, 2, 2, 2, 2, 2, 2, 2, 2, 1, 1, 2, 2, 1, 1, 1, 2, 1, 2, 2, 2, 1, 2, 1, 2, 1, 2, 1, 1, 2, 2, 2, 1, 3, 1, 1, 1, 1, 2, 2, 2, 2, 2, 2, 2, 2, 2, 2, 1, 1, 2, 2, 2, 2, 1
PlayersStarted=167
PlayersQuit=141
StatsStartTime=1241569150686
StatsDumpTime=1241574551953
<<<<EndStats
2009-05-05 18:49:56,575 ERROR: vampire.server.feeding.FeedingRecord sendPlayerStartGameMsg [playerId=4139, prey=true, _predatorIndex=]
2009-05-05 18:49:56,577 ERROR: vampire.server.feeding.FeedingRecord sendPlayerStartGameMsg [playerId=8527, prey=false, _predatorIndex=]
2009-05-05 18:51:01,663 ERROR: vampire.server.feeding.FeedingRecord sendPlayerStartGameMsg [playerId=17790, prey=false, _predatorIndex=8527]
2009-05-05 18:51:18,880 ERROR: vampire.server.feeding.FeedingRecord sendPlayerStartGameMsg [playerId=797185, prey=false, _predatorIndex=]
2009-05-05 18:51:50,207 ERROR: vampire.server.feeding.FeedingRecord sendPlayerStartGameMsg [playerId=103033, prey=false, _predatorIndex=345939]
2009-05-05 18:51:54,134 ERROR: vampire.server.feeding.FeedingRecord sendPlayerStartGameMsg [playerId=1217334, prey=true, _predatorIndex=]
2009-05-05 18:51:54,136 ERROR: vampire.server.feeding.FeedingRecord sendPlayerStartGameMsg [playerId=1032421, prey=false, _predatorIndex=]
2009-05-05 18:52:39,889 ERROR: vampire.server.feeding.FeedingRecord sendPlayerStartGameMsg [playerId=1100116, prey=false, _predatorIndex=]
2009-05-05 18:52:54,119 ERROR: vampire.server.feeding.FeedingRecord sendPlayerStartGameMsg [playerId=32314, prey=false, _predatorIndex=8527,17790]
2009-05-05 18:53:07,251 ERROR: vampire.server.feeding.FeedingRecord sendPlayerStartGameMsg [playerId=187326, prey=true, _predatorIndex=]
2009-05-05 18:53:07,253 ERROR: vampire.server.feeding.FeedingRecord sendPlayerStartGameMsg [playerId=199624, prey=false, _predatorIndex=]
2009-05-05 18:53:34,845 ERROR: vampire.server.feeding.FeedingRecord sendPlayerStartGameMsg [playerId=187326, prey=true, _predatorIndex=]
2009-05-05 18:53:34,846 ERROR: vampire.server.feeding.FeedingRecord sendPlayerStartGameMsg [playerId=199624, prey=false, _predatorIndex=]
2009-05-05 18:54:01,299 ERROR: vampire.server.feeding.FeedingRecord sendPlayerStartGameMsg [playerId=142290, prey=false, _predatorIndex=]
2009-05-05 18:55:19,603 ERROR: vampire.server.feeding.FeedingRecord sendPlayerStartGameMsg [playerId=185585, prey=false, _predatorIndex=1100116]
2009-05-05 18:57:20,071 ERROR: vampire.server.feeding.FeedingRecord sendPlayerStartGameMsg [playerId=1225520, prey=true, _predatorIndex=]
2009-05-05 18:57:20,075 ERROR: vampire.server.feeding.FeedingRecord sendPlayerStartGameMsg [playerId=125207, prey=false, _predatorIndex=]
2009-05-05 18:57:48,653 ERROR: vampire.server.feeding.FeedingRecord sendPlayerStartGameMsg [playerId=185585, prey=false, _predatorIndex=]
2009-05-05 18:58:20,572 ERROR: vampire.server.feeding.FeedingRecord sendPlayerStartGameMsg [playerId=153097, prey=true, _predatorIndex=]
2009-05-05 18:58:20,574 ERROR: vampire.server.feeding.FeedingRecord sendPlayerStartGameMsg [playerId=1214279, prey=false, _predatorIndex=]

>>>>BeginStats

>>>>BeginTable
PlayerId, StartTime, EndTime, ProgenyPayout, XPFromFeeding, FeedingGames, MeanFeedingScore, BloodBond, Progeny, GrandProgeny, Sire, Level, Invites
1012813, , , 110.14999999999999, 0, 0, 0, 0, 6, 16, 54776, , 
101493, 1241571926392, 1241572481548, 0, 657, 2, 489, 0, 2, 2, 52887, 4, 0
1021678, 1241569240573, 1241569657198, 0, 109, 1, 109, 0, 0, 0, 0, 1, 
1023595, 1241570397046, 1241570412567, 0, 0, 0, 0, 0, 0, 0, 0, 1, 
102770, , , 104.10000000000001, 0, 0, 0, 0, 4, 2, 7078, , 
103033, 1241574637887, , 143.89999999999998, 1864, 9, 231.22222222222223, 767143, 11, 13, 81899, 6, 1
1032421, 1241574367952, 1241574927238, 61.800000000000004, 259, 2, 209.5, 0, 7, 1, 990799, 6, 1
1032648, , , 41.1, 0, 0, 0, 0, 4, 2, 234337, , 
1043, 1241573936970, 1241575083980, 0, 0, 0, 0, 453, 5, 2, 12, 13, 3
10642, 1241571269031, 1241574937489, 11.100000000000001, 1452, 5, 398.8, 447249, 31, 46, 351598, 15, 2
1085176, 1241571948338, 1241572212830, 0, 0, 0, 0, 0, 0, 0, 0, 1, 
1090442, 1241571527245, 1241573067868, 0, 710, 6, 119.66666666666667, 0, 3, 5, 797824, 4, 
1090611, 1241573402104, , 0, 411, 3, 148.66666666666666, 1032874, 2, 0, 1032648, 4, 0
1092321, 1241569171922, 1241569853196, 9.05, 0, 0, 0, 53030, 28, 34, 35568, 8, 2
1100116, 1241572708490, , 0, 1328, 13, 103.3076923076923, 0, 0, 0, 103033, 2, 0
1117799, 1241573339404, 1241574044596, 0, 2066, 8, 254.00000000000003, 0, 1, 0, 592692, 4, 
1119381, 1241574529666, 1241574540557, 0, 0, 0, 0, 0, 0, 0, 0, 1, 
1120227, 1241569207849, 1241569977121, 0, 472, 2, 104, 0, 0, 0, 154004, 1, 
1124156, 1241573916947, 1241574296863, 0, 272, 2, 148, 269484, 6, 2, 184671, 5, 1
113127, , , 55.35, 0, 0, 0, 0, 2, 5, 156956, , 
113237, , , 60.300000000000004, 0, 0, 0, 0, 9, 19, 10642, , 
114461, 1241569159582, 1241570398884, 97.7, 63, 1, 125, 0, 2, 0, 390995, 4, 0
114727, 1241569799708, 1241570216955, 0, 0, 0, 0, 0, 0, 0, 0, 1, 
1148755, , , 18.1, 0, 0, 0, 0, 21, 1, 1092321, , 
1155409, , , 81.2, 0, 0, 0, 0, 2, 0, 674637, , 
1160951, 1241571173675, 1241571260848, 0, 0, 0, 0, 0, 0, 0, 0, 1, 
1172363, 1241572365140, 1241572368375, 0, 0, 0, 0, 0, 0, 0, 0, 1, 
1173261, 1241570715019, 1241570792526, 0, 0, 0, 0, 0, 0, 0, 0, 1, 
117857, , , 23.900000000000002, 0, 0, 0, 0, 3, 5, 146211, , 
1178576, 1241573655104, 1241573936910, 0, 0, 0, 0, 0, 0, 0, 0, 2, 
1192337, , , 359.74999999999994, 0, 0, 0, 0, 16, 6, 1012813, , 
12, , , 285.1, 0, 0, 0, 0, 20, 54, 383387, , 
1214279, 1241573725867, , 0, 0, 0, 0, 0, 2, 0, 1152211, 3, 0
1217334, 1241573600136, 1241574963551, 0, 618, 5, 103.6, 0, 0, 0, 1032421, 2, 
1224463, 1241572843374, 1241573018205, 0, 0, 0, 0, 0, 0, 0, 0, 1, 
1225520, 1241575021246, , 0, 0, 0, 0, 0, 0, 0, 0, 1, 0
1226609, 1241572335033, 1241573363108, 0, 499, 3, 144.66666666666666, 0, 0, 0, 57748, 1, 
1241265, 1241572663127, 1241572672374, 0, 0, 0, 0, 0, 0, 0, 0, 1, 
124952, 1241572583555, 1241573490646, 0, 0, 0, 0, 0, 1, 0, 207284, 3, 0
125207, 1241575026332, , 0, 0, 0, 0, 273503, 1, 0, 544643, 4, 0
1252987, 1241573880848, , 0, 96, 1, 97, 0, 0, 0, 57748, 1, 0
125347, 1241569553084, 1241569701039, 0, 0, 0, 0, 0, 0, 0, 561527, 1, 0
1254072, 1241570867246, 1241571095776, 0, 159, 1, 159, 0, 0, 0, 186318, 2, 
1254298, 1241574316506, 1241574548604, 0, 197, 1, 141, 0, 0, 0, 103033, 1, 
1254611, 1241569422106, 1241570276953, 0, 181, 2, 90.5, 0, 0, 0, 1148755, 1, 
1254726, 1241570670956, 1241572348030, 0, 998, 6, 123.83333333333333, 1111604, 0, 0, 502119, 3, 
1255018, 1241569228879, 1241569916956, 0, 592, 3, 120.33333333333333, 0, 0, 0, 114461, 2, 
1257392, 1241571987484, 1241572126302, 0, 0, 0, 0, 0, 0, 0, 0, 1, 
125787, 1241573877967, 1241573902423, 0, 0, 0, 0, 0, 1, 0, 22707, 4, 1
1261178, 1241570390290, 1241572709577, 0, 812, 5, 131.8, 0, 0, 0, 1155409, 2, 
1273151, 1241571440242, 1241571548425, 0, 0, 0, 0, 0, 0, 0, 0, 1, 
1277027, 1241574901804, 1241574917331, 0, 0, 0, 0, 0, 0, 0, 0, 1, 
1278661, 1241571684619, 1241572016885, 0, 385, 6, 63, 0, 0, 0, 114461, 1, 
1279203, 1241571286043, 1241572241696, 0, 960, 3, 378.6666666666667, 0, 0, 0, 57748, 1, 
1279275, 1241569389493, 1241570220119, 0, 1118, 4, 360.25, 0, 0, 0, 0, 2, 
1279492, 1241570502534, 1241570589656, 0, 0, 0, 0, 0, 0, 0, 0, 1, 
1280661, 1241575057631, , 0, 0, 0, 0, 0, 0, 0, 0, 1, 0
128794, , , 9.4, 0, 0, 0, 0, 2, 4, 93202, , 
142290, 1241573691313, , 0, 577, 5, 157.2, 0, 1, 0, 296658, 3, 0
143050, 1241571566585, 1241572705631, 0, 537, 2, 165, 0, 0, 0, 0, 1, 
143268, 1241569303407, 1241570115387, 0, 0, 0, 0, 0, 0, 0, 0, 1, 
143509, 1241573736122, 1241574072027, 0, 152, 2, 79, 0, 0, 0, 209500, 2, 0
145006, , , 46.400000000000006, 0, 0, 0, 0, 3, 3, 245338, , 
150179, 1241573524021, 1241573532534, 0, 0, 0, 0, 0, 1, 0, 10642, 4, 0
153097, 1241574898724, , 0, 0, 0, 0, 1110484, 16, 0, 1062853, 4, 14
154004, 1241571344486, 1241571447323, 47.2, 461, 2, 314, 561706, 9, 6, 90041, 4, 0
154875, 1241571924596, 1241572250642, 0, 90, 1, 90, 0, 0, 0, 0, 1, 
155376, , , 110.7, 0, 0, 0, 0, 5, 0, 113127, , 
158630, , , 49.1, 0, 0, 0, 0, 5, 1, 304445, , 
161283, , , 47.800000000000004, 0, 0, 0, 0, 5, 0, 117857, , 
162352, 1241572055789, , 0, 1477, 8, 100.375, 0, 0, 0, 57748, 2, 0
164243, , , 18.8, 0, 0, 0, 0, 4, 1, 128794, , 
16600, , , 12.100000000000001, 0, 0, 0, 0, 1, 1, 209258, , 
166371, , , 118.6, 0, 0, 0, 0, 4, 4, 267622, , 
167153, , , 7.6, 0, 0, 0, 0, 3, 16, 12, , 
168426, 1241571550200, 1241571855548, 0, 188, 1, 252, 0, 1, 0, 164243, 4, 0
171513, , , 13.600000000000001, 0, 0, 0, 0, 8, 1, 170191, , 
171683, 1241570735185, 1241572426547, 0, 478, 3, 178.66666666666666, 0, 0, 0, 161283, 4, 0
17790, 1241574640474, , 0, 1583, 3, 612.3333333333334, 1062, 12, 13, 20260, 15, 3
181386, 1241573764854, 1241574422065, 0, 167, 1, 167, 0, 0, 0, 172276, 1, 
181388, 1241570715726, 1241570959432, 0, 89, 1, 89, 0, 1, 1, 333875, 2, 0
184671, , , 27.200000000000003, 0, 0, 0, 0, 1, 6, 171513, , 
185585, 1241574869998, , 0, 0, 0, 0, 0, 0, 0, 1047840, 1, 0
186318, , , 15.9, 0, 0, 0, 0, 1, 0, 205535, , 
187326, 1241573126955, , 19.8, 584, 4, 114.25, 0, 2, 0, 194202, 5, 1
194202, 1241574325464, 1241574908948, 68.30000000000001, 749, 4, 270.5, 0, 2, 2, 102770, 6, 1
199624, 1241574765940, , 0, 198, 1, 198, 0, 0, 0, 187326, 2, 0
200145, , , 294.90000000000003, 0, 0, 0, 0, 1, 4, 209656, , 
20260, , , 158.3, 0, 0, 0, 0, 18, 27, 12, , 
205446, 1241570593692, 1241571762493, 0, 1966, 6, 144.83333333333334, 96675, 0, 0, 96675, 4, 
205535, 1241573701375, 1241574025946, 7.95, 0, 0, 0, 0, 2, 2, 95479, 7, 2
205927, 1241570636282, 1241571673931, 0, 1107, 7, 120.42857142857143, 0, 0, 0, 155376, 3, 0
209500, , , 15.2, 0, 0, 0, 0, 3, 0, 167153, , 
209656, , , 98.29999999999998, 0, 0, 0, 0, 6, 2, 167153, , 
210163, , , 141.00000000000003, 0, 0, 0, 0, 12, 11, 255725, , 
21343, 1241569168971, 1241569977127, 0, 327, 2, 132, 0, 0, 0, 510740, 2, 0
217283, 1241574729001, , 0, 0, 0, 0, 532467, 57, 23, 57393, 12, 22
22707, , , 49.900000000000006, 0, 0, 0, 0, 7, 10, 8842, , 
228469, 1241572214713, 1241572790096, 0, 369, 2, 122, 0, 0, 0, 238807, 2, 0
23340, , , 61.150000000000006, 0, 0, 0, 0, 10, 5, 383387, , 
234337, , , 20.55, 0, 0, 0, 0, 5, 4, 97523, , 
237967, , , 32.85, 0, 0, 0, 0, 3, 6, 336228, , 
238349, 1241572658472, 1241572661382, 0, 0, 0, 0, 0, 0, 0, 233753, 1, 0
238807, , , 36.900000000000006, 0, 0, 0, 0, 1, 0, 424274, , 
245338, , , 23.200000000000003, 0, 0, 0, 0, 10, 4, 77353, , 
255725, , , 22.650000000000002, 0, 0, 0, 0, 1, 12, 309124, , 
258951, , , 23.05, 0, 0, 0, 0, 23, 12, 1265, , 
2606, 1241574058684, 1241575134335, 0, 0, 0, 0, 0, 8, 2, 307471, 6, 1
261567, , , 17.75, 0, 0, 0, 0, 32, 3, 237231, , 
263486, 1241574850071, 1241574872361, 0, 0, 0, 0, 0, 0, 0, 0, 1, 
267622, , , 59.3, 0, 0, 0, 0, 2, 4, 1632, , 
269484, 1241574819116, , 0, 1186, 6, 276.8333333333333, 1124156, 4, 0, 166371, 6, 1
276660, 1241569595811, 1241570336944, 0, 274, 2, 137, 0, 0, 0, 380650, 2, 2
280634, , , 37.900000000000006, 0, 0, 0, 0, 5, 2, 280346, , 
280766, 1241574217098, 1241574233259, 0, 0, 0, 0, 0, 0, 0, 83959, 3, 0
283305, 1241574108600, 1241574950139, 103.29999999999998, 288, 1, 218, 544450, 2, 8, 497122, 8, 3
296658, , , 179.10000000000002, 0, 0, 0, 0, 9, 2, 299646, , 
299646, , , 89.55000000000001, 0, 0, 0, 0, 4, 9, 69257, , 
301100, 1241570888323, 1241570895722, 0, 0, 0, 0, 0, 0, 0, 0, 1, 
30158, , , 75.80000000000001, 0, 0, 0, 0, 2, 5, 280634, , 
304966, 1241570548357, 1241571194177, 0, 0, 0, 0, 0, 1, 0, 1362, 2, 1
307471, , , 12.700000000000001, 0, 0, 0, 0, 6, 18, 12, , 
32314, 1241574365347, , 0, 1223, 2, 650.5, 635003, 10, 14, 40508, 13, 2
33302, 1241572751431, 1241572899763, 0, 0, 0, 0, 0, 0, 0, 0, 1, 
333875, , , 8.9, 0, 0, 0, 0, 2, 1, 96675, , 
336228, , , 175.65, 0, 0, 0, 0, 10, 14, 307471, , 
339818, , , 24.200000000000003, 0, 0, 0, 0, 1, 1, 16600, , 
345939, 1241573956036, 1241574792698, 0, 797, 6, 118, 3811, 0, 0, 544450, 3, 0
350309, 1241569980985, 1241570598883, 0, 355, 3, 118.33333333333333, 0, 0, 0, 503952, 3, 0
351430, 1241573464935, , 300.5, 254, 1, 331, 336228, 11, 46, 336228, 13, 2
351598, , , 145.20000000000002, 0, 0, 0, 0, 1, 31, 359624, , 
359624, , , 72.60000000000001, 0, 0, 0, 0, 3, 1, 201132, , 
36377, 1241571299076, 1241571932127, 0, 697, 3, 291.3333333333333, 0, 4, 8, 453809, 10, 3
372887, , , 34.85, 0, 0, 0, 0, 1, 1, 386780, , 
375444, , , 13.700000000000001, 0, 0, 0, 0, 3, 10, 12770, , 
380650, , , 27.400000000000002, 0, 0, 0, 0, 3, 0, 375444, , 
388185, 1241571560575, 1241572488032, 0, 0, 0, 0, 0, 2, 2, 12770, 4, 0
388615, , , 3.1500000000000004, 0, 0, 0, 0, 1, 2, 395687, , 
390995, , , 55.15, 0, 0, 0, 0, 2, 2, 388615, , 
391307, 1241571184483, 1241571196466, 0, 0, 0, 0, 0, 0, 0, 304966, 1, 0
394891, 1241570562343, 1241570577205, 0, 0, 0, 0, 0, 0, 0, 158630, 3, 0
397835, , , 54.10000000000001, 0, 0, 0, 0, 5, 30, 47379, , 
40508, , , 122.30000000000001, 0, 0, 0, 0, 4, 10, 23340, , 
4139, 1241573436593, , 0, 2118, 5, 525.6, 44987, 21, 23, 713, 17, 3
415271, , , 30, 0, 0, 0, 0, 10, 1, 66689, , 
420097, , , 98.2, 0, 0, 0, 0, 1, 0, 158630, , 
424274, , , 18.450000000000003, 0, 0, 0, 0, 1, 1, 121984, , 
43017, 1241571885383, 1241572316873, 0, 242, 2, 141, 58859, 1, 1, 339818, 9, 2
430717, 1241574549799, , 0, 0, 0, 0, 503425, 30, 25, 256746, 12, 6
433908, 1241570671012, 1241571236973, 0, 464, 3, 153, 512737, 3, 1, 145006, 7, 1
438751, 1241569174961, 1241569377182, 191.4, 453, 1, 472, 988642, 11, 2, 210163, 8, 1
439277, , , 39.85000000000001, 0, 0, 0, 0, 7, 7, 208602, , 
451351, 1241570214602, 1241570356860, 0, 0, 0, 0, 0, 0, 0, 115341, 4, 
453809, , , 69.7, 0, 0, 0, 0, 1, 4, 372887, , 
47379, , , 27.050000000000004, 0, 0, 0, 0, 4, 5, 54776, , 
480591, 1241571866624, 1241572120085, 0, 0, 0, 0, 0, 0, 0, 128013, 2, 0
497122, , , 28.8, 0, 0, 0, 0, 14, 2, 82321, , 
502119, , , 99.80000000000001, 0, 0, 0, 0, 9, 8, 22707, , 
503, , , 200.10000000000002, 0, 0, 0, 0, 5, 1, 12, , 
503952, , , 35.5, 0, 0, 0, 0, 2, 0, 261567, , 
506667, 1241574727883, , 0, 0, 0, 0, 0, 0, 0, 58022, 2, 1
510740, , , 32.7, 0, 0, 0, 0, 70, 2, 534632, , 
52887, , , 65.7, 0, 0, 0, 0, 3, 2, 237967, , 
534632, , , 16.35, 0, 0, 0, 0, 7, 70, 445660, , 
544450, , , 79.70000000000002, 0, 0, 0, 0, 7, 1, 439277, , 
54776, 1241569851247, 1241570180289, 0, 0, 0, 0, 0, 74, 33, 89757, 15, 3
560572, 1241573371155, 1241574986887, 0, 1214, 8, 157.875, 0, 1, 0, 296658, 2, 
562788, , , 52.800000000000004, 0, 0, 0, 0, 1, 5, 409656, , 
57748, 1241570388127, , 278.90000000000003, 2203, 10, 198, 0, 5, 0, 1192337, 3, 0
592692, , , 206.59999999999997, 0, 0, 0, 0, 8, 1, 283305, , 
597005, 1241573534473, , 0, 1056, 5, 214.2, 0, 2, 1, 603011, 4, 0
603011, , , 105.60000000000001, 0, 0, 0, 0, 5, 2, 562788, , 
620326, 1241573562142, 1241574023545, 0, 300, 2, 201.5, 0, 1, 0, 415271, 4, 
624485, 1241569233609, 1241570344080, 0, 0, 0, 0, 0, 0, 0, 562953, 2, 
635003, 1241573935516, 1241574124690, 0, 758, 3, 344.3333333333333, 32314, 5, 0, 30158, 7, 1
638007, 1241571262790, 1241571291677, 0, 0, 0, 0, 0, 0, 0, 0, 1, 
639914, 1241569193149, 1241569589107, 0, 556, 2, 320, 431598, 0, 0, 797824, 4, 
66689, , , 15, 0, 0, 0, 0, 4, 10, 124585, , 
674637, , , 40.6, 0, 0, 0, 0, 1, 2, 1192337, , 
68610, 1241569376666, 1241573516910, 0, 0, 0, 0, 0, 0, 0, 169869, 3, 0
68793, 1241572281670, 1241572293350, 0, 0, 0, 0, 181652, 0, 0, 201458, 4, 0
7078, , , 37.45, 0, 0, 0, 0, 9, 5, 177916, , 
70997, 1241575141707, , 0, 541, 2, 416.5, 1010692, 30, 32, 397835, 12, 2
713, , , 211.8, 0, 0, 0, 0, 11, 35, 12, , 
749409, 1241574316848, 1241574540907, 0, 0, 0, 0, 0, 0, 0, 0, 1, 
77, 1241569576935, 1241569912729, 0, 0, 0, 0, 171151, 11, 2, 12770, 14, 2
797185, 1241574660727, 1241574828826, 0, 101, 1, 101, 0, 0, 0, 0, 1, 
797824, , , 126.60000000000002, 0, 0, 0, 0, 15, 3, 82321, , 
802319, , , 93.20000000000002, 0, 0, 0, 0, 2, 6, 773108, , 
81899, , , 258.3500000000001, 0, 0, 0, 0, 6, 11, 802319, , 
82321, , , 77.70000000000002, 0, 0, 0, 0, 6, 29, 57717, , 
825380, 1241570331864, 1241570659136, 0, 0, 0, 0, 0, 0, 0, 0, 1, 
833112, 1241569525850, 1241569551000, 0, 0, 0, 0, 0, 0, 0, 0, 1, 
836050, 1241572266575, 1241573704236, 76.2, 222, 1, 197, 592692, 13, 5, 113237, 8, 2
836417, , , 12.95, 0, 0, 0, 0, 3, 5, 582081, , 
8527, 1241574541595, , 0, 2001, 4, 288.5, 10260, 1, 0, 503, 8, 1
866735, 1241570361513, 1241570642851, 0, 0, 0, 0, 0, 0, 0, 0, 1, 
87714, 1241574494014, , 0, 3005, 6, 507, 0, 9, 3, 351430, 9, 6
885698, 1241572431321, 1241573932615, 0, 762, 3, 279, 891151, 4, 0, 836050, 4, 
90041, 1241574077820, 1241574116910, 69.7, 0, 0, 0, 175933, 9, 9, 258951, 12, 14
93412, 1241570958864, 1241572076891, 0, 982, 6, 140.33333333333334, 0, 0, 0, 420097, 3, 0
9342, 1241572275640, 1241572479701, 0, 0, 0, 0, 0, 0, 0, 57748, 2, 
93532, 1241570024921, 1241570046989, 0, 0, 0, 0, 0, 0, 0, 0, 1, 
96675, 1241570600481, 1241571657352, 201.05, 1966, 6, 509.8333333333333, 205446, 4, 3, 200145, 4, 0
982699, 1241571612236, 1241571624344, 0, 0, 0, 0, 0, 0, 0, 0, 1, 
988642, 1241569161585, 1241571815281, 0, 1914, 10, 200.5, 438751, 0, 0, 438751, 3, 
990799, , , 56.800000000000004, 0, 0, 0, 0, 5, 7, 836417, , 
<<<<EndTable

PlayersOnlineNow=27
PlayersOnlineEachMinute=0, 12, 15, 17, 18, 19, 20, 20, 22, 18, 17, 20, 21, 17, 17, 17, 17, 17, 17, 16, 14, 15, 14, 16, 16, 18, 17, 19, 18, 20, 19, 20, 19, 19, 20, 16, 18, 18, 19, 19, 21, 23, 21, 21, 20, 19, 20, 21, 21, 20, 18, 18, 18, 18, 17, 19, 15, 15, 16, 17, 17, 16, 17, 16, 17, 16, 13, 14, 14, 14, 14, 15, 17, 15, 17, 19, 22, 23, 23, 25, 25, 26, 24, 23, 23, 23, 22, 27, 26, 25, 26, 25, 28, 30, 31, 30, 32, 26, 27, 27
PlayersInEachFeedingGame=1, 1, 1, 2, 1, 2, 1, 2, 1, 1, 2, 1, 3, 1, 2, 2, 1, 2, 1, 1, 2, 1, 1, 1, 1, 1, 1, 1, 1, 2, 1, 2, 2, 2, 1, 1, 1, 2, 1, 2, 2, 2, 2, 1, 2, 2, 2, 2, 2, 2, 1, 1, 2, 2, 2, 2, 1, 2, 2, 1, 2, 2, 2, 2, 2, 2, 2, 2, 1, 1, 2, 2, 1, 1, 1, 2, 1, 2, 2, 2, 1, 2, 1, 2, 1, 2, 1, 1, 2, 2, 2, 1, 3, 1, 1, 1, 1, 2, 2, 2, 2, 2, 2, 2, 2, 2, 2, 1, 1, 2, 2, 2, 2, 1, 2, 2, 1, 2, 1, 2, 2, 1, 2
PlayersStarted=188
PlayersQuit=161
StatsStartTime=1241569150686
StatsDumpTime=1241575152159
<<<<EndStats
2009-05-05 18:59:22,701 ERROR: vampire.server.feeding.FeedingRecord sendPlayerStartGameMsg [playerId=162352, prey=true, _predatorIndex=]
2009-05-05 18:59:22,703 ERROR: vampire.server.feeding.FeedingRecord sendPlayerStartGameMsg [playerId=506667, prey=false, _predatorIndex=]
2009-05-05 18:59:39,302 ERROR: vampire.server.feeding.FeedingRecord sendPlayerStartGameMsg [playerId=1100116, prey=false, _predatorIndex=]
2009-05-05 19:00:10,036 ERROR: vampire.server.feeding.FeedingRecord sendPlayerStartGameMsg [playerId=103033, prey=true, _predatorIndex=]
2009-05-05 19:00:10,038 ERROR: vampire.server.feeding.FeedingRecord sendPlayerStartGameMsg [playerId=125207, prey=false, _predatorIndex=]
2009-05-05 19:00:54,135 ERROR: vampire.server.feeding.FeedingRecord sendPlayerStartGameMsg [playerId=1225520, prey=true, _predatorIndex=]
2009-05-05 19:00:54,137 ERROR: vampire.server.feeding.FeedingRecord sendPlayerStartGameMsg [playerId=70997, prey=false, _predatorIndex=]
2009-05-05 19:00:59,694 ERROR: vampire.server.feeding.FeedingRecord sendPlayerStartGameMsg [playerId=269484, prey=true, _predatorIndex=]
2009-05-05 19:00:59,696 ERROR: vampire.server.feeding.FeedingRecord sendPlayerStartGameMsg [playerId=280766, prey=false, _predatorIndex=]

