
>>>>BeginStats

>>>>BeginTable
PlayerId, StartTime, EndTime, ProgenyPayout, XPFromFeeding, FeedingGames, MeanFeedingScore, BloodBond, Progeny, GrandProgeny, Sire, Level, Invites
102127,undefined,0,166.05000000000004,0,0,0,0,1,1,168234,undefined,undefined
10260,1240729764531,1240731319885,0,1466,4,438.75,0,4,4,713,11,2
103014,undefined,0,6.300000000000001,0,0,0,0,1,7,356420,undefined,undefined
103033,1240731657074,1240732011891,0,183,1,183,767143,5,0,81899,4,null
106069,undefined,0,32.3,0,0,0,0,13,3,236834,undefined,undefined
10642,undefined,0,19.3,0,0,0,0,22,5,351598,undefined,undefined
113203,undefined,0,43,0,0,0,0,1,0,553865,undefined,undefined
114384,1240734992242,1240735825973,0,377,3,113,0,0,0,208246,2,0
116395,1240742256386,1240742812648,0,430,2,160,0,0,0,113203,2,null
12,undefined,0,1204.6000000000001,0,0,0,0,19,59,383387,undefined,undefined
120076,undefined,0,270.35,0,0,0,0,9,1,34987,undefined,undefined
120740,1240742502770,1240742798014,0,126,1,97,0,3,1,195654,4,10
122494,1240735891953,1240737208114,0,751,7,110.42857142857143,0,0,0,582081,2,0
1229,undefined,0,75.9,0,0,0,0,4,4,713,undefined,undefined
122907,undefined,0,498.1,0,0,0,0,6,7,251062,undefined,undefined
124656,undefined,0,17.65,0,0,0,0,1,5,96537,undefined,undefined
1265,1240741911953,1240744778689,211.75000000000006,6168,16,437,713,8,17,12,15,3
12770,undefined,0,678.5000000000001,0,0,0,0,19,18,383387,undefined,undefined
12791,undefined,0,496.35000000000014,0,0,0,0,9,9,12,undefined,undefined
129679,1240731931466,1240733518153,0,1389,8,226.25,0,0,0,21067,3,1
130244,undefined,0,89,0,0,0,0,3,5,237967,undefined,undefined
131355,undefined,0,6,0,0,0,0,1,2,461901,undefined,undefined
133711,1240737986539,1240739449093,0,2837,12,214.16666666666666,209682,0,0,88366,3,0
140363,1240739085926,1240739124305,0,0,0,0,0,0,0,0,1,null
141288,1240730452544,1240733003703,52.900000000000006,1942,6,283.6666666666667,841332,3,0,510740,4,null
141364,undefined,0,29.1,0,0,0,0,6,0,16514,undefined,undefined
141749,1240741022743,1240741905964,0,107,1,107,0,0,0,0,1,null
142178,undefined,0,853.2500000000001,0,0,0,0,2,10,73621,undefined,undefined
143501,undefined,0,42.2,0,0,0,0,3,7,326885,undefined,undefined
143538,undefined,0,75.05000000000001,0,0,0,0,2,15,1531,undefined,undefined
144314,1240730096216,1240730273563,0,0,0,0,0,0,0,0,1,null
145421,1240737781318,1240738868375,0,330,3,89,0,0,0,191984,1,null
145609,undefined,0,18.85,0,0,0,0,4,2,92300,undefined,undefined
147628,undefined,0,38.800000000000004,0,0,0,0,2,2,63846,undefined,undefined
151170,1240744572541,0,0,1820,10,130.6,0,0,0,156749,3,0
151500,1240729312406,1240730905435,0,1478,6,157,0,0,0,483162,3,null
152558,1240739851914,1240742613830,0,1935,10,206.8,177614,0,0,122907,3,0
154238,undefined,0,54.2,0,0,0,0,5,0,45129,undefined,undefined
155816,undefined,0,91.00000000000001,0,0,0,0,1,1,163484,undefined,undefined
156489,undefined,0,605.6,0,0,0,0,12,14,713,undefined,undefined
156749,undefined,0,182.00000000000003,0,0,0,0,1,0,155816,undefined,undefined
158274,1240734828012,1240735356127,0,246,2,128,0,0,0,32314,3,null
159420,undefined,0,336.8,0,0,0,0,1,5,206649,undefined,undefined
160138,undefined,0,161.25,0,0,0,0,6,5,150469,undefined,undefined
160801,1240737687726,1240738291613,0,583,2,292.5,0,4,2,166371,4,2
164902,1240735758546,1240736064927,0,104,1,130,0,0,0,217283,3,0
16514,undefined,0,14.55,0,0,0,0,3,6,1062,undefined,undefined
165735,1240735267328,1240735829690,0,333,2,155,0,0,0,169326,1,null
166371,undefined,0,58.3,0,0,0,0,4,4,267622,undefined,undefined
169326,undefined,0,33.300000000000004,0,0,0,0,1,0,180789,undefined,undefined
169944,undefined,0,332.1000000000001,0,0,0,0,1,0,102127,undefined,undefined
170086,1240736763221,1240737885672,0,913,5,174,0,0,0,22731,3,0
170670,1240737246196,1240737857108,0,0,0,0,549580,0,0,72176,3,null
171151,undefined,0,11.3,0,0,0,0,27,1,21067,undefined,undefined
172342,1240731327198,1240731337441,0,0,0,0,0,0,0,320570,1,0
173395,undefined,0,387.5,0,0,0,0,5,5,130244,undefined,undefined
173409,1240732604614,1240736211393,0,0,0,0,0,0,0,197193,1,null
176013,1240732360440,1240732396564,0,0,0,0,327986,3,1,95378,4,1
177614,1240739567492,1240742125841,125.20000000000002,2088,11,175.36363636363637,152558,3,0,3200,3,1
178366,1240733135245,1240733254690,0,1501,7,212.71428571428572,0,0,0,259344,3,0
180789,undefined,0,16.650000000000002,0,0,0,0,2,1,58030,undefined,undefined
181738,undefined,0,78.70000000000002,0,0,0,0,5,4,12791,undefined,undefined
182082,1240736802342,1240736837229,0,0,0,0,0,0,0,79323,1,0
182501,1240735387758,1240736059854,16.6,486,3,273.6666666666667,108722,6,0,430717,7,3
183403,undefined,0,22.300000000000004,0,0,0,0,1,6,129656,undefined,undefined
186981,undefined,0,8.6,0,0,0,0,1,1,79942,undefined,undefined
1892,1240735795182,1240736133954,0,0,0,0,455390,15,6,995,10,2
190687,undefined,0,506.05000000000007,0,0,0,0,7,6,383937,undefined,undefined
190982,1240737814714,1240738398230,0,89,1,96,0,0,0,0,1,null
191984,1240740094712,1240741377202,282.09999999999997,7312,26,317.8076923076923,191950,10,4,142178,8,3
192080,1240746123417,0,0,844,3,368.3333333333333,283908,2,7,220964,8,2
195654,undefined,0,12.600000000000001,0,0,0,0,7,3,103014,undefined,undefined
195736,undefined,0,45,0,0,0,0,6,11,334835,undefined,undefined
196543,1240734075661,1240734722957,0,1464,9,110.33333333333333,0,0,0,32314,3,null
199131,1240739497801,1240740048669,0,0,0,0,0,0,0,322173,3,0
202328,1240742496888,1240742681055,419.00000000000006,1780,12,133,0,5,3,173395,4,0
20260,undefined,0,102.7,0,0,0,0,3,16,12,undefined,undefined
207373,1240735297855,1240735987778,0,199,2,101.5,0,0,0,348886,1,0
208246,undefined,0,37.7,0,0,0,0,2,0,145609,undefined,undefined
208602,1240745323331,0,0,446,2,276.5,217288,5,7,351626,9,3
209682,1240737680914,1240739965537,0,1999,11,167.45454545454547,133711,0,0,202328,2,0
209842,1240734045899,1240734976979,0,1096,4,200.75,0,0,0,5212,3,null
210155,1240746479342,0,0,5255,25,181.12,0,0,0,217283,3,0
210163,1240742023508,0,114.4,2493,12,287.33333333333337,718536,5,0,255725,5,2
21067,undefined,0,144.55,0,0,0,0,2,27,302907,undefined,undefined
212370,undefined,0,141.85000000000002,0,0,0,0,8,2,105778,undefined,undefined
214726,1240739299119,1240741041920,0,1252,8,116.75,0,0,0,177614,2,null
217283,1240734246246,1240738312142,494.3,6736,20,428.8,0,18,13,57393,10,3
21751,undefined,0,17.2,0,0,0,0,1,0,186981,undefined,undefined
220964,undefined,0,84.4,0,0,0,0,5,2,143501,undefined,undefined
223864,undefined,0,480.7499999999999,0,0,0,0,5,17,160138,undefined,undefined
226564,1240739537603,1240739810923,0,132,1,132,0,0,0,0,1,null
22731,undefined,0,91.30000000000001,0,0,0,0,9,0,351430,undefined,undefined
22976,1240738692180,1240738926348,0,172,1,172,0,0,0,21751,2,0
230164,1240737732580,1240741027862,0,10121,14,772.8571428571429,510740,7,1,250837,12,2
230809,1240743345966,1240744206040,0,637,3,132.33333333333334,0,0,0,210163,1,null
23340,undefined,0,8.1,0,0,0,0,6,5,383387,undefined,undefined
235393,undefined,0,100.30000000000001,0,0,0,0,7,0,377629,undefined,undefined
237231,undefined,0,205.4,0,0,0,0,2,18,20260,undefined,undefined
239429,1240733110131,1240733328772,0,0,0,0,0,0,0,0,1,null
24474,1240743693616,1240744985044,0,759,3,320.3333333333333,0,4,3,1229,5,1
24523,1240744039404,1240744190661,0,0,0,0,0,0,0,24474,1,null
245338,undefined,0,39.900000000000006,0,0,0,0,8,5,77353,undefined,undefined
250837,undefined,0,1012.1000000000001,0,0,0,0,1,7,190687,undefined,undefined
251062,undefined,0,249.05,0,0,0,0,6,15,296361,undefined,undefined
255725,undefined,0,306.5,0,0,0,0,1,5,309124,undefined,undefined
256746,1240729378745,1240730678703,75.15,1335,5,241.8,260844,5,29,61984,8,6
258951,1240732209378,1240733059753,135.5,558,3,267.3333333333333,555644,10,13,1265,11,8
259344,undefined,0,150.10000000000002,0,0,0,0,15,0,143538,undefined,undefined
261567,1240745466681,0,0,2054,6,307.3333333333333,0,18,5,237231,12,8
265164,1240744941389,1240745081768,0,0,0,0,0,0,0,351430,6,1
267622,undefined,0,29.15,0,0,0,0,2,4,1632,undefined,undefined
2843,undefined,0,48.300000000000004,0,0,0,0,7,27,3383,undefined,undefined
297654,1240730317421,1240730951192,0,787,2,351,204487,4,1,181738,11,3
302907,undefined,0,69.45,0,0,0,0,2,2,283855,undefined,undefined
30735,undefined,0,35.3,0,0,0,0,5,0,124656,undefined,undefined
309124,1240744389955,1240744434764,124.64999999999999,0,0,0,0,1,1,20106,4,0
311783,1240730961645,1240731003557,0,0,0,0,0,6,2,11460,8,3
312674,1240734080530,1240734096725,0,0,0,0,0,0,0,0,1,0
3200,1240730947229,1240734446145,339.20000000000005,3225,11,398.27272727272725,71724,16,4,223864,12,2
32314,1240729582424,1240729750546,156.90000000000003,162,1,215,20731,7,2,40508,12,2
334835,undefined,0,22.5,0,0,0,0,2,6,143501,undefined,undefined
336524,1240732450184,1240735657685,0,450,2,210.5,512737,8,4,195736,9,1
3383,1240730354407,1240734597410,24.150000000000002,4570,9,467.22222222222223,968,4,9,12791,13,2
340461,1240732212223,1240734568927,76.00000000000001,2200,12,153.66666666666666,0,1,0,191984,4,1
340845,1240732992786,1240733051475,0,0,0,0,0,1,0,184355,2,0
348886,1240736812899,1240737199922,11.200000000000001,399,3,147.33333333333334,0,2,0,59534,2,1
34987,undefined,0,111.05000000000001,0,0,0,0,2,9,8842,undefined,undefined
351430,undefined,0,45.650000000000006,0,0,0,0,10,9,336228,undefined,undefined
351598,undefined,0,9.65,0,0,0,0,1,22,359624,undefined,undefined
351626,undefined,0,44.60000000000001,0,0,0,0,6,5,183403,undefined,undefined
363172,1240738792908,1240739375134,0,0,0,0,0,0,0,600946,2,0
364226,1240732448870,1240733375162,0,0,0,0,0,1,0,210210,3,1
369648,1240736955520,1240737309798,0,0,0,0,0,0,0,325253,3,1
372191,undefined,0,85.60000000000001,0,0,0,0,3,3,425071,undefined,undefined
372617,1240739043859,1240739173716,0,0,0,0,612159,2,2,36432,6,1
374071,1240742352721,1240743310673,0,135,1,120,0,0,0,0,2,null
377629,undefined,0,50.150000000000006,0,0,0,0,5,7,75123,undefined,undefined
378072,1240745409778,1240746245221,0,542,3,127.33333333333333,0,0,0,154238,2,0
379139,1240736038999,1240737617122,0,949,7,103.28571428571429,0,0,0,0,1,null
383387,undefined,0,541.0500000000001,0,0,0,0,3,44,0,undefined,undefined
387496,undefined,0,150.3,0,0,0,0,1,0,82377,undefined,undefined
396113,undefined,0,446.90000000000003,0,0,0,0,2,4,44987,undefined,undefined
397835,undefined,0,133.4,0,0,0,0,5,8,47379,undefined,undefined
40508,undefined,0,94.65,0,0,0,0,4,7,23340,undefined,undefined
408501,undefined,0,95.60000000000001,0,0,0,0,4,0,637936,undefined,undefined
413467,1240742860083,1240743909381,0,399,2,148,0,0,0,245338,3,0
4139,1240736567774,1240738888905,0,4280,9,521.5555555555555,16040,11,19,713,14,3
416886,1240731857093,1240731868428,0,0,0,0,0,0,0,0,1,0
430717,1240746176270,0,90.8,339,2,243,0,26,11,256746,11,6
436110,1240742288480,1240742341091,0,0,0,0,0,0,0,0,1,null
436605,1240746507403,0,0,0,0,0,0,0,0,0,1,0
438751,1240745394664,1240746382502,0,430,2,133.5,0,0,0,210163,1,null
439461,1240739703692,1240741448454,0,1712,7,164.85714285714286,0,0,0,88917,3,0
44,1240737287242,1240737814307,0,646,3,269,0,10,2,72176,5,1
445660,undefined,0,557.35,0,0,0,0,4,5,54812,undefined,undefined
44987,1240735177619,1240738886005,649.85,4653,11,612.7272727272727,0,11,16,12770,12,2
45129,undefined,0,27.1,0,0,0,0,7,5,66842,undefined,undefined
47477,undefined,0,338.40000000000003,0,0,0,0,1,0,58859,undefined,undefined
483162,undefined,0,147.8,0,0,0,0,1,0,534632,undefined,undefined
49151,1240732252353,1240732800891,0,566,2,154,0,0,0,0,1,null
493115,1240730724980,1240730816607,0,0,0,0,0,0,0,10260,2,0
510740,1240745396948,0,956.1999999999999,11147,14,837.4285714285714,230164,48,33,534632,16,14
5129,1240732483381,1240733950242,0,1621,8,139.25,0,0,0,258951,2,null
5212,1240744117905,1240744272676,109.6,5508,12,435.9166666666667,2843,14,10,156489,14,2
522658,1240734890426,1240735499282,0,193,1,215,0,5,4,10642,4,0
527214,1240732526476,1240732538018,0,0,0,0,0,0,0,0,1,null
53030,1240735560566,1240737488616,0,3046,6,731.5,0,7,5,122907,12,3
534632,undefined,0,1648.7000000000003,0,0,0,0,5,49,445660,undefined,undefined
535,1240740277598,1240740483502,0,388,1,383,0,2,1,147628,10,3
547122,1240730937260,1240731740794,0,252,2,126,0,0,0,0,1,null
553865,undefined,0,21.5,0,0,0,0,1,1,174528,undefined,undefined
557317,1240732176707,1240732564597,0,127,1,74,0,0,0,3200,1,null
57393,undefined,0,920.7500000000001,0,0,0,0,5,19,159420,undefined,undefined
582081,undefined,0,75.10000000000001,0,0,0,0,1,0,79942,undefined,undefined
5842,1240741333907,1240741400705,0,0,0,0,40275,11,27,344937,12,4
585199,1240742297183,1240744119250,0,339,2,95,0,1,0,430717,1,1
58859,1240742590082,1240742607064,169.20000000000002,4469,12,505.74999999999994,43017,4,2,396113,12,2
59534,undefined,0,45.5,0,0,0,0,1,2,223864,undefined,undefined
598262,1240737212144,1240737474688,0,353,2,176.5,0,0,0,30735,3,0
61045,undefined,0,66.75,0,0,0,0,6,1,74372,undefined,undefined
61153,1240733897424,1240735113800,0,1119,6,155.66666666666666,0,0,0,781781,2,null
612041,1240735037457,1240735201168,0,0,0,0,0,0,0,120076,1,null
613540,1240736867751,1240737058908,0,113,1,120,0,1,0,171151,2,0
61984,undefined,0,150.45000000000002,0,0,0,0,1,5,61045,undefined,undefined
619955,1240742576194,1240742901877,0,0,0,0,0,0,0,0,1,null
620394,1240745398691,1240745562135,0,483,3,107.66666666666667,0,1,0,2843,4,null
628781,1240739302749,1240739307607,0,0,0,0,0,0,0,0,1,null
630520,1240732626632,1240744602909,0,560,5,91.4,0,0,0,3200,1,null
634506,1240734933392,1240735141101,0,169,1,169,0,0,0,0,1,null
635318,1240737399964,1240737424948,0,0,0,0,0,0,0,0,1,null
637936,undefined,0,47.800000000000004,0,0,0,0,3,4,217283,undefined,undefined
63846,undefined,0,19.400000000000002,0,0,0,0,1,2,65246,undefined,undefined
640986,1240743873310,1240743881730,0,0,0,0,0,0,0,0,1,null
653829,1240744512022,1240744526994,0,0,0,0,0,0,0,0,1,null
65812,1240738898335,1240739012824,0,3321,20,168,80094,0,0,169944,4,null
666101,1240738351061,1240738391775,0,0,0,0,0,0,0,0,1,null
70997,undefined,0,353.75000000000006,0,0,0,0,8,6,397835,undefined,undefined
713,undefined,0,887.9500000000003,0,0,0,0,9,33,12,undefined,undefined
718536,1240745662363,0,0,2530,6,460,210163,3,0,202328,4,0
718838,1240746710621,0,0,0,0,0,0,0,0,0,1,0
72176,undefined,0,64.6,0,0,0,0,3,10,106069,undefined,undefined
729225,undefined,0,12,0,0,0,0,2,0,131355,undefined,undefined
73621,undefined,0,365.59999999999997,0,0,0,0,2,2,112194,undefined,undefined
738151,1240739597645,1240739740832,0,0,0,0,0,0,0,0,1,null
772113,1240731405889,1240733463528,0,1430,7,227.57142857142858,0,0,0,510740,4,null
772383,1240736969809,1240738226152,0,1003,6,239.5,168473,0,0,235393,3,null
773108,1240743198813,0,19.1,5830,19,289.42105263157896,0,5,2,510740,4,0
77353,undefined,0,19.950000000000003,0,0,0,0,4,8,190687,undefined,undefined
778166,1240730473481,1240731219311,0,120,2,44,0,0,0,729225,1,null
780028,1240741354518,1240741477806,0,373,1,170,0,0,0,141288,2,null
780672,1240735852439,1240736533136,0,956,4,257.25,0,0,0,408501,4,null
781781,1240733835165,1240736395903,96.5,2221,10,250.9,0,1,0,120076,3,null
791358,1240746465327,0,0,1503,7,176.57142857142858,0,0,0,387496,4,0
794144,1240736230543,1240736451024,0,127,1,127,0,0,0,0,1,null
79942,undefined,0,37.550000000000004,0,0,0,0,3,2,198149,undefined,undefined
80094,1240729989981,1240735846258,173.89999999999998,2668,15,174.06666666666666,65812,6,0,70997,4,4
802319,undefined,0,9.15,0,0,0,0,2,4,773108,undefined,undefined
805458,1240744509906,1240745111896,0,301,2,112,0,0,0,210163,1,null
814516,1240731915510,1240733454321,0,3384,8,305.125,0,0,0,47477,3,null
81899,undefined,0,18.3,0,0,0,0,4,6,802319,undefined,undefined
82377,undefined,0,75.15,0,0,0,0,1,1,184167,undefined,undefined
841332,1240746345014,0,0,156,1,164,141288,0,0,141288,2,0
843933,1240738995197,1240739171137,0,191,1,144,0,0,0,773108,1,null
845103,1240736367414,1240736753098,0,0,0,0,0,0,0,0,1,null
846778,1240746016188,1240746052133,0,0,0,0,0,0,0,0,1,null
846950,1240731684821,1240735638021,0,4374,18,140.55555555555554,0,0,0,44987,3,null
847929,1240734726219,1240736251125,0,826,8,99.625,0,0,0,340461,1,null
8527,1240733450974,1240733503523,0,0,0,0,0,1,0,503,6,1
859223,1240733142665,1240736888515,0,1278,8,152.875,0,0,0,80094,2,null
860509,1240739600559,1240740543284,0,268,2,98.5,0,0,0,1265,1,null
863879,1240745726467,0,0,392,4,98,0,0,0,0,1,0
864386,1240741520467,1240741526274,0,0,0,0,0,0,0,0,1,null
872216,1240742659545,1240743331039,0,0,0,0,0,0,0,0,1,null
88366,undefined,0,283.70000000000005,0,0,0,0,1,0,212370,undefined,undefined
887792,1240742956681,1240743345249,0,194,1,143,0,0,0,3200,1,null
88917,undefined,0,171.20000000000002,0,0,0,0,3,0,372191,undefined,undefined
894542,1240730954868,1240732552613,0,1042,6,160,0,0,0,80094,2,null
89566,1240738755805,1240739265461,0,362,2,102,0,0,0,1265,1,null
895992,1240734643070,1240734915485,0,0,0,0,0,0,0,0,1,null
896753,1240729355641,1240729968435,0,605,3,201.66666666666666,0,0,0,0,1,null
897577,1240733512828,1240733637381,0,0,0,0,0,0,0,0,1,null
898559,1240742373556,1240742398519,0,0,0,0,0,0,0,0,1,null
898724,1240745632921,1240745645394,0,0,0,0,0,0,0,0,1,null
899051,1240742844172,1240743394496,0,399,2,206.5,0,0,0,0,1,null
899612,1240740846191,1240741318154,0,543,2,130.5,0,0,0,0,1,null
899745,1240733671115,1240733848015,0,0,0,0,0,0,0,0,1,null
899991,1240738335478,1240738368317,0,0,0,0,0,0,0,0,1,null
900020,1240735633333,1240735657457,0,0,0,0,0,0,0,0,1,null
900033,1240733093898,1240733103904,0,0,0,0,0,0,0,0,1,null
900273,1240741741644,1240741745151,0,0,0,0,0,0,0,0,1,null
900362,1240735214658,1240735910947,0,358,2,75,0,0,0,182501,1,null
901211,1240736977768,1240737000150,0,0,0,0,0,0,0,0,1,null
903109,1240742471954,1240743055182,0,408,2,144,0,0,0,1265,1,null
90342,1240734563172,1240734688667,0,0,0,0,0,0,0,0,1,0
904172,1240744042135,1240744126936,0,0,0,0,0,0,0,210163,1,null
904886,1240746137521,1240746152301,0,0,0,0,0,0,0,210163,1,null
91474,1240744162761,1240744709422,0,291,2,153,0,0,0,141364,2,0
97971,1240735064073,1240735112507,0,0,0,0,139402,4,1,103053,5,4
<<<<EndTable

PlayersOnlineNow=15
PlayersOnlineEachMinute=0, 5, 8, 8, 9, 10, 10, 10, 10, 11, 11, 10, 12, 12, 13, 14, 14, 14, 16, 17, 19, 19, 19, 18, 19, 19, 18, 17, 21, 20, 19, 19, 18, 19, 18, 19, 19, 19, 19, 19, 20, 21, 21, 23, 24, 23, 23, 21, 22, 25, 24, 25, 24, 25, 24, 24, 24, 24, 24, 22, 22, 22, 22, 20, 23, 23, 21, 19, 18, 19, 17, 16, 17, 16, 18, 18, 20, 21, 20, 21, 22, 22, 21, 22, 22, 21, 19, 19, 19, 19, 16, 16, 17, 18, 18, 19, 22, 20, 20, 20, 22, 22, 23, 22, 21, 22, 20, 22, 22, 21, 21, 21, 20, 19, 18, 15, 17, 16, 17, 15, 15, 15, 15, 15, 14, 17, 17, 16, 19, 18, 17, 18, 16, 17, 16, 17, 16, 14, 14, 13, 14, 14, 15, 13, 13, 13, 15, 15, 15, 14, 13, 13, 11, 11, 11, 12, 12, 13, 15, 15, 14, 13, 11, 13, 12, 10, 9, 10, 10, 9, 10, 13, 15, 14, 13, 12, 12, 14, 13, 13, 14, 14, 13, 14, 14, 14, 15, 14, 13, 13, 12, 12, 12, 13, 13, 13, 12, 12, 11, 11, 11, 12, 10, 9, 8, 8, 7, 9, 8, 8, 8, 7, 8, 8, 7, 7, 8, 11, 12, 11, 13, 14, 15, 14, 15, 13, 15, 13, 14, 14, 14, 15, 16, 17, 15, 13, 14, 12, 11, 11, 12, 11, 10, 10, 9, 10, 12, 10, 11, 10, 9, 9, 8, 8, 9, 9, 9, 8, 7, 7, 7, 8, 7, 6, 5, 5, 5, 6, 7, 10, 11, 10, 11, 11, 12, 12, 12, 11, 12, 11, 11, 12, 13, 11, 12, 11, 12, 14, 14, 14
PlayersInEachFeedingGame=1, 1, 1, 1, 1, 2, 1, 2, 2, 1, 1, 1, 1, 1, 1, 2, 1, 1, 2, 2, 1, 1, 1, 2, 1, 2, 1, 1, 1, 1, 3, 2, 2, 2, 2, 2, 2, 2, 2, 1, 1, 2, 2, 1, 2, 2, 1, 2, 2, 1, 2, 1, 1, 2, 1, 2, 1, 2, 2, 1, 2, 1, 2, 2, 2, 1, 2, 2, 2, 1, 2, 1, 2, 1, 1, 2, 2, 2, 1, 2, 1, 1, 2, 2, 2, 2, 2, 2, 2, 1, 2, 1, 3, 2, 2, 1, 2, 2, 1, 2, 2, 2, 1, 1, 1, 2, 1, 2, 2, 1, 1, 2, 2, 1, 2, 2, 1, 1, 1, 2, 1, 2, 2, 1, 1, 2, 1, 2, 2, 1, 1, 2, 2, 2, 2, 1, 1, 2, 2, 1, 2, 2, 2, 2, 2, 2, 2, 2, 2, 2, 2, 1, 2, 3, 2, 1, 2, 2, 2, 2, 2, 2, 2, 2, 1, 2, 1, 2, 1, 2, 1, 1, 1, 2, 1, 1, 1, 2, 2, 2, 2, 2, 2, 2, 2, 2, 1, 2, 2, 1, 2, 2, 2, 2, 2, 2, 2, 2, 2, 1, 1, 2, 2, 2, 2, 2, 1, 2, 2, 2, 2, 2, 2, 2, 2, 2, 2, 1, 2, 2, 2, 1, 2, 2, 2, 2, 1, 1, 3, 2, 1, 2, 2, 2, 1, 2, 1, 2, 2, 1, 2, 2, 2, 1, 2, 2, 3, 2, 2, 2, 2, 2, 2, 1, 2, 2, 1, 2, 2, 2, 2, 2, 1, 2, 3, 2, 2, 2, 2, 2, 2, 2, 1, 1, 2, 2, 1, 2, 1, 2, 1, 1, 1, 1, 1, 2, 2
PlayersStarted=274
PlayersQuit=259
StatsStartTime=1240729312270
StatsDumpTime=1240746713273
<<<<EndStats
2009-04-26 04:55:05,803 ERROR: vampire.server.feeding.FeedingRecord sendPlayerStartGameMsg [playerId=192080, prey=false, _predatorIndex=]
2009-04-26 04:56:34,369 ERROR: vampire.server.feeding.FeedingRecord sendPlayerStartGameMsg [playerId=718536, prey=true, _predatorIndex=]
2009-04-26 04:56:34,369 ERROR: vampire.server.feeding.FeedingRecord sendPlayerStartGameMsg [playerId=718838, prey=false, _predatorIndex=]
2009-04-26 04:56:52,288 ERROR: vampire.server.feeding.FeedingRecord sendPlayerStartGameMsg [playerId=210163, prey=false, _predatorIndex=718838]
2009-04-26 04:57:54,907 ERROR: vampire.server.feeding.FeedingRecord sendPlayerStartGameMsg [playerId=430717, prey=true, _predatorIndex=]
2009-04-26 04:57:54,908 ERROR: vampire.server.feeding.FeedingRecord sendPlayerStartGameMsg [playerId=171513, prey=false, _predatorIndex=]
2009-04-26 04:58:16,474 ERROR: vampire.server.feeding.FeedingRecord sendPlayerStartGameMsg [playerId=773108, prey=true, _predatorIndex=]
2009-04-26 04:58:16,475 ERROR: vampire.server.feeding.FeedingRecord sendPlayerStartGameMsg [playerId=192080, prey=false, _predatorIndex=]
2009-04-26 04:58:37,328 ERROR: vampire.server.feeding.FeedingRecord sendPlayerStartGameMsg [playerId=209224, prey=false, _predatorIndex=]
2009-04-26 04:58:52,414 ERROR: vampire.server.feeding.FeedingRecord sendPlayerStartGameMsg [playerId=261567, prey=false, _predatorIndex=718838,210163]
2009-04-26 05:00:02,688 ERROR: vampire.server.feeding.FeedingRecord sendPlayerStartGameMsg [playerId=210163, prey=false, _predatorIndex=]
2009-04-26 05:00:16,932 ERROR: vampire.server.feeding.FeedingRecord sendPlayerStartGameMsg [playerId=171513, prey=false, _predatorIndex=]
2009-04-26 05:00:24,520 ERROR: vampire.server.feeding.FeedingRecord sendPlayerStartGameMsg [playerId=430717, prey=true, _predatorIndex=]
2009-04-26 05:00:24,521 ERROR: vampire.server.feeding.FeedingRecord sendPlayerStartGameMsg [playerId=206672, prey=false, _predatorIndex=]
2009-04-26 05:00:36,239 ERROR: vampire.server.feeding.FeedingRecord sendPlayerStartGameMsg [playerId=70072, prey=false, _predatorIndex=]
2009-04-26 05:01:15,435 ERROR: vampire.server.feeding.FeedingRecord sendPlayerStartGameMsg [playerId=4297, prey=false, _predatorIndex=171513]
2009-04-26 05:01:23,553 ERROR: vampire.server.feeding.FeedingRecord sendPlayerStartGameMsg [playerId=209224, prey=false, _predatorIndex=]
2009-04-26 05:01:42,745 ERROR: vampire.server.feeding.FeedingRecord sendPlayerStartGameMsg [playerId=210155, prey=false, _predatorIndex=210163]
2009-04-26 05:01:43,031 ERROR: vampire.server.feeding.FeedingRecord sendPlayerStartGameMsg [playerId=195338, prey=false, _predatorIndex=70072]

>>>>BeginStats

>>>>BeginTable
PlayerId, StartTime, EndTime, ProgenyPayout, XPFromFeeding, FeedingGames, MeanFeedingScore, BloodBond, Progeny, GrandProgeny, Sire, Level, Invites
102127,undefined,0,166.05000000000004,0,0,0,0,1,1,168234,undefined,undefined
10260,1240729764531,1240731319885,0,1466,4,438.75,0,4,4,713,11,2
103014,undefined,0,6.300000000000001,0,0,0,0,1,7,356420,undefined,undefined
103033,1240731657074,1240732011891,0,183,1,183,767143,5,0,81899,4,null
106069,undefined,0,32.3,0,0,0,0,13,3,236834,undefined,undefined
10642,undefined,0,19.3,0,0,0,0,22,6,351598,undefined,undefined
113203,undefined,0,43,0,0,0,0,1,0,553865,undefined,undefined
114384,1240734992242,1240735825973,0,377,3,113,0,0,0,208246,2,0
116395,1240742256386,1240742812648,0,430,2,160,0,0,0,113203,2,null
12,undefined,0,1204.6000000000001,0,0,0,0,19,61,383387,undefined,undefined
120076,undefined,0,270.35,0,0,0,0,9,1,34987,undefined,undefined
120740,1240742502770,1240742798014,0,126,1,97,0,3,1,195654,4,10
122494,1240735891953,1240737208114,0,751,7,110.42857142857143,0,0,0,582081,2,0
1229,undefined,0,75.9,0,0,0,0,4,4,713,undefined,undefined
122907,undefined,0,498.1,0,0,0,0,6,7,251062,undefined,undefined
124656,undefined,0,17.65,0,0,0,0,1,5,96537,undefined,undefined
1265,1240741911953,1240744778689,211.75000000000006,6168,16,437,713,8,17,12,15,3
12770,undefined,0,678.5000000000001,0,0,0,0,19,18,383387,undefined,undefined
12791,undefined,0,496.35000000000014,0,0,0,0,9,9,12,undefined,undefined
129679,1240731931466,1240733518153,0,1389,8,226.25,0,0,0,21067,3,1
130244,undefined,0,89,0,0,0,0,3,5,237967,undefined,undefined
131355,1240747074625,1240747098585,6,0,0,0,0,1,2,461901,4,0
133711,1240737986539,1240739449093,0,2837,12,214.16666666666666,209682,0,0,88366,3,0
14005,1240747148835,0,0,0,0,0,0,0,0,0,1,0
140363,1240739085926,1240739124305,0,0,0,0,0,0,0,0,1,null
141288,1240730452544,1240733003703,80.2,1942,6,283.6666666666667,841332,3,0,510740,4,null
141364,undefined,0,29.1,0,0,0,0,6,0,16514,undefined,undefined
141749,1240741022743,1240741905964,0,107,1,107,0,0,0,0,1,null
142178,undefined,0,853.2500000000001,0,0,0,0,2,10,73621,undefined,undefined
143501,undefined,0,80.15,0,0,0,0,3,7,326885,undefined,undefined
143538,undefined,0,75.05000000000001,0,0,0,0,2,15,1531,undefined,undefined
144314,1240730096216,1240730273563,0,0,0,0,0,0,0,0,1,null
145421,1240737781318,1240738868375,0,330,3,89,0,0,0,191984,1,null
145609,undefined,0,18.85,0,0,0,0,4,2,92300,undefined,undefined
147628,undefined,0,38.800000000000004,0,0,0,0,2,2,63846,undefined,undefined
151170,1240744572541,1240746748572,0,1820,10,130.6,0,0,0,156749,3,0
151500,1240729312406,1240730905435,0,1478,6,157,0,0,0,483162,3,null
152558,1240739851914,1240742613830,0,1935,10,206.8,177614,0,0,122907,3,0
154238,undefined,0,54.2,0,0,0,0,5,0,45129,undefined,undefined
155816,undefined,0,91.00000000000001,0,0,0,0,1,1,163484,undefined,undefined
156489,undefined,0,605.6,0,0,0,0,12,14,713,undefined,undefined
156749,undefined,0,182.00000000000003,0,0,0,0,1,0,155816,undefined,undefined
158274,1240734828012,1240735356127,0,246,2,128,0,0,0,32314,3,null
159420,undefined,0,336.8,0,0,0,0,1,5,206649,undefined,undefined
160138,undefined,0,161.25,0,0,0,0,6,5,150469,undefined,undefined
160801,1240737687726,1240738291613,0,583,2,292.5,0,4,2,166371,4,2
164902,1240735758546,1240736064927,0,104,1,130,0,0,0,217283,3,0
16514,undefined,0,14.55,0,0,0,0,3,6,1062,undefined,undefined
165735,1240735267328,1240735829690,0,333,2,155,0,0,0,169326,1,null
166371,undefined,0,58.3,0,0,0,0,4,4,267622,undefined,undefined
169326,undefined,0,33.300000000000004,0,0,0,0,1,0,180789,undefined,undefined
169944,undefined,0,332.1000000000001,0,0,0,0,1,0,102127,undefined,undefined
170086,1240736763221,1240737885672,0,913,5,174,0,0,0,22731,3,0
170191,undefined,0,41.2,0,0,0,0,2,6,202873,undefined,undefined
170670,1240737246196,1240737857108,0,0,0,0,549580,0,0,72176,3,null
171151,undefined,0,11.3,0,0,0,0,27,1,21067,undefined,undefined
171513,1240747045337,0,0,412,1,312,0,6,6,170191,9,2
172342,1240731327198,1240731337441,0,0,0,0,0,0,0,320570,1,0
173395,undefined,0,415.45,0,0,0,0,5,5,130244,undefined,undefined
173409,1240732604614,1240736211393,0,0,0,0,0,0,0,197193,1,null
176013,1240732360440,1240732396564,0,0,0,0,327986,3,1,95378,4,1
177614,1240739567492,1240742125841,125.20000000000002,2088,11,175.36363636363637,152558,3,0,3200,3,1
178366,1240733135245,1240733254690,0,1501,7,212.71428571428572,0,0,0,259344,3,0
180789,undefined,0,16.650000000000002,0,0,0,0,2,1,58030,undefined,undefined
181738,undefined,0,78.70000000000002,0,0,0,0,5,4,12791,undefined,undefined
182082,1240736802342,1240736837229,0,0,0,0,0,0,0,79323,1,0
182501,1240735387758,1240736059854,16.6,486,3,273.6666666666667,108722,6,0,430717,7,3
183403,undefined,0,22.300000000000004,0,0,0,0,1,6,129656,undefined,undefined
186981,undefined,0,8.6,0,0,0,0,1,1,79942,undefined,undefined
1892,1240735795182,1240736133954,0,0,0,0,455390,15,6,995,10,2
190687,undefined,0,506.05000000000007,0,0,0,0,7,6,383937,undefined,undefined
190982,1240737814714,1240738398230,0,89,1,96,0,0,0,0,1,null
191984,1240740094712,1240741377202,282.09999999999997,7312,26,317.8076923076923,191950,10,4,142178,8,3
192080,1240746123417,0,0,1603,6,357.5,283908,2,7,220964,8,2
195338,1240747197881,0,0,0,0,0,0,0,0,149388,1,0
195654,undefined,0,12.600000000000001,0,0,0,0,7,3,103014,undefined,undefined
195736,undefined,0,45,0,0,0,0,6,11,334835,undefined,undefined
196543,1240734075661,1240734722957,0,1464,9,110.33333333333333,0,0,0,32314,3,null
199131,1240739497801,1240740048669,0,0,0,0,0,0,0,322173,3,0
202328,1240742496888,1240742681055,502.85,1780,12,133,0,5,4,173395,4,0
20260,undefined,0,119.15,0,0,0,0,3,16,12,undefined,undefined
202873,undefined,0,20.6,0,0,0,0,1,2,341164,undefined,undefined
206672,1240747127012,0,0,0,0,0,0,0,0,3200,1,0
207373,1240735297855,1240735987778,0,199,2,101.5,0,0,0,348886,1,0
208246,undefined,0,37.7,0,0,0,0,2,0,145609,undefined,undefined
208602,1240745323331,0,0,446,2,276.5,217288,5,7,351626,9,3
209224,1240747054497,0,0,99,1,99,0,0,0,95479,2,0
209682,1240737680914,1240739965537,0,1999,11,167.45454545454547,133711,0,0,202328,2,0
209842,1240734045899,1240734976979,0,1096,4,200.75,0,0,0,5212,3,null
210155,1240746479342,0,0,5255,25,181.12,0,0,0,217283,3,0
210163,1240742023508,0,114.4,2493,12,287.33333333333337,718536,6,0,255725,5,3
21067,undefined,0,144.55,0,0,0,0,2,27,302907,undefined,undefined
212370,undefined,0,141.85000000000002,0,0,0,0,8,2,105778,undefined,undefined
214726,1240739299119,1240741041920,0,1252,8,116.75,0,0,0,177614,2,null
217283,1240734246246,1240738312142,494.3,6736,20,428.8,0,18,13,57393,10,3
21751,undefined,0,17.2,0,0,0,0,1,0,186981,undefined,undefined
220964,undefined,0,160.3,0,0,0,0,5,2,143501,undefined,undefined
223864,undefined,0,480.7499999999999,0,0,0,0,5,17,160138,undefined,undefined
226564,1240739537603,1240739810923,0,132,1,132,0,0,0,0,1,null
22731,undefined,0,91.30000000000001,0,0,0,0,9,0,351430,undefined,undefined
22976,1240738692180,1240738926348,0,172,1,172,0,0,0,21751,2,0
230164,1240737732580,1240741027862,0,10121,14,772.8571428571429,510740,7,1,250837,12,2
230809,1240743345966,1240744206040,0,637,3,132.33333333333334,0,0,0,210163,1,null
23340,undefined,0,8.1,0,0,0,0,6,5,383387,undefined,undefined
235393,undefined,0,100.30000000000001,0,0,0,0,7,0,377629,undefined,undefined
237231,undefined,0,238.3,0,0,0,0,2,20,20260,undefined,undefined
239429,1240733110131,1240733328772,0,0,0,0,0,0,0,0,1,null
24474,1240743693616,1240744985044,0,759,3,320.3333333333333,0,4,3,1229,5,1
24523,1240744039404,1240744190661,0,0,0,0,0,0,0,24474,1,null
245338,undefined,0,39.900000000000006,0,0,0,0,8,5,77353,undefined,undefined
250837,undefined,0,1012.1000000000001,0,0,0,0,1,7,190687,undefined,undefined
251062,undefined,0,249.05,0,0,0,0,6,15,296361,undefined,undefined
255725,undefined,0,306.5,0,0,0,0,1,6,309124,undefined,undefined
256746,1240729378745,1240730678703,116.35000000000001,1335,5,241.8,260844,5,29,61984,8,6
258951,1240732209378,1240733059753,135.5,558,3,267.3333333333333,555644,10,13,1265,11,8
259344,undefined,0,150.10000000000002,0,0,0,0,15,0,143538,undefined,undefined
2606,1240747030277,0,0,0,0,0,0,0,0,307471,4,0
261567,1240745466681,0,0,2383,7,342.57142857142856,0,20,5,237231,12,10
265164,1240744941389,1240745081768,0,0,0,0,0,0,0,351430,6,1
267622,undefined,0,29.15,0,0,0,0,2,4,1632,undefined,undefined
2843,undefined,0,48.300000000000004,0,0,0,0,7,27,3383,undefined,undefined
297654,1240730317421,1240730951192,0,787,2,351,204487,4,1,181738,11,3
302907,undefined,0,69.45,0,0,0,0,2,2,283855,undefined,undefined
30735,undefined,0,35.3,0,0,0,0,5,0,124656,undefined,undefined
309124,1240744389955,1240744434764,124.64999999999999,0,0,0,0,1,1,20106,4,0
311783,1240730961645,1240731003557,0,0,0,0,0,6,2,11460,8,3
312674,1240734080530,1240734096725,0,0,0,0,0,0,0,0,1,0
3200,1240730947229,1240734446145,339.20000000000005,3225,11,398.27272727272725,71724,16,4,223864,12,2
32314,1240729582424,1240729750546,156.90000000000003,162,1,215,20731,7,2,40508,12,2
334835,undefined,0,22.5,0,0,0,0,2,6,143501,undefined,undefined
336524,1240732450184,1240735657685,0,450,2,210.5,512737,8,4,195736,9,1
3383,1240730354407,1240734597410,24.150000000000002,4570,9,467.22222222222223,968,4,9,12791,13,2
340461,1240732212223,1240734568927,76.00000000000001,2200,12,153.66666666666666,0,1,0,191984,4,1
340845,1240732992786,1240733051475,0,0,0,0,0,1,0,184355,2,0
348886,1240736812899,1240737199922,11.200000000000001,399,3,147.33333333333334,0,2,0,59534,2,1
34987,undefined,0,111.05000000000001,0,0,0,0,2,9,8842,undefined,undefined
351430,undefined,0,45.650000000000006,0,0,0,0,10,9,336228,undefined,undefined
351598,undefined,0,9.65,0,0,0,0,1,22,359624,undefined,undefined
351626,undefined,0,44.60000000000001,0,0,0,0,6,5,183403,undefined,undefined
363172,1240738792908,1240739375134,0,0,0,0,0,0,0,600946,2,0
364226,1240732448870,1240733375162,0,0,0,0,0,1,0,210210,3,1
369648,1240736955520,1240737309798,0,0,0,0,0,0,0,325253,3,1
372191,undefined,0,85.60000000000001,0,0,0,0,3,3,425071,undefined,undefined
372617,1240739043859,1240739173716,0,0,0,0,612159,2,2,36432,6,1
374071,1240742352721,1240743310673,0,135,1,120,0,0,0,0,2,null
377629,undefined,0,50.150000000000006,0,0,0,0,5,7,75123,undefined,undefined
378072,1240745409778,1240746245221,0,542,3,127.33333333333333,0,0,0,154238,2,0
379139,1240736038999,1240737617122,0,949,7,103.28571428571429,0,0,0,0,1,null
383387,undefined,0,541.0500000000001,0,0,0,0,3,44,0,undefined,undefined
387496,undefined,0,157.60000000000002,0,0,0,0,1,0,82377,undefined,undefined
396113,undefined,0,446.90000000000003,0,0,0,0,2,4,44987,undefined,undefined
397835,undefined,0,133.4,0,0,0,0,5,8,47379,undefined,undefined
40508,undefined,0,94.65,0,0,0,0,4,7,23340,undefined,undefined
408501,undefined,0,95.60000000000001,0,0,0,0,4,0,637936,undefined,undefined
413467,1240742860083,1240743909381,0,399,2,148,0,0,0,245338,3,0
4139,1240736567774,1240738888905,0,4280,9,521.5555555555555,16040,11,19,713,14,3
416886,1240731857093,1240731868428,0,0,0,0,0,0,0,0,1,0
4297,1240747218863,0,0,0,0,0,0,0,0,475692,4,1
430717,1240746176270,0,90.8,751,3,332.3333333333333,0,26,11,256746,11,6
436110,1240742288480,1240742341091,0,0,0,0,0,0,0,0,1,null
436605,1240746507403,1240747153569,0,0,0,0,0,0,0,0,1,null
438751,1240745394664,1240746382502,0,430,2,133.5,0,0,0,210163,1,null
439461,1240739703692,1240741448454,0,1712,7,164.85714285714286,0,0,0,88917,3,0
44,1240737287242,1240737814307,0,646,3,269,0,10,2,72176,5,1
445660,undefined,0,557.35,0,0,0,0,4,5,54812,undefined,undefined
44987,1240735177619,1240738886005,649.85,4653,11,612.7272727272727,0,11,16,12770,12,2
45129,undefined,0,27.1,0,0,0,0,7,5,66842,undefined,undefined
47477,undefined,0,338.40000000000003,0,0,0,0,1,0,58859,undefined,undefined
483162,undefined,0,147.8,0,0,0,0,1,0,534632,undefined,undefined
49151,1240732252353,1240732800891,0,566,2,154,0,0,0,0,1,null
493115,1240730724980,1240730816607,0,0,0,0,0,0,0,10260,2,0
510740,1240745396948,0,1005.2499999999999,11147,14,837.4285714285714,230164,48,33,534632,16,14
5129,1240732483381,1240733950242,0,1621,8,139.25,0,0,0,258951,2,null
5212,1240744117905,1240744272676,109.6,5508,12,435.9166666666667,2843,14,10,156489,14,2
522658,1240734890426,1240735499282,0,193,1,215,0,5,4,10642,4,0
527214,1240732526476,1240732538018,0,0,0,0,0,0,0,0,1,null
53030,1240735560566,1240737488616,0,3046,6,731.5,0,7,5,122907,12,3
534632,undefined,0,1666.4000000000003,0,0,0,0,5,49,445660,undefined,undefined
535,1240740277598,1240740483502,0,388,1,383,0,2,1,147628,10,3
547122,1240730937260,1240731740794,0,252,2,126,0,0,0,0,1,null
553865,undefined,0,21.5,0,0,0,0,1,1,174528,undefined,undefined
557317,1240732176707,1240732564597,0,127,1,74,0,0,0,3200,1,null
57393,undefined,0,920.7500000000001,0,0,0,0,5,20,159420,undefined,undefined
582081,undefined,0,75.10000000000001,0,0,0,0,1,0,79942,undefined,undefined
5842,1240741333907,1240741400705,0,0,0,0,40275,11,27,344937,12,4
585199,1240742297183,1240744119250,0,339,2,95,0,1,0,430717,1,1
586681,undefined,0,4.95,0,0,0,0,1,7,10642,undefined,undefined
58859,1240742590082,1240742607064,169.20000000000002,4469,12,505.74999999999994,43017,4,2,396113,12,2
59534,undefined,0,45.5,0,0,0,0,1,2,223864,undefined,undefined
598262,1240737212144,1240737474688,0,353,2,176.5,0,0,0,30735,3,0
61045,undefined,0,66.75,0,0,0,0,6,1,74372,undefined,undefined
61153,1240733897424,1240735113800,0,1119,6,155.66666666666666,0,0,0,781781,2,null
612041,1240735037457,1240735201168,0,0,0,0,0,0,0,120076,1,null
613540,1240736867751,1240737058908,0,113,1,120,0,1,0,171151,2,0
61984,undefined,0,171.05,0,0,0,0,1,5,61045,undefined,undefined
619955,1240742576194,1240742901877,0,0,0,0,0,0,0,0,1,null
620394,1240745398691,1240745562135,0,483,3,107.66666666666667,0,1,0,2843,4,null
628781,1240739302749,1240739307607,0,0,0,0,0,0,0,0,1,null
630520,1240732626632,1240744602909,0,560,5,91.4,0,0,0,3200,1,null
634506,1240734933392,1240735141101,0,169,1,169,0,0,0,0,1,null
635318,1240737399964,1240737424948,0,0,0,0,0,0,0,0,1,null
637936,undefined,0,47.800000000000004,0,0,0,0,3,4,217283,undefined,undefined
63846,undefined,0,19.400000000000002,0,0,0,0,1,2,65246,undefined,undefined
640986,1240743873310,1240743881730,0,0,0,0,0,0,0,0,1,null
653829,1240744512022,1240744526994,0,0,0,0,0,0,0,0,1,null
65812,1240738898335,1240739012824,0,3321,20,168,80094,0,0,169944,4,null
666101,1240738351061,1240738391775,0,0,0,0,0,0,0,0,1,null
70072,1240747222570,0,0,0,0,0,0,0,0,261567,1,0
70997,undefined,0,353.75000000000006,0,0,0,0,8,6,397835,undefined,undefined
713,undefined,0,887.9500000000003,0,0,0,0,9,33,12,undefined,undefined
718536,1240745662363,0,55.9,3089,8,418,210163,4,0,202328,5,1
718838,1240746958324,0,0,559,2,153,0,0,0,718536,1,0
72176,undefined,0,64.6,0,0,0,0,3,10,106069,undefined,undefined
729225,undefined,0,12,0,0,0,0,2,0,131355,undefined,undefined
73621,undefined,0,365.59999999999997,0,0,0,0,2,2,112194,undefined,undefined
738151,1240739597645,1240739740832,0,0,0,0,0,0,0,0,1,null
772113,1240731405889,1240733463528,0,1430,7,227.57142857142858,0,0,0,510740,4,null
772383,1240736969809,1240738226152,0,1003,6,239.5,168473,0,0,235393,3,null
773108,1240743198813,0,19.1,6184,20,286.85,0,5,2,510740,4,0
77353,undefined,0,19.950000000000003,0,0,0,0,4,8,190687,undefined,undefined
778166,1240730473481,1240731219311,0,120,2,44,0,0,0,729225,1,null
780028,1240741354518,1240741477806,0,373,1,170,0,0,0,141288,2,null
780672,1240735852439,1240736533136,0,956,4,257.25,0,0,0,408501,4,null
781781,1240733835165,1240736395903,96.5,2221,10,250.9,0,1,0,120076,3,null
791358,1240746465327,0,0,1576,8,172.75,0,0,0,387496,4,0
794144,1240736230543,1240736451024,0,127,1,127,0,0,0,0,1,null
79942,undefined,0,37.550000000000004,0,0,0,0,3,2,198149,undefined,undefined
80094,1240729989981,1240735846258,173.89999999999998,2668,15,174.06666666666666,65812,6,0,70997,4,4
802319,undefined,0,9.15,0,0,0,0,2,4,773108,undefined,undefined
805458,1240744509906,1240745111896,0,301,2,112,0,0,0,210163,1,null
814516,1240731915510,1240733454321,0,3384,8,305.125,0,0,0,47477,3,null
81899,undefined,0,18.3,0,0,0,0,4,6,802319,undefined,undefined
82377,undefined,0,78.80000000000001,0,0,0,0,1,1,184167,undefined,undefined
839618,1240747151554,1240747166537,0,0,0,0,0,0,0,261567,1,null
841332,1240746345014,0,0,429,2,135,141288,0,0,141288,2,0
843933,1240738995197,1240739171137,0,191,1,144,0,0,0,773108,1,null
845103,1240736367414,1240736753098,0,0,0,0,0,0,0,0,1,null
846778,1240746016188,1240746052133,0,0,0,0,0,0,0,0,1,null
846950,1240731684821,1240735638021,0,4374,18,140.55555555555554,0,0,0,44987,3,null
847929,1240734726219,1240736251125,0,826,8,99.625,0,0,0,340461,1,null
8527,1240733450974,1240733503523,0,0,0,0,0,1,0,503,6,1
859223,1240733142665,1240736888515,0,1278,8,152.875,0,0,0,80094,2,null
860509,1240739600559,1240740543284,0,268,2,98.5,0,0,0,1265,1,null
863879,1240745726467,1240746807985,0,392,4,98,0,0,0,0,1,null
864386,1240741520467,1240741526274,0,0,0,0,0,0,0,0,1,null
872216,1240742659545,1240743331039,0,0,0,0,0,0,0,0,1,null
88366,undefined,0,283.70000000000005,0,0,0,0,1,0,212370,undefined,undefined
887792,1240742956681,1240743345249,0,194,1,143,0,0,0,3200,1,null
88917,undefined,0,171.20000000000002,0,0,0,0,3,0,372191,undefined,undefined
894542,1240730954868,1240732552613,0,1042,6,160,0,0,0,80094,2,null
89566,1240738755805,1240739265461,0,362,2,102,0,0,0,1265,1,null
895992,1240734643070,1240734915485,0,0,0,0,0,0,0,0,1,null
896753,1240729355641,1240729968435,0,605,3,201.66666666666666,0,0,0,0,1,null
897577,1240733512828,1240733637381,0,0,0,0,0,0,0,0,1,null
898559,1240742373556,1240742398519,0,0,0,0,0,0,0,0,1,null
898724,1240745632921,1240745645394,0,0,0,0,0,0,0,0,1,null
899051,1240742844172,1240743394496,0,399,2,206.5,0,0,0,0,1,null
899612,1240740846191,1240741318154,0,543,2,130.5,0,0,0,0,1,null
899745,1240733671115,1240733848015,0,0,0,0,0,0,0,0,1,null
899991,1240738335478,1240738368317,0,0,0,0,0,0,0,0,1,null
900020,1240735633333,1240735657457,0,0,0,0,0,0,0,0,1,null
900033,1240733093898,1240733103904,0,0,0,0,0,0,0,0,1,null
900273,1240741741644,1240741745151,0,0,0,0,0,0,0,0,1,null
900362,1240735214658,1240735910947,0,358,2,75,0,0,0,182501,1,null
901211,1240736977768,1240737000150,0,0,0,0,0,0,0,0,1,null
903109,1240742471954,1240743055182,0,408,2,144,0,0,0,1265,1,null
90342,1240734563172,1240734688667,0,0,0,0,0,0,0,0,1,0
904172,1240744042135,1240744126936,0,0,0,0,0,0,0,210163,1,null
904886,1240746137521,1240746152301,0,0,0,0,0,0,0,210163,1,null
905246,1240746827124,1240746993301,0,0,0,0,0,0,0,210163,1,null
91474,1240744162761,1240744709422,0,291,2,153,0,0,0,141364,2,0
95479,undefined,0,9.9,0,0,0,0,7,0,586681,undefined,undefined
97971,1240735064073,1240735112507,0,0,0,0,139402,4,1,103053,5,4
<<<<EndTable

PlayersOnlineNow=20
PlayersOnlineEachMinute=0, 5, 8, 8, 9, 10, 10, 10, 10, 11, 11, 10, 12, 12, 13, 14, 14, 14, 16, 17, 19, 19, 19, 18, 19, 19, 18, 17, 21, 20, 19, 19, 18, 19, 18, 19, 19, 19, 19, 19, 20, 21, 21, 23, 24, 23, 23, 21, 22, 25, 24, 25, 24, 25, 24, 24, 24, 24, 24, 22, 22, 22, 22, 20, 23, 23, 21, 19, 18, 19, 17, 16, 17, 16, 18, 18, 20, 21, 20, 21, 22, 22, 21, 22, 22, 21, 19, 19, 19, 19, 16, 16, 17, 18, 18, 19, 22, 20, 20, 20, 22, 22, 23, 22, 21, 22, 20, 22, 22, 21, 21, 21, 20, 19, 18, 15, 17, 16, 17, 15, 15, 15, 15, 15, 14, 17, 17, 16, 19, 18, 17, 18, 16, 17, 16, 17, 16, 14, 14, 13, 14, 14, 15, 13, 13, 13, 15, 15, 15, 14, 13, 13, 11, 11, 11, 12, 12, 13, 15, 15, 14, 13, 11, 13, 12, 10, 9, 10, 10, 9, 10, 13, 15, 14, 13, 12, 12, 14, 13, 13, 14, 14, 13, 14, 14, 14, 15, 14, 13, 13, 12, 12, 12, 13, 13, 13, 12, 12, 11, 11, 11, 12, 10, 9, 8, 8, 7, 9, 8, 8, 8, 7, 8, 8, 7, 7, 8, 11, 12, 11, 13, 14, 15, 14, 15, 13, 15, 13, 14, 14, 14, 15, 16, 17, 15, 13, 14, 12, 11, 11, 12, 11, 10, 10, 9, 10, 12, 10, 11, 10, 9, 9, 8, 8, 9, 9, 9, 8, 7, 7, 7, 8, 7, 6, 5, 5, 5, 6, 7, 10, 11, 10, 11, 11, 12, 12, 12, 11, 12, 11, 11, 12, 13, 11, 12, 11, 12, 14, 14, 14, 15, 14, 13, 13, 13, 13, 17, 17, 17, 20
PlayersInEachFeedingGame=1, 1, 1, 1, 1, 2, 1, 2, 2, 1, 1, 1, 1, 1, 1, 2, 1, 1, 2, 2, 1, 1, 1, 2, 1, 2, 1, 1, 1, 1, 3, 2, 2, 2, 2, 2, 2, 2, 2, 1, 1, 2, 2, 1, 2, 2, 1, 2, 2, 1, 2, 1, 1, 2, 1, 2, 1, 2, 2, 1, 2, 1, 2, 2, 2, 1, 2, 2, 2, 1, 2, 1, 2, 1, 1, 2, 2, 2, 1, 2, 1, 1, 2, 2, 2, 2, 2, 2, 2, 1, 2, 1, 3, 2, 2, 1, 2, 2, 1, 2, 2, 2, 1, 1, 1, 2, 1, 2, 2, 1, 1, 2, 2, 1, 2, 2, 1, 1, 1, 2, 1, 2, 2, 1, 1, 2, 1, 2, 2, 1, 1, 2, 2, 2, 2, 1, 1, 2, 2, 1, 2, 2, 2, 2, 2, 2, 2, 2, 2, 2, 2, 1, 2, 3, 2, 1, 2, 2, 2, 2, 2, 2, 2, 2, 1, 2, 1, 2, 1, 2, 1, 1, 1, 2, 1, 1, 1, 2, 2, 2, 2, 2, 2, 2, 2, 2, 1, 2, 2, 1, 2, 2, 2, 2, 2, 2, 2, 2, 2, 1, 1, 2, 2, 2, 2, 2, 1, 2, 2, 2, 2, 2, 2, 2, 2, 2, 2, 1, 2, 2, 2, 1, 2, 2, 2, 2, 1, 1, 3, 2, 1, 2, 2, 2, 1, 2, 1, 2, 2, 1, 2, 2, 2, 1, 2, 2, 3, 2, 2, 2, 2, 2, 2, 1, 2, 2, 1, 2, 2, 2, 2, 2, 1, 2, 3, 2, 2, 2, 2, 2, 2, 2, 1, 1, 2, 2, 1, 2, 1, 2, 1, 1, 1, 1, 1, 2, 2, 1, 2, 2, 2, 1, 1, 1, 2, 1, 1
PlayersStarted=288
PlayersQuit=268
StatsStartTime=1240729312270
StatsDumpTime=1240747313308
<<<<EndStats
2009-04-26 05:01:53,946 ERROR: vampire.server.feeding.FeedingRecord sendPlayerStartGameMsg [playerId=14005, prey=false, _predatorIndex=]
2009-04-26 05:01:59,590 ERROR: vampire.server.feeding.FeedingRecord sendPlayerStartGameMsg [playerId=4297, prey=false, _predatorIndex=70072,195338]
2009-04-26 05:02:35,195 ERROR: vampire.server.feeding.FeedingRecord sendPlayerStartGameMsg [playerId=210163, prey=true, _predatorIndex=]
2009-04-26 05:02:35,196 ERROR: vampire.server.feeding.FeedingRecord sendPlayerStartGameMsg [playerId=210155, prey=false, _predatorIndex=]
2009-04-26 05:02:50,783 ERROR: vampire.server.feeding.FeedingRecord sendPlayerStartGameMsg [playerId=261567, prey=true, _predatorIndex=]
2009-04-26 05:02:50,783 ERROR: vampire.server.feeding.FeedingRecord sendPlayerStartGameMsg [playerId=839618, prey=false, _predatorIndex=]
2009-04-26 05:02:50,938 ERROR: vampire.server.feeding.FeedingRecord sendPlayerStartGameMsg [playerId=171513, prey=false, _predatorIndex=839618]
2009-04-26 05:03:19,446 ERROR: vampire.server.feeding.FeedingRecord sendPlayerStartGameMsg [playerId=866589, prey=true, _predatorIndex=]
2009-04-26 05:03:19,446 ERROR: vampire.server.feeding.FeedingRecord sendPlayerStartGameMsg [playerId=4297, prey=false, _predatorIndex=]
2009-04-26 05:03:30,102 ERROR: vampire.server.feeding.FeedingRecord sendPlayerStartGameMsg [playerId=195338, prey=false, _predatorIndex=]
2009-04-26 05:04:37,659 ERROR: vampire.server.feeding.FeedingRecord sendPlayerStartGameMsg [playerId=430717, prey=true, _predatorIndex=]
2009-04-26 05:04:37,660 ERROR: vampire.server.feeding.FeedingRecord sendPlayerStartGameMsg [playerId=640929, prey=false, _predatorIndex=]
2009-04-26 05:05:01,001 ERROR: vampire.server.feeding.FeedingRecord sendPlayerStartGameMsg [playerId=773108, prey=true, _predatorIndex=]
2009-04-26 05:05:01,002 ERROR: vampire.server.feeding.FeedingRecord sendPlayerStartGameMsg [playerId=192080, prey=false, _predatorIndex=]
2009-04-26 05:05:04,103 ERROR: vampire.server.feeding.FeedingRecord sendPlayerStartGameMsg [playerId=209224, prey=false, _predatorIndex=]
2009-04-26 05:05:22,992 ERROR: vampire.server.feeding.FeedingRecord sendPlayerStartGameMsg [playerId=718838, prey=true, _predatorIndex=]
2009-04-26 05:05:22,993 ERROR: vampire.server.feeding.FeedingRecord sendPlayerStartGameMsg [playerId=171513, prey=false, _predatorIndex=]
2009-04-26 05:06:06,027 ERROR: vampire.server.feeding.FeedingRecord sendPlayerStartGameMsg [playerId=865878, prey=false, _predatorIndex=]
2009-04-26 05:06:21,522 ERROR: vampire.server.feeding.FeedingRecord sendPlayerStartGameMsg [playerId=14005, prey=true, _predatorIndex=]
2009-04-26 05:06:21,522 ERROR: vampire.server.feeding.FeedingRecord sendPlayerStartGameMsg [playerId=2606, prey=false, _predatorIndex=]
2009-04-26 05:08:06,430 ERROR: vampire.server.feeding.FeedingRecord sendPlayerStartGameMsg [playerId=718536, prey=true, _predatorIndex=]
2009-04-26 05:08:06,430 ERROR: vampire.server.feeding.FeedingRecord sendPlayerStartGameMsg [playerId=640929, prey=false, _predatorIndex=]
2009-04-26 05:08:06,732 ERROR: vampire.server.feeding.FeedingRecord sendPlayerStartGameMsg [playerId=718838, prey=false, _predatorIndex=640929]
2009-04-26 05:08:11,435 ERROR: vampire.server.feeding.FeedingRecord sendPlayerStartGameMsg [playerId=171513, prey=false, _predatorIndex=]
2009-04-26 05:09:17,226 ERROR: vampire.server.feeding.FeedingRecord sendPlayerStartGameMsg [playerId=841332, prey=false, _predatorIndex=]
2009-04-26 05:09:54,021 ERROR: vampire.server.feeding.FeedingRecord sendPlayerStartGameMsg [playerId=430717, prey=true, _predatorIndex=]
2009-04-26 05:09:54,022 ERROR: vampire.server.feeding.FeedingRecord sendPlayerStartGameMsg [playerId=905456, prey=false, _predatorIndex=]
2009-04-26 05:10:05,786 ERROR: vampire.server.feeding.FeedingRecord sendPlayerStartGameMsg [playerId=866589, prey=false, _predatorIndex=905456]
2009-04-26 05:10:14,081 ERROR: vampire.server.feeding.FeedingRecord sendPlayerStartGameMsg [playerId=865878, prey=false, _predatorIndex=]
2009-04-26 05:10:32,342 ERROR: vampire.server.feeding.FeedingRecord sendPlayerStartGameMsg [playerId=202328, prey=true, _predatorIndex=]
2009-04-26 05:10:32,342 ERROR: vampire.server.feeding.FeedingRecord sendPlayerStartGameMsg [playerId=171513, prey=false, _predatorIndex=]
2009-04-26 05:10:50,531 ERROR: vampire.server.feeding.FeedingRecord sendPlayerStartGameMsg [playerId=2606, prey=true, _predatorIndex=]
2009-04-26 05:10:50,531 ERROR: vampire.server.feeding.FeedingRecord sendPlayerStartGameMsg [playerId=14005, prey=false, _predatorIndex=]
2009-04-26 05:11:46,959 ERROR: vampire.server.feeding.FeedingRecord sendPlayerStartGameMsg [playerId=205937, prey=false, _predatorIndex=]

