
>>>>BeginStats

>>>>BeginTable
PlayerId, StartTime, EndTime, ProgenyPayout, XPFromFeeding, FeedingGames, MeanFeedingScore, BloodBond, Progeny, GrandProgeny, Sire, Level, Invites
1007244, 1241802695609, 1241802718645, 0, 0, 0, 0, 0, 0, 0, 0, 1, 
1023595, 1241798826063, 1241799480374, 0, 378, 4, 94.5, 0, 0, 0, 1092321, 2, 
10260, , , 26.900000000000002, 0, 0, 0, 0, 10, 0, 713, , 
103033, , , 29.45, 0, 0, 0, 0, 1, 8, 81899, , 
1036473, 1241806660407, 1241807137251, 0, 506, 2, 225, 0, 0, 0, 96912, 2, 
104252, , , 85.6, 0, 0, 0, 0, 1, 1, 10642, , 
106239, 1241798375384, 1241798423045, 0, 0, 0, 0, 0, 0, 0, 5842, 4, 2
1062853, , , 70.45, 0, 0, 0, 0, 9, 20, 1124214, , 
10634, 1241808984866, , 0, 1885, 7, 198, 11600, 2, 0, 713, 5, 2
10642, 1241800405139, 1241801750004, 114.10000000000001, 7560, 9, 763.1111111111111, 447249, 32, 46, 351598, 16, 2
1085269, 1241804547820, 1241804573791, 0, 0, 0, 0, 0, 0, 0, 0, 1, 
1089041, 1241799831666, 1241801957973, 0, 269, 3, 86, 0, 0, 0, 10260, 3, 
1092321, , , 37.800000000000004, 0, 0, 0, 0, 30, 0, 35568, , 
1101, 1241808867022, 1241809044525, 0, 0, 0, 0, 0, 2, 18, 239981, 9, 1
1108399, 1241808315777, 1241808706071, 0, 90, 1, 90, 0, 0, 0, 153097, 2, 
1119385, 1241803017071, , 11.8, 4249, 25, 140.68, 0, 1, 0, 3200, 3, 0
113162, 1241802737141, 1241805302116, 0, 1342, 8, 106.625, 0, 0, 0, 154004, 2, 
113237, , , 120.00000000000001, 0, 0, 0, 0, 9, 19, 10642, , 
1133427, 1241800167168, 1241800459034, 0, 109, 1, 95, 0, 0, 0, 0, 1, 
1138221, 1241808336141, 1241808870435, 0, 373, 2, 211, 1283799, 0, 0, 269484, 4, 
11460, , , 272.15000000000003, 0, 0, 0, 0, 1, 13, 41022, , 
11600, 1241808561259, , 0, 0, 0, 0, 10634, 9, 0, 171581, 7, 10
118975, 1241801485293, 1241801638131, 0, 0, 0, 0, 0, 1, 1, 160138, 12, 2
12, , , 3662.1499999999996, 0, 0, 0, 0, 20, 68, 383387, , 
1207080, 1241803233695, 1241803686120, 0, 135, 1, 115, 0, 0, 0, 0, 1, 
1207373, 1241800295157, 1241800517322, 0, 135, 1, 140, 0, 0, 0, 0, 1, 
1209405, 1241799743477, 1241800043348, 0, 179, 1, 103, 0, 0, 0, 3200, 1, 
123961, , , 122.65, 0, 0, 0, 0, 1, 12, 713, , 
1239706, 1241799761605, 1241800488359, 0, 652, 3, 129.33333333333334, 0, 0, 0, 447249, 2, 
124119, 1241803111325, 1241803254590, 0, 0, 0, 0, 0, 0, 0, 1127083, 3, 
1241857, 1241807321202, , 100.15, 5316, 18, 440.77777777777777, 261567, 4, 3, 259344, 8, 1
1253913, 1241808090801, 1241808580348, 0, 252, 1, 131, 0, 0, 0, 249619, 1, 
1267242, 1241802564250, 1241804699387, 0, 1544, 10, 107.2, 0, 0, 0, 642041, 2, 
1271614, 1241803144094, 1241803155079, 0, 0, 0, 0, 0, 0, 0, 0, 1, 
1274154, 1241802564075, 1241802634696, 0, 0, 0, 0, 0, 0, 0, 642041, 1, 
12791, 1241807118816, 1241807832257, 1373.85, 2650, 4, 678.5, 0, 15, 24, 12, 13, 2
1279761, 1241803990303, 1241804684579, 0, 622, 4, 115.5, 0, 0, 0, 171513, 3, 
1285504, , , 200.3, 0, 0, 0, 0, 3, 0, 1241857, , 
1287364, 1241806796894, 1241807158177, 0, 0, 0, 0, 0, 0, 0, 0, 1, 
1288202, 1241802222155, 1241802235504, 0, 0, 0, 0, 0, 0, 0, 1285504, 1, 
1288210, 1241805639212, 1241806018121, 0, 0, 0, 0, 0, 0, 0, 0, 1, 
1311203, 1241799610036, 1241799864733, 0, 0, 0, 0, 0, 0, 0, 1284093, 1, 
1320175, 1241803743029, 1241803811104, 0, 0, 0, 0, 0, 0, 0, 0, 1, 
1323699, 1241803975030, 1241805063269, 0, 558, 3, 101.66666666666667, 0, 0, 0, 307471, 1, 
132921, , , 11, 0, 0, 0, 0, 9, 0, 211601, , 
1330645, 1241808520038, 1241808531537, 0, 0, 0, 0, 0, 0, 0, 0, 1, 
1330890, 1241808866554, 1241808886052, 0, 0, 0, 0, 0, 0, 0, 0, 1, 
1331190, 1241804645508, 1241805596154, 0, 868, 5, 188.4, 0, 0, 0, 1119385, 1, 
1333314, 1241807762285, 1241808032105, 0, 0, 0, 0, 0, 0, 0, 0, 1, 
133697, 1241799755620, 1241800978156, 0, 482, 4, 148, 0, 2, 0, 510740, 3, 0
1343542, 1241801527762, 1241802666799, 0, 551, 3, 115.66666666666667, 0, 0, 0, 447249, 1, 
1344192, 1241801222221, 1241801456718, 0, 0, 0, 0, 0, 0, 0, 0, 1, 
1345092, 1241803768394, 1241804468184, 0, 747, 3, 177.33333333333334, 0, 0, 0, 311783, 1, 
1345251, 1241801177776, 1241801220603, 0, 0, 0, 0, 0, 0, 0, 0, 1, 
1345315, 1241800209393, 1241800223393, 0, 0, 0, 0, 0, 0, 0, 0, 1, 
134574, , , 69.30000000000001, 0, 0, 0, 0, 1, 0, 43240, , 
1346063, 1241803621434, 1241803958153, 0, 2620, 11, 139.8181818181818, 0, 0, 0, 54776, 2, 
1346176, 1241805572560, 1241805618954, 0, 0, 0, 0, 0, 0, 0, 0, 1, 
1346468, 1241802061409, 1241802097550, 0, 0, 0, 0, 0, 0, 0, 1285504, 1, 
1346522, 1241804864470, 1241805764264, 0, 426, 4, 108.75, 0, 0, 0, 0, 1, 
1346597, 1241805163679, 1241806648440, 0, 2003, 8, 145, 0, 0, 0, 1285504, 2, 
1346857, 1241805610231, 1241806130301, 0, 361, 1, 158, 0, 0, 0, 0, 1, 
1347608, 1241804222283, 1241804385030, 0, 0, 0, 0, 0, 0, 0, 0, 1, 
1349408, 1241808956280, 1241808965018, 0, 0, 0, 0, 0, 0, 0, 0, 1, 
1349600, 1241808534154, 1241808583138, 0, 0, 0, 0, 0, 0, 0, 0, 1, 
138741, , , 25.3, 0, 0, 0, 0, 1, 2, 437210, , 
140986, , , 40.900000000000006, 0, 0, 0, 0, 4, 0, 187381, , 
141194, 1241802308023, 1241802830837, 0, 370, 2, 117.5, 0, 0, 0, 80094, 1, 
142301, 1241803616438, 1241803864755, 0, 0, 0, 0, 0, 0, 0, 241925, 1, 
143538, , , 265.8, 0, 0, 0, 0, 2, 25, 1531, , 
145497, , , 131.9, 0, 0, 0, 0, 1, 2, 1062853, , 
153097, , , 9, 0, 0, 0, 0, 19, 0, 1062853, , 
1531, 1241801394101, , 0, 13185, 20, 637.75, 503, 6, 14, 12, 15, 3
154004, , , 138.95000000000002, 0, 0, 0, 0, 10, 6, 90041, , 
155004, 1241798278109, 1241799288147, 0, 1319, 6, 219.83333333333334, 0, 2, 0, 145497, 3, 
155393, 1241808106697, , 0, 693, 3, 113.66666666666667, 0, 0, 0, 134574, 2, 0
156275, 1241807520657, 1241807774158, 0, 0, 0, 0, 0, 0, 0, 0, 1, 0
156489, 1241801899471, 1241802343210, 17.7, 662, 2, 435, 154238, 16, 23, 713, 9, 1
160138, , , 38.45, 0, 0, 0, 0, 7, 8, 150469, , 
166371, , , 18.65, 0, 0, 0, 0, 1, 12, 267622, , 
16825, , , 278.1, 0, 0, 0, 0, 14, 9, 4139, , 
170191, , , 224.7, 0, 0, 0, 0, 3, 10, 202873, , 
170316, , , 68.3, 0, 0, 0, 0, 4, 1, 210210, , 
1704, , , 59.900000000000006, 0, 0, 0, 0, 2, 5, 33541, , 
171513, 1241803677491, 1241803965367, 62.199999999999996, 1936, 5, 346.2, 0, 10, 7, 170191, 12, 2
176400, 1241808385478, , 0, 0, 0, 0, 0, 0, 0, 0, 1, 0
179762, 1241806547916, , 0, 485, 1, 159, 0, 0, 0, 0, 2, 0
181164, 1241803188461, 1241803195872, 0, 0, 0, 0, 0, 0, 0, 0, 1, 
183913, 1241799708971, 1241799766564, 0, 0, 0, 0, 0, 0, 0, 447249, 2, 
187381, , , 20.450000000000003, 0, 0, 0, 0, 7, 4, 2843, , 
188678, 1241803985971, 1241804439521, 0, 5606, 5, 1262.6, 0, 0, 0, 0, 3, 
1892, , , 18.35, 0, 0, 0, 0, 20, 1, 995, , 
192120, , , 28.700000000000003, 0, 0, 0, 0, 2, 7, 209500, , 
196462, , , 30.650000000000002, 0, 0, 0, 0, 2, 12, 392944, , 
199427, , , 836.5000000000001, 0, 0, 0, 0, 1, 9, 208602, , 
199955, 1241807723931, , 0, 958, 4, 148, 0, 1, 0, 81899, 4, 1
20260, , , 797.0999999999998, 0, 0, 0, 0, 18, 15, 12, , 
202873, , , 96.8, 0, 0, 0, 0, 1, 3, 341164, , 
208602, , , 403.35, 0, 0, 0, 0, 7, 1, 351626, , 
210003, 1241802605573, 1241803078201, 0, 287, 1, 268, 0, 0, 0, 39030, 1, 
210210, , , 34.15, 0, 0, 0, 0, 4, 4, 381607, , 
21067, 1241799735203, 1241800994808, 0, 1152, 4, 341, 0, 2, 45, 302907, 8, 4
211527, 1241808029567, , 0, 0, 0, 0, 0, 1, 0, 197740, 3, 0
211601, , , 5.5, 0, 0, 0, 0, 1, 9, 7078, , 
211715, , , 6.75, 0, 0, 0, 0, 2, 3, 299646, , 
217283, , , 36.7, 0, 0, 0, 0, 64, 3, 57393, , 
223864, , , 298.3, 0, 0, 0, 0, 7, 36, 160138, , 
227007, 1241808879503, , 0, 92, 1, 184, 0, 3, 5, 43402, 8, 1
249619, 1241805053317, , 25.200000000000003, 3166, 19, 105.05263157894737, 0, 1, 0, 298666, 3, 0
25664, , , 33.55, 0, 0, 0, 0, 1, 3, 43402, , 
256746, , , 83.5, 0, 0, 0, 0, 5, 30, 61984, , 
259344, , , 774.7000000000003, 0, 0, 0, 0, 23, 22, 143538, , 
269092, 1241800127350, 1241803858240, 0, 683, 5, 122.8, 0, 1, 2, 170316, 4, 1
269484, , , 37.3, 0, 0, 0, 0, 12, 0, 166371, , 
271936, 1241800647935, 1241801781915, 0, 587, 1, 185, 0, 3, 0, 887964, 4, 
2779, 1241800102276, 1241800756797, 0, 387, 3, 129, 0, 0, 0, 0, 1, 
2796, , , 169.60000000000002, 0, 0, 0, 0, 5, 0, 259344, , 
282780, 1241799387786, 1241799804366, 0, 95, 1, 95, 0, 0, 0, 0, 1, 
283855, , , 57.60000000000001, 0, 0, 0, 0, 1, 2, 98128, , 
2843, 1241799845032, 1241800603528, 0, 2379, 5, 475.8, 5212, 8, 33, 3383, 13, 11
285205, , , 9.5, 0, 0, 0, 0, 6, 0, 154004, , 
285870, 1241803960446, 1241804423267, 0, 5606, 5, 979.6, 0, 0, 0, 0, 3, 
294591, 1241799932587, 1241799951340, 0, 0, 0, 0, 0, 0, 0, 0, 1, 
298666, , , 329.2, 0, 0, 0, 0, 8, 1, 259344, , 
302907, , , 115.20000000000002, 0, 0, 0, 0, 2, 2, 283855, , 
307471, 1241802007614, 1241806184427, 55.800000000000004, 2468, 9, 447.77777777777777, 0, 7, 19, 12, 10, 4
309096, , , 57.400000000000006, 0, 0, 0, 0, 7, 1, 192120, , 
311783, 1241803806267, 1241805941126, 60.7, 2418, 11, 291.54545454545456, 0, 13, 3, 11460, 10, 7
3200, 1241800624908, 1241800673761, 448.70000000000005, 769, 3, 369.3333333333333, 71724, 36, 22, 223864, 13, 2
325853, 1241808583270, , 0, 379, 3, 98, 0, 0, 0, 92600, 2, 0
32654, , , 67.1, 0, 0, 0, 0, 3, 0, 25664, , 
333608, 1241808842641, , 0, 0, 0, 0, 0, 2, 0, 5212, 7, 3
33541, , , 29.950000000000003, 0, 0, 0, 0, 1, 2, 12, , 
3383, 1241806724936, 1241808417749, 237.9, 12549, 19, 571.7368421052632, 8842, 6, 10, 12791, 16, 2
338409, 1241806527545, 1241806583525, 0, 0, 0, 0, 0, 6, 4, 65584, 6, 4
34950, 1241808874317, , 0, 103, 1, 108, 111408, 0, 0, 20260, 2, 0
351598, , , 756, 0, 0, 0, 0, 1, 32, 359624, , 
35568, , , 18.900000000000002, 0, 0, 0, 0, 3, 30, 258951, , 
359624, , , 378, 0, 0, 0, 0, 4, 1, 201132, , 
373583, 1241808246855, , 0, 1044, 5, 155.4, 0, 0, 0, 0, 3, 0
383387, , , 915.1499999999999, 0, 0, 0, 0, 7, 57, 0, , 
39030, 1241808810723, , 28.700000000000003, 163, 1, 142, 60678, 12, 7, 196462, 7, 2
392944, , , 8.15, 0, 0, 0, 0, 2, 2, 206649, , 
397835, , , 125.6, 0, 0, 0, 0, 5, 35, 47379, , 
41022, , , 120.90000000000002, 0, 0, 0, 0, 2, 1, 412796, , 
413254, 1241808257383, , 0, 589, 3, 254.33333333333334, 8401, 3, 0, 8401, 4, 2
4139, 1241807895968, 1241808990077, 100.44999999999999, 16803, 26, 748.9230769230769, 44987, 25, 23, 713, 19, 3
4141, 1241802492995, 1241804758140, 0, 1696, 8, 232, 0, 0, 0, 2796, 3, 
421572, 1241808978986, , 0, 0, 0, 0, 0, 0, 0, 298666, 2, 0
430717, 1241807189544, 1241808478193, 0, 835, 3, 331.3333333333333, 503425, 30, 25, 256746, 12, 6
43240, , , 34.650000000000006, 0, 0, 0, 0, 1, 1, 144593, , 
43402, , , 264.25, 0, 0, 0, 0, 12, 5, 123961, , 
438480, 1241801956210, 1241802022927, 0, 0, 0, 0, 0, 0, 0, 0, 1, 
43915, 1241802355610, 1241802361112, 0, 0, 0, 0, 0, 0, 0, 61984, 2, 0
447249, 1241803767569, 1241805556719, 59.60000000000001, 8067, 12, 741.6666666666666, 10642, 9, 5, 199427, 15, 2
505544, , , 13.5, 0, 0, 0, 0, 3, 0, 211715, , 
510740, , , 48.2, 0, 0, 0, 0, 70, 4, 534632, , 
5212, 1241808221583, 1241808386053, 0, 177, 1, 353, 2843, 17, 16, 156489, 14, 2
522658, , , 22.6, 0, 0, 0, 0, 6, 4, 10642, , 
52818, 1241802568566, 1241803233081, 0, 0, 0, 0, 1118266, 4, 1, 367452, 4, 0
533, 1241805954298, , 0, 4077, 7, 491, 535, 10, 11, 20260, 14, 2
534632, , , 24.1, 0, 0, 0, 0, 7, 70, 445660, , 
541655, , , 416.4, 0, 0, 0, 0, 1, 22, 126451, , 
54776, 1241808312053, , 194.8, 7582, 23, 450.4347826086956, 1062, 80, 33, 89757, 16, 3
55009, 1241805271272, 1241806450937, 0, 574, 3, 212.33333333333334, 0, 1, 3, 309096, 4, 0
559, 1241805230405, 1241805420869, 0, 226, 1, 183, 0, 4, 0, 522658, 4, 
561864, , , 36.7, 0, 0, 0, 0, 1, 0, 1892, , 
57393, , , 18.35, 0, 0, 0, 0, 6, 68, 159420, , 
57825, 1241802417062, 1241802450303, 0, 0, 0, 0, 0, 0, 0, 8938, 1, 
613661, 1241800805911, 1241803202364, 0, 367, 2, 222, 0, 0, 0, 561864, 3, 0
61984, , , 41.75, 0, 0, 0, 0, 3, 5, 61045, , 
622935, 1241808415446, , 0, 671, 4, 133, 0, 0, 0, 32654, 2, 0
624616, 1241806209964, 1241808441700, 0, 856, 4, 155.75, 0, 1, 0, 104252, 3, 
624632, 1241800226072, 1241800661481, 0, 135, 1, 129, 0, 0, 0, 505544, 2, 
632287, 1241804539701, 1241804872318, 0, 95, 1, 89, 0, 0, 0, 285205, 1, 
63415, 1241805572175, , 0, 8328, 26, 337.38461538461536, 0, 11, 1, 8938, 6, 3
642041, 1241801759109, 1241806097203, 154.4, 2009, 10, 139.1, 0, 3, 3, 16825, 4, 1
643236, 1241800511990, 1241800793036, 0, 110, 1, 92, 0, 0, 0, 132921, 2, 
70997, , , 269.7, 0, 0, 0, 0, 35, 10, 397835, , 
713, , , 1957.3000000000002, 0, 0, 0, 0, 11, 54, 12, , 
759000, 1241808402534, 1241808914370, 0, 409, 2, 147.5, 0, 0, 0, 140986, 1, 
782580, 1241800803636, 1241801551095, 0, 367, 2, 144.5, 0, 0, 0, 217283, 2, 
80094, 1241800678577, 1241803853532, 37, 2512, 8, 331.875, 65812, 10, 1, 70997, 6, 4
802319, , , 47.900000000000006, 0, 0, 0, 0, 2, 6, 773108, , 
81899, , , 95.80000000000001, 0, 0, 0, 0, 6, 2, 802319, , 
836050, 1241808343582, 1241808840216, 0, 1200, 4, 417.5, 592692, 13, 6, 113237, 8, 2
8401, , , 58.9, 0, 0, 0, 0, 8, 3, 103033, , 
887964, , , 58.7, 0, 0, 0, 0, 2, 3, 919861, , 
8938, 1241802602050, 1241802954041, 832.8, 0, 0, 0, 0, 22, 13, 541655, 6, 3
89757, , , 855.6000000000001, 0, 0, 0, 0, 3, 80, 20260, , 
90041, , , 67.10000000000001, 0, 0, 0, 0, 1, 10, 258951, , 
913234, 1241800694237, 1241800824484, 0, 0, 0, 0, 0, 0, 0, 0, 1, 
919861, , , 29.35, 0, 0, 0, 0, 1, 2, 171151, , 
92600, 1241804828252, 1241806430571, 37.900000000000006, 2361, 9, 338.22222222222223, 0, 1, 0, 43402, 3, 0
968, 1241808817510, , 0, 599, 2, 166.5, 0, 5, 3, 1704, 11, 2
96912, , , 50.6, 0, 0, 0, 0, 2, 0, 138741, , 
<<<<EndTable

PlayersOnlineNow=24
PlayersOnlineEachMinute=0, 2, 4, 3, 5, 5, 5, 4, 4, 4, 5, 6, 6, 6, 7, 8, 7, 8, 8, 10, 10, 11, 11, 13, 12, 15, 15, 15, 15, 16, 14, 16, 18, 19, 20, 20, 20, 18, 18, 16, 16, 19, 17, 19, 19, 20, 18, 17, 19, 20, 20, 18, 20, 20, 20, 19, 18, 20, 18, 17, 18, 19, 17, 18, 19, 18, 19, 17, 18, 18, 17, 16, 19, 19, 19, 20, 18, 18, 18, 18, 20, 22, 21, 17, 17, 17, 15, 15, 15, 16, 17, 17, 20, 19, 17, 15, 17, 16, 17, 17, 18, 18, 17, 15, 14, 15, 14, 14, 12, 11, 12, 13, 12, 13, 12, 13, 14, 15, 14, 14, 13, 13, 13, 14, 14, 13, 13, 13, 13, 14, 13, 11, 10, 11, 11, 11, 10, 9, 11, 10, 10, 11, 12, 12, 12, 12, 12, 12, 12, 12, 12, 14, 14, 14, 14, 15, 15, 15, 16, 15, 14, 15, 15, 15, 17, 17, 17, 20, 22, 23, 22, 23, 23, 23, 22, 23, 24, 26, 26, 25
PlayersInEachFeedingGame=1, 2, 1, 1, 1, 1, 1, 2, 1, 1, 2, 2, 2, 1, 2, 1, 1, 1, 1, 2, 2, 2, 1, 2, 2, 1, 2, 2, 4, 1, 2, 2, 2, 2, 1, 2, 2, 2, 2, 2, 2, 1, 2, 2, 2, 1, 1, 1, 2, 2, 1, 2, 2, 1, 2, 2, 2, 2, 1, 2, 2, 2, 2, 1, 2, 2, 1, 1, 2, 1, 2, 2, 2, 2, 2, 2, 2, 2, 2, 3, 3, 2, 1, 2, 2, 2, 2, 2, 2, 1, 2, 2, 1, 2, 2, 2, 2, 2, 1, 2, 1, 2, 2, 1, 2, 2, 2, 1, 1, 1, 2, 2, 2, 2, 2, 2, 1, 2, 2, 2, 2, 2, 2, 2, 2, 2, 2, 1, 2, 2, 2, 2, 2, 2, 1, 2, 2, 2, 1, 2, 2, 2, 2, 2, 2, 2, 3, 2, 1, 1, 1, 2, 2, 2, 2, 2, 1, 1, 1, 3, 2, 2, 2, 2, 2, 2, 2, 1, 2, 2, 1, 2, 2, 2
PlayersStarted=189
PlayersQuit=165
StatsStartTime=1241798276021
StatsDumpTime=1241809076674
<<<<EndStats
2009-05-08 11:58:20,305 ERROR: vampire.server.feeding.FeedingRecord sendPlayerStartGameMsg [playerId=421572, prey=false, _predatorIndex=325853,1241857,413254]
2009-05-08 11:58:26,699 ERROR: vampire.server.feeding.FeedingRecord sendPlayerStartGameMsg [playerId=34950, prey=false, _predatorIndex=]
2009-05-08 11:58:35,901 ERROR: vampire.server.feeding.FeedingRecord sendPlayerStartGameMsg [playerId=54776, prey=true, _predatorIndex=]
2009-05-08 11:58:35,901 ERROR: vampire.server.feeding.FeedingRecord sendPlayerStartGameMsg [playerId=325853, prey=false, _predatorIndex=]
2009-05-08 11:58:51,523 ERROR: vampire.server.feeding.FeedingRecord sendPlayerStartGameMsg [playerId=325853, prey=false, _predatorIndex=325853,1241857,413254,421572]
2009-05-08 11:59:23,085 ERROR: vampire.server.feeding.FeedingRecord sendPlayerStartGameMsg [playerId=176400, prey=true, _predatorIndex=]
2009-05-08 11:59:23,086 ERROR: vampire.server.feeding.FeedingRecord sendPlayerStartGameMsg [playerId=325853, prey=false, _predatorIndex=]
2009-05-08 11:59:31,284 ERROR: vampire.server.feeding.FeedingRecord sendPlayerStartGameMsg [playerId=421572, prey=false, _predatorIndex=155393]
2009-05-08 11:59:33,567 ERROR: vampire.server.feeding.FeedingRecord sendPlayerStartGameMsg [playerId=622935, prey=false, _predatorIndex=]
2009-05-08 11:59:53,067 ERROR: vampire.server.feeding.FeedingRecord sendPlayerStartGameMsg [playerId=373583, prey=true, _predatorIndex=]
2009-05-08 11:59:53,067 ERROR: vampire.server.feeding.FeedingRecord sendPlayerStartGameMsg [playerId=421572, prey=false, _predatorIndex=]
2009-05-08 12:00:00,730 ERROR: vampire.server.feeding.FeedingRecord sendPlayerStartGameMsg [playerId=1241857, prey=false, _predatorIndex=421572]
2009-05-08 12:00:07,068 ERROR: vampire.server.feeding.FeedingRecord sendPlayerStartGameMsg [playerId=227007, prey=false, _predatorIndex=34950]
2009-05-08 12:00:15,360 ERROR: vampire.server.feeding.FeedingRecord sendPlayerStartGameMsg [playerId=63415, prey=true, _predatorIndex=]
2009-05-08 12:00:15,360 ERROR: vampire.server.feeding.FeedingRecord sendPlayerStartGameMsg [playerId=155393, prey=false, _predatorIndex=]
2009-05-08 12:00:42,286 ERROR: vampire.server.feeding.FeedingRecord sendPlayerStartGameMsg [playerId=413254, prey=false, _predatorIndex=421572,1241857]
2009-05-08 12:01:08,469 ERROR: vampire.server.feeding.FeedingRecord sendPlayerStartGameMsg [playerId=179762, prey=true, _predatorIndex=]
2009-05-08 12:01:08,469 ERROR: vampire.server.feeding.FeedingRecord sendPlayerStartGameMsg [playerId=333608, prey=false, _predatorIndex=]
2009-05-08 12:01:42,332 ERROR: vampire.server.feeding.FeedingRecord sendPlayerStartGameMsg [playerId=11600, prey=true, _predatorIndex=]
2009-05-08 12:01:42,333 ERROR: vampire.server.feeding.FeedingRecord sendPlayerStartGameMsg [playerId=10634, prey=false, _predatorIndex=]
2009-05-08 12:03:07,263 ERROR: vampire.server.feeding.FeedingRecord sendPlayerStartGameMsg [playerId=622935, prey=false, _predatorIndex=]
2009-05-08 12:03:16,599 ERROR: vampire.server.feeding.FeedingRecord sendPlayerStartGameMsg [playerId=421572, prey=true, _predatorIndex=]
2009-05-08 12:03:16,600 ERROR: vampire.server.feeding.FeedingRecord sendPlayerStartGameMsg [playerId=227007, prey=false, _predatorIndex=]
2009-05-08 12:06:05,245 ERROR: vampire.server.feeding.FeedingRecord sendPlayerStartGameMsg [playerId=325853, prey=true, _predatorIndex=]
2009-05-08 12:06:05,245 ERROR: vampire.server.feeding.FeedingRecord sendPlayerStartGameMsg [playerId=622935, prey=false, _predatorIndex=]
2009-05-08 12:06:13,427 ERROR: vampire.server.feeding.FeedingRecord sendPlayerStartGameMsg [playerId=373583, prey=true, _predatorIndex=]
2009-05-08 12:06:13,428 ERROR: vampire.server.feeding.FeedingRecord sendPlayerStartGameMsg [playerId=612389, prey=false, _predatorIndex=]
2009-05-08 12:07:31,030 ERROR: vampire.server.feeding.FeedingRecord sendPlayerStartGameMsg [playerId=1241857, prey=false, _predatorIndex=612389]

>>>>BeginStats

>>>>BeginTable
PlayerId, StartTime, EndTime, ProgenyPayout, XPFromFeeding, FeedingGames, MeanFeedingScore, BloodBond, Progeny, GrandProgeny, Sire, Level, Invites
1007244, 1241802695609, 1241802718645, 0, 0, 0, 0, 0, 0, 0, 0, 1, 
1023595, 1241798826063, 1241799480374, 0, 378, 4, 94.5, 0, 0, 0, 1092321, 2, 
10260, , , 26.900000000000002, 0, 0, 0, 0, 10, 0, 713, , 
103033, , , 29.45, 0, 0, 0, 0, 1, 8, 81899, , 
1036473, 1241806660407, 1241807137251, 0, 506, 2, 225, 0, 0, 0, 96912, 2, 
104252, , , 85.6, 0, 0, 0, 0, 1, 1, 10642, , 
106239, 1241798375384, 1241798423045, 0, 0, 0, 0, 0, 0, 0, 5842, 4, 2
1062853, , , 70.45, 0, 0, 0, 0, 9, 20, 1124214, , 
10634, 1241808984866, , 0, 2852, 10, 230.2, 11600, 2, 0, 713, 5, 2
10642, 1241800405139, 1241801750004, 114.10000000000001, 7560, 9, 763.1111111111111, 447249, 32, 46, 351598, 16, 2
1085269, 1241804547820, 1241804573791, 0, 0, 0, 0, 0, 0, 0, 0, 1, 
1089041, 1241799831666, 1241801957973, 0, 269, 3, 86, 0, 0, 0, 10260, 3, 
1092321, , , 37.800000000000004, 0, 0, 0, 0, 30, 0, 35568, , 
1101, 1241809079366, 1241809305652, 0, 0, 0, 0, 0, 2, 18, 239981, 9, 1
1108399, 1241808315777, 1241808706071, 0, 90, 1, 90, 0, 0, 0, 153097, 2, 
1119385, 1241803017071, , 11.8, 4249, 25, 140.68, 0, 1, 0, 3200, 3, 0
113162, 1241802737141, 1241805302116, 0, 1342, 8, 106.625, 0, 0, 0, 154004, 2, 
113237, , , 120.00000000000001, 0, 0, 0, 0, 9, 19, 10642, , 
1133427, 1241800167168, 1241800459034, 0, 109, 1, 95, 0, 0, 0, 0, 1, 
1138221, 1241808336141, 1241808870435, 0, 373, 2, 211, 1283799, 0, 0, 269484, 4, 
11460, , , 272.15000000000003, 0, 0, 0, 0, 1, 13, 41022, , 
11600, 1241808561259, , 0, 967, 3, 339, 10634, 9, 0, 171581, 7, 10
118975, 1241801485293, 1241801638131, 0, 0, 0, 0, 0, 1, 1, 160138, 12, 2
12, , , 3716.05, 0, 0, 0, 0, 20, 69, 383387, , 
1207080, 1241803233695, 1241803686120, 0, 135, 1, 115, 0, 0, 0, 0, 1, 
1207373, 1241800295157, 1241800517322, 0, 135, 1, 140, 0, 0, 0, 0, 1, 
1209405, 1241799743477, 1241800043348, 0, 179, 1, 103, 0, 0, 0, 3200, 1, 
123961, , , 141.1, 0, 0, 0, 0, 1, 12, 713, , 
1239706, 1241799761605, 1241800488359, 0, 652, 3, 129.33333333333334, 0, 0, 0, 447249, 2, 
124119, 1241803111325, 1241803254590, 0, 0, 0, 0, 0, 0, 0, 1127083, 3, 
1241857, 1241807321202, , 100.15, 5656, 20, 422.75, 261567, 4, 3, 259344, 8, 1
1253913, 1241808090801, 1241808580348, 0, 252, 1, 131, 0, 0, 0, 249619, 1, 
1267242, 1241802564250, 1241804699387, 0, 1544, 10, 107.2, 0, 0, 0, 642041, 2, 
1271614, 1241803144094, 1241803155079, 0, 0, 0, 0, 0, 0, 0, 0, 1, 
1274154, 1241802564075, 1241802634696, 0, 0, 0, 0, 0, 0, 0, 642041, 1, 
12791, 1241807118816, 1241807832257, 1373.85, 2650, 4, 678.5, 0, 15, 24, 12, 13, 2
1279761, 1241803990303, 1241804684579, 0, 622, 4, 115.5, 0, 0, 0, 171513, 3, 
1285504, , , 200.3, 0, 0, 0, 0, 3, 0, 1241857, , 
1287364, 1241806796894, 1241807158177, 0, 0, 0, 0, 0, 0, 0, 0, 1, 
1288202, 1241802222155, 1241802235504, 0, 0, 0, 0, 0, 0, 0, 1285504, 1, 
1288210, 1241805639212, 1241806018121, 0, 0, 0, 0, 0, 0, 0, 0, 1, 
1311203, 1241799610036, 1241799864733, 0, 0, 0, 0, 0, 0, 0, 1284093, 1, 
1320175, 1241803743029, 1241803811104, 0, 0, 0, 0, 0, 0, 0, 0, 1, 
1323699, 1241803975030, 1241805063269, 0, 558, 3, 101.66666666666667, 0, 0, 0, 307471, 1, 
132921, , , 11, 0, 0, 0, 0, 9, 0, 211601, , 
1330645, 1241808520038, 1241808531537, 0, 0, 0, 0, 0, 0, 0, 0, 1, 
1330890, 1241808866554, 1241808886052, 0, 0, 0, 0, 0, 0, 0, 0, 1, 
1331190, 1241809299254, , 0, 868, 5, 188.4, 0, 0, 0, 1119385, 1, 0
1333314, 1241807762285, 1241808032105, 0, 0, 0, 0, 0, 0, 0, 0, 1, 
133697, 1241799755620, 1241800978156, 0, 482, 4, 148, 0, 2, 0, 510740, 3, 0
1343542, 1241801527762, 1241802666799, 0, 551, 3, 115.66666666666667, 0, 0, 0, 447249, 1, 
1344192, 1241801222221, 1241801456718, 0, 0, 0, 0, 0, 0, 0, 0, 1, 
1345092, 1241803768394, 1241804468184, 0, 747, 3, 177.33333333333334, 0, 0, 0, 311783, 1, 
1345251, 1241801177776, 1241801220603, 0, 0, 0, 0, 0, 0, 0, 0, 1, 
1345315, 1241800209393, 1241800223393, 0, 0, 0, 0, 0, 0, 0, 0, 1, 
134574, , , 99.20000000000002, 0, 0, 0, 0, 1, 0, 43240, , 
1346063, 1241803621434, 1241803958153, 0, 2620, 11, 139.8181818181818, 0, 0, 0, 54776, 2, 
1346176, 1241805572560, 1241805618954, 0, 0, 0, 0, 0, 0, 0, 0, 1, 
1346468, 1241802061409, 1241802097550, 0, 0, 0, 0, 0, 0, 0, 1285504, 1, 
1346522, 1241804864470, 1241805764264, 0, 426, 4, 108.75, 0, 0, 0, 0, 1, 
1346597, 1241805163679, 1241806648440, 0, 2003, 8, 145, 0, 0, 0, 1285504, 2, 
1346857, 1241805610231, 1241806130301, 0, 361, 1, 158, 0, 0, 0, 0, 1, 
1347608, 1241804222283, 1241804385030, 0, 0, 0, 0, 0, 0, 0, 0, 1, 
1349408, 1241808956280, 1241808965018, 0, 0, 0, 0, 0, 0, 0, 0, 1, 
1349600, 1241808534154, 1241808583138, 0, 0, 0, 0, 0, 0, 0, 0, 1, 
138741, , , 25.3, 0, 0, 0, 0, 1, 2, 437210, , 
140986, , , 40.900000000000006, 0, 0, 0, 0, 4, 0, 187381, , 
141194, 1241802308023, 1241802830837, 0, 370, 2, 117.5, 0, 0, 0, 80094, 1, 
142301, 1241803616438, 1241803864755, 0, 0, 0, 0, 0, 0, 0, 241925, 1, 
143538, , , 282.8, 0, 0, 0, 0, 2, 25, 1531, , 
144606, 1241809574527, , 0, 0, 0, 0, 0, 3, 4, 141785, 7, 2
145497, , , 131.9, 0, 0, 0, 0, 1, 2, 1062853, , 
153097, , , 9, 0, 0, 0, 0, 19, 0, 1062853, , 
1531, 1241801394101, , 0, 13185, 20, 637.75, 503, 6, 14, 12, 15, 3
154004, , , 138.95000000000002, 0, 0, 0, 0, 10, 7, 90041, , 
155004, 1241798278109, 1241799288147, 0, 1319, 6, 219.83333333333334, 0, 2, 0, 145497, 3, 
155393, 1241808106697, , 0, 992, 5, 105.8, 0, 0, 0, 134574, 2, 0
156275, 1241807520657, 1241807774158, 0, 0, 0, 0, 0, 0, 0, 0, 1, 0
156489, 1241801899471, 1241802343210, 21.85, 662, 2, 435, 154238, 16, 23, 713, 9, 1
160138, , , 38.45, 0, 0, 0, 0, 7, 8, 150469, , 
166371, , , 18.65, 0, 0, 0, 0, 1, 12, 267622, , 
16825, , , 278.1, 0, 0, 0, 0, 14, 9, 4139, , 
170191, , , 224.7, 0, 0, 0, 0, 3, 10, 202873, , 
170316, , , 68.3, 0, 0, 0, 0, 4, 1, 210210, , 
1704, , , 59.900000000000006, 0, 0, 0, 0, 2, 5, 33541, , 
171513, 1241803677491, 1241803965367, 62.199999999999996, 1936, 5, 346.2, 0, 10, 7, 170191, 12, 2
171581, , , 96.70000000000002, 0, 0, 0, 0, 1, 9, 73304, , 
176400, 1241808385478, 1241809492894, 0, 182, 2, 89, 0, 0, 0, 0, 1, 
179762, 1241806547916, , 0, 568, 2, 109, 0, 0, 0, 0, 2, 0
181164, 1241803188461, 1241803195872, 0, 0, 0, 0, 0, 0, 0, 0, 1, 
183913, 1241799708971, 1241799766564, 0, 0, 0, 0, 0, 0, 0, 447249, 2, 
187381, , , 20.450000000000003, 0, 0, 0, 0, 7, 4, 2843, , 
188678, 1241803985971, 1241804439521, 0, 5606, 5, 1262.6, 0, 0, 0, 0, 3, 
1892, , , 18.35, 0, 0, 0, 0, 20, 1, 995, , 
192120, , , 28.700000000000003, 0, 0, 0, 0, 2, 7, 209500, , 
196462, , , 30.650000000000002, 0, 0, 0, 0, 2, 12, 392944, , 
199427, , , 836.5000000000001, 0, 0, 0, 0, 1, 9, 208602, , 
199955, 1241807723931, 1241809378208, 0, 958, 4, 148, 0, 1, 0, 81899, 4, 1
20260, , , 808.1999999999998, 0, 0, 0, 0, 18, 15, 12, , 
202873, , , 96.8, 0, 0, 0, 0, 1, 3, 341164, , 
208602, , , 403.35, 0, 0, 0, 0, 7, 1, 351626, , 
210003, 1241802605573, 1241803078201, 0, 287, 1, 268, 0, 0, 0, 39030, 1, 
210210, , , 34.15, 0, 0, 0, 0, 4, 4, 381607, , 
21067, 1241799735203, 1241800994808, 0, 1152, 4, 341, 0, 2, 45, 302907, 8, 4
211527, 1241808029567, 1241809527912, 0, 0, 0, 0, 0, 1, 0, 197740, 3, 
211601, , , 5.5, 0, 0, 0, 0, 1, 9, 7078, , 
211715, , , 6.75, 0, 0, 0, 0, 2, 3, 299646, , 
217283, , , 36.7, 0, 0, 0, 0, 64, 3, 57393, , 
223864, , , 298.3, 0, 0, 0, 0, 7, 36, 160138, , 
227007, 1241808879503, , 0, 461, 3, 243.33333333333334, 0, 3, 5, 43402, 8, 1
249619, 1241805053317, 1241809078118, 25.200000000000003, 3166, 19, 105.05263157894737, 0, 1, 0, 298666, 3, 
25664, , , 49.9, 0, 0, 0, 0, 1, 3, 43402, , 
256746, , , 83.5, 0, 0, 0, 0, 5, 30, 61984, , 
259344, , , 829.3500000000004, 0, 0, 0, 0, 23, 22, 143538, , 
269092, 1241800127350, 1241803858240, 0, 683, 5, 122.8, 0, 1, 2, 170316, 4, 1
269484, , , 37.3, 0, 0, 0, 0, 12, 0, 166371, , 
271936, 1241800647935, 1241801781915, 0, 587, 1, 185, 0, 3, 0, 887964, 4, 
2779, 1241800102276, 1241800756797, 0, 387, 3, 129, 0, 0, 0, 0, 1, 
2796, , , 169.60000000000002, 0, 0, 0, 0, 5, 0, 259344, , 
282780, 1241799387786, 1241799804366, 0, 95, 1, 95, 0, 0, 0, 0, 1, 
283855, , , 57.60000000000001, 0, 0, 0, 0, 1, 2, 98128, , 
2843, 1241799845032, 1241800603528, 0, 2379, 5, 475.8, 5212, 8, 33, 3383, 13, 11
285205, , , 9.5, 0, 0, 0, 0, 7, 0, 154004, , 
285870, 1241803960446, 1241804423267, 0, 5606, 5, 979.6, 0, 0, 0, 0, 3, 
294591, 1241799932587, 1241799951340, 0, 0, 0, 0, 0, 0, 0, 0, 1, 
298207, 1241809648908, , 0, 0, 0, 0, 0, 0, 0, 1032874, 2, 0
298666, , , 370.49999999999994, 0, 0, 0, 0, 8, 1, 259344, , 
302907, , , 115.20000000000002, 0, 0, 0, 0, 2, 2, 283855, , 
307471, 1241802007614, 1241806184427, 55.800000000000004, 2468, 9, 447.77777777777777, 0, 7, 19, 12, 10, 4
309096, , , 57.400000000000006, 0, 0, 0, 0, 7, 1, 192120, , 
311783, 1241803806267, 1241805941126, 60.7, 2418, 11, 291.54545454545456, 0, 13, 3, 11460, 10, 7
3200, 1241809589119, , 448.70000000000005, 769, 3, 369.3333333333333, 71724, 36, 22, 223864, 13, 2
325853, 1241808583270, , 0, 561, 5, 95.8, 0, 0, 0, 92600, 2, 0
32654, , , 99.8, 0, 0, 0, 0, 3, 0, 25664, , 
333608, 1241808842641, , 0, 83, 1, 107, 0, 2, 0, 5212, 7, 3
33541, , , 29.950000000000003, 0, 0, 0, 0, 1, 2, 12, , 
3383, 1241806724936, 1241808417749, 237.9, 12549, 19, 571.7368421052632, 8842, 6, 10, 12791, 16, 2
338409, 1241806527545, 1241806583525, 0, 0, 0, 0, 0, 6, 4, 65584, 6, 4
34950, 1241808874317, 1241809248965, 0, 214, 2, 109.5, 111408, 0, 0, 20260, 2, 0
351598, , , 756, 0, 0, 0, 0, 1, 32, 359624, , 
35568, , , 18.900000000000002, 0, 0, 0, 0, 3, 30, 258951, , 
359624, , , 378, 0, 0, 0, 0, 4, 1, 201132, , 
373583, 1241808246855, , 0, 1384, 7, 145, 0, 0, 0, 0, 3, 0
383387, , , 915.1499999999999, 0, 0, 0, 0, 7, 57, 0, , 
39030, 1241809192536, , 28.700000000000003, 163, 1, 142, 60678, 12, 7, 196462, 7, 2
392944, , , 8.15, 0, 0, 0, 0, 2, 2, 206649, , 
397835, , , 125.6, 0, 0, 0, 0, 5, 35, 47379, , 
4012, 1241809313363, , 0, 0, 0, 0, 3865, 1, 0, 3865, 4, 2
41022, , , 120.90000000000002, 0, 0, 0, 0, 2, 1, 412796, , 
413254, 1241808257383, , 0, 589, 3, 254.33333333333334, 8401, 3, 0, 8401, 4, 2
4139, 1241807895968, 1241808990077, 100.44999999999999, 16803, 26, 748.9230769230769, 44987, 25, 23, 713, 19, 3
4141, 1241802492995, 1241804758140, 0, 1696, 8, 232, 0, 0, 0, 2796, 3, 
421572, 1241808978986, , 0, 413, 2, 108, 0, 0, 0, 298666, 2, 0
430717, 1241809548230, , 0, 835, 3, 331.3333333333333, 503425, 30, 25, 256746, 12, 6
43240, , , 49.60000000000001, 0, 0, 0, 0, 1, 1, 144593, , 
43402, , , 310.25, 0, 0, 0, 0, 12, 5, 123961, , 
438480, 1241801956210, 1241802022927, 0, 0, 0, 0, 0, 0, 0, 0, 1, 
43915, 1241802355610, 1241802361112, 0, 0, 0, 0, 0, 0, 0, 61984, 2, 0
447249, 1241803767569, 1241805556719, 59.60000000000001, 8067, 12, 741.6666666666666, 10642, 9, 5, 199427, 15, 2
505544, , , 13.5, 0, 0, 0, 0, 3, 0, 211715, , 
510740, , , 48.2, 0, 0, 0, 0, 70, 4, 534632, , 
5212, 1241808221583, 1241808386053, 8.3, 177, 1, 353, 2843, 17, 16, 156489, 14, 2
522658, , , 22.6, 0, 0, 0, 0, 6, 4, 10642, , 
52818, 1241802568566, 1241803233081, 0, 0, 0, 0, 1118266, 4, 1, 367452, 4, 0
533, 1241805954298, , 0, 4077, 7, 491, 535, 10, 11, 20260, 14, 2
534632, , , 24.1, 0, 0, 0, 0, 7, 70, 445660, , 
541655, , , 436.04999999999995, 0, 0, 0, 0, 1, 22, 126451, , 
54776, 1241808312053, , 194.8, 7582, 23, 450.4347826086956, 1062, 80, 33, 89757, 16, 3
55009, 1241805271272, 1241806450937, 0, 574, 3, 212.33333333333334, 0, 1, 3, 309096, 4, 0
559, 1241805230405, 1241805420869, 0, 226, 1, 183, 0, 4, 0, 522658, 4, 
561864, , , 36.7, 0, 0, 0, 0, 1, 0, 1892, , 
563105, 1241809302280, , 0, 0, 0, 0, 0, 0, 0, 285205, 1, 0
57393, , , 18.35, 0, 0, 0, 0, 6, 68, 159420, , 
57825, 1241802417062, 1241802450303, 0, 0, 0, 0, 0, 0, 0, 8938, 1, 
612389, 1241809539684, , 0, 0, 0, 0, 0, 0, 0, 0, 1, 0
613661, 1241800805911, 1241803202364, 0, 367, 2, 222, 0, 0, 0, 561864, 3, 0
61984, , , 41.75, 0, 0, 0, 0, 3, 5, 61045, , 
622935, 1241808415446, , 0, 998, 6, 143.16666666666666, 0, 0, 0, 32654, 2, 0
624616, 1241806209964, 1241808441700, 0, 856, 4, 155.75, 0, 1, 0, 104252, 3, 
624632, 1241800226072, 1241800661481, 0, 135, 1, 129, 0, 0, 0, 505544, 2, 
632287, 1241804539701, 1241804872318, 0, 95, 1, 89, 0, 0, 0, 285205, 1, 
63415, 1241805572175, , 0, 8721, 28, 329.07142857142856, 0, 11, 1, 8938, 6, 3
642041, 1241801759109, 1241806097203, 154.4, 2009, 10, 139.1, 0, 3, 3, 16825, 4, 1
643236, 1241800511990, 1241800793036, 0, 110, 1, 92, 0, 0, 0, 132921, 2, 
70997, , , 269.7, 0, 0, 0, 0, 35, 10, 397835, , 
713, , , 2054, 0, 0, 0, 0, 11, 54, 12, , 
73304, , , 48.35000000000001, 0, 0, 0, 0, 2, 1, 53030, , 
759000, 1241808402534, 1241808914370, 0, 409, 2, 147.5, 0, 0, 0, 140986, 1, 
782580, 1241800803636, 1241801551095, 0, 367, 2, 144.5, 0, 0, 0, 217283, 2, 
80094, 1241800678577, 1241803853532, 37, 2512, 8, 331.875, 65812, 10, 1, 70997, 6, 4
802319, , , 47.900000000000006, 0, 0, 0, 0, 2, 6, 773108, , 
81899, , , 95.80000000000001, 0, 0, 0, 0, 6, 2, 802319, , 
836050, 1241809140602, , 0, 1200, 4, 417.5, 592692, 13, 6, 113237, 8, 2
8401, , , 58.9, 0, 0, 0, 0, 8, 3, 103033, , 
887964, , , 58.7, 0, 0, 0, 0, 2, 3, 919861, , 
8938, 1241802602050, 1241802954041, 872.0999999999999, 0, 0, 0, 0, 22, 13, 541655, 6, 3
89757, , , 855.6000000000001, 0, 0, 0, 0, 3, 80, 20260, , 
90041, , , 67.10000000000001, 0, 0, 0, 0, 1, 10, 258951, , 
913234, 1241800694237, 1241800824484, 0, 0, 0, 0, 0, 0, 0, 0, 1, 
919861, , , 29.35, 0, 0, 0, 0, 1, 2, 171151, , 
92600, 1241804828252, 1241806430571, 56.10000000000001, 2361, 9, 338.22222222222223, 0, 1, 0, 43402, 3, 0
968, 1241808817510, 1241809328036, 0, 599, 2, 166.5, 0, 5, 3, 1704, 11, 2
96912, , , 50.6, 0, 0, 0, 0, 2, 0, 138741, , 
<<<<EndTable

PlayersOnlineNow=27
PlayersOnlineEachMinute=0, 2, 4, 3, 5, 5, 5, 4, 4, 4, 5, 6, 6, 6, 7, 8, 7, 8, 8, 10, 10, 11, 11, 13, 12, 15, 15, 15, 15, 16, 14, 16, 18, 19, 20, 20, 20, 18, 18, 16, 16, 19, 17, 19, 19, 20, 18, 17, 19, 20, 20, 18, 20, 20, 20, 19, 18, 20, 18, 17, 18, 19, 17, 18, 19, 18, 19, 17, 18, 18, 17, 16, 19, 19, 19, 20, 18, 18, 18, 18, 20, 22, 21, 17, 17, 17, 15, 15, 15, 16, 17, 17, 20, 19, 17, 15, 17, 16, 17, 17, 18, 18, 17, 15, 14, 15, 14, 14, 12, 11, 12, 13, 12, 13, 12, 13, 14, 15, 14, 14, 13, 13, 13, 14, 14, 13, 13, 13, 13, 14, 13, 11, 10, 11, 11, 11, 10, 9, 11, 10, 10, 11, 12, 12, 12, 12, 12, 12, 12, 12, 12, 14, 14, 14, 14, 15, 15, 15, 16, 15, 14, 15, 15, 15, 17, 17, 17, 20, 22, 23, 22, 23, 23, 23, 22, 23, 24, 26, 26, 25, 24, 23, 25, 24, 28, 27, 26, 25, 24, 26
PlayersInEachFeedingGame=1, 2, 1, 1, 1, 1, 1, 2, 1, 1, 2, 2, 2, 1, 2, 1, 1, 1, 1, 2, 2, 2, 1, 2, 2, 1, 2, 2, 4, 1, 2, 2, 2, 2, 1, 2, 2, 2, 2, 2, 2, 1, 2, 2, 2, 1, 1, 1, 2, 2, 1, 2, 2, 1, 2, 2, 2, 2, 1, 2, 2, 2, 2, 1, 2, 2, 1, 1, 2, 1, 2, 2, 2, 2, 2, 2, 2, 2, 2, 3, 3, 2, 1, 2, 2, 2, 2, 2, 2, 1, 2, 2, 1, 2, 2, 2, 2, 2, 1, 2, 1, 2, 2, 1, 2, 2, 2, 1, 1, 1, 2, 2, 2, 2, 2, 2, 1, 2, 2, 2, 2, 2, 2, 2, 2, 2, 2, 1, 2, 2, 2, 2, 2, 2, 1, 2, 2, 2, 1, 2, 2, 2, 2, 2, 2, 2, 3, 2, 1, 1, 1, 2, 2, 2, 2, 2, 1, 1, 1, 3, 2, 2, 2, 2, 2, 2, 2, 1, 2, 2, 1, 2, 2, 2, 1, 2, 1, 3, 2, 2, 2, 1, 2, 2, 2
PlayersStarted=202
PlayersQuit=175
StatsStartTime=1241798276021
StatsDumpTime=1241809676771
<<<<EndStats
2009-05-08 12:09:37,219 ERROR: vampire.server.feeding.FeedingRecord sendPlayerStartGameMsg [playerId=10634, prey=true, _predatorIndex=]
2009-05-08 12:09:37,219 ERROR: vampire.server.feeding.FeedingRecord sendPlayerStartGameMsg [playerId=11600, prey=false, _predatorIndex=]
2009-05-08 12:10:05,589 ERROR: vampire.server.feeding.FeedingRecord sendPlayerStartGameMsg [playerId=612389, prey=true, _predatorIndex=]
2009-05-08 12:10:05,590 ERROR: vampire.server.feeding.FeedingRecord sendPlayerStartGameMsg [playerId=1241857, prey=false, _predatorIndex=]
2009-05-08 12:10:31,645 ERROR: vampire.server.feeding.FeedingRecord sendPlayerStartGameMsg [playerId=227007, prey=true, _predatorIndex=]
2009-05-08 12:10:31,646 ERROR: vampire.server.feeding.FeedingRecord sendPlayerStartGameMsg [playerId=413254, prey=false, _predatorIndex=]
2009-05-08 12:10:38,204 ERROR: vampire.server.feeding.FeedingRecord sendPlayerStartGameMsg [playerId=1892, prey=true, _predatorIndex=]
2009-05-08 12:10:38,205 ERROR: vampire.server.feeding.FeedingRecord sendPlayerStartGameMsg [playerId=1331190, prey=false, _predatorIndex=]
2009-05-08 12:12:15,219 ERROR: vampire.server.feeding.FeedingRecord sendPlayerStartGameMsg [playerId=373583, prey=true, _predatorIndex=]
2009-05-08 12:12:15,219 ERROR: vampire.server.feeding.FeedingRecord sendPlayerStartGameMsg [playerId=21067, prey=false, _predatorIndex=]
2009-05-08 12:12:54,207 ERROR: vampire.server.feeding.FeedingRecord sendPlayerStartGameMsg [playerId=1347440, prey=true, _predatorIndex=]
2009-05-08 12:12:54,208 ERROR: vampire.server.feeding.FeedingRecord sendPlayerStartGameMsg [playerId=836050, prey=false, _predatorIndex=]
2009-05-08 12:12:54,983 ERROR: vampire.server.feeding.FeedingRecord sendPlayerStartGameMsg [playerId=144606, prey=true, _predatorIndex=]
2009-05-08 12:12:54,984 ERROR: vampire.server.feeding.FeedingRecord sendPlayerStartGameMsg [playerId=413254, prey=false, _predatorIndex=]
2009-05-08 12:13:05,665 ERROR: vampire.server.feeding.FeedingRecord sendPlayerStartGameMsg [playerId=249619, prey=false, _predatorIndex=413254]
2009-05-08 12:13:35,225 ERROR: vampire.server.feeding.FeedingRecord sendPlayerStartGameMsg [playerId=4012, prey=true, _predatorIndex=]
2009-05-08 12:13:35,225 ERROR: vampire.server.feeding.FeedingRecord sendPlayerStartGameMsg [playerId=612389, prey=false, _predatorIndex=]
2009-05-08 12:14:06,265 ERROR: vampire.server.feeding.FeedingRecord sendPlayerStartGameMsg [playerId=1241857, prey=true, _predatorIndex=]
2009-05-08 12:14:06,265 ERROR: vampire.server.feeding.FeedingRecord sendPlayerStartGameMsg [playerId=249619, prey=false, _predatorIndex=]
2009-05-08 12:15:15,217 ERROR: vampire.server.feeding.FeedingRecord sendPlayerStartGameMsg [playerId=3200, prey=true, _predatorIndex=]
2009-05-08 12:15:15,218 ERROR: vampire.server.feeding.FeedingRecord sendPlayerStartGameMsg [playerId=1331190, prey=false, _predatorIndex=]
2009-05-08 12:15:20,614 ERROR: vampire.server.feeding.FeedingRecord sendPlayerStartGameMsg [playerId=612389, prey=false, _predatorIndex=1331190]
2009-05-08 12:15:41,721 ERROR: vampire.server.feeding.FeedingRecord sendPlayerStartGameMsg [playerId=1162172, prey=true, _predatorIndex=]
2009-05-08 12:15:41,721 ERROR: vampire.server.feeding.FeedingRecord sendPlayerStartGameMsg [playerId=1802, prey=false, _predatorIndex=]
2009-05-08 12:15:42,620 ERROR: vampire.server.feeding.FeedingRecord sendPlayerStartGameMsg [playerId=413254, prey=false, _predatorIndex=612389]
2009-05-08 12:16:25,944 ERROR: vampire.server.feeding.FeedingRecord sendPlayerStartGameMsg [playerId=836050, prey=true, _predatorIndex=]
2009-05-08 12:16:25,957 ERROR: vampire.server.feeding.FeedingRecord sendPlayerStartGameMsg [playerId=1347440, prey=false, _predatorIndex=]
2009-05-08 12:17:11,342 ERROR: vampire.server.feeding.FeedingRecord sendPlayerStartGameMsg [playerId=612389, prey=true, _predatorIndex=]
2009-05-08 12:17:11,343 ERROR: vampire.server.feeding.FeedingRecord sendPlayerStartGameMsg [playerId=39030, prey=false, _predatorIndex=]

>>>>BeginStats

>>>>BeginTable
PlayerId, StartTime, EndTime, ProgenyPayout, XPFromFeeding, FeedingGames, MeanFeedingScore, BloodBond, Progeny, GrandProgeny, Sire, Level, Invites
1007244, 1241802695609, 1241802718645, 0, 0, 0, 0, 0, 0, 0, 0, 1, 
1023595, 1241798826063, 1241799480374, 0, 378, 4, 94.5, 0, 0, 0, 1092321, 2, 
10260, , , 26.900000000000002, 0, 0, 0, 0, 10, 0, 713, , 
103033, , , 63.6, 0, 0, 0, 0, 1, 8, 81899, , 
103144, , , 37.6, 0, 0, 0, 0, 5, 7, 116005, , 
1036473, 1241806660407, 1241807137251, 0, 506, 2, 225, 0, 0, 0, 96912, 2, 
104252, , , 85.6, 0, 0, 0, 0, 1, 1, 10642, , 
106239, 1241798375384, 1241798423045, 0, 0, 0, 0, 0, 0, 0, 5842, 4, 2
10628, 1241810169010, , 0, 0, 0, 0, 0, 0, 0, 1265, 4, 0
1062853, , , 70.45, 0, 0, 0, 0, 9, 20, 1124214, , 
10634, 1241808984866, , 0, 3218, 11, 235.27272727272728, 11600, 2, 0, 713, 5, 2
10642, 1241800405139, 1241801750004, 135.70000000000002, 7560, 9, 763.1111111111111, 447249, 32, 46, 351598, 16, 2
1085269, 1241804547820, 1241804573791, 0, 0, 0, 0, 0, 0, 0, 0, 1, 
1089041, 1241799831666, 1241801957973, 0, 269, 3, 86, 0, 0, 0, 10260, 3, 
1092321, , , 56.60000000000001, 0, 0, 0, 0, 30, 2, 35568, , 
1101, 1241809079366, 1241809305652, 0, 0, 0, 0, 0, 2, 18, 239981, 9, 1
1108399, 1241808315777, 1241808706071, 0, 90, 1, 90, 0, 0, 0, 153097, 2, 
1119385, 1241803017071, , 64.5, 4249, 25, 140.68, 0, 1, 0, 3200, 3, 0
112602, , , 4.15, 0, 0, 0, 0, 1, 2, 121983, , 
113162, 1241802737141, 1241805302116, 0, 1342, 8, 106.625, 0, 0, 0, 154004, 2, 
113237, , , 163.20000000000002, 0, 0, 0, 0, 9, 19, 10642, , 
1133427, 1241800167168, 1241800459034, 0, 109, 1, 95, 0, 0, 0, 0, 1, 
1138221, 1241808336141, 1241808870435, 0, 373, 2, 211, 1283799, 0, 0, 269484, 4, 
11460, , , 272.15000000000003, 0, 0, 0, 0, 1, 13, 41022, , 
11600, 1241808561259, , 0, 1333, 4, 365.5, 10634, 9, 0, 171581, 7, 10
116005, , , 18.8, 0, 0, 0, 0, 6, 5, 130627, , 
1162172, 1241810107238, , 0, 376, 1, 254, 1181188, 1, 0, 835426, 4, 0
118975, 1241801485293, 1241801638131, 0, 0, 0, 0, 0, 1, 1, 160138, 12, 2
12, , , 3746.3500000000004, 0, 0, 0, 0, 20, 94, 383387, , 
1207080, 1241803233695, 1241803686120, 0, 135, 1, 115, 0, 0, 0, 0, 1, 
1207373, 1241800295157, 1241800517322, 0, 135, 1, 140, 0, 0, 0, 0, 1, 
1209405, 1241799743477, 1241800043348, 0, 179, 1, 103, 0, 0, 0, 3200, 1, 
123961, , , 153.29999999999998, 0, 0, 0, 0, 5, 22, 713, , 
1239706, 1241799761605, 1241800488359, 0, 652, 3, 129.33333333333334, 0, 0, 0, 447249, 2, 
124119, 1241803111325, 1241803254590, 0, 0, 0, 0, 0, 0, 0, 1127083, 3, 
1241857, 1241807321202, , 100.15, 6112, 22, 412.1363636363636, 261567, 4, 3, 259344, 8, 1
1252256, 1241810169079, , 0, 0, 0, 0, 0, 0, 0, 0, 1, 0
1253913, 1241808090801, 1241808580348, 0, 252, 1, 131, 0, 0, 0, 249619, 1, 
1264653, 1241810220411, 1241810230221, 0, 0, 0, 0, 0, 0, 0, 101052, 3, 
1267242, 1241802564250, 1241804699387, 0, 1544, 10, 107.2, 0, 0, 0, 642041, 2, 
1271614, 1241803144094, 1241803155079, 0, 0, 0, 0, 0, 0, 0, 0, 1, 
1274154, 1241802564075, 1241802634696, 0, 0, 0, 0, 0, 0, 0, 642041, 1, 
12791, 1241807118816, 1241807832257, 1373.85, 2650, 4, 678.5, 0, 15, 24, 12, 13, 2
1279761, 1241803990303, 1241804684579, 0, 622, 4, 115.5, 0, 0, 0, 171513, 3, 
1285504, , , 200.3, 0, 0, 0, 0, 3, 0, 1241857, , 
1287364, 1241806796894, 1241807158177, 0, 0, 0, 0, 0, 0, 0, 0, 1, 
1288202, 1241802222155, 1241802235504, 0, 0, 0, 0, 0, 0, 0, 1285504, 1, 
1288210, 1241805639212, 1241806018121, 0, 0, 0, 0, 0, 0, 0, 0, 1, 
1311203, 1241799610036, 1241799864733, 0, 0, 0, 0, 0, 0, 0, 1284093, 1, 
1320175, 1241803743029, 1241803811104, 0, 0, 0, 0, 0, 0, 0, 0, 1, 
1323699, 1241803975030, 1241805063269, 0, 558, 3, 101.66666666666667, 0, 0, 0, 307471, 1, 
132921, , , 11, 0, 0, 0, 0, 9, 0, 211601, , 
1330645, 1241808520038, 1241808531537, 0, 0, 0, 0, 0, 0, 0, 0, 1, 
1330890, 1241808866554, 1241808886052, 0, 0, 0, 0, 0, 0, 0, 0, 1, 
1331190, 1241809299254, , 0, 1395, 7, 171.85714285714286, 0, 0, 0, 1119385, 2, 0
1333314, 1241807762285, 1241808032105, 0, 0, 0, 0, 0, 0, 0, 0, 1, 
133697, 1241799755620, 1241800978156, 0, 482, 4, 148, 0, 2, 0, 510740, 3, 0
1343542, 1241801527762, 1241802666799, 0, 551, 3, 115.66666666666667, 0, 0, 0, 447249, 1, 
1344192, 1241801222221, 1241801456718, 0, 0, 0, 0, 0, 0, 0, 0, 1, 
1345092, 1241803768394, 1241804468184, 0, 747, 3, 177.33333333333334, 0, 0, 0, 311783, 1, 
1345251, 1241801177776, 1241801220603, 0, 0, 0, 0, 0, 0, 0, 0, 1, 
1345315, 1241800209393, 1241800223393, 0, 0, 0, 0, 0, 0, 0, 0, 1, 
134574, , , 99.20000000000002, 0, 0, 0, 0, 1, 0, 43240, , 
1346063, 1241803621434, 1241803958153, 0, 2620, 11, 139.8181818181818, 0, 0, 0, 54776, 2, 
1346176, 1241805572560, 1241805618954, 0, 0, 0, 0, 0, 0, 0, 0, 1, 
1346468, 1241802061409, 1241802097550, 0, 0, 0, 0, 0, 0, 0, 1285504, 1, 
1346522, 1241804864470, 1241805764264, 0, 426, 4, 108.75, 0, 0, 0, 0, 1, 
1346597, 1241805163679, 1241806648440, 0, 2003, 8, 145, 0, 0, 0, 1285504, 2, 
1346857, 1241805610231, 1241806130301, 0, 361, 1, 158, 0, 0, 0, 0, 1, 
1347440, 1241809920139, , 0, 432, 1, 191, 0, 0, 0, 0, 1, 0
1347608, 1241804222283, 1241804385030, 0, 0, 0, 0, 0, 0, 0, 0, 1, 
1349408, 1241808956280, 1241808965018, 0, 0, 0, 0, 0, 0, 0, 0, 1, 
1349600, 1241808534154, 1241808583138, 0, 0, 0, 0, 0, 0, 0, 0, 1, 
138741, , , 25.3, 0, 0, 0, 0, 1, 2, 437210, , 
140986, , , 40.900000000000006, 0, 0, 0, 0, 4, 0, 187381, , 
141194, 1241802308023, 1241802830837, 0, 370, 2, 117.5, 0, 0, 0, 80094, 1, 
141785, , , 43.900000000000006, 0, 0, 0, 0, 3, 3, 366598, , 
142301, 1241803616438, 1241803864755, 0, 0, 0, 0, 0, 0, 0, 241925, 1, 
143538, , , 305.6, 0, 0, 0, 0, 2, 25, 1531, , 
144606, 1241810270530, , 0, 439, 1, 522, 0, 3, 4, 141785, 7, 2
145497, , , 131.9, 0, 0, 0, 0, 1, 2, 1062853, , 
153097, , , 9, 0, 0, 0, 0, 19, 0, 1062853, , 
1531, 1241801394101, , 0, 13185, 20, 637.75, 503, 6, 14, 12, 15, 3
154004, , , 138.95000000000002, 0, 0, 0, 0, 10, 7, 90041, , 
155004, 1241798278109, 1241799288147, 0, 1319, 6, 219.83333333333334, 0, 2, 0, 145497, 3, 
155393, 1241808106697, 1241809780110, 0, 992, 5, 105.8, 0, 0, 0, 134574, 2, 0
156275, 1241807520657, 1241807774158, 0, 0, 0, 0, 0, 0, 0, 0, 1, 0
156489, 1241801899471, 1241802343210, 21.85, 662, 2, 435, 154238, 16, 23, 713, 9, 1
160138, , , 52.800000000000004, 0, 0, 0, 0, 7, 8, 150469, , 
166371, , , 18.65, 0, 0, 0, 0, 1, 12, 267622, , 
16825, , , 278.1, 0, 0, 0, 0, 14, 9, 4139, , 
170191, , , 224.7, 0, 0, 0, 0, 3, 10, 202873, , 
170316, , , 68.3, 0, 0, 0, 0, 4, 1, 210210, , 
1704, , , 59.900000000000006, 0, 0, 0, 0, 2, 5, 33541, , 
171513, 1241803677491, 1241803965367, 62.199999999999996, 1936, 5, 346.2, 0, 10, 7, 170191, 12, 2
171581, , , 133.3, 0, 0, 0, 0, 1, 9, 73304, , 
176400, 1241810015064, , 0, 182, 2, 89, 0, 0, 0, 0, 1, 0
179762, 1241806547916, 1241809738238, 0, 568, 2, 109, 0, 0, 0, 0, 2, 0
1802, 1241810041214, , 0, 376, 1, 498, 995, 7, 2, 103144, 12, 2
181164, 1241803188461, 1241803195872, 0, 0, 0, 0, 0, 0, 0, 0, 1, 
183913, 1241799708971, 1241799766564, 0, 0, 0, 0, 0, 0, 0, 447249, 2, 
187381, , , 20.450000000000003, 0, 0, 0, 0, 7, 4, 2843, , 
188678, 1241803985971, 1241804439521, 0, 5606, 5, 1262.6, 0, 0, 0, 0, 3, 
1892, 1241809700914, , 18.35, 240, 1, 343, 33511, 20, 6, 995, 12, 2
192120, , , 28.700000000000003, 0, 0, 0, 0, 2, 7, 209500, , 
196462, , , 30.650000000000002, 0, 0, 0, 0, 2, 12, 392944, , 
199427, , , 836.5000000000001, 0, 0, 0, 0, 1, 9, 208602, , 
199955, 1241807723931, 1241809378208, 0, 958, 4, 148, 0, 1, 0, 81899, 4, 1
20260, , , 808.1999999999998, 0, 0, 0, 0, 18, 15, 12, , 
202873, , , 96.8, 0, 0, 0, 0, 1, 3, 341164, , 
208602, , , 403.35, 0, 0, 0, 0, 7, 1, 351626, , 
210003, 1241802605573, 1241803078201, 0, 287, 1, 268, 0, 0, 0, 39030, 1, 
210210, , , 34.15, 0, 0, 0, 0, 4, 4, 381607, , 
21067, 1241809850651, , 0, 1426, 5, 338, 0, 2, 45, 302907, 8, 4
211527, 1241808029567, 1241809527912, 0, 0, 0, 0, 0, 1, 0, 197740, 3, 
211601, , , 5.5, 0, 0, 0, 0, 1, 9, 7078, , 
211715, , , 6.75, 0, 0, 0, 0, 2, 3, 299646, , 
217283, , , 36.7, 0, 0, 0, 0, 64, 3, 57393, , 
223864, , , 327, 0, 0, 0, 0, 7, 36, 160138, , 
227007, 1241808879503, , 0, 705, 4, 279, 0, 3, 5, 43402, 8, 1
241998, 1241809877468, 1241810104075, 0, 0, 0, 0, 0, 0, 0, 161610, 3, 0
249619, 1241809917291, , 25.200000000000003, 3440, 20, 106.2, 0, 1, 0, 298666, 3, 0
25664, , , 54.9, 0, 0, 0, 0, 1, 3, 43402, , 
256746, , , 83.5, 0, 0, 0, 0, 5, 30, 61984, , 
259344, , , 888.6500000000004, 0, 0, 0, 0, 23, 22, 143538, , 
269092, 1241800127350, 1241803858240, 0, 683, 5, 122.8, 0, 1, 2, 170316, 4, 1
269484, , , 37.3, 0, 0, 0, 0, 12, 0, 166371, , 
271936, 1241800647935, 1241801781915, 0, 587, 1, 185, 0, 3, 0, 887964, 4, 
2779, 1241800102276, 1241800756797, 0, 387, 3, 129, 0, 0, 0, 0, 1, 
2796, , , 169.60000000000002, 0, 0, 0, 0, 5, 0, 259344, , 
282780, 1241799387786, 1241799804366, 0, 95, 1, 95, 0, 0, 0, 0, 1, 
283855, , , 71.30000000000001, 0, 0, 0, 0, 1, 2, 98128, , 
2843, 1241799845032, 1241800603528, 0, 2379, 5, 475.8, 5212, 8, 33, 3383, 13, 11
285205, , , 9.5, 0, 0, 0, 0, 7, 0, 154004, , 
285870, 1241803960446, 1241804423267, 0, 5606, 5, 979.6, 0, 0, 0, 0, 3, 
294591, 1241799932587, 1241799951340, 0, 0, 0, 0, 0, 0, 0, 0, 1, 
298207, 1241809648908, 1241809718003, 0, 0, 0, 0, 0, 0, 0, 1032874, 2, 
298666, , , 397.8999999999999, 0, 0, 0, 0, 8, 1, 259344, , 
302907, , , 142.60000000000002, 0, 0, 0, 0, 2, 2, 283855, , 
307471, 1241802007614, 1241806184427, 55.800000000000004, 2468, 9, 447.77777777777777, 0, 7, 19, 12, 10, 4
309096, , , 57.400000000000006, 0, 0, 0, 0, 7, 1, 192120, , 
311783, 1241803806267, 1241805941126, 60.7, 2418, 11, 291.54545454545456, 0, 13, 3, 11460, 10, 7
3200, 1241809589119, 1241810272034, 475.05000000000007, 1056, 4, 389.25, 71724, 36, 22, 223864, 13, 2
320641, 1241810042704, , 0, 0, 0, 0, 0, 1, 1, 200818, 2, 0
325853, 1241808583270, 1241809846950, 0, 661, 6, 96.16666666666667, 0, 0, 0, 92600, 2, 0
32654, , , 109.8, 0, 0, 0, 0, 3, 0, 25664, , 
333608, 1241808842641, , 0, 83, 1, 107, 0, 2, 0, 5212, 7, 3
33541, , , 29.950000000000003, 0, 0, 0, 0, 1, 2, 12, , 
3383, 1241806724936, 1241808417749, 237.9, 12549, 19, 571.7368421052632, 8842, 6, 10, 12791, 16, 2
338409, 1241806527545, 1241806583525, 0, 0, 0, 0, 0, 6, 4, 65584, 6, 4
34950, 1241808874317, 1241809248965, 0, 214, 2, 109.5, 111408, 0, 0, 20260, 2, 0
351598, , , 756, 0, 0, 0, 0, 1, 32, 359624, , 
35568, , , 18.900000000000002, 0, 0, 0, 0, 3, 30, 258951, , 
359624, , , 378, 0, 0, 0, 0, 4, 1, 201132, , 
366598, , , 21.950000000000003, 0, 0, 0, 0, 1, 3, 388185, , 
373583, 1241808246855, , 0, 1801, 9, 150.33333333333334, 0, 0, 0, 0, 3, 0
383387, , , 915.1499999999999, 0, 0, 0, 0, 7, 57, 0, , 
3865, , , 8.3, 0, 0, 0, 0, 2, 1, 112602, , 
39030, 1241809192536, , 28.700000000000003, 163, 1, 142, 60678, 12, 7, 196462, 7, 2
392944, , , 8.15, 0, 0, 0, 0, 2, 2, 206649, , 
397835, , , 125.6, 0, 0, 0, 0, 5, 35, 47379, , 
4012, 1241809313363, 1241810155904, 0, 83, 1, 165, 3865, 1, 0, 3865, 4, 2
41022, , , 120.90000000000002, 0, 0, 0, 0, 2, 1, 412796, , 
413254, 1241808257383, , 0, 1272, 5, 244, 8401, 3, 0, 8401, 4, 2
4139, 1241807895968, 1241808990077, 100.44999999999999, 16803, 26, 748.9230769230769, 44987, 25, 23, 713, 19, 3
4141, 1241802492995, 1241804758140, 0, 1696, 8, 232, 0, 0, 0, 2796, 3, 
421572, 1241808978986, , 0, 413, 2, 108, 0, 0, 0, 298666, 2, 0
430717, 1241809548230, 1241810065841, 0, 835, 3, 331.3333333333333, 503425, 30, 25, 256746, 12, 6
43240, , , 49.60000000000001, 0, 0, 0, 0, 1, 1, 144593, , 
43402, , , 339.65, 0, 0, 0, 0, 12, 6, 123961, , 
438480, 1241801956210, 1241802022927, 0, 0, 0, 0, 0, 0, 0, 0, 1, 
43915, 1241802355610, 1241802361112, 0, 0, 0, 0, 0, 0, 0, 61984, 2, 0
447249, 1241803767569, 1241805556719, 59.60000000000001, 8067, 12, 741.6666666666666, 10642, 9, 5, 199427, 15, 2
505544, , , 13.5, 0, 0, 0, 0, 3, 0, 211715, , 
510740, , , 48.2, 0, 0, 0, 0, 70, 4, 534632, , 
5212, 1241808221583, 1241808386053, 8.3, 177, 1, 353, 2843, 17, 16, 156489, 14, 2
522658, , , 22.6, 0, 0, 0, 0, 6, 4, 10642, , 
52818, 1241802568566, 1241803233081, 0, 0, 0, 0, 1118266, 4, 1, 367452, 4, 0
533, 1241805954298, , 0, 4077, 7, 491, 535, 10, 11, 20260, 14, 2
534632, , , 24.1, 0, 0, 0, 0, 7, 70, 445660, , 
541655, , , 436.04999999999995, 0, 0, 0, 0, 1, 22, 126451, , 
54776, 1241808312053, , 194.8, 7582, 23, 450.4347826086956, 1062, 80, 33, 89757, 16, 3
55009, 1241810197885, , 0, 574, 3, 212.33333333333334, 0, 1, 3, 309096, 4, 0
559, 1241805230405, 1241805420869, 0, 226, 1, 183, 0, 4, 0, 522658, 4, 
561864, , , 36.7, 0, 0, 0, 0, 1, 0, 1892, , 
563105, 1241809302280, , 0, 0, 0, 0, 0, 0, 0, 285205, 1, 0
57393, , , 18.35, 0, 0, 0, 0, 6, 68, 159420, , 
57825, 1241802417062, 1241802450303, 0, 0, 0, 0, 0, 0, 0, 8938, 1, 
612389, 1241809539684, , 0, 325, 2, 170.5, 0, 0, 0, 0, 1, 0
613661, 1241800805911, 1241803202364, 0, 367, 2, 222, 0, 0, 0, 561864, 3, 0
61984, , , 41.75, 0, 0, 0, 0, 3, 5, 61045, , 
622935, 1241808415446, 1241809908173, 0, 1098, 7, 137.14285714285714, 0, 0, 0, 32654, 2, 
624616, 1241806209964, 1241808441700, 0, 856, 4, 155.75, 0, 1, 0, 104252, 3, 
624632, 1241800226072, 1241800661481, 0, 135, 1, 129, 0, 0, 0, 505544, 2, 
632287, 1241804539701, 1241804872318, 0, 95, 1, 89, 0, 0, 0, 285205, 1, 
63415, 1241809786351, , 0, 8721, 28, 329.07142857142856, 0, 11, 1, 8938, 6, 3
642041, 1241801759109, 1241806097203, 154.4, 2009, 10, 139.1, 0, 3, 3, 16825, 4, 1
643236, 1241800511990, 1241800793036, 0, 110, 1, 92, 0, 0, 0, 132921, 2, 
70557, 1241810083499, , 0, 0, 0, 0, 0, 6, 24, 502119, 5, 2
70997, , , 269.7, 0, 0, 0, 0, 35, 10, 397835, , 
713, 1241810192626, , 2090.6, 0, 0, 0, 1265, 11, 79, 12, 19, 6
73304, , , 66.65, 0, 0, 0, 0, 2, 1, 53030, , 
759000, 1241808402534, 1241808914370, 0, 409, 2, 147.5, 0, 0, 0, 140986, 1, 
782580, 1241800803636, 1241801551095, 0, 367, 2, 144.5, 0, 0, 0, 217283, 2, 
80094, 1241800678577, 1241803853532, 37, 2512, 8, 331.875, 65812, 10, 1, 70997, 6, 4
802319, , , 47.900000000000006, 0, 0, 0, 0, 2, 6, 773108, , 
81899, , , 95.80000000000001, 0, 0, 0, 0, 6, 2, 802319, , 
835426, , , 37.6, 0, 0, 0, 0, 2, 1, 1092321, , 
836050, 1241809140602, , 0, 1632, 5, 468.4, 592692, 13, 6, 113237, 8, 2
8401, , , 127.2, 0, 0, 0, 0, 8, 3, 103033, , 
887964, , , 58.7, 0, 0, 0, 0, 2, 3, 919861, , 
8938, 1241802602050, 1241802954041, 872.0999999999999, 0, 0, 0, 0, 22, 13, 541655, 6, 3
89757, , , 855.6000000000001, 0, 0, 0, 0, 3, 80, 20260, , 
90041, , , 67.10000000000001, 0, 0, 0, 0, 1, 10, 258951, , 
9067, 1241809800492, 1241809918201, 0, 0, 0, 0, 0, 0, 0, 8938, 2, 
913234, 1241800694237, 1241800824484, 0, 0, 0, 0, 0, 0, 0, 0, 1, 
919861, , , 29.35, 0, 0, 0, 0, 1, 2, 171151, , 
92600, 1241804828252, 1241806430571, 66.10000000000001, 2361, 9, 338.22222222222223, 0, 1, 0, 43402, 3, 0
968, 1241808817510, 1241809328036, 0, 599, 2, 166.5, 0, 5, 3, 1704, 11, 2
96912, , , 50.6, 0, 0, 0, 0, 2, 0, 138741, , 
995, , , 24, 0, 0, 0, 0, 13, 20, 12, , 
<<<<EndTable

PlayersOnlineNow=32
PlayersOnlineEachMinute=0, 2, 4, 3, 5, 5, 5, 4, 4, 4, 5, 6, 6, 6, 7, 8, 7, 8, 8, 10, 10, 11, 11, 13, 12, 15, 15, 15, 15, 16, 14, 16, 18, 19, 20, 20, 20, 18, 18, 16, 16, 19, 17, 19, 19, 20, 18, 17, 19, 20, 20, 18, 20, 20, 20, 19, 18, 20, 18, 17, 18, 19, 17, 18, 19, 18, 19, 17, 18, 18, 17, 16, 19, 19, 19, 20, 18, 18, 18, 18, 20, 22, 21, 17, 17, 17, 15, 15, 15, 16, 17, 17, 20, 19, 17, 15, 17, 16, 17, 17, 18, 18, 17, 15, 14, 15, 14, 14, 12, 11, 12, 13, 12, 13, 12, 13, 14, 15, 14, 14, 13, 13, 13, 14, 14, 13, 13, 13, 13, 14, 13, 11, 10, 11, 11, 11, 10, 9, 11, 10, 10, 11, 12, 12, 12, 12, 12, 12, 12, 12, 12, 14, 14, 14, 14, 15, 15, 15, 16, 15, 14, 15, 15, 15, 17, 17, 17, 20, 22, 23, 22, 23, 23, 23, 22, 23, 24, 26, 26, 25, 24, 23, 25, 24, 28, 27, 26, 25, 24, 26, 27, 28, 27, 26, 26, 27, 28, 31, 31, 33
PlayersInEachFeedingGame=1, 2, 1, 1, 1, 1, 1, 2, 1, 1, 2, 2, 2, 1, 2, 1, 1, 1, 1, 2, 2, 2, 1, 2, 2, 1, 2, 2, 4, 1, 2, 2, 2, 2, 1, 2, 2, 2, 2, 2, 2, 1, 2, 2, 2, 1, 1, 1, 2, 2, 1, 2, 2, 1, 2, 2, 2, 2, 1, 2, 2, 2, 2, 1, 2, 2, 1, 1, 2, 1, 2, 2, 2, 2, 2, 2, 2, 2, 2, 3, 3, 2, 1, 2, 2, 2, 2, 2, 2, 1, 2, 2, 1, 2, 2, 2, 2, 2, 1, 2, 1, 2, 2, 1, 2, 2, 2, 1, 1, 1, 2, 2, 2, 2, 2, 2, 1, 2, 2, 2, 2, 2, 2, 2, 2, 2, 2, 1, 2, 2, 2, 2, 2, 2, 1, 2, 2, 2, 1, 2, 2, 2, 2, 2, 2, 2, 3, 2, 1, 1, 1, 2, 2, 2, 2, 2, 1, 1, 1, 3, 2, 2, 2, 2, 2, 2, 2, 1, 2, 2, 1, 2, 2, 2, 1, 2, 1, 3, 2, 2, 2, 1, 2, 2, 2, 2, 2, 2, 2, 2, 2, 2, 2, 2, 2, 2, 2, 2
PlayersStarted=226
PlayersQuit=194
StatsStartTime=1241798276021
StatsDumpTime=1241810276829
<<<<EndStats
2009-05-08 12:18:28,337 ERROR: vampire.server.feeding.FeedingRecord sendPlayerStartGameMsg [playerId=413254, prey=true, _predatorIndex=]
2009-05-08 12:18:28,337 ERROR: vampire.server.feeding.FeedingRecord sendPlayerStartGameMsg [playerId=373583, prey=false, _predatorIndex=]
2009-05-08 12:19:12,366 ERROR: vampire.server.feeding.FeedingRecord sendPlayerStartGameMsg [playerId=54776, prey=false, _predatorIndex=39030]
2009-05-08 12:19:17,092 ERROR: vampire.server.feeding.FeedingRecord sendPlayerStartGameMsg [playerId=249619, prey=true, _predatorIndex=]
2009-05-08 12:19:17,093 ERROR: vampire.server.feeding.FeedingRecord sendPlayerStartGameMsg [playerId=1347440, prey=false, _predatorIndex=]
2009-05-08 12:19:41,341 ERROR: vampire.server.feeding.FeedingRecord sendPlayerStartGameMsg [playerId=1347440, prey=false, _predatorIndex=]
2009-05-08 12:19:42,304 ERROR: vampire.server.feeding.FeedingRecord sendPlayerStartGameMsg [playerId=70557, prey=true, _predatorIndex=]
2009-05-08 12:19:42,305 ERROR: vampire.server.feeding.FeedingRecord sendPlayerStartGameMsg [playerId=227007, prey=false, _predatorIndex=]
2009-05-08 12:19:49,156 ERROR: vampire.server.feeding.FeedingRecord sendPlayerStartGameMsg [playerId=54776, prey=true, _predatorIndex=]
2009-05-08 12:19:49,156 ERROR: vampire.server.feeding.FeedingRecord sendPlayerStartGameMsg [playerId=249619, prey=false, _predatorIndex=]
2009-05-08 12:20:56,611 ERROR: vampire.server.feeding.FeedingRecord sendPlayerStartGameMsg [playerId=39030, prey=true, _predatorIndex=]
2009-05-08 12:20:56,612 ERROR: vampire.server.feeding.FeedingRecord sendPlayerStartGameMsg [playerId=413254, prey=false, _predatorIndex=]
2009-05-08 12:21:10,918 ERROR: vampire.server.feeding.FeedingRecord sendPlayerStartGameMsg [playerId=10628, prey=true, _predatorIndex=]
2009-05-08 12:21:10,919 ERROR: vampire.server.feeding.FeedingRecord sendPlayerStartGameMsg [playerId=612389, prey=false, _predatorIndex=]
2009-05-08 12:21:40,420 ERROR: vampire.server.feeding.FeedingRecord sendPlayerStartGameMsg [playerId=176400, prey=true, _predatorIndex=]
2009-05-08 12:21:40,421 ERROR: vampire.server.feeding.FeedingRecord sendPlayerStartGameMsg [playerId=1241857, prey=false, _predatorIndex=]
2009-05-08 12:21:55,830 ERROR: vampire.server.feeding.FeedingRecord sendPlayerStartGameMsg [playerId=63415, prey=false, _predatorIndex=413254]
2009-05-08 12:22:39,611 ERROR: vampire.server.feeding.FeedingRecord sendPlayerStartGameMsg [playerId=1802, prey=true, _predatorIndex=]
2009-05-08 12:22:39,611 ERROR: vampire.server.feeding.FeedingRecord sendPlayerStartGameMsg [playerId=1162172, prey=false, _predatorIndex=]
2009-05-08 12:22:54,523 ERROR: vampire.server.feeding.FeedingRecord sendPlayerStartGameMsg [playerId=836050, prey=true, _predatorIndex=]
2009-05-08 12:22:54,524 ERROR: vampire.server.feeding.FeedingRecord sendPlayerStartGameMsg [playerId=421572, prey=false, _predatorIndex=]
2009-05-08 12:22:55,629 ERROR: vampire.server.feeding.FeedingRecord sendPlayerStartGameMsg [playerId=373583, prey=true, _predatorIndex=]
2009-05-08 12:22:55,629 ERROR: vampire.server.feeding.FeedingRecord sendPlayerStartGameMsg [playerId=612389, prey=false, _predatorIndex=]
2009-05-08 12:23:10,645 ERROR: vampire.server.feeding.FeedingRecord sendPlayerStartGameMsg [playerId=1347440, prey=true, _predatorIndex=]
2009-05-08 12:23:10,646 ERROR: vampire.server.feeding.FeedingRecord sendPlayerStartGameMsg [playerId=227007, prey=false, _predatorIndex=]
2009-05-08 12:24:47,352 ERROR: vampire.server.feeding.FeedingRecord sendPlayerStartGameMsg [playerId=21067, prey=true, _predatorIndex=]
2009-05-08 12:24:47,352 ERROR: vampire.server.feeding.FeedingRecord sendPlayerStartGameMsg [playerId=176400, prey=false, _predatorIndex=]
2009-05-08 12:26:06,105 ERROR: vampire.server.feeding.FeedingRecord sendPlayerStartGameMsg [playerId=1241857, prey=true, _predatorIndex=]
2009-05-08 12:26:06,106 ERROR: vampire.server.feeding.FeedingRecord sendPlayerStartGameMsg [playerId=1347440, prey=false, _predatorIndex=]
2009-05-08 12:26:18,787 ERROR: vampire.server.feeding.FeedingRecord sendPlayerStartGameMsg [playerId=227007, prey=true, _predatorIndex=]
2009-05-08 12:26:18,788 ERROR: vampire.server.feeding.FeedingRecord sendPlayerStartGameMsg [playerId=54776, prey=false, _predatorIndex=]
2009-05-08 12:27:08,130 ERROR: vampire.server.feeding.FeedingRecord sendPlayerStartGameMsg [playerId=183913, prey=false, _predatorIndex=]
2009-05-08 12:27:45,013 ERROR: vampire.server.feeding.FeedingRecord sendPlayerStartGameMsg [playerId=21067, prey=false, _predatorIndex=54776]

