
>>>>BeginStats

>>>>BeginTable
PlayerId, StartTime, EndTime, ProgenyPayout, XPFromFeeding, FeedingGames, MeanFeedingScore, BloodBond, Progeny, GrandProgeny, Sire, Level, Invites
100300, , , 51.1, 0, 0, 0, 0, 2, 0, 447249, , 
1009338, 1241878427951, 1241879443648, 0, 986, 3, 193.66666666666666, 0, 0, 0, 283305, 1, 
1010692, , , 570.9999999999999, 0, 0, 0, 0, 17, 13, 70997, , 
1012813, , , 35.7, 0, 0, 0, 0, 6, 22, 54776, , 
101761, 1241875512263, 1241876052718, 0, 153, 1, 153, 0, 1, 1, 24474, 2, 
102065, 1241882803962, 1241882818795, 0, 0, 0, 0, 0, 0, 0, 94382, 2, 0
10260, , , 208.10000000000002, 0, 0, 0, 0, 10, 8, 713, , 
1032421, , , 66.7, 0, 0, 0, 0, 9, 0, 990799, , 
1032874, 1241869992672, 1241870165954, 0, 0, 0, 0, 1090611, 4, 0, 1127083, 4, 
103634, , , 38.3, 0, 0, 0, 0, 1, 2, 369681, , 
1043, , , 70.5, 0, 0, 0, 0, 5, 0, 12, , 
1062, , , 62.900000000000006, 0, 0, 0, 0, 11, 7, 713, , 
1062853, 1241878071071, 1241878150378, 18.85, 0, 0, 0, 1138895, 9, 20, 1124214, 8, 2
10642, , , 321.55, 0, 0, 0, 0, 33, 16, 351598, , 
1068228, 1241867701573, 1241870065630, 0, 1342, 10, 127.4, 0, 0, 0, 188779, 2, 
1073413, 1241856636102, 1241856707658, 0, 0, 0, 0, 0, 0, 0, 176400, 2, 
108988, 1241880419162, 1241880605299, 0, 0, 0, 0, 0, 2, 1, 133372, 5, 1
1090442, 1241881146079, 1241881161596, 0, 0, 0, 0, 0, 3, 5, 797824, 4, 
1092321, , , 633.15, 0, 0, 0, 0, 32, 10, 35568, , 
1100098, 1241870626270, 1241871611629, 0, 0, 0, 0, 0, 0, 0, 0, 1, 
110056, 1241868034570, 1241868308591, 0, 629, 4, 159.25, 0, 0, 0, 1062, 2, 
1101, 1241856888509, 1241857774135, 0, 0, 0, 0, 0, 2, 19, 239981, 9, 1
110178, , , 4.2, 0, 0, 0, 0, 6, 5, 12770, , 
1104968, 1241865265855, 1241869068506, 0, 1291, 5, 404, 0, 1, 0, 22308, 4, 1
1107317, 1241882778905, , 0, 0, 0, 0, 0, 0, 0, 0, 1, 0
110735, 1241881167213, 1241881941567, 0, 1072, 3, 110, 1255618, 0, 0, 408501, 3, 
1108399, 1241860775190, 1241861667700, 0, 377, 4, 93.5, 0, 0, 0, 153097, 3, 
1119385, 1241878575908, 1241878624338, 0, 0, 0, 0, 0, 1, 0, 3200, 4, 
112602, , , 34.45, 0, 0, 0, 0, 1, 2, 121983, , 
1127083, , , 51.900000000000006, 0, 0, 0, 0, 20, 4, 998652, , 
112807, 1241875406150, 1241875455570, 0, 0, 0, 0, 0, 0, 0, 0, 1, 
112953, , , 13.200000000000001, 0, 0, 0, 0, 3, 7, 241176, , 
1129620, 1241857568877, 1241857575361, 0, 0, 0, 0, 0, 0, 0, 0, 1, 
113127, , , 88.45000000000002, 0, 0, 0, 0, 2, 5, 156956, , 
113237, , , 52.400000000000006, 0, 0, 0, 0, 9, 14, 10642, , 
1132632, 1241870784133, 1241871778136, 0, 1341, 7, 143.57142857142858, 0, 0, 0, 1092321, 3, 
1138221, 1241879393164, 1241880777952, 0, 2615, 8, 477.625, 1283799, 0, 0, 269484, 4, 
1139834, 1241873478884, 1241875547869, 0, 638, 5, 136, 0, 0, 0, 325853, 1, 
114461, , , 22.1, 0, 0, 0, 0, 2, 1, 390995, , 
1147059, 1241875268613, 1241876335607, 0, 1063, 4, 176, 0, 0, 0, 124440, 2, 
1153772, 1241875320374, 1241876394121, 0, 565, 4, 134.75, 0, 0, 0, 69453, 1, 
1156910, 1241877057384, , 0, 4457, 18, 173.11111111111111, 0, 0, 0, 178724, 4, 0
1158835, 1241875943186, 1241877011714, 0, 0, 0, 0, 0, 0, 0, 103033, 1, 
1162720, 1241864538759, 1241864614469, 0, 0, 0, 0, 0, 0, 0, 0, 1, 
1166100, 1241857504629, 1241857516545, 0, 0, 0, 0, 0, 0, 0, 176400, 1, 
1168325, 1241871392527, 1241871501574, 0, 0, 0, 0, 0, 0, 0, 1135140, 1, 
117178, 1241861462503, 1241862594357, 0, 1160, 6, 193.33333333333334, 0, 0, 0, 533, 3, 
1174713, 1241874842706, 1241876171591, 0, 789, 6, 132.66666666666666, 0, 0, 0, 616423, 1, 
1178608, 1241869134343, 1241869602618, 0, 280, 2, 125.5, 0, 0, 0, 0, 1, 
118975, 1241863721486, 1241863839514, 0, 69, 1, 137, 0, 1, 1, 160138, 12, 2
1192337, , , 71.4, 0, 0, 0, 0, 17, 21, 1012813, , 
1197979, 1241880483521, 1241880504195, 0, 0, 0, 0, 0, 0, 0, 0, 1, 
1199648, 1241878077156, 1241878353461, 0, 633, 3, 150.66666666666666, 0, 2, 0, 394001, 4, 1
12, , , 1929.75, 0, 0, 0, 0, 20, 77, 383387, , 
120076, , , 273.40000000000003, 0, 0, 0, 0, 11, 0, 34987, , 
1203701, 1241877226493, 1241878226222, 0, 462, 5, 92, 0, 0, 0, 69453, 2, 
1209988, 1241881815648, 1241881829983, 0, 0, 0, 0, 0, 0, 0, 171513, 1, 
1211902, 1241861305910, 1241862191683, 0, 230, 2, 62, 0, 0, 0, 31590, 1, 
121984, 1241872088654, 1241872174335, 0, 0, 0, 0, 384781, 6, 11, 166, 10, 2
1221829, 1241876833561, 1241877787780, 0, 758, 3, 166, 0, 0, 0, 124440, 1, 
1221858, 1241867038250, 1241867042489, 0, 0, 0, 0, 0, 0, 0, 0, 1, 
1229, , , 7.65, 0, 0, 0, 0, 5, 9, 713, , 
122907, , , 19.1, 0, 0, 0, 0, 1, 10, 251062, , 
1232051, 1241857066524, 1241857937900, 0, 222, 2, 115, 0, 0, 0, 1285504, 1, 
1234731, 1241865734590, 1241866168136, 0, 137, 1, 138, 0, 0, 0, 1311317, 1, 
1238240, 1241868930843, 1241871671627, 0, 0, 0, 0, 0, 0, 0, 0, 1, 
123961, , , 149.35, 0, 0, 0, 0, 5, 22, 713, , 
1241857, , , 784.2, 0, 0, 0, 0, 4, 4, 259344, , 
124440, 1241880996503, , 150.5, 3961, 18, 266.22222222222234, 99802, 2, 0, 1092321, 4, 0
124585, , , 6.25, 0, 0, 0, 0, 5, 5, 143278, , 
1247293, 1241861378552, 1241861510429, 0, 0, 0, 0, 0, 0, 0, 217283, 1, 
1254740, 1241879281987, 1241879411637, 0, 0, 0, 0, 0, 0, 0, 0, 1, 
1255018, 1241882740874, , 0, 221, 1, 221, 0, 1, 0, 114461, 3, 1
1261242, 1241874179738, 1241874433217, 0, 0, 0, 0, 0, 0, 0, 0, 1, 
1261552, 1241874084278, 1241874392298, 0, 0, 0, 0, 0, 0, 0, 0, 1, 
1265, , , 8.9, 0, 0, 0, 0, 2, 31, 12, , 
1269811, 1241861898033, 1241866122449, 0, 1797, 13, 124.6923076923077, 0, 0, 0, 11600, 2, 
127167, 1241875087758, 1241875163879, 0, 0, 0, 0, 0, 0, 0, 59149, 2, 0
1275561, 1241874264463, 1241875413814, 0, 2130, 11, 175.0909090909091, 0, 1, 0, 772113, 3, 
12770, , , 1967.05, 0, 0, 0, 0, 23, 48, 383387, , 
12791, , , 680.4, 0, 0, 0, 0, 15, 16, 12, , 
1281412, 1241877145312, 1241877476050, 0, 0, 0, 0, 0, 0, 0, 1124156, 1, 
1283335, 1241878158606, 1241879378827, 0, 757, 4, 189.25, 0, 0, 0, 0, 1, 
1283945, 1241859583957, 1241859791631, 0, 0, 0, 0, 0, 0, 0, 276660, 1, 
1284093, 1241875621953, 1241875622830, 0, 0, 0, 0, 0, 1, 0, 1124214, 2, 1
1285504, 1241867392702, 1241867598799, 522.8, 5228, 16, 411.5, 1346597, 4, 0, 1241857, 4, 3
1285589, 1241874488952, 1241874512071, 0, 0, 0, 0, 0, 0, 0, 0, 1, 
1293033, 1241875467960, 1241875478217, 0, 0, 0, 0, 0, 0, 0, 0, 1, 
1297010, 1241866435387, 1241866731516, 0, 119, 1, 112, 0, 0, 0, 71724, 2, 
1307321, 1241863708138, 1241863750788, 0, 0, 0, 0, 0, 0, 0, 0, 1, 
1311317, 1241863281111, , 13.700000000000001, 3897, 18, 153.55555555555554, 0, 1, 0, 616423, 3, 0
131190, 1241877555966, 1241877882482, 0, 178, 1, 160, 0, 3, 0, 258951, 4, 
1323312, 1241876076068, 1241876095095, 0, 207, 2, 101, 0, 0, 0, 392522, 1, 
1324218, 1241881837225, 1241881848473, 0, 0, 0, 0, 0, 0, 0, 0, 1, 
1331190, 1241877628576, 1241877962868, 0, 0, 0, 0, 0, 0, 0, 1119385, 2, 
1333542, 1241861787649, 1241863138578, 0, 460, 2, 166, 0, 0, 0, 31590, 1, 
1334562, 1241859803328, 1241861048899, 0, 649, 6, 107.83333333333333, 0, 0, 0, 336524, 1, 
1337283, 1241866513269, 1241866521656, 0, 0, 0, 0, 0, 0, 0, 0, 1, 
1339948, 1241866485169, 1241867812596, 0, 848, 7, 98.57142857142857, 0, 0, 0, 336524, 1, 
1344561, 1241878430544, 1241879066517, 0, 2346, 13, 160.6153846153846, 0, 0, 0, 54776, 2, 
1346419, 1241881853199, 1241882024825, 0, 0, 0, 0, 0, 0, 0, 0, 1, 
1346597, 1241858095506, 1241862093172, 0, 5006, 14, 259.7142857142857, 1285504, 0, 0, 1285504, 4, 
1348824, 1241858286015, 1241858779688, 0, 120, 1, 127, 0, 0, 0, 526836, 1, 
1349123, 1241881733351, 1241882077882, 0, 112, 1, 112, 0, 0, 0, 0, 1, 
1351779, 1241875872569, 1241876136784, 0, 156, 1, 156, 0, 0, 0, 0, 1, 
1354814, 1241879156454, 1241879479342, 0, 128, 1, 128, 0, 0, 0, 0, 1, 
135504, 1241859264466, 1241859735084, 0, 128, 1, 151, 139439, 2, 1, 75123, 4, 0
1355173, 1241877557100, 1241877671675, 0, 0, 0, 0, 0, 0, 0, 0, 1, 
135526, , , 212.9, 0, 0, 0, 0, 11, 0, 162782, , 
1355970, 1241875889906, 1241875899042, 0, 0, 0, 0, 0, 0, 0, 0, 1, 
1359416, 1241857835006, 1241858117705, 0, 93, 1, 93, 0, 0, 0, 0, 1, 
1359663, 1241874396080, 1241874787520, 0, 158, 2, 115, 0, 0, 0, 0, 1, 
1359770, 1241878097049, 1241878511637, 0, 95, 1, 95, 0, 0, 0, 0, 1, 
1361151, 1241868681788, 1241869721274, 0, 337, 3, 112.33333333333333, 0, 0, 0, 526836, 1, 
1361493, 1241863220669, 1241863243922, 0, 0, 0, 0, 0, 0, 0, 0, 1, 
1367322, 1241879349455, 1241879557879, 0, 0, 0, 0, 0, 0, 0, 0, 1, 
1369520, 1241857343607, 1241857358170, 0, 0, 0, 0, 0, 0, 0, 0, 1, 
1370325, 1241859891923, 1241859908267, 0, 0, 0, 0, 0, 0, 0, 0, 1, 
1372195, 1241864401613, 1241864438820, 0, 0, 0, 0, 0, 0, 0, 0, 1, 
1372441, 1241864675717, 1241864770503, 0, 0, 0, 0, 0, 0, 0, 0, 1, 
1372681, 1241879846470, 1241880306790, 0, 527, 5, 87.4, 0, 0, 0, 47379, 1, 
1377527, 1241880883779, , 0, 840, 5, 158.8, 0, 0, 0, 283305, 1, 0
137784, 1241857281606, 1241857685940, 0, 264, 1, 114, 0, 0, 0, 153510, 3, 0
1378076, 1241875910683, 1241876411587, 0, 0, 0, 0, 0, 0, 0, 0, 1, 
1378333, 1241877489051, 1241877587922, 0, 0, 0, 0, 0, 0, 0, 0, 1, 
1378346, 1241879869508, 1241879904756, 0, 0, 0, 0, 0, 0, 0, 0, 1, 
1379749, 1241878579387, 1241878626798, 0, 0, 0, 0, 0, 0, 0, 0, 1, 
1380036, 1241879679087, 1241879814875, 0, 0, 0, 0, 0, 0, 0, 0, 1, 
1380189, 1241879264507, 1241879303469, 0, 0, 0, 0, 0, 0, 0, 0, 1, 
1380531, 1241882600464, 1241882658105, 0, 0, 0, 0, 0, 0, 0, 0, 1, 
138064, 1241873945467, 1241874117616, 0, 0, 0, 0, 0, 0, 0, 12791, 4, 0
1380818, 1241882035558, 1241882044907, 0, 0, 0, 0, 0, 0, 0, 0, 1, 
1381296, 1241881509601, , 0, 181, 2, 90.5, 0, 0, 0, 0, 1, 0
1381318, 1241882037819, 1241882044188, 0, 0, 0, 0, 0, 0, 0, 0, 1, 
139439, 1241859377160, 1241859522363, 0, 0, 0, 0, 135504, 1, 0, 372191, 3, 0
148375, 1241878453448, 1241878565168, 0, 0, 0, 0, 0, 0, 0, 1192337, 2, 
150469, , , 3.45, 0, 0, 0, 0, 3, 7, 57393, , 
153097, , , 37.7, 0, 0, 0, 0, 19, 0, 1062853, , 
153510, , , 26.400000000000002, 0, 0, 0, 0, 7, 0, 112953, , 
154004, 1241881745326, 1241882125766, 0, 258, 2, 169, 561706, 10, 7, 90041, 4, 0
155376, , , 211.40000000000003, 0, 0, 0, 0, 5, 4, 113127, , 
155708, 1241863352966, 1241866192342, 0, 1153, 6, 138.66666666666666, 0, 0, 0, 616423, 2, 
156175, 1241871142533, 1241871507217, 0, 0, 0, 0, 0, 0, 0, 116434, 1, 
156486, , , 79.1, 0, 0, 0, 0, 2, 0, 372783, , 
156626, 1241882987497, , 0, 0, 0, 0, 0, 0, 0, 217283, 2, 0
157645, , , 25.200000000000003, 0, 0, 0, 0, 1, 0, 211710, , 
157713, , , 51.300000000000004, 0, 0, 0, 0, 4, 0, 58859, , 
158967, 1241874044349, 1241874409818, 0, 201, 1, 101, 0, 0, 0, 44987, 1, 
159420, , , 45.1, 0, 0, 0, 0, 1, 6, 206649, , 
15959, 1241859224223, 1241862515049, 10.600000000000001, 693, 5, 121.8, 0, 1, 0, 616423, 2, 
160138, , , 129.65, 0, 0, 0, 0, 7, 8, 150469, , 
160801, 1241864546270, 1241864661887, 0, 0, 0, 0, 0, 5, 2, 166371, 4, 3
161876, 1241859719029, 1241860018603, 0, 505, 4, 126.25, 0, 0, 0, 0, 2, 0
162782, , , 106.45, 0, 0, 0, 0, 7, 11, 36377, , 
163362, 1241880677634, 1241881981028, 0, 163, 1, 105, 0, 1, 5, 12, 4, 0
163484, , , 19.8, 0, 0, 0, 0, 11, 5, 206649, , 
163514, 1241878704016, 1241879029176, 0, 0, 0, 0, 0, 3, 1, 155816, 4, 4
163610, 1241882602756, , 0, 330, 3, 91.33333333333333, 0, 0, 0, 86614, 1, 0
163995, 1241880844145, 1241880886197, 0, 0, 0, 0, 0, 0, 0, 163381, 1, 
16444, 1241875645371, 1241875854024, 0, 705, 1, 1189, 0, 0, 0, 1043, 9, 1
166371, , , 130.75, 0, 0, 0, 0, 4, 17, 267622, , 
167437, 1241856295185, 1241857114659, 0, 338, 3, 112.66666666666667, 0, 0, 0, 0, 1, 
167869, 1241869406003, 1241869458168, 0, 0, 0, 0, 0, 0, 0, 158722, 1, 
170191, , , 299.80000000000007, 0, 0, 0, 0, 3, 11, 202873, , 
171513, 1241880321175, 1241881338111, 0, 2998, 9, 304.55555555555554, 0, 11, 7, 170191, 12, 2
172342, 1241861405643, 1241861499283, 0, 0, 0, 0, 0, 0, 0, 320570, 2, 0
176511, 1241875681321, 1241875736742, 0, 0, 0, 0, 0, 2, 2, 154346, 8, 1
178366, 1241866432411, 1241866434553, 0, 0, 0, 0, 0, 0, 0, 259344, 3, 0
178724, , , 445.70000000000005, 0, 0, 0, 0, 10, 0, 58859, , 
181253, 1241877835266, 1241881155487, 0, 383, 2, 191.5, 0, 2, 0, 103634, 6, 3
181264, , , 35.15, 0, 0, 0, 0, 2, 5, 3812, , 
181374, 1241880163924, 1241880211866, 0, 0, 0, 0, 0, 0, 0, 7314, 3, 0
181738, 1241864831230, 1241864857628, 104.10000000000001, 0, 0, 0, 0, 5, 4, 12791, 7, 5
182454, 1241875856211, , 0, 0, 0, 0, 0, 0, 0, 99877, 3, 0
182539, 1241879785894, 1241880191639, 0, 980, 8, 139.375, 0, 2, 0, 879079, 3, 
183590, 1241866920753, 1241866938336, 0, 0, 0, 0, 0, 1, 1, 316089, 1, 1
186475, 1241879400436, 1241881755281, 0, 791, 5, 162.8, 0, 0, 0, 156486, 2, 
187169, 1241881154576, 1241881968920, 0, 42, 1, 33, 0, 1, 0, 110178, 1, 1
188678, 1241862534573, 1241863506505, 0, 45014, 9, 7603, 0, 0, 0, 0, 4, 
188779, 1241864028439, 1241865083034, 134.20000000000002, 570, 3, 203.33333333333334, 0, 2, 0, 202762, 4, 1
1892, , , 13.2, 0, 0, 0, 0, 21, 1, 995, , 
191945, , , 5, 0, 0, 0, 0, 1, 1, 197395, , 
192093, 1241882268466, , 0, 511, 5, 102.2, 0, 0, 0, 100300, 2, 0
193978, , , 11.5, 0, 0, 0, 0, 4, 4, 196206, , 
194401, 1241869644101, 1241869871655, 0, 0, 0, 0, 0, 2, 1, 49732, 5, 2
195736, , , 1004.75, 0, 0, 0, 0, 6, 36, 334835, , 
196149, 1241869024915, 1241869244495, 0, 0, 0, 0, 0, 0, 0, 185284, 3, 0
196206, , , 5.75, 0, 0, 0, 0, 4, 4, 157720, , 
196543, , , 49.00000000000001, 0, 0, 0, 0, 6, 2, 32314, , 
197932, 1241868354952, 1241869036483, 0, 289, 3, 106.66666666666667, 0, 0, 0, 333531, 3, 0
199955, 1241879790952, 1241879870249, 0, 0, 0, 0, 0, 1, 0, 81899, 4, 1
201048, , , 10, 0, 0, 0, 0, 1, 0, 191945, , 
20260, , , 1366.8000000000006, 0, 0, 0, 0, 18, 17, 12, , 
202762, , , 124.09999999999998, 0, 0, 0, 0, 2, 2, 39403, , 
202873, , , 149.90000000000003, 0, 0, 0, 0, 1, 3, 341164, , 
204698, 1241877139056, 1241877511823, 0, 328, 2, 108, 0, 0, 0, 208716, 1, 
20718, , , 39.6, 0, 0, 0, 0, 1, 0, 163484, , 
207385, 1241858591545, 1241858610553, 0, 0, 0, 0, 80072, 0, 0, 109906, 3, 0
208716, , , 32.800000000000004, 0, 0, 0, 0, 1, 0, 323132, , 
210163, , , 319.6, 0, 0, 0, 0, 12, 20, 255725, , 
211710, , , 12.600000000000001, 0, 0, 0, 0, 6, 1, 170405, , 
211715, , , 9.5, 0, 0, 0, 0, 2, 3, 299646, , 
211935, 1241878779273, 1241878804601, 11.8, 0, 0, 0, 0, 1, 3, 217505, 3, 0
213019, 1241878470993, 1241878691723, 0, 0, 0, 0, 0, 3, 3, 212370, 5, 5
217283, 1241879099422, 1241879434587, 52.25000000000001, 902, 5, 251, 532467, 71, 27, 57393, 13, 34
22308, , , 129.1, 0, 0, 0, 0, 10, 1, 775158, , 
223864, , , 245.5, 0, 0, 0, 0, 7, 37, 160138, , 
231853, 1241875791181, 1241875819519, 0, 0, 0, 0, 0, 0, 0, 0, 1, 
237231, , , 9.600000000000001, 0, 0, 0, 0, 1, 33, 20260, , 
23989, 1241874679025, 1241875652014, 0, 0, 0, 0, 0, 3, 0, 55009, 4, 0
240287, 1241858610644, 1241858647350, 0, 0, 0, 0, 0, 0, 0, 351430, 2, 
243620, 1241855992590, 1241856630624, 0, 519, 3, 173, 0, 0, 0, 1127083, 2, 
24474, , , 15.3, 0, 0, 0, 0, 7, 4, 1229, , 
256746, , , 8.3, 0, 0, 0, 0, 5, 30, 61984, , 
258951, , , 60.65, 0, 0, 0, 0, 25, 17, 1265, , 
258965, 1241872554233, 1241872615674, 0, 0, 0, 0, 0, 0, 0, 325853, 1, 
259344, , , 319.79999999999995, 0, 0, 0, 0, 23, 13, 143538, , 
2606, 1241864837082, 1241867411670, 0, 364, 1, 472, 0, 8, 2, 307471, 7, 1
261567, , , 19.200000000000003, 0, 0, 0, 0, 33, 1, 237231, , 
261716, , , 53.7, 0, 0, 0, 0, 1, 0, 181264, , 
269484, , , 261.5, 0, 0, 0, 0, 12, 0, 166371, , 
269788, 1241874117039, 1241874810195, 0, 332, 3, 115.33333333333333, 0, 0, 0, 94819, 1, 
278983, 1241874269379, 1241874487518, 0, 100, 1, 108, 0, 0, 0, 201048, 2, 2
28294, , , 21.15, 0, 0, 0, 0, 7, 1, 5842, , 
283305, 1241881001559, 1241881253603, 168.10000000000002, 1779, 6, 298.3333333333333, 544450, 5, 10, 497122, 8, 3
2843, , , 6.4, 0, 0, 0, 0, 8, 34, 3383, , 
285870, 1241863597050, 1241864173790, 0, 46972, 10, 2718.9, 0, 0, 0, 616423, 4, 
289190, 1241858259778, 1241858353130, 0, 0, 0, 0, 0, 0, 0, 269484, 1, 
294446, 1241882327942, 1241882355941, 0, 0, 0, 0, 0, 0, 0, 0, 1, 
294591, 1241875433648, 1241876420405, 0, 117, 1, 117, 0, 0, 0, 0, 1, 
297654, 1241877330112, 1241877556311, 0, 1041, 1, 1041, 204487, 4, 1, 181738, 11, 3
298666, , , 116.8, 0, 0, 0, 0, 9, 0, 259344, , 
30152, 1241881759898, 1241882016282, 0, 179, 1, 178, 0, 4, 0, 40683, 6, 4
306627, 1241865502777, 1241865508911, 0, 0, 0, 0, 0, 0, 0, 339642, 3, 0
307471, , , 50.849999999999994, 0, 0, 0, 0, 7, 11, 12, , 
311622, 1241868900110, 1241870270160, 0, 433, 4, 98.25, 0, 0, 0, 526836, 1, 
31590, 1241860952753, 1241864466739, 69, 1769, 8, 266.5, 0, 4, 1, 155376, 4, 0
317041, 1241881367800, 1241881728399, 0, 0, 0, 0, 0, 0, 0, 503, 2, 0
317383, , , 145.15000000000003, 0, 0, 0, 0, 1, 4, 344937, , 
3200, 1241875166985, 1241879157239, 0, 2455, 5, 361.4, 71724, 37, 22, 223864, 14, 2
321365, , , 31.650000000000002, 0, 0, 0, 0, 3, 1, 317371, , 
32169, 1241857683809, 1241857725055, 0, 2081, 4, 533.5, 219, 8, 0, 10260, 14, 5
323132, , , 16.400000000000002, 0, 0, 0, 0, 4, 3, 217283, , 
32314, 1241862778474, 1241863175697, 0, 0, 0, 0, 635003, 10, 14, 40508, 13, 2
323949, 1241863554849, 1241863590733, 0, 0, 0, 0, 0, 0, 0, 49732, 1, 0
325853, 1241875277592, 1241876600014, 63.8, 1649, 17, 92.94117647058823, 0, 2, 0, 92600, 3, 2
326885, , , 4.2, 0, 0, 0, 0, 2, 4, 68619, , 
32781, 1241874348721, 1241875621024, 0, 667, 5, 123.4, 0, 0, 0, 1032421, 2, 0
3329, 1241873978560, 1241874674631, 0, 473, 4, 120.5, 0, 0, 0, 0, 1, 
333531, , , 28.900000000000002, 0, 0, 0, 0, 1, 0, 307471, , 
333654, 1241874657434, 1241875560299, 0, 236, 2, 113.5, 0, 0, 0, 59149, 4, 0
334835, , , 480.19999999999993, 0, 0, 0, 0, 2, 6, 143501, , 
336228, , , 25.75, 0, 0, 0, 0, 2, 17, 307471, , 
336524, 1241868283432, , 88.69999999999999, 9604, 26, 475.61538461538464, 988642, 35, 6, 195736, 12, 2
336620, 1241874828447, 1241877791665, 0, 513, 4, 126.25, 0, 0, 0, 157713, 2, 
3383, 1241876535122, 1241877592592, 0, 6250, 10, 483.4, 8842, 6, 10, 12791, 16, 2
33918, 1241875720687, 1241875995117, 0, 0, 0, 0, 0, 0, 0, 123249, 2, 0
3414, 1241873783454, , 0, 396, 3, 117.66666666666667, 0, 0, 0, 20718, 1, 0
34987, , , 136.70000000000002, 0, 0, 0, 0, 1, 11, 8842, , 
351430, , , 51.5, 0, 0, 0, 0, 14, 19, 336228, , 
35568, , , 265.09999999999997, 0, 0, 0, 0, 3, 32, 258951, , 
359367, 1241861427704, 1241861593284, 0, 0, 0, 0, 0, 0, 0, 0, 1, 
363519, 1241881928664, , 0, 599, 5, 131, 0, 0, 0, 90041, 1, 0
369681, , , 19.15, 0, 0, 0, 0, 1, 1, 1704, , 
369806, , , 28.500000000000004, 0, 0, 0, 0, 1, 1, 204487, , 
370341, 1241881184365, 1241881423338, 0, 42, 1, 51, 0, 1, 10, 326885, 3, 0
372783, , , 39.55, 0, 0, 0, 0, 1, 2, 50669, , 
373583, , , 61.60000000000001, 0, 0, 0, 0, 1, 0, 413254, , 
37694, 1241868728329, 1241869065240, 0, 79, 1, 79, 0, 0, 0, 0, 1, 
379215, 1241874337064, 1241874646936, 0, 105, 1, 84, 0, 1, 0, 420377, 3, 0
383249, 1241879815278, 1241880057716, 0, 115, 1, 91, 0, 4, 1, 193978, 5, 1
383387, , , 985.6, 0, 0, 0, 0, 7, 57, 0, , 
3865, , , 68.9, 0, 0, 0, 0, 2, 1, 112602, , 
387114, , , 95.15000000000002, 0, 0, 0, 0, 2, 3, 104034, , 
388185, , , 8.950000000000001, 0, 0, 0, 0, 1, 1, 12770, , 
390995, , , 11.05, 0, 0, 0, 0, 2, 2, 388615, , 
392522, 1241877444958, 1241877708249, 20.700000000000003, 419, 3, 119, 0, 2, 0, 217283, 2, 
394001, , , 63.300000000000004, 0, 0, 0, 0, 1, 2, 321365, , 
39403, , , 28.500000000000004, 0, 0, 0, 0, 5, 2, 130627, , 
396113, , , 28.700000000000003, 0, 0, 0, 0, 2, 11, 44987, , 
397835, , , 176.15, 0, 0, 0, 0, 5, 35, 47379, , 
4012, 1241877212840, , 0, 689, 4, 215, 3865, 1, 0, 3865, 5, 2
402469, 1241860643057, 1241864696170, 0, 423, 5, 87.8, 0, 3, 0, 407374, 3, 4
40683, , , 17.900000000000002, 0, 0, 0, 0, 1, 4, 388185, , 
407374, , , 42.3, 0, 0, 0, 0, 1, 3, 28294, , 
408501, , , 107.20000000000002, 0, 0, 0, 0, 8, 22, 637936, , 
412029, 1241867461613, 1241867466312, 0, 0, 0, 0, 0, 1, 0, 178650, 3, 1
413254, , , 30.800000000000004, 0, 0, 0, 0, 4, 1, 8401, , 
4139, 1241882513869, , 0, 17760, 39, 493.53846153846155, 44987, 25, 23, 713, 19, 3
415271, 1241865662924, 1241865983706, 0, 125, 1, 146, 0, 11, 3, 66689, 4, 0
417202, 1241879213739, 1241879561852, 0, 2820, 15, 152.2, 0, 0, 0, 57395, 4, 0
417315, , , 6.7, 0, 0, 0, 0, 5, 0, 12791, , 
421572, 1241875951737, 1241878511640, 0, 1168, 10, 85, 0, 0, 0, 298666, 3, 0
43017, 1241881899456, 1241881916427, 0, 0, 0, 0, 58859, 1, 2, 339818, 9, 2
430717, , , 16.6, 0, 0, 0, 0, 30, 0, 256746, , 
432820, , , 16.6, 0, 0, 0, 0, 4, 0, 181264, , 
43402, , , 82.45, 0, 0, 0, 0, 12, 17, 123961, , 
437430, 1241861946751, 1241862525094, 0, 67, 1, 133, 0, 0, 0, 417315, 3, 0
438480, 1241873308081, 1241873333617, 0, 0, 0, 0, 0, 0, 0, 0, 1, 
438751, , , 639.2, 0, 0, 0, 0, 20, 8, 210163, , 
43915, 1241880245104, 1241881055403, 0, 642, 3, 128, 0, 0, 0, 61984, 3, 0
447249, , , 25.55, 0, 0, 0, 0, 9, 2, 199427, , 
44987, 1241876071775, 1241880971660, 34.45, 19549, 39, 566.820512820513, 4139, 19, 18, 12770, 15, 2
453, 1241873245778, 1241874230216, 0, 2987, 4, 529.5, 1043, 2, 0, 878, 11, 2
468188, 1241872881193, 1241873471660, 0, 515, 3, 218.33333333333334, 0, 19, 5, 351430, 7, 17
47379, 1241874058866, 1241874148238, 114.45, 1355, 4, 391.25, 0, 5, 5, 54776, 6, 1
478092, 1241867366168, 1241867590903, 0, 0, 0, 0, 0, 0, 0, 0, 1, 
497122, 1241871721751, 1241873670439, 261.95000000000005, 1725, 4, 499.5, 0, 15, 11, 82321, 9, 12
503, , , 305.6, 0, 0, 0, 0, 5, 2, 12, , 
505544, , , 19, 0, 0, 0, 0, 3, 0, 211715, , 
510740, , , 106.5, 0, 0, 0, 0, 70, 3, 534632, , 
523528, 1241858443930, 1241858514548, 0, 0, 0, 0, 0, 0, 0, 0, 1, 0
526836, 1241870801258, 1241871542416, 125.89999999999999, 1903, 14, 126.85714285714286, 0, 5, 0, 93856, 3, 
53030, , , 38.2, 0, 0, 0, 0, 10, 0, 122907, , 
533, 1241863714804, 1241865083795, 116, 10134, 20, 601, 535, 10, 11, 20260, 14, 2
543213, 1241877731749, 1241879672579, 0, 309, 4, 108.75, 0, 0, 0, 575140, 2, 0
54322, 1241868583576, 1241868771664, 0, 0, 0, 0, 0, 0, 0, 0, 1, 0
543921, , , 55.400000000000006, 0, 0, 0, 0, 8, 0, 1092321, , 
546231, 1241881290731, 1241881866696, 0, 0, 0, 0, 0, 4, 0, 171513, 3, 4
54776, 1241879601410, 1241881868654, 523.9499999999999, 5908, 14, 528.7857142857143, 1062, 82, 36, 89757, 16, 3
54786, 1241882100981, , 0, 166, 2, 77, 0, 0, 0, 432820, 1, 0
554580, 1241867178868, 1241867190635, 0, 0, 0, 0, 0, 0, 0, 634607, 1, 
561926, 1241866179887, 1241866204478, 0, 0, 0, 0, 0, 0, 0, 0, 1, 
57393, , , 111.15, 0, 0, 0, 0, 6, 77, 159420, , 
57395, , , 290.30000000000007, 0, 0, 0, 0, 4, 0, 317383, , 
575140, , , 30.900000000000002, 0, 0, 0, 0, 2, 0, 603011, , 
57717, , , 86.25, 0, 0, 0, 0, 4, 7, 110178, , 
57748, 1241874995108, 1241878236070, 0, 714, 2, 271.5, 0, 6, 1, 1192337, 4, 
57863, 1241869571479, 1241869958637, 0, 554, 4, 140.5, 0, 0, 0, 543921, 2, 0
5842, , , 16.6, 0, 0, 0, 0, 13, 18, 344937, , 
58429, , , 1039.95, 0, 0, 0, 0, 7, 6, 10642, , 
58859, 1241857632746, 1241858004921, 248.5, 287, 1, 287, 43017, 11, 23, 396113, 15, 2
59149, , , 23.6, 0, 0, 0, 0, 3, 0, 211935, , 
596892, 1241875937393, , 0, 570, 4, 141.75, 0, 0, 0, 606163, 3, 0
597194, 1241869407340, 1241869439181, 0, 0, 0, 0, 0, 0, 0, 0, 1, 
603011, , , 15.450000000000001, 0, 0, 0, 0, 5, 2, 562788, , 
606163, , , 57.00000000000001, 0, 0, 0, 0, 1, 0, 369806, , 
61045, , , 32.1, 0, 0, 0, 0, 7, 3, 74372, , 
612389, 1241877095788, 1241878080874, 0, 616, 4, 140.5, 0, 0, 0, 373583, 2, 
616423, 1241879436312, 1241880428137, 910.6500000000002, 5907, 18, 351.72222222222223, 0, 6, 2, 58429, 4, 
61984, , , 64.2, 0, 0, 0, 0, 3, 5, 61045, , 
622795, 1241865355202, 1241866654393, 0, 2129, 7, 187.42857142857142, 0, 0, 0, 135526, 2, 
622935, 1241864230334, 1241864271143, 0, 0, 0, 0, 0, 0, 0, 32654, 2, 
624632, 1241868617899, 1241869373468, 0, 190, 2, 92.5, 0, 0, 0, 505544, 2, 
625047, 1241871794600, , 0, 0, 0, 0, 0, 0, 0, 0, 1, 0
62700, 1241882737256, 1241882856271, 0, 0, 0, 0, 0, 0, 0, 126033, 4, 0
628527, 1241869925774, 1241870234579, 0, 0, 0, 0, 0, 1, 0, 1044730, 3, 
631410, 1241876911581, 1241877134064, 0, 0, 0, 0, 0, 0, 0, 0, 1, 
634607, 1241876523604, 1241878734296, 0, 1275, 7, 190.71428571428572, 0, 3, 3, 54776, 4, 1
637936, , , 53.60000000000001, 0, 0, 0, 0, 3, 8, 217283, , 
640929, 1241878717336, 1241879271492, 0, 166, 1, 109, 0, 0, 0, 430717, 2, 
646018, 1241868259350, 1241869932573, 123.75000000000003, 5229, 25, 203, 0, 1, 2, 1010692, 4, 
66689, , , 12.5, 0, 0, 0, 0, 4, 11, 124585, , 
677, 1241866062001, 1241866175861, 0, 0, 0, 0, 621, 0, 0, 621, 4, 0
680830, 1241869366883, 1241869772339, 0, 106, 1, 106, 0, 0, 0, 15959, 1, 
68619, , , 2.1, 0, 0, 0, 0, 2, 10, 12770, , 
69030, 1241879916939, 1241879991867, 0, 0, 0, 0, 0, 0, 0, 160776, 2, 0
69453, 1241878837385, 1241879456695, 55.099999999999994, 962, 8, 114, 0, 2, 0, 646018, 2, 
703094, 1241875273846, 1241876051616, 0, 382, 2, 205.5, 0, 0, 0, 53030, 4, 
70997, 1241880683685, 1241881810945, 366.75, 1235, 4, 508, 1010692, 35, 36, 397835, 12, 3
713, 1241856893870, 1241857451644, 1911.5, 0, 0, 0, 1265, 11, 79, 12, 19, 6
717050, 1241882974568, , 0, 0, 0, 0, 0, 0, 0, 0, 1, 0
71724, , , 11.9, 0, 0, 0, 0, 22, 0, 94103, , 
75123, , , 12.8, 0, 0, 0, 0, 14, 14, 2843, , 
75208, 1241870065353, 1241870781252, 0, 463, 5, 98, 0, 0, 0, 526836, 1, 
77, 1241879323264, 1241879342384, 0, 0, 0, 0, 171151, 11, 2, 12770, 14, 2
772113, , , 213, 0, 0, 0, 0, 1, 1, 510740, , 
775158, , , 64.55, 0, 0, 0, 0, 1, 10, 929303, , 
790778, 1241879484430, 1241879518320, 0, 0, 0, 0, 0, 0, 0, 0, 1, 
798148, 1241856352905, 1241856497936, 0, 0, 0, 0, 24814, 4, 0, 32314, 6, 3
80094, 1241872400377, 1241873788652, 0, 1053, 4, 287.5, 65812, 10, 1, 70997, 6, 4
813096, 1241879621145, 1241881900997, 0, 2734, 8, 226.5, 0, 0, 0, 120076, 3, 
82321, , , 261.45, 0, 0, 0, 0, 6, 30, 57717, , 
836050, 1241882731946, , 0, 524, 1, 855, 592692, 14, 6, 113237, 8, 2
840880, 1241881013160, 1241881135876, 0, 0, 0, 0, 0, 0, 0, 0, 1, 
841820, 1241876718292, 1241876785428, 0, 0, 0, 0, 0, 0, 0, 0, 1, 
8527, 1241856685838, 1241858383986, 0, 3056, 6, 440.1666666666667, 10260, 2, 0, 503, 13, 2
859282, 1241875446098, 1241877982161, 0, 537, 5, 105.2, 0, 0, 0, 261716, 3, 
86614, , , 26.4, 0, 0, 0, 0, 1, 0, 1892, , 
878, , , 298.7, 0, 0, 0, 0, 8, 11, 123961, , 
879079, , , 98.00000000000001, 0, 0, 0, 0, 2, 2, 196543, , 
88523, 1241879003076, 1241879231667, 0, 83, 1, 83, 0, 0, 0, 57395, 1, 0
89757, , , 839.6, 0, 0, 0, 0, 3, 82, 20260, , 
90041, , , 85.7, 0, 0, 0, 0, 10, 10, 258951, , 
90539, 1241882715491, 1241882738488, 0, 0, 0, 0, 0, 0, 0, 8938, 3, 0
906606, 1241858822551, 1241858856512, 0, 0, 0, 0, 0, 0, 0, 0, 1, 
92600, , , 196.8, 0, 0, 0, 0, 1, 2, 43402, , 
933139, 1241878241518, 1241878684125, 0, 192, 1, 75, 0, 0, 0, 261567, 1, 
93856, , , 253.25000000000003, 0, 0, 0, 0, 3, 5, 387114, , 
940147, 1241881497422, 1241881520291, 0, 0, 0, 0, 0, 0, 0, 0, 1, 
94103, , , 5.95, 0, 0, 0, 0, 1, 22, 223494, , 
94819, , , 33.2, 0, 0, 0, 0, 2, 0, 5842, , 
968, 1241856188627, 1241858128189, 0, 0, 0, 0, 0, 5, 3, 1704, 11, 2
97571, 1241879308525, 1241879663489, 0, 252, 1, 181, 0, 0, 0, 157645, 3, 0
988642, 1241866930692, , 0, 6392, 15, 426.06666666666666, 336524, 8, 0, 438751, 8, 2
990799, , , 33.35, 0, 0, 0, 0, 5, 12, 836417, , 
993774, 1241867959034, 1241868191677, 0, 0, 0, 0, 0, 0, 0, 63415, 1, 
99387, 1241878623335, 1241878831854, 0, 0, 0, 0, 0, 0, 0, 135886, 1, 
998652, , , 25.950000000000003, 0, 0, 0, 0, 3, 21, 990799, , 
<<<<EndTable

PlayersOnlineNow=22
PlayersOnlineEachMinute=0, 3, 6, 4, 7, 7, 7, 7, 7, 6, 7, 7, 7, 8, 8, 9, 10, 10, 11, 10, 10, 11, 12, 12, 12, 11, 11, 10, 11, 10, 9, 10, 10, 8, 7, 7, 8, 8, 9, 10, 8, 9, 9, 8, 9, 9, 8, 8, 9, 8, 9, 9, 9, 9, 10, 12, 12, 13, 12, 12, 11, 13, 12, 12, 12, 12, 10, 11, 11, 11, 10, 9, 10, 10, 11, 11, 11, 11, 11, 12, 12, 11, 11, 13, 14, 12, 13, 13, 13, 13, 14, 17, 14, 15, 13, 13, 12, 14, 14, 14, 16, 16, 15, 14, 13, 12, 12, 12, 11, 9, 11, 10, 10, 11, 12, 12, 11, 10, 11, 12, 10, 10, 10, 11, 11, 10, 9, 10, 10, 13, 12, 12, 12, 12, 14, 15, 15, 14, 14, 15, 16, 16, 13, 15, 13, 13, 11, 9, 11, 11, 12, 11, 11, 11, 10, 11, 11, 11, 12, 13, 12, 12, 13, 15, 15, 15, 15, 14, 15, 14, 12, 11, 9, 9, 9, 10, 10, 12, 11, 10, 10, 9, 9, 10, 10, 10, 10, 10, 12, 12, 13, 12, 12, 11, 9, 9, 11, 11, 11, 12, 11, 12, 12, 13, 11, 12, 11, 13, 13, 12, 15, 17, 17, 16, 16, 16, 18, 18, 15, 17, 18, 16, 16, 17, 18, 16, 16, 16, 18, 17, 15, 16, 15, 13, 14, 15, 15, 14, 12, 11, 9, 9, 10, 10, 12, 12, 12, 12, 12, 12, 12, 10, 10, 11, 12, 12, 12, 13, 14, 12, 11, 11, 10, 11, 11, 11, 11, 11, 11, 12, 11, 11, 11, 11, 13, 13, 11, 13, 14, 15, 13, 13, 14, 17, 17, 17, 18, 17, 18, 18, 19, 17, 16, 17, 17, 17, 17, 17, 17, 17, 19, 20, 21, 22, 22, 25, 28, 25, 24, 23, 23, 22, 23, 23, 21, 21, 21, 21, 21, 22, 22, 23, 24, 25, 28, 27, 28, 27, 27, 29, 28, 26, 30, 31, 31, 30, 27, 26, 26, 26, 25, 23, 21, 22, 21, 21, 22, 23, 24, 25, 25, 23, 24, 25, 27, 27, 28, 29, 31, 28, 27, 28, 26, 27, 25, 26, 26, 24, 25, 25, 25, 24, 25, 24, 26, 29, 26, 27, 26, 25, 26, 24, 24, 25, 24, 23, 24, 26, 24, 26, 25, 24, 24, 21, 23, 21, 21, 23, 24, 23, 22, 22, 20, 21, 19, 19, 19, 19, 19, 19, 19, 19, 20, 20, 19, 20, 20, 22, 22, 21, 22, 21, 22, 22, 21, 21, 22, 22, 22, 22, 23, 23, 22, 19, 16, 15, 15, 16, 15, 16, 16, 18, 18, 18, 19, 18, 20, 22, 20, 20
PlayersInEachFeedingGame=1, 1, 2, 1, 1, 1, 1, 2, 2, 1, 2, 2, 2, 2, 1, 1, 2, 2, 2, 2, 2, 1, 1, 2, 1, 2, 1, 1, 1, 2, 2, 2, 2, 2, 1, 2, 1, 2, 2, 2, 2, 2, 2, 2, 2, 1, 2, 2, 2, 2, 2, 2, 1, 2, 2, 1, 1, 2, 1, 1, 2, 1, 2, 1, 2, 1, 1, 1, 1, 1, 1, 1, 2, 1, 1, 1, 2, 2, 1, 2, 2, 2, 1, 2, 1, 2, 2, 2, 2, 1, 2, 2, 1, 2, 4, 1, 2, 2, 1, 2, 2, 1, 2, 2, 2, 2, 2, 2, 2, 2, 2, 2, 2, 2, 2, 2, 2, 2, 2, 2, 2, 1, 2, 1, 2, 2, 2, 2, 2, 2, 1, 2, 1, 2, 1, 2, 3, 1, 1, 1, 1, 1, 1, 1, 1, 1, 1, 1, 1, 2, 1, 1, 2, 2, 2, 1, 2, 1, 2, 2, 1, 1, 2, 1, 2, 1, 2, 2, 1, 1, 1, 2, 1, 1, 1, 2, 2, 1, 2, 2, 1, 2, 2, 2, 2, 1, 1, 2, 2, 2, 3, 2, 2, 2, 2, 1, 2, 2, 2, 2, 1, 2, 1, 1, 2, 2, 2, 1, 2, 2, 2, 1, 2, 1, 2, 1, 1, 1, 2, 2, 1, 1, 1, 2, 2, 1, 1, 2, 1, 1, 1, 2, 1, 1, 2, 2, 1, 2, 1, 2, 1, 1, 1, 2, 2, 2, 2, 1, 1, 3, 2, 3, 2, 2, 2, 2, 2, 2, 2, 2, 2, 2, 1, 1, 1, 2, 2, 1, 2, 2, 1, 2, 2, 1, 2, 2, 1, 2, 1, 2, 1, 2, 2, 2, 2, 2, 2, 1, 2, 1, 1, 1, 1, 2, 2, 1, 4, 1, 1, 1, 1, 2, 1, 2, 2, 1, 1, 1, 1, 2, 3, 2, 2, 1, 1, 1, 2, 1, 1, 1, 2, 1, 2, 1, 2, 1, 2, 1, 2, 2, 2, 1, 2, 1, 1, 2, 1, 1, 2, 1, 2, 1, 1, 1, 2, 1, 2, 1, 2, 1, 1, 1, 2, 1, 1
PlayersStarted=474
PlayersQuit=452
StatsStartTime=1241855990477
StatsDumpTime=1241882992473
<<<<EndStats
2009-05-09 08:29:59,714 ERROR: vampire.server.feeding.FeedingRecord sendPlayerStartGameMsg [playerId=156626, prey=false, _predatorIndex=]
2009-05-09 08:30:21,959 ERROR: vampire.server.feeding.FeedingRecord sendPlayerStartGameMsg [playerId=124440, prey=true, _predatorIndex=]
2009-05-09 08:30:21,960 ERROR: vampire.server.feeding.FeedingRecord sendPlayerStartGameMsg [playerId=1107317, prey=false, _predatorIndex=]
2009-05-09 08:30:25,178 ERROR: vampire.server.feeding.FeedingRecord sendPlayerStartGameMsg [playerId=192093, prey=false, _predatorIndex=1107317]
2009-05-09 08:31:35,646 ERROR: vampire.server.feeding.FeedingRecord sendPlayerStartGameMsg [playerId=836050, prey=true, _predatorIndex=]
2009-05-09 08:31:35,646 ERROR: vampire.server.feeding.FeedingRecord sendPlayerStartGameMsg [playerId=103033, prey=false, _predatorIndex=]
2009-05-09 08:31:36,847 ERROR: vampire.server.feeding.FeedingRecord sendPlayerStartGameMsg [playerId=1255018, prey=false, _predatorIndex=]
2009-05-09 08:31:52,435 ERROR: vampire.server.feeding.FeedingRecord sendPlayerStartGameMsg [playerId=62700, prey=false, _predatorIndex=]
2009-05-09 08:32:12,881 ERROR: vampire.server.feeding.FeedingRecord sendPlayerStartGameMsg [playerId=1377527, prey=false, _predatorIndex=1107317,192093]
2009-05-09 08:32:29,812 ERROR: vampire.server.feeding.FeedingRecord sendPlayerStartGameMsg [playerId=4012, prey=true, _predatorIndex=]
2009-05-09 08:32:29,813 ERROR: vampire.server.feeding.FeedingRecord sendPlayerStartGameMsg [playerId=1377527, prey=false, _predatorIndex=]
2009-05-09 08:32:31,707 ERROR: vampire.server.feeding.FeedingRecord sendPlayerStartGameMsg [playerId=156626, prey=false, _predatorIndex=1377527]
2009-05-09 08:32:43,570 ERROR: vampire.server.feeding.FeedingRecord sendPlayerStartGameMsg [playerId=163610, prey=true, _predatorIndex=]
2009-05-09 08:32:43,571 ERROR: vampire.server.feeding.FeedingRecord sendPlayerStartGameMsg [playerId=1156910, prey=false, _predatorIndex=]
2009-05-09 08:33:07,593 ERROR: vampire.server.feeding.FeedingRecord sendPlayerStartGameMsg [playerId=383249, prey=false, _predatorIndex=]
2009-05-09 08:33:52,447 ERROR: vampire.server.feeding.FeedingRecord sendPlayerStartGameMsg [playerId=1255018, prey=false, _predatorIndex=]
2009-05-09 08:33:56,217 ERROR: vampire.server.feeding.FeedingRecord sendPlayerStartGameMsg [playerId=192093, prey=false, _predatorIndex=1377527,156626]
2009-05-09 08:33:59,981 ERROR: vampire.server.feeding.FeedingRecord sendPlayerStartGameMsg [playerId=1107317, prey=false, _predatorIndex=1156910]

